0: Hall.csv: none: 0, 0
7, 10
8, 20, 108
9, 30, 110
11, 40, 109
12, 50, 101
14, 60, 79
17, 70, 73
22, 80, 82
26, 90, 95
27, 100, 89
29, 110, 75
32, 120, 72
35, 130, 69
40, 140, 76
43, 150, 80
45, 160, 83
49, 170, 85
50, 180, 89
51, 190, 85
54, 200, 79
56, 210, 81
58, 220, 92
60, 230, 86
62, 240, 85
63, 250, 94
65, 260, 89
68, 270, 86
68, 280, 85
68, 290, 85
69, 300, 90
69, 310, 88
70, 320, 89
72, 330, 91
73, 340, 93
73, 350, 94
73, 360, 88
73, 370, 91
73, 380, 89
73, 390, 87
73, 400, 92
73, 410, 86
73, 420, 93
73, 430, 85
73, 440, 85
74, 450, 85
75, 460, 83
75, 470, 85
75, 480, 84
75, 490, 84
75, 500, 84
75, 510, 85
75, 520, 83
75, 530, 85
75, 540, 83
75, 550, 83
75, 560, 84
75, 570, 84
75, 580, 84
75, 590, 83
75, 600, 83
75, 610, 83
75, 620, 82
75, 630, 82
75, 640, 83
75, 650, 83
75, 660, 82
75, 670, 82
75, 680, 82
75, 690, 82
75, 700, 80
76, 710, 81
76, 720, 83
76, 730, 82
76, 740, 82
76, 750, 82
76, 760, 82
76, 770, 82
76, 780, 81
76, 790, 82
76, 800, 82
76, 810, 83
76, 820, 81
77, 830, 81
77, 840, 83
78, 850, 84
78, 860, 84
78, 870, 84
78, 880, 83
78, 890, 84
78, 900, 83
78, 910, 84
78, 920, 83
78, 930, 83
78, 940, 84
78, 950, 84
78, 960, 83
78, 970, 84
78, 980, 83
78, 990, 83
78, 1000, 84
78, 1010, 83
78, 1020, 83
78, 1030, 83
78, 1040, 83
{'count': 1040, 'truepos': 71, 'falseneg': 31, 'correction': 0, 'unknownyes': 2, 'falsepos': 7, 'unique': 1040}
0: Hall.csv: three: 0, 0
5, 10
6, 20, 97
9, 30, 94
10, 40, 94
14, 50, 96
18, 60, 104
23, 70, 97
25, 80, 96
28, 90, 97
30, 100, 94
34, 110, 74
40, 120, 79
43, 130, 91
48, 140, 91
52, 150, 95
54, 160, 93
57, 170, 82
58, 180, 88
59, 190, 91
60, 200, 89
60, 210, 86
63, 220, 81
63, 230, 79
63, 240, 86
64, 250, 79
64, 260, 80
66, 270, 79
66, 280, 90
67, 290, 82
70, 300, 79
70, 310, 82
70, 320, 82
70, 330, 83
71, 340, 82
72, 350, 83
73, 360, 84
74, 370, 84
74, 380, 89
74, 390, 83
74, 400, 83
74, 410, 83
74, 420, 84
74, 430, 83
74, 440, 84
74, 450, 82
74, 460, 83
74, 470, 82
74, 480, 81
74, 490, 80
74, 500, 80
74, 510, 80
74, 520, 81
74, 530, 81
74, 540, 80
74, 550, 79
74, 560, 79
74, 570, 79
74, 580, 79
74, 590, 80
74, 600, 79
74, 610, 78
74, 620, 80
74, 630, 78
74, 640, 79
74, 650, 79
74, 660, 79
75, 670, 78
75, 680, 80
75, 690, 79
75, 700, 80
75, 710, 81
75, 720, 80
75, 730, 80
75, 740, 79
75, 750, 79
75, 760, 79
75, 770, 79
75, 780, 79
75, 790, 80
{'count': 1618, 'truepos': 75, 'falseneg': 28, 'correction': 32, 'unknownyes': 1, 'falsepos': 0, 'unique': 790}
0: Hall.csv: machine: 0, 0
5, 10
6, 20, 101
9, 30, 99
11, 40, 100
12, 50, 100
13, 60, 95
[]
['no' 'no' 'no' 'no' 'yes' 'no' 'yes']
14, 60, 84
17, 70, 84
20, 80, 81
22, 90, 81
26, 100, 72
27, 110, 75
[]
['yes' 'no' 'no' 'no' 'yes' 'yes' 'no' 'no' 'no' 'yes' 'yes' 'yes' 'no'
 'no']
32, 110, 66
34, 120, 67
36, 130, 74
39, 140, 72
42, 150, 66
43, 160, 74
['yes']
['yes' 'no' 'no' 'no' 'yes' 'no' 'no' 'no' 'yes' 'no' 'yes' 'no' 'no' 'no'
 'no' 'no' 'yes' 'no' 'no' 'yes' 'no' 'no' 'no' 'no' 'no' 'yes' 'no' 'no'
 'no' 'no' 'no' 'no' 'no' 'no' 'no' 'no' 'no' 'no' 'no' 'no' 'no' 'no'
 'no' 'no' 'no' 'no' 'yes' 'no' 'no' 'no']
49, 160, 70
55, 170, 77
56, 180, 81
57, 190, 87
60, 200, 82
62, 210, 88
['yes']
['no' 'no' 'no' 'no' 'no' 'yes' 'no' 'no' 'no' 'no' 'no' 'no' 'no' 'no'
 'no' 'no' 'yes' 'no' 'yes' 'no' 'no' 'no' 'yes' 'no' 'no' 'yes' 'no' 'no'
 'no' 'no' 'no' 'no' 'no' 'no' 'no' 'no' 'no' 'no' 'no' 'no' 'no' 'no'
 'no' 'no' 'no' 'no' 'no' 'yes' 'no' 'no']
65, 210, 91
66, 220, 100
69, 230, 90
71, 240, 87
72, 250, 90
73, 260, 90
['yes']
['yes' 'yes' 'yes' 'yes' 'no' 'no' 'no' 'no' 'no' 'no' 'no' 'no' 'no' 'no'
 'no' 'yes']
77, 260, 86
79, 270, 92
82, 280, 94
85, 290, 99
87, 300, 100
88, 310, 104
['yes']
['no' 'no' 'no' 'no' 'no' 'yes' 'no' 'no' 'no' 'no' 'no' 'no' 'no' 'no'
 'yes' 'no' 'no' 'no' 'no' 'no']
89, 310, 106
89, 320, 107
89, 330, 103
89, 340, 102
90, 350, 100
90, 360, 103
['yes']
['no']
90, 360, 104
90, 370, 102
92, 380, 100
92, 390, 104
92, 400, 103
94, 410, 101
['no']
['no' 'no' 'no' 'no' 'no']
93, 410, 106
93, 420, 106
93, 430, 104
93, 440, 103
93, 450, 103
93, 460, 102
['yes']
['no' 'no' 'no']
93, 460, 101
93, 470, 100
93, 480, 101
93, 490, 100
93, 500, 100
93, 510, 100
['no']
[]
92, 510, 101
92, 520, 100
92, 530, 98
92, 540, 99
92, 550, 97
94, 560, 98
['no']
['no' 'no']
93, 560, 102
93, 570, 100
93, 580, 100
93, 590, 98
93, 600, 98
93, 610, 98
['no']
['no']
92, 610, 98
92, 620, 97
92, 630, 98
92, 640, 97
92, 650, 97
{'count': 829, 'truepos': 91, 'falseneg': 11, 'correction': 24, 'unknownyes': 2, 'falsepos': 1, 'unique': 650}
0: Hall.csv: knee: 0, 0
3, 10
4, 20
7, 30
9, 40
14, 50
17, 60
18, 70
24, 80
26, 90
28, 100
29, 110
30, 120
34, 130
37, 140
40, 150
42, 160
45, 170
47, 180
49, 190
50, 200
55, 210
57, 220
60, 230
61, 240
63, 250
63, 260
64, 270
66, 280
68, 290
70, 300
70, 310
71, 320
72, 330
72, 340
72, 350
72, 360
73, 370
74, 380
74, 390
74, 400
74, 410
74, 420
74, 430
74, 440
74, 450
75, 460
75, 470
76, 480
77, 490
77, 500
77, 510
77, 520
77, 530
77, 540
77, 550
{'count': 787, 'truepos': 87, 'falseneg': 15, 'correction': 19, 'unknownyes': 2, 'falsepos': 5, 'unique': 550}
0: Wahono.csv: none: 0, 0
6, 10
6, 20, 102
8, 30, 92
11, 40, 88
12, 50, 84
14, 60, 71
15, 70, 57
15, 80, 44
16, 90, 40
16, 100, 41
16, 110, 39
18, 120, 39
20, 130, 42
21, 140, 49
21, 150, 45
21, 160, 43
23, 170, 42
25, 180, 45
27, 190, 46
28, 200, 48
29, 210, 47
29, 220, 49
29, 230, 46
30, 240, 45
30, 250, 48
30, 260, 46
30, 270, 44
30, 280, 46
31, 290, 42
31, 300, 44
32, 310, 44
32, 320, 45
32, 330, 45
32, 340, 42
34, 350, 44
34, 360, 50
34, 370, 52
35, 380, 49
36, 390, 50
36, 400, 53
36, 410, 51
36, 420, 49
36, 430, 53
36, 440, 52
37, 450, 47
38, 460, 48
38, 470, 51
38, 480, 53
38, 490, 47
40, 500, 48
41, 510, 52
41, 520, 55
41, 530, 49
41, 540, 52
41, 550, 54
41, 560, 52
41, 570, 49
41, 580, 50
41, 590, 55
41, 600, 48
41, 610, 50
42, 620, 52
42, 630, 50
43, 640, 51
44, 650, 51
44, 660, 52
45, 670, 51
46, 680, 52
46, 690, 53
46, 700, 53
47, 710, 52
47, 720, 55
47, 730, 55
47, 740, 54
47, 750, 53
47, 760, 54
47, 770, 53
48, 780, 53
48, 790, 54
48, 800, 54
48, 810, 54
48, 820, 54
48, 830, 54
48, 840, 53
48, 850, 54
48, 860, 54
48, 870, 53
48, 880, 53
48, 890, 53
48, 900, 53
48, 910, 53
48, 920, 52
48, 930, 52
48, 940, 52
48, 950, 53
48, 960, 52
48, 970, 52
48, 980, 53
48, 990, 52
48, 1000, 52
48, 1010, 52
48, 1020, 52
48, 1030, 52
48, 1040, 52
48, 1050, 52
48, 1060, 51
48, 1070, 52
48, 1080, 53
48, 1090, 51
48, 1100, 52
48, 1110, 52
48, 1120, 52
49, 1130, 51
49, 1140, 53
49, 1150, 54
49, 1160, 53
49, 1170, 53
49, 1180, 52
49, 1190, 53
49, 1200, 53
49, 1210, 53
49, 1220, 52
49, 1230, 53
49, 1240, 53
49, 1250, 53
50, 1260, 52
50, 1270, 53
50, 1280, 53
51, 1290, 53
51, 1300, 54
51, 1310, 55
51, 1320, 54
51, 1330, 55
51, 1340, 54
51, 1350, 54
51, 1360, 55
51, 1370, 55
51, 1380, 54
51, 1390, 54
51, 1400, 54
51, 1410, 54
51, 1420, 54
51, 1430, 54
51, 1440, 54
51, 1450, 54
51, 1460, 54
51, 1470, 54
51, 1480, 54
51, 1490, 54
51, 1500, 54
51, 1510, 54
{'count': 1510, 'truepos': 47, 'falseneg': 13, 'correction': 0, 'unknownyes': 2, 'falsepos': 4, 'unique': 1510}
0: Wahono.csv: three: 0, 0
6, 10
6, 20, 100
8, 30, 96
10, 40, 104
10, 50, 96
11, 60, 66
12, 70, 59
14, 80, 46
14, 90, 44
15, 100, 43
16, 110, 43
19, 120, 44
19, 130, 45
19, 140, 43
20, 150, 42
21, 160, 44
21, 170, 43
21, 180, 43
22, 190, 43
23, 200, 44
24, 210, 46
24, 220, 47
25, 230, 46
27, 240, 47
28, 250, 47
28, 260, 48
29, 270, 48
29, 280, 48
29, 290, 48
30, 300, 48
31, 310, 44
31, 320, 51
31, 330, 44
31, 340, 43
31, 350, 44
31, 360, 41
31, 370, 42
32, 380, 42
32, 390, 45
34, 400, 44
34, 410, 47
35, 420, 45
35, 430, 49
36, 440, 51
36, 450, 53
36, 460, 49
37, 470, 47
37, 480, 50
37, 490, 49
37, 500, 53
37, 510, 52
37, 520, 52
38, 530, 48
38, 540, 49
38, 550, 51
39, 560, 48
40, 570, 48
41, 580, 50
42, 590, 51
42, 600, 52
42, 610, 52
43, 620, 52
43, 630, 52
43, 640, 50
43, 650, 51
43, 660, 52
43, 670, 51
43, 680, 51
43, 690, 52
44, 700, 50
44, 710, 52
44, 720, 53
44, 730, 52
44, 740, 52
44, 750, 51
44, 760, 51
44, 770, 50
44, 780, 52
44, 790, 51
44, 800, 52
44, 810, 51
44, 820, 51
44, 830, 50
44, 840, 51
44, 850, 50
44, 860, 50
44, 870, 49
44, 880, 50
44, 890, 50
44, 900, 50
44, 910, 51
44, 920, 48
44, 930, 51
44, 940, 49
44, 950, 49
44, 960, 50
44, 970, 49
44, 980, 49
44, 990, 48
44, 1000, 49
45, 1010, 49
45, 1020, 50
45, 1030, 49
45, 1040, 50
45, 1050, 49
45, 1060, 49
45, 1070, 49
45, 1080, 48
45, 1090, 49
45, 1100, 50
45, 1110, 49
45, 1120, 49
45, 1130, 49
45, 1140, 50
45, 1150, 49
45, 1160, 49
45, 1170, 50
45, 1180, 48
46, 1190, 49
46, 1200, 49
47, 1210, 49
47, 1220, 50
47, 1230, 51
47, 1240, 50
47, 1250, 50
47, 1260, 50
47, 1270, 50
47, 1280, 50
47, 1290, 50
47, 1300, 50
47, 1310, 50
47, 1320, 51
47, 1330, 50
47, 1340, 50
47, 1350, 50
47, 1360, 50
47, 1370, 50
47, 1380, 50
47, 1390, 50
47, 1400, 50
{'count': 2834, 'truepos': 47, 'falseneg': 14, 'correction': 26, 'unknownyes': 1, 'falsepos': 0, 'unique': 1400}
0: Wahono.csv: machine: 0, 0
3, 10
4, 20, 97
7, 30, 88
7, 40, 86
11, 50, 53
11, 60, 69
[]
['no' 'yes' 'no' 'no' 'no' 'yes' 'no' 'no']
13, 60, 54
14, 70, 56
15, 80, 51
15, 90, 49
15, 100, 47
15, 110, 45
[]
['no' 'no']
15, 110, 45
15, 120, 45
16, 130, 45
16, 140, 46
16, 150, 45
16, 160, 45
[]
['yes']
17, 160, 45
18, 170, 46
18, 180, 49
18, 190, 47
19, 200, 48
22, 210, 49
[]
['no' 'no' 'no' 'no' 'no' 'no' 'no' 'no' 'no' 'yes' 'no' 'no' 'no' 'no']
23, 210, 54
24, 220, 57
24, 230, 58
25, 240, 53
25, 250, 53
25, 260, 52
['yes']
['yes' 'no' 'no' 'no' 'no']
26, 260, 51
26, 270, 51
26, 280, 49
28, 290, 49
29, 300, 51
30, 310, 50
['no']
['no' 'no' 'no' 'no' 'no' 'no' 'no' 'no' 'no' 'no' 'no' 'no' 'no' 'no'
 'yes' 'no' 'no' 'no' 'no' 'no' 'no' 'no' 'no' 'no' 'no' 'no' 'no' 'no'
 'no' 'no' 'no' 'no' 'no' 'no' 'no' 'no' 'no' 'no' 'no' 'no' 'no' 'no'
 'no']
30, 310, 48
30, 320, 46
31, 330, 44
31, 340, 44
32, 350, 44
34, 360, 45
['yes']
['no' 'no' 'yes' 'no' 'no' 'no' 'no' 'yes' 'no' 'no' 'no' 'no' 'no' 'no'
 'no' 'no' 'no']
35, 360, 46
37, 370, 48
37, 380, 54
37, 390, 51
38, 400, 51
38, 410, 52
['yes']
['no' 'yes' 'no' 'no' 'no' 'no' 'no' 'yes' 'yes' 'no' 'no' 'no' 'yes' 'no'
 'no' 'no' 'no']
40, 410, 48
40, 420, 54
42, 430, 55
42, 440, 54
42, 450, 56
42, 460, 57
['yes']
['no' 'no' 'no' 'no' 'no' 'no' 'no' 'no' 'no' 'no' 'no' 'no']
41, 460, 53
41, 470, 54
41, 480, 53
41, 490, 53
42, 500, 51
42, 510, 50
['yes']
['no' 'no' 'no' 'no' 'no' 'no']
42, 510, 51
42, 520, 52
42, 530, 49
42, 540, 51
42, 550, 50
43, 560, 50
['yes']
['no' 'no' 'no' 'no' 'yes' 'no']
42, 560, 52
42, 570, 49
42, 580, 49
42, 590, 50
42, 600, 50
42, 610, 48
['yes']
['no' 'no' 'no' 'no' 'no']
42, 610, 50
42, 620, 50
42, 630, 48
42, 640, 48
42, 650, 50
42, 660, 47
['yes']
[]
42, 660, 49
42, 670, 49
42, 680, 48
42, 690, 47
42, 700, 48
42, 710, 49
['yes']
[]
42, 710, 48
42, 720, 48
42, 730, 46
42, 740, 46
42, 750, 47
42, 760, 47
['yes']
['no' 'no']
42, 760, 46
42, 770, 46
42, 780, 47
42, 790, 47
42, 800, 46
42, 810, 46
['yes']
[]
42, 810, 46
42, 820, 46
43, 830, 45
43, 840, 48
43, 850, 47
43, 860, 47
['yes']
['no']
43, 860, 48
43, 870, 47
43, 880, 47
43, 890, 47
43, 900, 47
44, 910, 47
['no']
['no' 'no']
43, 910, 48
43, 920, 47
43, 930, 47
44, 940, 46
44, 950, 48
44, 960, 48
['yes']
['no' 'no' 'no' 'no' 'no']
44, 960, 48
44, 970, 48
44, 980, 48
44, 990, 47
44, 1000, 47
44, 1010, 47
['yes']
['no']
43, 1010, 47
43, 1020, 46
43, 1030, 46
43, 1040, 46
43, 1050, 46
43, 1060, 46
['yes']
['no' 'no' 'no' 'no' 'yes']
44, 1060, 46
44, 1070, 47
44, 1080, 47
44, 1090, 47
44, 1100, 47
44, 1110, 47
['yes']
[]
43, 1110, 47
44, 1120, 46
44, 1130, 47
44, 1140, 47
44, 1150, 47
44, 1160, 47
['no']
['yes' 'no' 'no' 'no' 'no' 'no' 'no']
{'count': 1330, 'truepos': 42, 'falseneg': 16, 'correction': 14, 'unknownyes': 4, 'falsepos': 2, 'unique': 1160}
0: Wahono.csv: knee: 0, 0
5, 10
6, 20
7, 30
9, 40
9, 50
11, 60
11, 70
12, 80
12, 90
14, 100
15, 110
15, 120
17, 130
18, 140
19, 150
19, 160
19, 170
19, 180
20, 190
22, 200
24, 210
24, 220
24, 230
25, 240
26, 250
27, 260
27, 270
27, 280
29, 290
29, 300
29, 310
29, 320
30, 330
30, 340
31, 350
32, 360
32, 370
33, 380
33, 390
34, 400
34, 410
34, 420
34, 430
34, 440
34, 450
34, 460
35, 470
35, 480
35, 490
35, 500
35, 510
35, 520
36, 530
36, 540
36, 550
36, 560
37, 570
37, 580
38, 590
38, 600
38, 610
38, 620
38, 630
38, 640
39, 650
39, 660
39, 670
39, 680
39, 690
39, 700
39, 710
39, 720
39, 730
39, 740
40, 750
40, 760
40, 770
40, 780
40, 790
40, 800
40, 810
40, 820
40, 830
40, 840
40, 850
40, 860
40, 870
40, 880
40, 890
40, 900
{'count': 1272, 'truepos': 50, 'falseneg': 9, 'correction': 10, 'unknownyes': 3, 'falsepos': 4, 'unique': 900}
0: Danijel.csv: none: 0, 0
3, 10
3, 20, 122
4, 30, 91
4, 40, 79
5, 50, 53
5, 60, 48
7, 70, 42
9, 80, 42
9, 90, 41
10, 100, 39
11, 110, 40
12, 120, 41
13, 130, 40
14, 140, 40
15, 150, 40
16, 160, 40
18, 170, 40
20, 180, 40
20, 190, 44
21, 200, 41
21, 210, 42
21, 220, 41
22, 230, 41
22, 240, 42
23, 250, 42
23, 260, 42
23, 270, 42
24, 280, 42
24, 290, 42
25, 300, 42
26, 310, 43
27, 320, 44
28, 330, 44
29, 340, 45
29, 350, 45
29, 360, 45
29, 370, 45
29, 380, 46
29, 390, 46
29, 400, 46
29, 410, 46
29, 420, 46
29, 430, 46
29, 440, 46
29, 450, 46
29, 460, 46
30, 470, 46
31, 480, 45
31, 490, 42
31, 500, 45
31, 510, 40
31, 520, 41
31, 530, 39
31, 540, 40
31, 550, 37
31, 560, 38
31, 570, 37
31, 580, 37
31, 590, 39
31, 600, 36
32, 610, 37
32, 620, 37
33, 630, 38
33, 640, 39
33, 650, 41
33, 660, 39
33, 670, 40
33, 680, 40
33, 690, 39
34, 700, 38
34, 710, 40
34, 720, 40
34, 730, 39
34, 740, 39
34, 750, 40
34, 760, 39
34, 770, 39
34, 780, 38
34, 790, 39
34, 800, 39
34, 810, 39
34, 820, 39
34, 830, 39
34, 840, 38
34, 850, 38
34, 860, 39
34, 870, 38
35, 880, 38
35, 890, 39
35, 900, 39
35, 910, 39
35, 920, 38
35, 930, 39
35, 940, 39
35, 950, 38
35, 960, 40
35, 970, 39
35, 980, 39
35, 990, 39
35, 1000, 39
35, 1010, 39
35, 1020, 39
35, 1030, 40
35, 1040, 38
35, 1050, 38
35, 1060, 39
35, 1070, 38
35, 1080, 39
35, 1090, 38
35, 1100, 39
35, 1110, 38
35, 1120, 39
35, 1130, 39
35, 1140, 38
35, 1150, 38
35, 1160, 38
35, 1170, 37
35, 1180, 37
35, 1190, 38
35, 1200, 38
35, 1210, 38
35, 1220, 38
35, 1230, 38
35, 1240, 38
35, 1250, 38
35, 1260, 38
35, 1270, 38
35, 1280, 38
35, 1290, 38
35, 1300, 38
35, 1310, 38
35, 1320, 37
35, 1330, 37
35, 1340, 37
35, 1350, 37
35, 1360, 37
35, 1370, 37
35, 1380, 37
35, 1390, 37
35, 1400, 37
36, 1410, 37
36, 1420, 38
36, 1430, 38
36, 1440, 38
36, 1450, 38
36, 1460, 38
36, 1470, 38
37, 1480, 38
37, 1490, 39
37, 1500, 39
37, 1510, 39
37, 1520, 39
37, 1530, 39
37, 1540, 39
37, 1550, 39
{'count': 1550, 'truepos': 33, 'falseneg': 14, 'correction': 0, 'unknownyes': 1, 'falsepos': 4, 'unique': 1550}
0: Danijel.csv: three: 0, 0
3, 10
3, 20, 104
4, 30, 77
5, 40, 58
6, 50, 50
7, 60, 52
8, 70, 49
8, 80, 45
9, 90, 45
13, 100, 47
15, 110, 51
16, 120, 52
17, 130, 52
20, 140, 50
20, 150, 51
20, 160, 49
21, 170, 47
21, 180, 46
22, 190, 47
22, 200, 48
22, 210, 48
22, 220, 48
22, 230, 48
24, 240, 48
26, 250, 49
27, 260, 51
28, 270, 51
28, 280, 50
28, 290, 50
29, 300, 49
29, 310, 49
30, 320, 49
30, 330, 40
32, 340, 39
33, 350, 44
33, 360, 49
33, 370, 44
33, 380, 45
33, 390, 42
33, 400, 44
33, 410, 47
34, 420, 42
34, 430, 42
34, 440, 43
34, 450, 42
34, 460, 43
34, 470, 44
34, 480, 44
34, 490, 40
34, 500, 40
34, 510, 45
34, 520, 45
34, 530, 41
34, 540, 42
34, 550, 39
34, 560, 40
34, 570, 40
34, 580, 40
34, 590, 39
34, 600, 39
34, 610, 39
35, 620, 38
35, 630, 41
35, 640, 41
35, 650, 39
35, 660, 40
35, 670, 39
35, 680, 40
35, 690, 39
35, 700, 39
35, 710, 39
35, 720, 41
35, 730, 38
35, 740, 40
35, 750, 39
35, 760, 38
35, 770, 38
35, 780, 39
35, 790, 38
35, 800, 38
35, 810, 38
35, 820, 39
35, 830, 38
35, 840, 37
35, 850, 38
35, 860, 38
35, 870, 38
35, 880, 38
35, 890, 37
35, 900, 37
35, 910, 38
35, 920, 38
35, 930, 38
35, 940, 37
35, 950, 37
35, 960, 37
35, 970, 38
35, 980, 38
35, 990, 38
35, 1000, 37
35, 1010, 37
35, 1020, 37
35, 1030, 37
35, 1040, 37
35, 1050, 37
35, 1060, 37
35, 1070, 37
35, 1080, 37
35, 1090, 37
35, 1100, 37
35, 1110, 37
35, 1120, 37
35, 1130, 37
35, 1140, 37
{'count': 2310, 'truepos': 35, 'falseneg': 11, 'correction': 25, 'unknownyes': 2, 'falsepos': 0, 'unique': 1140}
0: Danijel.csv: machine: 0, 0
3, 10
3, 20, 126
4, 30, 90
4, 40, 68
5, 50, 53
5, 60, 47
[]
['no' 'no' 'no']
5, 60, 42
5, 70, 42
6, 80, 41
7, 90, 40
7, 100, 40
8, 110, 38
[]
['no' 'no' 'yes']
8, 110, 38
11, 120, 39
13, 130, 45
15, 140, 43
15, 150, 46
18, 160, 44
[]
['no' 'yes' 'yes' 'yes' 'no' 'yes' 'no' 'no' 'no' 'no' 'no' 'no']
21, 160, 50
22, 170, 53
23, 180, 49
26, 190, 49
26, 200, 51
26, 210, 48
[]
['no' 'no' 'no' 'no' 'no' 'no' 'no' 'no' 'no' 'no' 'no' 'no']
26, 210, 47
26, 220, 47
27, 230, 46
27, 240, 46
27, 250, 45
28, 260, 45
[]
['no' 'no' 'no' 'no' 'no' 'no']
28, 260, 45
28, 270, 45
28, 280, 46
29, 290, 46
29, 300, 47
29, 310, 46
[]
['no' 'no' 'no']
29, 310, 46
30, 320, 46
30, 330, 42
31, 340, 40
31, 350, 42
31, 360, 39
['yes']
['no' 'no' 'no' 'no' 'no' 'no' 'yes' 'no' 'no' 'no' 'no' 'yes' 'no' 'no'
 'no' 'no' 'no' 'no' 'no' 'no' 'no' 'no' 'no' 'no' 'no' 'no' 'yes' 'no'
 'no' 'no' 'no' 'no' 'no' 'no' 'no' 'no' 'no' 'no' 'yes' 'no' 'no' 'no']
35, 360, 39
35, 370, 43
35, 380, 45
35, 390, 42
35, 400, 41
35, 410, 41
['yes']
['no' 'yes' 'no' 'no' 'no' 'no' 'no' 'no' 'no' 'no' 'no' 'no' 'no']
36, 410, 42
36, 420, 44
36, 430, 42
36, 440, 42
37, 450, 42
37, 460, 46
['yes']
['no' 'no' 'no' 'no' 'no' 'no' 'no' 'no' 'no' 'no']
36, 460, 44
36, 470, 42
36, 480, 42
36, 490, 41
36, 500, 41
36, 510, 41
['yes']
['no' 'no' 'no' 'no' 'no' 'no' 'no' 'no' 'no']
36, 510, 41
36, 520, 42
36, 530, 41
36, 540, 41
36, 550, 40
36, 560, 41
['no']
['no' 'no']
35, 560, 41
35, 570, 40
35, 580, 40
35, 590, 39
35, 600, 40
35, 610, 39
['yes']
['no' 'no' 'no']
35, 610, 39
35, 620, 39
35, 630, 39
35, 640, 39
35, 650, 39
35, 660, 38
['yes']
['no' 'no']
35, 660, 38
35, 670, 38
35, 680, 39
36, 690, 38
36, 700, 39
36, 710, 39
['yes']
['no' 'no' 'no' 'no']
36, 710, 39
36, 720, 39
37, 730, 39
37, 740, 40
37, 750, 40
37, 760, 40
['yes']
['no' 'yes' 'no' 'no' 'no' 'no']
37, 760, 40
37, 770, 40
37, 780, 40
37, 790, 40
37, 800, 40
37, 810, 40
['yes']
['no' 'no']
37, 810, 39
37, 820, 40
37, 830, 40
37, 840, 40
37, 850, 40
37, 860, 39
['yes']
['no' 'no']
37, 860, 39
37, 870, 39
37, 880, 40
37, 890, 39
37, 900, 39
37, 910, 39
['yes']
['no']
37, 910, 39
37, 920, 39
37, 930, 39
37, 940, 39
37, 950, 39
37, 960, 39
['yes']
['no' 'no' 'no']
36, 960, 39
36, 970, 38
36, 980, 38
36, 990, 38
36, 1000, 38
36, 1010, 38
['yes']
['yes' 'no']
35, 1010, 38
35, 1020, 37
35, 1030, 37
35, 1040, 37
35, 1050, 37
35, 1060, 37
['yes']
[]
35, 1060, 37
35, 1070, 37
35, 1080, 37
35, 1090, 37
36, 1100, 37
36, 1110, 38
['no']
[]
35, 1110, 38
35, 1120, 37
35, 1130, 37
35, 1140, 37
35, 1150, 37
35, 1160, 37
['yes']
['yes' 'no']
35, 1160, 37
35, 1170, 37
35, 1180, 37
35, 1190, 37
35, 1200, 37
35, 1210, 37
['yes']
['yes' 'no']
35, 1210, 37
35, 1220, 37
35, 1230, 37
35, 1240, 37
{'count': 1402, 'truepos': 35, 'falseneg': 11, 'correction': 11, 'unknownyes': 2, 'falsepos': 0, 'unique': 1240}
0: Danijel.csv: knee: 0, 0
1, 10
2, 20
3, 30
5, 40
8, 50
8, 60
8, 70
9, 80
10, 90
12, 100
13, 110
13, 120
16, 130
18, 140
19, 150
20, 160
20, 170
20, 180
22, 190
22, 200
22, 210
22, 220
23, 230
25, 240
26, 250
26, 260
26, 270
26, 280
26, 290
26, 300
26, 310
26, 320
26, 330
26, 340
26, 350
26, 360
26, 370
27, 380
27, 390
27, 400
27, 410
{'count': 635, 'truepos': 35, 'falseneg': 4, 'correction': 10, 'unknownyes': 9, 'falsepos': 0, 'unique': 410}
0: K_all3.csv: none: 0, 0
0, 10
4, 20
4, 30, 73
6, 40, 63
7, 50, 61
8, 60, 51
9, 70, 46
10, 80, 44
10, 90, 45
12, 100, 42
12, 110, 44
13, 120, 42
14, 130, 43
15, 140, 42
16, 150, 41
16, 160, 41
17, 170, 40
17, 180, 41
17, 190, 40
17, 200, 40
17, 210, 40
17, 220, 40
17, 230, 39
17, 240, 39
17, 250, 39
17, 260, 39
17, 270, 39
17, 280, 39
17, 290, 39
17, 300, 39
17, 310, 39
17, 320, 39
17, 330, 38
17, 340, 38
17, 350, 38
17, 360, 38
17, 370, 38
17, 380, 38
17, 390, 38
18, 400, 38
19, 410, 38
19, 420, 39
19, 430, 38
19, 440, 38
20, 450, 38
20, 460, 39
21, 470, 38
21, 480, 39
21, 490, 39
21, 500, 39
21, 510, 39
21, 520, 39
22, 530, 39
22, 540, 39
22, 550, 39
22, 560, 39
22, 570, 39
22, 580, 39
22, 590, 38
22, 600, 38
22, 610, 38
22, 620, 38
22, 630, 38
23, 640, 38
23, 650, 38
23, 660, 38
23, 670, 38
23, 680, 38
23, 690, 38
23, 700, 37
23, 710, 37
23, 720, 37
23, 730, 37
23, 740, 37
24, 750, 37
24, 760, 38
24, 770, 38
24, 780, 38
25, 790, 38
25, 800, 38
25, 810, 38
26, 820, 38
26, 830, 38
26, 840, 38
26, 850, 38
26, 860, 37
26, 870, 37
26, 880, 37
26, 890, 37
26, 900, 37
26, 910, 37
26, 920, 37
26, 930, 36
26, 940, 36
27, 950, 36
28, 960, 37
28, 970, 38
28, 980, 38
28, 990, 38
28, 1000, 37
28, 1010, 37
28, 1020, 37
28, 1030, 37
29, 1040, 37
29, 1050, 38
29, 1060, 38
30, 1070, 37
{'count': 1070, 'truepos': 22, 'falseneg': 17, 'correction': 0, 'unknownyes': 6, 'falsepos': 8, 'unique': 1070}
0: K_all3.csv: three: 0, 0
1, 10
4, 20, 91
4, 30, 56
6, 40, 43
8, 50, 45
12, 60, 42
12, 70, 50
15, 80, 44
16, 90, 46
18, 100, 42
19, 110, 42
19, 120, 41
19, 130, 39
21, 140, 38
22, 150, 40
22, 160, 41
22, 170, 40
22, 180, 40
23, 190, 39
26, 200, 40
26, 210, 44
27, 220, 42
27, 230, 43
28, 240, 42
28, 250, 42
30, 260, 42
30, 270, 36
30, 280, 36
30, 290, 35
31, 300, 35
31, 310, 35
32, 320, 35
32, 330, 36
33, 340, 35
33, 350, 37
33, 360, 35
34, 370, 37
34, 380, 37
34, 390, 37
35, 400, 37
35, 410, 37
35, 420, 38
35, 430, 38
35, 440, 37
35, 450, 37
35, 460, 37
35, 470, 37
35, 480, 37
36, 490, 37
36, 500, 38
{'count': 1022, 'truepos': 35, 'falseneg': 6, 'correction': 20, 'unknownyes': 4, 'falsepos': 1, 'unique': 500}
0: K_all3.csv: machine: 0, 0
1, 10
3, 20, 90
5, 30, 64
5, 40, 62
5, 50, 53
5, 60, 46
[]
['no']
6, 60, 44
9, 70, 43
10, 80, 47
13, 90, 46
14, 100, 50
15, 110, 46
[]
['yes' 'no' 'yes' 'no' 'no' 'no' 'no' 'yes' 'no']
16, 110, 45
18, 120, 45
18, 130, 44
19, 140, 41
19, 150, 41
21, 160, 40
[]
['no' 'no' 'no' 'no' 'no' 'no']
21, 160, 42
22, 170, 42
23, 180, 42
23, 190, 42
23, 200, 42
23, 210, 41
[]
['no']
23, 210, 41
24, 220, 41
26, 230, 41
26, 240, 43
26, 250, 42
26, 260, 42
[]
['no' 'no']
26, 260, 42
28, 270, 42
28, 280, 44
28, 290, 43
29, 300, 43
29, 310, 43
[]
['no' 'no' 'yes' 'no' 'no' 'no' 'no']
30, 310, 43
30, 320, 38
31, 330, 35
32, 340, 37
32, 350, 38
32, 360, 36
['yes']
['no' 'no' 'no' 'no' 'no' 'no' 'no' 'no' 'no' 'no' 'no' 'no' 'no' 'no'
 'no' 'no' 'no' 'no' 'no' 'no' 'no' 'no' 'no' 'no' 'no' 'no' 'no' 'no'
 'no' 'no' 'no' 'no' 'no' 'no' 'no' 'no' 'no']
31, 360, 36
31, 370, 37
31, 380, 35
31, 390, 36
31, 400, 36
31, 410, 34
['yes']
['no' 'no' 'no' 'no' 'no' 'no' 'no' 'no' 'no' 'no' 'no' 'no']
31, 410, 34
32, 420, 34
32, 430, 35
32, 440, 36
32, 450, 35
32, 460, 35
['yes']
['no' 'no' 'no' 'no' 'no' 'no' 'no' 'no' 'no' 'no' 'no']
32, 460, 35
32, 470, 35
33, 480, 34
33, 490, 35
33, 500, 35
33, 510, 35
['yes']
['no' 'no' 'no' 'no' 'no' 'no' 'no']
33, 510, 35
35, 520, 35
35, 530, 37
35, 540, 37
35, 550, 37
35, 560, 37
['yes']
['no']
{'count': 657, 'truepos': 33, 'falseneg': 8, 'correction': 2, 'unknownyes': 4, 'falsepos': 2, 'unique': 560}
0: K_all3.csv: knee: 0, 0
1, 10
1, 20
2, 30
3, 40
5, 50
6, 60
8, 70
11, 80
12, 90
14, 100
15, 110
15, 120
15, 130
18, 140
20, 150
21, 160
21, 170
21, 180
21, 190
21, 200
22, 210
23, 220
23, 230
24, 240
24, 250
25, 260
25, 270
26, 280
27, 290
27, 300
27, 310
27, 320
27, 330
28, 340
28, 350
28, 360
29, 370
30, 380
30, 390
30, 400
30, 410
30, 420
30, 430
30, 440
30, 450
30, 460
30, 470
30, 480
30, 490
31, 500
32, 510
32, 520
32, 530
32, 540
32, 550
32, 560
32, 570
32, 580
32, 590
32, 600
32, 610
32, 620
32, 630
32, 640
32, 650
32, 660
32, 670
33, 680
33, 690
33, 700
33, 710
33, 720
33, 730
33, 740
33, 750
{'count': 1019, 'truepos': 35, 'falseneg': 8, 'correction': 9, 'unknownyes': 2, 'falsepos': 4, 'unique': 750}

------------------------------------------------------------
Sender: LSF System <lsfadmin@n2b1-13>
Subject: Job 639661: </share/tjmenzie/zyu9/miniconda2/bin/python2.7 runner.py error_hpcc 0> in cluster <henry2> Done

Job </share/tjmenzie/zyu9/miniconda2/bin/python2.7 runner.py error_hpcc 0> was submitted from host <login01.hpc.ncsu.edu> by user <zyu9> in cluster <henry2> at Thu Feb  1 12:17:33 2018.
Job was executed on host(s) <2*n2b1-13>, in queue <single_chassis>, as user <zyu9> in cluster <henry2> at Thu Feb  1 12:17:34 2018.
</home/zyu9> was used as the home directory.
</home/zyu9/projects/MAR_HPC/Error/src> was used as the working directory.
Started at Thu Feb  1 12:17:34 2018.
Terminated at Thu Feb  1 13:30:45 2018.
Results reported at Thu Feb  1 13:30:45 2018.

Your job looked like:

------------------------------------------------------------
# LSBATCH: User input
/share/tjmenzie/zyu9/miniconda2/bin/python2.7 runner.py error_hpcc 0
------------------------------------------------------------

Successfully completed.

Resource usage summary:

    CPU time :                                   5595.67 sec.
    Max Memory :                                 287.96 MB
    Average Memory :                             232.88 MB
    Total Requested Memory :                     -
    Delta Memory :                               -
    Max Swap :                                   1331 MB
    Max Processes :                              3
    Max Threads :                                8
    Run time :                                   4397 sec.
    Turnaround time :                            4392 sec.

The output (if any) is above this job summary.



PS: The stderr output (if any) follows:



PS:

Fail to open stderr file ./err/0.err.639661: No such file or directory.
The stderr output is included in this report.

