0: Hall.csv: none: 0, 0
8, 10
11, 20, 124
12, 30, 130
15, 40, 129
17, 50, 125
19, 60, 127
20, 70, 123
23, 80, 86
31, 90, 80
36, 100, 89
40, 110, 91
47, 120, 88
53, 130, 96
56, 140, 106
58, 150, 97
61, 160, 97
64, 170, 100
67, 180, 97
70, 190, 97
74, 200, 95
78, 210, 92
82, 220, 93
84, 230, 101
85, 240, 96
87, 250, 103
91, 260, 101
93, 270, 106
95, 280, 110
96, 290, 109
99, 300, 109
99, 310, 115
100, 320, 111
100, 330, 110
101, 340, 111
101, 350, 109
101, 360, 111
101, 370, 115
101, 380, 109
101, 390, 111
101, 400, 109
101, 410, 109
101, 420, 107
101, 430, 110
101, 440, 108
{'count': 440, 'truepos': 101, 'falseneg': 0, 'correction': 0, 'unknownyes': 3, 'falsepos': 0, 'unique': 440}
0: Hall.csv: three: 0, 0
8, 10
10, 20, 126
11, 30, 130
15, 40, 117
17, 50, 124
18, 60, 122
23, 70, 111
29, 80, 87
35, 90, 92
40, 100, 94
44, 110, 94
48, 120, 94
51, 130, 97
57, 140, 92
59, 150, 97
65, 160, 91
65, 170, 91
67, 180, 89
74, 190, 87
76, 200, 95
81, 210, 93
83, 220, 97
87, 230, 96
92, 240, 100
94, 250, 107
96, 260, 108
96, 270, 109
96, 280, 110
97, 290, 107
97, 300, 109
98, 310, 107
98, 320, 108
99, 330, 107
99, 340, 109
99, 350, 110
99, 360, 108
99, 370, 108
100, 380, 108
101, 390, 109
101, 400, 111
101, 410, 108
101, 420, 108
101, 430, 108
101, 440, 107
{'count': 880, 'truepos': 101, 'falseneg': 0, 'correction': 0, 'unknownyes': 3, 'falsepos': 0, 'unique': 440}
0: Hall.csv: machine: 0, 0
8, 10
13, 20, 124
15, 30, 141
19, 40, 140
21, 50, 142
26, 60, 96
26, 60, 96
30, 70, 97
37, 80, 88
42, 90, 98
47, 100, 103
51, 110, 115
51, 110, 115
56, 120, 105
61, 130, 105
67, 140, 108
70, 150, 104
75, 160, 100
75, 160, 100
77, 170, 114
78, 180, 104
83, 190, 108
85, 200, 103
89, 210, 102
89, 210, 102
92, 220, 106
92, 230, 115
95, 240, 108
96, 250, 118
96, 260, 113
96, 260, 113
96, 270, 113
96, 280, 112
97, 290, 111
98, 300, 110
98, 310, 113
98, 310, 113
99, 320, 112
100, 330, 112
100, 340, 111
101, 350, 110
101, 360, 113
101, 360, 113
101, 370, 110
101, 380, 110
101, 390, 110
101, 400, 112
101, 410, 108
101, 410, 108
101, 420, 109
101, 430, 112
101, 440, 109
101, 450, 109
101, 460, 107
101, 460, 107
102, 470, 107
102, 480, 110
102, 490, 108
102, 500, 109
{'count': 658, 'truepos': 102, 'falseneg': 0, 'correction': 0, 'unknownyes': 2, 'falsepos': 0, 'unique': 500}
0: Hall.csv: knee: 0, 0
8, 10
11, 20
12, 30
13, 40
14, 50
18, 60
20, 70
26, 80
35, 90
38, 100
42, 110
47, 120
50, 130
51, 140
56, 150
61, 160
63, 170
65, 180
69, 190
73, 200
78, 210
82, 220
84, 230
89, 240
91, 250
93, 260
95, 270
96, 280
98, 290
98, 300
98, 310
98, 320
99, 330
101, 340
101, 350
101, 360
101, 370
101, 380
102, 390
102, 400
102, 410
102, 420
102, 430
102, 440
102, 450
102, 460
102, 470
{'count': 634, 'truepos': 102, 'falseneg': 0, 'correction': 0, 'unknownyes': 2, 'falsepos': 0, 'unique': 470}
0: Wahono.csv: none: 0, 0
6, 10
8, 20, 101
8, 30, 99
8, 40, 96
12, 50, 68
16, 60, 73
16, 70, 64
19, 80, 52
21, 90, 53
22, 100, 43
23, 110, 38
26, 120, 42
29, 130, 52
31, 140, 60
32, 150, 61
34, 160, 58
35, 170, 61
35, 180, 59
36, 190, 60
36, 200, 61
39, 210, 57
41, 220, 59
41, 230, 61
42, 240, 58
42, 250, 59
42, 260, 61
43, 270, 61
46, 280, 58
46, 290, 64
46, 300, 63
46, 310, 62
46, 320, 61
46, 330, 58
47, 340, 58
47, 350, 60
47, 360, 64
47, 370, 58
48, 380, 62
49, 390, 60
49, 400, 63
49, 410, 59
49, 420, 61
49, 430, 58
49, 440, 60
49, 450, 59
49, 460, 58
50, 470, 58
50, 480, 60
51, 490, 59
51, 500, 60
51, 510, 59
51, 520, 60
52, 530, 58
52, 540, 60
52, 550, 60
52, 560, 61
52, 570, 59
54, 580, 59
54, 590, 62
56, 600, 62
56, 610, 64
57, 620, 65
57, 630, 65
57, 640, 66
57, 650, 66
57, 660, 66
58, 670, 65
58, 680, 67
58, 690, 65
58, 700, 65
58, 710, 65
58, 720, 65
58, 730, 66
58, 740, 65
58, 750, 64
58, 760, 66
58, 770, 64
58, 780, 65
58, 790, 65
58, 800, 66
58, 810, 64
58, 820, 65
58, 830, 63
58, 840, 64
59, 850, 65
59, 860, 66
59, 870, 64
59, 880, 64
59, 890, 65
59, 900, 65
59, 910, 65
59, 920, 65
59, 930, 63
59, 940, 64
59, 950, 66
59, 960, 64
59, 970, 64
59, 980, 64
59, 990, 65
59, 1000, 63
59, 1010, 64
59, 1020, 64
59, 1030, 63
59, 1040, 63
59, 1050, 64
59, 1060, 63
{'count': 1060, 'truepos': 59, 'falseneg': 0, 'correction': 0, 'unknownyes': 3, 'falsepos': 0, 'unique': 1060}
0: Wahono.csv: three: 0, 0
6, 10
7, 20, 99
7, 30, 95
10, 40, 91
13, 50, 81
14, 60, 75
16, 70, 56
18, 80, 52
19, 90, 52
21, 100, 49
23, 110, 41
23, 120, 40
27, 130, 41
30, 140, 59
31, 150, 67
32, 160, 59
33, 170, 63
35, 180, 55
35, 190, 65
36, 200, 60
37, 210, 57
37, 220, 58
38, 230, 56
38, 240, 65
40, 250, 57
43, 260, 63
44, 270, 63
45, 280, 67
45, 290, 67
45, 300, 62
45, 310, 62
45, 320, 60
45, 330, 62
45, 340, 62
46, 350, 57
47, 360, 57
47, 370, 62
47, 380, 60
47, 390, 63
48, 400, 60
50, 410, 59
50, 420, 62
50, 430, 61
50, 440, 62
50, 450, 60
50, 460, 56
50, 470, 60
51, 480, 58
51, 490, 61
51, 500, 59
51, 510, 61
51, 520, 60
51, 530, 61
51, 540, 61
51, 550, 59
51, 560, 60
52, 570, 59
52, 580, 60
53, 590, 59
53, 600, 61
55, 610, 60
55, 620, 63
55, 630, 63
56, 640, 63
56, 650, 65
56, 660, 64
58, 670, 64
58, 680, 66
58, 690, 67
58, 700, 65
58, 710, 67
58, 720, 66
58, 730, 66
58, 740, 65
58, 750, 66
58, 760, 65
58, 770, 65
59, 780, 64
59, 790, 66
59, 800, 66
59, 810, 66
59, 820, 66
59, 830, 65
59, 840, 66
59, 850, 65
59, 860, 66
59, 870, 66
59, 880, 64
59, 890, 66
59, 900, 64
59, 910, 65
59, 920, 65
59, 930, 64
59, 940, 64
59, 950, 64
59, 960, 65
59, 970, 64
59, 980, 64
59, 990, 64
59, 1000, 64
59, 1010, 64
59, 1020, 64
59, 1030, 64
59, 1040, 64
59, 1050, 64
59, 1060, 63
59, 1070, 64
59, 1080, 64
59, 1090, 63
59, 1100, 64
{'count': 2200, 'truepos': 59, 'falseneg': 0, 'correction': 0, 'unknownyes': 3, 'falsepos': 0, 'unique': 1100}
0: Wahono.csv: machine: 0, 0
6, 10
6, 20, 99
7, 30, 93
14, 40, 89
16, 50, 100
19, 60, 93
20, 70, 103
22, 80, 62
26, 90, 68
27, 100, 73
28, 110, 69
30, 120, 60
30, 120, 60
30, 130, 57
31, 140, 53
33, 150, 54
33, 160, 57
35, 170, 60
35, 170, 60
36, 180, 61
37, 190, 60
39, 200, 57
39, 210, 63
41, 220, 60
41, 220, 60
42, 230, 60
44, 240, 60
45, 250, 69
45, 260, 64
45, 270, 70
45, 270, 70
45, 280, 62
45, 290, 66
47, 300, 60
47, 310, 67
48, 320, 64
48, 320, 64
48, 330, 62
48, 340, 70
48, 350, 63
48, 360, 62
48, 370, 64
48, 370, 64
48, 380, 60
48, 390, 60
48, 400, 61
48, 410, 60
48, 420, 60
48, 420, 60
49, 430, 57
49, 440, 59
49, 450, 59
49, 460, 58
50, 470, 59
50, 470, 59
50, 480, 60
50, 490, 59
50, 500, 59
50, 510, 58
50, 520, 58
50, 520, 58
50, 530, 57
52, 540, 57
52, 550, 59
54, 560, 59
56, 570, 61
56, 570, 61
57, 580, 65
57, 590, 66
57, 600, 66
58, 610, 66
58, 620, 66
58, 620, 66
58, 630, 67
58, 640, 66
58, 650, 67
58, 660, 66
58, 670, 65
58, 670, 65
58, 680, 66
58, 690, 67
58, 700, 66
58, 710, 67
58, 720, 65
58, 720, 65
58, 730, 65
58, 740, 67
58, 750, 65
58, 760, 65
58, 770, 65
58, 770, 65
58, 780, 65
58, 790, 64
58, 800, 65
58, 810, 65
58, 820, 64
58, 820, 64
58, 830, 64
58, 840, 64
58, 850, 66
58, 860, 64
58, 870, 64
58, 880, 63
58, 890, 64
58, 900, 63
58, 910, 64
58, 920, 63
58, 930, 63
58, 930, 63
58, 940, 63
58, 950, 62
58, 960, 63
59, 970, 63
59, 980, 64
59, 980, 64
59, 990, 64
59, 1000, 63
59, 1010, 64
59, 1020, 63
59, 1030, 63
59, 1030, 63
59, 1040, 63
59, 1050, 64
59, 1060, 63
59, 1070, 64
59, 1080, 64
59, 1080, 64
59, 1090, 63
59, 1100, 63
59, 1110, 63
59, 1120, 63
59, 1130, 63
59, 1130, 63
59, 1140, 63
{'count': 1689, 'truepos': 59, 'falseneg': 0, 'correction': 0, 'unknownyes': 3, 'falsepos': 0, 'unique': 1140}
0: Wahono.csv: knee: 0, 0
6, 10
6, 20
{'count': 24, 'truepos': 6, 'falseneg': 0, 'correction': 0, 'unknownyes': 56, 'falsepos': 0, 'unique': 20}
0: Danijel.csv: none: 0, 0
4, 10
5, 20, 115
9, 30, 97
9, 40, 97
13, 50, 91
14, 60, 98
16, 70, 73
17, 80, 75
19, 90, 67
24, 100, 60
26, 110, 47
27, 120, 46
27, 130, 48
31, 140, 44
32, 150, 48
33, 160, 50
34, 170, 50
34, 180, 50
34, 190, 48
34, 200, 46
34, 210, 46
34, 220, 45
34, 230, 45
34, 240, 44
34, 250, 43
37, 260, 44
37, 270, 50
37, 280, 46
38, 290, 46
38, 300, 47
38, 310, 46
38, 320, 47
39, 330, 46
40, 340, 46
40, 350, 49
42, 360, 48
42, 370, 49
42, 380, 49
43, 390, 49
43, 400, 53
43, 410, 50
43, 420, 50
43, 430, 51
43, 440, 49
43, 450, 49
43, 460, 51
43, 470, 49
43, 480, 48
43, 490, 47
43, 500, 48
43, 510, 48
43, 520, 48
44, 530, 48
44, 540, 50
44, 550, 49
44, 560, 49
44, 570, 48
44, 580, 48
44, 590, 48
44, 600, 48
44, 610, 48
44, 620, 48
44, 630, 47
44, 640, 47
44, 650, 47
44, 660, 48
44, 670, 48
45, 680, 48
45, 690, 48
45, 700, 49
45, 710, 48
45, 720, 49
45, 730, 48
45, 740, 48
45, 750, 48
45, 760, 48
45, 770, 48
{'count': 770, 'truepos': 45, 'falseneg': 0, 'correction': 0, 'unknownyes': 3, 'falsepos': 0, 'unique': 770}
0: Danijel.csv: three: 0, 0
4, 10
4, 20, 120
6, 30, 91
9, 40, 79
9, 50, 77
10, 60, 60
11, 70, 56
14, 80, 52
19, 90, 55
19, 100, 68
22, 110, 53
25, 120, 43
28, 130, 45
31, 140, 47
31, 150, 52
32, 160, 51
34, 170, 48
35, 180, 50
35, 190, 51
35, 200, 49
35, 210, 47
35, 220, 47
36, 230, 45
37, 240, 46
38, 250, 47
38, 260, 47
40, 270, 47
40, 280, 52
41, 290, 47
41, 300, 52
41, 310, 50
41, 320, 52
41, 330, 49
41, 340, 48
41, 350, 48
41, 360, 47
41, 370, 49
42, 380, 47
42, 390, 48
42, 400, 49
42, 410, 52
42, 420, 48
42, 430, 47
43, 440, 48
43, 450, 49
43, 460, 49
43, 470, 49
43, 480, 48
43, 490, 50
44, 500, 49
44, 510, 50
44, 520, 49
44, 530, 51
44, 540, 49
44, 550, 49
44, 560, 48
44, 570, 49
44, 580, 49
44, 590, 49
45, 600, 48
45, 610, 50
45, 620, 49
45, 630, 49
45, 640, 48
45, 650, 50
45, 660, 49
45, 670, 48
45, 680, 48
45, 690, 49
45, 700, 48
45, 710, 48
45, 720, 48
45, 730, 48
45, 740, 48
45, 750, 48
45, 760, 48
45, 770, 48
45, 780, 48
45, 790, 48
45, 800, 48
{'count': 1600, 'truepos': 45, 'falseneg': 0, 'correction': 0, 'unknownyes': 3, 'falsepos': 0, 'unique': 800}
0: Danijel.csv: machine: 0, 0
4, 10
4, 20, 118
7, 30, 95
8, 40, 88
9, 50, 71
11, 60, 65
15, 70, 61
18, 80, 69
20, 90, 68
23, 100, 48
24, 110, 48
27, 120, 44
27, 120, 44
28, 130, 47
31, 140, 47
32, 150, 50
34, 160, 48
35, 170, 51
35, 170, 51
35, 180, 50
35, 190, 50
36, 200, 48
38, 210, 50
39, 220, 54
39, 220, 54
39, 230, 51
39, 240, 54
39, 250, 51
39, 260, 48
39, 270, 49
39, 270, 49
40, 280, 48
40, 290, 49
40, 300, 48
41, 310, 47
41, 320, 49
41, 320, 49
41, 330, 48
41, 340, 49
42, 350, 47
42, 360, 50
42, 370, 51
42, 370, 51
43, 380, 51
43, 390, 52
43, 400, 51
43, 410, 51
43, 420, 50
43, 420, 50
43, 430, 51
44, 440, 48
44, 450, 51
44, 460, 53
44, 470, 50
44, 470, 50
44, 480, 51
44, 490, 50
44, 500, 50
44, 510, 50
44, 520, 48
44, 520, 48
44, 530, 49
44, 540, 49
44, 550, 49
44, 560, 49
44, 570, 48
44, 570, 48
44, 580, 49
44, 590, 48
44, 600, 49
44, 610, 48
44, 620, 48
44, 620, 48
44, 630, 48
44, 640, 48
45, 650, 49
45, 660, 49
45, 670, 49
45, 670, 49
45, 680, 49
45, 690, 49
45, 700, 49
45, 710, 49
45, 720, 48
45, 720, 48
45, 730, 48
45, 740, 48
{'count': 1264, 'truepos': 45, 'falseneg': 0, 'correction': 0, 'unknownyes': 3, 'falsepos': 0, 'unique': 740}
0: Danijel.csv: knee: 0, 0
4, 10
6, 20
7, 30
10, 40
13, 50
15, 60
18, 70
18, 80
20, 90
22, 100
24, 110
28, 120
30, 130
31, 140
31, 150
32, 160
32, 170
33, 180
33, 190
33, 200
33, 210
35, 220
35, 230
37, 240
39, 250
39, 260
40, 270
40, 280
41, 290
41, 300
41, 310
41, 320
41, 330
41, 340
41, 350
41, 360
41, 370
42, 380
42, 390
42, 400
42, 410
43, 420
43, 430
43, 440
43, 450
43, 460
43, 470
43, 480
43, 490
44, 500
44, 510
44, 520
{'count': 642, 'truepos': 44, 'falseneg': 0, 'correction': 0, 'unknownyes': 4, 'falsepos': 0, 'unique': 520}
0: K_all3.csv: none: 0, 0
2, 10
5, 20, 70
6, 30, 62
11, 40, 55
12, 50, 66
14, 60, 59
17, 70, 54
17, 80, 56
21, 90, 45
21, 100, 36
22, 110, 36
22, 120, 33
23, 130, 32
24, 140, 33
24, 150, 34
25, 160, 33
27, 170, 34
27, 180, 36
30, 190, 34
30, 200, 37
31, 210, 37
31, 220, 37
31, 230, 37
31, 240, 36
31, 250, 36
32, 260, 36
32, 270, 38
32, 280, 37
32, 290, 36
33, 300, 36
34, 310, 37
35, 320, 37
36, 330, 39
38, 340, 39
39, 350, 41
39, 360, 42
39, 370, 42
{'count': 370, 'truepos': 39, 'falseneg': 0, 'correction': 0, 'unknownyes': 6, 'falsepos': 0, 'unique': 370}
0: K_all3.csv: three: 0, 0
2, 10
5, 20, 71
6, 30, 61
11, 40, 55
11, 50, 65
12, 60, 51
15, 70, 47
17, 80, 46
20, 90, 46
20, 100, 34
20, 110, 31
20, 120, 29
23, 130, 27
24, 140, 33
24, 150, 36
25, 160, 33
25, 170, 33
27, 180, 32
27, 190, 36
28, 200, 35
28, 210, 36
29, 220, 34
30, 230, 34
30, 240, 35
30, 250, 35
32, 260, 34
32, 270, 36
34, 280, 36
34, 290, 38
34, 300, 38
34, 310, 38
34, 320, 38
34, 330, 37
36, 340, 36
37, 350, 39
38, 360, 40
{'count': 720, 'truepos': 38, 'falseneg': 0, 'correction': 0, 'unknownyes': 7, 'falsepos': 0, 'unique': 360}
0: K_all3.csv: machine: 0, 0
2, 10
5, 20, 71
6, 30, 63
11, 40, 53
13, 50, 64
15, 60, 59
18, 70, 59
20, 80, 59
20, 90, 35
22, 100, 34
22, 110, 36
24, 120, 31
24, 120, 31
25, 130, 35
26, 140, 33
26, 150, 35
27, 160, 37
28, 170, 33
28, 170, 33
28, 180, 38
29, 190, 36
29, 200, 38
30, 210, 37
30, 220, 37
30, 220, 37
31, 230, 35
32, 240, 36
32, 250, 37
33, 260, 37
33, 270, 37
33, 270, 37
33, 280, 37
34, 290, 36
34, 300, 37
34, 310, 37
34, 320, 37
34, 320, 37
34, 330, 37
35, 340, 37
35, 350, 37
36, 360, 37
36, 370, 39
36, 370, 39
38, 380, 38
40, 390, 41
40, 400, 43
{'count': 632, 'truepos': 40, 'falseneg': 0, 'correction': 0, 'unknownyes': 5, 'falsepos': 0, 'unique': 400}
0: K_all3.csv: knee: 0, 0
2, 10
5, 20
6, 30
11, 40
13, 50
16, 60
18, 70
20, 80
20, 90
21, 100
22, 110
22, 120
22, 130
24, 140
26, 150
29, 160
30, 170
30, 180
30, 190
30, 200
30, 210
30, 220
30, 230
30, 240
31, 250
33, 260
33, 270
34, 280
34, 290
35, 300
36, 310
36, 320
36, 330
36, 340
37, 350
37, 360
38, 370
39, 380
39, 390
39, 400
40, 410
40, 420
40, 430
40, 440
40, 450
41, 460
41, 470
41, 480
41, 490
41, 500
41, 510
41, 520
41, 530
41, 540
41, 550
41, 560
41, 570
41, 580
{'count': 731, 'truepos': 41, 'falseneg': 0, 'correction': 0, 'unknownyes': 4, 'falsepos': 0, 'unique': 580}

------------------------------------------------------------
Sender: LSF System <lsfadmin@n2e1-3>
Subject: Job 629136: </share/tjmenzie/zyu9/miniconda2/bin/python2.7 runner.py error_hpcc 0> in cluster <henry2> Done

Job </share/tjmenzie/zyu9/miniconda2/bin/python2.7 runner.py error_hpcc 0> was submitted from host <login01.hpc.ncsu.edu> by user <zyu9> in cluster <henry2> at Tue Jan 30 18:08:15 2018.
Job was executed on host(s) <2*n2e1-3>, in queue <single_chassis>, as user <zyu9> in cluster <henry2> at Tue Jan 30 18:08:18 2018.
</home/zyu9> was used as the home directory.
</home/zyu9/projects/MAR_HPC/Error/src> was used as the working directory.
Started at Tue Jan 30 18:08:18 2018.
Terminated at Tue Jan 30 18:47:17 2018.
Results reported at Tue Jan 30 18:47:17 2018.

Your job looked like:

------------------------------------------------------------
# LSBATCH: User input
/share/tjmenzie/zyu9/miniconda2/bin/python2.7 runner.py error_hpcc 0
------------------------------------------------------------

Successfully completed.

Resource usage summary:

    CPU time :                                   3282.57 sec.
    Max Memory :                                 284.12 MB
    Average Memory :                             225.50 MB
    Total Requested Memory :                     -
    Delta Memory :                               -
    Max Swap :                                   1311 MB
    Max Processes :                              3
    Max Threads :                                8
    Run time :                                   2348 sec.
    Turnaround time :                            2342 sec.

The output (if any) is above this job summary.



PS:

Read file <./err/0.err.629136> for stderr output of this job.

