0: Hall.csv: none: 0, 0
3, 10
4, 20, 115
5, 30, 103
9, 40, 78
9, 50, 97
9, 60, 61
10, 70, 50
13, 80, 49
16, 90, 60
19, 100, 60
23, 110, 59
26, 120, 46
29, 130, 49
31, 140, 54
35, 150, 54
39, 160, 60
39, 170, 67
39, 180, 64
41, 190, 59
44, 200, 67
46, 210, 71
49, 220, 71
50, 230, 70
51, 240, 65
54, 250, 71
56, 260, 75
57, 270, 79
59, 280, 74
60, 290, 75
61, 300, 76
62, 310, 77
62, 320, 83
62, 330, 77
63, 340, 72
64, 350, 78
66, 360, 74
66, 370, 77
66, 380, 80
67, 390, 77
67, 400, 79
68, 410, 78
68, 420, 77
68, 430, 79
68, 440, 76
68, 450, 79
68, 460, 77
68, 470, 76
68, 480, 77
68, 490, 77
68, 500, 76
68, 510, 75
68, 520, 75
68, 530, 76
68, 540, 76
68, 550, 74
68, 560, 75
69, 570, 75
69, 580, 74
70, 590, 74
70, 600, 77
70, 610, 75
70, 620, 76
70, 630, 77
70, 640, 76
70, 650, 75
70, 660, 74
70, 670, 75
70, 680, 77
70, 690, 76
70, 700, 76
70, 710, 75
70, 720, 75
70, 730, 76
70, 740, 76
70, 750, 75
71, 760, 75
71, 770, 76
71, 780, 76
71, 790, 79
71, 800, 76
71, 810, 76
71, 820, 77
71, 830, 76
71, 840, 75
71, 850, 75
71, 860, 75
71, 870, 76
71, 880, 75
71, 890, 76
71, 900, 75
71, 910, 75
71, 920, 75
71, 930, 75
71, 940, 75
71, 950, 75
71, 960, 75
72, 970, 75
72, 980, 77
72, 990, 76
{'count': 990, 'truepos': 66, 'falseneg': 37, 'correction': 0, 'unknownyes': 1, 'falsepos': 6, 'unique': 990}
0: Hall.csv: three: 0, 0
7, 10
12, 20, 113
13, 30, 137
14, 40, 130
16, 50, 129
18, 60, 122
19, 70, 123
24, 80, 113
28, 90, 82
33, 100, 83
36, 110, 89
39, 120, 87
39, 130, 84
43, 140, 74
45, 150, 82
50, 160, 80
52, 170, 84
52, 180, 93
57, 190, 76
60, 200, 91
63, 210, 91
65, 220, 84
69, 230, 88
71, 240, 88
73, 250, 89
73, 260, 88
74, 270, 88
74, 280, 94
74, 290, 95
74, 300, 89
75, 310, 89
76, 320, 91
76, 330, 93
76, 340, 90
76, 350, 90
76, 360, 92
76, 370, 89
76, 380, 89
76, 390, 84
76, 400, 88
76, 410, 88
76, 420, 84
76, 430, 86
76, 440, 88
76, 450, 86
78, 460, 84
78, 470, 86
79, 480, 84
79, 490, 87
79, 500, 85
79, 510, 85
79, 520, 85
79, 530, 85
79, 540, 85
79, 550, 85
79, 560, 85
79, 570, 84
{'count': 1187, 'truepos': 79, 'falseneg': 23, 'correction': 43, 'unknownyes': 2, 'falsepos': 0, 'unique': 570}
0: Hall.csv: machine: 0, 0
7, 10
9, 20, 117
11, 30, 112
14, 40, 117
20, 50, 112
25, 60, 76
30, 60, 76
34, 70, 104
35, 80, 97
36, 90, 79
37, 100, 80
41, 110, 69
46, 110, 69
48, 120, 83
52, 130, 76
56, 140, 81
57, 150, 82
61, 160, 84
64, 160, 84
69, 170, 87
72, 180, 88
76, 190, 91
78, 200, 91
80, 210, 95
82, 210, 95
83, 220, 100
85, 230, 101
85, 240, 98
85, 250, 99
85, 260, 99
86, 260, 99
88, 270, 99
89, 280, 103
89, 290, 100
89, 300, 99
89, 310, 105
90, 310, 105
90, 320, 99
90, 330, 98
91, 340, 98
92, 350, 98
93, 360, 101
95, 360, 101
95, 370, 105
95, 380, 104
95, 390, 106
95, 400, 103
95, 410, 102
95, 410, 102
95, 420, 101
95, 430, 105
96, 440, 101
96, 450, 102
96, 460, 102
96, 460, 102
96, 470, 102
{'count': 659, 'truepos': 93, 'falseneg': 8, 'correction': 18, 'unknownyes': 3, 'falsepos': 3, 'unique': 470}
0: Hall.csv: knee: 0, 0
7, 10
9, 20
9, 30
10, 40
14, 50
17, 60
17, 70
22, 80
26, 90
31, 100
33, 110
37, 120
37, 130
37, 140
{'count': 223, 'truepos': 40, 'falseneg': 13, 'correction': 3, 'unknownyes': 51, 'falsepos': 0, 'unique': 140}
0: Wahono.csv: none: 0, 0
3, 10
4, 20, 94
7, 30, 87
9, 40, 84
10, 50, 71
13, 60, 53
13, 70, 55
13, 80, 47
14, 90, 44
14, 100, 45
15, 110, 44
15, 120, 47
15, 130, 46
15, 140, 46
16, 150, 46
16, 160, 48
16, 170, 47
17, 180, 47
17, 190, 48
17, 200, 48
17, 210, 48
17, 220, 48
17, 230, 49
17, 240, 49
17, 250, 49
18, 260, 49
18, 270, 51
19, 280, 51
20, 290, 51
22, 300, 30
27, 310, 35
28, 320, 48
30, 330, 49
32, 340, 51
33, 350, 57
35, 360, 57
35, 370, 58
35, 380, 57
35, 390, 57
35, 400, 53
35, 410, 52
35, 420, 53
35, 430, 51
35, 440, 50
35, 450, 49
35, 460, 48
36, 470, 48
38, 480, 48
38, 490, 55
38, 500, 51
38, 510, 50
38, 520, 49
38, 530, 49
38, 540, 47
38, 550, 47
38, 560, 47
38, 570, 48
38, 580, 46
38, 590, 48
38, 600, 48
38, 610, 45
39, 620, 48
39, 630, 48
39, 640, 47
39, 650, 48
39, 660, 46
39, 670, 46
39, 680, 47
39, 690, 47
39, 700, 46
39, 710, 46
39, 720, 45
40, 730, 45
40, 740, 46
40, 750, 47
40, 760, 47
41, 770, 46
41, 780, 47
41, 790, 48
41, 800, 47
41, 810, 47
41, 820, 47
41, 830, 48
41, 840, 47
41, 850, 47
42, 860, 46
42, 870, 48
42, 880, 49
42, 890, 48
42, 900, 47
42, 910, 48
42, 920, 48
43, 930, 47
43, 940, 49
43, 950, 49
44, 960, 48
45, 970, 50
45, 980, 51
46, 990, 51
46, 1000, 54
46, 1010, 53
46, 1020, 54
46, 1030, 53
46, 1040, 53
46, 1050, 53
46, 1060, 52
46, 1070, 52
46, 1080, 53
46, 1090, 53
46, 1100, 53
46, 1110, 52
46, 1120, 53
46, 1130, 52
46, 1140, 52
46, 1150, 52
46, 1160, 52
46, 1170, 52
46, 1180, 52
46, 1190, 51
46, 1200, 52
46, 1210, 52
46, 1220, 51
46, 1230, 51
46, 1240, 50
46, 1250, 51
46, 1260, 51
46, 1270, 50
46, 1280, 51
46, 1290, 50
46, 1300, 50
46, 1310, 50
46, 1320, 51
46, 1330, 50
46, 1340, 50
46, 1350, 50
46, 1360, 50
47, 1370, 50
47, 1380, 51
47, 1390, 51
47, 1400, 51
47, 1410, 51
47, 1420, 51
47, 1430, 51
47, 1440, 51
47, 1450, 51
47, 1460, 51
47, 1470, 50
47, 1480, 51
47, 1490, 51
47, 1500, 50
47, 1510, 50
47, 1520, 50
48, 1530, 50
48, 1540, 52
48, 1550, 51
48, 1560, 51
48, 1570, 51
48, 1580, 52
48, 1590, 51
48, 1600, 51
48, 1610, 51
48, 1620, 51
49, 1630, 51
49, 1640, 52
49, 1650, 53
49, 1660, 52
49, 1670, 52
49, 1680, 52
49, 1690, 52
49, 1700, 52
49, 1710, 52
49, 1720, 52
49, 1730, 52
{'count': 1730, 'truepos': 45, 'falseneg': 15, 'correction': 0, 'unknownyes': 2, 'falsepos': 4, 'unique': 1730}
0: Wahono.csv: three: 0, 0
4, 10
6, 20, 87
8, 30, 88
10, 40, 83
11, 50, 83
16, 60, 67
17, 70, 80
18, 80, 66
20, 90, 63
21, 100, 51
23, 110, 51
25, 120, 51
28, 130, 53
28, 140, 60
28, 150, 58
28, 160, 52
28, 170, 54
28, 180, 47
28, 190, 46
28, 200, 46
28, 210, 43
29, 220, 44
29, 230, 47
30, 240, 42
30, 250, 49
32, 260, 43
32, 270, 48
32, 280, 50
33, 290, 45
34, 300, 49
34, 310, 49
35, 320, 49
35, 330, 48
35, 340, 46
35, 350, 51
35, 360, 48
35, 370, 48
36, 380, 48
36, 390, 50
36, 400, 47
37, 410, 49
37, 420, 50
37, 430, 48
37, 440, 48
37, 450, 46
37, 460, 45
38, 470, 46
38, 480, 46
39, 490, 46
39, 500, 48
39, 510, 47
39, 520, 47
39, 530, 48
40, 540, 46
40, 550, 49
40, 560, 48
40, 570, 47
41, 580, 48
41, 590, 48
41, 600, 48
41, 610, 49
41, 620, 50
41, 630, 48
41, 640, 49
41, 650, 48
41, 660, 49
41, 670, 47
41, 680, 47
41, 690, 47
41, 700, 47
41, 710, 46
42, 720, 47
43, 730, 48
43, 740, 49
43, 750, 49
43, 760, 48
43, 770, 50
43, 780, 49
43, 790, 48
43, 800, 47
44, 810, 47
45, 820, 49
46, 830, 52
46, 840, 53
46, 850, 52
46, 860, 52
46, 870, 51
46, 880, 51
46, 890, 53
46, 900, 51
46, 910, 51
46, 920, 52
46, 930, 51
46, 940, 52
46, 950, 52
46, 960, 51
46, 970, 51
47, 980, 51
47, 990, 52
47, 1000, 53
47, 1010, 52
47, 1020, 52
47, 1030, 51
47, 1040, 52
47, 1050, 51
47, 1060, 51
47, 1070, 51
47, 1080, 51
47, 1090, 51
47, 1100, 51
47, 1110, 51
47, 1120, 51
47, 1130, 51
47, 1140, 51
47, 1150, 51
47, 1160, 51
47, 1170, 51
47, 1180, 50
47, 1190, 51
47, 1200, 51
47, 1210, 51
47, 1220, 51
47, 1230, 51
47, 1240, 51
47, 1250, 50
47, 1260, 51
47, 1270, 51
47, 1280, 51
47, 1290, 50
47, 1300, 51
47, 1310, 51
47, 1320, 50
47, 1330, 50
47, 1340, 50
47, 1350, 50
47, 1360, 51
47, 1370, 50
47, 1380, 50
47, 1390, 50
47, 1400, 50
47, 1410, 50
47, 1420, 50
47, 1430, 50
47, 1440, 50
47, 1450, 50
47, 1460, 50
47, 1470, 50
47, 1480, 50
{'count': 2985, 'truepos': 47, 'falseneg': 12, 'correction': 24, 'unknownyes': 3, 'falsepos': 0, 'unique': 1480}
0: Wahono.csv: machine: 0, 0
4, 10
5, 20, 97
8, 30, 100
11, 40, 100
12, 50, 115
13, 60, 110
13, 70, 105
17, 80, 81
17, 90, 90
18, 100, 68
19, 110, 66
19, 120, 65
18, 120, 65
20, 130, 58
23, 140, 48
25, 150, 44
27, 160, 53
29, 170, 51
34, 170, 51
35, 180, 60
35, 190, 64
35, 200, 60
36, 210, 57
36, 220, 59
37, 220, 59
38, 230, 56
38, 240, 57
39, 250, 58
39, 260, 60
39, 270, 56
39, 270, 56
43, 280, 54
43, 290, 57
43, 300, 58
43, 310, 59
43, 320, 60
44, 320, 60
44, 330, 60
44, 340, 61
44, 350, 56
44, 360, 55
46, 370, 56
49, 370, 56
49, 380, 65
49, 390, 65
49, 400, 60
49, 410, 59
49, 420, 63
50, 420, 63
50, 430, 60
52, 440, 60
52, 450, 62
52, 460, 63
52, 470, 62
53, 470, 62
53, 480, 63
54, 490, 62
54, 500, 62
54, 510, 65
54, 520, 65
56, 520, 65
56, 530, 65
56, 540, 66
56, 550, 66
56, 560, 65
56, 570, 65
56, 570, 65
56, 580, 66
56, 590, 66
56, 600, 63
56, 610, 65
56, 620, 64
56, 620, 64
56, 630, 64
57, 640, 64
57, 650, 65
57, 660, 65
57, 670, 64
58, 670, 64
58, 680, 65
58, 690, 67
58, 700, 66
58, 710, 65
58, 720, 65
59, 720, 65
59, 730, 67
59, 740, 66
59, 750, 66
59, 760, 67
59, 770, 66
59, 770, 66
59, 780, 66
59, 790, 66
59, 800, 65
59, 810, 67
59, 820, 66
59, 820, 66
59, 830, 66
59, 840, 66
59, 850, 66
59, 860, 65
59, 870, 64
59, 870, 64
59, 880, 65
59, 890, 65
59, 900, 65
59, 910, 64
60, 920, 65
60, 920, 65
60, 930, 66
60, 940, 66
60, 950, 66
60, 960, 67
60, 970, 65
60, 970, 65
60, 980, 65
60, 990, 65
60, 1000, 65
60, 1010, 65
60, 1020, 65
60, 1020, 65
60, 1030, 65
60, 1040, 64
60, 1050, 64
60, 1060, 64
60, 1070, 65
60, 1070, 65
60, 1080, 64
60, 1090, 64
60, 1100, 65
60, 1110, 64
60, 1120, 64
60, 1120, 64
60, 1130, 64
60, 1140, 64
60, 1150, 64
60, 1160, 64
60, 1170, 65
60, 1170, 65
60, 1180, 64
60, 1190, 64
60, 1200, 64
61, 1210, 64
61, 1220, 65
61, 1220, 65
61, 1230, 65
61, 1240, 65
61, 1250, 65
{'count': 1846, 'truepos': 60, 'falseneg': 1, 'correction': 16, 'unknownyes': 1, 'falsepos': 1, 'unique': 1250}
0: Wahono.csv: knee: 0, 0
4, 10
5, 20
7, 30
8, 40
8, 50
8, 60
11, 70
12, 80
14, 90
15, 100
15, 110
16, 120
16, 130
18, 140
18, 150
18, 160
20, 170
24, 180
25, 190
26, 200
28, 210
30, 220
30, 230
31, 240
31, 250
31, 260
31, 270
31, 280
31, 290
31, 300
31, 310
{'count': 501, 'truepos': 39, 'falseneg': 5, 'correction': 8, 'unknownyes': 18, 'falsepos': 0, 'unique': 310}
0: Danijel.csv: none: 0, 0
1, 10
1, 20, 121
1, 30, 112
2, 40, 113
3, 50, 79
6, 60, 59
6, 70, 67
7, 80, 55
7, 90, 55
9, 100, 50
11, 110, 53
15, 120, 55
19, 130, 63
20, 140, 59
21, 150, 40
21, 160, 41
22, 170, 37
22, 180, 35
23, 190, 37
24, 200, 41
25, 210, 38
25, 220, 39
25, 230, 39
25, 240, 36
25, 250, 38
25, 260, 37
25, 270, 36
25, 280, 35
25, 290, 34
25, 300, 37
26, 310, 35
26, 320, 36
27, 330, 35
27, 340, 36
29, 350, 35
30, 360, 39
30, 370, 39
32, 380, 37
32, 390, 39
32, 400, 38
32, 410, 39
32, 420, 39
32, 430, 38
32, 440, 38
32, 450, 38
32, 460, 38
32, 470, 37
32, 480, 37
32, 490, 37
32, 500, 37
32, 510, 37
32, 520, 37
32, 530, 37
32, 540, 36
32, 550, 38
32, 560, 37
32, 570, 37
32, 580, 36
32, 590, 36
32, 600, 37
32, 610, 36
32, 620, 35
32, 630, 36
32, 640, 36
32, 650, 36
32, 660, 36
32, 670, 35
32, 680, 35
32, 690, 35
32, 700, 36
32, 710, 35
32, 720, 35
32, 730, 35
32, 740, 35
32, 750, 35
32, 760, 35
32, 770, 35
33, 780, 35
33, 790, 36
33, 800, 36
33, 810, 35
33, 820, 35
33, 830, 35
33, 840, 35
33, 850, 35
33, 860, 35
33, 870, 35
33, 880, 36
33, 890, 35
33, 900, 35
33, 910, 35
33, 920, 35
33, 930, 35
33, 940, 35
33, 950, 35
33, 960, 35
33, 970, 35
33, 980, 35
33, 990, 35
33, 1000, 35
33, 1010, 35
33, 1020, 35
{'count': 1020, 'truepos': 33, 'falseneg': 13, 'correction': 0, 'unknownyes': 2, 'falsepos': 0, 'unique': 1020}
0: Danijel.csv: three: 0, 0
3, 10
3, 20, 126
3, 30, 87
3, 40, 55
4, 50, 50
5, 60, 46
8, 70, 43
10, 80, 48
13, 90, 47
16, 100, 51
19, 110, 49
19, 120, 53
20, 130, 47
21, 140, 42
21, 150, 41
22, 160, 38
22, 170, 42
23, 180, 37
24, 190, 39
24, 200, 41
24, 210, 39
24, 220, 38
25, 230, 38
25, 240, 36
25, 250, 37
26, 260, 35
26, 270, 37
27, 280, 35
27, 290, 39
29, 300, 39
30, 310, 38
31, 320, 42
31, 330, 41
31, 340, 41
31, 350, 39
31, 360, 39
32, 370, 38
32, 380, 40
32, 390, 39
32, 400, 39
33, 410, 38
33, 420, 40
33, 430, 40
33, 440, 39
33, 450, 40
33, 460, 38
33, 470, 40
35, 480, 38
35, 490, 42
35, 500, 40
35, 510, 40
35, 520, 41
35, 530, 40
35, 540, 40
35, 550, 39
35, 560, 40
35, 570, 40
35, 580, 39
35, 590, 40
35, 600, 39
35, 610, 39
35, 620, 38
35, 630, 39
35, 640, 38
35, 650, 39
35, 660, 38
35, 670, 39
35, 680, 38
35, 690, 38
35, 700, 38
36, 710, 38
36, 720, 39
36, 730, 39
36, 740, 39
36, 750, 39
36, 760, 39
36, 770, 39
36, 780, 39
36, 790, 39
37, 800, 38
37, 810, 40
37, 820, 40
37, 830, 39
37, 840, 39
37, 850, 39
37, 860, 39
37, 870, 39
37, 880, 39
37, 890, 39
37, 900, 39
37, 910, 39
37, 920, 40
37, 930, 39
37, 940, 39
37, 950, 39
37, 960, 39
37, 970, 39
37, 980, 39
{'count': 1989, 'truepos': 37, 'falseneg': 9, 'correction': 26, 'unknownyes': 2, 'falsepos': 0, 'unique': 980}
0: Danijel.csv: machine: 0, 0
3, 10
4, 20, 112
6, 30, 104
7, 40, 94
7, 50, 72
7, 60, 56
7, 60, 56
9, 70, 49
11, 80, 51
12, 90, 49
13, 100, 49
13, 110, 42
13, 110, 42
14, 120, 39
15, 130, 41
15, 140, 41
15, 150, 38
18, 160, 37
18, 160, 37
18, 170, 38
19, 180, 38
20, 190, 38
21, 200, 32
22, 210, 33
26, 210, 33
27, 220, 38
29, 230, 38
29, 240, 41
29, 250, 39
29, 260, 38
31, 260, 38
31, 270, 40
31, 280, 40
32, 290, 41
32, 300, 40
33, 310, 41
35, 310, 41
35, 320, 45
36, 330, 46
36, 340, 46
36, 350, 44
36, 360, 44
38, 360, 44
38, 370, 47
39, 380, 46
39, 390, 48
39, 400, 47
39, 410, 46
40, 410, 46
40, 420, 46
40, 430, 48
40, 440, 46
40, 450, 47
40, 460, 46
41, 460, 46
41, 470, 46
41, 480, 45
42, 490, 47
42, 500, 49
42, 510, 46
43, 510, 46
43, 520, 50
43, 530, 50
43, 540, 47
43, 550, 47
43, 560, 47
43, 560, 47
44, 570, 47
44, 580, 50
44, 590, 47
44, 600, 48
44, 610, 49
44, 610, 49
44, 620, 49
44, 630, 48
45, 640, 49
45, 650, 52
45, 660, 53
45, 660, 53
45, 670, 51
45, 680, 51
45, 690, 51
45, 700, 49
45, 710, 49
46, 710, 49
46, 720, 50
46, 730, 52
46, 740, 50
47, 750, 50
47, 760, 54
47, 760, 54
47, 770, 50
47, 780, 51
47, 790, 52
47, 800, 50
47, 810, 51
47, 810, 51
{'count': 1428, 'truepos': 42, 'falseneg': 4, 'correction': 12, 'unknownyes': 2, 'falsepos': 5, 'unique': 810}
0: Danijel.csv: knee: 0, 0
2, 10
2, 20
3, 30
5, 40
5, 50
8, 60
8, 70
10, 80
10, 90
11, 100
11, 110
13, 120
13, 130
13, 140
13, 150
13, 160
14, 170
16, 180
18, 190
20, 200
20, 210
20, 220
22, 230
23, 240
23, 250
24, 260
24, 270
25, 280
25, 290
25, 300
25, 310
26, 320
26, 330
27, 340
27, 350
27, 360
28, 370
28, 380
29, 390
29, 400
29, 410
30, 420
30, 430
30, 440
30, 450
30, 460
31, 470
31, 480
31, 490
31, 500
31, 510
31, 520
31, 530
31, 540
31, 550
31, 560
31, 570
31, 580
31, 590
31, 600
31, 610
31, 620
31, 630
31, 640
31, 650
31, 660
31, 670
32, 680
32, 690
32, 700
32, 710
32, 720
32, 730
33, 740
33, 750
33, 760
33, 770
33, 780
34, 790
34, 800
34, 810
34, 820
34, 830
34, 840
34, 850
34, 860
35, 870
35, 880
35, 890
35, 900
35, 910
35, 920
35, 930
35, 940
35, 950
36, 960
36, 970
36, 980
36, 990
36, 1000
36, 1010
36, 1020
36, 1030
36, 1040
{'count': 1408, 'truepos': 42, 'falseneg': 3, 'correction': 15, 'unknownyes': 3, 'falsepos': 0, 'unique': 1040}
0: K_all3.csv: none: 0, 0
2, 10
4, 20, 70
6, 30, 64
8, 40, 57
11, 50, 49
13, 60, 50
13, 70, 53
15, 80, 43
16, 90, 45
16, 100, 41
17, 110, 38
17, 120, 38
17, 130, 37
17, 140, 36
17, 150, 36
18, 160, 36
18, 170, 37
19, 180, 36
21, 190, 37
21, 200, 36
22, 210, 30
23, 220, 31
23, 230, 35
23, 240, 32
23, 250, 32
23, 260, 30
24, 270, 31
24, 280, 31
24, 290, 32
24, 300, 31
24, 310, 30
24, 320, 30
26, 330, 28
26, 340, 30
26, 350, 29
26, 360, 29
26, 370, 30
27, 380, 29
28, 390, 30
28, 400, 31
29, 410, 30
29, 420, 31
30, 430, 31
30, 440, 32
30, 450, 32
{'count': 450, 'truepos': 26, 'falseneg': 10, 'correction': 0, 'unknownyes': 9, 'falsepos': 4, 'unique': 450}
0: K_all3.csv: three: 0, 0
2, 10
4, 20, 71
4, 30, 60
5, 40, 47
6, 50, 42
9, 60, 38
11, 70, 41
13, 80, 41
16, 90, 43
19, 100, 44
19, 110, 48
21, 120, 44
21, 130, 41
21, 140, 38
22, 150, 33
23, 160, 37
24, 170, 35
24, 180, 34
24, 190, 32
24, 200, 35
25, 210, 32
26, 220, 31
26, 230, 34
26, 240, 33
27, 250, 31
27, 260, 34
27, 270, 32
28, 280, 31
28, 290, 33
28, 300, 33
30, 310, 32
31, 320, 34
31, 330, 35
31, 340, 35
31, 350, 34
32, 360, 34
33, 370, 34
34, 380, 36
34, 390, 36
34, 400, 37
34, 410, 36
35, 420, 36
35, 430, 37
35, 440, 38
35, 450, 37
35, 460, 37
35, 470, 37
35, 480, 37
35, 490, 37
35, 500, 37
{'count': 1025, 'truepos': 35, 'falseneg': 6, 'correction': 23, 'unknownyes': 4, 'falsepos': 0, 'unique': 500}
0: K_all3.csv: machine: 0, 0
2, 10
4, 20, 71
5, 30, 64
7, 40, 52
10, 50, 50
11, 60, 55
13, 70, 48
13, 80, 49
15, 90, 43
15, 100, 43
15, 110, 40
15, 120, 38
16, 130, 37
16, 140, 39
17, 150, 38
17, 160, 39
17, 170, 38
17, 180, 38
17, 190, 38
17, 200, 38
17, 210, 38
17, 220, 38
17, 230, 38
17, 240, 38
17, 250, 38
17, 260, 38
17, 270, 38
18, 280, 38
18, 290, 39
18, 300, 39
19, 310, 39
20, 320, 40
21, 330, 25
21, 340, 29
24, 350, 28
25, 360, 33
29, 360, 33
29, 370, 40
29, 380, 36
29, 390, 36
29, 400, 36
29, 410, 35
32, 410, 35
32, 420, 38
33, 430, 37
34, 440, 39
34, 450, 39
34, 460, 38
36, 460, 38
37, 470, 40
37, 480, 40
37, 490, 40
37, 500, 40
37, 510, 39
37, 510, 39
38, 520, 39
{'count': 720, 'truepos': 31, 'falseneg': 7, 'correction': 5, 'unknownyes': 7, 'falsepos': 7, 'unique': 520}
0: K_all3.csv: knee: 0, 0
1, 10
2, 20
4, 30
6, 40
6, 50
9, 60
11, 70
13, 80
16, 90
18, 100
18, 110
19, 120
19, 130
21, 140
22, 150
24, 160
24, 170
24, 180
24, 190
24, 200
24, 210
24, 220
25, 230
26, 240
26, 250
26, 260
26, 270
27, 280
27, 290
27, 300
27, 310
28, 320
29, 330
29, 340
30, 350
30, 360
30, 370
30, 380
30, 390
30, 400
31, 410
31, 420
32, 430
32, 440
33, 450
33, 460
33, 470
33, 480
33, 490
34, 500
34, 510
34, 520
36, 530
36, 540
37, 550
37, 560
37, 570
37, 580
37, 590
37, 600
37, 610
37, 620
37, 630
37, 640
37, 650
37, 660
37, 670
37, 680
37, 690
37, 700
37, 710
37, 720
{'count': 869, 'truepos': 32, 'falseneg': 9, 'correction': 12, 'unknownyes': 4, 'falsepos': 0, 'unique': 720}

------------------------------------------------------------
Sender: LSF System <lsfadmin@n2b1-10>
Subject: Job 629669: </share/tjmenzie/zyu9/miniconda2/bin/python2.7 runner.py error_hpcc 0> in cluster <henry2> Done

Job </share/tjmenzie/zyu9/miniconda2/bin/python2.7 runner.py error_hpcc 0> was submitted from host <login01.hpc.ncsu.edu> by user <zyu9> in cluster <henry2> at Wed Jan 31 09:58:21 2018.
Job was executed on host(s) <2*n2b1-10>, in queue <single_chassis>, as user <zyu9> in cluster <henry2> at Wed Jan 31 09:58:27 2018.
</home/zyu9> was used as the home directory.
</home/zyu9/projects/MAR_HPC/Error/src> was used as the working directory.
Started at Wed Jan 31 09:58:27 2018.
Terminated at Wed Jan 31 10:51:40 2018.
Results reported at Wed Jan 31 10:51:40 2018.

Your job looked like:

------------------------------------------------------------
# LSBATCH: User input
/share/tjmenzie/zyu9/miniconda2/bin/python2.7 runner.py error_hpcc 0
------------------------------------------------------------

Successfully completed.

Resource usage summary:

    CPU time :                                   4149.21 sec.
    Max Memory :                                 287.53 MB
    Average Memory :                             228.66 MB
    Total Requested Memory :                     -
    Delta Memory :                               -
    Max Swap :                                   1331 MB
    Max Processes :                              3
    Max Threads :                                8
    Run time :                                   3199 sec.
    Turnaround time :                            3199 sec.

The output (if any) is above this job summary.



PS:

Read file <./err/0.err.629669> for stderr output of this job.

