1: Hall.csv: none: 0, 0
5, 10
7, 20, 97
12, 30, 95
15, 40, 99
17, 50, 90
19, 60, 84
21, 70, 82
24, 80, 81
28, 90, 83
31, 100, 86
34, 110, 62
34, 120, 67
37, 130, 61
42, 140, 63
45, 150, 73
46, 160, 72
47, 170, 74
48, 180, 72
48, 190, 62
48, 200, 68
49, 210, 68
53, 220, 68
55, 230, 65
56, 240, 72
57, 250, 81
61, 260, 69
63, 270, 75
66, 280, 78
67, 290, 87
69, 300, 84
69, 310, 86
69, 320, 90
69, 330, 88
69, 340, 87
70, 350, 83
70, 360, 89
70, 370, 87
70, 380, 83
70, 390, 80
70, 400, 81
70, 410, 83
70, 420, 81
70, 430, 80
70, 440, 78
70, 450, 80
70, 460, 79
70, 470, 79
70, 480, 77
70, 490, 78
70, 500, 77
70, 510, 78
70, 520, 77
70, 530, 78
70, 540, 76
70, 550, 76
70, 560, 77
70, 570, 75
70, 580, 77
70, 590, 74
71, 600, 76
71, 610, 76
71, 620, 76
71, 630, 77
72, 640, 78
72, 650, 77
72, 660, 78
72, 670, 78
73, 680, 78
73, 690, 79
73, 700, 79
73, 710, 78
73, 720, 78
73, 730, 78
74, 740, 78
74, 750, 80
74, 760, 79
74, 770, 80
74, 780, 80
74, 790, 79
74, 800, 78
74, 810, 79
74, 820, 79
74, 830, 78
74, 840, 79
74, 850, 78
74, 860, 78
74, 870, 79
74, 880, 78
74, 890, 78
74, 900, 79
74, 910, 79
74, 920, 79
74, 930, 78
74, 940, 79
74, 950, 79
74, 960, 79
74, 970, 78
74, 980, 78
74, 990, 78
74, 1000, 78
74, 1010, 78
74, 1020, 77
74, 1030, 77
74, 1040, 78
74, 1050, 78
74, 1060, 78
74, 1070, 78
74, 1080, 78
74, 1090, 77
74, 1100, 77
74, 1110, 77
74, 1120, 78
74, 1130, 78
74, 1140, 77
74, 1150, 77
74, 1160, 77
74, 1170, 78
74, 1180, 78
74, 1190, 77
74, 1200, 77
74, 1210, 77
74, 1220, 77
74, 1230, 77
74, 1240, 77
74, 1250, 77
74, 1260, 77
74, 1270, 77
74, 1280, 77
74, 1290, 78
74, 1300, 77
74, 1310, 77
74, 1320, 77
74, 1330, 77
74, 1340, 77
74, 1350, 77
74, 1360, 77
74, 1370, 78
74, 1380, 77
74, 1390, 77
74, 1400, 77
74, 1410, 77
74, 1420, 77
{'count': 1420, 'truepos': 71, 'falseneg': 32, 'correction': 0, 'unknownyes': 1, 'falsepos': 3, 'unique': 1420}
1: Hall.csv: three: 0, 0
8, 10
8, 20, 123
9, 30, 112
13, 40, 103
15, 50, 103
18, 60, 85
23, 70, 83
26, 80, 86
31, 90, 81
34, 100, 62
37, 110, 62
42, 120, 65
46, 130, 78
48, 140, 82
51, 150, 78
54, 160, 75
55, 170, 79
58, 180, 77
60, 190, 86
65, 200, 76
67, 210, 85
72, 220, 83
72, 230, 95
72, 240, 93
73, 250, 88
76, 260, 86
77, 270, 87
79, 280, 89
80, 290, 91
80, 300, 97
80, 310, 95
80, 320, 89
81, 330, 91
82, 340, 91
83, 350, 93
85, 360, 94
85, 370, 97
85, 380, 95
85, 390, 93
85, 400, 98
85, 410, 94
85, 420, 94
85, 430, 93
85, 440, 97
85, 450, 93
85, 460, 93
85, 470, 93
85, 480, 92
85, 490, 91
85, 500, 93
85, 510, 91
85, 520, 92
85, 530, 92
85, 540, 92
85, 550, 91
85, 560, 91
85, 570, 90
85, 580, 91
85, 590, 91
85, 600, 92
85, 610, 91
85, 620, 91
85, 630, 91
85, 640, 89
85, 650, 90
85, 660, 90
85, 670, 90
85, 680, 90
85, 690, 90
85, 700, 90
85, 710, 90
85, 720, 89
85, 730, 90
85, 740, 89
85, 750, 90
85, 760, 89
85, 770, 89
85, 780, 89
85, 790, 89
{'count': 1629, 'truepos': 85, 'falseneg': 17, 'correction': 44, 'unknownyes': 2, 'falsepos': 0, 'unique': 790}
1: Hall.csv: machine: 0, 0
7, 10
7, 20, 109
11, 30, 107
14, 40, 114
18, 50, 97
22, 60, 93
['yes']
['no' 'no' 'yes' 'no' 'yes' 'no' 'no' 'no' 'no' 'no' 'no' 'no' 'no' 'no'
 'yes' 'no' 'no' 'no' 'yes']
25, 60, 93
28, 70, 96
31, 80, 90
36, 90, 71
39, 100, 76
43, 110, 79
['yes']
['yes' 'no' 'no' 'no' 'no' 'no' 'no' 'yes' 'no' 'no' 'no' 'no' 'no' 'no'
 'no' 'no' 'no' 'no' 'no']
44, 110, 79
48, 120, 82
50, 130, 79
51, 140, 83
54, 150, 75
56, 160, 79
['yes']
['yes' 'yes' 'no' 'no' 'no' 'yes' 'no' 'yes' 'no' 'no' 'no' 'no' 'yes'
 'no' 'no' 'no' 'no' 'no' 'yes']
60, 160, 79
65, 170, 79
67, 180, 85
69, 190, 85
74, 200, 84
75, 210, 93
['yes']
['no' 'no' 'no' 'no' 'no' 'no' 'no' 'no' 'no' 'yes' 'yes' 'no' 'no' 'no'
 'no' 'no' 'no' 'no' 'no']
76, 210, 93
78, 220, 92
79, 230, 95
81, 240, 89
84, 250, 90
85, 260, 95
['yes']
['no' 'no' 'no' 'no' 'no' 'no' 'yes' 'no' 'no' 'yes' 'yes' 'no' 'no' 'no'
 'no' 'no' 'yes' 'no' 'no']
88, 260, 95
88, 270, 105
88, 280, 101
88, 290, 99
89, 300, 99
90, 310, 98
['yes']
['no' 'no' 'no' 'no' 'no' 'no' 'no' 'no' 'no' 'no' 'no' 'no' 'no' 'no'
 'no' 'no' 'no' 'yes' 'no']
90, 310, 98
90, 320, 102
90, 330, 99
90, 340, 98
90, 350, 98
90, 360, 98
['yes']
['no' 'no' 'no' 'no' 'no' 'no' 'no' 'no' 'no' 'no' 'no' 'no' 'no' 'no'
 'no' 'no' 'no' 'no' 'no']
90, 360, 98
90, 370, 97
90, 380, 97
91, 390, 96
91, 400, 97
92, 410, 97
['yes']
['yes' 'no' 'no' 'no' 'no' 'no' 'no' 'no' 'no' 'no' 'no' 'no' 'no' 'no'
 'yes' 'no' 'no' 'no' 'no']
94, 410, 97
94, 420, 100
94, 430, 101
94, 440, 101
94, 450, 101
94, 460, 99
['no']
['yes' 'no' 'no' 'no' 'no' 'no' 'no' 'no' 'no' 'no' 'no' 'no' 'no' 'no'
 'no' 'no' 'no' 'no' 'no']
94, 460, 99
94, 470, 102
94, 480, 101
94, 490, 102
94, 500, 101
95, 510, 101
['no']
['no' 'no' 'no' 'no' 'no' 'no' 'no' 'no' 'no' 'no' 'no' 'no' 'no' 'yes'
 'no' 'no' 'no' 'no' 'no']
95, 510, 101
95, 520, 101
95, 530, 102
95, 540, 103
95, 550, 101
95, 560, 100
['yes']
['no' 'no' 'no' 'no' 'no' 'no' 'no' 'no' 'no' 'no' 'no' 'no' 'no' 'no'
 'no' 'no' 'no' 'no' 'no']
96, 560, 100
96, 570, 102
96, 580, 101
96, 590, 101
96, 600, 101
96, 610, 101
['yes']
['no' 'no' 'no' 'no' 'no' 'no' 'no' 'no' 'no' 'no' 'no' 'no' 'no' 'no'
 'yes' 'no' 'no' 'no' 'no']
97, 610, 101
97, 620, 103
97, 630, 102
{'count': 873, 'truepos': 95, 'falseneg': 7, 'correction': 20, 'unknownyes': 2, 'falsepos': 2, 'unique': 630}
1: Hall.csv: knee: 0, 0
5, 10
6, 20
10, 30
14, 40
16, 50
20, 60
22, 70
23, 80
27, 90
32, 100
37, 110
42, 120
43, 130
46, 140
52, 150
53, 160
55, 170
56, 180
58, 190
60, 200
60, 210
61, 220
63, 230
65, 240
65, 250
67, 260
68, 270
69, 280
69, 290
70, 300
70, 310
71, 320
71, 330
72, 340
73, 350
73, 360
73, 370
74, 380
74, 390
74, 400
74, 410
74, 420
75, 430
75, 440
75, 450
75, 460
75, 470
75, 480
75, 490
75, 500
75, 510
75, 520
{'count': 683, 'truepos': 85, 'falseneg': 16, 'correction': 22, 'unknownyes': 3, 'falsepos': 1, 'unique': 520}
1: Wahono.csv: none: 0, 0
4, 10
4, 20, 91
7, 30, 85
9, 40, 85
11, 50, 76
13, 60, 66
14, 70, 64
14, 80, 54
15, 90, 47
18, 100, 44
19, 110, 48
19, 120, 48
20, 130, 46
20, 140, 46
21, 150, 44
22, 160, 44
23, 170, 45
25, 180, 46
26, 190, 48
28, 200, 48
29, 210, 52
30, 220, 52
32, 230, 51
34, 240, 54
34, 250, 64
34, 260, 57
34, 270, 54
35, 280, 53
35, 290, 51
35, 300, 49
36, 310, 52
36, 320, 49
36, 330, 49
36, 340, 52
36, 350, 51
36, 360, 47
36, 370, 49
36, 380, 48
37, 390, 48
37, 400, 47
37, 410, 47
38, 420, 46
38, 430, 49
38, 440, 48
38, 450, 48
38, 460, 47
38, 470, 46
38, 480, 46
38, 490, 46
38, 500, 47
38, 510, 47
39, 520, 46
40, 530, 47
40, 540, 48
40, 550, 48
40, 560, 49
41, 570, 46
41, 580, 48
41, 590, 50
42, 600, 49
42, 610, 50
42, 620, 50
42, 630, 49
43, 640, 49
43, 650, 50
43, 660, 51
43, 670, 49
43, 680, 49
43, 690, 49
43, 700, 48
43, 710, 49
43, 720, 48
43, 730, 49
43, 740, 48
43, 750, 50
44, 760, 49
44, 770, 49
44, 780, 50
44, 790, 51
44, 800, 49
44, 810, 49
45, 820, 50
45, 830, 50
45, 840, 51
45, 850, 50
45, 860, 51
45, 870, 51
45, 880, 50
45, 890, 50
45, 900, 50
45, 910, 50
45, 920, 50
45, 930, 50
45, 940, 49
45, 950, 50
45, 960, 49
45, 970, 50
46, 980, 49
46, 990, 51
46, 1000, 51
46, 1010, 50
46, 1020, 51
46, 1030, 51
46, 1040, 51
46, 1050, 50
46, 1060, 50
46, 1070, 51
46, 1080, 50
46, 1090, 50
46, 1100, 50
46, 1110, 50
46, 1120, 50
46, 1130, 50
46, 1140, 50
46, 1150, 50
46, 1160, 49
46, 1170, 49
46, 1180, 49
46, 1190, 49
46, 1200, 49
46, 1210, 49
46, 1220, 49
46, 1230, 49
46, 1240, 49
46, 1250, 49
46, 1260, 49
46, 1270, 49
46, 1280, 49
46, 1290, 49
46, 1300, 49
47, 1310, 49
47, 1320, 50
47, 1330, 50
47, 1340, 50
47, 1350, 50
47, 1360, 50
47, 1370, 50
47, 1380, 50
48, 1390, 50
48, 1400, 51
48, 1410, 51
48, 1420, 51
48, 1430, 51
48, 1440, 51
{'count': 1440, 'truepos': 45, 'falseneg': 14, 'correction': 0, 'unknownyes': 3, 'falsepos': 3, 'unique': 1440}
1: Wahono.csv: three: 0, 0
5, 10
5, 20, 92
8, 30, 90
15, 40, 88
17, 50, 97
17, 60, 89
18, 70, 80
18, 80, 71
20, 90, 53
21, 100, 54
22, 110, 55
23, 120, 53
24, 130, 52
26, 140, 52
27, 150, 59
28, 160, 56
28, 170, 54
28, 180, 51
29, 190, 49
31, 200, 50
33, 210, 57
33, 220, 63
34, 230, 56
34, 240, 58
34, 250, 54
35, 260, 51
35, 270, 51
35, 280, 52
35, 290, 53
35, 300, 50
35, 310, 51
37, 320, 50
38, 330, 51
38, 340, 58
38, 350, 53
38, 360, 50
39, 370, 50
39, 380, 52
39, 390, 52
39, 400, 52
39, 410, 54
39, 420, 52
39, 430, 51
39, 440, 49
39, 450, 50
39, 460, 51
39, 470, 48
39, 480, 47
39, 490, 47
39, 500, 48
39, 510, 48
41, 520, 46
41, 530, 49
42, 540, 47
42, 550, 50
42, 560, 49
42, 570, 50
42, 580, 49
42, 590, 48
42, 600, 49
42, 610, 48
42, 620, 49
42, 630, 49
42, 640, 48
42, 650, 48
42, 660, 49
42, 670, 47
42, 680, 48
42, 690, 47
42, 700, 47
42, 710, 47
42, 720, 48
42, 730, 48
43, 740, 46
43, 750, 50
43, 760, 48
43, 770, 48
43, 780, 48
43, 790, 48
43, 800, 48
43, 810, 48
43, 820, 49
43, 830, 48
43, 840, 47
44, 850, 49
44, 860, 49
44, 870, 49
44, 880, 48
44, 890, 49
44, 900, 49
44, 910, 48
44, 920, 48
44, 930, 48
44, 940, 48
44, 950, 48
44, 960, 49
44, 970, 48
44, 980, 48
44, 990, 48
44, 1000, 48
44, 1010, 48
44, 1020, 48
44, 1030, 47
44, 1040, 48
44, 1050, 47
44, 1060, 47
44, 1070, 47
44, 1080, 47
44, 1090, 48
44, 1100, 48
44, 1110, 47
44, 1120, 48
44, 1130, 47
44, 1140, 47
44, 1150, 47
44, 1160, 47
44, 1170, 48
44, 1180, 47
44, 1190, 47
44, 1200, 47
44, 1210, 48
44, 1220, 46
44, 1230, 47
44, 1240, 47
44, 1250, 47
44, 1260, 47
44, 1270, 47
44, 1280, 47
44, 1290, 47
{'count': 2616, 'truepos': 44, 'falseneg': 16, 'correction': 32, 'unknownyes': 2, 'falsepos': 0, 'unique': 1290}
1: Wahono.csv: machine: 0, 0
4, 10
6, 20, 97
7, 30, 92
7, 40, 90
9, 50, 71
11, 60, 65
['yes']
['yes' 'yes' 'no' 'no' 'no' 'no' 'no' 'no' 'no' 'no' 'yes' 'no' 'yes' 'no'
 'no' 'no' 'no' 'no' 'no']
15, 60, 65
16, 70, 67
17, 80, 59
18, 90, 51
18, 100, 52
18, 110, 46
['yes']
['no' 'no' 'yes' 'no' 'yes' 'no' 'no' 'no' 'no' 'no' 'no' 'no' 'no' 'yes'
 'no' 'no' 'no' 'no' 'no']
21, 110, 46
23, 120, 45
24, 130, 47
24, 140, 47
25, 150, 46
26, 160, 46
['yes']
['no' 'no' 'yes' 'no' 'no' 'no' 'no' 'no' 'no' 'no' 'no' 'no' 'no' 'no'
 'no' 'no' 'no' 'no' 'no']
27, 160, 46
27, 170, 48
28, 180, 47
28, 190, 49
30, 200, 48
30, 210, 46
['yes']
['no' 'no' 'no' 'no' 'no' 'no' 'no' 'no' 'no' 'no' 'no' 'no' 'no' 'no'
 'no' 'no' 'no' 'no' 'no']
30, 210, 46
33, 220, 48
33, 230, 56
33, 240, 57
33, 250, 55
34, 260, 53
['yes']
['no' 'no' 'yes' 'no' 'no' 'yes' 'no' 'yes' 'no' 'no' 'no' 'yes' 'no' 'no'
 'no' 'no' 'no' 'no' 'no']
38, 260, 53
38, 270, 64
38, 280, 59
39, 290, 57
40, 300, 60
41, 310, 59
['yes']
['no' 'no' 'no' 'no' 'no' 'no' 'no' 'no' 'no' 'no' 'no' 'no' 'no' 'yes'
 'no' 'no' 'no' 'no' 'no']
42, 310, 59
42, 320, 62
44, 330, 60
44, 340, 64
44, 350, 64
45, 360, 59
['yes']
['no' 'no' 'no' 'no' 'no' 'no' 'no' 'no' 'no' 'no' 'no' 'no' 'no' 'no'
 'no' 'no' 'no' 'no' 'no']
45, 360, 59
45, 370, 58
45, 380, 62
45, 390, 57
46, 400, 57
46, 410, 60
['yes']
['yes' 'no' 'no' 'no' 'no' 'no' 'no' 'no' 'no' 'no' 'no' 'no' 'no' 'no'
 'no' 'no' 'no' 'no' 'no']
47, 410, 60
48, 420, 60
48, 430, 58
48, 440, 61
49, 450, 59
49, 460, 58
['yes']
['no' 'yes' 'no' 'no' 'no' 'no' 'no' 'no' 'no' 'no' 'no' 'no' 'no' 'no'
 'no' 'no' 'no' 'no' 'no']
50, 460, 58
50, 470, 64
50, 480, 62
50, 490, 61
50, 500, 60
50, 510, 59
['yes']
['no' 'no' 'no' 'no' 'no' 'no' 'no' 'no' 'no' 'no' 'no' 'no' 'no' 'no'
 'no' 'no' 'no' 'no' 'no']
50, 510, 59
51, 520, 61
51, 530, 61
51, 540, 61
51, 550, 61
51, 560, 61
['yes']
['no' 'no' 'no' 'no' 'no' 'no' 'no' 'no' 'no' 'no' 'no' 'no' 'no' 'no'
 'no' 'no' 'no' 'no' 'no']
51, 560, 61
52, 570, 59
53, 580, 60
54, 590, 62
54, 600, 65
54, 610, 64
['yes']
['no' 'no' 'no' 'no' 'no' 'no' 'no' 'no' 'no' 'no' 'no' 'no' 'no' 'no'
 'no' 'no' 'no' 'no' 'no']
54, 610, 64
54, 620, 64
54, 630, 63
54, 640, 63
54, 650, 62
54, 660, 62
['no']
['no' 'yes' 'no' 'no' 'no' 'no' 'no' 'no' 'no' 'yes' 'no' 'no' 'no' 'no'
 'no' 'no' 'no' 'no' 'no']
54, 660, 62
54, 670, 62
54, 680, 59
54, 690, 62
54, 700, 61
54, 710, 62
['yes']
['no' 'no' 'no' 'no' 'no' 'no' 'no' 'no' 'no' 'no' 'no' 'no' 'no' 'no'
 'no' 'no' 'no' 'no' 'no']
54, 710, 62
54, 720, 61
54, 730, 60
54, 740, 61
54, 750, 61
55, 760, 60
['no']
['no' 'no' 'no' 'no' 'no' 'no' 'no' 'no' 'no' 'no' 'no' 'no' 'no' 'no'
 'no' 'no' 'no' 'no' 'no']
54, 760, 60
54, 770, 60
54, 780, 60
54, 790, 60
54, 800, 60
54, 810, 60
['yes']
['no' 'no' 'no' 'no' 'no' 'no' 'no' 'no' 'no' 'no' 'no' 'no' 'no' 'no'
 'no' 'no' 'no' 'no' 'no']
54, 810, 60
54, 820, 59
54, 830, 60
54, 840, 60
54, 850, 58
55, 860, 60
['no']
['no' 'no' 'no' 'no' 'no' 'no' 'no' 'no' 'no' 'no' 'no' 'no' 'no' 'no'
 'no' 'no' 'no' 'no' 'no']
54, 860, 60
54, 870, 59
54, 880, 59
54, 890, 59
54, 900, 58
54, 910, 59
['yes']
['no' 'no' 'no' 'no' 'no' 'no' 'no' 'no' 'no' 'no' 'no' 'no' 'no' 'no'
 'no' 'no' 'no' 'no' 'no']
54, 910, 59
54, 920, 60
54, 930, 59
55, 940, 60
55, 950, 61
55, 960, 60
['yes']
['no' 'no' 'no' 'no' 'no' 'no' 'no' 'no' 'no' 'no' 'no' 'no' 'no' 'no'
 'no' 'no' 'no' 'no' 'no']
55, 960, 60
55, 970, 60
55, 980, 60
55, 990, 62
55, 1000, 60
55, 1010, 60
['yes']
['no' 'no' 'no' 'no' 'no' 'no' 'no' 'no' 'no' 'no' 'no' 'no' 'no' 'no'
 'no' 'no' 'no' 'no' 'no']
55, 1010, 60
55, 1020, 60
55, 1030, 60
55, 1040, 60
55, 1050, 60
55, 1060, 60
['yes']
['no' 'no' 'no' 'no' 'no' 'no' 'no' 'no' 'no' 'no' 'no' 'no' 'no' 'no'
 'no' 'no' 'no' 'no' 'no']
55, 1060, 60
55, 1070, 59
55, 1080, 58
55, 1090, 59
56, 1100, 60
56, 1110, 60
['no']
['no' 'no' 'no' 'no' 'no' 'no' 'no' 'no' 'no' 'no' 'no' 'no' 'no' 'no'
 'no' 'no' 'no' 'no' 'no']
55, 1110, 60
55, 1120, 59
55, 1130, 60
55, 1140, 59
55, 1150, 59
55, 1160, 58
['yes']
['no' 'no' 'no' 'no' 'no' 'no' 'no' 'no' 'no' 'yes' 'no' 'no' 'no' 'no'
 'no' 'no' 'no' 'no' 'no']
55, 1160, 58
55, 1170, 59
55, 1180, 59
55, 1190, 59
55, 1200, 58
55, 1210, 58
['yes']
['no' 'no' 'no' 'no' 'no' 'no' 'no' 'no' 'no' 'no' 'no' 'no' 'no' 'no'
 'no' 'no' 'no' 'no' 'no']
54, 1210, 58
54, 1220, 58
54, 1230, 57
54, 1240, 58
54, 1250, 57
54, 1260, 57
['yes']
['no' 'no' 'no' 'no' 'no' 'no' 'no' 'no' 'no' 'no' 'no' 'no' 'no' 'no'
 'no' 'no' 'no' 'no' 'no']
54, 1260, 57
54, 1270, 57
54, 1280, 58
55, 1290, 57
55, 1300, 58
55, 1310, 58
['yes']
['no' 'no' 'no' 'no' 'no' 'no' 'yes' 'no' 'no' 'no' 'no' 'no' 'no' 'no'
 'no' 'no' 'no' 'no' 'no']
56, 1310, 58
56, 1320, 59
56, 1330, 59
56, 1340, 59
56, 1350, 60
56, 1360, 59
['yes']
['no' 'no' 'no' 'no' 'no' 'no' 'no' 'no' 'no' 'no' 'no' 'no' 'no' 'no'
 'no' 'no' 'no' 'no' 'no']
57, 1360, 59
{'count': 1910, 'truepos': 55, 'falseneg': 5, 'correction': 26, 'unknownyes': 2, 'falsepos': 2, 'unique': 1360}
1: Wahono.csv: knee: 0, 0
5, 10
6, 20
7, 30
9, 40
12, 50
15, 60
18, 70
19, 80
20, 90
20, 100
21, 110
21, 120
22, 130
23, 140
23, 150
23, 160
24, 170
24, 180
24, 190
24, 200
24, 210
26, 220
29, 230
29, 240
29, 250
30, 260
31, 270
33, 280
33, 290
34, 300
35, 310
36, 320
36, 330
36, 340
38, 350
38, 360
38, 370
38, 380
38, 390
39, 400
39, 410
39, 420
39, 430
39, 440
39, 450
40, 460
40, 470
41, 480
41, 490
41, 500
41, 510
41, 520
41, 530
43, 540
43, 550
43, 560
43, 570
43, 580
44, 590
44, 600
44, 610
44, 620
44, 630
44, 640
44, 650
44, 660
44, 670
44, 680
44, 690
44, 700
45, 710
45, 720
45, 730
45, 740
45, 750
45, 760
46, 770
46, 780
46, 790
46, 800
46, 810
46, 820
46, 830
47, 840
47, 850
47, 860
47, 870
47, 880
47, 890
48, 900
48, 910
49, 920
49, 930
49, 940
49, 950
49, 960
49, 970
49, 980
49, 990
49, 1000
49, 1010
49, 1020
{'count': 1347, 'truepos': 49, 'falseneg': 10, 'correction': 7, 'unknownyes': 3, 'falsepos': 2, 'unique': 1020}
1: Danijel.csv: none: 0, 0
3, 10
6, 20, 106
8, 30, 116
8, 40, 105
8, 50, 80
10, 60, 60
12, 70, 58
14, 80, 58
14, 90, 56
15, 100, 47
15, 110, 45
15, 120, 43
16, 130, 40
16, 140, 39
16, 150, 39
16, 160, 39
17, 170, 39
17, 180, 40
17, 190, 39
18, 200, 39
19, 210, 41
19, 220, 40
19, 230, 40
19, 240, 40
19, 250, 40
19, 260, 40
19, 270, 40
19, 280, 41
19, 290, 41
19, 300, 41
19, 310, 41
19, 320, 41
19, 330, 41
19, 340, 41
20, 350, 41
20, 360, 42
20, 370, 42
21, 380, 42
21, 390, 43
21, 400, 43
22, 410, 43
22, 420, 44
22, 430, 44
22, 440, 44
22, 450, 44
22, 460, 44
22, 470, 44
22, 480, 44
22, 490, 44
22, 500, 45
22, 510, 45
22, 520, 45
23, 530, 45
23, 540, 45
24, 550, 44
24, 560, 46
24, 570, 46
24, 580, 46
24, 590, 46
24, 600, 46
24, 610, 46
24, 620, 46
24, 630, 46
24, 640, 46
24, 650, 46
24, 660, 46
24, 670, 46
24, 680, 46
24, 690, 46
24, 700, 46
24, 710, 46
24, 720, 46
24, 730, 46
24, 740, 46
24, 750, 47
24, 760, 47
24, 770, 47
24, 780, 47
24, 790, 47
24, 800, 47
24, 810, 47
24, 820, 47
24, 830, 47
24, 840, 47
24, 850, 47
24, 860, 47
24, 870, 47
24, 880, 47
24, 890, 47
24, 900, 47
24, 910, 47
24, 920, 47
24, 930, 47
24, 940, 47
24, 950, 47
24, 960, 47
24, 970, 47
24, 980, 47
24, 990, 47
24, 1000, 47
24, 1010, 47
24, 1020, 47
24, 1030, 47
24, 1040, 47
24, 1050, 47
24, 1060, 47
24, 1070, 47
24, 1080, 47
24, 1090, 47
24, 1100, 48
24, 1110, 48
24, 1120, 47
24, 1130, 47
24, 1140, 47
24, 1150, 47
24, 1160, 47
24, 1170, 47
24, 1180, 47
24, 1190, 47
24, 1200, 47
24, 1210, 47
24, 1220, 47
24, 1230, 48
25, 1240, 48
26, 1250, 50
26, 1260, 52
26, 1270, 52
26, 1280, 52
26, 1290, 52
26, 1300, 52
26, 1310, 52
26, 1320, 52
26, 1330, 52
26, 1340, 52
26, 1350, 52
26, 1360, 52
26, 1370, 52
26, 1380, 52
26, 1390, 52
26, 1400, 52
26, 1410, 52
26, 1420, 52
26, 1430, 52
26, 1440, 52
26, 1450, 51
26, 1460, 51
26, 1470, 51
26, 1480, 51
26, 1490, 51
26, 1500, 51
26, 1510, 51
26, 1520, 51
26, 1530, 51
26, 1540, 51
26, 1550, 51
26, 1560, 51
26, 1570, 51
26, 1580, 51
26, 1590, 51
26, 1600, 51
26, 1610, 51
26, 1620, 51
26, 1630, 51
26, 1640, 51
26, 1650, 51
26, 1660, 51
26, 1670, 51
26, 1680, 51
26, 1690, 51
26, 1700, 51
26, 1710, 51
26, 1720, 51
26, 1730, 51
26, 1740, 51
26, 1750, 51
26, 1760, 51
26, 1770, 51
26, 1780, 51
27, 1790, 51
27, 1800, 53
27, 1810, 53
27, 1820, 53
27, 1830, 53
27, 1840, 53
28, 1850, 53
28, 1860, 55
28, 1870, 55
28, 1880, 55
28, 1890, 55
28, 1900, 55
28, 1910, 54
28, 1920, 54
28, 1930, 54
28, 1940, 54
28, 1950, 54
28, 1960, 54
28, 1970, 54
28, 1980, 54
28, 1990, 54
28, 2000, 54
28, 2010, 54
28, 2020, 54
28, 2030, 54
29, 2040, 54
29, 2050, 55
29, 2060, 55
29, 2070, 55
29, 2080, 55
29, 2090, 55
29, 2100, 55
29, 2110, 55
29, 2120, 55
29, 2130, 54
29, 2140, 54
29, 2150, 54
29, 2160, 54
29, 2170, 54
29, 2180, 54
29, 2190, 54
29, 2200, 54
29, 2210, 54
29, 2220, 54
29, 2230, 54
29, 2240, 54
29, 2250, 54
29, 2260, 54
29, 2270, 54
29, 2280, 54
29, 2290, 53
30, 2300, 53
30, 2310, 32
30, 2320, 32
30, 2330, 32
30, 2340, 32
30, 2350, 32
30, 2360, 32
30, 2370, 32
30, 2380, 32
30, 2390, 32
{'count': 2390, 'truepos': 25, 'falseneg': 22, 'correction': 0, 'unknownyes': 1, 'falsepos': 5, 'unique': 2390}
1: Danijel.csv: three: 0, 0
3, 10
3, 20, 109
5, 30, 79
6, 40, 66
7, 50, 50
8, 60, 43
9, 70, 42
10, 80, 42
10, 90, 44
10, 100, 41
10, 110, 41
11, 120, 41
13, 130, 42
15, 140, 41
17, 150, 41
17, 160, 42
18, 170, 40
19, 180, 40
21, 190, 42
24, 200, 44
25, 210, 46
25, 220, 46
26, 230, 45
26, 240, 46
26, 250, 46
26, 260, 46
26, 270, 46
26, 280, 46
26, 290, 46
26, 300, 46
26, 310, 46
26, 320, 46
27, 330, 46
27, 340, 47
27, 350, 47
27, 360, 47
27, 370, 48
27, 380, 48
27, 390, 48
27, 400, 48
27, 410, 48
27, 420, 48
27, 430, 48
27, 440, 48
28, 450, 48
28, 460, 50
29, 470, 50
29, 480, 51
29, 490, 51
29, 500, 51
29, 510, 51
29, 520, 51
29, 530, 51
29, 540, 51
29, 550, 51
29, 560, 51
29, 570, 51
29, 580, 51
29, 590, 51
29, 600, 52
29, 610, 52
29, 620, 52
29, 630, 52
29, 640, 52
29, 650, 52
29, 660, 52
29, 670, 52
30, 680, 52
31, 690, 36
31, 700, 37
31, 710, 38
31, 720, 37
31, 730, 37
33, 740, 36
33, 750, 40
34, 760, 39
34, 770, 39
34, 780, 41
34, 790, 40
34, 800, 42
34, 810, 39
34, 820, 38
34, 830, 40
34, 840, 40
34, 850, 39
34, 860, 38
34, 870, 39
34, 880, 38
34, 890, 38
34, 900, 38
34, 910, 38
34, 920, 38
34, 930, 38
34, 940, 38
34, 950, 38
34, 960, 38
34, 970, 37
34, 980, 37
34, 990, 37
34, 1000, 37
34, 1010, 37
34, 1020, 37
34, 1030, 37
34, 1040, 37
34, 1050, 37
34, 1060, 37
34, 1070, 37
34, 1080, 37
34, 1090, 37
34, 1100, 37
34, 1110, 37
34, 1120, 36
34, 1130, 36
34, 1140, 38
34, 1150, 36
34, 1160, 36
34, 1170, 36
34, 1180, 37
34, 1190, 36
34, 1200, 36
34, 1210, 36
34, 1220, 36
34, 1230, 36
34, 1240, 36
34, 1250, 36
34, 1260, 36
34, 1270, 36
34, 1280, 37
34, 1290, 36
34, 1300, 36
34, 1310, 36
34, 1320, 36
34, 1330, 36
34, 1340, 36
34, 1350, 36
34, 1360, 35
34, 1370, 36
{'count': 2764, 'truepos': 34, 'falseneg': 13, 'correction': 22, 'unknownyes': 1, 'falsepos': 0, 'unique': 1370}
1: Danijel.csv: machine: 0, 0
4, 10
4, 20, 123
6, 30, 93
7, 40, 84
9, 50, 65
9, 60, 57
['yes']
['no' 'no' 'no' 'no' 'no' 'no' 'yes' 'no' 'no' 'no' 'no' 'no' 'no' 'no'
 'no' 'no' 'no' 'no' 'no']
10, 60, 57
10, 70, 56
11, 80, 46
14, 90, 46
16, 100, 50
16, 110, 53
['yes']
['no' 'no' 'no' 'yes' 'yes' 'no' 'no' 'yes' 'no' 'no' 'no' 'no' 'no' 'no'
 'no' 'no' 'no' 'no' 'yes']
19, 110, 53
20, 120, 52
21, 130, 50
22, 140, 49
25, 150, 46
25, 160, 54
['yes']
['no' 'no' 'no' 'no' 'no' 'no' 'no' 'no' 'no' 'no' 'no' 'no' 'no' 'no'
 'yes' 'no' 'no' 'no' 'no']
26, 160, 54
26, 170, 48
26, 180, 46
27, 190, 43
27, 200, 46
27, 210, 45
['yes']
['no' 'no' 'no' 'no' 'no' 'no' 'no' 'no' 'no' 'no' 'yes' 'no' 'no' 'no'
 'no' 'no' 'no' 'no' 'no']
28, 210, 45
28, 220, 45
28, 230, 44
29, 240, 44
30, 250, 44
30, 260, 40
['yes']
['no' 'no' 'yes' 'no' 'no' 'no' 'no' 'no' 'no' 'no' 'yes' 'no' 'no' 'no'
 'yes' 'no' 'no' 'no' 'no']
33, 260, 40
33, 270, 43
33, 280, 45
33, 290, 42
33, 300, 42
33, 310, 40
['yes']
['no' 'no' 'yes' 'no' 'no' 'no' 'no' 'no' 'yes' 'no' 'no' 'no' 'no' 'no'
 'no' 'no' 'no' 'no' 'no']
35, 310, 40
35, 320, 44
36, 330, 42
37, 340, 44
38, 350, 46
39, 360, 46
['yes']
['no' 'no' 'no' 'no' 'no' 'no' 'no' 'no' 'no' 'no' 'no' 'no' 'no' 'no'
 'no' 'no' 'no' 'no' 'no']
39, 360, 46
39, 370, 50
39, 380, 48
39, 390, 48
39, 400, 47
39, 410, 48
['yes']
['no' 'no' 'no' 'no' 'no' 'no' 'no' 'no' 'no' 'no' 'no' 'no' 'no' 'no'
 'no' 'no' 'no' 'no' 'no']
39, 410, 48
39, 420, 46
39, 430, 46
41, 440, 46
41, 450, 48
42, 460, 47
['yes']
['no' 'no' 'no' 'no' 'no' 'no' 'no' 'no' 'no' 'no' 'no' 'no' 'no' 'no'
 'no' 'no' 'no' 'no' 'no']
42, 460, 47
42, 470, 51
42, 480, 49
42, 490, 49
42, 500, 48
42, 510, 49
['yes']
['no' 'no' 'no' 'no' 'no' 'no' 'no' 'no' 'no' 'no' 'no' 'no' 'no' 'no'
 'no' 'no' 'no' 'no' 'no']
42, 510, 49
42, 520, 48
42, 530, 48
42, 540, 47
42, 550, 48
42, 560, 47
['yes']
['no' 'no' 'no' 'no' 'no' 'no' 'no' 'no' 'no' 'no' 'no' 'no' 'no' 'no'
 'no' 'no' 'no' 'no' 'no']
42, 560, 47
43, 570, 47
43, 580, 47
43, 590, 48
43, 600, 48
43, 610, 47
['yes']
['no' 'no' 'no' 'no' 'no' 'no' 'no' 'no' 'no' 'no' 'no' 'no' 'no' 'no'
 'no' 'no' 'no' 'no' 'no']
43, 610, 47
44, 620, 47
44, 630, 49
44, 640, 48
44, 650, 48
44, 660, 48
['yes']
['no' 'no' 'no' 'no' 'no' 'no' 'no' 'no' 'no' 'no' 'no' 'no' 'no' 'no'
 'no' 'no' 'no' 'no' 'no']
44, 660, 48
45, 670, 47
45, 680, 49
45, 690, 48
45, 700, 49
{'count': 962, 'truepos': 44, 'falseneg': 2, 'correction': 13, 'unknownyes': 2, 'falsepos': 1, 'unique': 700}
1: Danijel.csv: knee: 0, 0
2, 10
2, 20
3, 30
4, 40
4, 50
6, 60
7, 70
10, 80
11, 90
11, 100
12, 110
12, 120
13, 130
13, 140
13, 150
13, 160
13, 170
13, 180
13, 190
13, 200
13, 210
13, 220
15, 230
15, 240
15, 250
15, 260
15, 270
15, 280
15, 290
16, 300
19, 310
19, 320
19, 330
22, 340
26, 350
27, 360
28, 370
30, 380
30, 390
31, 400
31, 410
31, 420
31, 430
31, 440
32, 450
33, 460
33, 470
33, 480
33, 490
33, 500
33, 510
33, 520
33, 530
33, 540
33, 550
33, 560
33, 570
33, 580
34, 590
34, 600
34, 610
34, 620
34, 630
34, 640
34, 650
34, 660
35, 670
35, 680
35, 690
35, 700
35, 710
35, 720
36, 730
36, 740
36, 750
36, 760
36, 770
36, 780
36, 790
36, 800
36, 810
36, 820
36, 830
36, 840
36, 850
36, 860
36, 870
{'count': 1244, 'truepos': 45, 'falseneg': 1, 'correction': 9, 'unknownyes': 2, 'falsepos': 3, 'unique': 870}
1: K_all3.csv: none: 0, 0
1, 10
1, 20, 94
1, 30, 61
1, 40, 51
1, 50, 48
1, 60, 46
1, 70, 44
1, 80, 43
2, 90, 42
4, 100, 43
7, 110, 49
9, 120, 49
10, 130, 47
11, 140, 44
13, 150, 45
14, 160, 45
15, 170, 44
16, 180, 44
16, 190, 44
16, 200, 42
17, 210, 41
21, 220, 41
24, 230, 44
24, 240, 46
25, 250, 44
25, 260, 44
25, 270, 44
25, 280, 43
25, 290, 43
26, 300, 43
26, 310, 43
27, 320, 43
27, 330, 44
28, 340, 43
29, 350, 44
29, 360, 45
29, 370, 44
31, 380, 44
31, 390, 42
31, 400, 42
32, 410, 39
32, 420, 40
32, 430, 38
33, 440, 38
34, 450, 39
34, 460, 38
34, 470, 40
35, 480, 38
35, 490, 39
35, 500, 38
35, 510, 38
36, 520, 38
36, 530, 39
37, 540, 39
37, 550, 40
37, 560, 40
37, 570, 40
37, 580, 40
37, 590, 39
37, 600, 39
38, 610, 39
{'count': 610, 'truepos': 33, 'falseneg': 8, 'correction': 0, 'unknownyes': 4, 'falsepos': 5, 'unique': 610}
1: K_all3.csv: three: 0, 0
1, 10
1, 20, 94
1, 30, 61
1, 40, 51
1, 50, 48
1, 60, 46
1, 70, 44
1, 80, 43
2, 90, 42
3, 100, 43
4, 110, 46
4, 120, 45
4, 130, 43
5, 140, 41
5, 150, 41
5, 160, 41
6, 170, 40
6, 180, 41
7, 190, 40
9, 200, 40
10, 210, 40
14, 220, 40
19, 230, 44
20, 240, 47
21, 250, 46
23, 260, 44
24, 270, 45
26, 280, 45
27, 290, 46
27, 300, 46
27, 310, 45
28, 320, 44
28, 330, 45
29, 340, 44
29, 350, 45
29, 360, 44
29, 370, 44
30, 380, 44
30, 390, 40
30, 400, 38
32, 410, 37
33, 420, 40
33, 430, 39
34, 440, 40
34, 450, 40
34, 460, 39
34, 470, 40
34, 480, 38
35, 490, 38
35, 500, 39
35, 510, 38
35, 520, 39
35, 530, 39
35, 540, 38
35, 550, 38
35, 560, 38
35, 570, 37
35, 580, 38
35, 590, 38
35, 600, 37
35, 610, 37
35, 620, 37
35, 630, 37
35, 640, 37
35, 650, 37
{'count': 1332, 'truepos': 35, 'falseneg': 7, 'correction': 31, 'unknownyes': 3, 'falsepos': 0, 'unique': 650}
1: K_all3.csv: machine: 0, 0
2, 10
2, 20, 77
2, 30, 58
2, 40, 51
2, 50, 48
2, 60, 45
['no']
['no' 'no' 'no' 'no' 'no' 'no' 'no' 'no' 'no' 'no' 'no' 'no' 'no' 'no'
 'no' 'no' 'no' 'no' 'no']
2, 60, 45
2, 70, 47
3, 80, 41
3, 90, 40
4, 100, 37
5, 110, 37
['yes']
['no' 'no' 'no' 'no' 'no' 'no' 'no' 'no' 'no' 'no' 'no' 'no' 'no' 'no'
 'no' 'no' 'no' 'no' 'no']
5, 110, 37
7, 120, 37
9, 130, 39
11, 140, 39
13, 150, 40
14, 160, 41
['yes']
['no' 'no' 'no' 'no' 'no' 'no' 'no' 'yes' 'no' 'no' 'no' 'no' 'no' 'no'
 'no' 'no' 'no' 'no' 'no']
15, 160, 41
16, 170, 40
18, 180, 39
20, 190, 39
21, 200, 40
22, 210, 39
['no']
['no' 'no' 'yes' 'no' 'yes' 'no' 'no' 'no' 'no' 'no' 'no' 'no' 'no' 'no'
 'no' 'no' 'no' 'no' 'no']
22, 210, 39
24, 220, 40
24, 230, 41
24, 240, 40
24, 250, 39
25, 260, 39
['no']
['no' 'no' 'no' 'no' 'no' 'no' 'no' 'no' 'no' 'no' 'no' 'no' 'no' 'no'
 'no' 'no' 'no' 'no' 'no']
24, 260, 39
25, 270, 42
27, 280, 42
27, 290, 43
30, 300, 42
30, 310, 38
['no']
['no' 'no' 'no' 'no' 'no' 'no' 'no' 'no' 'no' 'no' 'no' 'no' 'no' 'no'
 'no' 'no' 'no' 'no' 'no']
29, 310, 38
30, 320, 46
31, 330, 37
31, 340, 39
31, 350, 37
32, 360, 36
['yes']
['no' 'no' 'no' 'no' 'no' 'no' 'no' 'no' 'no' 'no' 'no' 'no' 'no' 'no'
 'no' 'no' 'no' 'no' 'no']
32, 360, 36
32, 370, 36
32, 380, 37
32, 390, 36
32, 400, 35
34, 410, 35
['no']
['no' 'no' 'no' 'no' 'no' 'no' 'no' 'no' 'no' 'no' 'no' 'no' 'no' 'no'
 'no' 'no' 'yes' 'no' 'no']
34, 410, 35
36, 420, 38
36, 430, 41
37, 440, 40
37, 450, 40
37, 460, 40
['yes']
['no' 'no' 'no' 'no' 'no' 'no' 'no' 'no' 'no' 'no' 'no' 'no' 'no' 'no'
 'no' 'no' 'no' 'no' 'no']
37, 460, 40
38, 470, 39
{'count': 656, 'truepos': 36, 'falseneg': 5, 'correction': 10, 'unknownyes': 4, 'falsepos': 2, 'unique': 470}
1: K_all3.csv: knee: 0, 0
1, 10
1, 20
1, 30
1, 40
1, 50
1, 60
1, 70
1, 80
3, 90
4, 100
6, 110
8, 120
11, 130
14, 140
16, 150
17, 160
17, 170
19, 180
20, 190
20, 200
21, 210
22, 220
23, 230
23, 240
25, 250
28, 260
29, 270
29, 280
29, 290
29, 300
29, 310
29, 320
30, 330
30, 340
30, 350
30, 360
30, 370
30, 380
31, 390
32, 400
34, 410
34, 420
36, 430
36, 440
36, 450
36, 460
36, 470
36, 480
36, 490
36, 500
37, 510
37, 520
37, 530
37, 540
38, 550
38, 560
38, 570
38, 580
38, 590
38, 600
39, 610
40, 620
40, 630
40, 640
40, 650
40, 660
40, 670
40, 680
40, 690
40, 700
40, 710
41, 720
41, 730
41, 740
41, 750
41, 760
41, 770
41, 780
41, 790
41, 800
41, 810
41, 820
41, 830
41, 840
41, 850
41, 860
41, 870
41, 880
41, 890
41, 900
41, 910
41, 920
41, 930
41, 940
41, 950
41, 960
42, 970
{'count': 1374, 'truepos': 37, 'falseneg': 7, 'correction': 10, 'unknownyes': 1, 'falsepos': 17, 'unique': 970}

------------------------------------------------------------
Sender: LSF System <lsfadmin@n2e1-7>
Subject: Job 759518: </share/tjmenzie/zyu9/miniconda2/bin/python2.7 runner.py error_hpcc 1> in cluster <henry2> Done

Job </share/tjmenzie/zyu9/miniconda2/bin/python2.7 runner.py error_hpcc 1> was submitted from host <login01.hpc.ncsu.edu> by user <zyu9> in cluster <henry2> at Sat Feb 24 16:17:36 2018.
Job was executed on host(s) <2*n2e1-7>, in queue <single_chassis>, as user <zyu9> in cluster <henry2> at Sat Feb 24 16:17:42 2018.
</home/zyu9> was used as the home directory.
</home/zyu9/projects/MAR_HPC/Error/src> was used as the working directory.
Started at Sat Feb 24 16:17:42 2018.
Terminated at Sat Feb 24 17:56:09 2018.
Results reported at Sat Feb 24 17:56:09 2018.

Your job looked like:

------------------------------------------------------------
# LSBATCH: User input
/share/tjmenzie/zyu9/miniconda2/bin/python2.7 runner.py error_hpcc 1
------------------------------------------------------------

Successfully completed.

Resource usage summary:

    CPU time :                                   7052.33 sec.
    Max Memory :                                 288.77 MB
    Average Memory :                             234.22 MB
    Total Requested Memory :                     -
    Delta Memory :                               -
    Max Swap :                                   1332 MB
    Max Processes :                              3
    Max Threads :                                8
    Run time :                                   5909 sec.
    Turnaround time :                            5913 sec.

The output (if any) is above this job summary.



PS: The stderr output (if any) follows:



PS:

Fail to open stderr file ./err/1.err.759518: No such file or directory.
The stderr output is included in this report.

