1: Hall.csv: none: 0, 0
8, 10
10, 20, 126
12, 30, 124
14, 40, 131
19, 50, 125
23, 60, 130
23, 70, 130
25, 80, 122
26, 90, 117
33, 100, 110
41, 110, 101
48, 120, 106
54, 130, 104
58, 140, 110
61, 150, 102
63, 160, 99
69, 170, 99
73, 180, 105
77, 190, 112
81, 200, 105
86, 210, 103
89, 220, 108
91, 230, 121
93, 240, 119
93, 250, 115
97, 260, 112
97, 270, 114
98, 280, 115
98, 290, 114
100, 300, 112
100, 310, 113
100, 320, 117
101, 330, 114
101, 340, 115
101, 350, 117
101, 360, 113
101, 370, 112
101, 380, 112
101, 390, 110
101, 400, 109
101, 410, 110
101, 420, 112
101, 430, 110
102, 440, 108
102, 450, 110
102, 460, 108
102, 470, 108
102, 480, 108
102, 490, 109
{'count': 490, 'truepos': 102, 'falseneg': 0, 'unknownyes': 4, 'falsepos': 0, 'unique': 490}
1: Hall.csv: three: 0, 0
8, 10
11, 20, 123
12, 30, 124
14, 40, 124
16, 50, 122
18, 60, 124
20, 70, 128
22, 80, 112
26, 90, 104
31, 100, 102
36, 110, 97
40, 120, 103
43, 130, 99
45, 140, 94
50, 150, 96
54, 160, 98
59, 170, 102
62, 180, 101
66, 190, 103
71, 200, 93
75, 210, 98
83, 220, 96
86, 230, 103
89, 240, 104
91, 250, 106
94, 260, 109
96, 270, 115
97, 280, 112
98, 290, 114
99, 300, 111
99, 310, 110
99, 320, 112
100, 330, 110
101, 340, 110
101, 350, 111
101, 360, 111
101, 370, 110
101, 380, 112
101, 390, 111
101, 400, 109
101, 410, 108
102, 420, 108
102, 430, 109
102, 440, 109
102, 450, 110
102, 460, 109
102, 470, 108
102, 480, 108
102, 490, 108
{'count': 980, 'truepos': 102, 'falseneg': 0, 'unknownyes': 4, 'falsepos': 0, 'unique': 490}
1: Hall.csv: machine: 0, 0
8, 10
11, 20, 126
13, 30, 133
16, 40, 125
18, 50, 120
20, 60, 117
25, 70, 118
27, 80, 120
30, 90, 111
36, 100, 98
43, 110, 99
48, 120, 99
51, 130, 100
56, 140, 98
60, 150, 98
66, 160, 95
70, 170, 100
75, 180, 99
78, 190, 103
83, 200, 103
86, 210, 105
90, 220, 103
93, 230, 111
94, 240, 117
95, 250, 113
96, 260, 110
97, 270, 114
97, 280, 113
98, 290, 110
98, 300, 111
98, 310, 111
99, 320, 109
99, 330, 110
99, 340, 109
100, 350, 108
100, 360, 108
100, 370, 112
101, 380, 109
101, 390, 112
101, 400, 110
101, 410, 109
101, 420, 109
101, 430, 107
101, 440, 107
101, 450, 108
101, 460, 108
{'count': 470, 'truepos': 101, 'falseneg': 0, 'unknownyes': 5, 'falsepos': 0, 'unique': 470}
1: Hall.csv: machine2: 0, 0
8, 10
10, 20, 127
12, 30, 122
16, 40, 124
19, 50, 124
20, 60, 122
20, 70, 119
23, 80, 103
25, 90, 106
27, 100, 104
32, 110, 92
38, 120, 85
47, 130, 95
53, 140, 96
58, 150, 98
64, 160, 101
66, 170, 111
70, 180, 103
72, 190, 101
77, 200, 103
81, 210, 108
86, 220, 100
88, 230, 103
92, 240, 105
94, 250, 111
95, 260, 117
95, 270, 111
96, 280, 109
96, 290, 111
99, 300, 109
100, 310, 110
101, 320, 112
101, 330, 116
101, 340, 112
101, 350, 111
101, 360, 112
101, 370, 110
101, 380, 109
101, 390, 112
101, 400, 111
101, 410, 108
101, 420, 110
102, 430, 108
102, 440, 110
102, 450, 109
102, 460, 108
102, 470, 108
102, 480, 108
102, 490, 108
{'count': 500, 'truepos': 102, 'falseneg': 0, 'unknownyes': 4, 'falsepos': 0, 'unique': 500}
1: Hall.csv: machine3: 0, 0
8, 10
11, 20, 123
11, 30, 131
15, 40, 117
21, 50, 119
21, 60, 135
25, 70, 128
26, 80, 138
26, 90, 132
32, 100, 111
38, 110, 105
44, 120, 105
47, 130, 108
53, 140, 105
60, 150, 105
63, 160, 113
66, 170, 107
71, 180, 104
75, 190, 95
78, 200, 101
84, 210, 97
86, 220, 105
88, 230, 104
90, 240, 105
95, 250, 105
95, 260, 113
96, 270, 110
98, 280, 107
99, 290, 113
99, 300, 112
99, 310, 112
99, 320, 108
100, 330, 109
100, 340, 109
101, 350, 112
101, 360, 115
102, 370, 112
102, 380, 114
102, 390, 113
102, 400, 114
102, 410, 109
102, 420, 109
102, 430, 109
102, 440, 108
102, 450, 109
102, 460, 109
102, 470, 108
102, 480, 108
102, 490, 108
{'count': 602, 'truepos': 102, 'falseneg': 0, 'unknownyes': 4, 'falsepos': 0, 'unique': 500}
1: Wahono.csv: none: 0, 0
6, 10
7, 20, 101
9, 30, 100
9, 40, 93
15, 50, 90
16, 60, 98
19, 70, 84
19, 80, 79
21, 90, 67
23, 100, 61
25, 110, 56
26, 120, 56
26, 130, 56
28, 140, 54
30, 150, 56
32, 160, 53
36, 170, 56
37, 180, 64
39, 190, 68
39, 200, 66
39, 210, 65
40, 220, 63
42, 230, 64
43, 240, 65
44, 250, 63
45, 260, 65
45, 270, 71
46, 280, 67
46, 290, 65
46, 300, 68
47, 310, 64
48, 320, 61
48, 330, 62
48, 340, 70
48, 350, 63
49, 360, 62
49, 370, 65
50, 380, 61
50, 390, 63
50, 400, 66
50, 410, 70
50, 420, 65
50, 430, 61
50, 440, 64
50, 450, 62
50, 460, 62
51, 470, 59
51, 480, 60
51, 490, 60
51, 500, 60
51, 510, 59
52, 520, 59
52, 530, 62
52, 540, 62
52, 550, 60
53, 560, 60
54, 570, 60
55, 580, 63
55, 590, 65
56, 600, 63
56, 610, 63
56, 620, 65
56, 630, 64
57, 640, 64
57, 650, 64
58, 660, 64
58, 670, 66
58, 680, 66
58, 690, 66
58, 700, 65
58, 710, 65
58, 720, 64
58, 730, 65
58, 740, 65
58, 750, 65
58, 760, 65
59, 770, 64
59, 780, 65
59, 790, 67
59, 800, 66
59, 810, 67
59, 820, 65
59, 830, 65
59, 840, 65
59, 850, 66
59, 860, 65
59, 870, 64
59, 880, 64
59, 890, 66
59, 900, 64
59, 910, 64
59, 920, 65
59, 930, 65
59, 940, 64
59, 950, 63
59, 960, 65
59, 970, 64
59, 980, 64
59, 990, 65
59, 1000, 64
59, 1010, 63
59, 1020, 65
59, 1030, 63
59, 1040, 63
59, 1050, 63
59, 1060, 63
{'count': 1060, 'truepos': 59, 'falseneg': 0, 'unknownyes': 3, 'falsepos': 0, 'unique': 1060}
1: Wahono.csv: three: 0, 0
6, 10
7, 20, 100
9, 30, 100
9, 40, 95
12, 50, 71
15, 60, 65
16, 70, 61
17, 80, 53
19, 90, 50
21, 100, 51
22, 110, 49
24, 120, 49
25, 130, 53
26, 140, 54
28, 150, 52
31, 160, 55
33, 170, 63
34, 180, 62
35, 190, 62
36, 200, 61
36, 210, 61
36, 220, 58
37, 230, 59
37, 240, 59
39, 250, 58
40, 260, 59
42, 270, 58
42, 280, 65
44, 290, 62
44, 300, 63
45, 310, 60
45, 320, 60
45, 330, 63
45, 340, 61
46, 350, 58
46, 360, 59
46, 370, 58
48, 380, 57
48, 390, 61
48, 400, 61
50, 410, 60
50, 420, 63
50, 430, 63
50, 440, 61
50, 450, 61
50, 460, 61
50, 470, 61
50, 480, 61
51, 490, 59
51, 500, 60
51, 510, 59
51, 520, 60
51, 530, 60
51, 540, 58
51, 550, 59
51, 560, 60
51, 570, 60
52, 580, 57
53, 590, 59
54, 600, 60
56, 610, 61
57, 620, 63
57, 630, 66
58, 640, 65
58, 650, 67
58, 660, 66
58, 670, 67
58, 680, 67
58, 690, 66
58, 700, 66
58, 710, 66
58, 720, 65
58, 730, 66
58, 740, 65
58, 750, 65
58, 760, 65
58, 770, 65
58, 780, 65
58, 790, 65
58, 800, 64
58, 810, 65
58, 820, 65
58, 830, 64
58, 840, 64
58, 850, 64
58, 860, 65
58, 870, 65
58, 880, 64
58, 890, 65
59, 900, 63
59, 910, 65
59, 920, 64
59, 930, 64
59, 940, 65
59, 950, 65
59, 960, 64
59, 970, 64
59, 980, 64
59, 990, 64
59, 1000, 65
59, 1010, 64
59, 1020, 64
59, 1030, 64
59, 1040, 63
59, 1050, 64
59, 1060, 63
59, 1070, 64
59, 1080, 63
59, 1090, 63
59, 1100, 63
59, 1110, 63
59, 1120, 63
59, 1130, 63
59, 1140, 63
{'count': 2280, 'truepos': 59, 'falseneg': 0, 'unknownyes': 3, 'falsepos': 0, 'unique': 1140}
1: Wahono.csv: machine: 0, 0
6, 10
7, 20, 102
7, 30, 97
12, 40, 96
12, 50, 94
15, 60, 81
15, 70, 65
18, 80, 53
20, 90, 53
22, 100, 48
23, 110, 52
25, 120, 50
26, 130, 54
27, 140, 52
30, 150, 53
32, 160, 59
33, 170, 59
34, 180, 62
35, 190, 62
36, 200, 59
36, 210, 57
36, 220, 59
36, 230, 55
37, 240, 54
40, 250, 53
42, 260, 56
44, 270, 57
45, 280, 60
45, 290, 61
45, 300, 64
46, 310, 58
47, 320, 62
47, 330, 63
48, 340, 64
48, 350, 63
48, 360, 67
48, 370, 62
48, 380, 64
48, 390, 60
48, 400, 65
48, 410, 60
48, 420, 59
48, 430, 60
49, 440, 58
49, 450, 58
49, 460, 60
49, 470, 60
50, 480, 57
51, 490, 58
51, 500, 61
51, 510, 61
51, 520, 59
51, 530, 61
51, 540, 58
52, 550, 59
53, 560, 59
55, 570, 60
57, 580, 64
57, 590, 67
57, 600, 67
58, 610, 68
58, 620, 66
58, 630, 66
58, 640, 67
58, 650, 66
58, 660, 66
58, 670, 67
58, 680, 68
58, 690, 65
58, 700, 66
58, 710, 66
58, 720, 66
58, 730, 66
58, 740, 65
58, 750, 65
58, 760, 64
58, 770, 65
58, 780, 64
58, 790, 65
58, 800, 65
58, 810, 65
58, 820, 65
58, 830, 65
58, 840, 65
58, 850, 64
58, 860, 65
58, 870, 65
58, 880, 65
58, 890, 64
58, 900, 64
58, 910, 63
58, 920, 63
58, 930, 64
59, 940, 63
59, 950, 64
59, 960, 64
59, 970, 64
59, 980, 64
59, 990, 64
59, 1000, 63
59, 1010, 64
59, 1020, 64
59, 1030, 64
59, 1040, 64
59, 1050, 63
59, 1060, 63
59, 1070, 63
59, 1080, 63
59, 1090, 63
59, 1100, 64
59, 1110, 63
{'count': 1120, 'truepos': 59, 'falseneg': 0, 'unknownyes': 3, 'falsepos': 0, 'unique': 1120}
1: Wahono.csv: machine2: 0, 0
6, 10
7, 20, 101
8, 30, 101
11, 40, 95
11, 50, 105
14, 60, 72
19, 70, 70
20, 80, 80
20, 90, 71
22, 100, 61
23, 110, 65
24, 120, 57
28, 130, 55
31, 140, 54
32, 150, 58
33, 160, 60
35, 170, 64
35, 180, 59
37, 190, 58
37, 200, 64
37, 210, 61
37, 220, 59
37, 230, 54
37, 240, 56
40, 250, 53
41, 260, 60
43, 270, 56
44, 280, 57
45, 290, 60
45, 300, 60
45, 310, 57
46, 320, 61
46, 330, 61
46, 340, 58
47, 350, 59
48, 360, 58
48, 370, 61
48, 380, 60
48, 390, 61
49, 400, 58
50, 410, 57
51, 420, 63
51, 430, 64
51, 440, 61
51, 450, 62
51, 460, 61
52, 470, 60
52, 480, 63
52, 490, 61
52, 500, 60
52, 510, 61
52, 520, 60
52, 530, 61
53, 540, 60
54, 550, 61
55, 560, 62
56, 570, 63
57, 580, 67
57, 590, 66
57, 600, 66
57, 610, 66
57, 620, 66
57, 630, 66
58, 640, 65
58, 650, 66
58, 660, 68
58, 670, 68
58, 680, 66
58, 690, 66
58, 700, 66
58, 710, 66
58, 720, 65
58, 730, 65
58, 740, 65
58, 750, 65
58, 760, 65
58, 770, 64
58, 780, 63
58, 790, 65
58, 800, 65
58, 810, 64
58, 820, 65
58, 830, 65
58, 840, 64
58, 850, 64
58, 860, 64
58, 870, 64
58, 880, 63
58, 890, 63
58, 900, 63
58, 910, 63
58, 920, 63
59, 930, 63
59, 940, 64
59, 950, 64
59, 960, 66
59, 970, 64
59, 980, 65
59, 990, 64
59, 1000, 64
59, 1010, 64
59, 1020, 64
59, 1030, 64
59, 1040, 64
59, 1050, 64
59, 1060, 64
59, 1070, 63
59, 1080, 63
59, 1090, 63
59, 1100, 64
59, 1110, 63
59, 1120, 63
59, 1130, 63
59, 1140, 63
59, 1150, 63
59, 1160, 63
59, 1170, 63
59, 1180, 63
59, 1190, 63
{'count': 1200, 'truepos': 59, 'falseneg': 0, 'unknownyes': 3, 'falsepos': 0, 'unique': 1200}
1: Wahono.csv: machine3: 0, 0
6, 10
7, 20, 102
8, 30, 98
10, 40, 91
14, 50, 87
15, 60, 85
16, 70, 75
19, 80, 68
21, 90, 69
23, 100, 70
25, 110, 69
27, 120, 64
27, 130, 66
28, 140, 56
29, 150, 53
32, 160, 52
34, 170, 57
34, 180, 58
35, 190, 58
36, 200, 57
37, 210, 61
38, 220, 58
39, 230, 55
40, 240, 64
42, 250, 62
43, 260, 62
44, 270, 62
44, 280, 68
45, 290, 59
47, 300, 61
47, 310, 65
47, 320, 66
48, 330, 63
48, 340, 62
48, 350, 63
48, 360, 60
48, 370, 63
48, 380, 64
49, 390, 60
49, 400, 61
50, 410, 60
50, 420, 62
50, 430, 65
50, 440, 63
51, 450, 61
51, 460, 61
51, 470, 60
51, 480, 59
51, 490, 59
51, 500, 61
51, 510, 61
51, 520, 61
51, 530, 60
51, 540, 58
52, 550, 59
54, 560, 60
55, 570, 63
56, 580, 63
56, 590, 65
57, 600, 65
57, 610, 66
58, 620, 66
58, 630, 67
58, 640, 67
58, 650, 66
58, 660, 67
58, 670, 68
58, 680, 67
58, 690, 67
58, 700, 65
58, 710, 65
58, 720, 65
58, 730, 66
58, 740, 66
58, 750, 65
58, 760, 65
59, 770, 64
59, 780, 66
59, 790, 65
59, 800, 66
59, 810, 64
59, 820, 65
59, 830, 66
59, 840, 66
59, 850, 65
59, 860, 64
59, 870, 65
59, 880, 66
59, 890, 65
59, 900, 64
59, 910, 64
59, 920, 66
59, 930, 64
59, 940, 65
59, 950, 65
59, 960, 64
59, 970, 64
59, 980, 63
59, 990, 64
59, 1000, 64
59, 1010, 64
59, 1020, 64
59, 1030, 64
59, 1040, 64
59, 1050, 63
59, 1060, 63
59, 1070, 63
59, 1080, 63
59, 1090, 63
59, 1100, 63
59, 1110, 63
{'count': 1179, 'truepos': 59, 'falseneg': 0, 'unknownyes': 3, 'falsepos': 0, 'unique': 1120}
1: Danijel.csv: none: 0, 0
4, 10
5, 20, 116
9, 30, 100
11, 40, 107
13, 50, 101
15, 60, 101
17, 70, 94
17, 80, 88
20, 90, 79
21, 100, 72
23, 110, 73
26, 120, 66
26, 130, 69
28, 140, 62
29, 150, 59
31, 160, 57
33, 170, 53
34, 180, 56
37, 190, 51
37, 200, 53
37, 210, 51
37, 220, 50
37, 230, 49
38, 240, 48
39, 250, 50
39, 260, 53
40, 270, 49
41, 280, 48
41, 290, 56
41, 300, 50
41, 310, 52
41, 320, 50
41, 330, 51
41, 340, 52
41, 350, 50
41, 360, 50
41, 370, 48
41, 380, 49
41, 390, 48
42, 400, 47
42, 410, 51
42, 420, 49
42, 430, 49
42, 440, 48
42, 450, 47
44, 460, 47
44, 470, 50
44, 480, 50
44, 490, 49
44, 500, 52
44, 510, 49
44, 520, 49
44, 530, 49
44, 540, 49
44, 550, 49
44, 560, 49
44, 570, 50
44, 580, 48
44, 590, 49
44, 600, 48
44, 610, 48
44, 620, 50
44, 630, 48
44, 640, 48
45, 650, 48
45, 660, 49
45, 670, 49
45, 680, 49
45, 690, 48
45, 700, 49
45, 710, 48
45, 720, 48
46, 730, 48
46, 740, 49
46, 750, 49
46, 760, 49
46, 770, 49
{'count': 770, 'truepos': 46, 'falseneg': 0, 'unknownyes': 2, 'falsepos': 0, 'unique': 770}
1: Danijel.csv: three: 0, 0
4, 10
4, 20, 124
6, 30, 99
9, 40, 83
11, 50, 88
13, 60, 74
17, 70, 70
20, 80, 76
23, 90, 80
24, 100, 81
25, 110, 66
28, 120, 61
29, 130, 71
31, 140, 61
33, 150, 57
33, 160, 56
35, 170, 49
36, 180, 49
36, 190, 50
36, 200, 51
37, 210, 50
38, 220, 58
39, 230, 51
39, 240, 52
40, 250, 50
40, 260, 56
40, 270, 51
40, 280, 49
40, 290, 50
40, 300, 48
40, 310, 48
40, 320, 48
40, 330, 47
40, 340, 47
41, 350, 47
41, 360, 49
41, 370, 50
42, 380, 49
42, 390, 48
42, 400, 48
43, 410, 49
43, 420, 50
43, 430, 50
43, 440, 50
43, 450, 49
43, 460, 49
43, 470, 50
43, 480, 49
44, 490, 48
44, 500, 49
44, 510, 49
44, 520, 50
44, 530, 50
44, 540, 49
44, 550, 49
44, 560, 49
44, 570, 49
44, 580, 48
44, 590, 48
44, 600, 48
45, 610, 47
45, 620, 49
45, 630, 49
45, 640, 49
45, 650, 48
45, 660, 48
45, 670, 49
45, 680, 49
45, 690, 48
45, 700, 49
45, 710, 48
45, 720, 48
45, 730, 48
45, 740, 48
45, 750, 48
45, 760, 48
45, 770, 48
45, 780, 48
45, 790, 49
45, 800, 48
{'count': 1600, 'truepos': 45, 'falseneg': 0, 'unknownyes': 3, 'falsepos': 0, 'unique': 800}
1: Danijel.csv: machine: 0, 0
4, 10
4, 20, 127
6, 30, 93
8, 40, 78
10, 50, 70
12, 60, 65
14, 70, 61
17, 80, 60
18, 90, 60
20, 100, 55
22, 110, 55
26, 120, 53
27, 130, 60
27, 140, 51
30, 150, 48
31, 160, 49
32, 170, 51
32, 180, 49
32, 190, 47
34, 200, 44
34, 210, 50
35, 220, 47
36, 230, 48
37, 240, 47
37, 250, 46
38, 260, 46
39, 270, 49
40, 280, 55
40, 290, 54
40, 300, 51
40, 310, 52
40, 320, 50
40, 330, 48
40, 340, 50
41, 350, 46
41, 360, 49
41, 370, 48
41, 380, 50
41, 390, 48
42, 400, 47
42, 410, 49
43, 420, 48
43, 430, 49
43, 440, 49
43, 450, 48
43, 460, 49
43, 470, 49
44, 480, 48
44, 490, 49
44, 500, 50
44, 510, 49
44, 520, 50
44, 530, 50
44, 540, 49
44, 550, 50
44, 560, 49
44, 570, 48
44, 580, 49
44, 590, 49
44, 600, 48
44, 610, 48
44, 620, 48
44, 630, 48
44, 640, 48
45, 650, 47
45, 660, 50
45, 670, 49
45, 680, 49
45, 690, 48
45, 700, 49
45, 710, 48
45, 720, 48
45, 730, 48
45, 740, 49
45, 750, 48
45, 760, 48
45, 770, 48
46, 780, 48
46, 790, 49
46, 800, 49
{'count': 810, 'truepos': 46, 'falseneg': 0, 'unknownyes': 2, 'falsepos': 0, 'unique': 810}
1: Danijel.csv: machine2: 0, 0
4, 10
5, 20, 117
8, 30, 112
10, 40, 104
12, 50, 98
13, 60, 85
15, 70, 75
17, 80, 73
19, 90, 75
21, 100, 71
23, 110, 65
25, 120, 63
27, 130, 61
27, 140, 64
27, 150, 55
28, 160, 50
28, 170, 50
29, 180, 47
31, 190, 48
34, 200, 48
35, 210, 48
37, 220, 47
37, 230, 48
38, 240, 51
39, 250, 50
39, 260, 52
39, 270, 48
39, 280, 50
39, 290, 50
40, 300, 48
40, 310, 50
40, 320, 48
40, 330, 50
40, 340, 49
40, 350, 48
40, 360, 46
41, 370, 46
41, 380, 48
41, 390, 47
41, 400, 49
41, 410, 47
42, 420, 47
42, 430, 49
43, 440, 48
43, 450, 48
44, 460, 49
44, 470, 51
44, 480, 50
44, 490, 51
44, 500, 49
44, 510, 49
44, 520, 49
44, 530, 49
44, 540, 48
44, 550, 49
44, 560, 48
44, 570, 48
44, 580, 48
44, 590, 48
44, 600, 49
44, 610, 48
44, 620, 48
44, 630, 48
44, 640, 48
44, 650, 47
44, 660, 48
45, 670, 47
45, 680, 50
{'count': 690, 'truepos': 45, 'falseneg': 0, 'unknownyes': 3, 'falsepos': 0, 'unique': 690}
1: Danijel.csv: machine3: 0, 0
4, 10
4, 20, 126
6, 30, 89
7, 40, 79
8, 50, 59
10, 60, 59
13, 70, 58
15, 80, 55
18, 90, 56
23, 100, 58
24, 110, 66
25, 120, 61
26, 130, 64
29, 140, 55
29, 150, 61
30, 160, 52
34, 170, 48
35, 180, 52
35, 190, 50
36, 200, 50
36, 210, 50
36, 220, 48
36, 230, 48
38, 240, 46
39, 250, 49
39, 260, 56
39, 270, 51
40, 280, 51
40, 290, 51
41, 300, 49
41, 310, 51
41, 320, 48
41, 330, 50
41, 340, 50
41, 350, 48
41, 360, 49
41, 370, 48
41, 380, 51
41, 390, 48
41, 400, 47
42, 410, 47
42, 420, 48
42, 430, 47
42, 440, 48
42, 450, 47
42, 460, 47
42, 470, 47
42, 480, 48
42, 490, 47
42, 500, 48
42, 510, 47
43, 520, 46
43, 530, 48
43, 540, 47
43, 550, 48
43, 560, 48
44, 570, 48
44, 580, 49
44, 590, 48
44, 600, 49
44, 610, 50
44, 620, 47
44, 630, 49
44, 640, 48
44, 650, 48
44, 660, 48
44, 670, 48
44, 680, 48
44, 690, 47
45, 700, 47
45, 710, 49
45, 720, 48
45, 730, 48
45, 740, 48
45, 750, 48
45, 760, 48
45, 770, 48
{'count': 825, 'truepos': 45, 'falseneg': 0, 'unknownyes': 3, 'falsepos': 0, 'unique': 780}
1: K_all3.csv: none: 0, 0
1, 10
2, 20, 94
2, 30, 62
4, 40, 54
8, 50, 48
12, 60, 49
13, 70, 63
15, 80, 56
19, 90, 54
21, 100, 58
21, 110, 54
22, 120, 50
22, 130, 48
22, 140, 45
23, 150, 43
23, 160, 43
24, 170, 42
24, 180, 44
25, 190, 43
27, 200, 44
27, 210, 45
27, 220, 44
27, 230, 44
27, 240, 43
27, 250, 43
27, 260, 43
27, 270, 43
27, 280, 43
27, 290, 43
27, 300, 43
27, 310, 43
27, 320, 43
28, 330, 42
29, 340, 43
33, 350, 44
34, 360, 40
34, 370, 40
34, 380, 38
34, 390, 40
34, 400, 38
34, 410, 37
34, 420, 37
34, 430, 37
35, 440, 36
37, 450, 37
37, 460, 39
37, 470, 39
37, 480, 39
37, 490, 39
{'count': 490, 'truepos': 37, 'falseneg': 0, 'unknownyes': 8, 'falsepos': 0, 'unique': 490}
1: K_all3.csv: three: 0, 0
1, 10
2, 20, 93
2, 30, 62
3, 40, 54
5, 50, 43
7, 60, 42
12, 70, 42
12, 80, 51
13, 90, 45
15, 100, 45
17, 110, 47
18, 120, 48
21, 130, 47
21, 140, 49
22, 150, 46
23, 160, 45
23, 170, 45
25, 180, 44
26, 190, 43
26, 200, 44
27, 210, 43
27, 220, 44
27, 230, 44
27, 240, 43
27, 250, 43
27, 260, 43
27, 270, 43
27, 280, 43
27, 290, 43
27, 300, 43
27, 310, 43
27, 320, 43
28, 330, 42
29, 340, 43
33, 350, 44
34, 360, 40
34, 370, 40
34, 380, 38
34, 390, 38
34, 400, 38
34, 410, 37
34, 420, 37
36, 430, 36
36, 440, 40
36, 450, 39
36, 460, 38
36, 470, 38
36, 480, 38
{'count': 960, 'truepos': 36, 'falseneg': 0, 'unknownyes': 9, 'falsepos': 0, 'unique': 480}
1: K_all3.csv: machine: 0, 0
1, 10
2, 20, 92
2, 30, 63
3, 40, 54
4, 50, 43
7, 60, 41
11, 70, 43
12, 80, 49
13, 90, 44
16, 100, 43
17, 110, 51
20, 120, 47
20, 130, 50
21, 140, 47
21, 150, 46
22, 160, 44
23, 170, 45
24, 180, 43
24, 190, 43
26, 200, 43
26, 210, 45
26, 220, 44
26, 230, 43
27, 240, 43
27, 250, 43
27, 260, 43
27, 270, 43
27, 280, 43
27, 290, 43
27, 300, 43
27, 310, 43
27, 320, 43
28, 330, 42
30, 340, 43
31, 350, 37
32, 360, 36
32, 370, 40
32, 380, 37
32, 390, 36
32, 400, 35
32, 410, 36
32, 420, 34
32, 430, 35
34, 440, 35
35, 450, 36
35, 460, 37
37, 470, 37
37, 480, 39
37, 490, 39
{'count': 500, 'truepos': 38, 'falseneg': 0, 'unknownyes': 7, 'falsepos': 0, 'unique': 500}
1: K_all3.csv: machine2: 0, 0
1, 10
2, 20, 92
4, 30, 64
7, 40, 59
10, 50, 53
11, 60, 61
13, 70, 52
17, 80, 51
20, 90, 58
20, 100, 57
22, 110, 51
22, 120, 50
22, 130, 45
23, 140, 44
23, 150, 44
24, 160, 43
24, 170, 44
25, 180, 43
26, 190, 44
26, 200, 45
27, 210, 44
27, 220, 44
27, 230, 44
27, 240, 43
27, 250, 43
27, 260, 43
27, 270, 43
27, 280, 43
27, 290, 43
27, 300, 43
27, 310, 43
27, 320, 43
28, 330, 42
29, 340, 43
33, 350, 44
34, 360, 41
34, 370, 40
34, 380, 40
34, 390, 38
34, 400, 39
34, 410, 38
34, 420, 38
34, 430, 37
34, 440, 38
34, 450, 37
35, 460, 37
35, 470, 37
35, 480, 37
35, 490, 37
36, 500, 38
37, 510, 38
38, 520, 39
{'count': 530, 'truepos': 38, 'falseneg': 0, 'unknownyes': 7, 'falsepos': 0, 'unique': 530}
1: K_all3.csv: machine3: 0, 0
1, 10
2, 20, 92
2, 30, 61
4, 40, 54
7, 50, 51
9, 60, 58
11, 70, 54
16, 80, 52
17, 90, 58
18, 100, 54
20, 110, 51
21, 120, 53
21, 130, 50
21, 140, 47
22, 150, 45
23, 160, 45
23, 170, 45
26, 180, 44
26, 190, 44
27, 200, 44
27, 210, 45
27, 220, 44
27, 230, 44
27, 240, 43
27, 250, 43
27, 260, 43
27, 270, 43
27, 280, 43
27, 290, 43
27, 300, 43
27, 310, 43
27, 320, 43
28, 330, 43
29, 340, 43
33, 350, 44
34, 360, 41
34, 370, 41
34, 380, 39
34, 390, 39
34, 400, 38
34, 410, 38
35, 420, 37
36, 430, 37
36, 440, 39
36, 450, 39
37, 460, 38
37, 470, 39
38, 480, 39
{'count': 529, 'truepos': 39, 'falseneg': 0, 'unknownyes': 6, 'falsepos': 0, 'unique': 490}

------------------------------------------------------------
Sender: LSF System <lsfadmin@n2a1-4>
Subject: Job 270866: </share/tjmenzie/zyu9/miniconda2/bin/python2.7 runner.py error_hpcc 1> Done

Job </share/tjmenzie/zyu9/miniconda2/bin/python2.7 runner.py error_hpcc 1> was submitted from host <login01.hpc.ncsu.edu> by user <zyu9> in cluster <henry2>.
Job was executed on host(s) <2*n2a1-4>, in queue <single_chassis>, as user <zyu9> in cluster <henry2>.
</home/zyu9> was used as the home directory.
</home/zyu9/projects/MAR_HPC/Error/src> was used as the working directory.
Started at Sat Oct 21 09:24:08 2017
Results reported at Sat Oct 21 10:24:26 2017

Your job looked like:

------------------------------------------------------------
# LSBATCH: User input
/share/tjmenzie/zyu9/miniconda2/bin/python2.7 runner.py error_hpcc 1
------------------------------------------------------------

Successfully completed.

Resource usage summary:

    CPU time   :   5219.52 sec.
    Max Memory :       179 MB
    Max Swap   :      1191 MB

    Max Processes  :         3
    Max Threads    :         8

The output (if any) is above this job summary.



PS:

Read file <./err/1.err.270866> for stderr output of this job.

