1: Hall.csv: none: 0, 0
8, 10
10, 20, 126
12, 30, 124
14, 40, 131
19, 50, 125
23, 60, 130
30, 70, 85
34, 80, 84
40, 90, 82
42, 100, 88
45, 110, 84
50, 120, 82
55, 130, 91
60, 140, 90
64, 150, 92
67, 160, 99
72, 170, 96
76, 180, 103
81, 190, 102
82, 200, 110
86, 210, 105
89, 220, 104
90, 230, 110
93, 240, 109
95, 250, 112
96, 260, 107
96, 270, 115
97, 280, 111
98, 290, 111
98, 300, 110
99, 310, 113
99, 320, 112
99, 330, 110
99, 340, 108
99, 350, 116
99, 360, 111
101, 370, 111
101, 380, 114
101, 390, 113
102, 400, 110
102, 410, 115
102, 420, 114
102, 430, 111
102, 440, 111
102, 450, 110
102, 460, 108
102, 470, 109
{'count': 470, 'truepos': 102, 'falseneg': 0, 'correction': 0, 'unknownyes': 2, 'falsepos': 0, 'unique': 470}
1: Hall.csv: three: 0, 0
8, 10
11, 20, 122
13, 30, 130
15, 40, 132
16, 50, 136
19, 60, 130
24, 70, 127
32, 80, 104
39, 90, 101
47, 100, 109
52, 110, 116
53, 120, 114
58, 130, 102
63, 140, 101
66, 150, 112
69, 160, 113
76, 170, 98
81, 180, 110
83, 190, 115
86, 200, 118
88, 210, 108
89, 220, 110
92, 230, 111
93, 240, 111
93, 250, 112
95, 260, 111
95, 270, 112
95, 280, 108
97, 290, 108
98, 300, 112
99, 310, 109
99, 320, 109
99, 330, 109
99, 340, 107
99, 350, 109
100, 360, 106
100, 370, 109
101, 380, 107
102, 390, 108
102, 400, 114
102, 410, 109
102, 420, 110
102, 430, 110
102, 440, 108
102, 450, 108
102, 460, 108
{'count': 920, 'truepos': 102, 'falseneg': 0, 'correction': 0, 'unknownyes': 2, 'falsepos': 0, 'unique': 460}
1: Hall.csv: machine: 0, 0
8, 10
10, 20, 124
13, 30, 124
15, 40, 125
17, 50, 125
19, 60, 122
22, 70, 115
27, 80, 86
30, 90, 97
33, 100, 94
38, 110, 78
40, 120, 99
40, 120, 99
42, 130, 87
48, 140, 78
54, 150, 89
59, 160, 90
62, 170, 94
62, 170, 94
66, 180, 94
70, 190, 92
73, 200, 86
75, 210, 89
79, 220, 87
79, 220, 87
83, 230, 96
89, 240, 95
92, 250, 106
95, 260, 108
96, 270, 112
96, 270, 112
97, 280, 109
97, 290, 111
98, 300, 110
99, 310, 111
100, 320, 109
100, 320, 109
100, 330, 111
101, 340, 111
101, 350, 112
101, 360, 113
101, 370, 112
101, 370, 112
101, 380, 112
101, 390, 110
101, 400, 110
101, 410, 108
101, 420, 109
101, 420, 109
101, 430, 107
101, 440, 107
101, 450, 107
101, 460, 107
101, 470, 108
101, 470, 108
101, 480, 108
101, 490, 107
102, 500, 107
{'count': 666, 'truepos': 102, 'falseneg': 0, 'correction': 0, 'unknownyes': 2, 'falsepos': 0, 'unique': 500}
1: Hall.csv: knee: 0, 0
8, 10
10, 20
12, 30
13, 40
18, 50
20, 60
26, 70
32, 80
36, 90
41, 100
46, 110
50, 120
52, 130
57, 140
61, 150
63, 160
69, 170
71, 180
75, 190
80, 200
82, 210
82, 220
84, 230
85, 240
90, 250
93, 260
96, 270
97, 280
97, 290
98, 300
100, 310
100, 320
100, 330
102, 340
102, 350
102, 360
102, 370
102, 380
102, 390
102, 400
102, 410
102, 420
102, 430
102, 440
102, 450
{'count': 630, 'truepos': 102, 'falseneg': 0, 'correction': 0, 'unknownyes': 2, 'falsepos': 0, 'unique': 450}
1: Wahono.csv: none: 0, 0
6, 10
6, 20, 99
8, 30, 92
9, 40, 92
12, 50, 67
14, 60, 55
17, 70, 52
20, 80, 58
22, 90, 42
25, 100, 47
27, 110, 56
30, 120, 56
32, 130, 63
33, 140, 61
33, 150, 64
33, 160, 61
33, 170, 55
35, 180, 56
38, 190, 59
38, 200, 62
39, 210, 59
40, 220, 66
42, 230, 60
43, 240, 70
44, 250, 60
44, 260, 62
45, 270, 64
46, 280, 63
46, 290, 72
47, 300, 61
47, 310, 62
47, 320, 64
47, 330, 64
48, 340, 61
48, 350, 61
48, 360, 64
48, 370, 61
49, 380, 60
49, 390, 59
49, 400, 61
49, 410, 60
49, 420, 59
49, 430, 58
49, 440, 60
49, 450, 58
50, 460, 59
50, 470, 60
52, 480, 59
52, 490, 60
52, 500, 60
52, 510, 63
52, 520, 61
52, 530, 61
52, 540, 60
53, 550, 60
54, 560, 62
55, 570, 64
56, 580, 63
57, 590, 64
58, 600, 65
58, 610, 68
58, 620, 66
58, 630, 67
58, 640, 67
58, 650, 67
58, 660, 67
58, 670, 66
58, 680, 67
58, 690, 67
58, 700, 65
58, 710, 68
58, 720, 66
58, 730, 64
58, 740, 66
58, 750, 65
58, 760, 65
58, 770, 65
58, 780, 65
58, 790, 65
58, 800, 65
58, 810, 65
58, 820, 65
58, 830, 64
58, 840, 64
58, 850, 64
58, 860, 64
58, 870, 64
58, 880, 63
58, 890, 63
58, 900, 63
59, 910, 63
59, 920, 65
59, 930, 65
59, 940, 65
59, 950, 65
59, 960, 64
59, 970, 65
59, 980, 64
59, 990, 64
59, 1000, 63
59, 1010, 64
59, 1020, 64
59, 1030, 64
59, 1040, 64
59, 1050, 63
59, 1060, 63
59, 1070, 64
59, 1080, 64
59, 1090, 63
59, 1100, 63
59, 1110, 63
{'count': 1110, 'truepos': 59, 'falseneg': 0, 'correction': 0, 'unknownyes': 3, 'falsepos': 0, 'unique': 1110}
1: Wahono.csv: three: 0, 0
6, 10
6, 20, 98
7, 30, 100
11, 40, 84
13, 50, 86
14, 60, 81
17, 70, 65
19, 80, 56
21, 90, 54
25, 100, 43
28, 110, 58
29, 120, 62
29, 130, 64
29, 140, 57
30, 150, 52
32, 160, 56
35, 170, 56
35, 180, 58
35, 190, 54
36, 200, 57
37, 210, 54
38, 220, 62
41, 230, 60
42, 240, 62
42, 250, 64
44, 260, 67
44, 270, 62
45, 280, 64
45, 290, 63
45, 300, 63
45, 310, 61
46, 320, 63
46, 330, 57
46, 340, 61
46, 350, 62
47, 360, 62
48, 370, 58
48, 380, 63
48, 390, 60
48, 400, 60
48, 410, 63
50, 420, 58
50, 430, 61
50, 440, 61
50, 450, 62
50, 460, 61
50, 470, 59
50, 480, 60
50, 490, 59
50, 500, 60
50, 510, 58
51, 520, 59
51, 530, 58
51, 540, 59
51, 550, 59
53, 560, 58
53, 570, 61
54, 580, 60
55, 590, 63
58, 600, 63
58, 610, 67
58, 620, 68
58, 630, 67
58, 640, 67
58, 650, 67
58, 660, 67
58, 670, 66
58, 680, 68
58, 690, 66
58, 700, 65
58, 710, 66
58, 720, 67
58, 730, 65
58, 740, 64
58, 750, 65
58, 760, 65
58, 770, 66
58, 780, 65
58, 790, 65
58, 800, 65
58, 810, 64
58, 820, 65
58, 830, 65
58, 840, 64
58, 850, 65
58, 860, 64
58, 870, 63
59, 880, 64
59, 890, 65
59, 900, 65
59, 910, 64
59, 920, 64
59, 930, 64
59, 940, 64
59, 950, 64
59, 960, 64
59, 970, 64
59, 980, 64
59, 990, 64
59, 1000, 64
59, 1010, 64
59, 1020, 63
59, 1030, 64
59, 1040, 63
59, 1050, 64
59, 1060, 63
59, 1070, 64
59, 1080, 64
59, 1090, 64
59, 1100, 64
59, 1110, 64
59, 1120, 63
59, 1130, 63
59, 1140, 63
59, 1150, 63
59, 1160, 63
59, 1170, 63
59, 1180, 63
59, 1190, 63
{'count': 2380, 'truepos': 59, 'falseneg': 0, 'correction': 0, 'unknownyes': 3, 'falsepos': 0, 'unique': 1190}
1: Wahono.csv: machine: 0, 0
6, 10
7, 20, 103
9, 30, 96
11, 40, 105
13, 50, 102
13, 60, 100
16, 70, 75
17, 80, 79
20, 90, 71
22, 100, 59
24, 110, 58
28, 120, 60
28, 120, 60
30, 130, 65
32, 140, 60
33, 150, 65
33, 160, 67
35, 170, 61
35, 170, 61
37, 180, 55
37, 190, 65
38, 200, 57
38, 210, 64
39, 220, 61
39, 220, 61
40, 230, 56
40, 240, 63
40, 250, 60
41, 260, 55
42, 270, 56
42, 270, 56
42, 280, 55
43, 290, 59
43, 300, 60
43, 310, 58
45, 320, 55
45, 320, 55
45, 330, 58
45, 340, 58
45, 350, 60
45, 360, 58
47, 370, 58
47, 370, 58
47, 380, 61
48, 390, 59
48, 400, 59
48, 410, 59
48, 420, 57
48, 420, 57
48, 430, 61
48, 440, 58
48, 450, 58
49, 460, 59
50, 470, 58
50, 470, 58
50, 480, 61
50, 490, 60
50, 500, 59
50, 510, 57
52, 520, 57
52, 520, 57
53, 530, 60
53, 540, 60
53, 550, 61
54, 560, 60
55, 570, 62
55, 570, 62
55, 580, 64
56, 590, 64
56, 600, 65
57, 610, 63
58, 620, 66
58, 620, 66
58, 630, 66
58, 640, 66
58, 650, 68
58, 660, 66
58, 670, 67
58, 670, 67
58, 680, 67
58, 690, 66
58, 700, 66
58, 710, 66
58, 720, 65
58, 720, 65
58, 730, 64
58, 740, 65
58, 750, 65
58, 760, 64
58, 770, 65
58, 770, 65
58, 780, 65
58, 790, 65
58, 800, 64
58, 810, 64
58, 820, 64
58, 820, 64
58, 830, 64
59, 840, 64
59, 850, 65
59, 860, 66
59, 870, 65
59, 870, 65
59, 880, 65
59, 890, 64
59, 900, 65
59, 910, 65
59, 920, 64
59, 920, 64
59, 930, 65
59, 940, 64
59, 950, 65
59, 960, 65
59, 970, 64
59, 970, 64
59, 980, 64
59, 990, 64
59, 1000, 63
59, 1010, 64
59, 1020, 63
59, 1020, 63
59, 1030, 63
59, 1040, 64
59, 1050, 63
59, 1060, 63
59, 1070, 63
59, 1070, 63
59, 1080, 63
{'count': 1633, 'truepos': 59, 'falseneg': 0, 'correction': 0, 'unknownyes': 3, 'falsepos': 0, 'unique': 1080}
1: Wahono.csv: knee: 0, 0
6, 10
7, 20
10, 30
10, 40
12, 50
14, 60
16, 70
19, 80
21, 90
22, 100
24, 110
27, 120
29, 130
29, 140
31, 150
34, 160
35, 170
35, 180
37, 190
38, 200
39, 210
39, 220
40, 230
42, 240
43, 250
44, 260
45, 270
45, 280
45, 290
46, 300
46, 310
46, 320
48, 330
48, 340
48, 350
49, 360
49, 370
49, 380
49, 390
50, 400
50, 410
50, 420
50, 430
51, 440
51, 450
51, 460
51, 470
51, 480
52, 490
52, 500
52, 510
52, 520
52, 530
52, 540
52, 550
52, 560
{'count': 792, 'truepos': 52, 'falseneg': 0, 'correction': 0, 'unknownyes': 10, 'falsepos': 0, 'unique': 560}
1: Danijel.csv: none: 0, 0
4, 10
5, 20, 125
6, 30, 112
9, 40, 99
10, 50, 95
11, 60, 81
17, 70, 65
19, 80, 85
22, 90, 77
24, 100, 51
26, 110, 49
28, 120, 50
31, 130, 46
31, 140, 51
32, 150, 50
33, 160, 53
34, 170, 49
35, 180, 49
37, 190, 52
37, 200, 63
37, 210, 53
37, 220, 51
37, 230, 50
37, 240, 50
39, 250, 47
39, 260, 50
39, 270, 50
40, 280, 47
40, 290, 51
40, 300, 49
40, 310, 49
40, 320, 48
40, 330, 50
41, 340, 47
41, 350, 48
41, 360, 49
41, 370, 47
41, 380, 47
42, 390, 47
43, 400, 49
43, 410, 51
43, 420, 49
43, 430, 48
44, 440, 50
44, 450, 51
44, 460, 50
44, 470, 50
44, 480, 49
44, 490, 51
44, 500, 49
44, 510, 49
44, 520, 51
44, 530, 49
44, 540, 50
44, 550, 49
44, 560, 49
44, 570, 49
44, 580, 48
44, 590, 48
44, 600, 48
45, 610, 48
45, 620, 49
45, 630, 49
45, 640, 49
45, 650, 49
45, 660, 49
45, 670, 50
45, 680, 50
45, 690, 49
45, 700, 49
45, 710, 49
45, 720, 48
45, 730, 48
45, 740, 48
45, 750, 48
45, 760, 48
{'count': 760, 'truepos': 45, 'falseneg': 0, 'correction': 0, 'unknownyes': 3, 'falsepos': 0, 'unique': 760}
1: Danijel.csv: three: 0, 0
4, 10
4, 20, 116
5, 30, 99
8, 40, 74
10, 50, 78
12, 60, 67
14, 70, 59
17, 80, 62
19, 90, 69
23, 100, 60
25, 110, 54
25, 120, 54
28, 130, 45
29, 140, 52
31, 150, 48
31, 160, 49
31, 170, 48
31, 180, 46
32, 190, 46
32, 200, 47
33, 210, 44
36, 220, 44
37, 230, 47
38, 240, 48
38, 250, 48
39, 260, 48
39, 270, 50
40, 280, 49
41, 290, 52
41, 300, 51
41, 310, 54
41, 320, 50
41, 330, 49
42, 340, 50
42, 350, 56
43, 360, 50
43, 370, 53
43, 380, 51
43, 390, 50
43, 400, 51
43, 410, 51
43, 420, 49
43, 430, 50
44, 440, 49
44, 450, 50
44, 460, 50
44, 470, 51
44, 480, 50
44, 490, 50
44, 500, 51
44, 510, 50
44, 520, 50
44, 530, 50
44, 540, 49
44, 550, 49
44, 560, 48
44, 570, 49
44, 580, 48
44, 590, 48
44, 600, 48
44, 610, 48
44, 620, 48
44, 630, 47
44, 640, 48
44, 650, 48
44, 660, 47
44, 670, 47
45, 680, 48
45, 690, 48
45, 700, 48
45, 710, 48
45, 720, 48
45, 730, 48
45, 740, 48
45, 750, 48
45, 760, 48
45, 770, 49
45, 780, 48
{'count': 1560, 'truepos': 45, 'falseneg': 0, 'correction': 0, 'unknownyes': 3, 'falsepos': 0, 'unique': 780}
1: Danijel.csv: machine: 0, 0
4, 10
4, 20, 120
6, 30, 94
8, 40, 74
10, 50, 77
12, 60, 67
15, 70, 68
18, 80, 66
23, 90, 62
24, 100, 60
26, 110, 52
27, 120, 49
27, 120, 49
28, 130, 49
28, 140, 47
30, 150, 47
32, 160, 48
32, 170, 51
32, 170, 51
32, 180, 47
32, 190, 49
32, 200, 45
33, 210, 44
34, 220, 46
34, 220, 46
36, 230, 45
36, 240, 47
39, 250, 46
39, 260, 50
40, 270, 52
40, 270, 52
40, 280, 48
40, 290, 49
40, 300, 49
40, 310, 49
40, 320, 49
40, 320, 49
40, 330, 52
41, 340, 47
43, 350, 49
43, 360, 53
43, 370, 51
43, 370, 51
43, 380, 52
43, 390, 53
43, 400, 50
43, 410, 50
43, 420, 50
43, 420, 50
43, 430, 50
43, 440, 50
43, 450, 51
44, 460, 49
44, 470, 51
44, 470, 51
44, 480, 50
44, 490, 51
44, 500, 50
44, 510, 50
44, 520, 49
44, 520, 49
44, 530, 48
44, 540, 49
44, 550, 48
44, 560, 49
44, 570, 48
44, 570, 48
44, 580, 49
44, 590, 51
44, 600, 49
44, 610, 48
44, 620, 48
44, 620, 48
45, 630, 48
45, 640, 49
45, 650, 49
45, 660, 49
45, 670, 49
45, 670, 49
45, 680, 49
45, 690, 49
45, 700, 49
45, 710, 48
45, 720, 48
45, 720, 48
45, 730, 48
45, 740, 48
{'count': 1208, 'truepos': 45, 'falseneg': 0, 'correction': 0, 'unknownyes': 3, 'falsepos': 0, 'unique': 740}
1: Danijel.csv: knee: 0, 0
4, 10
4, 20
5, 30
8, 40
11, 50
13, 60
16, 70
19, 80
20, 90
21, 100
24, 110
27, 120
28, 130
29, 140
30, 150
30, 160
30, 170
31, 180
32, 190
33, 200
35, 210
35, 220
36, 230
37, 240
39, 250
39, 260
39, 270
40, 280
40, 290
41, 300
41, 310
41, 320
41, 330
41, 340
41, 350
42, 360
42, 370
43, 380
43, 390
43, 400
43, 410
43, 420
43, 430
43, 440
44, 450
44, 460
44, 470
44, 480
44, 490
{'count': 706, 'truepos': 44, 'falseneg': 0, 'correction': 0, 'unknownyes': 4, 'falsepos': 0, 'unique': 490}
1: K_all3.csv: none: 0, 0
2, 10
5, 20, 70
6, 30, 62
11, 40, 55
13, 50, 63
15, 60, 59
18, 70, 59
20, 80, 60
20, 90, 35
20, 100, 33
22, 110, 31
22, 120, 38
22, 130, 30
23, 140, 32
23, 150, 33
25, 160, 31
29, 170, 33
29, 180, 40
29, 190, 41
30, 200, 37
30, 210, 36
31, 220, 38
31, 230, 40
31, 240, 38
31, 250, 36
31, 260, 37
31, 270, 36
31, 280, 36
32, 290, 35
33, 300, 36
34, 310, 38
34, 320, 38
35, 330, 37
35, 340, 39
36, 350, 38
37, 360, 39
39, 370, 40
40, 380, 42
40, 390, 43
{'count': 390, 'truepos': 40, 'falseneg': 0, 'correction': 0, 'unknownyes': 5, 'falsepos': 0, 'unique': 390}
1: K_all3.csv: three: 0, 0
2, 10
5, 20, 70
6, 30, 62
11, 40, 54
14, 50, 63
14, 60, 63
16, 70, 55
18, 80, 48
20, 90, 48
21, 100, 32
22, 110, 35
23, 120, 33
24, 130, 36
24, 140, 35
26, 150, 33
28, 160, 35
28, 170, 40
29, 180, 35
29, 190, 37
29, 200, 37
29, 210, 36
31, 220, 34
31, 230, 36
31, 240, 37
32, 250, 35
33, 260, 37
33, 270, 37
33, 280, 38
33, 290, 37
34, 300, 37
35, 310, 37
36, 320, 38
38, 330, 40
38, 340, 41
38, 350, 41
39, 360, 41
{'count': 720, 'truepos': 39, 'falseneg': 0, 'correction': 0, 'unknownyes': 6, 'falsepos': 0, 'unique': 360}
1: K_all3.csv: machine: 0, 0
2, 10
5, 20, 71
6, 30, 63
11, 40, 54
13, 50, 63
15, 60, 60
17, 70, 59
17, 80, 56
20, 90, 48
20, 100, 35
21, 110, 30
21, 120, 30
21, 120, 30
22, 130, 30
23, 140, 31
25, 150, 32
27, 160, 33
28, 170, 39
28, 170, 39
29, 180, 39
29, 190, 39
29, 200, 40
30, 210, 36
30, 220, 38
30, 220, 38
30, 230, 36
31, 240, 36
31, 250, 36
31, 260, 36
31, 270, 35
31, 270, 35
31, 280, 35
32, 290, 35
32, 300, 38
32, 310, 36
34, 320, 35
{'count': 484, 'truepos': 34, 'falseneg': 0, 'correction': 0, 'unknownyes': 11, 'falsepos': 0, 'unique': 320}
1: K_all3.csv: knee: 0, 0
2, 10
5, 20
6, 30
11, 40
13, 50
15, 60
18, 70
20, 80
20, 90
21, 100
22, 110
23, 120
23, 130
24, 140
25, 150
28, 160
28, 170
29, 180
29, 190
29, 200
30, 210
30, 220
31, 230
31, 240
31, 250
31, 260
31, 270
31, 280
31, 290
31, 300
32, 310
33, 320
33, 330
35, 340
36, 350
36, 360
37, 370
39, 380
39, 390
39, 400
39, 410
39, 420
40, 430
40, 440
40, 450
40, 460
41, 470
41, 480
41, 490
41, 500
42, 510
42, 520
42, 530
42, 540
43, 550
43, 560
43, 570
43, 580
43, 590
43, 600
43, 610
43, 620
43, 630
43, 640
43, 650
43, 660
43, 670
43, 680
43, 690
43, 700
43, 710
{'count': 857, 'truepos': 43, 'falseneg': 0, 'correction': 0, 'unknownyes': 2, 'falsepos': 0, 'unique': 710}

------------------------------------------------------------
Sender: LSF System <lsfadmin@n2e1-11>
Subject: Job 629137: </share/tjmenzie/zyu9/miniconda2/bin/python2.7 runner.py error_hpcc 1> in cluster <henry2> Done

Job </share/tjmenzie/zyu9/miniconda2/bin/python2.7 runner.py error_hpcc 1> was submitted from host <login01.hpc.ncsu.edu> by user <zyu9> in cluster <henry2> at Tue Jan 30 18:08:15 2018.
Job was executed on host(s) <2*n2e1-11>, in queue <single_chassis>, as user <zyu9> in cluster <henry2> at Tue Jan 30 18:08:18 2018.
</home/zyu9> was used as the home directory.
</home/zyu9/projects/MAR_HPC/Error/src> was used as the working directory.
Started at Tue Jan 30 18:08:18 2018.
Terminated at Tue Jan 30 18:51:42 2018.
Results reported at Tue Jan 30 18:51:42 2018.

Your job looked like:

------------------------------------------------------------
# LSBATCH: User input
/share/tjmenzie/zyu9/miniconda2/bin/python2.7 runner.py error_hpcc 1
------------------------------------------------------------

Successfully completed.

Resource usage summary:

    CPU time :                                   3552.60 sec.
    Max Memory :                                 281.95 MB
    Average Memory :                             223.95 MB
    Total Requested Memory :                     -
    Delta Memory :                               -
    Max Swap :                                   1308 MB
    Max Processes :                              3
    Max Threads :                                8
    Run time :                                   2607 sec.
    Turnaround time :                            2607 sec.

The output (if any) is above this job summary.



PS:

Read file <./err/1.err.629137> for stderr output of this job.

