10: Hall.csv: none: 0, 0
7, 10
12, 20, 118
17, 30, 139
20, 40, 114
27, 50, 97
31, 60, 105
34, 70, 90
38, 80, 82
38, 90, 91
40, 100, 77
44, 110, 81
49, 120, 94
53, 130, 101
57, 140, 120
60, 150, 139
63, 160, 114
66, 170, 115
69, 180, 116
70, 190, 109
73, 200, 103
76, 210, 112
81, 220, 110
84, 230, 115
88, 240, 106
88, 250, 117
90, 260, 108
94, 270, 113
96, 280, 119
96, 290, 129
97, 300, 121
100, 310, 122
101, 320, 132
103, 330, 127
104, 340, 130
105, 350, 129
105, 360, 130
108, 370, 129
109, 380, 138
110, 390, 132
112, 400, 131
112, 410, 145
114, 420, 138
116, 430, 149
118, 440, 157
121, 450, 166
123, 460, 174
124, 470, 168
125, 480, 165
125, 490, 169
126, 500, 160
128, 510, 166
131, 520, 176
131, 530, 210
131, 540, 182
132, 550, 188
134, 560, 180
134, 570, 182
135, 580, 188
135, 590, 191
138, 600, 180
138, 610, 196
140, 620, 185
140, 630, 183
141, 640, 178
142, 650, 189
143, 660, 195
143, 670, 203
143, 680, 189
143, 690, 192
145, 700, 188
146, 710, 197
147, 720, 187
148, 730, 194
149, 740, 194
150, 750, 204
151, 760, 199
155, 770, 200
156, 780, 212
156, 790, 206
156, 800, 210
156, 810, 204
157, 820, 204
157, 830, 208
158, 840, 204
158, 850, 204
159, 860, 207
160, 870, 203
162, 880, 196
163, 890, 203
165, 900, 207
167, 910, 204
168, 920, 211
168, 930, 209
169, 940, 204
170, 950, 207
171, 960, 210
172, 970, 214
173, 980, 211
175, 990, 214
176, 1000, 211
177, 1010, 217
178, 1020, 216
179, 1030, 219
179, 1040, 215
180, 1050, 220
180, 1060, 212
181, 1070, 225
182, 1080, 220
183, 1090, 218
183, 1100, 219
184, 1110, 223
184, 1120, 221
184, 1130, 217
185, 1140, 223
187, 1150, 220
191, 1160, 226
191, 1170, 234
191, 1180, 232
192, 1190, 231
192, 1200, 234
194, 1210, 236
195, 1220, 236
195, 1230, 236
198, 1240, 237
202, 1250, 236
204, 1260, 243
205, 1270, 246
205, 1280, 242
207, 1290, 239
208, 1300, 250
208, 1310, 246
210, 1320, 249
210, 1330, 246
212, 1340, 250
212, 1350, 254
213, 1360, 255
214, 1370, 244
215, 1380, 250
215, 1390, 245
216, 1400, 248
219, 1410, 251
220, 1420, 252
220, 1430, 251
221, 1440, 251
222, 1450, 261
223, 1460, 262
224, 1470, 260
225, 1480, 267
225, 1490, 264
225, 1500, 265
226, 1510, 265
226, 1520, 255
227, 1530, 260
229, 1540, 263
230, 1550, 267
230, 1560, 273
230, 1570, 264
231, 1580, 266
233, 1590, 272
234, 1600, 275
237, 1610, 269
239, 1620, 271
241, 1630, 270
243, 1640, 281
243, 1650, 283
243, 1660, 286
243, 1670, 286
244, 1680, 275
244, 1690, 281
245, 1700, 284
247, 1710, 285
250, 1720, 281
251, 1730, 285
252, 1740, 284
253, 1750, 284
253, 1760, 286
255, 1770, 282
258, 1780, 286
258, 1790, 294
258, 1800, 287
258, 1810, 285
260, 1820, 290
261, 1830, 288
263, 1840, 293
263, 1850, 290
264, 1860, 291
264, 1870, 293
267, 1880, 293
267, 1890, 297
267, 1900, 297
267, 1910, 296
268, 1920, 291
268, 1930, 298
268, 1940, 295
270, 1950, 294
270, 1960, 292
273, 1970, 295
273, 1980, 294
275, 1990, 299
277, 2000, 300
280, 2010, 303
281, 2020, 309
283, 2030, 309
283, 2040, 318
283, 2050, 313
283, 2060, 310
283, 2070, 310
284, 2080, 308
285, 2090, 310
287, 2100, 311
288, 2110, 316
288, 2120, 318
290, 2130, 316
290, 2140, 316
292, 2150, 318
293, 2160, 315
293, 2170, 320
295, 2180, 316
295, 2190, 321
297, 2200, 322
297, 2210, 321
297, 2220, 320
297, 2230, 321
299, 2240, 323
301, 2250, 326
302, 2260, 327
303, 2270, 325
303, 2280, 328
303, 2290, 333
303, 2300, 326
303, 2310, 324
304, 2320, 323
306, 2330, 327
306, 2340, 326
306, 2350, 325
306, 2360, 327
306, 2370, 328
307, 2380, 330
309, 2390, 327
309, 2400, 336
309, 2410, 330
309, 2420, 335
310, 2430, 328
313, 2440, 329
315, 2450, 335
316, 2460, 341
316, 2470, 344
317, 2480, 341
318, 2490, 338
320, 2500, 339
320, 2510, 340
320, 2520, 342
322, 2530, 340
322, 2540, 343
323, 2550, 343
324, 2560, 345
{'count': 2560, 'truepos': 90, 'falseneg': 14, 'unknownyes': 2, 'falsepos': 234, 'unique': 2560}
10: Hall.csv: three: 0, 0
7, 10
9, 20, 111
13, 30, 106
17, 40, 111
22, 50, 94
27, 60, 93
32, 70, 96
36, 80, 79
39, 90, 80
40, 100, 85
46, 110, 75
51, 120, 83
56, 130, 89
60, 140, 95
61, 150, 106
64, 160, 95
65, 170, 92
69, 180, 86
72, 190, 95
76, 200, 89
80, 210, 98
84, 220, 101
88, 230, 105
91, 240, 112
93, 250, 131
95, 260, 121
96, 270, 123
98, 280, 117
100, 290, 120
101, 300, 122
102, 310, 126
102, 320, 127
102, 330, 117
103, 340, 122
105, 350, 123
105, 360, 122
105, 370, 122
106, 380, 124
106, 390, 125
109, 400, 127
109, 410, 124
109, 420, 123
110, 430, 128
111, 440, 127
111, 450, 132
111, 460, 134
112, 470, 130
112, 480, 135
112, 490, 128
112, 500, 130
112, 510, 129
112, 520, 130
113, 530, 126
113, 540, 129
113, 550, 124
114, 560, 124
114, 570, 125
114, 580, 127
114, 590, 124
114, 600, 125
114, 610, 124
114, 620, 126
114, 630, 125
114, 640, 125
115, 650, 124
115, 660, 126
115, 670, 125
115, 680, 126
115, 690, 124
115, 700, 124
115, 710, 123
115, 720, 123
116, 730, 124
116, 740, 125
116, 750, 125
116, 760, 124
116, 770, 124
116, 780, 125
116, 790, 124
117, 800, 124
117, 810, 125
119, 820, 125
119, 830, 127
122, 840, 129
122, 850, 130
123, 860, 132
123, 870, 131
123, 880, 132
123, 890, 130
123, 900, 132
123, 910, 131
123, 920, 131
124, 930, 130
124, 940, 131
124, 950, 132
125, 960, 132
126, 970, 132
126, 980, 134
129, 990, 134
129, 1000, 139
129, 1010, 137
129, 1020, 137
129, 1030, 137
130, 1040, 137
130, 1050, 140
131, 1060, 137
131, 1070, 141
132, 1080, 139
134, 1090, 140
134, 1100, 145
134, 1110, 144
134, 1120, 143
134, 1130, 143
135, 1140, 143
135, 1150, 145
136, 1160, 143
136, 1170, 145
136, 1180, 146
136, 1190, 145
136, 1200, 145
136, 1210, 144
136, 1220, 145
137, 1230, 146
137, 1240, 145
{'count': 2712, 'truepos': 99, 'falseneg': 4, 'unknownyes': 3, 'falsepos': 38, 'unique': 1240}
10: Hall.csv: machine: 0, 0
7, 10
9, 20, 112
12, 30, 113
16, 40, 118
19, 50, 101
22, 60, 97
['yes' 'yes' 'yes' 'yes' 'yes' 'yes' 'yes' 'no' 'yes' 'yes']
[]
21, 60, 97
26, 70, 92
34, 80, 89
39, 90, 84
40, 100, 87
44, 110, 84
['yes' 'yes' 'yes' 'yes' 'no' 'yes' 'no' 'yes' 'yes' 'yes']
['no' 'no' 'no' 'no' 'no' 'no' 'no' 'no' 'no' 'no']
43, 110, 84
48, 120, 85
51, 130, 88
55, 140, 83
58, 150, 80
62, 160, 90
['no' 'no' 'yes' 'yes' 'yes' 'yes' 'yes' 'yes' 'no' 'yes']
['no' 'no' 'no' 'no' 'no' 'yes' 'no' 'yes' 'no' 'no']
62, 160, 90
71, 170, 82
73, 180, 94
78, 190, 90
82, 200, 92
84, 210, 97
['yes' 'yes' 'yes' 'yes' 'yes' 'yes' 'no' 'yes' 'yes' 'yes']
['no' 'no' 'no' 'yes' 'no' 'no' 'no' 'no' 'no' 'no']
84, 210, 97
86, 220, 98
90, 230, 99
95, 240, 101
98, 250, 113
101, 260, 115
['no' 'no' 'yes' 'no' 'no' 'yes' 'yes' 'yes' 'no' 'yes']
['no' 'no' 'no' 'no' 'no' 'no' 'no' 'no' 'no' 'no']
96, 260, 115
98, 270, 109
100, 280, 110
103, 290, 116
105, 300, 123
106, 310, 122
['no' 'no' 'no' 'no' 'yes' 'no' 'yes' 'yes' 'yes' 'yes']
['no' 'yes' 'no' 'no' 'no' 'yes' 'no' 'no' 'no' 'no']
100, 310, 122
101, 320, 109
103, 330, 110
104, 340, 113
105, 350, 119
106, 360, 115
['yes' 'yes' 'yes' 'yes' 'yes' 'yes' 'yes' 'no' 'yes' 'yes']
['no' 'no' 'no' 'no' 'yes' 'no' 'no' 'no' 'no' 'no']
106, 360, 115
108, 370, 117
109, 380, 121
110, 390, 122
111, 400, 124
112, 410, 121
['no' 'no' 'no' 'yes' 'no' 'no' 'no' 'no' 'no' 'yes']
['no' 'no' 'no' 'no' 'no' 'no' 'no' 'no' 'no' 'no']
108, 410, 121
108, 420, 122
108, 430, 119
109, 440, 118
112, 450, 120
114, 460, 128
['no' 'no' 'no' 'yes' 'yes' 'no' 'no' 'no' 'no' 'yes']
['no' 'no' 'no' 'no' 'no' 'no' 'yes' 'yes' 'no' 'no']
111, 460, 128
114, 470, 128
114, 480, 137
114, 490, 136
115, 500, 137
115, 510, 133
['no' 'no' 'no' 'yes' 'no' 'no' 'no' 'no' 'no' 'yes']
['no' 'no' 'no' 'no' 'no' 'no' 'no' 'no' 'no' 'no']
107, 510, 133
108, 520, 119
110, 530, 119
110, 540, 124
114, 550, 124
115, 560, 126
['no' 'yes' 'no' 'no' 'no' 'no' 'yes' 'yes' 'yes' 'no']
['no' 'no' 'no' 'no' 'no' 'no' 'no' 'no' 'no' 'no']
110, 560, 126
112, 570, 119
112, 580, 124
112, 590, 123
114, 600, 122
115, 610, 124
['no' 'no' 'no' 'no' 'no' 'no' 'no' 'yes' 'yes' 'yes']
['no' 'no' 'no' 'no' 'no' 'no' 'no' 'no' 'no' 'no']
109, 610, 124
['no' 'no' 'no' 'no' 'yes' 'yes' 'no' 'yes' 'no' 'yes']
['no' 'no' 'no' 'no' 'no' 'no' 'no' 'no' 'no' 'no']
{'count': 860, 'truepos': 95, 'falseneg': 6, 'unknownyes': 5, 'falsepos': 9, 'unique': 610}
10: Hall.csv: machine2: 0, 0
7, 10
10, 20, 113
15, 30, 119
21, 40, 106
25, 50, 109
28, 60, 102
['yes' 'yes' 'no' 'yes' 'no' 'yes' 'yes' 'no' 'yes' 'yes']
['no' 'no' 'no' 'no']
27, 60, 102
33, 70, 101
39, 80, 85
41, 90, 92
45, 100, 89
53, 110, 83
['yes' 'no' 'yes' 'yes' 'yes' 'yes' 'yes' 'yes' 'no' 'yes']
['no' 'yes' 'yes' 'no' 'no' 'no' 'no' 'no' 'no' 'no']
54, 110, 83
59, 120, 92
61, 130, 101
67, 140, 95
73, 150, 94
76, 160, 95
['yes' 'yes' 'no' 'no' 'no' 'yes' 'yes' 'yes' 'yes' 'yes']
['no' 'no' 'no' 'no' 'no' 'no' 'no' 'no' 'no' 'no']
74, 160, 95
75, 170, 108
77, 180, 104
79, 190, 94
82, 200, 103
86, 210, 101
['yes' 'no' 'yes' 'yes' 'no' 'yes' 'yes' 'yes' 'yes' 'yes']
['no' 'no' 'no' 'yes' 'no' 'no' 'no' 'no' 'no' 'no']
88, 210, 101
94, 220, 106
97, 230, 118
99, 240, 115
103, 250, 117
105, 260, 116
['yes' 'yes' 'yes' 'yes' 'yes' 'yes' 'yes' 'no' 'yes' 'no']
['no' 'no' 'no' 'no' 'no' 'no' 'no' 'yes' 'no' 'no']
105, 260, 116
106, 270, 117
108, 280, 118
110, 290, 122
111, 300, 124
112, 310, 125
['no' 'no' 'no' 'yes' 'yes' 'no' 'no' 'yes' 'yes' 'yes']
['no' 'no' 'no' 'no' 'yes' 'no' 'no' 'no' 'no' 'no']
111, 310, 125
111, 320, 126
113, 330, 120
116, 340, 125
118, 350, 137
119, 360, 136
['yes' 'yes' 'yes' 'yes' 'yes' 'no' 'no' 'no' 'yes' 'no']
['no' 'no' 'no' 'yes' 'no' 'no' 'no' 'no' 'no' 'no']
116, 360, 136
116, 370, 129
117, 380, 128
120, 390, 129
121, 400, 134
122, 410, 137
['no' 'no' 'no' 'no' 'yes' 'no' 'yes' 'no' 'no' 'yes']
['no' 'no' 'no' 'no' 'no' 'no' 'no' 'no' 'no' 'no']
119, 410, 137
120, 420, 131
120, 430, 133
121, 440, 133
123, 450, 133
123, 460, 133
['no' 'no' 'no' 'no' 'no' 'no' 'yes' 'yes' 'no' 'yes']
['no' 'no' 'no' 'no' 'no' 'no' 'no' 'no' 'no' 'no']
119, 460, 133
119, 470, 137
120, 480, 133
120, 490, 131
121, 500, 137
122, 510, 135
['no' 'yes' 'no' 'no' 'no' 'no' 'no' 'yes' 'no' 'yes']
['no' 'no' 'no' 'no' 'no' 'no' 'no' 'no' 'no' 'no']
117, 510, 135
118, 520, 127
118, 530, 127
121, 540, 127
121, 550, 133
121, 560, 135
['no' 'no' 'yes' 'no' 'no' 'no' 'yes' 'yes' 'yes' 'yes']
['no' 'no' 'no' 'no' 'no' 'no' 'no' 'no' 'no' 'no']
117, 560, 135
118, 570, 125
120, 580, 127
122, 590, 130
122, 600, 137
122, 610, 134
['no' 'no' 'no' 'no' 'no' 'no' 'yes' 'yes' 'yes' 'no']
['no' 'no' 'no' 'no' 'no' 'no' 'no' 'no' 'no' 'no']
119, 610, 134
120, 620, 126
121, 630, 128
122, 640, 128
122, 650, 130
122, 660, 129
['no' 'no' 'no' 'no' 'no' 'yes' 'yes' 'yes' 'no' 'yes']
['no' 'no' 'no' 'no' 'no' 'no' 'no' 'no' 'no' 'no']
118, 660, 129
119, 670, 126
119, 680, 127
120, 690, 126
120, 700, 127
121, 710, 128
['no' 'no' 'no' 'no' 'no' 'no' 'yes' 'yes' 'yes' 'no']
['no' 'no' 'no' 'no' 'no' 'no' 'no' 'no' 'no' 'no']
115, 710, 128
118, 720, 122
119, 730, 125
119, 740, 126
120, 750, 126
122, 760, 127
['no' 'no' 'no' 'no' 'no' 'yes' 'no' 'no' 'no' 'yes']
['no' 'no' 'no' 'no' 'no' 'no' 'no' 'no' 'no' 'no']
['no' 'no' 'no' 'no' 'no' 'no' 'no' 'no' 'yes' 'yes']
['no' 'no' 'no' 'no' 'no' 'no' 'no' 'no' 'no' 'no']
{'count': 1111, 'truepos': 97, 'falseneg': 6, 'unknownyes': 3, 'falsepos': 21, 'unique': 760}
10: Hall.csv: machine3: 0, 0
7, 10
9, 20, 112
12, 30, 112
16, 40, 115
21, 50, 99
23, 60, 96
null
['no']
23, 60, 96
26, 70, 91
31, 80, 88
34, 90, 68
36, 100, 76
42, 110, 74
null
['no' 'no' 'no' 'no' 'yes' 'no' 'no' 'yes' 'no' 'no']
42, 110, 74
45, 120, 74
49, 130, 75
50, 140, 83
53, 150, 80
56, 160, 75
null
['yes' 'yes' 'yes' 'no' 'yes' 'no' 'no' 'no' 'no' 'no']
59, 160, 75
59, 170, 85
62, 180, 80
62, 190, 88
64, 200, 78
66, 210, 78
null
['yes' 'no' 'yes' 'no' 'no' 'no' 'no' 'no' 'no' 'no']
67, 210, 78
70, 220, 81
71, 230, 80
72, 240, 88
77, 250, 83
79, 260, 92
null
['no' 'no' 'no' 'no' 'no' 'no' 'no' 'no' 'no' 'no']
79, 260, 92
82, 270, 92
83, 280, 96
84, 290, 98
84, 300, 100
84, 310, 100
null
['no' 'no' 'no' 'yes' 'yes' 'no' 'yes' 'yes' 'yes' 'no']
88, 310, 100
88, 320, 103
89, 330, 101
91, 340, 102
92, 350, 104
92, 360, 106
null
['yes' 'no' 'no' 'no' 'yes' 'no' 'no' 'no' 'no' 'no']
93, 360, 106
93, 370, 105
94, 380, 103
94, 390, 104
94, 400, 103
94, 410, 105
null
['yes' 'no' 'no' 'no' 'no' 'no' 'no' 'no' 'no' 'no']
94, 410, 105
94, 420, 107
94, 430, 104
94, 440, 108
94, 450, 104
94, 460, 103
null
['no' 'no' 'no' 'no' 'no' 'no' 'no' 'no' 'no' 'no']
94, 460, 103
94, 470, 106
94, 480, 102
95, 490, 102
95, 500, 105
95, 510, 104
null
['no' 'no' 'no' 'no' 'no' 'no' 'no' 'yes' 'no' 'no']
95, 510, 104
95, 520, 102
95, 530, 103
95, 540, 102
95, 550, 102
95, 560, 102
null
['no' 'yes' 'no' 'no' 'yes' 'no' 'no' 'no' 'no' 'no']
97, 560, 102
97, 570, 105
98, 580, 105
98, 590, 106
98, 600, 104
98, 610, 106
null
['no' 'no' 'no' 'no' 'no' 'no' 'no' 'no' 'no' 'no']
98, 610, 106
98, 620, 104
98, 630, 104
null
['no' 'no' 'no' 'no' 'no' 'no' 'no' 'no' 'no' 'no']
{'count': 905, 'truepos': 92, 'falseneg': 10, 'unknownyes': 4, 'falsepos': 6, 'unique': 630}
10: Wahono.csv: none: 0, 0
6, 10
9, 20, 98
9, 30, 98
10, 40, 93
16, 50, 77
20, 60, 85
22, 70, 85
26, 80, 84
28, 90, 84
30, 100, 71
33, 110, 51
35, 120, 63
37, 130, 66
40, 140, 70
41, 150, 76
43, 160, 78
45, 170, 84
47, 180, 80
47, 190, 87
47, 200, 78
50, 210, 82
52, 220, 86
52, 230, 92
52, 240, 84
54, 250, 84
54, 260, 94
57, 270, 85
57, 280, 92
58, 290, 95
63, 300, 88
66, 310, 92
67, 320, 111
68, 330, 99
71, 340, 102
73, 350, 95
74, 360, 106
76, 370, 103
77, 380, 108
78, 390, 106
78, 400, 115
80, 410, 104
80, 420, 105
82, 430, 105
85, 440, 105
87, 450, 114
88, 460, 112
89, 470, 120
89, 480, 110
89, 490, 119
90, 500, 114
91, 510, 110
91, 520, 110
92, 530, 115
94, 540, 116
95, 550, 118
95, 560, 119
97, 570, 123
97, 580, 121
99, 590, 117
100, 600, 125
102, 610, 127
103, 620, 134
104, 630, 132
105, 640, 128
105, 650, 129
106, 660, 131
106, 670, 128
106, 680, 132
107, 690, 129
109, 700, 132
109, 710, 141
109, 720, 136
109, 730, 136
109, 740, 134
112, 750, 133
114, 760, 140
116, 770, 146
120, 780, 148
121, 790, 157
123, 800, 163
124, 810, 162
125, 820, 161
128, 830, 163
130, 840, 171
130, 850, 184
130, 860, 174
131, 870, 174
132, 880, 176
134, 890, 174
137, 900, 171
140, 910, 189
141, 920, 193
142, 930, 192
143, 940, 196
144, 950, 191
146, 960, 190
147, 970, 196
148, 980, 194
150, 990, 195
151, 1000, 199
152, 1010, 190
153, 1020, 194
153, 1030, 196
153, 1040, 195
154, 1050, 188
154, 1060, 192
155, 1070, 196
157, 1080, 196
157, 1090, 198
157, 1100, 198
158, 1110, 191
160, 1120, 195
160, 1130, 197
162, 1140, 202
163, 1150, 204
164, 1160, 199
164, 1170, 203
165, 1180, 200
165, 1190, 196
165, 1200, 196
165, 1210, 197
166, 1220, 198
166, 1230, 194
168, 1240, 192
168, 1250, 195
168, 1260, 193
169, 1270, 194
171, 1280, 196
173, 1290, 200
174, 1300, 200
175, 1310, 203
177, 1320, 204
178, 1330, 201
178, 1340, 202
179, 1350, 204
180, 1360, 206
181, 1370, 201
181, 1380, 204
182, 1390, 205
182, 1400, 206
183, 1410, 208
183, 1420, 212
183, 1430, 210
184, 1440, 210
185, 1450, 210
186, 1460, 210
187, 1470, 217
188, 1480, 213
189, 1490, 211
191, 1500, 221
193, 1510, 224
197, 1520, 227
198, 1530, 227
200, 1540, 231
200, 1550, 230
200, 1560, 234
200, 1570, 231
201, 1580, 236
202, 1590, 233
203, 1600, 233
205, 1610, 238
205, 1620, 238
207, 1630, 238
209, 1640, 235
209, 1650, 244
210, 1660, 243
211, 1670, 241
212, 1680, 241
214, 1690, 246
214, 1700, 246
218, 1710, 252
218, 1720, 267
220, 1730, 267
220, 1740, 268
220, 1750, 270
221, 1760, 273
222, 1770, 269
224, 1780, 264
224, 1790, 269
227, 1800, 267
228, 1810, 277
229, 1820, 283
231, 1830, 283
232, 1840, 287
235, 1850, 287
236, 1860, 287
236, 1870, 290
239, 1880, 281
240, 1890, 295
242, 1900, 288
243, 1910, 299
245, 1920, 296
247, 1930, 304
249, 1940, 301
250, 1950, 307
251, 1960, 310
252, 1970, 312
252, 1980, 309
253, 1990, 306
254, 2000, 306
255, 2010, 306
255, 2020, 306
257, 2030, 301
258, 2040, 315
259, 2050, 318
260, 2060, 312
261, 2070, 310
261, 2080, 318
261, 2090, 314
263, 2100, 311
264, 2110, 311
265, 2120, 314
265, 2130, 311
266, 2140, 307
267, 2150, 310
268, 2160, 315
269, 2170, 313
270, 2180, 319
272, 2190, 314
272, 2200, 319
272, 2210, 316
272, 2220, 314
274, 2230, 315
274, 2240, 320
274, 2250, 321
276, 2260, 322
277, 2270, 327
279, 2280, 321
280, 2290, 319
280, 2300, 328
280, 2310, 325
282, 2320, 325
283, 2330, 327
283, 2340, 336
286, 2350, 326
288, 2360, 332
290, 2370, 340
291, 2380, 342
292, 2390, 344
293, 2400, 344
294, 2410, 341
295, 2420, 341
295, 2430, 340
295, 2440, 340
296, 2450, 340
298, 2460, 339
300, 2470, 342
301, 2480, 340
301, 2490, 345
302, 2500, 346
304, 2510, 343
304, 2520, 344
305, 2530, 344
306, 2540, 346
308, 2550, 349
310, 2560, 348
311, 2570, 349
312, 2580, 354
313, 2590, 353
314, 2600, 351
314, 2610, 353
317, 2620, 352
318, 2630, 358
320, 2640, 356
320, 2650, 360
322, 2660, 359
324, 2670, 360
325, 2680, 365
325, 2690, 366
325, 2700, 365
325, 2710, 364
325, 2720, 362
325, 2730, 370
326, 2740, 364
327, 2750, 363
329, 2760, 364
331, 2770, 366
332, 2780, 366
333, 2790, 368
334, 2800, 376
335, 2810, 371
335, 2820, 372
335, 2830, 374
336, 2840, 371
337, 2850, 371
339, 2860, 375
343, 2870, 375
343, 2880, 375
348, 2890, 379
348, 2900, 385
350, 2910, 385
352, 2920, 388
352, 2930, 388
353, 2940, 387
354, 2950, 388
357, 2960, 389
358, 2970, 393
358, 2980, 396
359, 2990, 393
359, 3000, 390
360, 3010, 393
360, 3020, 396
361, 3030, 393
361, 3040, 395
363, 3050, 394
364, 3060, 396
365, 3070, 400
368, 3080, 398
369, 3090, 403
371, 3100, 403
371, 3110, 402
372, 3120, 405
374, 3130, 407
376, 3140, 408
377, 3150, 409
377, 3160, 413
377, 3170, 411
379, 3180, 411
381, 3190, 413
381, 3200, 413
381, 3210, 417
382, 3220, 412
383, 3230, 417
384, 3240, 414
384, 3250, 415
386, 3260, 417
387, 3270, 418
388, 3280, 415
389, 3290, 417
390, 3300, 420
391, 3310, 417
393, 3320, 420
394, 3330, 423
395, 3340, 424
395, 3350, 424
397, 3360, 428
398, 3370, 430
398, 3380, 428
398, 3390, 431
398, 3400, 428
399, 3410, 430
399, 3420, 428
399, 3430, 433
401, 3440, 432
405, 3450, 431
405, 3460, 440
405, 3470, 439
405, 3480, 435
406, 3490, 436
406, 3500, 437
407, 3510, 437
409, 3520, 438
410, 3530, 439
410, 3540, 441
411, 3550, 443
413, 3560, 440
414, 3570, 444
416, 3580, 443
416, 3590, 448
416, 3600, 445
418, 3610, 446
418, 3620, 447
418, 3630, 449
418, 3640, 447
419, 3650, 448
421, 3660, 448
423, 3670, 449
426, 3680, 453
427, 3690, 456
428, 3700, 458
431, 3710, 458
431, 3720, 461
431, 3730, 462
435, 3740, 460
435, 3750, 466
436, 3760, 465
437, 3770, 465
440, 3780, 465
440, 3790, 472
440, 3800, 468
442, 3810, 467
443, 3820, 470
443, 3830, 472
443, 3840, 470
446, 3850, 469
446, 3860, 471
449, 3870, 471
449, 3880, 474
451, 3890, 475
451, 3900, 477
453, 3910, 477
455, 3920, 480
455, 3930, 483
{'count': 3930, 'truepos': 57, 'falseneg': 5, 'unknownyes': 0, 'falsepos': 398, 'unique': 3930}
10: Wahono.csv: three: 0, 0
7, 10
8, 20, 111
10, 30, 114
10, 40, 109
13, 50, 85
16, 60, 82
18, 70, 84
19, 80, 72
21, 90, 73
22, 100, 71
24, 110, 62
27, 120, 62
29, 130, 63
29, 140, 66
30, 150, 60
33, 160, 62
34, 170, 73
36, 180, 70
37, 190, 71
41, 200, 70
44, 210, 80
45, 220, 88
45, 230, 75
45, 240, 81
47, 250, 73
49, 260, 73
50, 270, 77
51, 280, 75
52, 290, 77
53, 300, 85
54, 310, 79
54, 320, 80
56, 330, 80
56, 340, 83
56, 350, 87
57, 360, 94
57, 370, 87
58, 380, 86
58, 390, 87
58, 400, 79
58, 410, 89
58, 420, 77
58, 430, 78
60, 440, 84
60, 450, 85
60, 460, 80
60, 470, 83
62, 480, 80
62, 490, 79
62, 500, 98
62, 510, 79
63, 520, 77
63, 530, 79
64, 540, 82
64, 550, 82
65, 560, 81
66, 570, 84
67, 580, 80
67, 590, 80
67, 600, 84
67, 610, 80
67, 620, 82
67, 630, 82
67, 640, 80
67, 650, 83
67, 660, 79
67, 670, 85
67, 680, 80
67, 690, 81
67, 700, 79
67, 710, 79
68, 720, 79
68, 730, 81
68, 740, 80
69, 750, 81
69, 760, 81
69, 770, 81
69, 780, 80
69, 790, 79
70, 800, 80
70, 810, 81
70, 820, 81
71, 830, 80
72, 840, 82
72, 850, 88
74, 860, 84
74, 870, 88
74, 880, 86
74, 890, 85
74, 900, 86
74, 910, 84
75, 920, 85
75, 930, 87
76, 940, 86
77, 950, 86
77, 960, 90
77, 970, 88
77, 980, 89
77, 990, 88
77, 1000, 87
77, 1010, 87
77, 1020, 88
77, 1030, 87
77, 1040, 87
77, 1050, 87
77, 1060, 87
78, 1070, 87
78, 1080, 88
78, 1090, 88
78, 1100, 88
78, 1110, 86
78, 1120, 90
79, 1130, 88
79, 1140, 88
79, 1150, 88
80, 1160, 87
80, 1170, 88
80, 1180, 89
80, 1190, 89
80, 1200, 88
80, 1210, 88
80, 1220, 90
81, 1230, 89
82, 1240, 88
82, 1250, 91
82, 1260, 91
82, 1270, 91
82, 1280, 90
82, 1290, 90
83, 1300, 89
85, 1310, 90
85, 1320, 94
87, 1330, 94
87, 1340, 96
87, 1350, 96
87, 1360, 95
87, 1370, 95
87, 1380, 95
87, 1390, 96
87, 1400, 95
88, 1410, 95
88, 1420, 96
88, 1430, 96
89, 1440, 95
89, 1450, 97
90, 1460, 96
91, 1470, 97
92, 1480, 98
92, 1490, 100
92, 1500, 99
92, 1510, 99
92, 1520, 98
92, 1530, 98
92, 1540, 98
92, 1550, 99
92, 1560, 99
92, 1570, 98
92, 1580, 97
92, 1590, 97
94, 1600, 97
95, 1610, 99
{'count': 3530, 'truepos': 56, 'falseneg': 3, 'unknownyes': 3, 'falsepos': 39, 'unique': 1610}
10: Wahono.csv: machine: 0, 0
6, 10
7, 20, 101
7, 30, 92
11, 40, 86
15, 50, 85
18, 60, 84
['yes' 'yes' 'yes' 'yes' 'no' 'no' 'yes' 'yes' 'yes' 'yes']
['no']
16, 60, 84
21, 70, 60
23, 80, 79
23, 90, 78
24, 100, 61
27, 110, 52
['yes' 'no' 'no' 'yes' 'no' 'yes' 'no' 'yes' 'no' 'yes']
[]
22, 110, 52
24, 120, 47
26, 130, 48
30, 140, 51
33, 150, 52
36, 160, 69
['yes' 'yes' 'yes' 'yes' 'yes' 'yes' 'yes' 'no' 'yes' 'yes']
['no' 'no' 'no' 'no' 'no' 'no' 'no' 'no' 'no' 'yes']
37, 160, 69
38, 170, 73
41, 180, 79
41, 190, 76
43, 200, 78
45, 210, 85
['no' 'yes' 'no' 'no' 'yes' 'yes' 'yes' 'yes' 'no' 'yes']
['no' 'no' 'no' 'no' 'no' 'no' 'no' 'no' 'no' 'yes']
41, 210, 85
41, 220, 75
42, 230, 66
42, 240, 64
43, 250, 72
44, 260, 70
['no' 'yes' 'no' 'yes' 'yes' 'yes' 'yes' 'no' 'no' 'no']
['no' 'no' 'no' 'no' 'no' 'no' 'no' 'no' 'no' 'no']
38, 260, 70
40, 270, 53
40, 280, 56
41, 290, 60
42, 300, 59
44, 310, 58
['no' 'no' 'yes' 'no' 'yes' 'no' 'yes' 'yes' 'yes' 'yes']
['no' 'no' 'no' 'no' 'no' 'no' 'no' 'no' 'no' 'yes']
41, 310, 58
44, 320, 55
45, 330, 56
47, 340, 57
49, 350, 60
50, 360, 64
['no' 'no' 'yes' 'no' 'yes' 'yes' 'no' 'yes' 'yes' 'no']
['no' 'yes' 'no' 'yes' 'no' 'no' 'no' 'no' 'no' 'no']
46, 360, 64
46, 370, 56
48, 380, 57
48, 390, 59
48, 400, 57
49, 410, 56
['no' 'yes' 'yes' 'no' 'no' 'no']
['no' 'no' 'no' 'no' 'no' 'no' 'no' 'no' 'no' 'no']
47, 410, 56
47, 420, 62
47, 430, 57
48, 440, 57
49, 450, 59
52, 460, 59
['no' 'no' 'no' 'no' 'no' 'no']
['no' 'no' 'no' 'no' 'no' 'no' 'no' 'no' 'no' 'no']
46, 460, 59
46, 470, 56
48, 480, 58
49, 490, 65
50, 500, 62
50, 510, 67
['no' 'no' 'no' 'no']
['no' 'no' 'no' 'no' 'no' 'no' 'no' 'no' 'no' 'no']
46, 510, 67
50, 520, 55
51, 530, 58
55, 540, 58
58, 550, 65
58, 560, 70
['no' 'no' 'yes' 'no' 'yes' 'no' 'no' 'no' 'no' 'no']
['no' 'no' 'no' 'no' 'no' 'no' 'no' 'no' 'no' 'no']
52, 560, 70
55, 570, 60
55, 580, 63
55, 590, 64
59, 600, 63
59, 610, 68
['no' 'no' 'no' 'no' 'yes' 'no' 'yes' 'no' 'no' 'no']
['no' 'no' 'no' 'no' 'no' 'no' 'no' 'no' 'no' 'no']
52, 610, 68
54, 620, 60
54, 630, 63
55, 640, 63
55, 650, 64
56, 660, 64
['no' 'no' 'no' 'no' 'no']
['no' 'no' 'no' 'no' 'no' 'no' 'no' 'no' 'no' 'no']
53, 660, 64
57, 670, 60
58, 680, 67
59, 690, 65
59, 700, 68
60, 710, 68
['no' 'no' 'no' 'no' 'yes' 'no' 'no' 'no' 'yes']
['no' 'no' 'no' 'no' 'no' 'no' 'no' 'no' 'no' 'no']
53, 710, 68
53, 720, 62
56, 730, 60
56, 740, 64
57, 750, 64
58, 760, 65
['no' 'no' 'no' 'yes' 'no']
['no' 'no' 'no' 'no' 'no' 'no' 'no' 'no' 'no' 'no']
54, 760, 65
55, 770, 62
56, 780, 62
57, 790, 64
57, 800, 68
57, 810, 65
['no' 'no' 'no']
['no' 'no' 'no' 'no' 'no' 'no' 'no' 'no' 'no' 'no']
55, 810, 65
55, 820, 61
55, 830, 61
56, 840, 62
58, 850, 63
58, 860, 65
['no' 'no' 'no' 'no']
['no' 'no' 'no' 'no' 'no' 'no' 'no' 'no' 'no' 'no']
56, 860, 65
58, 870, 62
58, 880, 65
59, 890, 64
60, 900, 65
62, 910, 66
['no' 'no' 'no' 'no' 'no' 'no' 'no']
['no' 'no' 'no' 'no' 'no' 'no' 'no' 'no' 'no' 'no']
58, 910, 66
59, 920, 64
60, 930, 66
61, 940, 65
63, 950, 67
63, 960, 72
['no' 'no' 'no' 'no' 'no' 'no']
['no' 'no' 'no' 'no' 'no' 'no' 'no' 'no' 'no' 'no']
59, 960, 72
60, 970, 65
60, 980, 67
62, 990, 67
63, 1000, 69
65, 1010, 70
['no' 'no' 'no' 'no' 'no' 'no' 'no']
['no' 'no' 'no' 'no' 'no' 'no' 'no' 'no' 'no' 'no']
59, 1010, 70
61, 1020, 63
64, 1030, 67
66, 1040, 71
67, 1050, 74
67, 1060, 74
['no' 'no' 'yes' 'no' 'no' 'no' 'no' 'no']
['no' 'no' 'no' 'no' 'no' 'no' 'no' 'no' 'no' 'no']
60, 1060, 74
60, 1070, 67
61, 1080, 66
62, 1090, 68
63, 1100, 71
63, 1110, 72
['no' 'no' 'no']
['no' 'no' 'yes' 'no' 'no' 'no' 'no' 'no' 'no' 'no']
61, 1110, 72
62, 1120, 66
62, 1130, 67
62, 1140, 67
63, 1150, 67
66, 1160, 69
['no' 'no' 'no' 'no' 'no']
['no' 'no' 'no' 'no' 'no' 'no' 'no' 'no' 'no' 'no']
['no' 'no' 'no' 'no' 'no']
['no' 'no' 'no' 'no' 'no' 'no' 'no' 'no' 'no' 'no']
{'count': 1539, 'truepos': 52, 'falseneg': 7, 'unknownyes': 3, 'falsepos': 9, 'unique': 1160}
10: Wahono.csv: machine2: 0, 0
6, 10
6, 20, 102
8, 30, 97
9, 40, 91
12, 50, 84
14, 60, 81
['yes' 'no' 'yes' 'yes' 'yes' 'yes' 'yes' 'yes' 'yes' 'yes']
['no']
13, 60, 81
16, 70, 54
20, 80, 56
23, 90, 61
24, 100, 63
25, 110, 55
['no' 'yes' 'yes' 'yes' 'no' 'yes' 'yes' 'yes' 'no' 'yes']
[]
22, 110, 55
23, 120, 49
24, 130, 48
25, 140, 46
27, 150, 47
28, 160, 51
['yes' 'yes' 'yes' 'yes' 'yes' 'yes' 'no' 'no' 'yes' 'yes']
['no']
26, 160, 51
28, 170, 47
29, 180, 49
31, 190, 49
35, 200, 51
37, 210, 65
['yes' 'yes' 'no' 'yes' 'no' 'yes' 'no' 'yes' 'yes' 'no']
['no' 'no' 'no' 'no' 'no' 'no' 'no' 'no' 'no' 'no']
37, 210, 65
38, 220, 64
39, 230, 62
41, 240, 63
44, 250, 70
44, 260, 69
['no' 'yes' 'no' 'no' 'yes' 'yes' 'yes' 'yes' 'yes' 'yes']
['no' 'no' 'no' 'no' 'no' 'no' 'no' 'no' 'no' 'no']
42, 260, 69
44, 270, 65
46, 280, 65
50, 290, 66
50, 300, 77
50, 310, 74
['yes' 'no' 'yes' 'yes' 'no' 'yes' 'no' 'yes' 'no' 'no']
['no' 'no' 'no' 'no' 'yes' 'no' 'no' 'no' 'no' 'no']
46, 310, 74
46, 320, 71
46, 330, 65
48, 340, 64
49, 350, 80
49, 360, 76
['no' 'no' 'no' 'yes' 'no']
['no' 'no' 'no' 'no' 'no' 'no' 'no' 'no' 'no' 'no']
48, 360, 76
49, 370, 67
50, 380, 67
51, 390, 69
53, 400, 77
53, 410, 78
['no' 'no' 'no' 'no' 'no' 'no' 'no']
['no' 'no' 'no' 'no' 'no' 'no' 'no' 'no' 'no' 'no']
49, 410, 78
49, 420, 71
53, 430, 68
55, 440, 77
56, 450, 90
56, 460, 91
['no' 'no' 'no' 'no' 'no' 'yes' 'no' 'no']
['no' 'no' 'no' 'no' 'no' 'no' 'no' 'no' 'no' 'no']
51, 460, 91
53, 470, 71
54, 480, 72
56, 490, 76
57, 500, 68
58, 510, 76
['no' 'no' 'no' 'no' 'no' 'no' 'no' 'yes']
['no' 'no' 'no' 'no' 'no' 'no' 'no' 'no' 'no' 'no']
54, 510, 76
55, 520, 74
56, 530, 80
57, 540, 77
57, 550, 78
59, 560, 79
['no' 'no' 'no' 'no' 'yes']
['no' 'yes' 'no' 'no' 'no' 'no' 'no' 'no' 'no' 'no']
59, 560, 79
60, 570, 76
63, 580, 75
66, 590, 84
67, 600, 79
69, 610, 84
['no' 'no' 'no' 'no' 'no' 'yes' 'yes' 'no' 'no' 'no']
['no' 'no' 'no' 'no' 'no' 'no' 'no' 'no' 'no' 'no']
64, 610, 84
68, 620, 76
68, 630, 79
70, 640, 79
71, 650, 79
72, 660, 82
['no' 'no' 'yes' 'no' 'yes' 'no' 'yes' 'no' 'no' 'yes']
['no' 'no' 'no' 'no' 'no' 'no' 'no' 'no' 'no' 'no']
69, 660, 82
72, 670, 82
72, 680, 90
73, 690, 85
74, 700, 86
77, 710, 89
['no' 'no' 'no' 'no' 'no' 'no' 'no' 'no' 'no' 'no']
['no' 'no' 'no' 'no' 'no' 'no' 'no' 'no' 'no' 'no']
68, 710, 89
71, 720, 78
72, 730, 84
73, 740, 86
73, 750, 84
74, 760, 83
['no' 'no' 'yes' 'no' 'no' 'no' 'no']
['no' 'no' 'no' 'no' 'no' 'no' 'no' 'no' 'no' 'no']
68, 760, 83
70, 770, 79
72, 780, 79
73, 790, 82
75, 800, 85
76, 810, 86
['no' 'no' 'no' 'no' 'yes' 'no' 'no' 'no']
['no' 'no' 'no' 'no' 'no' 'no' 'no' 'no' 'no' 'no']
69, 810, 86
69, 820, 78
70, 830, 77
71, 840, 80
72, 850, 81
72, 860, 91
['no' 'yes' 'no']
['no' 'no' 'no' 'no' 'no' 'no' 'no' 'no' 'no' 'no']
72, 860, 91
72, 870, 83
72, 880, 81
73, 890, 80
75, 900, 82
78, 910, 85
['no' 'no' 'no' 'no' 'no' 'no' 'no']
['no' 'no' 'no' 'no' 'no' 'no' 'no' 'no' 'no' 'no']
76, 910, 85
77, 920, 84
77, 930, 86
78, 940, 87
82, 950, 88
83, 960, 93
['no' 'no' 'no' 'no' 'no' 'no' 'no' 'no' 'no']
['no' 'no' 'no' 'no' 'no' 'no' 'no' 'no' 'no' 'no']
76, 960, 93
76, 970, 85
77, 980, 84
77, 990, 86
77, 1000, 91
79, 1010, 87
['no' 'no' 'no']
['no' 'no' 'no' 'no' 'no' 'no' 'no' 'no' 'no' 'no']
77, 1010, 87
78, 1020, 87
79, 1030, 85
80, 1040, 88
81, 1050, 88
81, 1060, 88
['no' 'no' 'no' 'no' 'no']
['no' 'no' 'no' 'no' 'no' 'no' 'no' 'no' 'no' 'no']
77, 1060, 88
77, 1070, 84
78, 1080, 86
79, 1090, 86
80, 1100, 87
80, 1110, 88
['no' 'no' 'no' 'no']
['no' 'no' 'no' 'no' 'no' 'no' 'no' 'no' 'no' 'no']
77, 1110, 88
78, 1120, 85
80, 1130, 85
81, 1140, 88
81, 1150, 89
82, 1160, 89
['no' 'yes' 'no' 'yes' 'no']
['no' 'no' 'no' 'no' 'no' 'no' 'no' 'no' 'no' 'no']
85, 1160, 89
86, 1170, 96
86, 1180, 96
87, 1190, 97
87, 1200, 97
87, 1210, 99
['no' 'no' 'no' 'no' 'no']
['no' 'no' 'no' 'no' 'no' 'no' 'no' 'no' 'no' 'no']
84, 1210, 99
84, 1220, 94
85, 1230, 92
85, 1240, 95
86, 1250, 95
87, 1260, 96
['no' 'no' 'no' 'no' 'no']
['no' 'no' 'no' 'no' 'no' 'no' 'no' 'no' 'no' 'no']
86, 1260, 96
89, 1270, 96
89, 1280, 100
91, 1290, 101
93, 1300, 104
93, 1310, 103
['no' 'no' 'no' 'no' 'no' 'no' 'no' 'no']
['no' 'no' 'no' 'no' 'no' 'no' 'no' 'no' 'no' 'no']
85, 1310, 103
86, 1320, 94
87, 1330, 95
87, 1340, 97
88, 1350, 95
89, 1360, 98
['no' 'no' 'no' 'no']
['no' 'no' 'no' 'no' 'no' 'no' 'no' 'no' 'no' 'no']
86, 1360, 98
86, 1370, 94
87, 1380, 94
89, 1390, 95
89, 1400, 98
90, 1410, 97
['no' 'no' 'no' 'no' 'no']
['no' 'no' 'no' 'no' 'no' 'no' 'no' 'no' 'no' 'no']
86, 1410, 97
87, 1420, 94
87, 1430, 96
89, 1440, 95
90, 1450, 97
90, 1460, 101
['no' 'no' 'no' 'no']
['no' 'no' 'no' 'no' 'no' 'no' 'no' 'no' 'no' 'no']
86, 1460, 101
86, 1470, 93
86, 1480, 94
88, 1490, 93
90, 1500, 96
91, 1510, 98
['no' 'no' 'no' 'no' 'no']
['no' 'no' 'no' 'no' 'no' 'no' 'no' 'no' 'no' 'no']
90, 1510, 98
90, 1520, 97
90, 1530, 97
91, 1540, 97
92, 1550, 97
92, 1560, 99
['no' 'no' 'no' 'no' 'no']
['no' 'no' 'no' 'no' 'no' 'no' 'no' 'no' 'no' 'no']
89, 1560, 99
91, 1570, 94
92, 1580, 97
94, 1590, 97
94, 1600, 100
95, 1610, 99
['no' 'no' 'no' 'no' 'no' 'no' 'no' 'no']
['no' 'no' 'no' 'no' 'no' 'no' 'no' 'no' 'no' 'no']
['no' 'no' 'no' 'no' 'no' 'no' 'no' 'no']
['no' 'no' 'no' 'no' 'no' 'no' 'no' 'no' 'no' 'no']
{'count': 2252, 'truepos': 57, 'falseneg': 1, 'unknownyes': 4, 'falsepos': 32, 'unique': 1610}
10: Wahono.csv: machine3: 0, 0
6, 10
6, 20, 99
7, 30, 95
10, 40, 88
14, 50, 79
16, 60, 77
null
[]
16, 70, 67
18, 80, 51
19, 90, 50
20, 100, 48
21, 110, 46
23, 120, 47
null
['no']
23, 120, 47
25, 130, 50
27, 140, 50
29, 150, 51
29, 160, 53
30, 170, 50
null
['no' 'no' 'no' 'no' 'no' 'no' 'no' 'no' 'no' 'no']
30, 170, 50
32, 180, 51
33, 190, 67
34, 200, 62
34, 210, 62
34, 220, 57
null
['no' 'no' 'no' 'no' 'no' 'yes' 'no' 'no' 'no' 'no']
36, 220, 57
37, 230, 58
38, 240, 62
39, 250, 60
39, 260, 73
40, 270, 59
null
['no' 'no' 'no' 'no' 'no' 'no' 'no' 'no' 'no' 'no']
40, 270, 59
41, 280, 61
41, 290, 59
41, 300, 59
41, 310, 59
41, 320, 57
null
['no' 'no' 'no' 'no' 'no' 'no' 'no' 'yes' 'no' 'no']
42, 320, 57
42, 330, 58
42, 340, 56
43, 350, 55
44, 360, 60
44, 370, 64
null
['no' 'no' 'no' 'no' 'yes' 'no' 'no' 'no' 'no' 'yes']
46, 370, 64
47, 380, 65
47, 390, 67
47, 400, 62
47, 410, 62
47, 420, 62
null
['no' 'no' 'no' 'no' 'no' 'no' 'no' 'no' 'no' 'no']
47, 420, 62
48, 430, 67
48, 440, 65
48, 450, 67
48, 460, 64
48, 470, 63
null
['no' 'no' 'no' 'no' 'yes' 'no' 'no' 'no' 'no' 'no']
49, 470, 63
49, 480, 63
49, 490, 64
50, 500, 65
50, 510, 62
50, 520, 65
null
['no' 'no' 'no' 'no' 'no' 'no' 'no' 'no' 'no' 'no']
50, 520, 65
51, 530, 64
51, 540, 66
51, 550, 64
51, 560, 63
51, 570, 61
null
['no' 'no' 'no' 'no' 'no' 'no' 'no' 'no' 'no' 'no']
51, 570, 61
51, 580, 64
51, 590, 63
52, 600, 61
52, 610, 63
52, 620, 63
null
['no' 'no' 'no' 'no' 'no' 'no' 'no' 'no' 'no' 'no']
52, 620, 63
54, 630, 65
54, 640, 70
54, 650, 67
54, 660, 66
54, 670, 66
null
['no' 'no' 'no' 'no' 'no' 'no' 'no' 'no' 'no' 'no']
54, 670, 66
54, 680, 64
54, 690, 65
54, 700, 64
54, 710, 67
54, 720, 66
null
['no' 'no' 'no' 'no' 'no' 'no' 'no' 'no' 'no' 'no']
54, 720, 66
54, 730, 64
54, 740, 64
54, 750, 67
54, 760, 66
55, 770, 61
null
['no' 'no' 'no' 'no' 'no' 'no' 'no' 'no' 'no' 'no']
56, 770, 61
56, 780, 64
57, 790, 63
57, 800, 66
58, 810, 64
58, 820, 67
null
['no' 'no' 'no' 'no' 'no' 'no' 'no' 'no' 'no' 'no']
58, 820, 67
58, 830, 65
58, 840, 65
58, 850, 67
58, 860, 66
58, 870, 69
null
['no' 'no' 'no' 'no' 'no' 'no' 'no' 'no' 'no' 'no']
58, 870, 69
59, 880, 65
59, 890, 68
59, 900, 68
59, 910, 67
59, 920, 67
null
['no' 'no' 'no' 'no' 'no' 'no' 'no' 'no' 'no' 'no']
59, 920, 67
59, 930, 66
59, 940, 66
59, 950, 67
59, 960, 67
60, 970, 66
null
['no' 'no' 'no' 'no' 'no' 'no' 'no' 'no' 'no' 'no']
60, 970, 66
60, 980, 65
60, 990, 66
60, 1000, 65
60, 1010, 65
60, 1020, 67
null
['no' 'no' 'no' 'no' 'yes' 'no' 'no' 'no' 'no' 'no']
61, 1020, 67
62, 1030, 67
62, 1040, 69
62, 1050, 68
62, 1060, 68
62, 1070, 69
null
['no' 'no' 'no' 'no' 'no' 'no' 'no' 'no' 'no' 'no']
62, 1070, 69
62, 1080, 67
62, 1090, 66
63, 1100, 67
63, 1110, 70
63, 1120, 68
null
['no' 'no' 'no' 'no' 'no' 'no' 'no' 'no' 'no' 'no']
63, 1120, 68
63, 1130, 70
63, 1140, 69
64, 1150, 69
64, 1160, 71
65, 1170, 69
null
['no' 'no' 'no' 'no' 'no' 'no' 'no' 'no' 'no' 'no']
65, 1170, 69
65, 1180, 70
65, 1190, 71
65, 1200, 71
65, 1210, 70
66, 1220, 70
null
['no' 'no' 'no' 'no' 'no' 'no' 'no' 'no' 'no' 'no']
67, 1220, 70
69, 1230, 73
69, 1240, 74
69, 1250, 74
69, 1260, 73
69, 1270, 73
null
['no' 'no' 'no' 'no' 'no' 'no' 'no' 'no' 'yes' 'no']
70, 1270, 73
70, 1280, 75
70, 1290, 74
71, 1300, 74
71, 1310, 75
71, 1320, 75
null
['no' 'no' 'no' 'no' 'yes' 'no' 'no' 'no' 'no' 'no']
72, 1320, 75
72, 1330, 76
72, 1340, 76
72, 1350, 76
72, 1360, 76
72, 1370, 76
null
['no' 'yes' 'no' 'no' 'no' 'no' 'no' 'no' 'no' 'no']
73, 1370, 76
73, 1380, 77
74, 1390, 77
74, 1400, 78
76, 1410, 78
null
['no' 'no' 'no' 'no' 'no' 'no' 'no' 'no' 'no' 'no']
{'count': 1890, 'truepos': 57, 'falseneg': 3, 'unknownyes': 2, 'falsepos': 19, 'unique': 1410}
10: Danijel.csv: none: 0, 0
4, 10
4, 20, 123
7, 30, 94
12, 40, 95
15, 50, 109
16, 60, 94
19, 70, 82
22, 80, 86
26, 90, 87
29, 100, 93
32, 110, 97
32, 120, 66
33, 130, 61
35, 140, 54
36, 150, 60
36, 160, 63
39, 170, 57
40, 180, 65
43, 190, 60
45, 200, 67
45, 210, 65
45, 220, 66
45, 230, 63
46, 240, 60
46, 250, 63
48, 260, 61
49, 270, 65
50, 280, 65
51, 290, 65
51, 300, 68
53, 310, 63
54, 320, 66
57, 330, 65
59, 340, 69
62, 350, 74
65, 360, 77
66, 370, 79
66, 380, 80
66, 390, 79
66, 400, 75
68, 410, 77
72, 420, 81
73, 430, 90
74, 440, 97
75, 450, 96
75, 460, 91
76, 470, 91
77, 480, 92
80, 490, 90
80, 500, 94
80, 510, 96
81, 520, 94
81, 530, 91
83, 540, 93
83, 550, 97
84, 560, 97
86, 570, 99
87, 580, 100
90, 590, 101
92, 600, 111
93, 610, 113
93, 620, 111
93, 630, 110
93, 640, 108
93, 650, 109
95, 660, 107
95, 670, 108
95, 680, 109
97, 690, 109
98, 700, 107
99, 710, 109
101, 720, 110
103, 730, 112
103, 740, 116
105, 750, 117
106, 760, 117
107, 770, 115
109, 780, 119
109, 790, 123
109, 800, 123
109, 810, 122
113, 820, 122
114, 830, 124
114, 840, 128
115, 850, 124
116, 860, 128
116, 870, 130
118, 880, 127
119, 890, 133
120, 900, 128
121, 910, 131
122, 920, 132
122, 930, 134
122, 940, 135
124, 950, 137
127, 960, 142
128, 970, 148
128, 980, 150
129, 990, 144
130, 1000, 143
131, 1010, 149
133, 1020, 153
133, 1030, 150
135, 1040, 152
139, 1050, 147
140, 1060, 153
140, 1070, 157
141, 1080, 154
143, 1090, 155
143, 1100, 154
143, 1110, 157
143, 1120, 156
144, 1130, 154
144, 1140, 154
145, 1150, 155
145, 1160, 157
145, 1170, 158
147, 1180, 155
149, 1190, 158
151, 1200, 158
151, 1210, 160
153, 1220, 160
154, 1230, 162
155, 1240, 163
155, 1250, 166
157, 1260, 167
158, 1270, 167
160, 1280, 168
163, 1290, 171
164, 1300, 174
166, 1310, 176
168, 1320, 177
168, 1330, 179
169, 1340, 178
170, 1350, 181
172, 1360, 183
173, 1370, 185
173, 1380, 184
175, 1390, 185
176, 1400, 188
177, 1410, 187
177, 1420, 192
178, 1430, 188
179, 1440, 188
179, 1450, 193
181, 1460, 189
182, 1470, 191
{'count': 1470, 'truepos': 37, 'falseneg': 5, 'unknownyes': 6, 'falsepos': 145, 'unique': 1470}
10: Danijel.csv: three: 0, 0
3, 10
4, 20, 124
5, 30, 103
7, 40, 98
11, 50, 85
13, 60, 87
16, 70, 71
19, 80, 77
20, 90, 84
21, 100, 81
23, 110, 62
25, 120, 62
25, 130, 61
25, 140, 57
27, 150, 51
29, 160, 50
32, 170, 51
35, 180, 54
37, 190, 58
38, 200, 54
38, 210, 57
39, 220, 55
39, 230, 57
40, 240, 55
40, 250, 58
41, 260, 55
42, 270, 55
42, 280, 59
42, 290, 58
43, 300, 55
43, 310, 56
43, 320, 54
43, 330, 55
44, 340, 52
44, 350, 57
44, 360, 53
44, 370, 52
45, 380, 52
46, 390, 53
46, 400, 56
47, 410, 54
47, 420, 57
48, 430, 55
49, 440, 58
51, 450, 59
52, 460, 60
53, 470, 62
53, 480, 63
54, 490, 63
54, 500, 64
54, 510, 64
54, 520, 63
55, 530, 62
55, 540, 66
55, 550, 66
55, 560, 67
55, 570, 63
55, 580, 64
55, 590, 64
55, 600, 65
56, 610, 63
56, 620, 67
56, 630, 64
56, 640, 63
56, 650, 64
57, 660, 64
58, 670, 66
58, 680, 67
58, 690, 67
58, 700, 66
59, 710, 67
60, 720, 65
60, 730, 65
60, 740, 64
60, 750, 64
60, 760, 64
62, 770, 66
62, 780, 69
63, 790, 69
63, 800, 71
63, 810, 69
63, 820, 68
63, 830, 68
64, 840, 71
65, 850, 72
65, 860, 71
65, 870, 72
65, 880, 72
66, 890, 72
66, 900, 71
66, 910, 70
67, 920, 71
67, 930, 71
68, 940, 73
69, 950, 73
69, 960, 74
70, 970, 74
70, 980, 79
70, 990, 75
70, 1000, 77
70, 1010, 75
70, 1020, 75
70, 1030, 76
70, 1040, 75
71, 1050, 76
71, 1060, 76
71, 1070, 78
71, 1080, 78
71, 1090, 76
72, 1100, 76
73, 1110, 76
74, 1120, 80
75, 1130, 81
76, 1140, 81
76, 1150, 84
76, 1160, 82
77, 1170, 82
78, 1180, 82
78, 1190, 84
78, 1200, 86
79, 1210, 85
79, 1220, 86
79, 1230, 86
79, 1240, 87
79, 1250, 87
79, 1260, 86
79, 1270, 86
79, 1280, 84
79, 1290, 84
79, 1300, 86
79, 1310, 85
{'count': 2848, 'truepos': 42, 'falseneg': 3, 'unknownyes': 3, 'falsepos': 37, 'unique': 1310}
10: Danijel.csv: machine: 0, 0
4, 10
5, 20, 136
8, 30, 117
8, 40, 124
11, 50, 94
16, 60, 96
['yes' 'yes' 'no' 'yes' 'no' 'yes' 'no' 'yes' 'yes' 'no']
[]
11, 60, 96
11, 70, 76
12, 80, 61
12, 90, 56
13, 100, 48
14, 110, 45
['no' 'no' 'no' 'yes' 'no' 'no' 'no' 'yes' 'no']
[]
7, 110, 45
8, 120, 54
10, 130, 48
14, 140, 52
19, 150, 63
23, 160, 79
['no' 'yes' 'yes' 'yes' 'no' 'no' 'yes' 'yes' 'yes' 'no']
[]
19, 160, 79
21, 170, 67
23, 180, 61
25, 190, 58
27, 200, 60
30, 210, 60
['no' 'yes' 'yes' 'yes' 'yes' 'yes' 'yes' 'yes' 'yes' 'yes']
['yes' 'no' 'no' 'no' 'yes' 'no' 'no' 'no' 'no' 'no']
32, 210, 60
34, 220, 47
38, 230, 49
39, 240, 57
41, 250, 56
41, 260, 60
['yes' 'yes' 'no' 'yes' 'no' 'no' 'yes' 'no' 'no' 'no']
['no' 'no' 'no' 'no' 'no' 'no' 'no' 'no' 'no' 'yes']
39, 260, 60
42, 270, 51
44, 280, 61
44, 290, 60
44, 300, 60
45, 310, 57
['no' 'no' 'no' 'no' 'no' 'no' 'no' 'yes' 'yes' 'yes']
['no' 'no' 'no' 'no' 'no' 'no' 'no' 'no' 'no' 'no']
38, 310, 57
42, 320, 46
44, 330, 52
47, 340, 57
50, 350, 58
50, 360, 63
['no' 'yes' 'no' 'yes' 'yes' 'no' 'no' 'no' 'no' 'yes']
['no' 'no' 'no' 'no' 'no' 'no' 'no' 'no' 'no' 'no']
47, 360, 63
48, 370, 58
49, 380, 57
49, 390, 59
52, 400, 58
54, 410, 60
['no' 'no' 'no' 'no' 'yes' 'no' 'no' 'no' 'no' 'yes']
['no' 'no' 'no' 'no' 'no' 'no' 'no' 'no' 'no' 'no']
48, 410, 60
49, 420, 56
52, 430, 57
54, 440, 61
54, 450, 66
54, 460, 63
['no' 'no' 'no' 'yes' 'yes' 'no' 'no' 'no' 'no' 'no']
['no' 'no' 'no' 'no' 'no' 'no' 'no' 'no' 'no' 'no']
48, 460, 63
48, 470, 53
49, 480, 53
49, 490, 55
50, 500, 55
54, 510, 56
['no' 'no' 'no' 'no' 'no' 'no' 'no' 'no' 'yes' 'yes']
['no' 'no' 'no' 'no' 'no' 'no' 'no' 'no' 'no' 'no']
['no' 'no' 'no' 'no' 'no' 'no' 'no' 'no' 'yes' 'yes']
['no' 'no' 'no' 'no' 'no' 'no' 'no' 'no' 'no' 'no']
{'count': 679, 'truepos': 40, 'falseneg': 2, 'unknownyes': 6, 'falsepos': 7, 'unique': 510}
10: Danijel.csv: machine2: 0, 0
4, 10
6, 20, 118
7, 30, 121
10, 40, 108
12, 50, 111
13, 60, 97
['no' 'no' 'no' 'yes' 'no' 'yes' 'no' 'yes' 'no' 'no']
[]
8, 60, 97
9, 70, 66
10, 80, 65
11, 90, 59
11, 100, 51
12, 110, 48
['no' 'no' 'no' 'no' 'no' 'no' 'no']
[]
7, 110, 48
9, 120, 60
10, 130, 54
13, 140, 53
13, 150, 59
15, 160, 52
['yes' 'no' 'no' 'no' 'no' 'no' 'yes' 'no']
[]
10, 160, 52
11, 170, 45
11, 180, 45
13, 190, 43
15, 200, 46
17, 210, 48
['no' 'no' 'no' 'yes' 'yes' 'no' 'yes']
[]
14, 210, 48
18, 220, 48
20, 230, 53
22, 240, 54
24, 250, 55
26, 260, 57
['yes' 'no' 'yes' 'yes' 'yes' 'yes' 'no' 'yes' 'yes' 'yes']
[]
26, 260, 57
27, 270, 56
30, 280, 57
30, 290, 45
32, 300, 47
33, 310, 47
['no' 'yes' 'no' 'no' 'yes' 'no' 'no' 'no' 'yes']
['no' 'no' 'no' 'no' 'no' 'no' 'no' 'yes' 'no' 'no']
29, 310, 47
32, 320, 52
34, 330, 48
35, 340, 55
36, 350, 53
36, 360, 56
['no' 'yes' 'no' 'yes' 'no' 'yes' 'no' 'yes' 'no']
['no' 'no' 'no' 'no' 'no' 'no' 'no' 'no' 'no' 'no']
33, 360, 56
36, 370, 48
36, 380, 53
36, 390, 53
39, 400, 54
41, 410, 57
['no' 'no' 'no' 'no' 'no' 'no' 'no' 'no' 'no']
['no' 'no' 'no' 'no' 'no' 'no' 'no' 'no' 'no' 'no']
35, 410, 57
37, 420, 51
37, 430, 52
37, 440, 55
39, 450, 53
40, 460, 59
['no' 'no' 'no' 'no' 'no' 'no']
['no' 'no' 'no' 'no' 'no' 'no' 'no' 'no' 'no' 'no']
37, 460, 59
39, 470, 49
41, 480, 53
42, 490, 54
43, 500, 53
43, 510, 56
['no' 'yes' 'no' 'no' 'yes' 'yes' 'yes' 'no']
['no' 'no' 'no' 'no' 'no' 'no' 'no' 'no' 'no' 'no']
42, 510, 56
43, 520, 53
46, 530, 53
49, 540, 59
53, 550, 61
54, 560, 64
['yes' 'no' 'no' 'no' 'yes' 'no' 'yes' 'no' 'no' 'no']
['no' 'no' 'no' 'no' 'no' 'yes' 'no' 'no' 'no' 'no']
48, 560, 64
49, 570, 57
50, 580, 59
53, 590, 61
55, 600, 62
57, 610, 64
['yes' 'yes' 'no' 'no' 'no' 'no' 'no' 'no' 'no' 'no']
['no' 'no' 'no' 'no' 'no' 'no' 'no' 'no' 'no' 'no']
54, 610, 64
55, 620, 61
55, 630, 63
57, 640, 65
59, 650, 66
60, 660, 71
['no' 'no' 'no' 'no' 'no' 'yes' 'no' 'no' 'yes' 'yes']
['no' 'no' 'yes' 'no' 'no' 'no' 'no' 'no' 'no' 'no']
57, 660, 71
58, 670, 62
59, 680, 64
60, 690, 65
61, 700, 66
61, 710, 67
['no' 'no' 'no' 'no' 'yes' 'yes' 'yes' 'yes' 'yes' 'no']
['no' 'no' 'no' 'no' 'no' 'no' 'no' 'no' 'no' 'no']
58, 710, 67
60, 720, 64
62, 730, 66
65, 740, 68
68, 750, 71
68, 760, 77
['yes' 'no' 'no' 'no' 'no' 'no' 'no' 'no' 'no' 'no']
['no' 'no' 'no' 'no' 'no' 'no' 'no' 'no' 'no' 'no']
65, 760, 77
65, 770, 73
68, 780, 71
71, 790, 77
72, 800, 83
74, 810, 81
['no' 'no' 'no' 'no' 'no' 'no' 'no' 'no' 'no' 'no']
['no' 'no' 'no' 'no' 'no' 'no' 'no' 'no' 'no' 'no']
67, 810, 81
68, 820, 73
70, 830, 75
71, 840, 77
71, 850, 77
72, 860, 78
['no' 'yes' 'no' 'no' 'no' 'no' 'no' 'no']
['no' 'no' 'no' 'no' 'no' 'no' 'no' 'no' 'no' 'no']
66, 860, 78
66, 870, 71
66, 880, 72
66, 890, 71
67, 900, 70
68, 910, 71
['no' 'no' 'no']
['no' 'no' 'no' 'no' 'no' 'no' 'no' 'no' 'no' 'no']
['no' 'no' 'no']
['no' 'no' 'no' 'no' 'no' 'no' 'no' 'no' 'no' 'no']
{'count': 1274, 'truepos': 41, 'falseneg': 3, 'unknownyes': 4, 'falsepos': 25, 'unique': 910}
10: Danijel.csv: machine3: 0, 0
3, 10
4, 20, 99
7, 30, 87
9, 40, 92
10, 50, 84
11, 60, 64
null
[]
15, 70, 53
18, 80, 65
21, 90, 64
24, 100, 66
24, 110, 66
25, 120, 53
null
[]
28, 130, 50
28, 140, 52
29, 150, 50
29, 160, 49
29, 170, 46
30, 180, 44
null
['no' 'no' 'no' 'no' 'no' 'no' 'no' 'no' 'no' 'yes']
31, 180, 44
32, 190, 46
32, 200, 46
32, 210, 45
32, 220, 45
32, 230, 45
null
['no' 'no' 'yes' 'no' 'no' 'no' 'no' 'no' 'no' 'no']
33, 230, 45
34, 240, 43
37, 250, 44
38, 260, 46
40, 270, 46
41, 280, 51
null
['no' 'no' 'no' 'no' 'no' 'no' 'yes' 'no' 'no' 'no']
41, 280, 51
41, 290, 52
41, 300, 50
42, 310, 52
42, 320, 53
42, 330, 52
null
['no' 'no' 'no' 'no' 'no' 'no' 'no' 'no' 'no' 'no']
42, 330, 52
42, 340, 53
43, 350, 51
44, 360, 52
44, 370, 54
44, 380, 52
null
['no' 'no' 'no' 'no' 'no' 'no' 'no' 'no' 'no' 'no']
45, 380, 52
45, 390, 52
45, 400, 55
46, 410, 53
46, 420, 54
46, 430, 55
null
['no' 'no' 'no' 'no' 'no' 'no' 'no' 'no' 'no' 'no']
46, 430, 55
46, 440, 55
46, 450, 54
47, 460, 53
47, 470, 56
47, 480, 56
null
['no' 'no' 'no' 'no' 'no' 'no' 'no' 'no' 'no' 'no']
47, 480, 56
47, 490, 54
47, 500, 55
48, 510, 55
48, 520, 56
49, 530, 57
null
['no' 'no' 'no' 'no' 'no' 'no' 'no' 'no' 'no' 'no']
49, 530, 57
49, 540, 58
49, 550, 57
49, 560, 59
49, 570, 57
49, 580, 55
null
['no' 'no' 'no' 'no' 'no' 'no' 'no' 'no' 'no' 'no']
49, 580, 55
49, 590, 56
49, 600, 56
49, 610, 55
49, 620, 54
49, 630, 56
null
['no' 'no' 'no' 'no' 'no' 'no' 'no' 'no' 'no' 'no']
49, 630, 56
49, 640, 57
51, 650, 56
52, 660, 57
52, 670, 58
52, 680, 60
null
['no' 'no' 'no' 'no' 'no' 'no' 'no' 'no' 'no' 'no']
52, 680, 60
52, 690, 57
52, 700, 58
52, 710, 56
52, 720, 58
52, 730, 58
null
['no' 'no' 'no' 'no' 'no' 'no' 'no' 'no' 'no' 'no']
53, 730, 58
53, 740, 57
53, 750, 58
53, 760, 58
53, 770, 57
54, 780, 57
null
['no' 'no' 'no' 'no' 'no' 'no' 'no' 'no' 'no' 'no']
54, 780, 57
54, 790, 59
54, 800, 59
54, 810, 57
54, 820, 60
54, 830, 57
null
['no' 'no' 'no' 'no' 'no' 'no' 'no' 'no' 'no' 'no']
54, 830, 57
54, 840, 57
55, 850, 57
55, 860, 59
55, 870, 59
55, 880, 60
null
['no' 'no' 'no' 'no' 'no' 'no' 'no' 'no' 'no' 'no']
55, 880, 60
null
['no' 'no' 'no' 'no' 'no' 'no' 'no' 'no' 'no' 'no']
{'count': 1175, 'truepos': 41, 'falseneg': 2, 'unknownyes': 5, 'falsepos': 14, 'unique': 880}
10: K_all3.csv: none: 0, 0
3, 10
7, 20, 76
8, 30, 75
10, 40, 69
12, 50, 64
15, 60, 58
18, 70, 60
19, 80, 57
19, 90, 57
22, 100, 46
22, 110, 53
25, 120, 45
26, 130, 50
29, 140, 48
30, 150, 51
32, 160, 52
35, 170, 57
38, 180, 57
40, 190, 62
40, 200, 67
43, 210, 60
44, 220, 68
44, 230, 59
44, 240, 62
45, 250, 62
45, 260, 61
46, 270, 57
46, 280, 59
46, 290, 57
47, 300, 56
48, 310, 57
49, 320, 58
50, 330, 59
51, 340, 57
53, 350, 59
53, 360, 61
55, 370, 63
58, 380, 63
59, 390, 65
61, 400, 66
61, 410, 71
62, 420, 68
64, 430, 70
65, 440, 74
65, 450, 72
65, 460, 70
65, 470, 73
65, 480, 71
67, 490, 71
68, 500, 71
72, 510, 73
72, 520, 76
73, 530, 76
{'count': 530, 'truepos': 31, 'falseneg': 7, 'unknownyes': 7, 'falsepos': 42, 'unique': 530}
10: K_all3.csv: three: 0, 0
1, 10
2, 20, 92
4, 30, 63
7, 40, 58
10, 50, 53
12, 60, 61
13, 70, 60
16, 80, 53
19, 90, 55
21, 100, 57
21, 110, 54
23, 120, 50
23, 130, 50
23, 140, 47
24, 150, 45
25, 160, 45
25, 170, 46
25, 180, 45
25, 190, 44
27, 200, 44
27, 210, 48
28, 220, 46
28, 230, 47
30, 240, 47
30, 250, 44
31, 260, 41
31, 270, 39
31, 280, 37
33, 290, 39
34, 300, 41
37, 310, 41
37, 320, 45
37, 330, 46
37, 340, 45
37, 350, 43
37, 360, 43
37, 370, 44
37, 380, 42
38, 390, 41
38, 400, 42
38, 410, 42
38, 420, 43
39, 430, 41
39, 440, 43
40, 450, 44
41, 460, 43
41, 470, 44
41, 480, 44
41, 490, 44
{'count': 1066, 'truepos': 30, 'falseneg': 2, 'unknownyes': 13, 'falsepos': 11, 'unique': 490}
10: K_all3.csv: machine: 0, 0
2, 10
4, 20, 70
7, 30, 66
10, 40, 64
11, 50, 62
14, 60, 62
['yes' 'no' 'yes' 'no' 'yes' 'yes' 'no' 'no' 'yes' 'no']
[]
7, 60, 62
7, 70, 52
11, 80, 41
17, 90, 46
21, 100, 59
24, 110, 65
['no' 'yes' 'yes' 'no' 'yes' 'no' 'no' 'yes' 'yes' 'no']
['no' 'no']
20, 110, 65
25, 120, 62
27, 130, 68
31, 140, 65
32, 150, 52
34, 160, 46
['no' 'yes' 'yes' 'no' 'no' 'yes' 'no' 'yes' 'yes' 'no']
['yes' 'no' 'no' 'no' 'no' 'no' 'no' 'no' 'no' 'no']
32, 160, 46
34, 170, 46
37, 180, 51
39, 190, 59
40, 200, 60
41, 210, 59
['yes' 'no' 'no' 'no' 'yes' 'yes' 'yes' 'no' 'yes' 'no']
['no' 'no' 'no' 'no' 'no' 'no' 'no' 'no' 'no' 'no']
37, 210, 59
38, 220, 50
39, 230, 48
41, 240, 48
41, 250, 51
42, 260, 50
['no' 'yes' 'no' 'no' 'no' 'yes' 'no' 'no' 'no' 'no']
['no' 'no' 'no' 'no' 'no' 'no' 'no' 'no' 'no' 'no']
38, 260, 50
39, 270, 44
40, 280, 46
40, 290, 49
41, 300, 46
41, 310, 47
['no' 'no' 'no' 'yes' 'no' 'yes' 'no' 'no' 'no' 'no']
['no' 'no' 'no' 'no' 'no' 'no' 'no' 'no' 'no' 'no']
34, 310, 47
38, 320, 38
38, 330, 43
40, 340, 43
42, 350, 45
45, 360, 46
['no' 'no' 'yes' 'no' 'no' 'no' 'no' 'no' 'no' 'no']
['no' 'no' 'no' 'no' 'no' 'yes' 'no' 'no' 'no' 'no']
['no' 'no' 'no' 'no' 'no' 'no' 'no' 'no' 'no' 'yes']
['no' 'no' 'no' 'no' 'no' 'no' 'no' 'no' 'no' 'yes']
{'count': 482, 'truepos': 25, 'falseneg': 5, 'unknownyes': 15, 'falsepos': 12, 'unique': 360}
10: K_all3.csv: machine2: 0, 0
1, 10
4, 20, 92
6, 30, 67
11, 40, 65
12, 50, 67
17, 60, 59
['no' 'no' 'no' 'no' 'yes' 'no' 'no' 'no' 'yes' 'yes']
['no']
11, 60, 59
15, 70, 58
17, 80, 64
19, 90, 61
21, 100, 58
21, 110, 55
['no' 'no' 'no' 'yes' 'yes' 'yes' 'no' 'yes' 'yes' 'no']
['no' 'no']
16, 110, 55
19, 120, 50
20, 130, 56
23, 140, 52
23, 150, 55
26, 160, 50
['yes' 'yes' 'no' 'yes' 'no' 'no' 'no' 'no' 'yes' 'no']
[]
21, 160, 50
25, 170, 49
30, 180, 53
31, 190, 42
32, 200, 44
36, 210, 40
['no' 'yes' 'yes' 'no' 'yes' 'yes' 'yes' 'yes' 'yes' 'no']
['no' 'no' 'no' 'no' 'no' 'no' 'no' 'no' 'no' 'no']
34, 210, 40
35, 220, 42
36, 230, 42
38, 240, 44
38, 250, 52
38, 260, 46
['yes' 'no' 'no' 'no' 'yes' 'yes' 'no' 'yes' 'yes' 'yes']
['no' 'no' 'no' 'no' 'no' 'no' 'no' 'no' 'no' 'no']
35, 260, 46
37, 270, 41
37, 280, 44
38, 290, 45
40, 300, 43
40, 310, 46
['no' 'no' 'no' 'yes' 'yes' 'no' 'no' 'no' 'no' 'yes']
['no' 'no' 'no' 'no' 'no' 'no' 'no' 'no' 'no' 'no']
36, 310, 46
38, 320, 40
39, 330, 42
39, 340, 43
40, 350, 43
40, 360, 43
['yes' 'no' 'no' 'no' 'no' 'no' 'no' 'yes' 'yes' 'no']
['no' 'no' 'no' 'no' 'no' 'no' 'yes' 'no' 'no' 'no']
36, 360, 43
36, 370, 39
37, 380, 40
37, 390, 40
38, 400, 40
38, 410, 41
['no' 'yes' 'no' 'yes']
['no' 'no' 'no' 'no' 'no' 'no' 'no' 'no' 'no' 'no']
37, 410, 41
37, 420, 40
38, 430, 41
41, 440, 41
41, 450, 45
44, 460, 44
['no' 'yes' 'no' 'no' 'no' 'no' 'no' 'no']
['no' 'no' 'no' 'no' 'no' 'no' 'no' 'no' 'no' 'no']
['no' 'no' 'no' 'yes' 'no' 'no' 'no' 'no']
['no' 'no' 'no' 'no' 'no' 'no' 'no' 'no' 'no' 'no']
{'count': 647, 'truepos': 32, 'falseneg': 4, 'unknownyes': 9, 'falsepos': 9, 'unique': 460}
10: K_all3.csv: machine3: 0, 0
1, 10
2, 20, 91
4, 30, 64
6, 40, 59
8, 50, 54
9, 60, 52
null
['yes']
10, 60, 52
11, 70, 49
13, 80, 44
15, 90, 46
17, 100, 46
21, 110, 45
null
['no' 'no']
21, 110, 45
21, 120, 50
23, 130, 44
23, 140, 45
24, 150, 44
24, 160, 44
null
['no' 'no']
24, 160, 44
24, 170, 44
25, 180, 43
26, 190, 44
27, 200, 44
27, 210, 44
null
[]
27, 220, 43
28, 230, 43
28, 240, 43
28, 250, 43
28, 260, 43
28, 270, 43
null
[]
28, 280, 43
28, 290, 43
29, 300, 43
29, 310, 44
29, 320, 44
29, 330, 44
null
[]
29, 340, 43
29, 350, 43
29, 360, 43
30, 370, 43
32, 380, 35
32, 390, 38
null
['no' 'no' 'no' 'no' 'no' 'no' 'no' 'no' 'no' 'no']
32, 390, 38
32, 400, 37
32, 410, 36
32, 420, 36
32, 430, 35
32, 440, 36
null
['no' 'no' 'no' 'no' 'no' 'no' 'no' 'no' 'no' 'no']
33, 440, 36
33, 450, 36
33, 460, 36
33, 470, 35
33, 480, 35
33, 490, 35
null
['no' 'no' 'no' 'no' 'no' 'no' 'no' 'no' 'no' 'no']
33, 490, 35
33, 500, 35
null
['no' 'no' 'no' 'no' 'no' 'no' 'no' 'no' 'no' 'no']
{'count': 636, 'truepos': 29, 'falseneg': 3, 'unknownyes': 13, 'falsepos': 4, 'unique': 500}

------------------------------------------------------------
Sender: LSF System <lsfadmin@n2b2-10>
Subject: Job 266950: </share/tjmenzie/zyu9/miniconda2/bin/python2.7 runner.py error_hpcc 10> Done

Job </share/tjmenzie/zyu9/miniconda2/bin/python2.7 runner.py error_hpcc 10> was submitted from host <login01.hpc.ncsu.edu> by user <zyu9> in cluster <henry2>.
Job was executed on host(s) <2*n2b2-10>, in queue <single_chassis>, as user <zyu9> in cluster <henry2>.
</home/zyu9> was used as the home directory.
</home/zyu9/projects/MAR_HPC/Error/src> was used as the working directory.
Started at Tue Oct 17 11:28:46 2017
Results reported at Tue Oct 17 17:30:15 2017

Your job looked like:

------------------------------------------------------------
# LSBATCH: User input
/share/tjmenzie/zyu9/miniconda2/bin/python2.7 runner.py error_hpcc 10
------------------------------------------------------------

Successfully completed.

Resource usage summary:

    CPU time   :  24226.68 sec.
    Max Memory :       195 MB
    Max Swap   :      1213 MB

    Max Processes  :         3
    Max Threads    :         8

The output (if any) is above this job summary.



PS:

Read file <./err/10.err.266950> for stderr output of this job.

