10: Hall.csv: none: 0, 0
7, 10
12, 20, 110
15, 30, 136
22, 40, 103
27, 50, 103
29, 60, 106
34, 70, 97
35, 80, 99
38, 90, 81
40, 100, 94
45, 110, 89
47, 120, 122
54, 130, 88
58, 140, 104
65, 150, 99
69, 160, 138
74, 170, 114
79, 180, 114
82, 190, 112
88, 200, 117
94, 210, 137
95, 220, 187
98, 230, 136
101, 240, 142
103, 250, 141
108, 260, 154
110, 270, 168
114, 280, 170
114, 290, 170
115, 300, 161
117, 310, 157
119, 320, 177
120, 330, 162
123, 340, 174
123, 350, 187
123, 360, 202
126, 370, 161
126, 380, 180
128, 390, 163
129, 400, 192
130, 410, 167
131, 420, 177
131, 430, 178
131, 440, 166
132, 450, 164
133, 460, 170
134, 470, 178
136, 480, 169
137, 490, 182
138, 500, 168
139, 510, 167
140, 520, 160
141, 530, 169
143, 540, 170
143, 550, 178
143, 560, 172
145, 570, 175
146, 580, 173
147, 590, 183
147, 600, 174
147, 610, 179
148, 620, 173
149, 630, 174
151, 640, 178
151, 650, 179
152, 660, 180
152, 670, 177
152, 680, 178
153, 690, 174
154, 700, 187
156, 710, 185
156, 720, 185
157, 730, 189
158, 740, 189
160, 750, 190
160, 760, 203
160, 770, 202
160, 780, 195
161, 790, 196
161, 800, 194
161, 810, 191
163, 820, 187
164, 830, 193
165, 840, 190
166, 850, 193
167, 860, 197
167, 870, 193
168, 880, 199
168, 890, 199
169, 900, 197
169, 910, 201
170, 920, 194
171, 930, 198
172, 940, 201
172, 950, 201
175, 960, 197
175, 970, 213
176, 980, 203
176, 990, 205
178, 1000, 205
179, 1010, 212
179, 1020, 207
180, 1030, 203
180, 1040, 211
182, 1050, 211
183, 1060, 215
185, 1070, 216
186, 1080, 216
186, 1090, 222
186, 1100, 222
189, 1110, 219
189, 1120, 220
190, 1130, 221
190, 1140, 222
191, 1150, 217
192, 1160, 217
195, 1170, 227
195, 1180, 226
195, 1190, 220
195, 1200, 223
196, 1210, 228
200, 1220, 225
201, 1230, 233
203, 1240, 230
203, 1250, 235
203, 1260, 229
205, 1270, 233
208, 1280, 234
210, 1290, 243
212, 1300, 251
213, 1310, 256
214, 1320, 254
215, 1330, 263
216, 1340, 257
217, 1350, 263
217, 1360, 260
218, 1370, 259
219, 1380, 259
221, 1390, 269
222, 1400, 266
222, 1410, 271
222, 1420, 257
223, 1430, 270
224, 1440, 266
224, 1450, 267
225, 1460, 262
225, 1470, 269
225, 1480, 263
227, 1490, 263
227, 1500, 264
228, 1510, 263
229, 1520, 263
231, 1530, 272
233, 1540, 288
235, 1550, 277
235, 1560, 283
235, 1570, 284
236, 1580, 285
236, 1590, 283
236, 1600, 277
238, 1610, 280
240, 1620, 275
240, 1630, 286
240, 1640, 287
241, 1650, 278
242, 1660, 287
245, 1670, 283
245, 1680, 287
245, 1690, 289
246, 1700, 285
246, 1710, 291
248, 1720, 293
249, 1730, 287
249, 1740, 293
249, 1750, 287
251, 1760, 286
251, 1770, 300
252, 1780, 295
252, 1790, 289
254, 1800, 290
256, 1810, 290
256, 1820, 293
259, 1830, 295
259, 1840, 299
259, 1850, 301
260, 1860, 298
261, 1870, 298
262, 1880, 296
263, 1890, 302
263, 1900, 299
263, 1910, 299
264, 1920, 299
264, 1930, 303
265, 1940, 301
266, 1950, 301
268, 1960, 300
271, 1970, 301
271, 1980, 302
273, 1990, 298
274, 2000, 297
275, 2010, 298
275, 2020, 301
276, 2030, 302
279, 2040, 299
280, 2050, 311
282, 2060, 312
282, 2070, 313
283, 2080, 315
284, 2090, 312
284, 2100, 319
287, 2110, 314
287, 2120, 318
289, 2130, 319
292, 2140, 323
292, 2150, 323
292, 2160, 322
293, 2170, 325
293, 2180, 323
293, 2190, 320
294, 2200, 320
295, 2210, 327
296, 2220, 323
296, 2230, 327
298, 2240, 321
300, 2250, 323
303, 2260, 327
304, 2270, 333
305, 2280, 334
306, 2290, 335
307, 2300, 335
307, 2310, 337
308, 2320, 339
309, 2330, 337
310, 2340, 340
313, 2350, 343
314, 2360, 347
315, 2370, 340
316, 2380, 347
317, 2390, 346
317, 2400, 342
319, 2410, 344
321, 2420, 350
322, 2430, 350
324, 2440, 351
325, 2450, 354
326, 2460, 357
327, 2470, 358
327, 2480, 359
328, 2490, 360
328, 2500, 357
329, 2510, 359
331, 2520, 360
334, 2530, 362
337, 2540, 371
338, 2550, 367
339, 2560, 371
341, 2570, 372
342, 2580, 375
343, 2590, 380
343, 2600, 381
347, 2610, 377
348, 2620, 383
348, 2630, 386
350, 2640, 383
350, 2650, 383
351, 2660, 384
353, 2670, 388
354, 2680, 386
355, 2690, 386
355, 2700, 385
356, 2710, 387
357, 2720, 390
358, 2730, 389
359, 2740, 388
360, 2750, 387
362, 2760, 389
364, 2770, 393
366, 2780, 394
367, 2790, 393
370, 2800, 392
371, 2810, 403
371, 2820, 405
371, 2830, 401
374, 2840, 401
374, 2850, 407
374, 2860, 403
376, 2870, 407
378, 2880, 411
380, 2890, 409
383, 2900, 412
385, 2910, 414
387, 2920, 422
389, 2930, 417
389, 2940, 426
390, 2950, 420
391, 2960, 422
392, 2970, 426
393, 2980, 423
394, 2990, 428
397, 3000, 428
398, 3010, 426
400, 3020, 432
400, 3030, 437
402, 3040, 436
404, 3050, 438
405, 3060, 442
405, 3070, 442
406, 3080, 445
408, 3090, 444
409, 3100, 446
409, 3110, 447
411, 3120, 445
411, 3130, 452
412, 3140, 448
413, 3150, 447
414, 3160, 451
415, 3170, 450
416, 3180, 454
417, 3190, 447
419, 3200, 456
419, 3210, 457
420, 3220, 453
420, 3230, 454
421, 3240, 454
423, 3250, 456
425, 3260, 456
428, 3270, 459
432, 3280, 468
433, 3290, 470
433, 3300, 476
434, 3310, 470
434, 3320, 476
435, 3330, 467
438, 3340, 478
441, 3350, 474
443, 3360, 476
444, 3370, 482
445, 3380, 483
446, 3390, 481
446, 3400, 484
446, 3410, 483
446, 3420, 482
446, 3430, 480
447, 3440, 478
449, 3450, 478
450, 3460, 480
453, 3470, 482
455, 3480, 485
457, 3490, 488
459, 3500, 491
460, 3510, 496
461, 3520, 494
462, 3530, 496
462, 3540, 495
462, 3550, 497
464, 3560, 497
465, 3570, 500
467, 3580, 502
469, 3590, 502
471, 3600, 505
472, 3610, 509
472, 3620, 512
474, 3630, 509
476, 3640, 511
476, 3650, 517
479, 3660, 515
480, 3670, 516
481, 3680, 518
481, 3690, 518
481, 3700, 519
483, 3710, 515
484, 3720, 522
484, 3730, 521
485, 3740, 513
486, 3750, 521
487, 3760, 519
489, 3770, 522
491, 3780, 524
493, 3790, 525
495, 3800, 527
495, 3810, 527
495, 3820, 530
496, 3830, 527
496, 3840, 532
498, 3850, 532
498, 3860, 533
498, 3870, 534
499, 3880, 533
500, 3890, 533
500, 3900, 534
500, 3910, 531
501, 3920, 534
502, 3930, 532
503, 3940, 534
504, 3950, 533
504, 3960, 533
505, 3970, 536
507, 3980, 537
510, 3990, 536
510, 4000, 538
{'count': 4000, 'truepos': 95, 'falseneg': 8, 'unknownyes': 3, 'falsepos': 415, 'unique': 4000}
10: Hall.csv: three: 0, 0
8, 10
8, 20, 125
9, 30, 109
14, 40, 109
18, 50, 109
22, 60, 94
28, 70, 89
35, 80, 92
40, 90, 79
43, 100, 89
49, 110, 81
51, 120, 93
56, 130, 90
62, 140, 93
67, 150, 93
70, 160, 107
72, 170, 99
76, 180, 101
78, 190, 104
84, 200, 96
87, 210, 106
88, 220, 111
91, 230, 103
93, 240, 113
96, 250, 120
97, 260, 117
99, 270, 118
100, 280, 122
100, 290, 127
102, 300, 115
102, 310, 116
103, 320, 118
103, 330, 119
103, 340, 119
103, 350, 119
104, 360, 119
105, 370, 121
105, 380, 120
106, 390, 118
106, 400, 117
107, 410, 117
107, 420, 121
107, 430, 120
107, 440, 122
107, 450, 120
108, 460, 121
109, 470, 121
109, 480, 121
109, 490, 124
109, 500, 119
109, 510, 121
109, 520, 119
109, 530, 117
109, 540, 118
110, 550, 119
110, 560, 119
112, 570, 119
112, 580, 120
112, 590, 120
113, 600, 119
113, 610, 123
113, 620, 119
113, 630, 120
113, 640, 119
113, 650, 120
113, 660, 119
113, 670, 121
113, 680, 119
113, 690, 120
113, 700, 120
113, 710, 119
113, 720, 120
113, 730, 119
115, 740, 120
115, 750, 122
115, 760, 122
115, 770, 123
{'count': 1696, 'truepos': 97, 'falseneg': 5, 'unknownyes': 4, 'falsepos': 18, 'unique': 770}
10: Hall.csv: machine: 0, 0
8, 10
11, 20, 125
16, 30, 148
23, 40, 113
29, 50, 112
35, 60, 109
['yes' 'yes' 'yes' 'yes' 'yes' 'yes' 'yes' 'yes' 'yes' 'no']
['no' 'no' 'no' 'yes' 'no' 'no' 'no' 'no' 'no' 'no']
36, 60, 109
41, 70, 110
43, 80, 104
46, 90, 92
49, 100, 93
50, 110, 90
['yes' 'yes' 'yes' 'yes' 'yes' 'yes' 'yes' 'yes' 'yes' 'yes']
['no' 'no' 'yes' 'no' 'no' 'no' 'no' 'no' 'no' 'no']
50, 110, 90
54, 120, 81
58, 130, 87
63, 140, 90
66, 150, 98
67, 160, 107
['yes' 'yes' 'yes' 'yes' 'yes' 'yes' 'no' 'yes' 'yes' 'yes']
['no' 'no' 'no' 'no' 'no' 'no' 'yes' 'no' 'no' 'no']
67, 160, 107
70, 170, 99
71, 180, 109
74, 190, 102
76, 200, 100
80, 210, 105
['no' 'no' 'no' 'yes' 'yes' 'yes' 'yes' 'yes' 'yes' 'no']
['no' 'no' 'no' 'no' 'no' 'no' 'no' 'no' 'no' 'no']
76, 210, 105
83, 220, 93
87, 230, 118
92, 240, 116
96, 250, 118
99, 260, 138
['no' 'no' 'yes' 'yes' 'no' 'no' 'yes' 'yes' 'yes' 'yes']
['no' 'no' 'no' 'no' 'no' 'no' 'no' 'no' 'no' 'no']
95, 260, 138
98, 270, 119
101, 280, 125
103, 290, 130
105, 300, 125
105, 310, 128
['yes' 'yes' 'yes' 'no' 'no' 'yes' 'yes' 'yes' 'yes' 'yes']
['no' 'yes' 'no' 'no' 'no' 'no' 'no' 'no' 'no' 'yes']
108, 310, 128
110, 320, 122
112, 330, 127
114, 340, 126
116, 350, 127
118, 360, 131
['no' 'no' 'no' 'no' 'no' 'no' 'yes' 'no' 'no' 'no']
['no' 'yes' 'no' 'no' 'no' 'no' 'no' 'yes' 'no' 'no']
112, 360, 131
115, 370, 122
117, 380, 129
120, 390, 129
123, 400, 134
123, 410, 140
['no' 'no' 'yes' 'no' 'no' 'no' 'no' 'no' 'yes' 'no']
['no' 'no' 'no' 'no' 'no' 'no' 'no' 'no' 'no' 'no']
116, 410, 140
121, 420, 124
124, 430, 135
127, 440, 136
129, 450, 138
129, 460, 143
['no' 'no' 'no' 'no' 'no' 'no' 'yes' 'no' 'no' 'yes']
['no' 'no' 'no' 'yes' 'no' 'no' 'no' 'no' 'no' 'no']
124, 460, 143
125, 470, 138
126, 480, 135
126, 490, 140
126, 500, 139
128, 510, 137
['no' 'no' 'no' 'yes' 'yes' 'no' 'yes' 'no' 'yes' 'no']
['no' 'no' 'no' 'no' 'no' 'no' 'no' 'no' 'no' 'no']
122, 510, 137
123, 520, 131
124, 530, 133
124, 540, 136
126, 550, 134
128, 560, 140
['no' 'no' 'yes' 'no' 'no' 'no' 'yes' 'no' 'no' 'yes']
['no' 'no' 'no' 'no' 'no' 'no' 'no' 'no' 'no' 'no']
125, 560, 140
126, 570, 133
127, 580, 135
['no' 'no' 'no' 'no' 'no' 'no' 'yes' 'yes' 'yes' 'yes']
['yes' 'no' 'no' 'no' 'no' 'no' 'no' 'no' 'no' 'no']
{'count': 820, 'truepos': 97, 'falseneg': 4, 'unknownyes': 5, 'falsepos': 25, 'unique': 580}
10: Hall.csv: machine2: 0, 0
7, 10
10, 20, 115
15, 30, 118
18, 40, 99
22, 50, 96
28, 60, 95
['yes' 'yes' 'yes' 'yes' 'yes' 'yes' 'no' 'yes' 'no' 'yes']
['no' 'no']
28, 60, 95
31, 70, 103
36, 80, 73
40, 90, 76
42, 100, 84
46, 110, 76
['yes' 'yes' 'yes' 'yes' 'no' 'yes' 'yes' 'yes' 'yes' 'yes']
['yes' 'no' 'yes' 'no' 'no' 'no' 'no' 'no' 'no' 'no']
48, 110, 76
51, 120, 80
55, 130, 79
57, 140, 85
61, 150, 80
61, 160, 92
['yes' 'yes' 'yes' 'no' 'yes' 'no' 'yes' 'no' 'yes' 'yes']
['yes' 'no' 'no' 'no' 'no' 'no' 'no' 'no' 'no' 'no']
60, 160, 92
65, 170, 75
72, 180, 77
75, 190, 86
78, 200, 89
82, 210, 93
['yes' 'yes' 'yes' 'yes' 'no' 'yes' 'no' 'yes' 'yes' 'yes']
['no' 'no' 'no' 'yes' 'no' 'no' 'yes' 'no' 'no' 'no']
83, 210, 93
89, 220, 98
91, 230, 115
94, 240, 108
94, 250, 114
101, 260, 108
['no' 'yes' 'no' 'yes' 'yes' 'no' 'yes' 'no' 'yes' 'yes']
['no' 'no' 'no' 'no' 'yes' 'no' 'no' 'no' 'no' 'no']
99, 260, 108
102, 270, 124
102, 280, 132
103, 290, 125
104, 300, 125
106, 310, 128
['no' 'yes' 'yes' 'yes' 'no' 'yes' 'yes' 'yes' 'yes' 'yes']
['no' 'yes' 'no' 'no' 'no' 'no' 'no' 'no' 'no' 'no']
105, 310, 128
107, 320, 121
108, 330, 126
110, 340, 128
110, 350, 132
114, 360, 128
['no' 'no' 'no' 'no' 'no' 'no' 'yes' 'no' 'no' 'yes']
['no' 'no' 'no' 'no' 'no' 'no' 'no' 'no' 'no' 'no']
111, 360, 128
112, 370, 130
112, 380, 130
112, 390, 128
114, 400, 124
117, 410, 130
['no' 'no' 'no' 'no' 'no' 'no' 'no' 'no' 'yes' 'yes']
['no' 'yes' 'no' 'no' 'no' 'no' 'no' 'no' 'no' 'no']
114, 410, 130
116, 420, 127
118, 430, 141
120, 440, 140
120, 450, 149
123, 460, 139
['no' 'no' 'yes' 'yes' 'no' 'no' 'yes' 'yes' 'yes' 'yes']
['no' 'no' 'no' 'no' 'no' 'no' 'no' 'no' 'no' 'no']
118, 460, 139
118, 470, 141
121, 480, 139
122, 490, 141
122, 500, 146
124, 510, 143
['no' 'no' 'no' 'yes' 'yes' 'no' 'no' 'no' 'yes' 'no']
['no' 'no' 'no' 'no' 'no' 'no' 'no' 'no' 'no' 'no']
120, 510, 143
121, 520, 139
122, 530, 140
123, 540, 143
125, 550, 139
127, 560, 143
['no' 'no' 'yes' 'no' 'no' 'no' 'yes' 'no' 'no' 'no']
['no' 'yes' 'no' 'no' 'no' 'no' 'no' 'no' 'no' 'no']
124, 560, 143
125, 570, 142
127, 580, 144
127, 590, 147
129, 600, 146
130, 610, 151
['no' 'no' 'yes' 'no' 'no' 'yes' 'yes' 'yes' 'no' 'no']
['no' 'no' 'no' 'no' 'no' 'no' 'no' 'no' 'no' 'no']
128, 610, 151
129, 620, 140
129, 630, 143
129, 640, 144
129, 650, 142
130, 660, 143
['no' 'yes' 'no' 'no' 'yes' 'yes' 'yes' 'no' 'yes' 'no']
['no' 'no' 'no' 'no' 'no' 'no' 'no' 'no' 'no' 'no']
126, 660, 143
128, 670, 137
128, 680, 141
129, 690, 141
130, 700, 141
131, 710, 144
['no' 'no' 'no' 'yes' 'no' 'no' 'no' 'no' 'yes' 'no']
['no' 'no' 'no' 'no' 'no' 'no' 'no' 'no' 'no' 'no']
124, 710, 144
124, 720, 132
124, 730, 133
124, 740, 132
125, 750, 131
125, 760, 132
['no' 'no' 'no' 'yes' 'yes' 'no' 'yes' 'no' 'no' 'yes']
['no' 'no' 'no' 'no' 'no' 'no' 'no' 'no' 'no' 'no']
122, 760, 132
123, 770, 130
124, 780, 132
125, 790, 131
126, 800, 132
127, 810, 135
['no' 'no' 'no' 'no' 'no' 'no' 'no' 'yes' 'yes' 'yes']
['no' 'no' 'no' 'no' 'no' 'no' 'no' 'no' 'no' 'no']
122, 810, 135
124, 820, 130
126, 830, 133
126, 840, 136
126, 850, 136
128, 860, 135
['no' 'no' 'no' 'no' 'no' 'yes' 'no' 'no' 'yes' 'yes']
['no' 'no' 'no' 'no' 'no' 'no' 'no' 'no' 'no' 'no']
122, 860, 135
123, 870, 129
124, 880, 130
125, 890, 131
['no' 'no' 'no' 'no' 'yes' 'yes' 'yes' 'yes' 'yes' 'yes']
['no' 'no' 'no' 'no' 'no' 'no' 'no' 'no' 'no' 'no']
{'count': 1321, 'truepos': 100, 'falseneg': 2, 'unknownyes': 4, 'falsepos': 24, 'unique': 890}
10: Hall.csv: machine3: 0, 0
6, 10
9, 20, 103
11, 30, 110
18, 40, 109
22, 50, 102
24, 60, 94
null
['no']
24, 60, 94
31, 70, 87
38, 80, 70
42, 90, 79
46, 100, 89
49, 110, 88
null
['no' 'no' 'no' 'no' 'no' 'no' 'no' 'no' 'no' 'no']
49, 110, 88
52, 120, 92
57, 130, 91
58, 140, 97
63, 150, 83
65, 160, 86
null
['no' 'no' 'no' 'no' 'no' 'no' 'no' 'no' 'no' 'yes']
66, 160, 86
68, 170, 88
69, 180, 90
72, 190, 87
75, 200, 88
75, 210, 91
null
['no' 'no' 'yes' 'yes' 'no' 'no' 'yes' 'yes' 'yes' 'no']
79, 210, 91
82, 220, 95
83, 230, 97
86, 240, 99
88, 250, 102
89, 260, 102
null
['no' 'no' 'no' 'no' 'yes' 'no' 'no' 'no' 'no' 'no']
90, 260, 102
91, 270, 105
92, 280, 106
92, 290, 105
93, 300, 106
94, 310, 107
null
['no' 'no' 'no' 'no' 'no' 'no' 'no' 'no' 'yes' 'no']
95, 310, 107
96, 320, 105
96, 330, 105
96, 340, 104
96, 350, 104
96, 360, 104
null
['no' 'yes' 'no' 'yes' 'no' 'no' 'no' 'no' 'no' 'no']
98, 360, 104
99, 370, 106
100, 380, 108
100, 390, 109
100, 400, 110
100, 410, 107
null
['no' 'yes' 'no' 'no' 'no' 'no' 'no' 'no' 'no' 'no']
100, 410, 107
100, 420, 109
100, 430, 106
100, 440, 107
100, 450, 107
100, 460, 107
null
['no' 'no' 'no' 'no' 'no' 'no' 'no' 'no' 'no' 'no']
100, 460, 107
100, 470, 106
102, 480, 106
102, 490, 108
102, 500, 110
103, 510, 108
null
['no' 'no' 'no' 'no' 'no' 'no' 'no' 'no' 'no' 'no']
null
['no' 'no' 'no' 'no' 'no' 'no' 'no' 'no' 'no' 'no']
{'count': 777, 'truepos': 97, 'falseneg': 5, 'unknownyes': 4, 'falsepos': 6, 'unique': 510}
10: Wahono.csv: none: 0, 0
7, 10
10, 20, 104
12, 30, 103
14, 40, 86
17, 50, 84
18, 60, 86
21, 70, 83
22, 80, 86
22, 90, 80
24, 100, 72
24, 110, 69
26, 120, 57
27, 130, 62
31, 140, 59
33, 150, 73
35, 160, 71
37, 170, 76
39, 180, 81
42, 190, 89
44, 200, 95
45, 210, 98
47, 220, 95
49, 230, 98
49, 240, 100
49, 250, 95
53, 260, 85
54, 270, 107
54, 280, 105
56, 290, 98
57, 300, 105
59, 310, 111
60, 320, 106
62, 330, 109
63, 340, 111
65, 350, 111
66, 360, 109
67, 370, 109
69, 380, 103
69, 390, 113
70, 400, 106
72, 410, 111
75, 420, 116
76, 430, 119
77, 440, 111
78, 450, 113
79, 460, 123
80, 470, 121
80, 480, 114
82, 490, 120
82, 500, 115
83, 510, 124
85, 520, 114
85, 530, 121
86, 540, 127
89, 550, 118
89, 560, 120
89, 570, 116
90, 580, 117
91, 590, 118
92, 600, 117
92, 610, 125
92, 620, 112
92, 630, 117
92, 640, 114
94, 650, 122
96, 660, 125
97, 670, 120
98, 680, 127
98, 690, 131
98, 700, 124
98, 710, 124
99, 720, 136
99, 730, 127
100, 740, 121
103, 750, 120
104, 760, 130
106, 770, 123
107, 780, 131
108, 790, 131
109, 800, 131
109, 810, 137
109, 820, 137
110, 830, 129
111, 840, 136
113, 850, 136
114, 860, 142
114, 870, 147
117, 880, 145
119, 890, 145
119, 900, 148
120, 910, 148
124, 920, 146
125, 930, 152
127, 940, 159
129, 950, 160
131, 960, 164
133, 970, 166
133, 980, 171
134, 990, 171
134, 1000, 171
136, 1010, 174
137, 1020, 173
140, 1030, 174
140, 1040, 183
141, 1050, 179
144, 1060, 183
144, 1070, 192
145, 1080, 183
145, 1090, 189
146, 1100, 182
146, 1110, 188
147, 1120, 186
147, 1130, 187
147, 1140, 190
148, 1150, 187
149, 1160, 187
150, 1170, 192
150, 1180, 189
151, 1190, 189
153, 1200, 189
154, 1210, 188
154, 1220, 196
155, 1230, 190
156, 1240, 190
157, 1250, 192
157, 1260, 196
159, 1270, 193
160, 1280, 197
161, 1290, 194
163, 1300, 198
164, 1310, 202
164, 1320, 207
166, 1330, 205
167, 1340, 210
169, 1350, 206
170, 1360, 207
171, 1370, 212
172, 1380, 210
172, 1390, 209
172, 1400, 215
175, 1410, 211
177, 1420, 210
178, 1430, 216
179, 1440, 214
179, 1450, 213
180, 1460, 213
180, 1470, 214
182, 1480, 220
182, 1490, 220
182, 1500, 219
183, 1510, 218
183, 1520, 225
186, 1530, 220
187, 1540, 225
189, 1550, 226
191, 1560, 234
192, 1570, 230
193, 1580, 234
195, 1590, 237
195, 1600, 236
197, 1610, 243
198, 1620, 240
198, 1630, 244
199, 1640, 237
202, 1650, 245
203, 1660, 243
204, 1670, 250
206, 1680, 249
210, 1690, 252
212, 1700, 255
213, 1710, 260
214, 1720, 262
215, 1730, 257
216, 1740, 261
217, 1750, 270
220, 1760, 261
221, 1770, 270
222, 1780, 270
223, 1790, 272
224, 1800, 275
225, 1810, 270
226, 1820, 270
228, 1830, 276
230, 1840, 278
231, 1850, 275
232, 1860, 276
234, 1870, 274
235, 1880, 281
237, 1890, 282
239, 1900, 284
240, 1910, 286
241, 1920, 290
243, 1930, 287
244, 1940, 287
244, 1950, 290
246, 1960, 288
247, 1970, 290
248, 1980, 287
250, 1990, 294
251, 2000, 295
251, 2010, 301
252, 2020, 297
254, 2030, 300
254, 2040, 303
254, 2050, 302
255, 2060, 298
255, 2070, 304
256, 2080, 298
257, 2090, 300
258, 2100, 298
259, 2110, 300
260, 2120, 300
261, 2130, 302
261, 2140, 304
264, 2150, 303
266, 2160, 308
266, 2170, 311
267, 2180, 313
268, 2190, 311
268, 2200, 308
268, 2210, 311
269, 2220, 311
271, 2230, 308
271, 2240, 315
274, 2250, 313
274, 2260, 317
276, 2270, 318
276, 2280, 318
277, 2290, 316
278, 2300, 315
279, 2310, 317
280, 2320, 316
280, 2330, 318
280, 2340, 321
281, 2350, 316
282, 2360, 317
283, 2370, 318
284, 2380, 319
285, 2390, 319
286, 2400, 317
287, 2410, 323
288, 2420, 322
292, 2430, 324
292, 2440, 330
293, 2450, 325
293, 2460, 333
294, 2470, 331
296, 2480, 332
296, 2490, 335
297, 2500, 332
298, 2510, 332
298, 2520, 332
300, 2530, 332
302, 2540, 339
304, 2550, 338
305, 2560, 340
305, 2570, 338
306, 2580, 339
308, 2590, 341
309, 2600, 338
310, 2610, 340
310, 2620, 340
311, 2630, 340
312, 2640, 340
312, 2650, 343
312, 2660, 344
313, 2670, 344
314, 2680, 347
314, 2690, 345
315, 2700, 344
315, 2710, 344
316, 2720, 344
316, 2730, 347
317, 2740, 344
319, 2750, 347
319, 2760, 351
319, 2770, 346
319, 2780, 349
320, 2790, 349
320, 2800, 348
322, 2810, 345
322, 2820, 351
324, 2830, 350
325, 2840, 353
327, 2850, 351
328, 2860, 353
328, 2870, 356
330, 2880, 354
334, 2890, 359
335, 2900, 367
335, 2910, 363
337, 2920, 362
338, 2930, 367
338, 2940, 366
339, 2950, 366
339, 2960, 366
341, 2970, 364
343, 2980, 369
344, 2990, 372
345, 3000, 372
345, 3010, 372
347, 3020, 370
351, 3030, 370
352, 3040, 379
353, 3050, 379
354, 3060, 379
354, 3070, 380
356, 3080, 377
357, 3090, 383
358, 3100, 382
360, 3110, 383
360, 3120, 384
360, 3130, 383
362, 3140, 383
365, 3150, 389
365, 3160, 387
365, 3170, 387
367, 3180, 385
367, 3190, 389
368, 3200, 388
369, 3210, 390
370, 3220, 389
371, 3230, 393
372, 3240, 392
372, 3250, 392
375, 3260, 394
376, 3270, 397
378, 3280, 398
380, 3290, 401
380, 3300, 405
381, 3310, 405
381, 3320, 405
381, 3330, 406
384, 3340, 405
384, 3350, 407
386, 3360, 405
388, 3370, 409
390, 3380, 413
392, 3390, 417
394, 3400, 418
395, 3410, 419
396, 3420, 418
399, 3430, 422
399, 3440, 424
404, 3450, 425
404, 3460, 429
404, 3470, 431
406, 3480, 430
409, 3490, 431
409, 3500, 434
411, 3510, 433
412, 3520, 437
412, 3530, 437
413, 3540, 438
413, 3550, 437
415, 3560, 435
415, 3570, 441
416, 3580, 439
416, 3590, 439
418, 3600, 439
{'count': 3600, 'truepos': 52, 'falseneg': 8, 'unknownyes': 2, 'falsepos': 366, 'unique': 3600}
10: Wahono.csv: three: 0, 0
6, 10
7, 20, 100
8, 30, 104
9, 40, 95
12, 50, 76
15, 60, 87
19, 70, 75
20, 80, 79
23, 90, 70
26, 100, 75
27, 110, 77
27, 120, 67
28, 130, 59
31, 140, 56
32, 150, 51
32, 160, 57
32, 170, 53
32, 180, 50
32, 190, 50
34, 200, 47
34, 210, 51
36, 220, 49
36, 230, 55
43, 240, 53
43, 250, 62
45, 260, 61
48, 270, 70
49, 280, 72
50, 290, 75
51, 300, 73
51, 310, 74
52, 320, 71
53, 330, 72
53, 340, 73
55, 350, 76
56, 360, 75
59, 370, 73
60, 380, 82
60, 390, 80
61, 400, 77
62, 410, 77
63, 420, 78
64, 430, 80
64, 440, 84
67, 450, 81
67, 460, 84
67, 470, 88
68, 480, 87
68, 490, 84
69, 500, 87
69, 510, 87
70, 520, 87
71, 530, 87
71, 540, 84
72, 550, 88
72, 560, 88
73, 570, 86
73, 580, 92
74, 590, 88
74, 600, 88
74, 610, 89
76, 620, 89
76, 630, 90
76, 640, 89
78, 650, 90
78, 660, 93
79, 670, 94
79, 680, 96
79, 690, 94
79, 700, 92
80, 710, 95
80, 720, 94
80, 730, 94
80, 740, 93
80, 750, 95
80, 760, 93
81, 770, 91
81, 780, 94
81, 790, 93
81, 800, 94
81, 810, 92
81, 820, 93
81, 830, 93
81, 840, 92
81, 850, 93
82, 860, 92
82, 870, 95
82, 880, 95
82, 890, 94
83, 900, 94
84, 910, 94
84, 920, 97
85, 930, 96
85, 940, 96
85, 950, 97
85, 960, 94
85, 970, 96
85, 980, 99
85, 990, 97
85, 1000, 97
85, 1010, 96
85, 1020, 96
87, 1030, 95
87, 1040, 97
88, 1050, 98
88, 1060, 101
88, 1070, 99
88, 1080, 100
90, 1090, 99
90, 1100, 101
90, 1110, 101
91, 1120, 100
91, 1130, 101
91, 1140, 101
91, 1150, 100
91, 1160, 102
91, 1170, 101
92, 1180, 100
92, 1190, 102
92, 1200, 101
92, 1210, 102
92, 1220, 101
94, 1230, 101
94, 1240, 104
94, 1250, 103
95, 1260, 103
95, 1270, 105
95, 1280, 105
95, 1290, 106
95, 1300, 104
95, 1310, 103
95, 1320, 103
95, 1330, 103
96, 1340, 103
96, 1350, 106
96, 1360, 104
97, 1370, 104
97, 1380, 106
97, 1390, 105
97, 1400, 105
97, 1410, 106
98, 1420, 104
98, 1430, 105
98, 1440, 106
98, 1450, 105
98, 1460, 105
98, 1470, 105
99, 1480, 106
99, 1490, 105
99, 1500, 105
99, 1510, 105
99, 1520, 106
99, 1530, 105
99, 1540, 105
100, 1550, 105
101, 1560, 106
101, 1570, 107
101, 1580, 109
101, 1590, 108
101, 1600, 107
102, 1610, 108
102, 1620, 108
102, 1630, 108
103, 1640, 108
103, 1650, 109
103, 1660, 109
103, 1670, 109
104, 1680, 109
105, 1690, 112
106, 1700, 113
106, 1710, 113
106, 1720, 113
107, 1730, 113
107, 1740, 115
107, 1750, 115
107, 1760, 114
108, 1770, 115
108, 1780, 115
108, 1790, 116
109, 1800, 116
109, 1810, 117
109, 1820, 117
110, 1830, 117
110, 1840, 118
110, 1850, 118
110, 1860, 117
111, 1870, 117
112, 1880, 119
112, 1890, 120
112, 1900, 120
112, 1910, 119
112, 1920, 120
112, 1930, 119
112, 1940, 120
113, 1950, 119
113, 1960, 120
113, 1970, 120
113, 1980, 121
114, 1990, 120
114, 2000, 121
115, 2010, 121
116, 2020, 122
116, 2030, 123
{'count': 4444, 'truepos': 59, 'falseneg': 2, 'unknownyes': 1, 'falsepos': 57, 'unique': 2030}
10: Wahono.csv: machine: 0, 0
6, 10
7, 20, 98
12, 30, 102
16, 40, 121
20, 50, 99
25, 60, 96
['yes' 'yes' 'yes' 'no' 'yes' 'yes' 'no' 'yes' 'no' 'yes']
['no' 'no' 'no' 'yes']
20, 60, 96
22, 70, 95
23, 80, 91
24, 90, 83
25, 100, 78
27, 110, 70
['yes' 'no' 'yes' 'no' 'no' 'yes' 'yes' 'yes' 'yes' 'yes']
[]
24, 110, 70
27, 120, 54
30, 130, 56
32, 140, 58
34, 150, 52
37, 160, 59
['no' 'yes' 'yes' 'yes' 'no' 'no' 'yes' 'yes' 'no' 'yes']
['no' 'no' 'yes' 'no' 'no' 'no' 'no' 'no' 'no' 'no']
33, 160, 59
35, 170, 51
37, 180, 56
37, 190, 64
39, 200, 61
42, 210, 59
['no' 'yes' 'yes' 'yes' 'no' 'no' 'no' 'yes' 'yes' 'no']
['no' 'no' 'no' 'no' 'no' 'no' 'yes' 'no' 'no' 'no']
38, 210, 59
40, 220, 53
41, 230, 56
42, 240, 57
44, 250, 58
44, 260, 56
['no' 'yes' 'no' 'yes' 'yes' 'yes' 'yes' 'yes' 'yes' 'yes']
['no' 'no' 'no' 'no' 'no' 'no' 'no' 'no' 'no' 'no']
42, 260, 56
42, 270, 57
43, 280, 60
44, 290, 62
46, 300, 56
48, 310, 59
['yes' 'yes' 'no' 'no' 'no' 'no' 'yes' 'no' 'yes' 'no']
['no' 'no' 'no' 'no' 'no' 'no' 'no' 'no' 'no' 'no']
42, 310, 59
43, 320, 55
45, 330, 62
47, 340, 62
49, 350, 63
51, 360, 65
['no' 'no' 'no' 'no' 'no' 'no' 'yes' 'no' 'no' 'no']
['no' 'no' 'no' 'no' 'no' 'no' 'no' 'no' 'no' 'no']
47, 360, 65
48, 370, 60
50, 380, 63
50, 390, 66
51, 400, 65
52, 410, 63
['no' 'no' 'no' 'no' 'no' 'yes' 'yes' 'yes' 'yes' 'no']
['no' 'no' 'no' 'no' 'no' 'no' 'no' 'no' 'no' 'no']
49, 410, 63
50, 420, 62
52, 430, 69
54, 440, 63
55, 450, 71
56, 460, 68
['no' 'no' 'yes' 'no' 'yes' 'no' 'no' 'no' 'no' 'no']
['no' 'no' 'no' 'no' 'no' 'no' 'no' 'no' 'no' 'no']
48, 460, 68
48, 470, 64
49, 480, 63
49, 490, 65
50, 500, 62
51, 510, 63
['no' 'no' 'no' 'no']
['no' 'no' 'no' 'no' 'no' 'no' 'no' 'no' 'no' 'no']
48, 510, 63
48, 520, 60
49, 530, 57
49, 540, 62
52, 550, 63
53, 560, 75
['no' 'no' 'no' 'no' 'no' 'no']
['no' 'no' 'no' 'no' 'no' 'no' 'no' 'no' 'no' 'no']
49, 560, 75
51, 570, 60
52, 580, 64
56, 590, 66
57, 600, 67
57, 610, 67
['no' 'no' 'no' 'no' 'no' 'no' 'no' 'no' 'no' 'no']
['no' 'no' 'no' 'no' 'no' 'no' 'no' 'yes' 'no' 'no']
48, 610, 67
51, 620, 55
52, 630, 58
54, 640, 60
55, 650, 64
57, 660, 63
['no' 'no' 'yes' 'no' 'no' 'no' 'yes' 'no' 'yes' 'no']
['no' 'no' 'no' 'no' 'no' 'no' 'no' 'no' 'no' 'no']
53, 660, 63
54, 670, 60
55, 680, 61
56, 690, 64
56, 700, 64
57, 710, 64
['no' 'no' 'yes' 'no' 'no']
['no' 'no' 'no' 'no' 'no' 'no' 'no' 'no' 'no' 'no']
54, 710, 64
56, 720, 60
59, 730, 63
63, 740, 71
64, 750, 81
65, 760, 79
['no' 'no' 'no' 'yes' 'no' 'no' 'no' 'yes' 'no' 'yes']
['no' 'no' 'no' 'no' 'yes' 'no' 'no' 'no' 'no' 'no']
63, 760, 79
63, 770, 75
65, 780, 74
66, 790, 76
68, 800, 78
69, 810, 81
['no' 'yes' 'no' 'no' 'no' 'no' 'no' 'no' 'yes' 'no']
['no' 'no' 'no' 'no' 'no' 'no' 'no' 'no' 'no' 'no']
61, 810, 81
63, 820, 70
64, 830, 73
66, 840, 74
70, 850, 75
71, 860, 80
['no' 'no' 'no' 'no' 'no' 'no' 'no' 'no' 'yes' 'yes']
['no' 'no' 'yes' 'no' 'no' 'no' 'no' 'yes' 'no' 'no']
68, 860, 80
68, 870, 77
69, 880, 76
71, 890, 78
74, 900, 80
76, 910, 86
['no' 'no' 'no' 'no' 'no' 'no' 'no' 'no' 'no' 'no']
['no' 'no' 'no' 'no' 'no' 'no' 'no' 'no' 'no' 'no']
67, 910, 86
67, 920, 76
68, 930, 75
70, 940, 75
71, 950, 79
73, 960, 79
['no' 'no' 'no' 'no' 'no' 'no']
['no' 'no' 'no' 'no' 'no' 'no' 'no' 'no' 'no' 'no']
70, 960, 79
71, 970, 77
72, 980, 79
74, 990, 80
75, 1000, 84
76, 1010, 85
['no' 'no' 'no' 'no' 'no' 'no' 'no' 'no']
['no' 'no' 'no' 'no' 'no' 'no' 'no' 'no' 'no' 'no']
70, 1010, 85
71, 1020, 77
72, 1030, 78
72, 1040, 81
72, 1050, 81
74, 1060, 81
['no' 'no' 'no' 'no' 'no']
['yes' 'no' 'no' 'no' 'no' 'no' 'no' 'no' 'no' 'no']
73, 1060, 81
75, 1070, 81
76, 1080, 84
79, 1090, 84
82, 1100, 89
83, 1110, 92
['no' 'yes' 'no' 'no' 'no' 'no' 'no' 'no' 'no' 'no']
['no' 'no' 'no' 'no' 'no' 'no' 'no' 'no' 'yes' 'no']
78, 1110, 92
78, 1120, 86
79, 1130, 85
79, 1140, 87
79, 1150, 87
80, 1160, 86
['no' 'no' 'no' 'no' 'no' 'no' 'no' 'no']
['no' 'no' 'no' 'no' 'no' 'no' 'no' 'no' 'no' 'no']
74, 1160, 86
75, 1170, 81
75, 1180, 82
75, 1190, 82
77, 1200, 82
77, 1210, 85
['no' 'no' 'no' 'no' 'no']
['no' 'no' 'no' 'no' 'no' 'no' 'no' 'no' 'no' 'no']
72, 1210, 85
73, 1220, 77
73, 1230, 79
75, 1240, 79
77, 1250, 82
78, 1260, 87
['no' 'no' 'no' 'no' 'no' 'no']
['no' 'no' 'no' 'no' 'no' 'no' 'no' 'no' 'no' 'no']
73, 1260, 87
76, 1270, 79
77, 1280, 84
79, 1290, 85
82, 1300, 87
82, 1310, 90
['no' 'no' 'no' 'no' 'no' 'no' 'no' 'no' 'no']
['no' 'no' 'no' 'no' 'no' 'no' 'no' 'no' 'no' 'no']
78, 1310, 90
78, 1320, 85
80, 1330, 85
81, 1340, 87
85, 1350, 88
87, 1360, 96
['no' 'no' 'no' 'no' 'no' 'no' 'no' 'no' 'yes' 'no']
['no' 'no' 'no' 'no' 'no' 'no' 'no' 'no' 'no' 'no']
78, 1360, 96
79, 1370, 86
79, 1380, 86
79, 1390, 86
81, 1400, 85
81, 1410, 87
['no' 'no' 'no' 'no']
['no' 'no' 'no' 'no' 'no' 'no' 'no' 'no' 'no' 'no']
79, 1410, 87
80, 1420, 85
81, 1430, 86
81, 1440, 87
83, 1450, 87
84, 1460, 90
['no' 'no' 'no' 'no' 'no']
['no' 'no' 'no' 'no' 'no' 'no' 'no' 'no' 'no' 'no']
81, 1460, 90
83, 1470, 87
86, 1480, 90
86, 1490, 93
87, 1500, 94
90, 1510, 94
['no' 'no' 'no' 'no' 'no' 'no' 'no' 'no' 'no' 'no']
['no' 'no' 'no' 'no' 'no' 'no' 'no' 'no' 'no' 'no']
['no' 'no' 'no' 'no' 'no' 'no' 'no' 'no' 'no' 'no']
['no' 'no' 'no' 'no' 'no' 'no' 'no' 'no' 'no' 'no']
{'count': 2045, 'truepos': 55, 'falseneg': 5, 'unknownyes': 2, 'falsepos': 26, 'unique': 1510}
10: Wahono.csv: machine2: 0, 0
5, 10
7, 20, 95
7, 30, 95
9, 40, 90
13, 50, 86
15, 60, 102
['no' 'yes' 'yes' 'yes' 'no' 'yes' 'yes' 'no' 'yes' 'yes']
[]
14, 60, 102
18, 70, 87
19, 80, 90
24, 90, 78
27, 100, 77
27, 110, 76
['no' 'yes' 'yes' 'yes' 'yes' 'yes' 'yes' 'yes' 'yes' 'no']
[]
25, 110, 76
29, 120, 60
30, 130, 69
32, 140, 60
33, 150, 69
37, 160, 64
['no' 'yes' 'yes' 'no' 'yes' 'yes' 'yes' 'yes' 'yes' 'no']
['no' 'no' 'no' 'no' 'no' 'no' 'no' 'no' 'no' 'no']
35, 160, 64
36, 170, 69
38, 180, 68
38, 190, 71
38, 200, 63
40, 210, 62
['no' 'yes' 'yes' 'yes' 'no' 'yes' 'no' 'no' 'yes' 'no']
['no' 'no' 'no' 'no' 'no' 'no' 'no' 'no' 'no' 'no']
35, 210, 62
36, 220, 56
38, 230, 58
38, 240, 59
40, 250, 57
40, 260, 66
['no' 'no' 'no' 'yes' 'yes' 'no' 'no' 'yes' 'yes' 'yes']
['no' 'no' 'no' 'no' 'no' 'no' 'no' 'no' 'no' 'yes']
37, 260, 66
38, 270, 53
40, 280, 56
40, 290, 63
42, 300, 62
43, 310, 68
['no' 'no' 'yes' 'yes' 'yes' 'no' 'no']
['no' 'no' 'no' 'no' 'no' 'no' 'no' 'no' 'no' 'no']
41, 310, 68
45, 320, 61
45, 330, 65
47, 340, 63
49, 350, 66
50, 360, 78
['yes' 'no' 'no' 'no' 'no' 'no' 'no' 'no' 'no' 'no']
['no' 'no' 'no' 'yes' 'no' 'no' 'no' 'no' 'no' 'no']
47, 360, 78
50, 370, 69
51, 380, 78
51, 390, 72
51, 400, 74
51, 410, 72
['yes' 'no' 'no' 'no' 'no' 'yes' 'no']
['no' 'no' 'no' 'no' 'no' 'no' 'no' 'no' 'no' 'no']
47, 410, 72
47, 420, 64
48, 430, 68
48, 440, 69
49, 450, 65
50, 460, 68
['no' 'no' 'no' 'no']
['no' 'no' 'no' 'no' 'no' 'no' 'no' 'no' 'no' 'no']
48, 460, 68
49, 470, 61
51, 480, 64
51, 490, 64
51, 500, 69
52, 510, 63
['yes' 'no' 'no' 'yes' 'no' 'no']
['yes' 'no' 'no' 'no' 'no' 'no' 'no' 'no' 'no' 'no']
50, 510, 63
50, 520, 63
51, 530, 63
52, 540, 67
52, 550, 67
53, 560, 67
['no' 'no' 'no' 'yes']
['no' 'no' 'no' 'no' 'no' 'no' 'no' 'no' 'no' 'no']
50, 560, 67
50, 570, 63
52, 580, 61
54, 590, 64
56, 600, 72
57, 610, 75
['no' 'no' 'no' 'no' 'no' 'no' 'no']
['no' 'no' 'no' 'no' 'no' 'no' 'no' 'no' 'no' 'no']
51, 610, 75
52, 620, 62
54, 630, 62
55, 640, 64
55, 650, 65
56, 660, 66
['no' 'no' 'no' 'no' 'no']
['no' 'no' 'no' 'no' 'no' 'no' 'no' 'no' 'no' 'no']
51, 660, 66
51, 670, 60
53, 680, 61
56, 690, 64
57, 700, 67
59, 710, 70
['no' 'no' 'no' 'no' 'no' 'no' 'no' 'no']
['no' 'no' 'no' 'no' 'no' 'no' 'no' 'no' 'no' 'no']
51, 710, 70
52, 720, 60
53, 730, 61
53, 740, 65
54, 750, 62
55, 760, 64
['no' 'no' 'no' 'no']
['no' 'no' 'no' 'no' 'no' 'no' 'no' 'no' 'no' 'no']
51, 760, 64
51, 770, 58
51, 780, 59
51, 790, 58
52, 800, 57
54, 810, 60
['no' 'no' 'no']
['no' 'no' 'no' 'no' 'no' 'no' 'no' 'no' 'no' 'no']
53, 810, 60
55, 820, 61
56, 830, 62
56, 840, 64
57, 850, 65
59, 860, 65
['no' 'no' 'no' 'no' 'no' 'no' 'no']
['no' 'no' 'no' 'no' 'no' 'no' 'no' 'no' 'no' 'no']
54, 860, 65
56, 870, 59
58, 880, 61
60, 890, 65
63, 900, 67
65, 910, 72
['no' 'no' 'no' 'yes' 'yes' 'no' 'no' 'no' 'no' 'yes']
['no' 'yes' 'no' 'no' 'no' 'no' 'no' 'no' 'no' 'no']
62, 910, 72
62, 920, 71
65, 930, 68
65, 940, 76
65, 950, 73
66, 960, 72
['no' 'no' 'yes' 'no' 'no' 'yes' 'no' 'yes']
['no' 'no' 'no' 'no' 'no' 'no' 'no' 'no' 'no' 'no']
63, 960, 72
63, 970, 70
64, 980, 71
65, 990, 71
65, 1000, 73
66, 1010, 73
['no' 'no' 'no' 'no']
['no' 'no' 'no' 'no' 'no' 'no' 'no' 'no' 'no' 'no']
65, 1010, 73
65, 1020, 72
67, 1030, 71
69, 1040, 74
70, 1050, 79
72, 1060, 78
['no' 'no' 'no' 'no' 'no' 'no' 'yes' 'no']
['no' 'no' 'no' 'no' 'no' 'no' 'no' 'no' 'no' 'no']
67, 1060, 78
70, 1070, 75
70, 1080, 79
70, 1090, 77
71, 1100, 79
72, 1110, 80
['no' 'no' 'no' 'no' 'no' 'no']
['no' 'no' 'no' 'no' 'no' 'no' 'no' 'no' 'no' 'no']
69, 1110, 80
69, 1120, 76
70, 1130, 76
74, 1140, 78
76, 1150, 84
78, 1160, 86
['no' 'no' 'no' 'no' 'no' 'yes' 'no' 'no' 'no' 'no']
['no' 'no' 'yes' 'no' 'no' 'no' 'no' 'no' 'no' 'no']
73, 1160, 86
74, 1170, 80
74, 1180, 82
76, 1190, 80
77, 1200, 83
77, 1210, 84
['no' 'no' 'no' 'no' 'yes' 'no' 'no' 'no']
['no' 'no' 'no' 'no' 'no' 'no' 'no' 'no' 'no' 'no']
72, 1210, 84
73, 1220, 78
76, 1230, 80
77, 1240, 85
77, 1250, 87
78, 1260, 85
['no' 'no' 'no' 'no' 'no' 'yes']
['no' 'no' 'no' 'no' 'no' 'no' 'no' 'no' 'no' 'no']
73, 1260, 85
74, 1270, 79
77, 1280, 80
78, 1290, 84
79, 1300, 87
80, 1310, 88
['no' 'no' 'no' 'no' 'no' 'no' 'no']
['no' 'no' 'no' 'no' 'no' 'no' 'no' 'no' 'no' 'no']
73, 1310, 88
74, 1320, 78
76, 1330, 81
79, 1340, 84
80, 1350, 90
81, 1360, 89
['no' 'no' 'no' 'no' 'yes' 'no' 'no' 'no']
['no' 'no' 'no' 'no' 'no' 'no' 'no' 'no' 'no' 'no']
76, 1360, 89
78, 1370, 83
79, 1380, 85
79, 1390, 87
80, 1400, 87
81, 1410, 88
['no' 'no' 'no' 'no' 'yes' 'no']
['no' 'no' 'no' 'no' 'no' 'no' 'no' 'no' 'no' 'no']
78, 1410, 88
79, 1420, 84
80, 1430, 85
80, 1440, 86
83, 1450, 86
85, 1460, 91
['no' 'no' 'yes' 'yes' 'no' 'no' 'no' 'no']
['no' 'no' 'no' 'no' 'no' 'no' 'no' 'no' 'no' 'no']
81, 1460, 91
82, 1470, 89
82, 1480, 90
83, 1490, 90
85, 1500, 91
87, 1510, 96
['no' 'no' 'no' 'no' 'no' 'no' 'no']
['no' 'no' 'no' 'no' 'no' 'no' 'no' 'no' 'no' 'no']
80, 1510, 96
80, 1520, 86
81, 1530, 86
83, 1540, 88
83, 1550, 89
84, 1560, 89
['no' 'no' 'no' 'no']
['no' 'no' 'no' 'no' 'no' 'no' 'no' 'no' 'no' 'no']
83, 1560, 89
84, 1570, 90
84, 1580, 90
84, 1590, 90
84, 1600, 90
85, 1610, 89
['no' 'no' 'no' 'no']
['no' 'no' 'no' 'no' 'no' 'no' 'no' 'no' 'no' 'no']
['no' 'no' 'no' 'no']
['no' 'no' 'no' 'no' 'no' 'no' 'no' 'no' 'no' 'no']
{'count': 2275, 'truepos': 54, 'falseneg': 6, 'unknownyes': 2, 'falsepos': 27, 'unique': 1610}
10: Wahono.csv: machine3: 0, 0
6, 10
8, 20, 102
9, 30, 108
12, 40, 99
14, 50, 107
15, 60, 92
null
[]
17, 70, 86
18, 80, 75
20, 90, 72
21, 100, 64
22, 110, 60
23, 120, 56
null
[]
23, 130, 56
26, 140, 50
29, 150, 52
31, 160, 54
31, 170, 67
34, 180, 58
null
['no' 'no' 'no' 'no' 'no' 'no' 'no' 'no' 'no' 'no']
34, 180, 58
34, 190, 70
34, 200, 65
35, 210, 58
35, 220, 58
35, 230, 58
null
['yes' 'no' 'yes' 'no' 'no' 'no' 'no' 'no' 'no' 'no']
37, 230, 58
38, 240, 58
39, 250, 59
40, 260, 59
40, 270, 61
41, 280, 60
null
['no' 'no' 'yes' 'no' 'no' 'no' 'no' 'no' 'no' 'no']
42, 280, 60
42, 290, 62
42, 300, 62
42, 310, 63
44, 320, 58
44, 330, 69
null
['no' 'no' 'no' 'no' 'no' 'no' 'no' 'no' 'no' 'no']
44, 330, 69
45, 340, 62
46, 350, 62
47, 360, 59
48, 370, 63
48, 380, 67
null
['no' 'no' 'no' 'no' 'no' 'no' 'no' 'no' 'no' 'yes']
50, 380, 67
50, 390, 63
50, 400, 65
50, 410, 61
50, 420, 68
50, 430, 61
null
['no' 'no' 'no' 'no' 'no' 'no' 'no' 'no' 'no' 'no']
50, 430, 61
50, 440, 62
50, 450, 67
50, 460, 60
51, 470, 59
51, 480, 61
null
['no' 'no' 'no' 'yes' 'no' 'no' 'no' 'no' 'no' 'no']
52, 480, 61
52, 490, 61
53, 500, 62
55, 510, 61
57, 520, 62
58, 530, 66
null
['no' 'no' 'no' 'no' 'no' 'no' 'no' 'no' 'no' 'no']
58, 530, 66
58, 540, 67
59, 550, 66
60, 560, 67
60, 570, 66
60, 580, 67
null
['yes' 'no' 'no' 'no' 'no' 'no' 'no' 'no' 'no' 'no']
60, 580, 67
60, 590, 67
60, 600, 67
62, 610, 66
62, 620, 70
63, 630, 69
null
['no' 'no' 'no' 'no' 'no' 'no' 'no' 'no' 'no' 'no']
63, 630, 69
64, 640, 71
64, 650, 73
64, 660, 72
64, 670, 72
64, 680, 73
null
['no' 'no' 'no' 'no' 'no' 'no' 'yes' 'no' 'no' 'no']
66, 680, 73
67, 690, 75
67, 700, 75
67, 710, 74
67, 720, 74
67, 730, 76
null
['no' 'no' 'no' 'no' 'no' 'no' 'no' 'no' 'no' 'no']
67, 730, 76
67, 740, 75
67, 750, 75
68, 760, 74
68, 770, 77
68, 780, 76
null
['no' 'no' 'no' 'no' 'no' 'no' 'no' 'no' 'no' 'no']
68, 780, 76
68, 790, 77
68, 800, 75
68, 810, 75
69, 820, 75
69, 830, 77
null
['no' 'no' 'no' 'no' 'no' 'no' 'no' 'no' 'no' 'no']
69, 830, 77
70, 840, 77
70, 850, 77
72, 860, 76
72, 870, 79
72, 880, 78
null
['no' 'no' 'no' 'no' 'no' 'no' 'no' 'no' 'no' 'no']
72, 880, 78
72, 890, 79
72, 900, 77
72, 910, 78
72, 920, 78
72, 930, 79
null
['no' 'no' 'no' 'no' 'no' 'no' 'no' 'no' 'no' 'no']
72, 930, 79
72, 940, 78
72, 950, 77
72, 960, 79
72, 970, 76
72, 980, 78
null
['no' 'no' 'no' 'no' 'no' 'no' 'no' 'no' 'no' 'no']
72, 980, 78
72, 990, 76
72, 1000, 78
73, 1010, 78
74, 1020, 79
74, 1030, 80
null
['no' 'no' 'no' 'no' 'no' 'no' 'no' 'no' 'no' 'no']
74, 1030, 80
74, 1040, 79
75, 1050, 79
75, 1060, 83
76, 1070, 81
76, 1080, 82
null
['yes' 'no' 'no' 'no' 'no' 'no' 'no' 'no' 'no' 'no']
77, 1080, 82
77, 1090, 85
78, 1100, 84
78, 1110, 84
78, 1120, 85
78, 1130, 85
null
['no' 'no' 'no' 'no' 'no' 'no' 'no' 'no' 'no' 'no']
78, 1130, 85
78, 1140, 84
78, 1150, 83
78, 1160, 84
78, 1170, 84
78, 1180, 84
null
['no' 'no' 'no' 'no' 'no' 'no' 'no' 'no' 'no' 'no']
78, 1180, 84
78, 1190, 83
78, 1200, 83
78, 1210, 83
78, 1220, 83
null
['no' 'no' 'no' 'no' 'no' 'no' 'no' 'no' 'no' 'yes']
{'count': 1771, 'truepos': 54, 'falseneg': 5, 'unknownyes': 3, 'falsepos': 25, 'unique': 1220}
10: Danijel.csv: none: 0, 0
4, 10
5, 20, 121
10, 30, 100
13, 40, 108
16, 50, 93
20, 60, 88
21, 70, 91
23, 80, 86
28, 90, 86
30, 100, 84
34, 110, 55
37, 120, 64
38, 130, 65
39, 140, 64
41, 150, 60
43, 160, 64
43, 170, 71
46, 180, 67
48, 190, 68
48, 200, 75
49, 210, 75
52, 220, 75
53, 230, 81
56, 240, 78
56, 250, 77
57, 260, 82
60, 270, 86
60, 280, 84
61, 290, 94
63, 300, 82
66, 310, 81
66, 320, 81
68, 330, 85
68, 340, 85
69, 350, 91
69, 360, 89
69, 370, 91
69, 380, 88
69, 390, 102
72, 400, 83
73, 410, 84
73, 420, 82
74, 430, 84
75, 440, 92
77, 450, 94
77, 460, 91
79, 470, 91
79, 480, 91
82, 490, 88
84, 500, 89
89, 510, 92
90, 520, 102
91, 530, 102
92, 540, 103
92, 550, 105
93, 560, 102
94, 570, 105
95, 580, 105
95, 590, 105
95, 600, 106
95, 610, 105
96, 620, 105
97, 630, 106
98, 640, 109
100, 650, 108
100, 660, 111
101, 670, 109
102, 680, 112
104, 690, 110
105, 700, 114
105, 710, 118
108, 720, 115
111, 730, 126
111, 740, 131
112, 750, 127
114, 760, 133
115, 770, 129
117, 780, 135
118, 790, 139
119, 800, 141
119, 810, 145
119, 820, 142
121, 830, 136
121, 840, 145
123, 850, 137
123, 860, 143
124, 870, 140
126, 880, 144
129, 890, 152
129, 900, 160
130, 910, 155
131, 920, 155
133, 930, 151
134, 940, 157
136, 950, 156
138, 960, 156
139, 970, 161
140, 980, 162
140, 990, 165
144, 1000, 162
146, 1010, 171
146, 1020, 171
146, 1030, 167
148, 1040, 166
149, 1050, 170
151, 1060, 175
152, 1070, 171
154, 1080, 176
155, 1090, 184
155, 1100, 185
158, 1110, 187
160, 1120, 180
160, 1130, 187
161, 1140, 183
161, 1150, 187
162, 1160, 184
163, 1170, 189
164, 1180, 183
165, 1190, 180
168, 1200, 181
169, 1210, 196
171, 1220, 197
172, 1230, 197
172, 1240, 210
173, 1250, 206
174, 1260, 203
174, 1270, 196
175, 1280, 196
176, 1290, 201
176, 1300, 206
177, 1310, 200
179, 1320, 201
179, 1330, 205
179, 1340, 204
179, 1350, 203
179, 1360, 202
179, 1370, 200
179, 1380, 201
181, 1390, 204
182, 1400, 210
182, 1410, 205
184, 1420, 204
184, 1430, 203
185, 1440, 210
185, 1450, 208
186, 1460, 210
189, 1470, 208
193, 1480, 213
195, 1490, 214
196, 1500, 220
199, 1510, 221
200, 1520, 227
200, 1530, 234
200, 1540, 230
202, 1550, 227
202, 1560, 228
203, 1570, 229
203, 1580, 234
204, 1590, 231
205, 1600, 229
207, 1610, 225
207, 1620, 232
208, 1630, 232
209, 1640, 236
210, 1650, 235
213, 1660, 233
213, 1670, 236
214, 1680, 233
215, 1690, 231
216, 1700, 235
218, 1710, 235
219, 1720, 239
222, 1730, 242
222, 1740, 244
224, 1750, 243
224, 1760, 245
224, 1770, 244
225, 1780, 244
227, 1790, 244
228, 1800, 249
229, 1810, 244
230, 1820, 251
230, 1830, 248
231, 1840, 247
232, 1850, 248
232, 1860, 252
232, 1870, 251
235, 1880, 249
237, 1890, 252
238, 1900, 255
238, 1910, 255
238, 1920, 257
239, 1930, 255
241, 1940, 254
242, 1950, 259
243, 1960, 259
244, 1970, 264
245, 1980, 260
247, 1990, 260
248, 2000, 263
248, 2010, 265
248, 2020, 262
249, 2030, 262
251, 2040, 267
{'count': 2040, 'truepos': 42, 'falseneg': 3, 'unknownyes': 3, 'falsepos': 209, 'unique': 2040}
10: Danijel.csv: three: 0, 0
4, 10
5, 20, 118
9, 30, 103
9, 40, 109
10, 50, 89
11, 60, 77
15, 70, 61
18, 80, 76
18, 90, 68
22, 100, 59
26, 110, 55
26, 120, 57
26, 130, 54
28, 140, 49
31, 150, 50
32, 160, 50
34, 170, 46
37, 180, 49
37, 190, 53
37, 200, 52
38, 210, 48
40, 220, 51
40, 230, 52
41, 240, 52
41, 250, 53
41, 260, 52
41, 270, 50
43, 280, 51
43, 290, 57
43, 300, 54
44, 310, 53
44, 320, 56
44, 330, 54
44, 340, 57
44, 350, 53
44, 360, 53
44, 370, 54
45, 380, 52
46, 390, 52
46, 400, 55
46, 410, 55
47, 420, 52
48, 430, 54
48, 440, 54
48, 450, 55
48, 460, 55
49, 470, 54
49, 480, 57
49, 490, 56
49, 500, 55
49, 510, 54
49, 520, 56
49, 530, 56
49, 540, 54
49, 550, 55
49, 560, 54
49, 570, 55
49, 580, 54
49, 590, 54
49, 600, 55
49, 610, 54
49, 620, 54
50, 630, 54
50, 640, 54
50, 650, 55
50, 660, 54
51, 670, 54
51, 680, 56
51, 690, 55
51, 700, 56
51, 710, 56
51, 720, 55
51, 730, 55
51, 740, 55
53, 750, 55
53, 760, 58
53, 770, 59
54, 780, 58
54, 790, 62
55, 800, 58
55, 810, 61
55, 820, 60
55, 830, 60
55, 840, 59
56, 850, 62
56, 860, 65
56, 870, 60
56, 880, 63
56, 890, 62
57, 900, 61
58, 910, 61
60, 920, 62
60, 930, 65
60, 940, 65
60, 950, 65
60, 960, 64
60, 970, 64
60, 980, 65
61, 990, 64
62, 1000, 65
62, 1010, 67
62, 1020, 68
64, 1030, 67
65, 1040, 71
65, 1050, 74
65, 1060, 73
67, 1070, 73
67, 1080, 75
67, 1090, 73
67, 1100, 74
67, 1110, 74
67, 1120, 76
68, 1130, 73
68, 1140, 76
68, 1150, 76
68, 1160, 74
68, 1170, 74
68, 1180, 75
68, 1190, 74
68, 1200, 73
68, 1210, 74
68, 1220, 74
68, 1230, 74
68, 1240, 73
68, 1250, 73
68, 1260, 73
68, 1270, 73
68, 1280, 73
68, 1290, 72
{'count': 2792, 'truepos': 46, 'falseneg': 0, 'unknownyes': 2, 'falsepos': 22, 'unique': 1290}
10: Danijel.csv: machine: 0, 0
4, 10
4, 20, 116
6, 30, 92
8, 40, 91
8, 50, 93
11, 60, 65
['no' 'no' 'yes' 'yes' 'yes' 'yes' 'yes' 'no' 'no' 'yes']
[]
6, 60, 65
11, 70, 73
14, 80, 90
17, 90, 71
18, 100, 62
19, 110, 59
['yes' 'yes' 'yes' 'yes' 'yes' 'yes' 'yes' 'no' 'no' 'yes']
[]
17, 110, 59
18, 120, 50
19, 130, 50
19, 140, 49
22, 150, 46
22, 160, 51
['yes' 'yes' 'yes' 'yes' 'yes' 'no' 'yes' 'no' 'yes']
[]
19, 160, 51
21, 170, 44
23, 180, 48
26, 190, 49
26, 200, 50
29, 210, 48
['no' 'no' 'no' 'yes' 'yes' 'no' 'no' 'yes' 'no' 'no']
[]
22, 210, 48
27, 220, 47
31, 230, 56
32, 240, 46
36, 250, 46
38, 260, 55
['yes' 'yes' 'yes' 'yes' 'no' 'no' 'yes' 'yes' 'no' 'yes']
['no' 'no' 'no' 'no' 'no' 'no' 'no' 'no' 'no' 'no']
35, 260, 55
37, 270, 49
38, 280, 52
38, 290, 52
39, 300, 51
39, 310, 51
['yes' 'no' 'no' 'no' 'no' 'yes' 'yes' 'yes' 'yes' 'yes']
['no' 'no' 'no' 'no' 'no' 'yes' 'no' 'no' 'no' 'no']
38, 310, 51
38, 320, 47
39, 330, 45
40, 340, 47
41, 350, 48
44, 360, 49
['no' 'yes' 'no' 'no' 'yes' 'no' 'no' 'yes' 'no' 'no']
['yes' 'no' 'no' 'no' 'no' 'no' 'no' 'no' 'no' 'no']
40, 360, 49
42, 370, 48
42, 380, 51
43, 390, 49
43, 400, 52
44, 410, 51
['no' 'no' 'no' 'no' 'no' 'yes']
['yes' 'no' 'no' 'no' 'no' 'no' 'no' 'no' 'no' 'no']
41, 410, 51
41, 420, 47
42, 430, 47
44, 440, 49
47, 450, 51
48, 460, 55
['yes' 'yes' 'no' 'no' 'no' 'no' 'no' 'no' 'no']
['no' 'no' 'no' 'no' 'no' 'no' 'no' 'no' 'no' 'no']
42, 460, 55
42, 470, 48
45, 480, 49
47, 490, 58
48, 500, 62
51, 510, 63
['no' 'no' 'no' 'no' 'no' 'no' 'no' 'no' 'no' 'no']
['no' 'no' 'no' 'no' 'no' 'no' 'yes' 'no' 'no' 'no']
45, 510, 63
45, 520, 52
47, 530, 52
47, 540, 54
47, 550, 54
47, 560, 54
['no' 'no' 'no' 'no' 'no']
['no' 'no' 'no' 'no' 'no' 'no' 'no' 'no' 'no' 'no']
45, 560, 54
48, 570, 51
49, 580, 57
52, 590, 59
53, 600, 64
55, 610, 67
['no' 'no' 'no' 'no' 'no' 'no' 'no' 'no' 'no' 'no']
['no' 'no' 'no' 'no' 'no' 'no' 'no' 'no' 'no' 'no']
46, 610, 67
48, 620, 55
49, 630, 58
49, 640, 56
49, 650, 58
50, 660, 59
['no' 'no' 'no' 'no' 'no' 'no']
['no' 'no' 'no' 'no' 'no' 'no' 'no' 'no' 'no' 'no']
46, 660, 59
47, 670, 51
47, 680, 53
49, 690, 53
50, 700, 54
51, 710, 55
['no' 'no' 'no' 'no' 'no' 'no' 'no']
['no' 'no' 'no' 'no' 'no' 'no' 'no' 'no' 'no' 'no']
44, 710, 55
45, 720, 48
46, 730, 49
47, 740, 50
52, 750, 52
54, 760, 65
['no' 'no' 'no' 'no' 'no' 'no' 'no' 'no' 'no' 'no']
['no' 'no' 'no' 'no' 'no' 'no' 'no' 'no' 'no' 'no']
45, 760, 65
46, 770, 49
47, 780, 50
47, 790, 52
48, 800, 52
48, 810, 54
['no' 'no' 'no' 'no']
['no' 'no' 'no' 'no' 'no' 'no' 'no' 'no' 'no' 'no']
45, 810, 54
46, 820, 49
48, 830, 50
48, 840, 54
49, 850, 54
49, 860, 56
['no' 'no' 'no' 'no' 'no']
['no' 'no' 'no' 'no' 'no' 'no' 'no' 'no' 'no' 'no']
47, 860, 56
49, 870, 51
52, 880, 55
53, 890, 62
55, 900, 64
56, 910, 70
['no' 'no' 'no' 'no' 'no' 'no' 'no' 'no' 'no' 'no']
['no' 'no' 'no' 'no' 'no' 'no' 'no' 'yes' 'no' 'no']
51, 910, 70
51, 920, 57
51, 930, 56
51, 940, 57
52, 950, 57
54, 960, 57
['no' 'no' 'no' 'no' 'no']
['no' 'no' 'no' 'no' 'no' 'no' 'no' 'no' 'no' 'no']
51, 960, 57
53, 970, 56
53, 980, 60
54, 990, 59
56, 1000, 60
56, 1010, 65
['no' 'no' 'no' 'no' 'no' 'no']
['no' 'no' 'no' 'no' 'no' 'no' 'no' 'no' 'no' 'no']
54, 1010, 65
54, 1020, 59
55, 1030, 59
55, 1040, 60
56, 1050, 61
57, 1060, 60
['no' 'no' 'no' 'no' 'no' 'no']
['no' 'no' 'no' 'no' 'no' 'no' 'no' 'no' 'no' 'no']
['no' 'no' 'no' 'no' 'no' 'no']
['no' 'no' 'no' 'no' 'no' 'no' 'no' 'no' 'no' 'no']
{'count': 1398, 'truepos': 40, 'falseneg': 4, 'unknownyes': 4, 'falsepos': 13, 'unique': 1060}
10: Danijel.csv: machine2: 0, 0
4, 10
5, 20, 99
6, 30, 93
9, 40, 83
11, 50, 88
12, 60, 85
['yes' 'no' 'no' 'yes' 'no' 'yes' 'yes' 'yes' 'no' 'yes']
[]
8, 60, 85
11, 70, 71
14, 80, 76
18, 90, 81
21, 100, 77
24, 110, 79
['no' 'yes' 'yes' 'yes' 'no' 'yes' 'yes' 'yes' 'yes' 'yes']
['no']
22, 110, 79
23, 120, 70
25, 130, 63
28, 140, 59
30, 150, 62
32, 160, 55
['no' 'yes' 'yes' 'no' 'yes' 'yes' 'no' 'yes' 'no' 'yes']
['no' 'no' 'no' 'no' 'no' 'no' 'no' 'no' 'no' 'no']
30, 160, 55
32, 170, 51
32, 180, 52
32, 190, 49
33, 200, 48
33, 210, 48
['no' 'yes' 'yes' 'no' 'yes' 'yes' 'yes' 'yes' 'no' 'yes']
['no' 'no' 'no' 'no' 'no' 'no' 'no' 'yes' 'no' 'no']
32, 210, 48
32, 220, 46
33, 230, 44
33, 240, 44
35, 250, 43
38, 260, 46
['no' 'yes' 'no' 'no' 'yes' 'no' 'yes' 'yes' 'no']
['no' 'no' 'no' 'no' 'no' 'no' 'no' 'no' 'no' 'no']
34, 260, 46
36, 270, 45
37, 280, 46
37, 290, 46
39, 300, 46
41, 310, 50
['yes' 'no' 'no' 'no' 'no' 'no' 'no']
['no' 'no' 'yes' 'no' 'yes' 'no' 'no' 'no' 'no' 'no']
38, 310, 50
41, 320, 47
41, 330, 51
43, 340, 51
44, 350, 54
45, 360, 55
['no' 'no' 'yes' 'yes' 'no' 'no' 'no' 'yes' 'yes']
['no' 'no' 'no' 'no' 'no' 'no' 'no' 'no' 'no' 'no']
39, 360, 55
40, 370, 47
43, 380, 47
44, 390, 58
46, 400, 59
47, 410, 60
['no' 'no' 'no' 'no' 'no' 'no' 'no' 'no']
['no' 'no' 'no' 'no' 'no' 'no' 'no' 'no' 'no' 'no']
42, 410, 60
42, 420, 51
44, 430, 51
44, 440, 54
46, 450, 51
48, 460, 61
['no' 'yes' 'no' 'no' 'no' 'no']
['no' 'no' 'no' 'no' 'no' 'no' 'no' 'no' 'yes' 'no']
46, 460, 61
47, 470, 57
49, 480, 56
51, 490, 59
51, 500, 63
51, 510, 60
['no' 'no' 'no' 'no' 'yes' 'yes' 'no' 'no']
['no' 'no' 'no' 'no' 'no' 'no' 'no' 'no' 'no' 'no']
48, 510, 60
48, 520, 56
51, 530, 54
52, 540, 60
53, 550, 59
54, 560, 60
['no' 'no' 'no' 'no' 'no' 'no' 'no' 'no']
['no' 'no' 'no' 'no' 'no' 'no' 'no' 'no' 'no' 'no']
47, 560, 60
47, 570, 53
48, 580, 54
50, 590, 59
50, 600, 62
51, 610, 61
['no' 'no' 'no' 'no' 'no']
['no' 'no' 'no' 'no' 'no' 'no' 'no' 'no' 'no' 'no']
49, 610, 61
49, 620, 56
49, 630, 56
49, 640, 58
52, 650, 56
52, 660, 57
['no' 'no' 'no' 'no' 'no']
['no' 'no' 'no' 'no' 'no' 'no' 'no' 'no' 'no' 'no']
48, 660, 57
48, 670, 53
48, 680, 56
50, 690, 54
51, 700, 55
51, 710, 57
['no' 'no' 'no']
['no' 'no' 'no' 'no' 'no' 'no' 'no' 'no' 'no' 'no']
48, 710, 57
48, 720, 55
49, 730, 53
49, 740, 53
52, 750, 52
54, 760, 55
['no' 'no' 'no' 'no' 'no' 'yes']
['no' 'no' 'no' 'no' 'no' 'no' 'no' 'no' 'no' 'no']
['no' 'no' 'no' 'no' 'no' 'yes']
['no' 'no' 'no' 'no' 'no' 'no' 'no' 'no' 'no' 'no']
{'count': 1073, 'truepos': 38, 'falseneg': 6, 'unknownyes': 4, 'falsepos': 12, 'unique': 760}
10: Danijel.csv: machine3: 0, 0
3, 10
3, 20, 104
4, 30, 78
7, 40, 52
8, 50, 64
10, 60, 55
null
[]
12, 70, 61
18, 80, 57
20, 90, 82
24, 100, 77
25, 110, 90
25, 120, 73
null
[]
26, 130, 63
28, 140, 57
30, 150, 56
31, 160, 49
33, 170, 49
34, 180, 50
null
['no' 'no' 'no' 'yes' 'yes' 'no' 'no' 'no' 'no' 'no']
36, 180, 50
36, 190, 51
36, 200, 49
38, 210, 47
38, 220, 51
38, 230, 50
null
['no' 'no' 'no' 'no' 'no' 'no' 'no' 'no' 'no' 'no']
38, 230, 50
38, 240, 50
38, 250, 50
38, 260, 48
39, 270, 48
40, 280, 47
null
['no' 'no' 'no' 'no' 'no' 'no' 'no' 'no' 'no' 'no']
40, 280, 47
41, 290, 48
42, 300, 50
42, 310, 51
42, 320, 50
43, 330, 49
null
['no' 'no' 'no' 'no' 'no' 'no' 'no' 'no' 'no' 'no']
43, 330, 49
44, 340, 52
44, 350, 52
44, 360, 50
45, 370, 50
46, 380, 52
null
['no' 'no' 'no' 'no' 'no' 'no' 'no' 'no' 'no' 'no']
46, 380, 52
47, 390, 54
47, 400, 54
47, 410, 55
47, 420, 55
47, 430, 54
null
['yes' 'no' 'no' 'no' 'no' 'no' 'no' 'no' 'no' 'no']
48, 430, 54
48, 440, 56
48, 450, 55
48, 460, 55
48, 470, 54
48, 480, 53
null
['no' 'no' 'no' 'no' 'no' 'no' 'no' 'no' 'no' 'no']
48, 480, 53
48, 490, 53
48, 500, 53
48, 510, 53
48, 520, 53
48, 530, 53
null
['no' 'no' 'no' 'no' 'no' 'no' 'no' 'no' 'no' 'no']
49, 530, 53
49, 540, 54
50, 550, 55
50, 560, 56
50, 570, 56
50, 580, 56
null
['no' 'no' 'no' 'no' 'no' 'no' 'no' 'no' 'no' 'no']
50, 580, 56
50, 590, 57
51, 600, 56
51, 610, 57
51, 620, 56
51, 630, 57
null
['no' 'no' 'no' 'no' 'no' 'no' 'no' 'no' 'no' 'yes']
52, 630, 57
52, 640, 59
53, 650, 58
53, 660, 60
54, 670, 58
54, 680, 60
null
['no' 'no' 'no' 'no' 'no' 'no' 'yes' 'no' 'no' 'no']
54, 680, 60
56, 690, 61
56, 700, 62
56, 710, 61
56, 720, 62
56, 730, 63
null
['no' 'no' 'no' 'no' 'no' 'no' 'no' 'no' 'no' 'no']
56, 730, 63
57, 740, 62
57, 750, 63
57, 760, 63
57, 770, 62
57, 780, 64
null
['no' 'no' 'no' 'no' 'no' 'no' 'no' 'no' 'no' 'no']
57, 780, 64
57, 790, 62
57, 800, 63
57, 810, 62
57, 820, 62
57, 830, 62
null
['yes' 'no' 'no' 'no' 'no' 'no' 'no' 'no' 'no' 'no']
58, 830, 62
58, 840, 63
58, 850, 63
58, 860, 64
59, 870, 63
59, 880, 65
null
['no' 'no' 'no' 'no' 'no' 'no' 'no' 'no' 'no' 'no']
59, 880, 65
59, 890, 65
null
['no' 'no' 'no' 'no' 'no' 'no' 'no' 'no' 'no' 'no']
{'count': 1243, 'truepos': 41, 'falseneg': 4, 'unknownyes': 3, 'falsepos': 18, 'unique': 890}
10: K_all3.csv: none: 0, 0
1, 10
2, 20, 93
5, 30, 64
9, 40, 63
13, 50, 60
14, 60, 62
14, 70, 51
16, 80, 44
18, 90, 45
21, 100, 46
22, 110, 53
24, 120, 50
25, 130, 50
27, 140, 50
32, 150, 50
32, 160, 50
33, 170, 42
34, 180, 42
37, 190, 41
39, 200, 46
41, 210, 49
42, 220, 54
45, 230, 53
45, 240, 56
48, 250, 54
49, 260, 65
50, 270, 62
52, 280, 61
54, 290, 62
55, 300, 64
56, 310, 62
57, 320, 64
58, 330, 65
58, 340, 65
61, 350, 65
62, 360, 71
63, 370, 71
63, 380, 70
65, 390, 69
67, 400, 76
68, 410, 76
69, 420, 79
70, 430, 82
70, 440, 82
70, 450, 79
70, 460, 78
72, 470, 77
74, 480, 79
74, 490, 82
79, 500, 81
{'count': 500, 'truepos': 34, 'falseneg': 1, 'unknownyes': 10, 'falsepos': 45, 'unique': 500}
10: K_all3.csv: three: 0, 0
3, 10
5, 20, 75
5, 30, 67
6, 40, 62
10, 50, 58
11, 60, 62
12, 70, 59
12, 80, 51
12, 90, 47
13, 100, 43
19, 110, 43
19, 120, 48
19, 130, 46
21, 140, 44
21, 150, 47
24, 160, 45
27, 170, 48
27, 180, 50
27, 190, 48
28, 200, 47
30, 210, 47
30, 220, 53
31, 230, 40
32, 240, 43
34, 250, 46
34, 260, 44
35, 270, 47
37, 280, 44
37, 290, 47
37, 300, 52
38, 310, 47
39, 320, 47
39, 330, 47
41, 340, 46
41, 350, 48
43, 360, 49
44, 370, 50
46, 380, 51
46, 390, 52
47, 400, 52
47, 410, 54
47, 420, 52
48, 430, 52
48, 440, 52
49, 450, 54
49, 460, 54
50, 470, 53
51, 480, 54
51, 490, 55
54, 500, 54
54, 510, 60
55, 520, 58
55, 530, 59
55, 540, 59
56, 550, 59
57, 560, 59
57, 570, 61
{'count': 1235, 'truepos': 34, 'falseneg': 3, 'unknownyes': 8, 'falsepos': 23, 'unique': 570}
10: K_all3.csv: machine: 0, 0
2, 10
3, 20, 70
4, 30, 65
6, 40, 60
7, 50, 53
7, 60, 51
['yes' 'yes' 'no' 'yes' 'no' 'yes' 'yes']
[]
4, 60, 51
7, 70, 39
11, 80, 47
14, 90, 53
18, 100, 51
19, 110, 54
['yes' 'yes' 'yes' 'yes' 'yes' 'yes' 'yes' 'no' 'no' 'yes']
['yes' 'no']
18, 110, 54
21, 120, 51
22, 130, 53
23, 140, 50
25, 150, 48
25, 160, 48
['yes' 'no' 'yes' 'no' 'no' 'yes' 'yes' 'yes' 'yes' 'no']
['no']
23, 160, 48
24, 170, 45
25, 180, 45
27, 190, 46
30, 200, 48
31, 210, 39
['no' 'no' 'yes' 'no' 'no' 'yes' 'yes' 'yes' 'no' 'no']
['no' 'no' 'no' 'no' 'no' 'no' 'no' 'no' 'no' 'no']
28, 210, 39
30, 220, 48
31, 230, 38
32, 240, 42
33, 250, 40
34, 260, 41
['no' 'no' 'yes' 'yes' 'no' 'yes' 'yes' 'yes']
['no' 'no' 'no' 'no' 'no' 'no' 'no' 'no' 'no' 'no']
33, 260, 41
34, 270, 40
35, 280, 39
39, 290, 41
40, 300, 46
41, 310, 47
['no' 'no' 'no' 'yes' 'yes' 'no' 'no' 'no' 'no']
['no' 'no' 'no' 'no' 'no' 'no' 'no' 'no' 'no' 'no']
35, 310, 47
36, 320, 39
37, 330, 40
40, 340, 41
42, 350, 45
44, 360, 46
['yes' 'no' 'yes' 'no' 'no' 'no' 'no' 'yes' 'no']
['yes' 'no' 'no' 'no' 'no' 'no' 'no' 'no' 'no' 'no']
['no' 'no' 'yes' 'no' 'no' 'no' 'no' 'yes' 'yes']
['no' 'no' 'yes' 'no' 'no' 'no' 'no' 'no' 'no' 'no']
{'count': 466, 'truepos': 34, 'falseneg': 0, 'unknownyes': 11, 'falsepos': 6, 'unique': 360}
10: K_all3.csv: machine2: 0, 0
2, 10
4, 20, 72
6, 30, 66
8, 40, 66
10, 50, 61
12, 60, 60
['yes' 'no' 'no' 'no' 'yes' 'no' 'yes' 'yes' 'no' 'no']
[]
6, 60, 60
7, 70, 51
8, 80, 48
10, 90, 45
13, 100, 43
14, 110, 43
['no' 'no' 'yes' 'yes' 'no' 'no' 'no' 'yes' 'yes' 'yes']
[]
10, 110, 43
12, 120, 45
16, 130, 47
18, 140, 52
18, 150, 52
19, 160, 47
['yes' 'no' 'no' 'yes' 'yes' 'yes' 'yes' 'yes' 'yes']
['no']
17, 160, 47
20, 170, 42
22, 180, 44
22, 190, 46
23, 200, 45
26, 210, 44
['yes' 'yes' 'no' 'no' 'yes' 'yes' 'no' 'yes' 'yes']
['no' 'no' 'no']
24, 210, 44
26, 220, 46
27, 230, 47
29, 240, 47
29, 250, 49
33, 260, 48
['no' 'no' 'no' 'no' 'no' 'no' 'no' 'yes' 'yes']
['no' 'no' 'no' 'no' 'no' 'no' 'no' 'no' 'no' 'yes']
30, 260, 48
32, 270, 38
34, 280, 43
35, 290, 45
37, 300, 44
38, 310, 45
['no' 'no' 'no' 'no' 'yes' 'no' 'yes' 'no' 'yes' 'no']
['no' 'no' 'no' 'no' 'no' 'no' 'no' 'no' 'no' 'no']
32, 310, 45
34, 320, 39
37, 330, 42
39, 340, 46
40, 350, 50
40, 360, 48
['no' 'no' 'no' 'no' 'no' 'yes' 'no' 'no' 'no' 'no']
['no' 'no' 'no' 'no' 'no' 'no' 'no' 'no' 'no' 'no']
33, 360, 48
34, 370, 37
34, 380, 39
35, 390, 38
36, 400, 39
40, 410, 39
['no' 'no' 'no' 'no' 'no' 'no' 'yes' 'no']
['no' 'no' 'no' 'no' 'no' 'no' 'no' 'no' 'no' 'no']
['no' 'no' 'yes' 'no' 'no' 'no' 'no' 'no']
['no' 'no' 'no' 'no' 'no' 'no' 'no' 'no' 'no' 'no']
{'count': 571, 'truepos': 29, 'falseneg': 3, 'unknownyes': 13, 'falsepos': 7, 'unique': 410}
10: K_all3.csv: machine3: 0, 0
1, 10
2, 20, 92
3, 30, 64
7, 40, 57
9, 50, 63
10, 60, 61
null
['yes']
11, 60, 61
13, 70, 55
15, 80, 54
16, 90, 53
18, 100, 51
21, 110, 51
null
['no' 'no']
21, 110, 51
22, 120, 52
22, 130, 50
22, 140, 47
24, 150, 45
25, 160, 47
null
[]
25, 170, 47
25, 180, 46
26, 190, 45
27, 200, 45
27, 210, 45
29, 220, 45
null
['no']
29, 220, 45
30, 230, 47
30, 240, 41
30, 250, 36
32, 260, 36
33, 270, 39
null
['no' 'no' 'no' 'no' 'no' 'no' 'no' 'no' 'no' 'no']
33, 270, 39
34, 280, 41
34, 290, 45
35, 300, 43
36, 310, 41
37, 320, 42
null
['yes' 'no' 'no' 'no' 'no' 'no' 'no' 'no' 'no' 'no']
38, 320, 42
38, 330, 44
39, 340, 42
40, 350, 44
42, 360, 45
42, 370, 47
null
['no' 'no' 'no' 'no' 'no' 'no' 'no' 'no' 'no' 'no']
42, 370, 47
42, 380, 48
42, 390, 46
43, 400, 46
43, 410, 47
43, 420, 47
null
['no' 'no' 'yes' 'no' 'no' 'no' 'no' 'no' 'no' 'no']
43, 420, 47
43, 430, 47
44, 440, 46
44, 450, 48
44, 460, 47
44, 470, 47
null
['no' 'no' 'no' 'no' 'no' 'no' 'no' 'no' 'no' 'no']
44, 470, 47
null
['no' 'no' 'no' 'no' 'no' 'no' 'no' 'no' 'no' 'no']
{'count': 648, 'truepos': 34, 'falseneg': 1, 'unknownyes': 10, 'falsepos': 10, 'unique': 470}

------------------------------------------------------------
Sender: LSF System <lsfadmin@n2a1-7>
Subject: Job 267544: </share/tjmenzie/zyu9/miniconda2/bin/python2.7 runner.py error_hpcc 10> Done

Job </share/tjmenzie/zyu9/miniconda2/bin/python2.7 runner.py error_hpcc 10> was submitted from host <login01.hpc.ncsu.edu> by user <zyu9> in cluster <henry2>.
Job was executed on host(s) <2*n2a1-7>, in queue <single_chassis>, as user <zyu9> in cluster <henry2>.
</home/zyu9> was used as the home directory.
</home/zyu9/projects/MAR_HPC/Error/src> was used as the working directory.
Started at Wed Oct 18 09:16:20 2017
Results reported at Wed Oct 18 16:47:11 2017

Your job looked like:

------------------------------------------------------------
# LSBATCH: User input
/share/tjmenzie/zyu9/miniconda2/bin/python2.7 runner.py error_hpcc 10
------------------------------------------------------------

Successfully completed.

Resource usage summary:

    CPU time   :  29185.57 sec.
    Max Memory :       195 MB
    Max Swap   :      1214 MB

    Max Processes  :         3
    Max Threads    :         8

The output (if any) is above this job summary.



PS:

Read file <./err/10.err.267544> for stderr output of this job.

