10: Hall.csv: none: 0, 0
7, 10
10, 20, 108
12, 30, 118
12, 40, 121
15, 50, 117
20, 60, 113
23, 70, 64
28, 80, 64
30, 90, 72
33, 100, 70
36, 110, 70
39, 120, 65
40, 130, 66
43, 140, 59
45, 150, 66
47, 160, 68
51, 170, 66
53, 180, 70
56, 190, 72
57, 200, 71
57, 210, 74
58, 220, 78
61, 230, 74
62, 240, 78
63, 250, 83
64, 260, 77
65, 270, 79
66, 280, 79
67, 290, 79
70, 300, 81
70, 310, 87
70, 320, 89
71, 330, 86
72, 340, 83
72, 350, 86
73, 360, 85
73, 370, 85
74, 380, 84
75, 390, 86
75, 400, 88
75, 410, 88
75, 420, 88
75, 430, 84
76, 440, 86
76, 450, 88
76, 460, 89
76, 470, 86
76, 480, 86
76, 490, 87
76, 500, 86
76, 510, 87
76, 520, 87
76, 530, 85
76, 540, 84
76, 550, 82
76, 560, 83
76, 570, 83
76, 580, 82
76, 590, 84
76, 600, 82
76, 610, 82
76, 620, 83
76, 630, 83
76, 640, 81
76, 650, 82
76, 660, 81
77, 670, 81
77, 680, 82
{'count': 680, 'truepos': 75, 'falseneg': 27, 'correction': 0, 'unknownyes': 3, 'falsepos': 2, 'unique': 680}
10: Hall.csv: three: 0, 0
7, 10
8, 20, 111
10, 30, 104
15, 40, 100
17, 50, 107
21, 60, 105
24, 70, 67
27, 80, 68
29, 90, 66
34, 100, 66
36, 110, 75
40, 120, 66
41, 130, 73
45, 140, 68
47, 150, 76
48, 160, 78
49, 170, 68
50, 180, 68
55, 190, 65
57, 200, 71
57, 210, 72
59, 220, 70
61, 230, 74
64, 240, 74
67, 250, 84
67, 260, 92
67, 270, 87
69, 280, 85
69, 290, 86
69, 300, 84
69, 310, 83
69, 320, 79
69, 330, 86
70, 340, 80
71, 350, 84
71, 360, 83
71, 370, 82
71, 380, 84
71, 390, 83
71, 400, 80
71, 410, 83
71, 420, 80
71, 430, 81
72, 440, 83
72, 450, 82
72, 460, 82
72, 470, 82
72, 480, 82
72, 490, 79
72, 500, 81
72, 510, 80
72, 520, 80
72, 530, 79
72, 540, 79
72, 550, 79
72, 560, 78
72, 570, 79
72, 580, 79
72, 590, 78
72, 600, 78
72, 610, 77
72, 620, 77
72, 630, 77
72, 640, 77
72, 650, 77
72, 660, 77
72, 670, 77
72, 680, 77
72, 690, 76
72, 700, 76
72, 710, 77
72, 720, 76
72, 730, 76
72, 740, 77
72, 750, 76
72, 760, 77
72, 770, 77
72, 780, 76
72, 790, 77
72, 800, 76
72, 810, 76
72, 820, 76
72, 830, 76
72, 840, 76
{'count': 1730, 'truepos': 72, 'falseneg': 30, 'correction': 41, 'unknownyes': 3, 'falsepos': 0, 'unique': 840}
10: Hall.csv: machine: 0, 0
4, 10
5, 20, 100
7, 30, 99
9, 40, 97
12, 50, 94
16, 60, 88
16, 70, 98
19, 80, 62
23, 90, 59
25, 100, 52
27, 110, 60
30, 120, 59
39, 120, 59
41, 130, 73
44, 140, 71
47, 150, 70
47, 160, 75
51, 170, 69
58, 170, 69
59, 180, 89
62, 190, 88
63, 200, 96
66, 210, 93
70, 220, 91
73, 220, 91
74, 230, 103
79, 240, 91
81, 250, 101
83, 260, 97
83, 270, 100
87, 270, 100
88, 280, 106
89, 290, 110
90, 300, 107
90, 310, 108
90, 320, 103
90, 320, 103
90, 330, 106
90, 340, 107
90, 350, 104
90, 360, 101
90, 370, 104
90, 370, 104
90, 380, 101
90, 390, 103
90, 400, 100
90, 410, 99
90, 420, 100
91, 420, 100
92, 430, 103
93, 440, 101
93, 450, 102
93, 460, 103
93, 470, 104
93, 470, 104
93, 480, 101
93, 490, 101
94, 500, 103
94, 510, 102
94, 520, 104
94, 520, 104
95, 530, 102
95, 540, 103
95, 550, 104
96, 560, 103
96, 570, 104
96, 570, 104
96, 580, 104
96, 590, 103
96, 600, 103
96, 610, 103
96, 620, 102
96, 630, 103
96, 640, 102
96, 650, 102
96, 660, 102
96, 670, 102
{'count': 920, 'truepos': 92, 'falseneg': 10, 'correction': 23, 'unknownyes': 3, 'falsepos': 4, 'unique': 670}
10: Hall.csv: knee: 0, 0
5, 10
9, 20
12, 30
13, 40
16, 50
16, 60
18, 70
21, 80
24, 90
27, 100
29, 110
32, 120
35, 130
37, 140
38, 150
39, 160
39, 170
43, 180
43, 190
43, 200
45, 210
49, 220
53, 230
54, 240
55, 250
55, 260
57, 270
57, 280
58, 290
58, 300
59, 310
60, 320
60, 330
61, 340
61, 350
61, 360
61, 370
62, 380
63, 390
63, 400
63, 410
63, 420
63, 430
64, 440
64, 450
64, 460
64, 470
64, 480
64, 490
64, 500
64, 510
64, 520
64, 530
64, 540
64, 550
{'count': 738, 'truepos': 85, 'falseneg': 16, 'correction': 25, 'unknownyes': 4, 'falsepos': 1, 'unique': 550}
10: Wahono.csv: none: 0, 0
3, 10
4, 20, 99
7, 30, 84
7, 40, 84
7, 50, 51
8, 60, 41
9, 70, 43
9, 80, 42
9, 90, 41
10, 100, 41
10, 110, 45
10, 120, 45
10, 130, 45
10, 140, 46
10, 150, 46
10, 160, 47
11, 170, 47
11, 180, 47
12, 190, 47
15, 200, 48
17, 210, 52
19, 220, 54
21, 230, 56
21, 240, 43
22, 250, 42
22, 260, 44
22, 270, 40
22, 280, 44
23, 290, 37
25, 300, 41
25, 310, 45
27, 320, 42
27, 330, 48
28, 340, 46
31, 350, 45
32, 360, 51
32, 370, 51
32, 380, 49
33, 390, 49
33, 400, 49
33, 410, 48
33, 420, 51
33, 430, 45
33, 440, 50
33, 450, 49
33, 460, 46
33, 470, 46
34, 480, 45
34, 490, 50
34, 500, 47
34, 510, 45
34, 520, 46
34, 530, 46
34, 540, 46
35, 550, 42
35, 560, 45
36, 570, 44
36, 580, 45
37, 590, 45
37, 600, 46
37, 610, 45
37, 620, 45
37, 630, 48
37, 640, 45
37, 650, 45
37, 660, 45
37, 670, 45
37, 680, 45
37, 690, 46
37, 700, 45
37, 710, 44
37, 720, 45
37, 730, 44
37, 740, 45
37, 750, 44
37, 760, 44
37, 770, 44
37, 780, 44
38, 790, 43
38, 800, 44
38, 810, 44
38, 820, 44
39, 830, 43
39, 840, 46
39, 850, 45
39, 860, 45
39, 870, 46
39, 880, 45
39, 890, 45
40, 900, 44
40, 910, 45
40, 920, 46
40, 930, 46
40, 940, 45
40, 950, 46
40, 960, 45
41, 970, 45
41, 980, 47
41, 990, 47
41, 1000, 46
41, 1010, 47
41, 1020, 46
41, 1030, 46
41, 1040, 46
41, 1050, 45
41, 1060, 46
41, 1070, 45
41, 1080, 45
41, 1090, 46
41, 1100, 46
41, 1110, 46
41, 1120, 45
41, 1130, 46
41, 1140, 46
41, 1150, 46
41, 1160, 45
41, 1170, 45
41, 1180, 45
41, 1190, 45
41, 1200, 45
41, 1210, 45
41, 1220, 45
41, 1230, 45
42, 1240, 45
42, 1250, 46
42, 1260, 46
42, 1270, 46
42, 1280, 46
42, 1290, 46
42, 1300, 46
42, 1310, 46
43, 1320, 46
43, 1330, 47
43, 1340, 47
43, 1350, 47
43, 1360, 47
43, 1370, 46
43, 1380, 46
43, 1390, 47
43, 1400, 47
44, 1410, 46
44, 1420, 48
44, 1430, 48
44, 1440, 48
44, 1450, 48
44, 1460, 48
44, 1470, 49
44, 1480, 48
44, 1490, 47
44, 1500, 47
44, 1510, 48
44, 1520, 48
44, 1530, 48
44, 1540, 47
44, 1550, 48
44, 1560, 47
44, 1570, 47
44, 1580, 48
44, 1590, 47
44, 1600, 47
44, 1610, 47
44, 1620, 47
44, 1630, 47
44, 1640, 47
44, 1650, 47
44, 1660, 47
44, 1670, 47
44, 1680, 47
44, 1690, 47
44, 1700, 47
44, 1710, 47
44, 1720, 47
44, 1730, 47
44, 1740, 47
{'count': 1740, 'truepos': 41, 'falseneg': 20, 'correction': 0, 'unknownyes': 1, 'falsepos': 3, 'unique': 1740}
10: Wahono.csv: three: 0, 0
6, 10
7, 20, 102
7, 30, 97
9, 40, 92
11, 50, 74
11, 60, 65
13, 70, 48
14, 80, 44
15, 90, 42
17, 100, 42
17, 110, 44
17, 120, 41
17, 130, 41
18, 140, 42
18, 150, 43
18, 160, 44
18, 170, 45
18, 180, 45
18, 190, 45
18, 200, 46
18, 210, 46
18, 220, 46
19, 230, 47
20, 240, 47
22, 250, 31
25, 260, 34
27, 270, 43
27, 280, 50
28, 290, 45
29, 300, 46
29, 310, 48
31, 320, 43
31, 330, 45
31, 340, 47
33, 350, 43
33, 360, 50
34, 370, 51
36, 380, 47
38, 390, 50
38, 400, 53
38, 410, 55
38, 420, 50
38, 430, 51
38, 440, 49
38, 450, 52
38, 460, 52
38, 470, 49
38, 480, 47
38, 490, 46
38, 500, 49
38, 510, 48
38, 520, 49
39, 530, 46
39, 540, 49
39, 550, 49
39, 560, 47
39, 570, 47
39, 580, 45
40, 590, 46
40, 600, 48
42, 610, 47
42, 620, 50
43, 630, 50
46, 640, 50
46, 650, 56
46, 660, 54
46, 670, 55
46, 680, 55
46, 690, 54
46, 700, 54
46, 710, 53
46, 720, 53
46, 730, 53
46, 740, 53
47, 750, 52
47, 760, 54
47, 770, 54
47, 780, 54
47, 790, 53
47, 800, 54
47, 810, 54
47, 820, 53
47, 830, 53
47, 840, 53
47, 850, 53
47, 860, 53
47, 870, 53
47, 880, 53
47, 890, 53
47, 900, 53
47, 910, 53
47, 920, 52
47, 930, 52
48, 940, 53
48, 950, 53
48, 960, 53
48, 970, 54
48, 980, 53
48, 990, 54
48, 1000, 54
48, 1010, 53
48, 1020, 53
48, 1030, 53
48, 1040, 53
48, 1050, 53
48, 1060, 52
49, 1070, 52
49, 1080, 54
49, 1090, 53
49, 1100, 54
49, 1110, 54
49, 1120, 53
49, 1130, 54
49, 1140, 53
49, 1150, 54
49, 1160, 53
49, 1170, 53
49, 1180, 54
49, 1190, 53
49, 1200, 53
49, 1210, 53
49, 1220, 53
49, 1230, 53
49, 1240, 53
49, 1250, 52
49, 1260, 53
49, 1270, 53
49, 1280, 53
49, 1290, 53
49, 1300, 52
49, 1310, 52
49, 1320, 53
49, 1330, 52
49, 1340, 52
49, 1350, 52
49, 1360, 52
49, 1370, 53
49, 1380, 52
49, 1390, 52
49, 1400, 52
49, 1410, 52
50, 1420, 52
50, 1430, 53
50, 1440, 53
50, 1450, 54
50, 1460, 53
50, 1470, 53
50, 1480, 53
50, 1490, 53
50, 1500, 54
50, 1510, 53
50, 1520, 53
50, 1530, 53
{'count': 3095, 'truepos': 50, 'falseneg': 11, 'correction': 34, 'unknownyes': 1, 'falsepos': 0, 'unique': 1530}
10: Wahono.csv: machine: 0, 0
3, 10
4, 20, 98
4, 30, 81
7, 40, 53
8, 50, 63
11, 60, 52
12, 70, 57
12, 80, 48
12, 90, 47
14, 100, 44
15, 110, 48
15, 120, 47
15, 130, 46
15, 140, 46
15, 150, 46
15, 160, 46
15, 170, 46
15, 180, 47
15, 190, 47
15, 200, 47
15, 210, 48
15, 220, 48
15, 230, 48
15, 240, 48
15, 250, 49
15, 260, 49
15, 270, 49
15, 280, 49
15, 290, 50
15, 300, 50
15, 310, 50
15, 320, 50
16, 330, 51
16, 340, 51
16, 350, 51
16, 360, 51
16, 370, 51
16, 380, 52
16, 390, 52
16, 400, 52
16, 410, 52
16, 420, 52
16, 430, 52
16, 440, 52
16, 450, 52
17, 460, 53
17, 470, 53
18, 480, 53
18, 490, 53
19, 500, 53
20, 510, 53
20, 520, 28
21, 530, 28
23, 540, 32
30, 540, 32
31, 550, 43
31, 560, 46
31, 570, 42
31, 580, 45
31, 590, 43
33, 590, 43
35, 600, 44
37, 610, 47
38, 620, 49
38, 630, 51
39, 640, 49
42, 640, 49
44, 650, 57
44, 660, 61
45, 670, 64
46, 680, 65
46, 690, 65
47, 690, 65
47, 700, 64
48, 710, 68
49, 720, 64
49, 730, 65
49, 740, 68
50, 740, 68
50, 750, 64
50, 760, 63
50, 770, 68
50, 780, 63
50, 790, 63
50, 790, 63
50, 800, 60
50, 810, 62
50, 820, 63
50, 830, 62
50, 840, 61
50, 840, 61
50, 850, 61
50, 860, 62
50, 870, 61
50, 880, 61
50, 890, 59
50, 890, 59
50, 900, 62
50, 910, 59
50, 920, 58
51, 930, 59
51, 940, 61
51, 940, 61
51, 950, 61
51, 960, 59
51, 970, 60
51, 980, 60
52, 990, 59
53, 990, 59
53, 1000, 64
53, 1010, 62
53, 1020, 62
53, 1030, 64
53, 1040, 61
53, 1040, 61
53, 1050, 61
53, 1060, 61
53, 1070, 60
53, 1080, 61
53, 1090, 61
53, 1090, 61
53, 1100, 61
53, 1110, 61
53, 1120, 60
53, 1130, 61
53, 1140, 60
53, 1140, 60
53, 1150, 60
53, 1160, 59
53, 1170, 58
53, 1180, 59
53, 1190, 59
53, 1190, 59
53, 1200, 60
53, 1210, 57
54, 1220, 59
54, 1230, 60
54, 1240, 62
55, 1240, 62
55, 1250, 62
55, 1260, 62
55, 1270, 62
55, 1280, 61
55, 1290, 60
55, 1290, 60
55, 1300, 61
55, 1310, 63
55, 1320, 62
55, 1330, 60
55, 1340, 61
55, 1340, 61
55, 1350, 61
55, 1360, 60
55, 1370, 60
55, 1380, 59
56, 1390, 60
56, 1390, 60
56, 1400, 61
56, 1410, 61
56, 1420, 60
56, 1430, 60
56, 1440, 61
57, 1440, 61
57, 1450, 62
57, 1460, 63
57, 1470, 63
57, 1480, 62
57, 1490, 61
57, 1490, 61
57, 1500, 61
57, 1510, 61
58, 1520, 61
58, 1530, 62
58, 1540, 62
59, 1540, 62
59, 1550, 63
59, 1560, 63
59, 1570, 63
59, 1580, 63
59, 1590, 63
59, 1590, 63
{'count': 2425, 'truepos': 52, 'falseneg': 6, 'correction': 15, 'unknownyes': 4, 'falsepos': 7, 'unique': 1590}
10: Wahono.csv: knee: 0, 0
6, 10
6, 20
{'count': 24, 'truepos': 6, 'falseneg': 0, 'correction': 0, 'unknownyes': 56, 'falsepos': 0, 'unique': 20}
10: Danijel.csv: none: 0, 0
3, 10
3, 20, 106
4, 30, 81
5, 40, 54
6, 50, 48
7, 60, 48
11, 70, 46
11, 80, 55
14, 90, 44
18, 100, 49
20, 110, 51
21, 120, 38
23, 130, 42
23, 140, 42
23, 150, 39
24, 160, 37
24, 170, 38
25, 180, 38
25, 190, 37
25, 200, 38
25, 210, 38
25, 220, 36
26, 230, 36
26, 240, 35
26, 250, 36
27, 260, 35
27, 270, 37
27, 280, 36
27, 290, 37
27, 300, 36
27, 310, 35
27, 320, 34
27, 330, 35
28, 340, 34
29, 350, 35
30, 360, 36
30, 370, 36
30, 380, 37
31, 390, 38
31, 400, 42
31, 410, 38
31, 420, 37
31, 430, 38
31, 440, 39
31, 450, 37
31, 460, 39
31, 470, 38
31, 480, 37
31, 490, 37
32, 500, 36
32, 510, 37
32, 520, 39
32, 530, 36
32, 540, 37
32, 550, 36
32, 560, 37
32, 570, 36
32, 580, 36
32, 590, 36
32, 600, 36
32, 610, 36
33, 620, 35
33, 630, 37
33, 640, 40
33, 650, 38
33, 660, 37
33, 670, 37
33, 680, 38
33, 690, 39
33, 700, 37
33, 710, 37
33, 720, 37
33, 730, 36
33, 740, 36
33, 750, 38
33, 760, 37
33, 770, 36
33, 780, 36
33, 790, 37
33, 800, 36
33, 810, 37
33, 820, 36
33, 830, 36
33, 840, 35
33, 850, 36
33, 860, 36
33, 870, 36
33, 880, 36
33, 890, 36
33, 900, 36
33, 910, 36
33, 920, 35
33, 930, 36
33, 940, 35
33, 950, 35
33, 960, 35
33, 970, 35
33, 980, 35
33, 990, 36
33, 1000, 36
33, 1010, 35
33, 1020, 35
33, 1030, 36
33, 1040, 35
34, 1050, 35
34, 1060, 36
34, 1070, 36
34, 1080, 36
34, 1090, 36
34, 1100, 36
34, 1110, 36
34, 1120, 36
34, 1130, 36
34, 1140, 36
34, 1150, 36
34, 1160, 36
{'count': 1160, 'truepos': 32, 'falseneg': 13, 'correction': 0, 'unknownyes': 3, 'falsepos': 2, 'unique': 1160}
10: Danijel.csv: three: 0, 0
2, 10
2, 20, 101
3, 30, 66
4, 40, 55
4, 50, 52
6, 60, 47
7, 70, 56
10, 80, 51
11, 90, 54
13, 100, 49
14, 110, 51
15, 120, 49
18, 130, 46
23, 140, 49
24, 150, 40
25, 160, 42
25, 170, 40
25, 180, 40
25, 190, 38
26, 200, 36
27, 210, 38
27, 220, 40
28, 230, 37
30, 240, 38
31, 250, 40
31, 260, 41
31, 270, 40
31, 280, 40
31, 290, 41
32, 300, 39
33, 310, 40
33, 320, 42
33, 330, 41
34, 340, 41
34, 350, 41
35, 360, 41
35, 370, 43
35, 380, 43
35, 390, 44
35, 400, 42
35, 410, 42
35, 420, 41
35, 430, 41
36, 440, 41
36, 450, 42
36, 460, 41
36, 470, 42
37, 480, 41
37, 490, 44
37, 500, 42
37, 510, 42
37, 520, 43
37, 530, 43
37, 540, 42
37, 550, 42
37, 560, 41
37, 570, 42
38, 580, 41
38, 590, 43
38, 600, 42
38, 610, 42
38, 620, 42
38, 630, 42
38, 640, 42
38, 650, 41
38, 660, 42
38, 670, 42
38, 680, 42
38, 690, 41
38, 700, 42
38, 710, 42
38, 720, 41
38, 730, 42
38, 740, 41
38, 750, 41
38, 760, 41
{'count': 1545, 'truepos': 38, 'falseneg': 7, 'correction': 23, 'unknownyes': 3, 'falsepos': 0, 'unique': 760}
10: Danijel.csv: machine: 0, 0
4, 10
4, 20, 122
5, 30, 96
8, 40, 65
8, 50, 74
9, 60, 59
9, 60, 59
11, 70, 52
13, 80, 47
15, 90, 46
17, 100, 45
21, 110, 46
21, 110, 46
21, 120, 43
22, 130, 38
22, 140, 41
23, 150, 38
23, 160, 37
24, 160, 37
26, 170, 37
27, 180, 40
27, 190, 41
27, 200, 39
27, 210, 38
28, 210, 38
28, 220, 39
28, 230, 39
28, 240, 38
28, 250, 37
29, 260, 37
31, 260, 37
31, 270, 44
32, 280, 41
32, 290, 41
32, 300, 43
33, 310, 40
36, 310, 40
36, 320, 44
36, 330, 45
37, 340, 43
37, 350, 44
37, 360, 46
38, 360, 46
38, 370, 49
38, 380, 46
38, 390, 46
38, 400, 47
38, 410, 47
39, 410, 47
39, 420, 46
39, 430, 45
40, 440, 46
40, 450, 46
40, 460, 46
40, 460, 46
40, 470, 47
40, 480, 45
40, 490, 48
40, 500, 45
40, 510, 45
40, 510, 45
40, 520, 45
40, 530, 46
40, 540, 45
41, 550, 44
41, 560, 45
41, 560, 45
41, 570, 46
41, 580, 46
41, 590, 46
41, 600, 46
41, 610, 46
41, 610, 46
41, 620, 45
41, 630, 45
41, 640, 45
41, 650, 45
41, 660, 45
42, 660, 45
43, 670, 48
43, 680, 46
43, 690, 46
43, 700, 46
43, 710, 47
43, 710, 47
43, 720, 47
43, 730, 46
43, 740, 46
43, 750, 47
43, 760, 46
43, 760, 46
{'count': 1312, 'truepos': 41, 'falseneg': 4, 'correction': 9, 'unknownyes': 3, 'falsepos': 2, 'unique': 760}
10: Danijel.csv: knee: 0, 0
2, 10
2, 20
3, 30
6, 40
6, 50
6, 60
7, 70
7, 80
7, 90
7, 100
8, 110
8, 120
8, 130
8, 140
8, 150
8, 160
{'count': 196, 'truepos': 11, 'falseneg': 7, 'correction': 5, 'unknownyes': 30, 'falsepos': 0, 'unique': 160}
10: K_all3.csv: none: 0, 0
1, 10
4, 20, 90
6, 30, 66
8, 40, 63
8, 50, 58
8, 60, 48
10, 70, 43
11, 80, 44
13, 90, 43
14, 100, 45
14, 110, 43
14, 120, 41
14, 130, 40
15, 140, 39
15, 150, 39
16, 160, 38
17, 170, 39
17, 180, 39
17, 190, 38
18, 200, 38
19, 210, 39
19, 220, 39
19, 230, 39
19, 240, 39
20, 250, 39
21, 260, 28
21, 270, 29
22, 280, 29
22, 290, 30
22, 300, 28
23, 310, 27
23, 320, 28
23, 330, 29
24, 340, 27
25, 350, 29
25, 360, 29
25, 370, 29
25, 380, 30
25, 390, 29
25, 400, 29
25, 410, 29
26, 420, 29
26, 430, 29
26, 440, 28
27, 450, 28
28, 460, 29
28, 470, 30
28, 480, 30
29, 490, 31
29, 500, 31
29, 510, 31
29, 520, 31
29, 530, 31
29, 540, 31
29, 550, 31
29, 560, 31
29, 570, 31
{'count': 570, 'truepos': 28, 'falseneg': 13, 'correction': 0, 'unknownyes': 4, 'falsepos': 1, 'unique': 570}
10: K_all3.csv: three: 0, 0
2, 10
5, 20, 71
6, 30, 62
10, 40, 54
11, 50, 62
14, 60, 53
14, 70, 59
15, 80, 46
17, 90, 45
18, 100, 47
19, 110, 46
19, 120, 45
19, 130, 42
20, 140, 41
22, 150, 32
22, 160, 34
22, 170, 32
23, 180, 31
23, 190, 37
23, 200, 32
23, 210, 32
23, 220, 30
23, 230, 31
24, 240, 29
25, 250, 30
25, 260, 31
26, 270, 30
27, 280, 31
28, 290, 31
28, 300, 32
28, 310, 32
28, 320, 32
28, 330, 31
28, 340, 31
28, 350, 31
28, 360, 31
31, 370, 31
32, 380, 34
32, 390, 35
32, 400, 34
32, 410, 34
33, 420, 34
34, 430, 35
34, 440, 36
34, 450, 37
34, 460, 36
34, 470, 36
35, 480, 36
35, 490, 37
35, 500, 37
35, 510, 37
35, 520, 37
35, 530, 37
{'count': 1091, 'truepos': 35, 'falseneg': 6, 'correction': 26, 'unknownyes': 4, 'falsepos': 0, 'unique': 530}
10: K_all3.csv: machine: 0, 0
2, 10
4, 20, 70
7, 30, 59
10, 40, 58
14, 50, 58
14, 60, 61
15, 70, 46
17, 80, 45
19, 90, 44
22, 100, 46
22, 110, 37
22, 120, 35
24, 120, 35
25, 130, 36
25, 140, 34
26, 150, 33
27, 160, 38
27, 170, 36
30, 170, 36
30, 180, 40
31, 190, 39
31, 200, 40
31, 210, 39
31, 220, 40
32, 220, 40
32, 230, 38
32, 240, 37
32, 250, 37
32, 260, 37
32, 270, 37
32, 270, 37
32, 280, 36
33, 290, 36
33, 300, 37
33, 310, 37
33, 320, 36
35, 320, 36
35, 330, 39
35, 340, 39
35, 350, 38
35, 360, 38
35, 370, 38
35, 370, 38
36, 380, 37
37, 390, 38
{'count': 640, 'truepos': 31, 'falseneg': 6, 'correction': 5, 'unknownyes': 8, 'falsepos': 6, 'unique': 390}
10: K_all3.csv: knee: 0, 0
1, 10
4, 20
7, 30
8, 40
8, 50
10, 60
11, 70
12, 80
13, 90
14, 100
15, 110
16, 120
16, 130
16, 140
16, 150
16, 160
17, 170
19, 180
19, 190
20, 200
22, 210
22, 220
22, 230
22, 240
22, 250
22, 260
22, 270
23, 280
24, 290
25, 300
25, 310
25, 320
25, 330
25, 340
27, 350
27, 360
27, 370
28, 380
29, 390
31, 400
31, 410
32, 420
32, 430
32, 440
34, 450
34, 460
34, 470
34, 480
34, 490
35, 500
36, 510
36, 520
36, 530
36, 540
36, 550
36, 560
36, 570
36, 580
36, 590
36, 600
36, 610
36, 620
36, 630
36, 640
36, 650
36, 660
37, 670
37, 680
37, 690
37, 700
37, 710
37, 720
37, 730
37, 740
37, 750
37, 760
37, 770
{'count': 1189, 'truepos': 39, 'falseneg': 4, 'correction': 6, 'unknownyes': 2, 'falsepos': 6, 'unique': 770}

------------------------------------------------------------
Sender: LSF System <lsfadmin@n2c1-13>
Subject: Job 625679: </share/tjmenzie/zyu9/miniconda2/bin/python2.7 runner.py error_hpcc 10> in cluster <henry2> Done

Job </share/tjmenzie/zyu9/miniconda2/bin/python2.7 runner.py error_hpcc 10> was submitted from host <login01.hpc.ncsu.edu> by user <zyu9> in cluster <henry2> at Mon Jan 29 21:27:40 2018.
Job was executed on host(s) <2*n2c1-13>, in queue <single_chassis>, as user <zyu9> in cluster <henry2> at Mon Jan 29 21:27:42 2018.
</home/zyu9> was used as the home directory.
</home/zyu9/projects/MAR_HPC/Error/src> was used as the working directory.
Started at Mon Jan 29 21:27:42 2018.
Terminated at Mon Jan 29 22:21:23 2018.
Results reported at Mon Jan 29 22:21:23 2018.

Your job looked like:

------------------------------------------------------------
# LSBATCH: User input
/share/tjmenzie/zyu9/miniconda2/bin/python2.7 runner.py error_hpcc 10
------------------------------------------------------------

Successfully completed.

Resource usage summary:

    CPU time :                                   4243.08 sec.
    Max Memory :                                 260.43 MB
    Average Memory :                             200.00 MB
    Total Requested Memory :                     -
    Delta Memory :                               -
    Max Swap :                                   1312 MB
    Max Processes :                              3
    Max Threads :                                8
    Run time :                                   3239 sec.
    Turnaround time :                            3223 sec.

The output (if any) is above this job summary.



PS:

Read file <./err/10.err.625679> for stderr output of this job.

