10: Hall.csv: none: 0, 0
5, 10
7, 20, 116
9, 30, 105
12, 40, 99
16, 50, 115
19, 60, 120
21, 70, 114
27, 80, 65
33, 90, 70
38, 100, 74
42, 110, 79
46, 120, 78
47, 130, 79
49, 140, 76
50, 150, 73
53, 160, 74
53, 170, 75
56, 180, 71
60, 190, 77
63, 200, 80
67, 210, 78
69, 220, 83
71, 230, 84
72, 240, 91
72, 250, 96
74, 260, 86
74, 270, 91
74, 280, 92
75, 290, 92
77, 300, 89
77, 310, 91
78, 320, 90
78, 330, 89
78, 340, 91
78, 350, 89
78, 360, 89
78, 370, 90
78, 380, 87
78, 390, 87
78, 400, 87
78, 410, 85
78, 420, 85
78, 430, 88
79, 440, 85
79, 450, 88
79, 460, 87
79, 470, 86
80, 480, 86
80, 490, 86
80, 500, 85
81, 510, 88
81, 520, 92
81, 530, 90
81, 540, 89
81, 550, 88
81, 560, 90
81, 570, 89
81, 580, 88
81, 590, 86
81, 600, 87
81, 610, 88
81, 620, 88
81, 630, 87
81, 640, 87
81, 650, 86
81, 660, 86
81, 670, 86
81, 680, 87
81, 690, 87
{'count': 690, 'truepos': 79, 'falseneg': 23, 'correction': 0, 'unknownyes': 2, 'falsepos': 2, 'unique': 690}
10: Hall.csv: three: 0, 0
5, 10
5, 20, 104
8, 30, 97
11, 40, 96
13, 50, 100
16, 60, 98
20, 70, 97
23, 80, 57
27, 90, 58
33, 100, 59
37, 110, 68
40, 120, 76
43, 130, 80
45, 140, 80
46, 150, 80
49, 160, 74
52, 170, 74
55, 180, 81
55, 190, 86
56, 200, 82
60, 210, 79
61, 220, 88
65, 230, 80
68, 240, 86
70, 250, 90
71, 260, 90
74, 270, 89
75, 280, 98
75, 290, 94
77, 300, 96
77, 310, 94
77, 320, 94
78, 330, 95
78, 340, 100
78, 350, 94
78, 360, 92
78, 370, 93
78, 380, 92
78, 390, 89
78, 400, 92
78, 410, 90
78, 420, 89
78, 430, 88
79, 440, 92
79, 450, 91
79, 460, 88
79, 470, 88
79, 480, 87
79, 490, 88
79, 500, 86
79, 510, 88
79, 520, 87
79, 530, 87
79, 540, 87
79, 550, 87
79, 560, 86
79, 570, 86
79, 580, 86
79, 590, 86
79, 600, 86
79, 610, 85
79, 620, 84
{'count': 1275, 'truepos': 79, 'falseneg': 23, 'correction': 29, 'unknownyes': 2, 'falsepos': 0, 'unique': 620}
10: Hall.csv: machine: 0, 0
6, 10
9, 20, 101
11, 30, 107
12, 40, 104
13, 50, 102
17, 60, 75
20, 70, 88
22, 80, 52
26, 90, 54
32, 100, 59
34, 110, 67
36, 120, 68
43, 120, 68
47, 130, 74
48, 140, 81
52, 150, 71
54, 160, 72
55, 170, 73
62, 170, 73
65, 180, 85
67, 190, 84
68, 200, 84
69, 210, 88
73, 220, 84
74, 220, 84
76, 230, 90
81, 240, 89
82, 250, 97
86, 260, 98
87, 270, 100
89, 270, 100
89, 280, 104
89, 290, 105
90, 300, 104
91, 310, 105
92, 320, 103
93, 320, 103
93, 330, 109
93, 340, 108
93, 350, 105
93, 360, 103
93, 370, 103
93, 370, 103
93, 380, 109
93, 390, 107
93, 400, 104
93, 410, 103
93, 420, 103
94, 420, 103
95, 430, 106
95, 440, 107
95, 450, 107
95, 460, 107
95, 470, 104
95, 470, 104
95, 480, 106
{'count': 704, 'truepos': 92, 'falseneg': 10, 'correction': 18, 'unknownyes': 2, 'falsepos': 3, 'unique': 480}
10: Hall.csv: knee: 0, 0
4, 10
6, 20
8, 30
9, 40
12, 50
13, 60
17, 70
18, 80
20, 90
25, 100
29, 110
30, 120
33, 130
35, 140
38, 150
38, 160
39, 170
40, 180
41, 190
41, 200
42, 210
44, 220
45, 230
46, 240
50, 250
52, 260
54, 270
55, 280
55, 290
57, 300
57, 310
58, 320
58, 330
59, 340
59, 350
59, 360
59, 370
59, 380
60, 390
60, 400
60, 410
60, 420
60, 430
60, 440
60, 450
60, 460
60, 470
60, 480
{'count': 702, 'truepos': 80, 'falseneg': 20, 'correction': 24, 'unknownyes': 4, 'falsepos': 0, 'unique': 480}
10: Wahono.csv: none: 0, 0
5, 10
6, 20, 95
6, 30, 89
8, 40, 86
11, 50, 71
11, 60, 62
13, 70, 48
14, 80, 45
15, 90, 44
16, 100, 45
16, 110, 44
16, 120, 43
16, 130, 42
17, 140, 42
17, 150, 45
17, 160, 45
18, 170, 45
18, 180, 45
18, 190, 45
19, 200, 45
19, 210, 46
21, 220, 45
23, 230, 34
23, 240, 38
23, 250, 39
24, 260, 36
24, 270, 39
24, 280, 38
24, 290, 38
24, 300, 37
25, 310, 37
26, 320, 39
27, 330, 39
27, 340, 43
27, 350, 39
28, 360, 39
29, 370, 43
29, 380, 43
29, 390, 45
30, 400, 41
31, 410, 43
32, 420, 42
32, 430, 46
32, 440, 48
32, 450, 44
33, 460, 42
34, 470, 43
34, 480, 42
34, 490, 46
34, 500, 45
34, 510, 45
34, 520, 43
34, 530, 43
34, 540, 45
35, 550, 41
35, 560, 43
35, 570, 42
36, 580, 43
36, 590, 45
36, 600, 45
36, 610, 45
36, 620, 44
36, 630, 43
36, 640, 45
36, 650, 44
36, 660, 45
36, 670, 44
36, 680, 43
36, 690, 44
36, 700, 42
38, 710, 42
39, 720, 45
39, 730, 47
40, 740, 45
41, 750, 47
41, 760, 48
41, 770, 48
41, 780, 48
41, 790, 48
41, 800, 48
41, 810, 47
42, 820, 47
42, 830, 48
42, 840, 48
42, 850, 47
42, 860, 47
42, 870, 47
42, 880, 48
42, 890, 47
43, 900, 48
43, 910, 49
43, 920, 49
43, 930, 49
43, 940, 49
43, 950, 48
43, 960, 49
43, 970, 48
43, 980, 48
43, 990, 48
43, 1000, 47
43, 1010, 48
43, 1020, 48
43, 1030, 48
43, 1040, 48
43, 1050, 47
43, 1060, 47
43, 1070, 47
43, 1080, 47
43, 1090, 47
43, 1100, 47
43, 1110, 47
43, 1120, 47
43, 1130, 47
43, 1140, 47
43, 1150, 47
43, 1160, 46
43, 1170, 46
43, 1180, 47
43, 1190, 47
44, 1200, 47
44, 1210, 48
44, 1220, 47
44, 1230, 47
44, 1240, 47
44, 1250, 48
44, 1260, 47
44, 1270, 48
44, 1280, 47
44, 1290, 47
44, 1300, 47
44, 1310, 47
44, 1320, 47
45, 1330, 48
45, 1340, 48
45, 1350, 48
45, 1360, 48
46, 1370, 48
46, 1380, 49
46, 1390, 49
{'count': 1390, 'truepos': 42, 'falseneg': 18, 'correction': 0, 'unknownyes': 2, 'falsepos': 4, 'unique': 1390}
10: Wahono.csv: three: 0, 0
5, 10
6, 20, 102
7, 30, 91
8, 40, 93
11, 50, 65
13, 60, 60
14, 70, 55
15, 80, 47
17, 90, 47
18, 100, 51
20, 110, 47
22, 120, 41
26, 130, 44
27, 140, 60
29, 150, 65
29, 160, 65
30, 170, 61
30, 180, 60
31, 190, 60
32, 200, 54
34, 210, 58
34, 220, 61
34, 230, 55
34, 240, 68
36, 250, 54
37, 260, 56
39, 270, 61
39, 280, 67
40, 290, 60
40, 300, 57
40, 310, 55
41, 320, 55
41, 330, 60
42, 340, 56
42, 350, 64
42, 360, 59
42, 370, 59
42, 380, 60
42, 390, 58
42, 400, 57
42, 410, 55
42, 420, 56
42, 430, 56
42, 440, 53
44, 450, 52
44, 460, 56
44, 470, 55
45, 480, 56
45, 490, 55
45, 500, 56
45, 510, 55
46, 520, 55
46, 530, 58
46, 540, 56
46, 550, 56
46, 560, 57
46, 570, 56
46, 580, 58
46, 590, 55
47, 600, 55
48, 610, 55
48, 620, 57
48, 630, 57
49, 640, 58
49, 650, 59
50, 660, 59
50, 670, 61
50, 680, 60
50, 690, 60
50, 700, 59
50, 710, 59
50, 720, 58
50, 730, 59
50, 740, 60
50, 750, 59
50, 760, 58
50, 770, 59
50, 780, 58
50, 790, 57
50, 800, 58
50, 810, 58
50, 820, 57
50, 830, 57
50, 840, 58
50, 850, 57
50, 860, 58
50, 870, 58
50, 880, 57
50, 890, 56
50, 900, 57
50, 910, 57
50, 920, 57
50, 930, 56
50, 940, 57
50, 950, 57
50, 960, 57
50, 970, 56
50, 980, 56
50, 990, 56
50, 1000, 56
50, 1010, 56
50, 1020, 56
50, 1030, 55
50, 1040, 55
50, 1050, 56
50, 1060, 56
50, 1070, 55
50, 1080, 55
50, 1090, 55
50, 1100, 55
50, 1110, 55
50, 1120, 54
50, 1130, 54
50, 1140, 54
50, 1150, 55
50, 1160, 54
50, 1170, 55
50, 1180, 54
50, 1190, 54
50, 1200, 54
50, 1210, 54
50, 1220, 54
50, 1230, 54
50, 1240, 54
50, 1250, 54
50, 1260, 54
50, 1270, 54
50, 1280, 54
50, 1290, 53
50, 1300, 54
50, 1310, 54
50, 1320, 53
50, 1330, 54
50, 1340, 54
50, 1350, 53
50, 1360, 53
50, 1370, 53
50, 1380, 54
50, 1390, 53
50, 1400, 53
50, 1410, 53
50, 1420, 53
50, 1430, 53
50, 1440, 53
51, 1450, 53
51, 1460, 54
51, 1470, 54
51, 1480, 54
51, 1490, 54
51, 1500, 54
51, 1510, 54
51, 1520, 54
52, 1530, 54
52, 1540, 55
52, 1550, 55
52, 1560, 55
52, 1570, 55
52, 1580, 55
52, 1590, 55
52, 1600, 55
52, 1610, 55
52, 1620, 55
52, 1630, 55
52, 1640, 55
52, 1650, 55
52, 1660, 55
52, 1670, 55
52, 1680, 55
52, 1690, 55
52, 1700, 55
{'count': 3430, 'truepos': 52, 'falseneg': 10, 'correction': 28, 'unknownyes': 0, 'falsepos': 0, 'unique': 1700}
10: Wahono.csv: machine: 0, 0
4, 10
4, 20, 93
8, 30, 83
11, 40, 80
11, 50, 91
13, 60, 68
15, 70, 69
16, 80, 71
16, 90, 72
16, 100, 55
17, 110, 53
18, 120, 51
17, 120, 51
20, 130, 51
22, 140, 43
23, 150, 47
23, 160, 46
23, 170, 48
28, 170, 48
28, 180, 50
28, 190, 48
29, 200, 46
30, 210, 52
31, 220, 47
33, 220, 47
34, 230, 56
35, 240, 53
35, 250, 52
36, 260, 55
36, 270, 56
38, 270, 56
38, 280, 52
38, 290, 59
38, 300, 56
38, 310, 55
38, 320, 53
39, 320, 53
39, 330, 57
39, 340, 54
39, 350, 53
39, 360, 53
40, 370, 50
41, 370, 50
43, 380, 51
44, 390, 53
44, 400, 58
44, 410, 60
44, 420, 54
45, 420, 54
45, 430, 59
45, 440, 56
45, 450, 55
45, 460, 56
46, 470, 54
46, 470, 54
46, 480, 56
46, 490, 57
46, 500, 55
46, 510, 54
46, 520, 54
46, 520, 54
47, 530, 55
48, 540, 56
50, 550, 56
51, 560, 60
52, 570, 60
52, 570, 60
52, 580, 63
52, 590, 61
52, 600, 61
52, 610, 61
52, 620, 62
52, 620, 62
52, 630, 61
52, 640, 60
52, 650, 61
52, 660, 61
52, 670, 60
52, 670, 60
52, 680, 61
52, 690, 60
52, 700, 60
53, 710, 59
53, 720, 60
53, 720, 60
53, 730, 61
53, 740, 60
53, 750, 61
53, 760, 62
53, 770, 61
53, 770, 61
53, 780, 61
53, 790, 60
53, 800, 60
53, 810, 60
53, 820, 60
53, 820, 60
53, 830, 59
53, 840, 59
53, 850, 59
53, 860, 59
53, 870, 58
53, 870, 58
53, 880, 59
54, 890, 58
54, 900, 60
54, 910, 60
54, 920, 60
54, 920, 60
54, 930, 60
54, 940, 59
54, 950, 59
54, 960, 60
54, 970, 59
54, 970, 59
54, 980, 59
54, 990, 59
54, 1000, 58
54, 1010, 59
54, 1020, 59
55, 1020, 59
55, 1030, 60
55, 1040, 60
55, 1050, 61
55, 1060, 60
55, 1070, 60
55, 1070, 60
55, 1080, 60
55, 1090, 60
55, 1100, 60
55, 1110, 60
55, 1120, 60
55, 1120, 60
55, 1130, 59
55, 1140, 60
55, 1150, 59
55, 1160, 59
55, 1170, 59
55, 1170, 59
55, 1180, 59
55, 1190, 59
55, 1200, 58
55, 1210, 59
55, 1220, 59
55, 1220, 59
55, 1230, 59
56, 1240, 59
56, 1250, 60
56, 1260, 60
56, 1270, 60
56, 1270, 60
56, 1280, 60
56, 1290, 60
56, 1300, 60
56, 1310, 60
56, 1320, 60
56, 1330, 60
56, 1340, 60
57, 1350, 60
57, 1360, 61
57, 1370, 61
57, 1380, 61
57, 1380, 61
57, 1390, 61
{'count': 1999, 'truepos': 54, 'falseneg': 5, 'correction': 13, 'unknownyes': 3, 'falsepos': 3, 'unique': 1390}
10: Wahono.csv: knee: 0, 0
3, 10
4, 20
5, 30
7, 40
7, 50
8, 60
8, 70
9, 80
9, 90
9, 100
9, 110
9, 120
10, 130
11, 140
12, 150
12, 160
13, 170
13, 180
14, 190
14, 200
14, 210
15, 220
16, 230
17, 240
18, 250
19, 260
20, 270
20, 280
21, 290
23, 300
23, 310
23, 320
23, 330
24, 340
25, 350
26, 360
27, 370
27, 380
27, 390
27, 400
29, 410
29, 420
29, 430
29, 440
29, 450
29, 460
29, 470
29, 480
29, 490
30, 500
30, 510
30, 520
30, 530
30, 540
31, 550
31, 560
31, 570
31, 580
31, 590
31, 600
31, 610
32, 620
32, 630
32, 640
32, 650
32, 660
32, 670
32, 680
32, 690
32, 700
32, 710
32, 720
32, 730
32, 740
32, 750
{'count': 1134, 'truepos': 44, 'falseneg': 5, 'correction': 17, 'unknownyes': 13, 'falsepos': 5, 'unique': 750}
10: Danijel.csv: none: 0, 0
4, 10
4, 20, 123
4, 30, 94
5, 40, 59
6, 50, 56
8, 60, 49
9, 70, 51
11, 80, 46
13, 90, 44
15, 100, 43
17, 110, 43
18, 120, 44
20, 130, 44
22, 140, 36
22, 150, 38
23, 160, 37
23, 170, 37
23, 180, 36
23, 190, 36
23, 200, 36
23, 210, 34
23, 220, 34
23, 230, 33
24, 240, 33
24, 250, 34
24, 260, 35
25, 270, 33
25, 280, 34
25, 290, 36
25, 300, 33
25, 310, 33
25, 320, 33
25, 330, 33
26, 340, 32
26, 350, 35
27, 360, 32
30, 370, 36
30, 380, 37
30, 390, 36
31, 400, 38
31, 410, 40
31, 420, 38
31, 430, 38
31, 440, 39
31, 450, 37
31, 460, 37
31, 470, 38
31, 480, 39
31, 490, 37
32, 500, 38
32, 510, 38
32, 520, 39
32, 530, 37
32, 540, 37
32, 550, 37
32, 560, 37
33, 570, 37
33, 580, 40
33, 590, 38
33, 600, 38
33, 610, 38
33, 620, 40
33, 630, 37
33, 640, 40
33, 650, 39
34, 660, 38
34, 670, 39
34, 680, 40
34, 690, 41
34, 700, 41
34, 710, 40
34, 720, 39
34, 730, 39
34, 740, 40
34, 750, 38
34, 760, 38
34, 770, 39
34, 780, 38
34, 790, 37
34, 800, 39
34, 810, 38
34, 820, 38
34, 830, 37
35, 840, 38
35, 850, 38
36, 860, 39
36, 870, 40
36, 880, 39
36, 890, 39
36, 900, 39
36, 910, 39
36, 920, 39
36, 930, 39
36, 940, 39
36, 950, 39
36, 960, 40
36, 970, 39
36, 980, 39
36, 990, 39
37, 1000, 39
37, 1010, 40
37, 1020, 40
37, 1030, 41
37, 1040, 40
37, 1050, 40
37, 1060, 40
37, 1070, 40
37, 1080, 40
37, 1090, 40
37, 1100, 40
37, 1110, 40
37, 1120, 41
37, 1130, 39
38, 1140, 39
{'count': 1140, 'truepos': 32, 'falseneg': 14, 'correction': 0, 'unknownyes': 2, 'falsepos': 6, 'unique': 1140}
10: Danijel.csv: three: 0, 0
4, 10
4, 20, 118
6, 30, 96
6, 40, 74
8, 50, 55
9, 60, 51
11, 70, 46
14, 80, 49
16, 90, 50
17, 100, 50
18, 110, 47
20, 120, 43
21, 130, 35
21, 140, 36
22, 150, 34
23, 160, 37
26, 170, 36
27, 180, 39
27, 190, 39
28, 200, 40
28, 210, 39
28, 220, 40
28, 230, 37
28, 240, 38
29, 250, 37
30, 260, 39
30, 270, 43
30, 280, 42
32, 290, 40
32, 300, 42
32, 310, 40
32, 320, 40
32, 330, 42
32, 340, 44
32, 350, 39
32, 360, 40
33, 370, 38
34, 380, 39
34, 390, 43
34, 400, 42
34, 410, 44
34, 420, 43
34, 430, 41
34, 440, 41
34, 450, 41
34, 460, 39
34, 470, 40
34, 480, 40
34, 490, 40
34, 500, 39
34, 510, 41
34, 520, 39
34, 530, 39
34, 540, 40
34, 550, 39
34, 560, 39
34, 570, 38
34, 580, 39
34, 590, 39
34, 600, 39
34, 610, 39
34, 620, 38
34, 630, 40
34, 640, 38
34, 650, 39
35, 660, 38
35, 670, 38
35, 680, 38
35, 690, 39
35, 700, 39
35, 710, 39
35, 720, 38
35, 730, 39
35, 740, 39
35, 750, 38
35, 760, 38
35, 770, 38
35, 780, 39
35, 790, 38
35, 800, 38
35, 810, 39
35, 820, 38
35, 830, 38
35, 840, 38
35, 850, 38
35, 860, 39
35, 870, 38
35, 880, 37
35, 890, 37
35, 900, 37
35, 910, 37
35, 920, 37
35, 930, 37
35, 940, 37
35, 950, 37
35, 960, 37
35, 970, 37
35, 980, 37
35, 990, 37
35, 1000, 37
35, 1010, 37
35, 1020, 37
35, 1030, 37
35, 1040, 37
35, 1050, 37
35, 1060, 37
{'count': 2151, 'truepos': 35, 'falseneg': 11, 'correction': 26, 'unknownyes': 2, 'falsepos': 0, 'unique': 1060}
10: Danijel.csv: machine: 0, 0
3, 10
5, 20, 103
6, 30, 96
7, 40, 82
8, 50, 73
8, 60, 63
8, 60, 63
9, 70, 49
9, 80, 49
12, 90, 42
14, 100, 57
15, 110, 55
15, 110, 55
15, 120, 50
15, 130, 46
16, 140, 46
17, 150, 48
18, 160, 47
18, 160, 47
20, 170, 47
25, 180, 38
25, 190, 43
25, 200, 41
26, 210, 39
30, 210, 39
30, 220, 42
30, 230, 43
31, 240, 41
31, 250, 43
31, 260, 43
34, 260, 43
34, 270, 49
34, 280, 45
34, 290, 43
34, 300, 43
35, 310, 43
37, 310, 43
37, 320, 46
37, 330, 47
37, 340, 46
37, 350, 46
37, 360, 46
37, 360, 46
37, 370, 45
37, 380, 44
37, 390, 43
37, 400, 44
37, 410, 43
38, 410, 43
38, 420, 46
38, 430, 45
38, 440, 44
38, 450, 44
39, 460, 44
39, 460, 44
39, 470, 46
39, 480, 44
40, 490, 45
40, 500, 46
40, 510, 46
41, 510, 46
41, 520, 47
41, 530, 47
41, 540, 46
41, 550, 46
41, 560, 46
42, 560, 46
42, 570, 47
42, 580, 48
42, 590, 46
42, 600, 47
42, 610, 48
42, 620, 47
42, 630, 45
42, 640, 47
42, 650, 47
42, 660, 46
42, 670, 47
42, 670, 47
42, 680, 46
42, 690, 46
42, 700, 46
42, 710, 46
42, 720, 46
42, 720, 46
42, 730, 46
42, 740, 46
42, 750, 46
42, 760, 46
42, 770, 45
42, 770, 45
42, 780, 45
42, 790, 45
42, 800, 45
42, 810, 45
42, 820, 45
42, 820, 45
42, 830, 45
43, 840, 45
44, 850, 46
44, 860, 48
44, 870, 47
44, 870, 47
44, 880, 48
44, 890, 47
{'count': 1362, 'truepos': 39, 'falseneg': 6, 'correction': 11, 'unknownyes': 3, 'falsepos': 5, 'unique': 890}
10: Danijel.csv: knee: 0, 0
2, 10
3, 20
3, 30
5, 40
8, 50
9, 60
9, 70
11, 80
13, 90
15, 100
17, 110
19, 120
19, 130
20, 140
20, 150
20, 160
21, 170
21, 180
22, 190
23, 200
23, 210
24, 220
24, 230
24, 240
25, 250
25, 260
27, 270
27, 280
27, 290
27, 300
27, 310
28, 320
28, 330
28, 340
29, 350
29, 360
30, 370
30, 380
30, 390
30, 400
30, 410
30, 420
30, 430
30, 440
30, 450
30, 460
30, 470
30, 480
30, 490
30, 500
30, 510
30, 520
30, 530
30, 540
30, 550
30, 560
30, 570
{'count': 816, 'truepos': 40, 'falseneg': 3, 'correction': 12, 'unknownyes': 5, 'falsepos': 1, 'unique': 570}
10: K_all3.csv: none: 0, 0
1, 10
3, 20, 92
3, 30, 55
4, 40, 38
6, 50, 39
7, 60, 41
9, 70, 39
11, 80, 39
13, 90, 41
15, 100, 40
17, 110, 40
18, 120, 41
19, 130, 41
19, 140, 41
20, 150, 40
20, 160, 33
20, 170, 32
20, 180, 30
20, 190, 28
21, 200, 27
21, 210, 30
23, 220, 28
24, 230, 29
24, 240, 33
24, 250, 31
24, 260, 30
24, 270, 31
25, 280, 29
25, 290, 30
25, 300, 30
25, 310, 29
25, 320, 29
27, 330, 29
27, 340, 30
27, 350, 31
27, 360, 30
28, 370, 30
28, 380, 30
29, 390, 31
30, 400, 32
30, 410, 33
30, 420, 33
30, 430, 33
30, 440, 32
30, 450, 32
30, 460, 32
30, 470, 32
32, 480, 32
32, 490, 34
33, 500, 34
34, 510, 35
35, 520, 36
35, 530, 37
35, 540, 37
36, 550, 37
{'count': 550, 'truepos': 32, 'falseneg': 9, 'correction': 0, 'unknownyes': 4, 'falsepos': 4, 'unique': 550}
10: K_all3.csv: three: 0, 0
1, 10
3, 20, 91
3, 30, 55
5, 40, 39
6, 50, 44
10, 60, 40
11, 70, 44
13, 80, 42
15, 90, 44
17, 100, 44
18, 110, 44
20, 120, 43
20, 130, 32
22, 140, 31
22, 150, 34
22, 160, 32
22, 170, 31
22, 180, 28
22, 190, 29
22, 200, 30
22, 210, 28
22, 220, 29
23, 230, 27
23, 240, 27
23, 250, 27
24, 260, 27
24, 270, 28
24, 280, 28
24, 290, 28
24, 300, 28
24, 310, 27
24, 320, 28
25, 330, 27
25, 340, 28
25, 350, 28
25, 360, 28
25, 370, 27
25, 380, 28
25, 390, 27
27, 400, 27
27, 410, 30
27, 420, 30
27, 430, 29
27, 440, 29
29, 450, 29
29, 460, 31
29, 470, 31
30, 480, 31
31, 490, 33
31, 500, 33
31, 510, 33
{'count': 1043, 'truepos': 31, 'falseneg': 10, 'correction': 21, 'unknownyes': 4, 'falsepos': 0, 'unique': 510}
10: K_all3.csv: machine: 0, 0
2, 10
4, 20, 70
4, 30, 60
5, 40, 47
6, 50, 42
8, 60, 38
10, 70, 38
11, 80, 39
11, 90, 39
12, 100, 37
12, 110, 38
13, 120, 36
13, 130, 37
13, 140, 36
17, 150, 36
18, 160, 41
20, 170, 41
20, 180, 29
23, 180, 29
23, 190, 32
24, 200, 31
25, 210, 31
25, 220, 34
25, 230, 33
26, 230, 33
26, 240, 34
26, 250, 32
27, 260, 32
28, 270, 32
28, 280, 34
29, 280, 34
29, 290, 37
29, 300, 33
30, 310, 34
30, 320, 34
30, 330, 34
31, 330, 34
31, 340, 36
31, 350, 36
31, 360, 35
31, 370, 35
31, 380, 34
33, 380, 34
33, 390, 36
33, 400, 36
34, 410, 36
34, 420, 36
34, 430, 37
36, 430, 37
36, 440, 39
36, 450, 38
37, 460, 38
38, 470, 39
{'count': 702, 'truepos': 34, 'falseneg': 5, 'correction': 8, 'unknownyes': 6, 'falsepos': 4, 'unique': 470}
10: K_all3.csv: knee: 0, 0
2, 10
5, 20
6, 30
10, 40
11, 50
14, 60
15, 70
19, 80
19, 90
19, 100
21, 110
21, 120
21, 130
22, 140
23, 150
23, 160
24, 170
25, 180
25, 190
25, 200
25, 210
25, 220
25, 230
25, 240
26, 250
26, 260
27, 270
27, 280
28, 290
30, 300
32, 310
32, 320
33, 330
33, 340
33, 350
33, 360
33, 370
34, 380
34, 390
34, 400
34, 410
34, 420
34, 430
34, 440
34, 450
34, 460
34, 470
34, 480
34, 490
{'count': 566, 'truepos': 28, 'falseneg': 11, 'correction': 3, 'unknownyes': 6, 'falsepos': 1, 'unique': 490}

------------------------------------------------------------
Sender: LSF System <lsfadmin@n2b3-11>
Subject: Job 629679: </share/tjmenzie/zyu9/miniconda2/bin/python2.7 runner.py error_hpcc 10> in cluster <henry2> Done

Job </share/tjmenzie/zyu9/miniconda2/bin/python2.7 runner.py error_hpcc 10> was submitted from host <login01.hpc.ncsu.edu> by user <zyu9> in cluster <henry2> at Wed Jan 31 09:58:21 2018.
Job was executed on host(s) <2*n2b3-11>, in queue <single_chassis>, as user <zyu9> in cluster <henry2> at Wed Jan 31 09:58:27 2018.
</home/zyu9> was used as the home directory.
</home/zyu9/projects/MAR_HPC/Error/src> was used as the working directory.
Started at Wed Jan 31 09:58:27 2018.
Terminated at Wed Jan 31 10:51:53 2018.
Results reported at Wed Jan 31 10:51:53 2018.

Your job looked like:

------------------------------------------------------------
# LSBATCH: User input
/share/tjmenzie/zyu9/miniconda2/bin/python2.7 runner.py error_hpcc 10
------------------------------------------------------------

Successfully completed.

Resource usage summary:

    CPU time :                                   4281.83 sec.
    Max Memory :                                 285.58 MB
    Average Memory :                             227.55 MB
    Total Requested Memory :                     -
    Delta Memory :                               -
    Max Swap :                                   1312 MB
    Max Processes :                              3
    Max Threads :                                8
    Run time :                                   3215 sec.
    Turnaround time :                            3212 sec.

The output (if any) is above this job summary.



PS:

Read file <./err/10.err.629679> for stderr output of this job.

