10: Hall.csv: none: 0, 0
6, 10
7, 20, 104
9, 30, 100
9, 40, 100
11, 50, 87
13, 60, 75
16, 70, 61
17, 80, 70
18, 90, 59
18, 100, 54
22, 110, 51
26, 120, 59
29, 130, 71
36, 140, 70
38, 150, 62
44, 160, 66
48, 170, 73
50, 180, 87
52, 190, 92
55, 200, 84
58, 210, 87
59, 220, 84
60, 230, 87
62, 240, 82
63, 250, 89
66, 260, 87
66, 270, 96
68, 280, 92
69, 290, 100
69, 300, 95
70, 310, 91
71, 320, 90
72, 330, 93
72, 340, 96
72, 350, 94
72, 360, 93
72, 370, 92
73, 380, 89
73, 390, 89
74, 400, 91
74, 410, 89
75, 420, 87
75, 430, 92
75, 440, 91
75, 450, 95
75, 460, 89
75, 470, 90
75, 480, 89
75, 490, 93
75, 500, 87
75, 510, 88
75, 520, 87
75, 530, 87
75, 540, 88
75, 550, 88
75, 560, 86
75, 570, 87
75, 580, 85
75, 590, 85
75, 600, 85
75, 610, 84
75, 620, 83
75, 630, 86
75, 640, 84
75, 650, 85
75, 660, 83
75, 670, 86
75, 680, 84
75, 690, 84
75, 700, 84
75, 710, 83
75, 720, 84
75, 730, 82
75, 740, 84
75, 750, 84
75, 760, 84
75, 770, 82
75, 780, 83
75, 790, 82
75, 800, 83
75, 810, 82
75, 820, 82
76, 830, 83
76, 840, 85
76, 850, 84
76, 860, 84
76, 870, 84
76, 880, 85
76, 890, 84
76, 900, 84
76, 910, 83
77, 920, 82
78, 930, 84
78, 940, 86
78, 950, 87
78, 960, 86
78, 970, 86
78, 980, 85
78, 990, 86
78, 1000, 85
78, 1010, 85
78, 1020, 86
78, 1030, 86
78, 1040, 85
78, 1050, 86
78, 1060, 85
78, 1070, 86
78, 1080, 85
78, 1090, 84
78, 1100, 84
78, 1110, 85
78, 1120, 84
78, 1130, 85
78, 1140, 84
78, 1150, 85
78, 1160, 84
78, 1170, 84
78, 1180, 85
78, 1190, 85
78, 1200, 84
78, 1210, 84
78, 1220, 84
78, 1230, 84
78, 1240, 85
78, 1250, 84
78, 1260, 84
78, 1270, 84
78, 1280, 84
78, 1290, 83
78, 1300, 84
78, 1310, 83
78, 1320, 83
78, 1330, 83
78, 1340, 83
78, 1350, 83
78, 1360, 83
78, 1370, 83
78, 1380, 82
78, 1390, 83
78, 1400, 82
78, 1410, 83
78, 1420, 82
78, 1430, 83
78, 1440, 82
78, 1450, 82
78, 1460, 82
78, 1470, 82
78, 1480, 82
78, 1490, 82
78, 1500, 82
78, 1510, 82
78, 1520, 82
78, 1530, 82
78, 1540, 82
78, 1550, 82
78, 1560, 81
79, 1570, 81
79, 1580, 83
79, 1590, 83
79, 1600, 84
79, 1610, 84
79, 1620, 83
79, 1630, 83
79, 1640, 83
79, 1650, 83
79, 1660, 83
79, 1670, 83
79, 1680, 83
79, 1690, 83
79, 1700, 83
79, 1710, 83
80, 1720, 83
80, 1730, 85
80, 1740, 85
80, 1750, 84
80, 1760, 84
80, 1770, 85
80, 1780, 84
80, 1790, 84
80, 1800, 85
80, 1810, 85
80, 1820, 84
81, 1830, 84
81, 1840, 85
81, 1850, 85
81, 1860, 85
81, 1870, 86
81, 1880, 85
81, 1890, 86
81, 1900, 86
81, 1910, 85
81, 1920, 85
81, 1930, 85
81, 1940, 85
81, 1950, 85
81, 1960, 85
81, 1970, 85
81, 1980, 85
81, 1990, 85
81, 2000, 85
81, 2010, 85
81, 2020, 85
81, 2030, 85
81, 2040, 85
81, 2050, 85
81, 2060, 85
81, 2070, 85
81, 2080, 85
81, 2090, 84
81, 2100, 84
81, 2110, 85
81, 2120, 85
81, 2130, 84
81, 2140, 84
81, 2150, 84
81, 2160, 84
81, 2170, 84
81, 2180, 84
81, 2190, 84
81, 2200, 84
81, 2210, 84
81, 2220, 84
82, 2230, 84
82, 2240, 85
82, 2250, 85
82, 2260, 86
82, 2270, 85
82, 2280, 85
82, 2290, 85
82, 2300, 86
82, 2310, 85
82, 2320, 85
82, 2330, 85
82, 2340, 85
82, 2350, 85
82, 2360, 85
82, 2370, 85
82, 2380, 85
82, 2390, 85
{'count': 2390, 'truepos': 73, 'falseneg': 30, 'correction': 0, 'unknownyes': 1, 'falsepos': 9, 'unique': 2390}
10: Hall.csv: three: 0, 0
5, 10
7, 20, 103
10, 30, 99
14, 40, 100
19, 50, 92
23, 60, 93
28, 70, 99
34, 80, 99
40, 90, 76
46, 100, 77
52, 110, 105
57, 120, 103
58, 130, 113
59, 140, 101
60, 150, 99
61, 160, 86
65, 170, 91
65, 180, 97
69, 190, 91
69, 200, 101
70, 210, 102
70, 220, 91
73, 230, 89
75, 240, 94
75, 250, 96
76, 260, 94
76, 270, 92
77, 280, 92
78, 290, 93
79, 300, 92
80, 310, 94
80, 320, 94
80, 330, 93
80, 340, 97
80, 350, 95
80, 360, 94
80, 370, 90
80, 380, 94
81, 390, 90
81, 400, 92
81, 410, 94
81, 420, 92
81, 430, 92
81, 440, 91
81, 450, 91
81, 460, 88
81, 470, 88
81, 480, 89
81, 490, 89
81, 500, 88
81, 510, 87
81, 520, 88
81, 530, 90
82, 540, 87
82, 550, 87
82, 560, 88
82, 570, 88
82, 580, 88
82, 590, 88
82, 600, 87
82, 610, 88
82, 620, 87
82, 630, 88
82, 640, 87
82, 650, 87
82, 660, 87
82, 670, 87
82, 680, 87
82, 690, 88
82, 700, 87
82, 710, 86
82, 720, 87
{'count': 1483, 'truepos': 82, 'falseneg': 20, 'correction': 39, 'unknownyes': 2, 'falsepos': 0, 'unique': 720}
10: Hall.csv: machine: 0, 0
7, 10
8, 20, 111
11, 30, 110
16, 40, 109
19, 50, 97
23, 60, 92
['yes']
['no' 'no' 'no' 'no' 'no' 'no' 'yes' 'no' 'no' 'yes' 'yes' 'no' 'no' 'no'
 'no' 'no' 'yes' 'no' 'no']
27, 60, 92
29, 70, 95
31, 80, 89
33, 90, 72
38, 100, 73
40, 110, 77
['yes']
['yes' 'no' 'no' 'no' 'no' 'no' 'yes' 'no' 'no' 'no' 'no' 'no' 'yes' 'no'
 'no' 'no' 'yes' 'yes' 'no']
44, 110, 77
48, 120, 87
48, 130, 85
50, 140, 76
51, 150, 81
52, 160, 75
['yes']
['no' 'yes' 'no' 'no' 'no' 'no' 'no' 'no' 'no' 'yes' 'no' 'no' 'no' 'no'
 'no' 'no' 'yes' 'no' 'yes']
55, 160, 75
58, 170, 76
61, 180, 76
65, 190, 76
68, 200, 82
69, 210, 85
['yes']
['no' 'no' 'yes' 'no' 'no' 'yes' 'no' 'no' 'no' 'no' 'yes' 'no' 'no' 'no'
 'no' 'no' 'no' 'no' 'no']
72, 210, 85
73, 220, 85
76, 230, 84
78, 240, 85
79, 250, 89
82, 260, 91
['no']
['no' 'no' 'no' 'yes' 'no' 'yes' 'no' 'yes' 'no' 'no' 'no' 'no' 'yes'
 'yes' 'no' 'no' 'no' 'no' 'no']
86, 260, 91
89, 270, 97
91, 280, 102
91, 290, 110
92, 300, 102
92, 310, 103
['yes']
['no' 'no' 'no' 'no' 'no' 'yes' 'no' 'no' 'no' 'no' 'no' 'no' 'no' 'no'
 'no' 'no' 'no' 'no' 'no']
92, 310, 103
93, 320, 102
93, 330, 104
94, 340, 101
95, 350, 103
95, 360, 103
['yes']
['no' 'no' 'no' 'no' 'yes' 'no' 'no' 'no' 'no' 'no' 'no' 'no' 'no' 'no'
 'no' 'no' 'no' 'no' 'no']
96, 360, 103
96, 370, 104
96, 380, 103
97, 390, 103
98, 400, 105
98, 410, 107
['yes']
['yes' 'no' 'no' 'no' 'no' 'no' 'no' 'no' 'no' 'no' 'no' 'no' 'no' 'no'
 'no' 'no' 'no' 'no' 'no']
98, 410, 107
99, 420, 107
99, 430, 109
100, 440, 108
100, 450, 110
100, 460, 107
['no']
['no' 'no' 'no' 'no' 'no' 'no' 'no' 'no' 'no' 'no' 'no' 'no' 'no' 'no'
 'no' 'no' 'no' 'no' 'no']
99, 460, 107
99, 470, 105
99, 480, 105
99, 490, 105
99, 500, 105
99, 510, 105
['no']
['no' 'no' 'no' 'no' 'no' 'no' 'no' 'no' 'no' 'no' 'no' 'no' 'no' 'no'
 'no' 'no' 'no' 'no' 'no']
98, 510, 105
{'count': 716, 'truepos': 97, 'falseneg': 5, 'correction': 26, 'unknownyes': 2, 'falsepos': 1, 'unique': 510}
10: Hall.csv: knee: 0, 0
6, 10
7, 20
10, 30
13, 40
16, 50
18, 60
22, 70
24, 80
27, 90
30, 100
32, 110
33, 120
35, 130
39, 140
40, 150
41, 160
42, 170
45, 180
47, 190
51, 200
52, 210
53, 220
54, 230
59, 240
61, 250
62, 260
63, 270
64, 280
65, 290
65, 300
65, 310
65, 320
65, 330
65, 340
65, 350
65, 360
65, 370
65, 380
{'count': 574, 'truepos': 83, 'falseneg': 15, 'correction': 20, 'unknownyes': 6, 'falsepos': 2, 'unique': 380}
10: Wahono.csv: none: 0, 0
6, 10
6, 20, 102
6, 30, 94
9, 40, 61
10, 50, 61
12, 60, 45
12, 70, 45
14, 80, 39
15, 90, 44
16, 100, 42
17, 110, 43
17, 120, 42
18, 130, 42
21, 140, 41
21, 150, 47
22, 160, 44
22, 170, 44
22, 180, 43
22, 190, 43
22, 200, 43
22, 210, 43
22, 220, 43
22, 230, 43
22, 240, 43
23, 250, 43
25, 260, 44
27, 270, 45
30, 280, 48
32, 290, 49
34, 300, 55
35, 310, 56
35, 320, 56
35, 330, 56
36, 340, 51
37, 350, 52
37, 360, 55
37, 370, 54
37, 380, 49
37, 390, 52
37, 400, 50
40, 410, 49
40, 420, 52
41, 430, 51
41, 440, 53
41, 450, 53
41, 460, 53
41, 470, 52
41, 480, 51
41, 490, 51
41, 500, 50
41, 510, 52
42, 520, 50
42, 530, 53
42, 540, 54
42, 550, 50
42, 560, 50
42, 570, 51
42, 580, 48
42, 590, 49
42, 600, 49
42, 610, 49
42, 620, 50
42, 630, 48
43, 640, 48
44, 650, 49
45, 660, 51
45, 670, 52
45, 680, 53
45, 690, 52
45, 700, 52
46, 710, 52
46, 720, 53
46, 730, 53
46, 740, 54
46, 750, 54
47, 760, 52
47, 770, 53
47, 780, 53
48, 790, 54
48, 800, 55
48, 810, 54
48, 820, 54
48, 830, 53
48, 840, 54
48, 850, 54
48, 860, 54
48, 870, 54
48, 880, 54
48, 890, 54
48, 900, 53
48, 910, 53
48, 920, 54
48, 930, 52
48, 940, 53
49, 950, 52
49, 960, 54
49, 970, 54
49, 980, 54
49, 990, 54
50, 1000, 53
50, 1010, 55
50, 1020, 54
50, 1030, 55
50, 1040, 55
50, 1050, 54
50, 1060, 54
50, 1070, 54
50, 1080, 54
50, 1090, 55
50, 1100, 54
50, 1110, 54
50, 1120, 54
50, 1130, 55
50, 1140, 54
50, 1150, 54
50, 1160, 53
51, 1170, 54
51, 1180, 55
51, 1190, 54
51, 1200, 54
52, 1210, 55
52, 1220, 56
52, 1230, 56
52, 1240, 56
52, 1250, 56
52, 1260, 56
52, 1270, 55
52, 1280, 55
52, 1290, 55
52, 1300, 55
52, 1310, 55
52, 1320, 55
52, 1330, 55
52, 1340, 55
52, 1350, 55
52, 1360, 55
52, 1370, 55
52, 1380, 55
52, 1390, 55
52, 1400, 55
52, 1410, 55
52, 1420, 55
52, 1430, 55
52, 1440, 55
52, 1450, 54
52, 1460, 55
52, 1470, 55
52, 1480, 55
52, 1490, 55
52, 1500, 54
{'count': 1500, 'truepos': 48, 'falseneg': 12, 'correction': 0, 'unknownyes': 2, 'falsepos': 4, 'unique': 1500}
10: Wahono.csv: three: 0, 0
4, 10
6, 20, 98
7, 30, 91
10, 40, 88
13, 50, 84
15, 60, 83
16, 70, 75
16, 80, 59
16, 90, 47
17, 100, 43
19, 110, 44
19, 120, 47
19, 130, 45
21, 140, 45
21, 150, 51
21, 160, 49
21, 170, 48
21, 180, 48
21, 190, 48
22, 200, 48
22, 210, 49
23, 220, 49
25, 230, 51
25, 240, 55
28, 250, 53
28, 260, 57
31, 270, 54
33, 280, 55
33, 290, 54
33, 300, 54
33, 310, 54
34, 320, 50
35, 330, 52
35, 340, 53
35, 350, 52
35, 360, 51
36, 370, 50
37, 380, 50
37, 390, 56
38, 400, 55
39, 410, 56
39, 420, 56
39, 430, 58
39, 440, 52
39, 450, 54
39, 460, 54
39, 470, 55
39, 480, 51
40, 490, 50
40, 500, 51
40, 510, 56
40, 520, 52
40, 530, 54
40, 540, 51
40, 550, 51
40, 560, 49
40, 570, 51
40, 580, 51
40, 590, 51
40, 600, 50
41, 610, 48
42, 620, 50
42, 630, 51
42, 640, 50
43, 650, 50
43, 660, 51
43, 670, 52
44, 680, 51
44, 690, 52
44, 700, 52
44, 710, 52
44, 720, 52
44, 730, 52
44, 740, 53
44, 750, 52
45, 760, 53
45, 770, 52
45, 780, 54
45, 790, 54
45, 800, 53
45, 810, 54
45, 820, 52
45, 830, 53
45, 840, 52
45, 850, 55
45, 860, 52
45, 870, 53
45, 880, 52
45, 890, 53
45, 900, 52
45, 910, 51
45, 920, 51
45, 930, 52
45, 940, 51
45, 950, 52
45, 960, 52
45, 970, 51
46, 980, 52
46, 990, 52
46, 1000, 52
46, 1010, 52
46, 1020, 52
46, 1030, 52
46, 1040, 53
46, 1050, 52
46, 1060, 52
46, 1070, 51
46, 1080, 51
46, 1090, 51
46, 1100, 51
46, 1110, 51
46, 1120, 51
47, 1130, 51
47, 1140, 53
47, 1150, 52
47, 1160, 52
47, 1170, 51
47, 1180, 51
47, 1190, 51
47, 1200, 52
47, 1210, 52
47, 1220, 51
47, 1230, 52
47, 1240, 51
47, 1250, 51
47, 1260, 51
47, 1270, 51
47, 1280, 51
47, 1290, 51
47, 1300, 51
47, 1310, 51
47, 1320, 51
47, 1330, 51
47, 1340, 51
47, 1350, 51
47, 1360, 50
47, 1370, 51
47, 1380, 50
47, 1390, 50
47, 1400, 51
47, 1410, 50
47, 1420, 51
47, 1430, 50
47, 1440, 50
47, 1450, 50
47, 1460, 50
47, 1470, 50
47, 1480, 50
47, 1490, 51
47, 1500, 51
47, 1510, 51
47, 1520, 51
47, 1530, 50
47, 1540, 50
47, 1550, 50
47, 1560, 51
47, 1570, 50
47, 1580, 50
47, 1590, 50
47, 1600, 50
47, 1610, 50
47, 1620, 50
47, 1630, 50
47, 1640, 50
47, 1650, 50
47, 1660, 50
47, 1670, 50
47, 1680, 50
47, 1690, 50
47, 1700, 50
47, 1710, 49
{'count': 3450, 'truepos': 47, 'falseneg': 14, 'correction': 25, 'unknownyes': 1, 'falsepos': 0, 'unique': 1710}
10: Wahono.csv: machine: 0, 0
6, 10
7, 20, 97
7, 30, 95
9, 40, 94
11, 50, 75
15, 60, 60
['yes']
['no' 'no' 'no' 'no' 'no' 'no' 'yes' 'yes' 'no' 'no' 'no' 'no' 'no' 'no'
 'no' 'no' 'no' 'no' 'no']
15, 60, 60
16, 70, 62
17, 80, 57
18, 90, 50
18, 100, 46
18, 110, 44
['yes']
['no' 'no' 'no' 'no' 'no' 'no' 'no' 'no' 'no' 'no' 'no' 'no' 'no' 'no'
 'no' 'no' 'no' 'no' 'no']
18, 110, 44
20, 120, 42
20, 130, 46
22, 140, 45
22, 150, 48
24, 160, 45
['yes']
['no' 'no' 'yes' 'no' 'no' 'no' 'no' 'no' 'no' 'no' 'no' 'yes' 'no' 'no'
 'no' 'no' 'no' 'no' 'no']
26, 160, 45
28, 170, 50
29, 180, 53
30, 190, 53
32, 200, 48
34, 210, 53
['yes']
['no' 'no' 'no' 'no' 'no' 'no' 'no' 'no' 'no' 'no' 'no' 'no' 'no' 'no'
 'no' 'no' 'no' 'no' 'no']
34, 210, 53
34, 220, 58
34, 230, 54
34, 240, 56
34, 250, 55
35, 260, 51
['yes']
['no' 'no' 'no' 'no' 'no' 'no' 'no' 'no' 'no' 'no' 'no' 'no' 'no' 'no'
 'no' 'no' 'no' 'no' 'no']
35, 260, 51
36, 270, 55
38, 280, 55
38, 290, 56
38, 300, 56
38, 310, 53
['yes']
['no' 'yes' 'no' 'no' 'no' 'no' 'no' 'yes' 'no' 'no' 'no' 'no' 'no' 'no'
 'no' 'yes' 'no' 'no' 'no']
40, 310, 53
41, 320, 55
42, 330, 57
42, 340, 56
42, 350, 55
42, 360, 53
['yes']
['no' 'no' 'no' 'no' 'no' 'no' 'no' 'no' 'no' 'no' 'no' 'no' 'no' 'no'
 'no' 'no' 'no' 'no' 'no']
42, 360, 53
42, 370, 57
44, 380, 53
44, 390, 57
44, 400, 58
44, 410, 57
['yes']
['no' 'no' 'no' 'no' 'no' 'no' 'no' 'no' 'no' 'no' 'no' 'no' 'no' 'no'
 'no' 'no' 'no' 'no' 'no']
44, 410, 57
44, 420, 54
45, 430, 55
45, 440, 57
45, 450, 56
45, 460, 55
['yes']
['no' 'no' 'no' 'no' 'no' 'no' 'no' 'no' 'no' 'no' 'yes' 'no' 'no' 'no'
 'no' 'no' 'no' 'no' 'no']
46, 460, 55
46, 470, 55
46, 480, 56
46, 490, 55
46, 500, 53
46, 510, 54
['yes']
['no' 'no' 'no' 'no' 'no' 'no' 'no' 'no' 'no' 'no' 'no' 'no' 'no' 'no'
 'no' 'no' 'no' 'no' 'no']
46, 510, 54
46, 520, 54
46, 530, 55
46, 540, 53
46, 550, 53
46, 560, 55
['yes']
['no' 'no' 'no' 'no' 'no' 'no' 'no' 'no' 'no' 'no' 'no' 'no' 'no' 'no'
 'no' 'no' 'no' 'no' 'no']
46, 560, 55
46, 570, 52
46, 580, 53
46, 590, 52
46, 600, 54
46, 610, 52
['yes']
['no' 'no' 'no' 'no' 'no' 'no' 'no' 'no' 'no' 'no' 'no' 'no' 'no' 'no'
 'no' 'no' 'no' 'no' 'no']
46, 610, 52
47, 620, 51
47, 630, 53
47, 640, 53
47, 650, 55
47, 660, 54
['yes']
['no' 'no' 'no' 'yes' 'no' 'no' 'no' 'no' 'no' 'yes' 'no' 'no' 'no' 'no'
 'no' 'no' 'no' 'no' 'no']
49, 660, 54
49, 670, 55
49, 680, 56
49, 690, 55
50, 700, 55
51, 710, 56
['no']
['no' 'no' 'no' 'no' 'no' 'no' 'no' 'no' 'no' 'no' 'no' 'no' 'no' 'no'
 'no' 'no' 'no' 'no' 'no']
50, 710, 56
51, 720, 56
51, 730, 57
51, 740, 57
51, 750, 57
51, 760, 56
['yes']
['no' 'no' 'no' 'no' 'no' 'no' 'no' 'no' 'no' 'no' 'no' 'no' 'no' 'no'
 'no' 'no' 'no' 'no' 'no']
52, 760, 56
52, 770, 58
52, 780, 57
53, 790, 57
53, 800, 59
53, 810, 60
['yes']
['no' 'no' 'no' 'no' 'no' 'no' 'no' 'no' 'no' 'no' 'no' 'no' 'no' 'no'
 'no' 'no' 'no' 'no' 'no']
53, 810, 60
53, 820, 59
53, 830, 59
53, 840, 58
53, 850, 58
53, 860, 57
['yes']
['no' 'no' 'no' 'no' 'no' 'no' 'no' 'no' 'no' 'no' 'no' 'no' 'yes' 'no'
 'no' 'no' 'no' 'no' 'no']
54, 860, 57
54, 870, 58
54, 880, 59
54, 890, 58
54, 900, 59
54, 910, 59
['no']
['no' 'no' 'no' 'no' 'yes' 'no' 'no' 'no' 'no' 'no' 'no' 'no' 'no' 'no'
 'no' 'no' 'no' 'no' 'no']
53, 910, 59
54, 920, 57
54, 930, 59
54, 940, 58
54, 950, 58
54, 960, 58
['yes']
['no' 'no' 'no' 'no' 'no' 'no' 'no' 'no' 'no' 'no' 'no' 'no' 'no' 'no'
 'no' 'no' 'no' 'no' 'no']
54, 960, 58
54, 970, 59
54, 980, 58
54, 990, 59
54, 1000, 58
54, 1010, 58
['yes']
['no' 'no' 'no' 'no' 'no' 'no' 'no' 'no' 'no' 'no' 'no' 'no' 'no' 'yes'
 'no' 'no' 'no' 'no' 'no']
55, 1010, 58
55, 1020, 61
55, 1030, 59
56, 1040, 59
56, 1050, 61
56, 1060, 61
['yes']
['no' 'no' 'yes' 'no' 'no' 'no' 'no' 'no' 'no' 'no' 'no' 'no' 'no' 'no'
 'no' 'no' 'no' 'no' 'no']
57, 1060, 61
57, 1070, 62
58, 1080, 61
58, 1090, 63
58, 1100, 63
58, 1110, 63
['yes']
['no' 'no' 'no' 'no' 'no' 'no' 'no' 'no' 'no' 'no' 'no' 'no' 'no' 'no'
 'no' 'no' 'no' 'no' 'no']
59, 1110, 63
59, 1120, 65
59, 1130, 65
59, 1140, 65
59, 1150, 64
59, 1160, 65
['yes']
['no' 'no' 'no' 'no' 'no' 'no' 'no' 'no' 'no' 'no' 'no' 'no' 'no' 'no'
 'no' 'no' 'no' 'no' 'no']
58, 1160, 65
58, 1170, 64
58, 1180, 64
58, 1190, 63
58, 1200, 64
58, 1210, 64
['no']
['no' 'no' 'no' 'no' 'no' 'no' 'no' 'no' 'no' 'no' 'no' 'yes' 'no' 'no'
 'no' 'no' 'no' 'no' 'no']
58, 1210, 64
58, 1220, 63
58, 1230, 63
58, 1240, 63
58, 1250, 63
58, 1260, 63
['yes']
['no' 'no' 'no' 'no' 'no' 'no' 'no' 'no' 'no' 'no' 'no' 'no' 'no' 'no'
 'no' 'no' 'no' 'no' 'no']
58, 1260, 63
58, 1270, 63
58, 1280, 63
58, 1290, 63
58, 1300, 62
58, 1310, 62
['yes']
['no' 'no' 'no' 'no' 'no' 'no' 'no' 'no' 'no' 'no' 'no' 'no' 'no' 'no'
 'no' 'no' 'no' 'no' 'no']
58, 1310, 62
58, 1320, 63
58, 1330, 62
58, 1340, 63
58, 1350, 63
58, 1360, 62
['no']
['no' 'no' 'no' 'no' 'no' 'no' 'no' 'no' 'no' 'no' 'no' 'no' 'no' 'no'
 'no' 'no' 'no' 'no' 'no']
57, 1360, 62
57, 1370, 61
57, 1380, 61
57, 1390, 61
57, 1400, 60
57, 1410, 60
['yes']
['no' 'no' 'no' 'no' 'no' 'no' 'no' 'no' 'no' 'no' 'no' 'no' 'no' 'no'
 'no' 'no' 'no' 'no' 'no']
57, 1410, 60
57, 1420, 61
{'count': 1988, 'truepos': 55, 'falseneg': 5, 'correction': 20, 'unknownyes': 2, 'falsepos': 2, 'unique': 1420}
10: Wahono.csv: knee: 0, 0
3, 10
3, 20
4, 30
7, 40
7, 50
7, 60
7, 70
7, 80
7, 90
8, 100
8, 110
9, 120
12, 130
13, 140
14, 150
15, 160
15, 170
18, 180
21, 190
23, 200
23, 210
24, 220
24, 230
24, 240
24, 250
24, 260
24, 270
24, 280
24, 290
24, 300
24, 310
24, 320
25, 330
26, 340
26, 350
27, 360
29, 370
29, 380
29, 390
31, 400
32, 410
32, 420
32, 430
33, 440
33, 450
34, 460
35, 470
35, 480
36, 490
36, 500
36, 510
36, 520
36, 530
36, 540
36, 550
37, 560
37, 570
37, 580
37, 590
38, 600
38, 610
38, 620
38, 630
38, 640
38, 650
38, 660
38, 670
38, 680
38, 690
38, 700
38, 710
38, 720
38, 730
38, 740
38, 750
38, 760
38, 770
39, 780
39, 790
39, 800
39, 810
39, 820
39, 830
39, 840
39, 850
39, 860
39, 870
39, 880
{'count': 1338, 'truepos': 51, 'falseneg': 3, 'correction': 16, 'unknownyes': 8, 'falsepos': 3, 'unique': 880}
10: Danijel.csv: none: 0, 0
3, 10
3, 20, 107
3, 30, 88
3, 40, 55
3, 50, 48
4, 60, 46
4, 70, 48
4, 80, 46
4, 90, 46
7, 100, 47
8, 110, 52
9, 120, 50
11, 130, 48
11, 140, 50
12, 150, 45
14, 160, 48
15, 170, 48
16, 180, 51
17, 190, 48
17, 200, 47
18, 210, 46
18, 220, 47
18, 230, 45
18, 240, 45
19, 250, 45
19, 260, 44
19, 270, 44
19, 280, 44
19, 290, 44
19, 300, 44
19, 310, 44
19, 320, 44
19, 330, 44
20, 340, 44
20, 350, 45
20, 360, 46
21, 370, 46
21, 380, 46
21, 390, 46
22, 400, 46
22, 410, 47
22, 420, 47
22, 430, 47
22, 440, 48
22, 450, 48
22, 460, 48
22, 470, 48
23, 480, 48
24, 490, 48
24, 500, 49
24, 510, 49
24, 520, 49
24, 530, 49
24, 540, 49
24, 550, 49
24, 560, 49
25, 570, 49
25, 580, 51
25, 590, 51
25, 600, 51
25, 610, 51
25, 620, 51
25, 630, 51
25, 640, 51
25, 650, 51
25, 660, 51
25, 670, 51
25, 680, 51
25, 690, 51
25, 700, 51
25, 710, 51
25, 720, 51
25, 730, 51
25, 740, 51
25, 750, 51
25, 760, 51
25, 770, 51
25, 780, 51
25, 790, 51
25, 800, 51
25, 810, 51
25, 820, 51
25, 830, 52
25, 840, 52
25, 850, 52
25, 860, 52
25, 870, 52
25, 880, 52
25, 890, 52
25, 900, 52
25, 910, 52
25, 920, 52
25, 930, 52
25, 940, 52
25, 950, 52
25, 960, 52
25, 970, 52
25, 980, 52
25, 990, 52
25, 1000, 52
25, 1010, 52
25, 1020, 52
25, 1030, 52
25, 1040, 52
25, 1050, 52
25, 1060, 52
25, 1070, 52
25, 1080, 52
26, 1090, 52
27, 1100, 53
27, 1110, 54
28, 1120, 54
28, 1130, 54
28, 1140, 54
28, 1150, 54
28, 1160, 54
28, 1170, 54
28, 1180, 54
28, 1190, 54
28, 1200, 54
28, 1210, 54
28, 1220, 54
28, 1230, 54
28, 1240, 54
28, 1250, 54
28, 1260, 54
28, 1270, 54
28, 1280, 54
28, 1290, 54
28, 1300, 54
28, 1310, 54
28, 1320, 54
28, 1330, 54
28, 1340, 54
28, 1350, 54
28, 1360, 54
28, 1370, 54
28, 1380, 54
28, 1390, 54
28, 1400, 54
28, 1410, 54
28, 1420, 53
28, 1430, 53
28, 1440, 53
30, 1450, 53
30, 1460, 33
30, 1470, 34
30, 1480, 33
30, 1490, 33
30, 1500, 33
30, 1510, 33
30, 1520, 32
30, 1530, 32
30, 1540, 33
30, 1550, 32
30, 1560, 32
30, 1570, 32
30, 1580, 32
30, 1590, 32
30, 1600, 32
30, 1610, 32
30, 1620, 32
30, 1630, 32
30, 1640, 32
30, 1650, 32
30, 1660, 33
31, 1670, 32
31, 1680, 33
31, 1690, 33
31, 1700, 33
31, 1710, 33
31, 1720, 33
31, 1730, 33
31, 1740, 33
31, 1750, 33
31, 1760, 33
31, 1770, 33
31, 1780, 33
31, 1790, 33
31, 1800, 33
31, 1810, 33
31, 1820, 33
{'count': 1820, 'truepos': 27, 'falseneg': 21, 'correction': 0, 'unknownyes': 0, 'falsepos': 4, 'unique': 1820}
10: Danijel.csv: three: 0, 0
4, 10
4, 20, 125
8, 30, 97
9, 40, 90
9, 50, 75
9, 60, 61
9, 70, 48
11, 80, 42
12, 90, 44
14, 100, 41
15, 110, 42
16, 120, 41
18, 130, 41
21, 140, 43
21, 150, 48
21, 160, 45
23, 170, 44
24, 180, 44
26, 190, 46
26, 200, 47
26, 210, 45
26, 220, 44
27, 230, 44
27, 240, 46
27, 250, 45
28, 260, 45
28, 270, 46
28, 280, 46
28, 290, 46
28, 300, 46
28, 310, 46
28, 320, 46
28, 330, 46
28, 340, 46
28, 350, 47
28, 360, 47
29, 370, 47
29, 380, 48
30, 390, 48
30, 400, 39
30, 410, 37
30, 420, 38
31, 430, 36
31, 440, 40
32, 450, 38
32, 460, 41
32, 470, 40
32, 480, 38
33, 490, 39
33, 500, 42
33, 510, 40
33, 520, 40
33, 530, 40
33, 540, 40
33, 550, 41
33, 560, 40
33, 570, 38
33, 580, 38
33, 590, 39
33, 600, 39
33, 610, 39
33, 620, 39
33, 630, 38
34, 640, 39
34, 650, 39
34, 660, 40
34, 670, 39
34, 680, 39
34, 690, 39
34, 700, 39
34, 710, 39
34, 720, 39
34, 730, 39
34, 740, 38
34, 750, 38
34, 760, 38
34, 770, 40
34, 780, 38
34, 790, 38
34, 800, 38
34, 810, 38
34, 820, 38
34, 830, 39
34, 840, 38
34, 850, 37
34, 860, 38
34, 870, 37
34, 880, 38
34, 890, 37
34, 900, 37
34, 910, 37
34, 920, 38
34, 930, 37
34, 940, 37
34, 950, 37
34, 960, 37
34, 970, 37
34, 980, 37
34, 990, 36
34, 1000, 37
34, 1010, 37
34, 1020, 37
34, 1030, 37
34, 1040, 37
34, 1050, 37
34, 1060, 36
34, 1070, 36
34, 1080, 37
34, 1090, 36
34, 1100, 36
34, 1110, 37
34, 1120, 36
34, 1130, 37
34, 1140, 37
34, 1150, 37
34, 1160, 37
34, 1170, 36
34, 1180, 37
34, 1190, 37
34, 1200, 36
34, 1210, 36
34, 1220, 37
34, 1230, 36
34, 1240, 36
34, 1250, 36
34, 1260, 36
34, 1270, 36
34, 1280, 37
34, 1290, 36
34, 1300, 36
34, 1310, 36
34, 1320, 36
34, 1330, 36
34, 1340, 36
34, 1350, 36
34, 1360, 36
34, 1370, 36
34, 1380, 36
34, 1390, 36
34, 1400, 36
34, 1410, 36
34, 1420, 36
34, 1430, 36
34, 1440, 36
34, 1450, 36
34, 1460, 36
34, 1470, 36
34, 1480, 36
34, 1490, 36
34, 1500, 36
34, 1510, 36
34, 1520, 36
34, 1530, 36
34, 1540, 36
34, 1550, 35
35, 1560, 35
35, 1570, 37
35, 1580, 37
35, 1590, 37
35, 1600, 37
{'count': 3226, 'truepos': 35, 'falseneg': 12, 'correction': 25, 'unknownyes': 1, 'falsepos': 0, 'unique': 1600}
10: Danijel.csv: machine: 0, 0
1, 10
1, 20, 129
1, 30, 112
1, 40, 90
1, 50, 80
1, 60, 77
['yes']
['no' 'no' 'no' 'no' 'no' 'no' 'no' 'no' 'no' 'no' 'no' 'no' 'no' 'no'
 'no' 'no' 'no' 'no' 'no']
1, 60, 77
1, 70, 75
1, 80, 74
2, 90, 73
3, 100, 73
4, 110, 68
['yes']
['no' 'no' 'no' 'no' 'no' 'no' 'no' 'no' 'no' 'no' 'no' 'no' 'no' 'no'
 'no' 'no' 'yes' 'no' 'no']
5, 110, 68
8, 120, 54
8, 130, 63
11, 140, 53
11, 150, 55
13, 160, 52
['yes']
['yes' 'no' 'no' 'no' 'no' 'yes' 'no' 'no' 'yes' 'no' 'no' 'no' 'no' 'no'
 'no' 'no' 'no' 'no' 'no']
16, 160, 52
18, 170, 57
20, 180, 54
21, 190, 57
21, 200, 53
22, 210, 50
['yes']
['yes' 'no' 'yes' 'no' 'no' 'no' 'no' 'no' 'no' 'no' 'no' 'no' 'no' 'no'
 'yes' 'no' 'no' 'no' 'yes']
25, 210, 50
25, 220, 58
25, 230, 53
25, 240, 51
26, 250, 48
26, 260, 48
['yes']
['no' 'no' 'no' 'no' 'no' 'no' 'no' 'no' 'no' 'no' 'no' 'no' 'no' 'no'
 'no' 'no' 'no' 'no' 'no']
25, 260, 48
26, 270, 47
26, 280, 47
27, 290, 47
27, 300, 48
27, 310, 48
['yes']
['no' 'no' 'no' 'no' 'no' 'yes' 'no' 'no' 'no' 'no' 'no' 'no' 'no' 'no'
 'yes' 'yes' 'no' 'yes' 'yes']
29, 310, 48
29, 320, 49
29, 330, 48
29, 340, 48
29, 350, 48
30, 360, 48
['yes']
['no' 'no' 'no' 'no' 'no' 'no' 'no' 'no' 'no' 'no' 'no' 'no' 'no' 'no'
 'no' 'no' 'no' 'no' 'no']
30, 360, 48
30, 370, 39
31, 380, 39
32, 390, 38
32, 400, 39
32, 410, 39
['yes']
['no' 'no' 'no' 'no' 'no' 'no' 'no' 'no' 'no' 'yes' 'no' 'no' 'no' 'no'
 'no' 'no' 'no' 'no' 'no']
32, 410, 39
32, 420, 38
32, 430, 38
33, 440, 37
33, 450, 40
33, 460, 38
['yes']
['no' 'no' 'no' 'no' 'no' 'yes' 'no' 'no' 'no' 'no' 'no' 'no' 'no' 'no'
 'no' 'no' 'no' 'no' 'no']
34, 460, 38
34, 470, 40
34, 480, 39
34, 490, 39
34, 500, 38
34, 510, 38
['yes']
['no' 'no' 'no' 'no' 'no' 'no' 'no' 'no' 'no' 'no' 'no' 'yes' 'no' 'no'
 'no' 'no' 'no' 'no' 'no']
33, 510, 38
33, 520, 38
33, 530, 37
33, 540, 37
33, 550, 37
33, 560, 37
['yes']
['no' 'no' 'no' 'no' 'no' 'no' 'no' 'no' 'no' 'no' 'no' 'yes' 'no' 'no'
 'no' 'no' 'no' 'no' 'no']
33, 560, 37
33, 570, 37
33, 580, 37
33, 590, 37
33, 600, 37
33, 610, 37
['yes']
['no' 'no' 'no' 'no' 'no' 'no' 'no' 'no' 'no' 'no' 'no' 'no' 'no' 'no'
 'no' 'no' 'no' 'no' 'no']
33, 610, 37
33, 620, 37
33, 630, 38
33, 640, 37
33, 650, 37
33, 660, 37
['yes']
['no' 'no' 'no' 'no' 'no' 'no' 'no' 'no' 'no' 'no' 'no' 'no' 'no' 'no'
 'no' 'no' 'no' 'no' 'no']
33, 660, 37
33, 670, 36
33, 680, 36
33, 690, 36
33, 700, 36
33, 710, 37
['yes']
['no' 'no' 'no' 'no' 'no' 'no' 'no' 'no' 'no' 'no' 'no' 'no' 'no' 'no'
 'no' 'no' 'no' 'no' 'no']
33, 710, 37
33, 720, 36
33, 730, 36
34, 740, 36
34, 750, 37
34, 760, 37
['yes']
['no' 'no' 'no' 'no' 'no' 'no' 'no' 'no' 'no' 'no' 'no' 'no' 'no' 'no'
 'no' 'no' 'no' 'no' 'no']
34, 760, 37
34, 770, 37
34, 780, 37
34, 790, 37
34, 800, 37
34, 810, 37
['yes']
['no' 'no' 'no' 'no' 'no' 'no' 'no' 'no' 'no' 'no' 'no' 'no' 'no' 'no'
 'no' 'no' 'no' 'no' 'no']
34, 810, 37
34, 820, 36
34, 830, 37
34, 840, 37
34, 850, 36
34, 860, 37
['yes']
['no' 'no' 'no' 'no' 'no' 'no' 'no' 'no' 'no' 'no' 'no' 'no' 'no' 'no'
 'no' 'no' 'no' 'no' 'no']
34, 860, 37
34, 870, 36
34, 880, 36
34, 890, 37
34, 900, 36
34, 910, 36
['yes']
['no' 'no' 'no' 'no' 'no' 'no' 'no' 'no' 'no' 'no' 'no' 'no' 'no' 'no'
 'no' 'no' 'no' 'no' 'no']
34, 910, 36
34, 920, 36
34, 930, 36
34, 940, 36
34, 950, 36
34, 960, 36
['yes']
['no' 'no' 'no' 'no' 'no' 'no' 'no' 'no' 'no' 'no' 'no' 'no' 'no' 'no'
 'no' 'no' 'no' 'no' 'no']
33, 960, 36
33, 970, 35
33, 980, 36
33, 990, 35
34, 1000, 36
34, 1010, 37
['no']
['no' 'no' 'no' 'no' 'no' 'no' 'no' 'no' 'no' 'no' 'no' 'no' 'no' 'no'
 'no' 'no' 'no' 'no' 'no']
33, 1010, 37
33, 1020, 35
33, 1030, 35
33, 1040, 35
33, 1050, 35
33, 1060, 36
['yes']
['no' 'no' 'no' 'no' 'no' 'no' 'no' 'no' 'no' 'yes' 'no' 'no' 'no' 'no'
 'no' 'no' 'no' 'no' 'no']
34, 1060, 36
34, 1070, 36
34, 1080, 37
34, 1090, 36
34, 1100, 36
34, 1110, 36
['yes']
['no' 'no' 'no' 'no' 'no' 'no' 'no' 'no' 'no' 'no' 'no' 'no' 'no' 'no'
 'no' 'no' 'no' 'no' 'no']
34, 1110, 36
34, 1120, 37
34, 1130, 36
34, 1140, 36
34, 1150, 36
34, 1160, 36
['yes']
['no' 'no' 'no' 'no' 'no' 'no' 'no' 'no' 'no' 'no' 'no' 'no' 'no' 'no'
 'no' 'no' 'no' 'no' 'no']
34, 1160, 36
34, 1170, 36
34, 1180, 35
35, 1190, 36
35, 1200, 37
35, 1210, 38
['no']
['no' 'no' 'no' 'no' 'no' 'no' 'no' 'no' 'no' 'no' 'no' 'no' 'no' 'no'
 'no' 'no' 'no' 'no' 'no']
34, 1210, 38
34, 1220, 36
35, 1230, 36
35, 1240, 37
35, 1250, 37
36, 1260, 37
['yes']
['no' 'no' 'no' 'no' 'no' 'no' 'no' 'no' 'no' 'no' 'no' 'no' 'no' 'no'
 'no' 'no' 'no' 'no' 'no']
37, 1260, 37
37, 1270, 40
37, 1280, 39
37, 1290, 39
38, 1300, 39
38, 1310, 41
['no']
['no' 'no' 'no' 'no' 'no' 'no' 'no' 'no' 'no' 'no' 'no' 'no' 'no' 'no'
 'no' 'no' 'no' 'no' 'no']
37, 1310, 41
37, 1320, 39
37, 1330, 40
37, 1340, 39
37, 1350, 40
37, 1360, 39
['yes']
['no' 'no' 'no' 'no' 'no' 'no' 'no' 'no' 'no' 'no' 'no' 'no' 'no' 'no'
 'no' 'no' 'no' 'no' 'no']
37, 1360, 39
38, 1370, 39
38, 1380, 42
{'count': 1929, 'truepos': 36, 'falseneg': 12, 'correction': 19, 'unknownyes': 0, 'falsepos': 2, 'unique': 1380}
10: Danijel.csv: knee: 0, 0
3, 10
5, 20
8, 30
8, 40
9, 50
9, 60
12, 70
15, 80
20, 90
20, 100
22, 110
23, 120
23, 130
24, 140
25, 150
25, 160
25, 170
25, 180
25, 190
26, 200
27, 210
27, 220
27, 230
28, 240
30, 250
30, 260
30, 270
30, 280
30, 290
30, 300
31, 310
32, 320
32, 330
32, 340
32, 350
32, 360
33, 370
33, 380
34, 390
34, 400
34, 410
34, 420
35, 430
35, 440
35, 450
35, 460
35, 470
35, 480
35, 490
35, 500
35, 510
35, 520
35, 530
35, 540
35, 550
{'count': 686, 'truepos': 40, 'falseneg': 4, 'correction': 7, 'unknownyes': 4, 'falsepos': 1, 'unique': 550}
10: K_all3.csv: none: 0, 0
1, 10
1, 20, 93
1, 30, 61
2, 40, 51
2, 50, 48
2, 60, 44
2, 70, 43
2, 80, 42
2, 90, 41
4, 100, 40
5, 110, 46
6, 120, 43
7, 130, 42
9, 140, 43
10, 150, 43
11, 160, 42
12, 170, 42
14, 180, 42
16, 190, 43
16, 200, 45
19, 210, 43
21, 220, 47
25, 230, 46
26, 240, 49
27, 250, 48
28, 260, 47
30, 270, 47
31, 280, 45
32, 290, 42
32, 300, 45
32, 310, 43
32, 320, 42
32, 330, 40
32, 340, 40
32, 350, 38
32, 360, 37
32, 370, 37
33, 380, 38
34, 390, 37
34, 400, 39
34, 410, 39
34, 420, 39
35, 430, 37
35, 440, 38
36, 450, 39
36, 460, 39
37, 470, 39
37, 480, 39
37, 490, 39
37, 500, 40
37, 510, 39
38, 520, 39
38, 530, 41
{'count': 530, 'truepos': 34, 'falseneg': 8, 'correction': 0, 'unknownyes': 3, 'falsepos': 4, 'unique': 530}
10: K_all3.csv: three: 0, 0
1, 10
1, 20, 93
1, 30, 61
1, 40, 51
1, 50, 48
1, 60, 46
1, 70, 44
1, 80, 43
2, 90, 42
4, 100, 43
7, 110, 49
9, 120, 48
9, 130, 48
10, 140, 45
12, 150, 43
12, 160, 44
13, 170, 42
13, 180, 42
13, 190, 41
13, 200, 40
14, 210, 40
15, 220, 41
16, 230, 40
18, 240, 41
19, 250, 42
19, 260, 42
19, 270, 41
20, 280, 41
20, 290, 42
20, 300, 41
20, 310, 41
20, 320, 41
20, 330, 40
20, 340, 40
20, 350, 40
20, 360, 40
20, 370, 40
20, 380, 40
20, 390, 40
22, 400, 40
24, 410, 41
26, 420, 41
29, 430, 42
30, 440, 44
30, 450, 36
30, 460, 36
30, 470, 38
31, 480, 35
32, 490, 37
32, 500, 39
33, 510, 37
33, 520, 38
33, 530, 38
33, 540, 36
34, 550, 36
34, 560, 38
35, 570, 37
35, 580, 38
35, 590, 38
35, 600, 37
35, 610, 38
35, 620, 37
35, 630, 37
35, 640, 38
36, 650, 37
36, 660, 38
36, 670, 38
36, 680, 38
36, 690, 38
36, 700, 38
{'count': 1422, 'truepos': 36, 'falseneg': 8, 'correction': 21, 'unknownyes': 1, 'falsepos': 0, 'unique': 700}
10: K_all3.csv: machine: 0, 0
1, 10
1, 20, 94
1, 30, 61
1, 40, 51
1, 50, 48
2, 60, 46
['yes']
['no' 'no' 'no' 'no' 'no' 'no' 'no' 'no' 'no' 'no' 'no' 'no' 'no' 'no'
 'no' 'no' 'no' 'no' 'no']
2, 60, 46
2, 70, 46
2, 80, 44
2, 90, 44
3, 100, 43
3, 110, 43
['no']
['no' 'no' 'no' 'no' 'no' 'no' 'no' 'no' 'no' 'no' 'no' 'no' 'no' 'no'
 'no' 'no' 'no' 'no' 'no']
3, 110, 43
3, 120, 41
3, 130, 39
3, 140, 38
3, 150, 38
4, 160, 37
['yes']
['no' 'no' 'no' 'no' 'no' 'no' 'no' 'no' 'no' 'no' 'no' 'no' 'no' 'no'
 'no' 'no' 'no' 'no' 'no']
4, 160, 37
4, 170, 39
4, 180, 39
4, 190, 38
4, 200, 38
4, 210, 38
['no']
['no' 'no' 'no' 'no' 'no' 'no' 'no' 'no' 'no' 'no' 'no' 'no' 'no' 'no'
 'no' 'no' 'no' 'yes' 'no']
4, 210, 38
5, 220, 41
6, 230, 43
9, 240, 44
11, 250, 47
12, 260, 47
['yes']
['no' 'no' 'no' 'no' 'no' 'yes' 'no' 'no' 'no' 'no' 'no' 'no' 'yes' 'no'
 'no' 'no' 'no' 'no' 'no']
13, 260, 47
16, 270, 47
17, 280, 48
18, 290, 48
20, 300, 47
22, 310, 48
['yes']
['no' 'no' 'no' 'no' 'no' 'yes' 'no' 'yes' 'no' 'no' 'no' 'no' 'no' 'no'
 'no' 'yes' 'no' 'no' 'no']
26, 310, 48
28, 320, 53
28, 330, 53
28, 340, 51
29, 350, 50
30, 360, 50
['no']
['no' 'no' 'no' 'no' 'no' 'no' 'no' 'no' 'no' 'no' 'no' 'no' 'no' 'no'
 'no' 'no' 'no' 'no' 'no']
29, 360, 50
30, 370, 50
30, 380, 41
31, 390, 37
31, 400, 39
31, 410, 38
['yes']
['no' 'no' 'no' 'no' 'no' 'no' 'no' 'no' 'no' 'no' 'no' 'no' 'no' 'no'
 'no' 'no' 'no' 'no' 'no']
32, 410, 38
33, 420, 38
34, 430, 41
36, 440, 42
36, 450, 45
36, 460, 45
['yes']
['no' 'no' 'no' 'no' 'no' 'no' 'no' 'yes' 'no' 'no' 'no' 'no' 'no' 'no'
 'no' 'yes' 'no' 'no' 'no']
37, 460, 45
37, 470, 44
38, 480, 44
38, 490, 44
39, 500, 43
39, 510, 45
['yes']
['no' 'no' 'no' 'no' 'no' 'no' 'no' 'no' 'no' 'no' 'no' 'no' 'no' 'no'
 'no' 'no' 'no' 'no' 'no']
39, 510, 45
40, 520, 44
40, 530, 45
41, 540, 44
41, 550, 45
42, 560, 45
['no']
['no' 'no' 'no' 'no' 'no' 'no' 'no' 'no' 'no' 'no' 'no' 'no' 'no' 'no'
 'no' 'no' 'yes' 'no' 'no']
42, 560, 45
42, 570, 45
42, 580, 46
42, 590, 45
43, 600, 45
43, 610, 46
['yes']
['no' 'no' 'no' 'no' 'no' 'no' 'no' 'no' 'no' 'no' 'no' 'no' 'no' 'no'
 'no' 'no' 'no' 'no' 'no']
43, 610, 46
43, 620, 47
43, 630, 46
43, 640, 46
43, 650, 46
46, 660, 46
['yes']
['no' 'no' 'no' 'no' 'no' 'no' 'no' 'no' 'no' 'no' 'no' 'no' 'no' 'no'
 'no' 'no' 'no' 'no' 'no']
45, 660, 46
45, 670, 48
{'count': 934, 'truepos': 40, 'falseneg': 3, 'correction': 13, 'unknownyes': 2, 'falsepos': 5, 'unique': 670}
10: K_all3.csv: knee: 0, 0
1, 10
1, 20
1, 30
1, 40
1, 50
1, 60
2, 70
2, 80
2, 90
2, 100
3, 110
3, 120
5, 130
7, 140
7, 150
8, 160
9, 170
11, 180
11, 190
12, 200
13, 210
14, 220
15, 230
18, 240
21, 250
22, 260
23, 270
23, 280
23, 290
25, 300
26, 310
26, 320
26, 330
26, 340
26, 350
26, 360
26, 370
26, 380
26, 390
26, 400
26, 410
26, 420
26, 430
27, 440
28, 450
29, 460
30, 470
30, 480
31, 490
31, 500
31, 510
31, 520
31, 530
31, 540
32, 550
32, 560
32, 570
32, 580
32, 590
33, 600
34, 610
34, 620
34, 630
34, 640
34, 650
34, 660
34, 670
34, 680
34, 690
35, 700
35, 710
35, 720
35, 730
35, 740
35, 750
35, 760
35, 770
35, 780
35, 790
35, 800
35, 810
35, 820
35, 830
35, 840
35, 850
35, 860
35, 870
35, 880
35, 890
35, 900
35, 910
35, 920
35, 930
35, 940
37, 950
37, 960
37, 970
37, 980
37, 990
37, 1000
37, 1010
37, 1020
37, 1030
37, 1040
37, 1050
37, 1060
37, 1070
37, 1080
37, 1090
38, 1100
38, 1110
38, 1120
38, 1130
38, 1140
38, 1150
38, 1160
38, 1170
38, 1180
38, 1190
38, 1200
38, 1210
38, 1220
38, 1230
38, 1240
38, 1250
38, 1260
38, 1270
38, 1280
38, 1290
38, 1300
38, 1310
38, 1320
38, 1330
38, 1340
38, 1350
39, 1360
39, 1370
39, 1380
39, 1390
39, 1400
39, 1410
40, 1420
40, 1430
40, 1440
40, 1450
40, 1460
40, 1470
40, 1480
40, 1490
40, 1500
40, 1510
42, 1520
42, 1530
42, 1540
42, 1550
42, 1560
42, 1570
42, 1580
42, 1590
42, 1600
42, 1610
42, 1620
42, 1630
42, 1640
42, 1650
42, 1660
42, 1670
42, 1680
42, 1690
42, 1700
42, 1704

------------------------------------------------------------
Sender: LSF System <lsfadmin@n2a1-12>
Subject: Job 759527: </share/tjmenzie/zyu9/miniconda2/bin/python2.7 runner.py error_hpcc 10> in cluster <henry2> Exited

Job </share/tjmenzie/zyu9/miniconda2/bin/python2.7 runner.py error_hpcc 10> was submitted from host <login01.hpc.ncsu.edu> by user <zyu9> in cluster <henry2> at Sat Feb 24 16:17:36 2018.
Job was executed on host(s) <2*n2a1-12>, in queue <single_chassis>, as user <zyu9> in cluster <henry2> at Sat Feb 24 16:17:42 2018.
</home/zyu9> was used as the home directory.
</home/zyu9/projects/MAR_HPC/Error/src> was used as the working directory.
Started at Sat Feb 24 16:17:42 2018.
Terminated at Sat Feb 24 18:00:25 2018.
Results reported at Sat Feb 24 18:00:25 2018.

Your job looked like:

------------------------------------------------------------
# LSBATCH: User input
/share/tjmenzie/zyu9/miniconda2/bin/python2.7 runner.py error_hpcc 10
------------------------------------------------------------

Exited with exit code 1.

Resource usage summary:

    CPU time :                                   7588.14 sec.
    Max Memory :                                 283.07 MB
    Average Memory :                             224.50 MB
    Total Requested Memory :                     -
    Delta Memory :                               -
    Max Swap :                                   1328 MB
    Max Processes :                              3
    Max Threads :                                8
    Run time :                                   6168 sec.
    Turnaround time :                            6169 sec.

The output (if any) is above this job summary.



PS: The stderr output (if any) follows:

Traceback (most recent call last):
  File "runner.py", line 350, in <module>
    eval(cmd())
  File "<string>", line 1, in <module>
  File "runner.py", line 292, in error_hpcc
    result = BM25(file,queries[file],'knee','random')
  File "runner.py", line 193, in BM25
    seq = coded[np.argsort(read.body['time'][coded])]
TypeError: only integer scalar arrays can be converted to a scalar index


PS:

Fail to open stderr file ./err/10.err.759527: No such file or directory.
The stderr output is included in this report.

