10: Hall.csv: none: 0, 0
6, 10
7, 20, 103
8, 30, 113
10, 40, 93
14, 50, 74
17, 60, 89
21, 70, 81
23, 80, 90
27, 90, 82
29, 100, 94
32, 110, 93
35, 120, 73
38, 130, 73
40, 140, 75
44, 150, 72
46, 160, 75
47, 170, 72
51, 180, 72
55, 190, 76
59, 200, 77
61, 210, 86
64, 220, 85
65, 230, 95
66, 240, 93
68, 250, 91
68, 260, 93
69, 270, 91
69, 280, 93
70, 290, 91
70, 300, 95
71, 310, 88
71, 320, 88
71, 330, 88
71, 340, 90
71, 350, 91
71, 360, 88
71, 370, 87
72, 380, 85
72, 390, 89
73, 400, 89
75, 410, 87
75, 420, 89
75, 430, 88
75, 440, 85
75, 450, 85
75, 460, 87
76, 470, 86
76, 480, 88
76, 490, 88
76, 500, 86
76, 510, 89
76, 520, 85
76, 530, 86
76, 540, 86
76, 550, 83
76, 560, 84
76, 570, 85
77, 580, 85
77, 590, 84
77, 600, 83
78, 610, 85
78, 620, 85
78, 630, 85
78, 640, 86
78, 650, 84
78, 660, 84
78, 670, 85
78, 680, 85
79, 690, 86
79, 700, 91
79, 710, 88
79, 720, 88
79, 730, 88
79, 740, 89
79, 750, 87
79, 760, 87
79, 770, 89
79, 780, 89
79, 790, 88
79, 800, 89
79, 810, 87
79, 820, 88
79, 830, 88
79, 840, 87
79, 850, 87
79, 860, 87
79, 870, 87
79, 880, 87
79, 890, 87
79, 900, 86
79, 910, 85
80, 920, 87
80, 930, 87
80, 940, 87
80, 950, 86
80, 960, 86
80, 970, 86
80, 980, 86
80, 990, 86
80, 1000, 85
80, 1010, 87
80, 1020, 87
80, 1030, 86
80, 1040, 87
80, 1050, 86
80, 1060, 86
80, 1070, 86
80, 1080, 86
80, 1090, 86
80, 1100, 86
80, 1110, 85
80, 1120, 85
80, 1130, 85
80, 1140, 85
80, 1150, 85
80, 1160, 85
{'count': 1160, 'truepos': 75, 'falseneg': 28, 'correction': 0, 'unknownyes': 1, 'falsepos': 5, 'unique': 1160}
10: Hall.csv: three: 0, 0
6, 10
8, 20, 114
10, 30, 115
13, 40, 112
14, 50, 118
16, 60, 120
18, 70, 111
20, 80, 104
25, 90, 104
28, 100, 116
28, 110, 133
31, 120, 91
36, 130, 86
42, 140, 89
46, 150, 94
48, 160, 97
55, 170, 84
56, 180, 98
59, 190, 88
59, 200, 87
62, 210, 83
67, 220, 86
69, 230, 99
69, 240, 95
69, 250, 93
70, 260, 92
72, 270, 89
73, 280, 94
75, 290, 96
75, 300, 96
75, 310, 96
75, 320, 95
76, 330, 94
78, 340, 91
79, 350, 95
79, 360, 92
80, 370, 92
80, 380, 94
80, 390, 92
80, 400, 97
80, 410, 92
80, 420, 90
80, 430, 90
80, 440, 89
80, 450, 89
80, 460, 90
81, 470, 89
81, 480, 91
81, 490, 91
81, 500, 89
81, 510, 89
81, 520, 87
81, 530, 88
81, 540, 90
81, 550, 86
81, 560, 87
81, 570, 87
81, 580, 86
81, 590, 87
81, 600, 86
81, 610, 87
81, 620, 86
81, 630, 87
{'count': 1309, 'truepos': 81, 'falseneg': 21, 'correction': 45, 'unknownyes': 2, 'falsepos': 0, 'unique': 630}
10: Hall.csv: machine: 0, 0
5, 10
6, 20, 112
8, 30, 99
12, 40, 96
16, 50, 105
19, 60, 107
[]
['no' 'no' 'no' 'yes' 'no' 'yes' 'no' 'yes' 'yes']
23, 60, 103
25, 70, 117
27, 80, 115
28, 90, 108
29, 100, 100
32, 110, 93
['yes']
['no' 'no' 'no' 'yes' 'yes' 'no' 'no' 'yes' 'no' 'no' 'no' 'no' 'no' 'no'
 'no' 'no' 'no' 'no' 'no' 'no' 'yes' 'no' 'no' 'yes' 'no' 'no' 'yes' 'no'
 'no' 'no' 'yes' 'no']
36, 110, 87
39, 120, 105
42, 130, 114
44, 140, 100
48, 150, 99
51, 160, 107
['yes']
['no' 'no' 'no' 'yes' 'yes' 'no' 'no' 'yes' 'no' 'yes' 'no' 'no' 'no' 'no'
 'no' 'yes' 'no' 'no' 'no' 'no' 'no' 'no' 'no' 'no' 'no' 'no' 'no' 'no'
 'yes' 'no' 'no' 'no' 'no' 'yes' 'no' 'no' 'no' 'no' 'no' 'no' 'no']
53, 160, 104
55, 170, 109
60, 180, 109
63, 190, 102
65, 200, 106
66, 210, 114
['no']
['no' 'no' 'yes' 'no' 'no' 'no' 'no' 'no' 'no' 'no' 'no' 'no' 'no' 'no'
 'no' 'no' 'no' 'yes' 'no' 'no' 'no' 'no' 'no' 'no' 'no' 'no' 'no' 'no'
 'no' 'no' 'no' 'no' 'no']
67, 210, 100
68, 220, 106
70, 230, 90
70, 240, 97
72, 250, 87
74, 260, 97
['yes']
['no' 'no' 'no' 'no' 'no' 'no' 'no' 'no' 'no' 'no' 'no' 'no' 'no' 'no'
 'no' 'yes' 'no' 'no' 'no' 'no' 'no' 'no' 'no' 'no' 'no' 'yes' 'no' 'no'
 'yes' 'no' 'no' 'no' 'no']
77, 260, 95
80, 270, 91
80, 280, 94
81, 290, 97
81, 300, 94
81, 310, 96
['yes']
['no' 'no' 'yes' 'no' 'no' 'no' 'no' 'no' 'no' 'no' 'yes' 'no']
83, 310, 94
83, 320, 95
83, 330, 98
83, 340, 96
83, 350, 98
83, 360, 95
['yes']
['no' 'yes' 'no']
83, 360, 90
83, 370, 94
83, 380, 92
84, 390, 93
84, 400, 93
84, 410, 92
['yes']
['no' 'no' 'no']
83, 410, 94
84, 420, 90
84, 430, 90
84, 440, 95
84, 450, 91
85, 460, 92
['yes']
['yes' 'no' 'no']
{'count': 633, 'truepos': 85, 'falseneg': 17, 'correction': 20, 'unknownyes': 2, 'falsepos': 0, 'unique': 460}
10: Hall.csv: knee: 0, 0
7, 10
9, 20
12, 30
14, 40
14, 50
17, 60
22, 70
24, 80
26, 90
28, 100
32, 110
37, 120
42, 130
44, 140
49, 150
50, 160
51, 170
53, 180
53, 190
54, 200
56, 210
57, 220
57, 230
60, 240
60, 250
60, 260
61, 270
63, 280
63, 290
64, 300
65, 310
67, 320
67, 330
68, 340
68, 350
68, 360
68, 370
68, 380
68, 390
68, 400
68, 410
69, 420
69, 430
69, 440
70, 450
71, 460
71, 470
71, 480
71, 490
71, 500
71, 510
72, 520
72, 530
72, 540
72, 550
72, 560
72, 570
72, 580
73, 590
73, 600
73, 610
{'count': 757, 'truepos': 83, 'falseneg': 19, 'correction': 21, 'unknownyes': 2, 'falsepos': 0, 'unique': 610}
10: Wahono.csv: none: 0, 0
5, 10
7, 20, 104
10, 30, 98
10, 40, 107
10, 50, 86
13, 60, 65
16, 70, 56
16, 80, 54
17, 90, 49
17, 100, 50
20, 110, 46
20, 120, 48
20, 130, 45
21, 140, 45
21, 150, 46
21, 160, 45
21, 170, 45
22, 180, 45
22, 190, 45
23, 200, 44
23, 210, 45
23, 220, 44
23, 230, 44
24, 240, 45
25, 250, 45
26, 260, 45
28, 270, 46
28, 280, 46
29, 290, 45
29, 300, 47
30, 310, 47
30, 320, 44
30, 330, 42
30, 340, 42
30, 350, 39
30, 360, 44
30, 370, 40
31, 380, 41
32, 390, 43
34, 400, 43
34, 410, 47
34, 420, 45
34, 430, 45
34, 440, 45
34, 450, 45
34, 460, 45
34, 470, 43
34, 480, 43
34, 490, 44
35, 500, 42
37, 510, 43
37, 520, 45
37, 530, 45
37, 540, 43
37, 550, 44
37, 560, 44
37, 570, 45
37, 580, 43
37, 590, 46
37, 600, 44
37, 610, 45
38, 620, 42
38, 630, 44
38, 640, 44
38, 650, 44
38, 660, 44
38, 670, 43
38, 680, 44
38, 690, 43
38, 700, 43
39, 710, 43
39, 720, 46
39, 730, 45
39, 740, 45
39, 750, 45
39, 760, 44
39, 770, 45
39, 780, 44
39, 790, 44
39, 800, 44
39, 810, 44
39, 820, 44
39, 830, 44
39, 840, 44
39, 850, 44
39, 860, 44
39, 870, 43
39, 880, 43
39, 890, 43
39, 900, 43
39, 910, 43
39, 920, 43
39, 930, 43
39, 940, 43
39, 950, 43
39, 960, 43
39, 970, 43
39, 980, 43
39, 990, 43
39, 1000, 43
39, 1010, 43
39, 1020, 43
39, 1030, 42
39, 1040, 43
39, 1050, 42
39, 1060, 43
39, 1070, 43
39, 1080, 42
39, 1090, 43
39, 1100, 42
39, 1110, 42
39, 1120, 42
39, 1130, 42
39, 1140, 42
39, 1150, 42
39, 1160, 42
{'count': 1160, 'truepos': 39, 'falseneg': 20, 'correction': 0, 'unknownyes': 3, 'falsepos': 0, 'unique': 1160}
10: Wahono.csv: three: 0, 0
4, 10
4, 20, 93
7, 30, 86
9, 40, 87
9, 50, 88
11, 60, 49
12, 70, 52
15, 80, 44
17, 90, 47
17, 100, 52
19, 110, 46
20, 120, 49
20, 130, 47
21, 140, 44
21, 150, 45
22, 160, 44
24, 170, 46
28, 180, 46
29, 190, 54
31, 200, 51
33, 210, 60
35, 220, 58
37, 230, 62
37, 240, 62
37, 250, 72
37, 260, 64
37, 270, 62
37, 280, 58
37, 290, 58
37, 300, 57
38, 310, 58
39, 320, 57
39, 330, 58
39, 340, 57
39, 350, 53
39, 360, 55
39, 370, 53
40, 380, 56
40, 390, 54
40, 400, 55
40, 410, 51
41, 420, 51
41, 430, 56
41, 440, 52
41, 450, 54
41, 460, 53
41, 470, 51
42, 480, 52
42, 490, 55
42, 500, 52
43, 510, 52
43, 520, 53
44, 530, 52
44, 540, 55
44, 550, 52
44, 560, 53
44, 570, 52
44, 580, 52
44, 590, 53
44, 600, 52
45, 610, 52
46, 620, 52
46, 630, 55
46, 640, 53
47, 650, 54
47, 660, 56
47, 670, 57
48, 680, 54
48, 690, 56
48, 700, 56
48, 710, 57
48, 720, 58
48, 730, 56
48, 740, 56
48, 750, 56
48, 760, 56
48, 770, 57
49, 780, 55
49, 790, 58
49, 800, 58
49, 810, 56
49, 820, 56
49, 830, 56
49, 840, 56
49, 850, 55
49, 860, 57
49, 870, 55
49, 880, 56
49, 890, 56
49, 900, 55
49, 910, 56
49, 920, 55
49, 930, 55
49, 940, 55
49, 950, 55
49, 960, 55
49, 970, 55
49, 980, 56
49, 990, 56
49, 1000, 55
49, 1010, 55
49, 1020, 54
49, 1030, 55
49, 1040, 54
49, 1050, 54
49, 1060, 54
49, 1070, 55
49, 1080, 54
49, 1090, 54
49, 1100, 54
49, 1110, 53
49, 1120, 53
49, 1130, 54
49, 1140, 54
49, 1150, 54
49, 1160, 53
49, 1170, 54
49, 1180, 53
49, 1190, 53
49, 1200, 53
49, 1210, 53
49, 1220, 53
49, 1230, 54
49, 1240, 53
49, 1250, 53
49, 1260, 53
49, 1270, 53
49, 1280, 53
49, 1290, 52
49, 1300, 53
49, 1310, 53
49, 1320, 52
49, 1330, 53
49, 1340, 52
49, 1350, 52
49, 1360, 52
49, 1370, 52
49, 1380, 52
49, 1390, 52
49, 1400, 53
49, 1410, 52
49, 1420, 52
49, 1430, 53
49, 1440, 52
49, 1450, 52
49, 1460, 52
49, 1470, 52
49, 1480, 52
49, 1490, 52
49, 1500, 52
{'count': 3031, 'truepos': 49, 'falseneg': 10, 'correction': 28, 'unknownyes': 3, 'falsepos': 0, 'unique': 1500}
10: Wahono.csv: machine: 0, 0
4, 10
8, 20, 94
9, 30, 99
10, 40, 94
11, 50, 89
14, 60, 74
[]
['yes' 'no' 'no' 'no' 'no' 'no']
15, 60, 69
17, 70, 70
18, 80, 58
19, 90, 61
20, 100, 54
21, 110, 50
[]
['yes' 'no' 'no' 'no' 'no' 'no' 'no' 'no' 'no' 'no' 'yes' 'no' 'yes' 'no'
 'no']
22, 110, 48
22, 120, 47
22, 130, 46
22, 140, 44
23, 150, 44
24, 160, 46
[]
['no' 'no' 'no']
24, 160, 48
24, 170, 48
24, 180, 47
24, 190, 48
24, 200, 48
24, 210, 48
[]
['no']
24, 210, 48
26, 220, 48
26, 230, 50
27, 240, 49
27, 250, 50
28, 260, 50
[]
['no' 'no' 'no' 'no' 'no' 'no' 'no']
28, 260, 50
30, 270, 50
31, 280, 48
33, 290, 56
33, 300, 60
33, 310, 58
['yes']
['no' 'no' 'no' 'yes' 'no' 'no' 'no' 'yes' 'no' 'yes' 'yes' 'no' 'no' 'no'
 'yes' 'no' 'no' 'no' 'no' 'no' 'no' 'no' 'no' 'no' 'no' 'no' 'no' 'no'
 'no' 'no' 'no' 'no' 'no' 'no' 'no' 'no' 'no' 'no' 'no' 'no' 'no' 'no'
 'no' 'no' 'no' 'no' 'no' 'no' 'no' 'no']
36, 310, 52
36, 320, 55
36, 330, 57
36, 340, 51
36, 350, 55
36, 360, 51
['no']
['no' 'no' 'no' 'no' 'no' 'no' 'no' 'yes' 'no' 'no' 'no' 'no' 'no' 'no'
 'no']
35, 360, 49
37, 370, 48
38, 380, 50
40, 390, 52
40, 400, 54
40, 410, 56
['no']
['no' 'no' 'no' 'no' 'no' 'yes' 'no' 'no' 'no' 'no' 'no' 'no' 'no' 'no'
 'no' 'no' 'no' 'no' 'no' 'no' 'no']
39, 410, 51
40, 420, 52
40, 430, 52
40, 440, 51
40, 450, 53
40, 460, 51
['yes']
['no' 'no' 'no' 'no' 'no' 'no' 'no' 'no']
40, 460, 51
40, 470, 51
40, 480, 49
40, 490, 48
40, 500, 52
40, 510, 49
['yes']
['no' 'no' 'no' 'no']
39, 510, 50
39, 520, 47
39, 530, 48
39, 540, 47
39, 550, 46
39, 560, 45
['yes']
['no']
39, 560, 45
39, 570, 47
39, 580, 46
39, 590, 46
39, 600, 47
40, 610, 47
['yes']
['no' 'no']
40, 610, 46
40, 620, 47
40, 630, 47
40, 640, 46
40, 650, 46
40, 660, 46
['yes']
[]
40, 660, 46
41, 670, 45
42, 680, 47
44, 690, 48
44, 700, 51
44, 710, 50
['yes']
['no' 'no' 'no' 'no' 'no' 'no' 'no' 'no' 'no' 'no' 'no' 'no' 'no' 'no'
 'no' 'no']
44, 710, 50
44, 720, 50
44, 730, 51
44, 740, 52
44, 750, 50
44, 760, 50
['yes']
['no' 'no' 'no']
44, 760, 50
45, 770, 49
45, 780, 50
45, 790, 51
45, 800, 51
45, 810, 50
['no']
['no' 'no' 'no' 'no' 'no' 'no']
44, 810, 50
44, 820, 50
44, 830, 49
44, 840, 51
44, 850, 49
44, 860, 49
['yes']
['no']
44, 860, 48
44, 870, 49
44, 880, 49
44, 890, 48
44, 900, 49
45, 910, 48
['yes']
['no' 'no' 'yes' 'no' 'no' 'no']
46, 910, 49
46, 920, 51
46, 930, 51
46, 940, 51
46, 950, 51
46, 960, 50
['no']
['no' 'no' 'no']
45, 960, 50
45, 970, 50
45, 980, 50
45, 990, 49
45, 1000, 50
45, 1010, 49
['yes']
[]
45, 1010, 49
45, 1020, 50
45, 1030, 49
45, 1040, 49
45, 1050, 49
45, 1060, 49
['yes']
['no' 'no']
45, 1060, 49
45, 1070, 49
45, 1080, 49
46, 1090, 49
47, 1100, 50
48, 1110, 51
['yes']
['no' 'no' 'no' 'no']
48, 1110, 53
48, 1120, 53
48, 1130, 52
48, 1140, 52
48, 1150, 52
48, 1160, 52
['no']
['no' 'yes' 'no']
47, 1160, 52
47, 1170, 51
47, 1180, 51
47, 1190, 51
47, 1200, 51
47, 1210, 50
['no']
[]
46, 1210, 50
46, 1220, 49
46, 1230, 49
46, 1240, 49
46, 1250, 49
46, 1260, 49
['yes']
[]
46, 1260, 49
46, 1270, 49
46, 1280, 49
46, 1290, 49
46, 1300, 49
46, 1310, 49
['yes']
['no']
45, 1310, 49
45, 1320, 48
45, 1330, 48
45, 1340, 48
45, 1350, 48
45, 1360, 48
['yes']
['no']
45, 1360, 48
{'count': 1561, 'truepos': 45, 'falseneg': 15, 'correction': 11, 'unknownyes': 2, 'falsepos': 0, 'unique': 1360}
10: Wahono.csv: knee: 0, 0
4, 10
6, 20
6, 30
6, 40
{'count': 54, 'truepos': 9, 'falseneg': 5, 'correction': 3, 'unknownyes': 48, 'falsepos': 0, 'unique': 40}
10: Danijel.csv: none: 0, 0
2, 10
2, 20, 102
2, 30, 75
3, 40, 53
4, 50, 50
7, 60, 48
8, 70, 50
10, 80, 48
11, 90, 51
11, 100, 49
11, 110, 45
12, 120, 41
14, 130, 43
15, 140, 44
15, 150, 45
16, 160, 43
16, 170, 44
16, 180, 43
17, 190, 42
18, 200, 43
19, 210, 43
21, 220, 43
23, 230, 44
23, 240, 44
25, 250, 43
25, 260, 45
25, 270, 45
25, 280, 44
26, 290, 44
26, 300, 45
26, 310, 45
26, 320, 45
26, 330, 45
26, 340, 46
26, 350, 46
26, 360, 46
26, 370, 46
26, 380, 46
26, 390, 46
26, 400, 46
26, 410, 46
26, 420, 46
26, 430, 46
26, 440, 46
26, 450, 47
26, 460, 47
26, 470, 47
26, 480, 47
26, 490, 47
26, 500, 47
26, 510, 47
26, 520, 47
26, 530, 47
26, 540, 47
26, 550, 47
26, 560, 48
26, 570, 47
26, 580, 48
26, 590, 48
26, 600, 48
26, 610, 48
26, 620, 48
26, 630, 48
26, 640, 48
26, 650, 48
26, 660, 48
26, 670, 48
26, 680, 48
26, 690, 48
26, 700, 48
26, 710, 48
26, 720, 48
27, 730, 48
27, 740, 49
27, 750, 49
27, 760, 49
27, 770, 49
27, 780, 49
27, 790, 49
27, 800, 49
27, 810, 49
27, 820, 49
27, 830, 49
27, 840, 49
27, 850, 49
27, 860, 49
27, 870, 49
27, 880, 49
27, 890, 49
27, 900, 49
27, 910, 49
27, 920, 49
27, 930, 49
27, 940, 49
27, 950, 49
27, 960, 49
27, 970, 49
27, 980, 49
27, 990, 49
27, 1000, 50
27, 1010, 50
27, 1020, 50
27, 1030, 50
27, 1040, 50
28, 1050, 50
28, 1060, 57
28, 1070, 52
28, 1080, 49
28, 1090, 49
28, 1100, 49
29, 1110, 49
29, 1120, 51
29, 1130, 51
29, 1140, 51
29, 1150, 51
29, 1160, 51
29, 1170, 51
29, 1180, 51
29, 1190, 51
29, 1200, 51
29, 1210, 51
29, 1220, 50
29, 1230, 50
29, 1240, 50
29, 1250, 50
29, 1260, 50
29, 1270, 50
29, 1280, 50
29, 1290, 50
29, 1300, 50
29, 1310, 50
29, 1320, 50
29, 1330, 50
29, 1340, 50
29, 1350, 50
29, 1360, 50
29, 1370, 50
29, 1380, 50
29, 1390, 50
29, 1400, 50
29, 1410, 50
29, 1420, 50
29, 1430, 50
29, 1440, 50
29, 1450, 50
29, 1460, 50
29, 1470, 50
29, 1480, 50
29, 1490, 50
29, 1500, 50
29, 1510, 50
29, 1520, 50
29, 1530, 50
29, 1540, 50
29, 1550, 50
29, 1560, 50
29, 1570, 50
29, 1580, 50
29, 1590, 50
29, 1600, 50
29, 1610, 50
29, 1620, 50
29, 1630, 50
29, 1640, 50
30, 1650, 50
30, 1660, 32
30, 1670, 32
30, 1680, 32
30, 1690, 32
30, 1700, 32
{'count': 1700, 'truepos': 28, 'falseneg': 20, 'correction': 0, 'unknownyes': 0, 'falsepos': 2, 'unique': 1700}
10: Danijel.csv: three: 0, 0
3, 10
4, 20, 112
4, 30, 108
7, 40, 87
10, 50, 91
12, 60, 81
13, 70, 82
15, 80, 64
17, 90, 61
18, 100, 60
22, 110, 51
24, 120, 58
24, 130, 56
25, 140, 50
26, 150, 49
27, 160, 49
27, 170, 49
27, 180, 47
28, 190, 45
28, 200, 45
28, 210, 45
29, 220, 44
30, 230, 45
30, 240, 42
32, 250, 40
32, 260, 43
32, 270, 42
32, 280, 42
32, 290, 41
32, 300, 40
33, 310, 40
33, 320, 44
33, 330, 41
33, 340, 41
33, 350, 41
33, 360, 40
33, 370, 39
33, 380, 39
33, 390, 41
33, 400, 39
33, 410, 39
34, 420, 38
34, 430, 42
34, 440, 42
34, 450, 40
34, 460, 39
34, 470, 40
34, 480, 40
34, 490, 41
34, 500, 39
34, 510, 39
34, 520, 39
34, 530, 38
34, 540, 38
34, 550, 39
34, 560, 38
34, 570, 38
34, 580, 38
34, 590, 39
35, 600, 38
35, 610, 40
35, 620, 39
35, 630, 39
35, 640, 40
35, 650, 39
35, 660, 38
35, 670, 39
35, 680, 38
35, 690, 38
35, 700, 38
35, 710, 39
35, 720, 38
35, 730, 38
35, 740, 38
35, 750, 37
35, 760, 39
35, 770, 38
35, 780, 38
35, 790, 38
35, 800, 37
35, 810, 38
35, 820, 37
35, 830, 38
35, 840, 37
35, 850, 39
35, 860, 39
35, 870, 38
35, 880, 38
35, 890, 38
35, 900, 37
35, 910, 38
35, 920, 38
35, 930, 37
35, 940, 38
35, 950, 37
35, 960, 37
35, 970, 37
35, 980, 37
35, 990, 37
35, 1000, 37
35, 1010, 37
35, 1020, 37
35, 1030, 37
35, 1040, 37
{'count': 2102, 'truepos': 35, 'falseneg': 11, 'correction': 21, 'unknownyes': 2, 'falsepos': 0, 'unique': 1040}
10: Danijel.csv: machine: 0, 0
3, 10
4, 20, 117
7, 30, 94
7, 40, 92
10, 50, 73
10, 60, 81
[]
['no' 'no' 'no' 'no' 'no']
10, 60, 54
10, 70, 54
11, 80, 46
12, 90, 44
12, 100, 44
13, 110, 39
[]
['no' 'no' 'no' 'no' 'no' 'no' 'no']
13, 110, 41
13, 120, 41
13, 130, 40
13, 140, 39
13, 150, 39
13, 160, 39
[]
['yes']
14, 160, 40
15, 170, 39
17, 180, 39
17, 190, 41
17, 200, 40
18, 210, 40
[]
['yes' 'yes' 'no' 'no' 'yes' 'yes' 'no' 'no' 'no' 'yes']
22, 210, 41
22, 220, 41
22, 230, 41
23, 240, 40
25, 250, 40
28, 260, 42
[]
['no' 'yes' 'no' 'no' 'no' 'no' 'no' 'no' 'yes' 'no' 'no' 'yes' 'no' 'no']
30, 260, 46
30, 270, 40
30, 280, 40
31, 290, 41
31, 300, 39
32, 310, 40
['yes']
['no' 'no' 'no' 'yes' 'no' 'no' 'no' 'no' 'no' 'no' 'no' 'yes' 'no' 'no'
 'no' 'no' 'no' 'no' 'no' 'no' 'no' 'no' 'no' 'no' 'no' 'no' 'no' 'no'
 'no' 'no' 'no' 'no' 'no' 'no' 'no' 'no' 'no' 'no' 'no' 'no' 'no' 'no'
 'no' 'no' 'no' 'no' 'no' 'no' 'no']
34, 310, 41
34, 320, 48
34, 330, 43
35, 340, 41
35, 350, 43
35, 360, 43
['yes']
['no' 'no' 'no' 'no' 'no' 'no' 'no' 'no' 'no' 'no' 'no' 'no' 'no' 'no'
 'no' 'no' 'no' 'no' 'no' 'no' 'no' 'no']
35, 360, 44
36, 370, 42
36, 380, 44
36, 390, 43
36, 400, 43
36, 410, 42
['yes']
['no' 'no' 'no' 'no' 'no' 'no' 'no' 'no' 'yes']
36, 410, 43
36, 420, 43
36, 430, 43
36, 440, 42
37, 450, 41
38, 460, 42
['yes']
['no' 'yes' 'no' 'no' 'no' 'no' 'no' 'no' 'no']
39, 460, 45
39, 470, 45
39, 480, 48
39, 490, 44
39, 500, 44
39, 510, 43
['yes']
['no' 'no' 'no' 'no' 'no']
39, 510, 44
39, 520, 44
39, 530, 46
39, 540, 43
39, 550, 44
39, 560, 43
['yes']
['no']
39, 560, 44
39, 570, 42
39, 580, 44
39, 590, 44
39, 600, 43
39, 610, 42
['yes']
['no' 'no']
38, 610, 43
38, 620, 42
38, 630, 43
38, 640, 42
38, 650, 42
38, 660, 41
['yes']
['no' 'no' 'no' 'no' 'no']
38, 660, 42
38, 670, 42
38, 680, 41
39, 690, 42
39, 700, 43
39, 710, 43
['yes']
['no' 'no' 'no' 'no' 'no' 'no']
39, 710, 43
39, 720, 42
39, 730, 42
39, 740, 42
39, 750, 43
39, 760, 42
['yes']
[]
{'count': 914, 'truepos': 38, 'falseneg': 8, 'correction': 10, 'unknownyes': 2, 'falsepos': 1, 'unique': 760}
10: Danijel.csv: knee: 0, 0
4, 10
4, 20
6, 30
8, 40
8, 50
8, 60
9, 70
9, 80
10, 90
10, 100
13, 110
16, 120
17, 130
19, 140
20, 150
21, 160
21, 170
21, 180
21, 190
22, 200
22, 210
22, 220
22, 230
22, 240
23, 250
23, 260
23, 270
23, 280
24, 290
25, 300
25, 310
25, 320
25, 330
26, 340
26, 350
26, 360
27, 370
27, 380
27, 390
27, 400
28, 410
28, 420
28, 430
28, 440
28, 450
28, 460
28, 470
28, 480
28, 490
28, 500
28, 510
28, 520
28, 530
{'count': 676, 'truepos': 31, 'falseneg': 11, 'correction': 7, 'unknownyes': 6, 'falsepos': 0, 'unique': 530}
10: K_all3.csv: none: 0, 0
2, 10
4, 20, 70
4, 30, 59
7, 40, 45
9, 50, 57
10, 60, 51
11, 70, 45
14, 80, 43
15, 90, 44
17, 100, 42
17, 110, 41
18, 120, 39
19, 130, 38
19, 140, 39
19, 150, 38
19, 160, 37
20, 170, 37
22, 180, 38
22, 190, 40
23, 200, 40
23, 210, 41
23, 220, 40
24, 230, 40
24, 240, 41
24, 250, 40
24, 260, 40
25, 270, 40
25, 280, 41
25, 290, 41
25, 300, 41
25, 310, 41
26, 320, 41
27, 330, 42
27, 340, 42
27, 350, 42
27, 360, 42
27, 370, 42
27, 380, 42
28, 390, 42
28, 400, 42
28, 410, 42
28, 420, 42
28, 430, 42
28, 440, 42
29, 450, 42
29, 460, 42
29, 470, 42
29, 480, 42
29, 490, 42
29, 500, 42
29, 510, 42
29, 520, 42
30, 530, 42
30, 540, 33
31, 550, 32
32, 560, 34
32, 570, 35
33, 580, 36
33, 590, 38
33, 600, 36
34, 610, 36
34, 620, 36
34, 630, 36
34, 640, 36
34, 650, 36
34, 660, 36
35, 670, 36
{'count': 670, 'truepos': 29, 'falseneg': 12, 'correction': 0, 'unknownyes': 4, 'falsepos': 6, 'unique': 670}
10: K_all3.csv: three: 0, 0
2, 10
5, 20, 71
6, 30, 63
11, 40, 54
13, 50, 65
14, 60, 60
15, 70, 53
16, 80, 47
17, 90, 43
19, 100, 42
20, 110, 43
20, 120, 42
20, 130, 40
20, 140, 39
22, 150, 38
22, 160, 41
22, 170, 40
22, 180, 39
23, 190, 39
25, 200, 40
25, 210, 41
27, 220, 41
29, 230, 43
30, 240, 44
30, 250, 39
30, 260, 39
31, 270, 37
32, 280, 40
32, 290, 40
32, 300, 39
32, 310, 38
32, 320, 38
32, 330, 38
32, 340, 37
32, 350, 38
32, 360, 35
32, 370, 37
32, 380, 35
33, 390, 35
33, 400, 36
33, 410, 36
33, 420, 36
33, 430, 36
33, 440, 35
34, 450, 35
34, 460, 36
34, 470, 36
35, 480, 36
35, 490, 37
{'count': 1008, 'truepos': 35, 'falseneg': 6, 'correction': 26, 'unknownyes': 4, 'falsepos': 0, 'unique': 490}
10: K_all3.csv: machine: 0, 0
2, 10
4, 20, 71
5, 30, 59
10, 40, 54
12, 50, 63
14, 60, 58
[]
['no' 'no' 'no' 'yes' 'no' 'no']
15, 60, 57
16, 70, 57
16, 80, 50
16, 90, 45
17, 100, 42
18, 110, 43
[]
['no' 'no' 'no' 'yes' 'no' 'no' 'no' 'no']
18, 110, 43
18, 120, 43
18, 130, 41
18, 140, 40
19, 150, 39
19, 160, 40
[]
['no' 'no' 'no']
19, 160, 39
19, 170, 39
20, 180, 39
21, 190, 40
21, 200, 41
22, 210, 40
[]
['no' 'no']
22, 210, 41
23, 220, 41
24, 230, 42
25, 240, 42
26, 250, 43
27, 260, 44
[]
[]
27, 270, 45
28, 280, 44
28, 290, 45
28, 300, 44
28, 310, 44
28, 320, 44
[]
[]
28, 330, 44
28, 340, 44
30, 350, 44
30, 360, 38
30, 370, 35
30, 380, 34
['no']
['no' 'no' 'no' 'no' 'no' 'no' 'no' 'no' 'no' 'no' 'no' 'no' 'no' 'no'
 'yes' 'no' 'yes' 'no' 'no' 'no' 'no' 'no' 'no' 'no' 'no' 'no' 'no' 'no'
 'no' 'no' 'no' 'no' 'yes' 'no' 'no' 'no' 'no' 'no' 'no' 'no' 'no' 'no'
 'no' 'no' 'no' 'no']
32, 380, 34
32, 390, 37
32, 400, 35
32, 410, 36
32, 420, 36
32, 430, 35
['yes']
['no' 'no' 'no' 'no' 'no' 'no' 'no' 'no' 'no' 'no' 'no' 'no' 'no' 'no'
 'no' 'no' 'no' 'no']
32, 430, 35
32, 440, 35
32, 450, 36
32, 460, 34
33, 470, 34
33, 480, 36
['yes']
['no' 'no']
33, 480, 35
34, 490, 35
34, 500, 37
34, 510, 36
35, 520, 36
35, 530, 37
['yes']
['no' 'yes' 'no' 'no' 'no' 'no']
{'count': 618, 'truepos': 34, 'falseneg': 6, 'correction': 5, 'unknownyes': 5, 'falsepos': 1, 'unique': 530}
10: K_all3.csv: knee: 0, 0
1, 10
1, 20
1, 30
5, 40
6, 50
6, 60
7, 70
8, 80
9, 90
10, 100
13, 110
13, 120
14, 130
14, 140
14, 150
14, 160
14, 170
15, 180
16, 190
16, 200
16, 210
16, 220
16, 230
17, 240
18, 250
18, 260
20, 270
22, 280
22, 290
23, 300
23, 310
23, 320
24, 330
25, 340
25, 350
26, 360
26, 370
26, 380
26, 390
27, 400
28, 410
28, 420
28, 430
28, 440
28, 450
28, 460
30, 470
30, 480
30, 490
31, 500
31, 510
32, 520
32, 530
32, 540
32, 550
32, 560
32, 570
32, 580
32, 590
32, 600
34, 610
34, 620
34, 630
34, 640
34, 650
34, 660
34, 670
34, 680
34, 690
34, 700
34, 710
34, 720
34, 730
34, 740
35, 750
35, 760
35, 770
35, 780
36, 790
36, 800
36, 810
36, 820
36, 830
36, 840
36, 850
36, 860
37, 870
37, 880
38, 890
38, 900
38, 910
39, 920
39, 930
40, 940
40, 950
40, 960
40, 970
41, 980
41, 990
41, 1000
41, 1010
41, 1020
41, 1030
41, 1040
41, 1050
41, 1060
42, 1070
42, 1080
42, 1090
42, 1100
42, 1110
42, 1120
42, 1130
42, 1140
42, 1150
43, 1160
43, 1170
44, 1180
45, 1190
45, 1200
45, 1210
45, 1220
45, 1230
45, 1240
45, 1250
45, 1260
45, 1270
45, 1280
46, 1290
46, 1300
47, 1310
47, 1320
47, 1330
48, 1340
48, 1350
48, 1360
48, 1370
48, 1380
48, 1390
48, 1400
48, 1410
49, 1420
49, 1430
49, 1440
49, 1450
49, 1460
49, 1470
49, 1480
49, 1490
49, 1500
49, 1510
49, 1520
49, 1530
49, 1540
49, 1550
49, 1560
50, 1570
50, 1580
50, 1590
50, 1600
50, 1610
50, 1620
50, 1630
51, 1640
51, 1650
51, 1660
51, 1670
51, 1680
51, 1690
51, 1700
51, 1704

------------------------------------------------------------
Sender: LSF System <lsfadmin@n2e5-5>
Subject: Job 639671: </share/tjmenzie/zyu9/miniconda2/bin/python2.7 runner.py error_hpcc 10> in cluster <henry2> Exited

Job </share/tjmenzie/zyu9/miniconda2/bin/python2.7 runner.py error_hpcc 10> was submitted from host <login01.hpc.ncsu.edu> by user <zyu9> in cluster <henry2> at Thu Feb  1 12:17:33 2018.
Job was executed on host(s) <2*n2e5-5>, in queue <single_chassis>, as user <zyu9> in cluster <henry2> at Thu Feb  1 12:17:40 2018.
</home/zyu9> was used as the home directory.
</home/zyu9/projects/MAR_HPC/Error/src> was used as the working directory.
Started at Thu Feb  1 12:17:40 2018.
Terminated at Thu Feb  1 13:30:49 2018.
Results reported at Thu Feb  1 13:30:49 2018.

Your job looked like:

------------------------------------------------------------
# LSBATCH: User input
/share/tjmenzie/zyu9/miniconda2/bin/python2.7 runner.py error_hpcc 10
------------------------------------------------------------

Exited with exit code 1.

Resource usage summary:

    CPU time :                                   5490.27 sec.
    Max Memory :                                 282.05 MB
    Average Memory :                             231.41 MB
    Total Requested Memory :                     -
    Delta Memory :                               -
    Max Swap :                                   1327 MB
    Max Processes :                              3
    Max Threads :                                8
    Run time :                                   4392 sec.
    Turnaround time :                            4396 sec.

The output (if any) is above this job summary.



PS: The stderr output (if any) follows:

Traceback (most recent call last):
  File "runner.py", line 1738, in <module>
    eval(cmd())
  File "<string>", line 1, in <module>
  File "runner.py", line 1681, in error_hpcc
    result = BM25(file,queries[file],'knee','random')
  File "runner.py", line 1214, in BM25
    seq = coded[np.argsort(read.body['time'][coded])]
TypeError: only integer scalar arrays can be converted to a scalar index


PS:

Fail to open stderr file ./err/10.err.639671: No such file or directory.
The stderr output is included in this report.

