11: Hall.csv: none: 0, 0
8, 10
10, 20, 127
12, 30, 123
15, 40, 116
19, 50, 109
22, 60, 114
25, 70, 116
28, 80, 112
30, 90, 115
35, 100, 89
44, 110, 91
46, 120, 98
53, 130, 87
56, 140, 93
60, 150, 89
66, 160, 98
72, 170, 96
75, 180, 102
76, 190, 107
78, 200, 101
79, 210, 104
82, 220, 98
83, 230, 96
85, 240, 93
86, 250, 99
90, 260, 96
95, 270, 104
97, 280, 107
97, 290, 110
97, 300, 108
99, 310, 106
100, 320, 110
101, 330, 111
101, 340, 114
101, 350, 115
101, 360, 112
101, 370, 109
101, 380, 111
101, 390, 110
101, 400, 110
101, 410, 112
101, 420, 109
101, 430, 108
102, 440, 108
102, 450, 108
102, 460, 110
102, 470, 109
102, 480, 108
{'count': 480, 'truepos': 102, 'falseneg': 0, 'unknownyes': 4, 'falsepos': 0, 'unique': 480}
11: Hall.csv: three: 0, 0
8, 10
10, 20, 127
15, 30, 125
17, 40, 142
18, 50, 131
21, 60, 130
24, 70, 144
24, 80, 146
29, 90, 137
32, 100, 137
39, 110, 110
43, 120, 118
48, 130, 121
54, 140, 114
59, 150, 109
63, 160, 115
65, 170, 130
69, 180, 118
72, 190, 111
76, 200, 106
82, 210, 100
88, 220, 108
91, 230, 111
93, 240, 112
94, 250, 114
96, 260, 111
96, 270, 114
96, 280, 112
98, 290, 111
99, 300, 109
99, 310, 111
99, 320, 110
99, 330, 110
99, 340, 110
100, 350, 107
100, 360, 107
101, 370, 108
101, 380, 112
101, 390, 110
101, 400, 109
101, 410, 110
101, 420, 109
101, 430, 109
101, 440, 108
101, 450, 107
101, 460, 107
102, 470, 108
102, 480, 111
102, 490, 110
102, 500, 110
102, 510, 108
102, 520, 108
102, 530, 108
{'count': 1060, 'truepos': 102, 'falseneg': 0, 'unknownyes': 4, 'falsepos': 0, 'unique': 530}
11: Hall.csv: machine: 0, 0
8, 10
10, 20, 126
13, 30, 121
15, 40, 125
16, 50, 116
18, 60, 108
22, 70, 91
28, 80, 94
29, 90, 117
33, 100, 105
40, 110, 95
46, 120, 97
51, 130, 102
58, 140, 97
61, 150, 104
65, 160, 99
69, 170, 93
72, 180, 99
74, 190, 101
76, 200, 99
82, 210, 91
84, 220, 100
86, 230, 104
88, 240, 103
92, 250, 101
95, 260, 106
96, 270, 111
97, 280, 108
99, 290, 112
99, 300, 112
99, 310, 114
100, 320, 109
101, 330, 111
101, 340, 112
101, 350, 113
101, 360, 116
101, 370, 110
101, 380, 110
101, 390, 111
101, 400, 110
101, 410, 109
101, 420, 109
101, 430, 108
101, 440, 108
101, 450, 108
102, 460, 107
{'count': 470, 'truepos': 102, 'falseneg': 0, 'unknownyes': 4, 'falsepos': 0, 'unique': 470}
11: Hall.csv: machine2: 0, 0
8, 10
9, 20, 126
13, 30, 121
17, 40, 115
20, 50, 125
23, 60, 131
26, 70, 137
29, 80, 132
31, 90, 129
37, 100, 113
42, 110, 120
45, 120, 120
50, 130, 113
53, 140, 118
58, 150, 106
61, 160, 122
67, 170, 101
72, 180, 112
73, 190, 118
74, 200, 107
76, 210, 106
76, 220, 104
80, 230, 98
86, 240, 94
91, 250, 101
95, 260, 108
97, 270, 114
98, 280, 116
99, 290, 115
99, 300, 111
99, 310, 113
100, 320, 111
100, 330, 115
100, 340, 113
100, 350, 115
101, 360, 110
101, 370, 113
101, 380, 113
101, 390, 111
101, 400, 111
101, 410, 110
101, 420, 109
101, 430, 108
101, 440, 108
101, 450, 108
101, 460, 109
101, 470, 107
{'count': 480, 'truepos': 101, 'falseneg': 0, 'unknownyes': 5, 'falsepos': 0, 'unique': 480}
11: Hall.csv: machine3: 0, 0
8, 10
10, 20, 125
13, 30, 119
15, 40, 115
18, 50, 120
21, 60, 114
24, 70, 114
29, 80, 118
29, 90, 137
30, 100, 133
37, 110, 84
44, 120, 86
49, 130, 93
55, 140, 97
59, 150, 96
63, 160, 92
66, 170, 95
71, 180, 97
74, 190, 102
78, 200, 106
83, 210, 104
84, 220, 115
88, 230, 102
91, 240, 103
94, 250, 108
96, 260, 108
96, 270, 113
97, 280, 109
98, 290, 108
98, 300, 110
98, 310, 112
99, 320, 110
99, 330, 107
99, 340, 109
100, 350, 107
101, 360, 111
101, 370, 111
101, 380, 109
101, 390, 110
101, 400, 109
101, 410, 109
101, 420, 109
101, 430, 107
101, 440, 107
101, 450, 109
102, 460, 108
102, 470, 109
102, 480, 111
102, 490, 111
{'count': 602, 'truepos': 102, 'falseneg': 0, 'unknownyes': 4, 'falsepos': 0, 'unique': 500}
11: Wahono.csv: none: 0, 0
6, 10
6, 20, 101
8, 30, 98
10, 40, 97
14, 50, 87
14, 60, 89
16, 70, 59
18, 80, 55
20, 90, 52
21, 100, 56
22, 110, 52
23, 120, 49
26, 130, 48
26, 140, 54
27, 150, 50
29, 160, 50
32, 170, 51
36, 180, 55
38, 190, 63
39, 200, 71
39, 210, 74
40, 220, 65
40, 230, 70
42, 240, 65
42, 250, 72
43, 260, 70
45, 270, 65
46, 280, 67
46, 290, 72
46, 300, 68
47, 310, 68
47, 320, 66
49, 330, 64
49, 340, 67
49, 350, 65
50, 360, 67
50, 370, 64
50, 380, 67
50, 390, 63
50, 400, 65
51, 410, 62
51, 420, 63
51, 430, 66
51, 440, 63
51, 450, 61
51, 460, 60
51, 470, 63
51, 480, 62
51, 490, 60
51, 500, 59
52, 510, 61
52, 520, 60
52, 530, 63
52, 540, 61
52, 550, 61
52, 560, 60
53, 570, 61
53, 580, 59
55, 590, 61
56, 600, 63
57, 610, 65
58, 620, 67
58, 630, 67
58, 640, 67
58, 650, 67
58, 660, 65
58, 670, 68
58, 680, 66
58, 690, 66
58, 700, 66
58, 710, 66
58, 720, 65
58, 730, 65
58, 740, 65
58, 750, 65
58, 760, 65
58, 770, 65
58, 780, 66
58, 790, 65
58, 800, 64
58, 810, 64
58, 820, 64
58, 830, 64
58, 840, 64
58, 850, 64
58, 860, 64
58, 870, 63
58, 880, 64
59, 890, 63
59, 900, 65
59, 910, 65
59, 920, 64
59, 930, 64
59, 940, 65
59, 950, 64
59, 960, 65
59, 970, 65
59, 980, 65
59, 990, 64
59, 1000, 64
59, 1010, 63
59, 1020, 64
59, 1030, 64
59, 1040, 64
59, 1050, 64
59, 1060, 64
59, 1070, 64
59, 1080, 64
59, 1090, 64
59, 1100, 63
59, 1110, 63
59, 1120, 63
59, 1130, 64
59, 1140, 63
59, 1150, 63
59, 1160, 63
59, 1170, 63
59, 1180, 63
{'count': 1180, 'truepos': 59, 'falseneg': 0, 'unknownyes': 3, 'falsepos': 0, 'unique': 1180}
11: Wahono.csv: three: 0, 0
6, 10
7, 20, 102
9, 30, 95
10, 40, 102
13, 50, 92
13, 60, 93
16, 70, 69
18, 80, 67
20, 90, 66
21, 100, 64
24, 110, 58
26, 120, 56
28, 130, 56
31, 140, 55
34, 150, 59
34, 160, 68
36, 170, 60
36, 180, 61
37, 190, 59
39, 200, 57
40, 210, 63
41, 220, 62
41, 230, 67
41, 240, 62
41, 250, 62
41, 260, 58
43, 270, 57
44, 280, 60
44, 290, 62
44, 300, 62
44, 310, 61
45, 320, 58
45, 330, 58
45, 340, 61
46, 350, 56
46, 360, 56
46, 370, 56
47, 380, 55
47, 390, 59
47, 400, 59
49, 410, 57
49, 420, 60
49, 430, 60
49, 440, 58
50, 450, 59
50, 460, 60
50, 470, 60
51, 480, 58
51, 490, 60
51, 500, 60
51, 510, 60
51, 520, 59
51, 530, 60
51, 540, 59
52, 550, 59
52, 560, 61
52, 570, 62
53, 580, 60
53, 590, 61
53, 600, 60
53, 610, 60
53, 620, 61
53, 630, 60
56, 640, 58
57, 650, 64
58, 660, 65
58, 670, 67
58, 680, 66
58, 690, 67
58, 700, 66
58, 710, 67
58, 720, 66
58, 730, 65
58, 740, 64
58, 750, 65
58, 760, 65
58, 770, 65
58, 780, 64
58, 790, 65
58, 800, 65
58, 810, 65
58, 820, 64
58, 830, 65
58, 840, 63
58, 850, 64
58, 860, 63
58, 870, 63
58, 880, 63
58, 890, 63
58, 900, 64
58, 910, 64
58, 920, 63
58, 930, 64
58, 940, 63
59, 950, 63
59, 960, 64
59, 970, 64
59, 980, 64
59, 990, 64
59, 1000, 63
59, 1010, 65
59, 1020, 64
59, 1030, 64
59, 1040, 64
59, 1050, 63
59, 1060, 64
59, 1070, 64
59, 1080, 63
59, 1090, 63
59, 1100, 63
59, 1110, 63
59, 1120, 64
59, 1130, 63
59, 1140, 63
59, 1150, 63
59, 1160, 63
59, 1170, 63
59, 1180, 64
59, 1190, 63
59, 1200, 63
59, 1210, 63
59, 1220, 63
59, 1230, 63
{'count': 2460, 'truepos': 59, 'falseneg': 0, 'unknownyes': 3, 'falsepos': 0, 'unique': 1230}
11: Wahono.csv: machine: 0, 0
6, 10
6, 20, 102
7, 30, 93
12, 40, 75
15, 50, 90
16, 60, 89
17, 70, 80
19, 80, 58
20, 90, 53
21, 100, 50
21, 110, 50
24, 120, 46
25, 130, 51
29, 140, 49
29, 150, 59
30, 160, 52
32, 170, 59
33, 180, 54
35, 190, 56
35, 200, 60
36, 210, 57
39, 220, 57
39, 230, 60
41, 240, 64
41, 250, 62
42, 260, 67
43, 270, 63
43, 280, 63
44, 290, 61
45, 300, 59
45, 310, 60
45, 320, 62
45, 330, 60
46, 340, 57
46, 350, 59
47, 360, 58
47, 370, 62
47, 380, 59
49, 390, 58
49, 400, 60
50, 410, 58
50, 420, 63
50, 430, 59
50, 440, 61
50, 450, 58
50, 460, 62
50, 470, 60
50, 480, 60
50, 490, 59
51, 500, 58
51, 510, 59
52, 520, 60
53, 530, 60
53, 540, 62
53, 550, 63
54, 560, 60
54, 570, 61
54, 580, 64
55, 590, 61
57, 600, 64
58, 610, 66
58, 620, 67
58, 630, 66
58, 640, 66
58, 650, 67
58, 660, 67
58, 670, 67
58, 680, 66
58, 690, 67
58, 700, 66
58, 710, 65
58, 720, 65
58, 730, 65
58, 740, 65
58, 750, 64
58, 760, 66
58, 770, 65
58, 780, 65
58, 790, 66
58, 800, 65
58, 810, 64
58, 820, 65
58, 830, 63
59, 840, 64
59, 850, 65
59, 860, 65
59, 870, 65
59, 880, 65
59, 890, 65
59, 900, 64
59, 910, 65
59, 920, 64
59, 930, 64
59, 940, 64
59, 950, 63
59, 960, 64
59, 970, 64
59, 980, 63
59, 990, 63
59, 1000, 63
59, 1010, 64
59, 1020, 64
59, 1030, 64
59, 1040, 63
59, 1050, 63
59, 1060, 63
59, 1070, 64
59, 1080, 64
59, 1090, 63
59, 1100, 63
59, 1110, 63
59, 1120, 63
59, 1130, 63
59, 1140, 63
59, 1150, 63
59, 1160, 63
{'count': 1170, 'truepos': 59, 'falseneg': 0, 'unknownyes': 3, 'falsepos': 0, 'unique': 1170}
11: Wahono.csv: machine2: 0, 0
6, 10
7, 20, 102
8, 30, 94
12, 40, 92
14, 50, 96
15, 60, 91
15, 70, 88
18, 80, 59
22, 90, 56
24, 100, 63
26, 110, 60
27, 120, 61
29, 130, 57
31, 140, 56
32, 150, 61
32, 160, 62
32, 170, 55
33, 180, 58
35, 190, 56
35, 200, 55
36, 210, 58
39, 220, 59
40, 230, 60
41, 240, 57
41, 250, 70
42, 260, 58
44, 270, 58
45, 280, 58
45, 290, 64
45, 300, 63
45, 310, 62
45, 320, 61
45, 330, 58
45, 340, 68
45, 350, 62
45, 360, 59
46, 370, 55
47, 380, 55
47, 390, 60
49, 400, 60
49, 410, 61
49, 420, 58
49, 430, 59
50, 440, 58
50, 450, 59
50, 460, 61
50, 470, 59
50, 480, 60
50, 490, 59
50, 500, 58
50, 510, 59
50, 520, 58
50, 530, 60
50, 540, 59
50, 550, 59
51, 560, 56
53, 570, 58
53, 580, 61
55, 590, 61
56, 600, 64
56, 610, 65
57, 620, 64
57, 630, 65
58, 640, 66
58, 650, 66
58, 660, 66
58, 670, 66
58, 680, 68
58, 690, 66
58, 700, 66
58, 710, 65
58, 720, 64
58, 730, 66
58, 740, 65
58, 750, 64
58, 760, 65
58, 770, 65
58, 780, 64
58, 790, 64
58, 800, 64
58, 810, 64
58, 820, 65
58, 830, 65
58, 840, 64
58, 850, 63
58, 860, 65
58, 870, 65
58, 880, 63
59, 890, 64
59, 900, 64
59, 910, 65
59, 920, 64
59, 930, 64
59, 940, 64
59, 950, 65
59, 960, 64
59, 970, 65
59, 980, 64
59, 990, 63
59, 1000, 64
59, 1010, 64
59, 1020, 64
59, 1030, 64
59, 1040, 64
59, 1050, 64
59, 1060, 64
59, 1070, 63
59, 1080, 63
59, 1090, 63
59, 1100, 63
59, 1110, 63
59, 1120, 63
59, 1130, 63
59, 1140, 63
59, 1150, 63
{'count': 1160, 'truepos': 59, 'falseneg': 0, 'unknownyes': 3, 'falsepos': 0, 'unique': 1160}
11: Wahono.csv: machine3: 0, 0
6, 10
6, 20, 102
7, 30, 93
11, 40, 85
13, 50, 90
15, 60, 62
17, 70, 57
18, 80, 55
20, 90, 53
22, 100, 52
24, 110, 54
25, 120, 52
25, 130, 51
26, 140, 48
28, 150, 49
30, 160, 51
34, 170, 51
37, 180, 68
39, 190, 72
39, 200, 77
39, 210, 70
39, 220, 68
39, 230, 64
41, 240, 60
42, 250, 67
44, 260, 66
46, 270, 70
46, 280, 72
47, 290, 64
48, 300, 69
49, 310, 69
50, 320, 67
50, 330, 68
50, 340, 69
50, 350, 68
50, 360, 70
50, 370, 64
50, 380, 63
50, 390, 64
50, 400, 61
50, 410, 68
50, 420, 62
51, 430, 60
51, 440, 64
51, 450, 62
51, 460, 62
51, 470, 64
51, 480, 61
51, 490, 62
52, 500, 59
52, 510, 61
52, 520, 62
52, 530, 61
52, 540, 60
52, 550, 60
52, 560, 60
54, 570, 59
55, 580, 62
55, 590, 63
55, 600, 64
55, 610, 63
56, 620, 62
56, 630, 65
57, 640, 64
58, 650, 66
58, 660, 67
58, 670, 66
58, 680, 66
58, 690, 65
58, 700, 67
58, 710, 66
58, 720, 67
58, 730, 66
58, 740, 66
58, 750, 65
58, 760, 65
58, 770, 66
58, 780, 64
58, 790, 65
58, 800, 64
58, 810, 65
58, 820, 64
58, 830, 64
58, 840, 65
58, 850, 64
58, 860, 65
58, 870, 63
58, 880, 64
58, 890, 63
58, 900, 64
58, 910, 63
58, 920, 64
58, 930, 63
59, 940, 63
59, 950, 64
59, 960, 64
59, 970, 63
59, 980, 64
59, 990, 64
59, 1000, 64
59, 1010, 64
59, 1020, 63
59, 1030, 64
59, 1040, 63
59, 1050, 64
59, 1060, 64
59, 1070, 63
59, 1080, 63
59, 1090, 64
59, 1100, 64
59, 1110, 63
59, 1120, 63
59, 1130, 63
59, 1140, 63
59, 1150, 63
59, 1160, 63
{'count': 1229, 'truepos': 59, 'falseneg': 0, 'unknownyes': 3, 'falsepos': 0, 'unique': 1170}
11: Danijel.csv: none: 0, 0
4, 10
5, 20, 116
6, 30, 113
7, 40, 90
9, 50, 68
14, 60, 60
15, 70, 80
16, 80, 64
18, 90, 57
19, 100, 54
21, 110, 51
21, 120, 53
26, 130, 48
28, 140, 58
30, 150, 57
32, 160, 52
34, 170, 50
35, 180, 52
36, 190, 52
36, 200, 52
37, 210, 49
38, 220, 48
38, 230, 49
39, 240, 49
39, 250, 50
39, 260, 49
39, 270, 48
40, 280, 47
40, 290, 50
40, 300, 48
41, 310, 48
41, 320, 51
42, 330, 48
42, 340, 51
42, 350, 50
42, 360, 50
42, 370, 48
42, 380, 50
43, 390, 49
43, 400, 51
43, 410, 50
43, 420, 49
43, 430, 48
43, 440, 49
43, 450, 50
43, 460, 49
44, 470, 50
44, 480, 52
44, 490, 51
44, 500, 52
44, 510, 50
44, 520, 51
44, 530, 49
44, 540, 49
44, 550, 49
44, 560, 49
44, 570, 49
44, 580, 48
44, 590, 50
44, 600, 49
44, 610, 49
45, 620, 48
45, 630, 51
45, 640, 49
45, 650, 49
45, 660, 48
45, 670, 48
45, 680, 49
45, 690, 49
45, 700, 49
45, 710, 49
45, 720, 48
45, 730, 49
{'count': 730, 'truepos': 45, 'falseneg': 0, 'unknownyes': 3, 'falsepos': 0, 'unique': 730}
11: Danijel.csv: three: 0, 0
4, 10
4, 20, 119
6, 30, 95
9, 40, 78
10, 50, 76
13, 60, 63
13, 70, 61
14, 80, 52
17, 90, 50
20, 100, 52
23, 110, 54
24, 120, 59
25, 130, 52
28, 140, 51
30, 150, 54
34, 160, 49
35, 170, 56
35, 180, 55
36, 190, 50
37, 200, 48
37, 210, 50
38, 220, 51
38, 230, 51
38, 240, 51
40, 250, 50
40, 260, 50
40, 270, 52
40, 280, 49
40, 290, 51
40, 300, 48
40, 310, 47
41, 320, 48
41, 330, 49
41, 340, 48
42, 350, 47
42, 360, 49
42, 370, 50
42, 380, 49
42, 390, 49
42, 400, 50
42, 410, 49
42, 420, 47
42, 430, 49
42, 440, 47
43, 450, 46
43, 460, 48
43, 470, 49
44, 480, 48
44, 490, 50
44, 500, 50
44, 510, 50
44, 520, 50
44, 530, 49
44, 540, 49
44, 550, 49
44, 560, 49
44, 570, 49
44, 580, 50
44, 590, 48
44, 600, 49
45, 610, 48
45, 620, 49
45, 630, 49
45, 640, 49
45, 650, 49
45, 660, 49
45, 670, 48
45, 680, 48
{'count': 1360, 'truepos': 45, 'falseneg': 0, 'unknownyes': 3, 'falsepos': 0, 'unique': 680}
11: Danijel.csv: machine: 0, 0
4, 10
4, 20, 115
6, 30, 95
9, 40, 80
10, 50, 79
11, 60, 64
13, 70, 57
16, 80, 53
20, 90, 59
24, 100, 62
26, 110, 67
27, 120, 65
28, 130, 59
31, 140, 57
34, 150, 51
35, 160, 54
35, 170, 55
36, 180, 52
36, 190, 53
36, 200, 51
37, 210, 48
37, 220, 49
37, 230, 47
39, 240, 48
39, 250, 54
39, 260, 49
40, 270, 53
40, 280, 49
40, 290, 50
40, 300, 49
40, 310, 48
40, 320, 48
40, 330, 48
40, 340, 47
40, 350, 49
41, 360, 47
41, 370, 47
42, 380, 47
42, 390, 49
42, 400, 50
42, 410, 48
42, 420, 49
42, 430, 50
42, 440, 47
43, 450, 47
44, 460, 51
44, 470, 50
44, 480, 50
44, 490, 49
44, 500, 50
44, 510, 50
44, 520, 50
44, 530, 50
45, 540, 48
45, 550, 51
45, 560, 50
45, 570, 50
45, 580, 50
45, 590, 49
45, 600, 50
45, 610, 49
45, 620, 49
45, 630, 50
45, 640, 48
45, 650, 49
45, 660, 48
45, 670, 48
45, 680, 48
45, 690, 48
45, 700, 48
45, 710, 48
45, 720, 48
45, 730, 48
{'count': 740, 'truepos': 45, 'falseneg': 0, 'unknownyes': 3, 'falsepos': 0, 'unique': 740}
11: Danijel.csv: machine2: 0, 0
4, 10
5, 20, 120
8, 30, 101
9, 40, 94
9, 50, 87
11, 60, 68
15, 70, 54
17, 80, 67
21, 90, 60
23, 100, 67
23, 110, 66
25, 120, 54
26, 130, 50
28, 140, 52
29, 150, 48
33, 160, 49
34, 170, 52
35, 180, 49
36, 190, 50
37, 200, 49
37, 210, 51
37, 220, 50
37, 230, 49
37, 240, 47
38, 250, 47
39, 260, 49
40, 270, 49
40, 280, 50
40, 290, 51
40, 300, 49
41, 310, 48
41, 320, 50
41, 330, 48
41, 340, 48
41, 350, 49
41, 360, 51
41, 370, 48
41, 380, 49
42, 390, 47
43, 400, 49
43, 410, 51
43, 420, 52
43, 430, 50
43, 440, 49
43, 450, 48
43, 460, 49
43, 470, 50
43, 480, 48
43, 490, 49
43, 500, 48
43, 510, 48
43, 520, 47
43, 530, 48
43, 540, 47
43, 550, 48
43, 560, 47
43, 570, 49
44, 580, 47
44, 590, 49
44, 600, 48
44, 610, 48
44, 620, 48
44, 630, 49
44, 640, 48
44, 650, 48
45, 660, 48
45, 670, 49
45, 680, 49
45, 690, 48
45, 700, 48
45, 710, 48
45, 720, 48
45, 730, 48
45, 740, 48
{'count': 750, 'truepos': 45, 'falseneg': 0, 'unknownyes': 3, 'falsepos': 0, 'unique': 750}
11: Danijel.csv: machine3: 0, 0
4, 10
4, 20, 121
6, 30, 98
7, 40, 83
8, 50, 68
9, 60, 53
12, 70, 50
13, 80, 51
16, 90, 48
18, 100, 56
24, 110, 49
25, 120, 60
26, 130, 55
28, 140, 53
29, 150, 54
30, 160, 50
32, 170, 48
32, 180, 51
32, 190, 50
32, 200, 47
33, 210, 49
36, 220, 46
37, 230, 50
37, 240, 49
38, 250, 48
40, 260, 49
40, 270, 52
40, 280, 51
40, 290, 49
41, 300, 49
41, 310, 50
41, 320, 50
41, 330, 49
41, 340, 50
41, 350, 50
41, 360, 50
41, 370, 47
41, 380, 48
41, 390, 48
43, 400, 48
43, 410, 53
43, 420, 52
43, 430, 50
43, 440, 49
43, 450, 50
43, 460, 50
43, 470, 48
44, 480, 49
44, 490, 52
44, 500, 51
44, 510, 50
44, 520, 49
44, 530, 51
44, 540, 48
44, 550, 50
44, 560, 49
44, 570, 50
44, 580, 48
44, 590, 49
44, 600, 48
44, 610, 48
44, 620, 48
44, 630, 48
44, 640, 48
44, 650, 48
44, 660, 47
44, 670, 47
44, 680, 47
44, 690, 47
44, 700, 48
45, 710, 47
45, 720, 48
45, 730, 48
45, 740, 48
45, 750, 48
45, 760, 48
45, 770, 49
45, 780, 48
45, 790, 48
45, 800, 48
45, 810, 48
45, 820, 48
{'count': 875, 'truepos': 45, 'falseneg': 0, 'unknownyes': 3, 'falsepos': 0, 'unique': 830}
11: K_all3.csv: none: 0, 0
1, 10
2, 20, 92
2, 30, 62
3, 40, 54
5, 50, 43
7, 60, 42
12, 70, 42
12, 80, 51
13, 90, 45
15, 100, 45
17, 110, 47
18, 120, 48
21, 130, 47
21, 140, 49
22, 150, 46
23, 160, 45
23, 170, 45
25, 180, 44
27, 190, 43
27, 200, 45
27, 210, 45
27, 220, 44
27, 230, 44
27, 240, 43
27, 250, 43
27, 260, 43
27, 270, 43
27, 280, 43
27, 290, 43
27, 300, 43
27, 310, 43
27, 320, 43
28, 330, 42
29, 340, 43
33, 350, 44
34, 360, 41
34, 370, 42
34, 380, 39
34, 390, 37
34, 400, 37
34, 410, 37
34, 420, 37
34, 430, 36
34, 440, 36
34, 450, 37
36, 460, 36
36, 470, 38
36, 480, 38
37, 490, 38
37, 500, 39
37, 510, 39
{'count': 510, 'truepos': 37, 'falseneg': 0, 'unknownyes': 8, 'falsepos': 0, 'unique': 510}
11: K_all3.csv: three: 0, 0
1, 10
2, 20, 94
2, 30, 63
4, 40, 54
8, 50, 48
12, 60, 49
13, 70, 61
15, 80, 55
18, 90, 54
19, 100, 56
21, 110, 50
21, 120, 49
22, 130, 45
22, 140, 45
22, 150, 44
23, 160, 42
24, 170, 43
24, 180, 44
25, 190, 43
26, 200, 44
27, 210, 44
27, 220, 45
27, 230, 44
27, 240, 44
27, 250, 43
27, 260, 43
27, 270, 43
27, 280, 43
27, 290, 43
27, 300, 43
27, 310, 43
27, 320, 43
28, 330, 42
29, 340, 43
33, 350, 44
34, 360, 40
34, 370, 40
34, 380, 39
34, 390, 39
34, 400, 38
34, 410, 37
34, 420, 37
34, 430, 37
34, 440, 36
34, 450, 37
34, 460, 37
34, 470, 36
35, 480, 36
{'count': 960, 'truepos': 35, 'falseneg': 0, 'unknownyes': 10, 'falsepos': 0, 'unique': 480}
11: K_all3.csv: machine: 0, 0
1, 10
2, 20, 92
4, 30, 63
7, 40, 59
10, 50, 53
11, 60, 60
13, 70, 52
18, 80, 51
20, 90, 59
21, 100, 56
22, 110, 49
22, 120, 49
22, 130, 46
23, 140, 44
23, 150, 44
23, 160, 43
25, 170, 42
26, 180, 45
26, 190, 45
27, 200, 44
27, 210, 45
27, 220, 44
27, 230, 44
27, 240, 43
27, 250, 43
27, 260, 43
27, 270, 43
27, 280, 43
27, 290, 43
27, 300, 43
27, 310, 43
27, 320, 43
28, 330, 42
29, 340, 43
33, 350, 44
34, 360, 42
34, 370, 39
34, 380, 40
34, 390, 39
34, 400, 39
34, 410, 39
34, 420, 36
35, 430, 38
35, 440, 37
35, 450, 39
36, 460, 37
36, 470, 39
37, 480, 38
37, 490, 39
38, 500, 39
{'count': 510, 'truepos': 38, 'falseneg': 0, 'unknownyes': 7, 'falsepos': 0, 'unique': 510}
11: K_all3.csv: machine2: 0, 0
1, 10
2, 20, 92
2, 30, 63
3, 40, 54
4, 50, 43
7, 60, 41
11, 70, 43
12, 80, 49
13, 90, 44
16, 100, 43
17, 110, 51
20, 120, 47
20, 130, 50
21, 140, 47
21, 150, 46
22, 160, 44
23, 170, 45
24, 180, 43
24, 190, 43
26, 200, 43
26, 210, 45
26, 220, 44
26, 230, 43
27, 240, 43
27, 250, 43
27, 260, 43
27, 270, 43
27, 280, 43
27, 290, 43
27, 300, 43
27, 310, 43
27, 320, 43
28, 330, 42
30, 340, 43
32, 350, 36
32, 360, 37
32, 370, 38
32, 380, 38
32, 390, 36
33, 400, 35
33, 410, 36
34, 420, 36
34, 430, 38
34, 440, 38
34, 450, 36
35, 460, 36
35, 470, 37
35, 480, 38
35, 490, 37
36, 500, 38
37, 510, 38
38, 520, 39
38, 530, 41
{'count': 540, 'truepos': 38, 'falseneg': 0, 'unknownyes': 7, 'falsepos': 0, 'unique': 540}
11: K_all3.csv: machine3: 0, 0
1, 10
2, 20, 93
3, 30, 63
5, 40, 50
6, 50, 44
8, 60, 43
10, 70, 44
13, 80, 44
15, 90, 49
19, 100, 48
21, 110, 53
21, 120, 52
21, 130, 48
21, 140, 46
22, 150, 44
23, 160, 44
23, 170, 45
23, 180, 45
24, 190, 44
25, 200, 45
25, 210, 45
26, 220, 44
26, 230, 45
26, 240, 44
27, 250, 43
27, 260, 43
27, 270, 43
27, 280, 43
27, 290, 43
27, 300, 43
27, 310, 43
27, 320, 43
28, 330, 43
29, 340, 43
33, 350, 44
34, 360, 39
34, 370, 39
34, 380, 38
34, 390, 37
34, 400, 38
34, 410, 38
34, 420, 37
34, 430, 38
35, 440, 36
35, 450, 37
35, 460, 38
35, 470, 37
35, 480, 38
36, 490, 37
37, 500, 38
37, 510, 39
{'count': 557, 'truepos': 37, 'falseneg': 0, 'unknownyes': 8, 'falsepos': 0, 'unique': 520}

------------------------------------------------------------
Sender: LSF System <lsfadmin@n2a1-11>
Subject: Job 270876: </share/tjmenzie/zyu9/miniconda2/bin/python2.7 runner.py error_hpcc 11> Done

Job </share/tjmenzie/zyu9/miniconda2/bin/python2.7 runner.py error_hpcc 11> was submitted from host <login01.hpc.ncsu.edu> by user <zyu9> in cluster <henry2>.
Job was executed on host(s) <2*n2a1-11>, in queue <single_chassis>, as user <zyu9> in cluster <henry2>.
</home/zyu9> was used as the home directory.
</home/zyu9/projects/MAR_HPC/Error/src> was used as the working directory.
Started at Sat Oct 21 09:24:08 2017
Results reported at Sat Oct 21 10:35:05 2017

Your job looked like:

------------------------------------------------------------
# LSBATCH: User input
/share/tjmenzie/zyu9/miniconda2/bin/python2.7 runner.py error_hpcc 11
------------------------------------------------------------

Successfully completed.

Resource usage summary:

    CPU time   :   5315.55 sec.
    Max Memory :       168 MB
    Max Swap   :      1187 MB

    Max Processes  :         3
    Max Threads    :         8

The output (if any) is above this job summary.



PS:

Read file <./err/11.err.270876> for stderr output of this job.

