11: Hall.csv: none: 0, 0
7, 10
10, 20, 112
14, 30, 122
18, 40, 103
20, 50, 98
21, 60, 91
24, 70, 85
28, 80, 83
30, 90, 84
34, 100, 62
40, 110, 63
44, 120, 76
48, 130, 80
48, 140, 90
52, 150, 76
56, 160, 79
58, 170, 89
61, 180, 83
63, 190, 83
66, 200, 79
67, 210, 85
67, 220, 92
69, 230, 79
69, 240, 80
71, 250, 84
71, 260, 86
71, 270, 83
71, 280, 88
71, 290, 83
72, 300, 82
74, 310, 82
74, 320, 82
74, 330, 85
74, 340, 86
74, 350, 83
75, 360, 86
75, 370, 82
76, 380, 85
76, 390, 89
76, 400, 85
76, 410, 86
76, 420, 87
76, 430, 85
76, 440, 84
76, 450, 86
76, 460, 84
76, 470, 86
76, 480, 83
77, 490, 83
77, 500, 84
77, 510, 84
77, 520, 85
77, 530, 83
77, 540, 83
78, 550, 83
78, 560, 84
78, 570, 84
78, 580, 84
78, 590, 84
78, 600, 83
78, 610, 84
78, 620, 83
78, 630, 83
78, 640, 83
78, 650, 82
78, 660, 83
78, 670, 83
78, 680, 83
78, 690, 82
78, 700, 82
{'count': 700, 'truepos': 77, 'falseneg': 25, 'correction': 0, 'unknownyes': 2, 'falsepos': 1, 'unique': 700}
11: Hall.csv: three: 0, 0
6, 10
9, 20, 102
13, 30, 102
17, 40, 108
20, 50, 95
25, 60, 92
31, 70, 96
35, 80, 85
38, 90, 86
41, 100, 91
46, 110, 86
47, 120, 97
47, 130, 96
52, 140, 77
55, 150, 83
56, 160, 86
59, 170, 79
62, 180, 85
63, 190, 86
65, 200, 84
68, 210, 90
71, 220, 94
72, 230, 95
75, 240, 91
77, 250, 100
78, 260, 105
78, 270, 99
78, 280, 101
79, 290, 97
79, 300, 94
80, 310, 95
80, 320, 95
80, 330, 93
80, 340, 94
80, 350, 92
81, 360, 91
81, 370, 96
81, 380, 94
81, 390, 94
81, 400, 91
83, 410, 90
84, 420, 93
84, 430, 95
84, 440, 94
84, 450, 93
84, 460, 95
84, 470, 92
84, 480, 93
84, 490, 93
84, 500, 92
84, 510, 92
84, 520, 91
84, 530, 92
84, 540, 91
84, 550, 91
84, 560, 91
84, 570, 90
84, 580, 91
84, 590, 90
84, 600, 91
84, 610, 90
84, 620, 90
84, 630, 89
84, 640, 89
84, 650, 90
84, 660, 89
84, 670, 89
84, 680, 89
84, 690, 88
84, 700, 88
84, 710, 88
84, 720, 88
84, 730, 88
84, 740, 88
84, 750, 88
84, 760, 88
84, 770, 88
84, 780, 88
{'count': 1599, 'truepos': 84, 'falseneg': 18, 'correction': 33, 'unknownyes': 2, 'falsepos': 0, 'unique': 780}
11: Hall.csv: machine: 0, 0
5, 10
7, 20, 99
8, 30, 104
9, 40, 98
11, 50, 91
14, 60, 74
['yes']
['no' 'no' 'no' 'yes' 'yes' 'no' 'no' 'yes' 'no' 'yes' 'yes' 'no' 'no'
 'no' 'no' 'yes' 'no' 'no' 'no']
19, 60, 74
20, 70, 80
22, 80, 63
28, 90, 67
31, 100, 93
38, 110, 64
['yes']
['yes' 'no' 'no' 'no' 'yes' 'yes' 'yes' 'no' 'yes' 'no' 'yes' 'no' 'no'
 'no' 'no' 'no' 'no' 'no' 'no']
41, 110, 64
45, 120, 83
46, 130, 89
48, 140, 87
49, 150, 81
50, 160, 74
['yes']
['no' 'no' 'no' 'no' 'yes' 'no' 'no' 'no' 'no' 'no' 'no' 'no' 'yes' 'no'
 'no' 'yes' 'no' 'no' 'yes']
52, 160, 74
55, 170, 78
58, 180, 76
61, 190, 82
62, 200, 89
67, 210, 81
['yes']
['yes' 'no' 'no' 'no' 'no' 'yes' 'no' 'no' 'no' 'no' 'no' 'no' 'no' 'no'
 'no' 'no' 'no' 'no' 'no']
68, 210, 81
71, 220, 87
72, 230, 94
74, 240, 87
76, 250, 85
76, 260, 91
['yes']
['no' 'no' 'no' 'no' 'no' 'no' 'no' 'no' 'no' 'no' 'no' 'no' 'yes' 'yes'
 'no' 'no' 'no' 'no' 'no']
76, 260, 91
77, 270, 88
78, 280, 93
79, 290, 89
79, 300, 89
80, 310, 89
['yes']
['no' 'no' 'yes' 'no' 'no' 'no' 'no' 'no' 'yes' 'no' 'no' 'no' 'yes' 'no'
 'no' 'no' 'no' 'no' 'no']
81, 310, 89
82, 320, 95
82, 330, 92
82, 340, 91
82, 350, 92
82, 360, 92
['yes']
['no' 'no' 'no' 'no' 'no' 'no' 'no' 'no' 'no' 'no' 'no' 'no' 'no' 'no'
 'no' 'no' 'no' 'no' 'no']
82, 360, 92
82, 370, 98
84, 380, 91
84, 390, 96
84, 400, 93
84, 410, 94
['yes']
['no' 'no' 'no' 'no' 'no' 'yes' 'no' 'no' 'yes' 'no' 'no' 'no' 'yes' 'no'
 'no' 'no' 'no' 'no' 'no']
85, 410, 94
85, 420, 98
85, 430, 94
85, 440, 93
86, 450, 92
86, 460, 92
['yes']
['no' 'yes' 'no' 'no' 'no' 'no' 'no' 'no' 'no' 'no' 'no' 'no' 'no' 'no'
 'no' 'no' 'yes' 'yes' 'no']
89, 460, 92
89, 470, 97
89, 480, 96
89, 490, 95
89, 500, 95
89, 510, 96
['yes']
['no' 'no' 'no' 'no' 'no' 'no' 'no' 'no' 'no' 'no' 'no' 'no' 'no' 'no'
 'no' 'no' 'no' 'no' 'no']
88, 510, 96
88, 520, 94
88, 530, 94
88, 540, 94
88, 550, 93
88, 560, 93
['yes']
['no' 'no' 'no' 'no' 'no' 'no' 'no' 'no' 'no' 'no' 'no' 'no' 'no' 'no'
 'no' 'yes' 'no' 'no' 'no']
89, 560, 93
89, 570, 94
89, 580, 94
89, 590, 94
89, 600, 94
89, 610, 95
['yes']
['no' 'no' 'no' 'no' 'no' 'no' 'no' 'no' 'no' 'no' 'no' 'no' 'no' 'no'
 'no' 'no' 'no' 'no' 'no']
89, 610, 95
89, 620, 94
89, 630, 94
89, 640, 94
89, 650, 94
89, 660, 94
['yes']
['no' 'no' 'no' 'no' 'no' 'no' 'no' 'no' 'no' 'no' 'no' 'no' 'no' 'no'
 'no' 'no' 'no' 'no' 'no']
88, 660, 94
{'count': 926, 'truepos': 86, 'falseneg': 16, 'correction': 23, 'unknownyes': 2, 'falsepos': 2, 'unique': 660}
11: Hall.csv: knee: 0, 0
3, 10
7, 20
8, 30
11, 40
13, 50
14, 60
18, 70
22, 80
28, 90
35, 100
38, 110
41, 120
43, 130
47, 140
49, 150
50, 160
54, 170
56, 180
57, 190
60, 200
63, 210
65, 220
67, 230
69, 240
72, 250
72, 260
73, 270
73, 280
73, 290
73, 300
73, 310
73, 320
73, 330
{'count': 509, 'truepos': 87, 'falseneg': 10, 'correction': 15, 'unknownyes': 7, 'falsepos': 1, 'unique': 330}
11: Wahono.csv: none: 0, 0
5, 10
5, 20, 93
6, 30, 89
10, 40, 90
12, 50, 91
15, 60, 80
17, 70, 78
17, 80, 77
17, 90, 52
17, 100, 47
17, 110, 43
17, 120, 42
18, 130, 41
19, 140, 43
20, 150, 46
21, 160, 45
22, 170, 45
24, 180, 44
26, 190, 46
26, 200, 48
29, 210, 46
30, 220, 49
31, 230, 48
32, 240, 52
32, 250, 49
33, 260, 53
33, 270, 57
33, 280, 53
34, 290, 50
35, 300, 50
35, 310, 53
36, 320, 51
36, 330, 51
39, 340, 49
39, 350, 55
39, 360, 53
39, 370, 54
39, 380, 51
39, 390, 54
39, 400, 55
39, 410, 52
39, 420, 51
39, 430, 52
39, 440, 48
39, 450, 50
39, 460, 52
39, 470, 51
39, 480, 48
41, 490, 48
41, 500, 53
41, 510, 51
41, 520, 51
41, 530, 51
42, 540, 49
42, 550, 51
42, 560, 51
42, 570, 51
42, 580, 50
42, 590, 50
42, 600, 50
43, 610, 50
43, 620, 51
43, 630, 50
43, 640, 50
44, 650, 50
44, 660, 51
44, 670, 51
44, 680, 51
44, 690, 49
45, 700, 51
45, 710, 52
45, 720, 52
45, 730, 52
45, 740, 52
45, 750, 52
45, 760, 51
45, 770, 52
45, 780, 51
45, 790, 51
45, 800, 50
45, 810, 51
45, 820, 51
45, 830, 52
45, 840, 50
45, 850, 51
45, 860, 51
45, 870, 50
46, 880, 50
46, 890, 52
46, 900, 51
46, 910, 51
46, 920, 51
46, 930, 52
47, 940, 51
47, 950, 52
47, 960, 52
47, 970, 52
47, 980, 52
47, 990, 52
47, 1000, 52
47, 1010, 52
47, 1020, 52
47, 1030, 52
47, 1040, 51
47, 1050, 51
47, 1060, 51
47, 1070, 51
47, 1080, 52
47, 1090, 51
47, 1100, 51
47, 1110, 52
47, 1120, 51
47, 1130, 51
47, 1140, 52
48, 1150, 52
48, 1160, 52
48, 1170, 52
48, 1180, 52
48, 1190, 52
49, 1200, 52
49, 1210, 53
49, 1220, 53
49, 1230, 53
49, 1240, 54
49, 1250, 54
49, 1260, 53
49, 1270, 53
49, 1280, 53
49, 1290, 53
49, 1300, 53
49, 1310, 53
49, 1320, 52
49, 1330, 53
49, 1340, 53
49, 1350, 53
49, 1360, 53
49, 1370, 52
49, 1380, 52
49, 1390, 53
49, 1400, 53
49, 1410, 52
49, 1420, 52
49, 1430, 52
49, 1440, 52
50, 1450, 53
50, 1460, 54
50, 1470, 53
50, 1480, 53
50, 1490, 53
50, 1500, 53
50, 1510, 53
50, 1520, 53
50, 1530, 53
50, 1540, 53
50, 1550, 53
50, 1560, 53
50, 1570, 53
50, 1580, 53
50, 1590, 53
50, 1600, 52
50, 1610, 53
50, 1620, 52
50, 1630, 53
50, 1640, 52
50, 1650, 52
50, 1660, 52
50, 1670, 52
50, 1680, 52
50, 1690, 52
50, 1700, 52
50, 1710, 52
50, 1720, 52
50, 1730, 52
50, 1740, 52
50, 1750, 52
50, 1760, 53
50, 1770, 52
50, 1780, 52
50, 1790, 52
50, 1800, 52
{'count': 1800, 'truepos': 47, 'falseneg': 14, 'correction': 0, 'unknownyes': 1, 'falsepos': 3, 'unique': 1800}
11: Wahono.csv: three: 0, 0
4, 10
4, 20, 95
8, 30, 91
10, 40, 90
12, 50, 83
13, 60, 79
14, 70, 58
15, 80, 57
16, 90, 49
16, 100, 45
16, 110, 42
17, 120, 41
18, 130, 44
20, 140, 45
23, 150, 46
25, 160, 51
27, 170, 54
29, 180, 56
30, 190, 53
30, 200, 54
31, 210, 53
32, 220, 53
32, 230, 53
33, 240, 55
33, 250, 58
33, 260, 51
33, 270, 55
34, 280, 51
34, 290, 51
35, 300, 51
36, 310, 51
36, 320, 54
36, 330, 57
36, 340, 52
36, 350, 54
36, 360, 52
36, 370, 54
36, 380, 51
36, 390, 52
36, 400, 48
36, 410, 48
36, 420, 52
36, 430, 49
36, 440, 47
36, 450, 46
36, 460, 49
36, 470, 48
37, 480, 46
37, 490, 50
37, 500, 47
37, 510, 48
37, 520, 48
38, 530, 45
38, 540, 48
38, 550, 48
38, 560, 47
38, 570, 47
38, 580, 47
38, 590, 48
39, 600, 46
39, 610, 48
39, 620, 47
39, 630, 47
41, 640, 47
41, 650, 48
42, 660, 48
42, 670, 50
42, 680, 49
42, 690, 49
42, 700, 49
43, 710, 50
43, 720, 50
43, 730, 50
44, 740, 50
44, 750, 53
44, 760, 53
44, 770, 51
45, 780, 51
45, 790, 52
45, 800, 51
45, 810, 52
45, 820, 51
45, 830, 51
45, 840, 51
45, 850, 51
45, 860, 52
45, 870, 51
45, 880, 51
45, 890, 51
45, 900, 51
45, 910, 50
45, 920, 51
45, 930, 51
45, 940, 51
45, 950, 50
45, 960, 50
45, 970, 51
45, 980, 50
45, 990, 50
45, 1000, 50
45, 1010, 49
45, 1020, 50
45, 1030, 50
45, 1040, 50
45, 1050, 49
45, 1060, 49
45, 1070, 50
45, 1080, 50
45, 1090, 50
45, 1100, 49
45, 1110, 49
45, 1120, 49
45, 1130, 49
45, 1140, 50
45, 1150, 49
45, 1160, 49
45, 1170, 49
46, 1180, 49
46, 1190, 50
46, 1200, 50
46, 1210, 50
46, 1220, 49
46, 1230, 50
46, 1240, 50
46, 1250, 50
46, 1260, 50
46, 1270, 50
46, 1280, 50
46, 1290, 50
46, 1300, 50
46, 1310, 50
46, 1320, 50
46, 1330, 49
46, 1340, 50
46, 1350, 49
46, 1360, 49
46, 1370, 49
46, 1380, 49
46, 1390, 49
46, 1400, 49
46, 1410, 49
46, 1420, 49
46, 1430, 49
46, 1440, 49
46, 1450, 49
46, 1460, 50
46, 1470, 49
46, 1480, 49
47, 1490, 49
47, 1500, 50
47, 1510, 50
{'count': 3050, 'truepos': 47, 'falseneg': 13, 'correction': 25, 'unknownyes': 2, 'falsepos': 0, 'unique': 1510}
11: Wahono.csv: machine: 0, 0
5, 10
5, 20, 94
8, 30, 90
10, 40, 95
14, 50, 83
15, 60, 81
['yes']
['no' 'no' 'no' 'no' 'no' 'no' 'yes' 'no' 'no' 'no' 'no' 'no' 'no' 'yes'
 'no' 'no' 'no' 'no' 'no']
17, 60, 81
17, 70, 75
18, 80, 62
19, 90, 56
20, 100, 49
22, 110, 48
['yes']
['no' 'no' 'no' 'no' 'no' 'no' 'yes' 'no' 'no' 'no' 'no' 'yes' 'no' 'no'
 'no' 'no' 'no' 'no' 'no']
24, 110, 48
25, 120, 50
26, 130, 49
27, 140, 49
29, 150, 48
29, 160, 51
['yes']
['no' 'no' 'no' 'no' 'no' 'no' 'no' 'no' 'no' 'no' 'no' 'no' 'no' 'no'
 'no' 'no' 'no' 'no' 'no']
29, 160, 51
29, 170, 49
29, 180, 47
29, 190, 46
29, 200, 46
29, 210, 46
['yes']
['no' 'no' 'no' 'no' 'no' 'no' 'no' 'yes' 'no' 'no' 'no' 'no' 'no' 'no'
 'no' 'no' 'no' 'no' 'no']
29, 210, 46
29, 220, 48
29, 230, 48
29, 240, 48
29, 250, 48
29, 260, 48
['yes']
['no' 'no' 'no' 'no' 'no' 'no' 'no' 'no' 'no' 'no' 'no' 'no' 'no' 'no'
 'no' 'no' 'no' 'no' 'no']
28, 260, 48
28, 270, 48
28, 280, 48
29, 290, 49
31, 300, 49
33, 310, 41
['yes']
['no' 'no' 'no' 'yes' 'no' 'no' 'no' 'yes' 'no' 'no' 'no' 'yes' 'no' 'no'
 'yes' 'no' 'no' 'no' 'no']
37, 310, 41
38, 320, 53
40, 330, 54
40, 340, 54
41, 350, 54
41, 360, 61
['yes']
['no' 'yes' 'no' 'no' 'no' 'no' 'no' 'no' 'no' 'no' 'no' 'yes' 'no' 'no'
 'no' 'no' 'no' 'no' 'no']
43, 360, 61
43, 370, 59
43, 380, 60
43, 390, 63
43, 400, 58
43, 410, 58
['yes']
['no' 'no' 'no' 'no' 'no' 'no' 'yes' 'no' 'no' 'no' 'no' 'no' 'no' 'no'
 'no' 'no' 'no' 'no' 'no']
43, 410, 58
43, 420, 56
43, 430, 55
43, 440, 54
43, 450, 56
43, 460, 52
['yes']
['no' 'no' 'yes' 'no' 'no' 'no' 'no' 'no' 'no' 'no' 'no' 'no' 'no' 'no'
 'yes' 'no' 'no' 'no' 'no']
43, 460, 52
43, 470, 54
43, 480, 54
43, 490, 53
43, 500, 51
43, 510, 52
['yes']
['no' 'no' 'no' 'no' 'no' 'no' 'no' 'no' 'no' 'no' 'no' 'no' 'no' 'no'
 'no' 'no' 'no' 'no' 'no']
43, 510, 52
43, 520, 52
44, 530, 53
44, 540, 52
44, 550, 54
44, 560, 53
['yes']
['no' 'no' 'no' 'no' 'no' 'no' 'no' 'no' 'no' 'no' 'no' 'no' 'no' 'no'
 'no' 'no' 'no' 'no' 'no']
44, 560, 53
44, 570, 50
44, 580, 51
44, 590, 51
44, 600, 51
44, 610, 51
['yes']
['no' 'no' 'no' 'no' 'no' 'no' 'no' 'no' 'no' 'no' 'no' 'no' 'no' 'no'
 'no' 'no' 'no' 'no' 'no']
44, 610, 51
44, 620, 50
44, 630, 49
44, 640, 49
44, 650, 50
44, 660, 49
['yes']
['no' 'no' 'no' 'no' 'no' 'no' 'no' 'no' 'no' 'no' 'no' 'no' 'no' 'no'
 'no' 'no' 'no' 'no' 'no']
44, 660, 49
44, 670, 51
45, 680, 50
45, 690, 51
45, 700, 51
47, 710, 50
['yes']
['no' 'no' 'no' 'no' 'no' 'no' 'no' 'no' 'no' 'no' 'no' 'no' 'no' 'no'
 'no' 'no' 'no' 'no' 'no']
46, 710, 50
46, 720, 51
46, 730, 52
46, 740, 51
46, 750, 52
46, 760, 52
['no']
['no' 'yes' 'no' 'no' 'no' 'no' 'no' 'no' 'no' 'no' 'no' 'no' 'no' 'no'
 'no' 'no' 'no' 'no' 'no']
46, 760, 52
46, 770, 52
46, 780, 50
46, 790, 50
46, 800, 51
46, 810, 51
['yes']
['no' 'no' 'no' 'no' 'no' 'no' 'no' 'yes' 'no' 'no' 'no' 'no' 'no' 'no'
 'no' 'no' 'no' 'no' 'no']
47, 810, 51
47, 820, 52
47, 830, 53
47, 840, 52
47, 850, 52
47, 860, 52
['yes']
['no' 'no' 'no' 'no' 'no' 'no' 'no' 'no' 'no' 'no' 'no' 'no' 'no' 'no'
 'no' 'no' 'no' 'no' 'no']
47, 860, 52
47, 870, 52
47, 880, 52
47, 890, 51
47, 900, 51
48, 910, 50
['no']
['no' 'no' 'no' 'no' 'no' 'no' 'yes' 'no' 'no' 'no' 'no' 'no' 'no' 'no'
 'no' 'no' 'no' 'no' 'no']
47, 910, 50
47, 920, 51
47, 930, 51
47, 940, 51
48, 950, 51
48, 960, 52
['no']
['no' 'no' 'no' 'no' 'no' 'no' 'no' 'no' 'no' 'no' 'no' 'no' 'no' 'no'
 'no' 'no' 'yes' 'no' 'no']
47, 960, 52
47, 970, 50
47, 980, 50
47, 990, 50
47, 1000, 51
48, 1010, 51
['yes']
['no' 'no' 'no' 'no' 'no' 'no' 'no' 'no' 'no' 'no' 'no' 'no' 'no' 'no'
 'no' 'no' 'no' 'no' 'no']
48, 1010, 51
48, 1020, 52
48, 1030, 51
48, 1040, 52
48, 1050, 51
49, 1060, 52
['yes']
['no' 'no' 'no' 'no' 'no' 'no' 'no' 'no' 'no' 'no' 'no' 'no' 'no' 'no'
 'no' 'no' 'no' 'no' 'no']
48, 1060, 52
48, 1070, 51
48, 1080, 51
48, 1090, 51
48, 1100, 51
48, 1110, 51
['yes']
['no' 'no' 'no' 'no' 'no' 'no' 'no' 'no' 'no' 'no' 'no' 'no' 'no' 'no'
 'no' 'no' 'no' 'no' 'no']
48, 1110, 51
48, 1120, 51
48, 1130, 51
48, 1140, 51
48, 1150, 51
48, 1160, 51
['yes']
['no' 'no' 'no' 'no' 'no' 'no' 'no' 'no' 'no' 'no' 'no' 'no' 'no' 'no'
 'no' 'no' 'no' 'no' 'no']
48, 1160, 51
48, 1170, 51
48, 1180, 51
48, 1190, 51
48, 1200, 51
48, 1210, 51
['yes']
['no' 'no' 'no' 'no' 'no' 'no' 'no' 'no' 'no' 'no' 'no' 'no' 'no' 'no'
 'no' 'no' 'no' 'no' 'no']
48, 1210, 51
48, 1220, 51
48, 1230, 51
48, 1240, 51
{'count': 1730, 'truepos': 48, 'falseneg': 11, 'correction': 19, 'unknownyes': 3, 'falsepos': 0, 'unique': 1240}
11: Wahono.csv: knee: 0, 0
2, 10
3, 20
5, 30
7, 40
9, 50
10, 60
10, 70
10, 80
11, 90
11, 100
12, 110
12, 120
12, 130
12, 140
12, 150
14, 160
15, 170
15, 180
15, 190
16, 200
16, 210
16, 220
16, 230
16, 240
16, 250
17, 260
17, 270
17, 280
20, 290
20, 300
22, 310
22, 320
23, 330
23, 340
24, 350
24, 360
24, 370
24, 380
24, 390
24, 400
24, 410
24, 420
24, 430
24, 440
25, 450
25, 460
26, 470
27, 480
28, 490
29, 500
29, 510
30, 520
30, 530
30, 540
30, 550
30, 560
30, 570
31, 580
31, 590
31, 600
31, 610
32, 620
33, 630
33, 640
33, 650
33, 660
33, 670
33, 680
33, 690
33, 700
33, 710
33, 720
33, 730
33, 740
33, 750
33, 760
33, 770
33, 780
33, 790
33, 800
33, 810
33, 820
34, 830
34, 840
34, 850
34, 860
34, 870
34, 880
34, 890
34, 900
34, 910
34, 920
35, 930
35, 940
35, 950
35, 960
35, 970
35, 980
35, 990
36, 1000
36, 1010
36, 1020
37, 1030
37, 1040
37, 1050
37, 1060
37, 1070
37, 1080
37, 1090
37, 1100
37, 1110
37, 1120
37, 1130
37, 1140
37, 1150
37, 1160
37, 1170
37, 1180
37, 1190
37, 1200
37, 1210
37, 1220
37, 1230
37, 1240
38, 1250
38, 1260
38, 1270
38, 1280
38, 1290
38, 1300
38, 1310
38, 1320
38, 1330
38, 1340
38, 1350
38, 1360
38, 1370
38, 1380
38, 1390
38, 1400
38, 1410
{'count': 2016, 'truepos': 50, 'falseneg': 8, 'correction': 22, 'unknownyes': 4, 'falsepos': 5, 'unique': 1410}
11: Danijel.csv: none: 0, 0
3, 10
4, 20, 125
5, 30, 101
6, 40, 96
8, 50, 69
9, 60, 70
11, 70, 59
12, 80, 56
12, 90, 56
12, 100, 46
14, 110, 44
14, 120, 47
15, 130, 43
16, 140, 43
18, 150, 43
19, 160, 43
20, 170, 44
21, 180, 44
21, 190, 43
21, 200, 43
22, 210, 42
22, 220, 41
23, 230, 42
24, 240, 42
25, 250, 43
26, 260, 43
26, 270, 43
27, 280, 43
27, 290, 43
27, 300, 42
27, 310, 43
28, 320, 43
28, 330, 44
28, 340, 44
29, 350, 44
29, 360, 45
29, 370, 45
29, 380, 45
29, 390, 45
29, 400, 45
29, 410, 45
30, 420, 46
30, 430, 39
30, 440, 41
30, 450, 40
30, 460, 40
30, 470, 39
30, 480, 36
30, 490, 37
30, 500, 38
30, 510, 38
30, 520, 38
30, 530, 36
30, 540, 39
30, 550, 38
30, 560, 36
30, 570, 36
30, 580, 37
31, 590, 35
31, 600, 37
32, 610, 36
32, 620, 38
32, 630, 37
32, 640, 37
32, 650, 38
32, 660, 36
32, 670, 37
32, 680, 36
32, 690, 36
32, 700, 36
32, 710, 37
33, 720, 36
33, 730, 39
33, 740, 38
33, 750, 37
33, 760, 37
33, 770, 37
33, 780, 38
33, 790, 37
33, 800, 37
33, 810, 37
33, 820, 36
33, 830, 36
33, 840, 37
33, 850, 36
33, 860, 36
33, 870, 37
33, 880, 37
33, 890, 36
33, 900, 37
33, 910, 36
34, 920, 36
34, 930, 38
34, 940, 38
34, 950, 37
34, 960, 38
34, 970, 37
34, 980, 37
34, 990, 38
35, 1000, 37
35, 1010, 39
35, 1020, 38
35, 1030, 39
35, 1040, 39
35, 1050, 38
35, 1060, 38
35, 1070, 39
35, 1080, 38
35, 1090, 38
35, 1100, 39
35, 1110, 39
35, 1120, 39
35, 1130, 38
35, 1140, 38
35, 1150, 39
35, 1160, 38
35, 1170, 39
35, 1180, 38
35, 1190, 38
35, 1200, 38
35, 1210, 37
35, 1220, 38
35, 1230, 38
35, 1240, 37
35, 1250, 38
36, 1260, 38
36, 1270, 39
36, 1280, 38
36, 1290, 39
36, 1300, 38
36, 1310, 38
36, 1320, 38
36, 1330, 38
36, 1340, 38
36, 1350, 38
36, 1360, 38
36, 1370, 38
36, 1380, 38
36, 1390, 38
36, 1400, 38
37, 1410, 38
37, 1420, 39
37, 1430, 39
37, 1440, 39
37, 1450, 40
37, 1460, 39
37, 1470, 39
37, 1480, 39
37, 1490, 39
37, 1500, 39
37, 1510, 39
37, 1520, 39
37, 1530, 39
37, 1540, 39
37, 1550, 39
37, 1560, 39
{'count': 1560, 'truepos': 32, 'falseneg': 14, 'correction': 0, 'unknownyes': 2, 'falsepos': 5, 'unique': 1560}
11: Danijel.csv: three: 0, 0
4, 10
4, 20, 114
5, 30, 95
6, 40, 74
8, 50, 60
10, 60, 56
13, 70, 53
15, 80, 61
15, 90, 56
18, 100, 48
18, 110, 53
20, 120, 44
23, 130, 45
24, 140, 49
24, 150, 47
26, 160, 44
26, 170, 45
27, 180, 43
28, 190, 44
30, 200, 45
31, 210, 51
32, 220, 52
33, 230, 50
33, 240, 48
33, 250, 46
33, 260, 45
35, 270, 45
35, 280, 47
35, 290, 46
35, 300, 46
35, 310, 45
36, 320, 43
36, 330, 46
36, 340, 46
37, 350, 44
37, 360, 50
37, 370, 47
38, 380, 45
38, 390, 46
38, 400, 47
38, 410, 46
38, 420, 46
38, 430, 45
38, 440, 45
39, 450, 45
39, 460, 46
39, 470, 47
39, 480, 46
39, 490, 45
39, 500, 45
39, 510, 45
39, 520, 46
39, 530, 46
39, 540, 46
39, 550, 47
39, 560, 45
39, 570, 44
39, 580, 44
39, 590, 44
40, 600, 44
40, 610, 44
40, 620, 45
40, 630, 45
40, 640, 45
40, 650, 44
40, 660, 44
40, 670, 44
40, 680, 44
40, 690, 45
40, 700, 45
40, 710, 43
40, 720, 44
40, 730, 44
40, 740, 44
40, 750, 43
40, 760, 44
40, 770, 44
40, 780, 43
40, 790, 43
40, 800, 43
40, 810, 43
40, 820, 43
40, 830, 43
40, 840, 43
{'count': 1708, 'truepos': 40, 'falseneg': 5, 'correction': 27, 'unknownyes': 3, 'falsepos': 0, 'unique': 840}
11: Danijel.csv: machine: 0, 0
3, 10
4, 20, 111
6, 30, 92
7, 40, 102
8, 50, 74
11, 60, 57
['yes']
['no' 'no' 'no' 'no' 'no' 'no' 'yes' 'yes' 'no' 'no' 'no' 'no' 'no' 'no'
 'no' 'no' 'yes' 'no' 'no']
13, 60, 57
15, 70, 75
16, 80, 74
17, 90, 63
17, 100, 60
18, 110, 52
['yes']
['yes' 'no' 'no' 'no' 'no' 'no' 'no' 'no' 'no' 'yes' 'no' 'no' 'no' 'no'
 'no' 'no' 'no' 'no' 'no']
19, 110, 52
21, 120, 51
21, 130, 50
23, 140, 46
24, 150, 48
24, 160, 48
['yes']
['yes' 'no' 'no' 'no' 'no' 'yes' 'no' 'no' 'no' 'no' 'no' 'no' 'no' 'no'
 'no' 'no' 'no' 'no' 'no']
26, 160, 48
26, 170, 49
26, 180, 47
28, 190, 46
29, 200, 46
29, 210, 47
['yes']
['no' 'no' 'no' 'no' 'no' 'no' 'no' 'no' 'no' 'no' 'no' 'no' 'no' 'no'
 'no' 'no' 'no' 'no' 'no']
29, 210, 47
29, 220, 46
29, 230, 46
30, 240, 46
31, 250, 44
31, 260, 42
['yes']
['yes' 'no' 'no' 'no' 'no' 'no' 'no' 'yes' 'no' 'no' 'no' 'no' 'no' 'no'
 'no' 'no' 'no' 'no' 'no']
33, 260, 42
33, 270, 45
34, 280, 45
34, 290, 45
34, 300, 45
34, 310, 44
['yes']
['yes' 'no' 'no' 'no' 'no' 'no' 'no' 'no' 'no' 'no' 'no' 'no' 'no' 'no'
 'no' 'no' 'no' 'no' 'no']
35, 310, 44
35, 320, 45
35, 330, 43
36, 340, 44
36, 350, 45
36, 360, 44
['yes']
['no' 'no' 'no' 'no' 'no' 'no' 'no' 'no' 'no' 'no' 'no' 'no' 'no' 'no'
 'no' 'no' 'no' 'no' 'no']
36, 360, 44
37, 370, 44
37, 380, 47
37, 390, 44
37, 400, 44
37, 410, 45
['yes']
['no' 'no' 'no' 'no' 'no' 'no' 'no' 'no' 'no' 'no' 'no' 'no' 'no' 'no'
 'yes' 'no' 'no' 'no' 'no']
38, 410, 45
38, 420, 46
38, 430, 45
38, 440, 44
38, 450, 45
38, 460, 44
['yes']
['no' 'no' 'no' 'no' 'no' 'no' 'no' 'no' 'no' 'no' 'no' 'no' 'no' 'no'
 'no' 'no' 'no' 'no' 'no']
37, 460, 44
37, 470, 43
38, 480, 43
38, 490, 44
38, 500, 43
38, 510, 44
['yes']
['no' 'no' 'no' 'no' 'no' 'no' 'yes' 'no' 'no' 'no' 'no' 'no' 'no' 'no'
 'no' 'no' 'no' 'no' 'no']
39, 510, 44
39, 520, 44
39, 530, 44
39, 540, 44
39, 550, 43
39, 560, 43
['yes']
['no' 'no' 'no' 'no' 'no' 'no' 'no' 'no' 'no' 'no' 'no' 'no' 'no' 'no'
 'no' 'no' 'no' 'no' 'no']
39, 560, 43
39, 570, 43
39, 580, 44
39, 590, 43
39, 600, 43
39, 610, 43
['yes']
['no' 'no' 'no' 'no' 'no' 'no' 'no' 'no' 'no' 'no' 'no' 'no' 'no' 'no'
 'no' 'no' 'no' 'no' 'no']
39, 610, 43
39, 620, 42
39, 630, 43
39, 640, 43
39, 650, 43
39, 660, 43
['yes']
['no' 'no' 'no' 'no' 'no' 'no' 'no' 'no' 'no' 'no' 'no' 'yes' 'no' 'no'
 'no' 'no' 'no' 'no' 'no']
41, 660, 43
{'count': 925, 'truepos': 38, 'falseneg': 7, 'correction': 14, 'unknownyes': 3, 'falsepos': 3, 'unique': 660}
11: Danijel.csv: knee: 0, 0
3, 10
4, 20
4, 30
4, 40
5, 50
5, 60
6, 70
7, 80
7, 90
7, 100
8, 110
12, 120
15, 130
16, 140
16, 150
17, 160
18, 170
18, 180
18, 190
21, 200
22, 210
22, 220
23, 230
24, 240
24, 250
24, 260
24, 270
25, 280
25, 290
25, 300
25, 310
25, 320
25, 330
25, 340
26, 350
26, 360
26, 370
26, 380
26, 390
27, 400
28, 410
28, 420
28, 430
28, 440
28, 450
28, 460
28, 470
28, 480
28, 490
28, 500
28, 510
28, 520
28, 530
28, 540
28, 550
28, 560
28, 570
28, 580
28, 590
29, 600
29, 610
29, 620
29, 630
29, 640
29, 650
29, 660
29, 670
29, 680
29, 690
29, 700
29, 710
29, 720
29, 730
29, 740
29, 750
29, 760
29, 770
29, 780
29, 790
30, 800
{'count': 1025, 'truepos': 37, 'falseneg': 8, 'correction': 13, 'unknownyes': 3, 'falsepos': 1, 'unique': 800}
11: K_all3.csv: none: 0, 0
1, 10
1, 20, 93
1, 30, 61
1, 40, 51
1, 50, 48
1, 60, 46
1, 70, 44
1, 80, 43
1, 90, 42
1, 100, 42
1, 110, 41
1, 120, 41
1, 130, 40
1, 140, 40
1, 150, 39
1, 160, 39
1, 170, 39
1, 180, 39
2, 190, 38
5, 200, 40
7, 210, 41
10, 220, 43
12, 230, 43
12, 240, 43
12, 250, 41
12, 260, 40
12, 270, 39
12, 280, 39
12, 290, 38
12, 300, 38
12, 310, 38
12, 320, 37
14, 330, 37
14, 340, 39
14, 350, 39
14, 360, 38
15, 370, 38
16, 380, 39
16, 390, 40
17, 400, 39
17, 410, 39
17, 420, 39
18, 430, 39
19, 440, 40
19, 450, 40
19, 460, 40
20, 470, 40
20, 480, 40
20, 490, 40
20, 500, 40
20, 510, 40
20, 520, 40
20, 530, 39
20, 540, 39
20, 550, 39
20, 560, 39
20, 570, 39
20, 580, 38
20, 590, 38
20, 600, 38
20, 610, 38
21, 620, 38
21, 630, 39
21, 640, 38
21, 650, 38
21, 660, 38
21, 670, 38
21, 680, 38
21, 690, 38
21, 700, 38
22, 710, 37
22, 720, 38
22, 730, 38
22, 740, 38
23, 750, 37
23, 760, 38
24, 770, 38
24, 780, 39
24, 790, 38
24, 800, 38
25, 810, 38
25, 820, 38
25, 830, 38
26, 840, 38
26, 850, 39
26, 860, 39
26, 870, 38
26, 880, 38
26, 890, 38
26, 900, 38
26, 910, 38
26, 920, 37
26, 930, 37
26, 940, 37
26, 950, 37
26, 960, 37
26, 970, 37
26, 980, 37
26, 990, 36
26, 1000, 36
26, 1010, 36
26, 1020, 36
26, 1030, 36
26, 1040, 36
26, 1050, 35
26, 1060, 35
26, 1070, 35
26, 1080, 35
26, 1090, 35
26, 1100, 35
26, 1110, 35
28, 1120, 34
28, 1130, 36
28, 1140, 36
28, 1150, 36
28, 1160, 36
28, 1170, 36
28, 1180, 35
28, 1190, 35
28, 1200, 35
28, 1210, 35
28, 1220, 35
28, 1230, 35
28, 1240, 34
28, 1250, 34
28, 1260, 34
29, 1270, 34
29, 1280, 35
29, 1290, 34
29, 1300, 34
30, 1310, 34
{'count': 1310, 'truepos': 22, 'falseneg': 17, 'correction': 0, 'unknownyes': 6, 'falsepos': 8, 'unique': 1310}
11: K_all3.csv: three: 0, 0
1, 10
1, 20, 93
1, 30, 61
1, 40, 52
1, 50, 48
1, 60, 46
1, 70, 44
1, 80, 43
2, 90, 42
3, 100, 43
4, 110, 46
6, 120, 45
7, 130, 41
8, 140, 41
11, 150, 40
14, 160, 42
18, 170, 43
20, 180, 47
20, 190, 46
24, 200, 44
25, 210, 49
28, 220, 47
28, 230, 49
28, 240, 47
29, 250, 46
31, 260, 46
31, 270, 43
31, 280, 40
32, 290, 40
33, 300, 43
34, 310, 40
34, 320, 44
34, 330, 41
34, 340, 42
35, 350, 39
35, 360, 42
35, 370, 40
36, 380, 40
36, 390, 40
36, 400, 41
37, 410, 40
37, 420, 43
37, 430, 41
38, 440, 42
38, 450, 42
38, 460, 41
38, 470, 42
{'count': 957, 'truepos': 38, 'falseneg': 2, 'correction': 16, 'unknownyes': 5, 'falsepos': 0, 'unique': 470}
11: K_all3.csv: machine: 0, 0
1, 10
1, 20, 94
1, 30, 61
1, 40, 51
1, 50, 48
1, 60, 46
['yes']
['no' 'no' 'no' 'no' 'no' 'no' 'no' 'no' 'no' 'no' 'no' 'no' 'no' 'no'
 'no' 'no' 'no' 'no' 'no']
1, 60, 46
1, 70, 44
1, 80, 43
1, 90, 42
1, 100, 42
1, 110, 41
null
['no' 'no' 'no' 'no' 'no' 'no' 'no' 'no' 'no' 'no' 'no' 'no' 'no' 'no'
 'no' 'no' 'no' 'no' 'no']
1, 110, 41
1, 120, 41
1, 130, 40
1, 140, 40
1, 150, 39
1, 160, 39
null
['no' 'no' 'no' 'no' 'no' 'no' 'no' 'no' 'no' 'no' 'no' 'no' 'no' 'no'
 'no' 'no' 'no' 'no' 'no']
1, 160, 39
1, 170, 39
1, 180, 39
1, 190, 38
1, 200, 38
1, 210, 38
null
['no' 'no' 'no' 'no' 'no' 'no' 'no' 'no' 'no' 'no' 'no' 'no' 'no' 'no'
 'no' 'no' 'no' 'no' 'no']
2, 210, 38
2, 220, 39
2, 230, 39
3, 240, 38
4, 250, 40
5, 260, 41
['yes']
['no' 'no' 'no' 'yes' 'no' 'no' 'no' 'yes' 'no' 'no' 'no' 'no' 'no' 'no'
 'no' 'no' 'no' 'no' 'no']
6, 260, 41
6, 270, 41
6, 280, 39
6, 290, 38
6, 300, 38
7, 310, 38
['yes']
['no' 'yes' 'no' 'no' 'no' 'no' 'no' 'no' 'no' 'no' 'no' 'no' 'no' 'no'
 'no' 'no' 'no' 'no' 'no']
7, 310, 38
9, 320, 38
11, 330, 40
14, 340, 40
16, 350, 41
17, 360, 42
['no']
['no' 'no' 'yes' 'no' 'no' 'yes' 'no' 'no' 'no' 'no' 'yes' 'no' 'no' 'no'
 'no' 'no' 'no' 'no' 'yes']
19, 360, 42
20, 370, 43
20, 380, 43
21, 390, 41
22, 400, 41
23, 410, 42
['yes']
['no' 'no' 'no' 'no' 'yes' 'no' 'no' 'no' 'no' 'no' 'no' 'no' 'no' 'no'
 'no' 'no' 'no' 'no' 'no']
24, 410, 42
24, 420, 43
24, 430, 42
24, 440, 42
24, 450, 41
24, 460, 41
['yes']
['no' 'no' 'no' 'no' 'no' 'no' 'no' 'no' 'no' 'no' 'no' 'no' 'no' 'no'
 'no' 'no' 'no' 'no' 'no']
24, 460, 41
24, 470, 41
24, 480, 41
24, 490, 40
24, 500, 40
24, 510, 40
['yes']
['no' 'no' 'no' 'no' 'no' 'no' 'no' 'no' 'no' 'no' 'no' 'yes' 'no' 'no'
 'no' 'no' 'no' 'no' 'no']
25, 510, 40
26, 520, 41
27, 530, 41
27, 540, 42
27, 550, 41
27, 560, 41
['yes']
['no' 'no' 'no' 'no' 'no' 'no' 'no' 'no' 'no' 'no' 'no' 'no' 'no' 'no'
 'no' 'no' 'no' 'no' 'no']
26, 560, 41
26, 570, 40
26, 580, 40
26, 590, 40
26, 600, 40
27, 610, 40
['yes']
['no' 'no' 'no' 'no' 'no' 'no' 'no' 'no' 'no' 'no' 'no' 'no' 'no' 'no'
 'yes' 'no' 'no' 'no' 'no']
26, 610, 40
26, 620, 40
26, 630, 40
26, 640, 40
26, 650, 40
26, 660, 39
['yes']
['no' 'no' 'no' 'yes' 'no' 'no' 'no' 'no' 'no' 'no' 'no' 'no' 'no' 'no'
 'no' 'no' 'no' 'no' 'no']
26, 660, 39
27, 670, 39
27, 680, 40
28, 690, 40
28, 700, 41
28, 710, 41
['yes']
['no' 'no' 'no' 'no' 'no' 'no' 'no' 'no' 'no' 'no' 'no' 'no' 'no' 'no'
 'no' 'no' 'no' 'no' 'no']
28, 710, 41
28, 720, 41
29, 730, 41
29, 740, 42
29, 750, 41
29, 760, 41
['yes']
['no' 'no' 'no' 'no' 'no' 'no' 'no' 'no' 'no' 'no' 'no' 'no' 'no' 'no'
 'no' 'no' 'no' 'no' 'no']
29, 760, 41
29, 770, 41
29, 780, 41
29, 790, 41
29, 800, 41
29, 810, 40
['yes']
['no' 'no' 'no' 'no' 'no' 'no' 'no' 'no' 'no' 'no' 'no' 'no' 'no' 'no'
 'no' 'no' 'no' 'no' 'no']
30, 810, 40
30, 820, 32
30, 830, 32
{'count': 1149, 'truepos': 26, 'falseneg': 13, 'correction': 9, 'unknownyes': 6, 'falsepos': 4, 'unique': 830}
11: K_all3.csv: knee: 0, 0
1, 10
1, 20
1, 30
1, 40
1, 50
2, 60
2, 70
2, 80
2, 90
2, 100
2, 110
2, 120
2, 130
2, 140
2, 150
3, 160
6, 170
7, 180
10, 190
10, 200
11, 210
12, 220
14, 230
16, 240
16, 250
16, 260
18, 270
19, 280
20, 290
20, 300
21, 310
23, 320
23, 330
24, 340
25, 350
27, 360
28, 370
29, 380
30, 390
31, 400
32, 410
32, 420
32, 430
32, 440
32, 450
32, 460
32, 470
32, 480
34, 490
34, 500
34, 510
34, 520
34, 530
34, 540
34, 550
34, 560
34, 570
34, 580
35, 590
35, 600
35, 610
35, 620
35, 630
35, 640
35, 650
35, 660
35, 670
35, 680
35, 690
35, 700
35, 710
35, 720
{'count': 1101, 'truepos': 39, 'falseneg': 3, 'correction': 8, 'unknownyes': 3, 'falsepos': 8, 'unique': 720}

------------------------------------------------------------
Sender: LSF System <lsfadmin@n2a1-9>
Subject: Job 759528: </share/tjmenzie/zyu9/miniconda2/bin/python2.7 runner.py error_hpcc 11> in cluster <henry2> Done

Job </share/tjmenzie/zyu9/miniconda2/bin/python2.7 runner.py error_hpcc 11> was submitted from host <login01.hpc.ncsu.edu> by user <zyu9> in cluster <henry2> at Sat Feb 24 16:17:36 2018.
Job was executed on host(s) <2*n2a1-9>, in queue <single_chassis>, as user <zyu9> in cluster <henry2> at Sat Feb 24 16:17:42 2018.
</home/zyu9> was used as the home directory.
</home/zyu9/projects/MAR_HPC/Error/src> was used as the working directory.
Started at Sat Feb 24 16:17:42 2018.
Terminated at Sat Feb 24 17:26:16 2018.
Results reported at Sat Feb 24 17:26:16 2018.

Your job looked like:

------------------------------------------------------------
# LSBATCH: User input
/share/tjmenzie/zyu9/miniconda2/bin/python2.7 runner.py error_hpcc 11
------------------------------------------------------------

Successfully completed.

Resource usage summary:

    CPU time :                                   5267.70 sec.
    Max Memory :                                 281.15 MB
    Average Memory :                             231.02 MB
    Total Requested Memory :                     -
    Delta Memory :                               -
    Max Swap :                                   1326 MB
    Max Processes :                              3
    Max Threads :                                8
    Run time :                                   4120 sec.
    Turnaround time :                            4120 sec.

The output (if any) is above this job summary.



PS: The stderr output (if any) follows:



PS:

Fail to open stderr file ./err/11.err.759528: No such file or directory.
The stderr output is included in this report.

