12: Hall.csv: none: 0, 0
7, 10
10, 20, 109
15, 30, 116
21, 40, 105
27, 50, 98
32, 60, 94
35, 70, 85
42, 80, 81
48, 90, 97
51, 100, 109
53, 110, 100
58, 120, 94
63, 130, 106
64, 140, 112
69, 150, 98
76, 160, 103
77, 170, 119
77, 180, 117
81, 190, 104
84, 200, 104
86, 210, 107
91, 220, 115
95, 230, 111
96, 240, 119
99, 250, 116
100, 260, 114
101, 270, 114
103, 280, 113
106, 290, 117
108, 300, 121
110, 310, 126
113, 320, 132
114, 330, 134
114, 340, 130
115, 350, 134
117, 360, 137
119, 370, 137
120, 380, 141
124, 390, 141
126, 400, 152
128, 410, 156
132, 420, 160
132, 430, 169
135, 440, 166
136, 450, 170
136, 460, 166
136, 470, 159
137, 480, 168
137, 490, 165
137, 500, 168
138, 510, 162
138, 520, 157
139, 530, 163
139, 540, 164
139, 550, 162
141, 560, 161
143, 570, 180
145, 580, 175
145, 590, 189
147, 600, 176
149, 610, 176
152, 620, 180
153, 630, 178
155, 640, 184
158, 650, 187
158, 660, 191
159, 670, 193
161, 680, 189
161, 690, 190
162, 700, 189
164, 710, 192
165, 720, 193
165, 730, 191
166, 740, 191
167, 750, 189
168, 760, 196
169, 770, 191
170, 780, 197
170, 790, 194
172, 800, 194
175, 810, 207
176, 820, 209
176, 830, 210
178, 840, 206
178, 850, 211
180, 860, 207
180, 870, 210
182, 880, 209
183, 890, 211
183, 900, 213
183, 910, 218
184, 920, 217
185, 930, 221
187, 940, 218
188, 950, 221
190, 960, 224
190, 970, 233
192, 980, 227
192, 990, 228
192, 1000, 232
193, 1010, 222
195, 1020, 227
196, 1030, 232
197, 1040, 235
197, 1050, 246
197, 1060, 241
197, 1070, 239
197, 1080, 240
198, 1090, 228
199, 1100, 236
201, 1110, 238
202, 1120, 245
202, 1130, 243
205, 1140, 244
205, 1150, 243
205, 1160, 243
206, 1170, 240
207, 1180, 248
208, 1190, 246
209, 1200, 241
209, 1210, 247
209, 1220, 250
212, 1230, 244
213, 1240, 248
217, 1250, 243
217, 1260, 247
218, 1270, 249
221, 1280, 253
221, 1290, 260
221, 1300, 256
221, 1310, 258
223, 1320, 262
223, 1330, 261
224, 1340, 257
224, 1350, 254
224, 1360, 257
225, 1370, 261
227, 1380, 253
231, 1390, 254
232, 1400, 267
235, 1410, 267
237, 1420, 271
238, 1430, 273
239, 1440, 272
240, 1450, 272
242, 1460, 272
244, 1470, 275
245, 1480, 273
246, 1490, 278
247, 1500, 276
247, 1510, 276
248, 1520, 279
248, 1530, 279
249, 1540, 280
252, 1550, 279
253, 1560, 283
254, 1570, 290
255, 1580, 285
256, 1590, 290
256, 1600, 286
257, 1610, 287
257, 1620, 290
260, 1630, 287
261, 1640, 289
262, 1650, 291
264, 1660, 292
265, 1670, 294
265, 1680, 298
266, 1690, 294
266, 1700, 297
267, 1710, 290
267, 1720, 297
268, 1730, 294
268, 1740, 296
271, 1750, 295
271, 1760, 301
271, 1770, 300
272, 1780, 300
273, 1790, 304
273, 1800, 301
276, 1810, 296
277, 1820, 303
279, 1830, 301
279, 1840, 307
279, 1850, 309
279, 1860, 306
279, 1870, 303
279, 1880, 307
279, 1890, 304
282, 1900, 305
282, 1910, 312
284, 1920, 310
286, 1930, 309
286, 1940, 316
287, 1950, 309
287, 1960, 312
288, 1970, 312
288, 1980, 310
288, 1990, 311
289, 2000, 313
290, 2010, 313
291, 2020, 315
292, 2030, 316
293, 2040, 317
293, 2050, 317
293, 2060, 316
294, 2070, 313
295, 2080, 315
295, 2090, 312
295, 2100, 318
295, 2110, 317
295, 2120, 315
297, 2130, 313
299, 2140, 319
301, 2150, 322
302, 2160, 327
302, 2170, 325
302, 2180, 326
303, 2190, 327
304, 2200, 325
304, 2210, 328
305, 2220, 326
306, 2230, 327
308, 2240, 330
309, 2250, 331
312, 2260, 333
313, 2270, 342
314, 2280, 340
316, 2290, 343
318, 2300, 344
319, 2310, 348
320, 2320, 344
324, 2330, 349
326, 2340, 352
328, 2350, 351
330, 2360, 354
332, 2370, 359
332, 2380, 360
335, 2390, 356
337, 2400, 366
338, 2410, 365
338, 2420, 369
339, 2430, 372
339, 2440, 366
340, 2450, 371
340, 2460, 369
343, 2470, 367
344, 2480, 368
344, 2490, 375
347, 2500, 373
347, 2510, 376
347, 2520, 374
349, 2530, 376
351, 2540, 375
353, 2550, 376
355, 2560, 381
355, 2570, 386
355, 2580, 385
355, 2590, 382
356, 2600, 379
358, 2610, 384
358, 2620, 383
358, 2630, 386
358, 2640, 384
360, 2650, 388
360, 2660, 388
364, 2670, 388
365, 2680, 390
365, 2690, 394
366, 2700, 391
367, 2710, 394
368, 2720, 391
369, 2730, 396
372, 2740, 395
373, 2750, 398
373, 2760, 402
373, 2770, 399
375, 2780, 396
376, 2790, 399
377, 2800, 400
378, 2810, 402
379, 2820, 403
380, 2830, 402
381, 2840, 407
382, 2850, 407
383, 2860, 408
383, 2870, 407
386, 2880, 407
388, 2890, 413
389, 2900, 415
391, 2910, 412
391, 2920, 418
393, 2930, 421
394, 2940, 423
396, 2950, 427
397, 2960, 430
398, 2970, 430
398, 2980, 432
398, 2990, 425
399, 3000, 431
401, 3010, 428
402, 3020, 436
405, 3030, 434
406, 3040, 433
407, 3050, 438
408, 3060, 438
408, 3070, 441
409, 3080, 437
410, 3090, 438
410, 3100, 437
412, 3110, 437
412, 3120, 441
412, 3130, 440
413, 3140, 438
414, 3150, 438
416, 3160, 440
416, 3170, 442
416, 3180, 442
418, 3190, 442
420, 3200, 444
421, 3210, 444
422, 3220, 447
423, 3230, 450
423, 3240, 450
423, 3250, 450
424, 3260, 448
{'count': 3260, 'truepos': 91, 'falseneg': 12, 'unknownyes': 3, 'falsepos': 333, 'unique': 3260}
12: Hall.csv: three: 0, 0
7, 10
8, 20, 115
9, 30, 107
12, 40, 101
17, 50, 102
22, 60, 85
25, 70, 80
30, 80, 73
33, 90, 66
35, 100, 67
39, 110, 69
42, 120, 73
45, 130, 79
51, 140, 71
54, 150, 87
61, 160, 78
63, 170, 98
64, 180, 104
66, 190, 86
68, 200, 98
70, 210, 93
75, 220, 90
82, 230, 94
85, 240, 98
89, 250, 101
93, 260, 106
95, 270, 114
96, 280, 120
96, 290, 119
97, 300, 109
99, 310, 111
100, 320, 112
100, 330, 116
102, 340, 110
102, 350, 113
102, 360, 117
102, 370, 113
102, 380, 113
102, 390, 113
102, 400, 111
103, 410, 114
104, 420, 118
105, 430, 121
106, 440, 119
106, 450, 120
106, 460, 120
107, 470, 122
107, 480, 120
107, 490, 121
108, 500, 124
108, 510, 121
109, 520, 120
110, 530, 122
110, 540, 119
110, 550, 126
110, 560, 124
111, 570, 123
111, 580, 124
113, 590, 124
113, 600, 124
114, 610, 124
115, 620, 124
115, 630, 128
115, 640, 125
115, 650, 127
116, 660, 124
116, 670, 125
116, 680, 127
116, 690, 125
116, 700, 125
116, 710, 123
116, 720, 125
116, 730, 124
117, 740, 124
117, 750, 126
117, 760, 124
117, 770, 125
118, 780, 124
118, 790, 127
118, 800, 126
118, 810, 125
118, 820, 126
118, 830, 125
118, 840, 125
118, 850, 125
{'count': 1856, 'truepos': 98, 'falseneg': 4, 'unknownyes': 4, 'falsepos': 20, 'unique': 850}
12: Hall.csv: machine: 0, 0
6, 10
9, 20, 105
12, 30, 111
18, 40, 114
24, 50, 104
30, 60, 107
['yes' 'yes' 'yes' 'yes' 'no' 'yes' 'yes' 'yes' 'yes' 'yes']
['no' 'no' 'no' 'no' 'no' 'yes' 'no' 'no' 'no' 'yes']
31, 60, 107
35, 70, 86
38, 80, 88
42, 90, 84
45, 100, 82
49, 110, 90
['yes' 'yes' 'yes' 'yes' 'yes' 'yes' 'yes' 'yes' 'no' 'yes']
['yes' 'no' 'no' 'no' 'no' 'no' 'no' 'yes' 'no' 'no']
49, 110, 90
55, 120, 90
57, 130, 105
60, 140, 95
67, 150, 92
70, 160, 100
['yes' 'yes' 'no' 'yes' 'yes' 'yes' 'no' 'no' 'no' 'no']
['no' 'no' 'no' 'no' 'no' 'no' 'no' 'no' 'yes' 'no']
67, 160, 100
71, 170, 95
73, 180, 98
77, 190, 92
79, 200, 94
85, 210, 94
['no' 'yes' 'no' 'yes' 'no' 'yes' 'yes' 'yes' 'yes' 'yes']
['no' 'no' 'no' 'no' 'no' 'no' 'no' 'no' 'no' 'no']
84, 210, 94
86, 220, 100
89, 230, 101
94, 240, 102
97, 250, 108
101, 260, 109
['yes' 'no' 'no' 'no' 'no' 'yes' 'no' 'yes' 'yes' 'yes']
['no' 'no' 'no' 'no' 'no' 'no' 'no' 'no' 'no' 'no']
97, 260, 109
99, 270, 113
101, 280, 113
102, 290, 116
106, 300, 114
109, 310, 118
['yes' 'no' 'no' 'no' 'no' 'yes' 'yes' 'yes' 'yes' 'yes']
['no' 'yes' 'no' 'no' 'no' 'yes' 'no' 'no' 'no' 'no']
108, 310, 118
109, 320, 119
110, 330, 120
111, 340, 123
112, 350, 122
113, 360, 122
['no' 'no' 'no' 'yes' 'yes' 'yes' 'no' 'yes' 'yes' 'no']
['no' 'no' 'no' 'no' 'no' 'no' 'no' 'no' 'no' 'no']
111, 360, 122
112, 370, 122
115, 380, 119
116, 390, 125
116, 400, 126
117, 410, 126
['no' 'no' 'no' 'no' 'no' 'no' 'no' 'no' 'yes' 'yes']
['no' 'no' 'no' 'no' 'no' 'no' 'no' 'no' 'no' 'no']
111, 410, 126
['yes' 'no' 'yes' 'no' 'yes' 'yes' 'yes' 'yes' 'no' 'no']
['no' 'no' 'no' 'no' 'no' 'no' 'no' 'no' 'no' 'no']
{'count': 590, 'truepos': 93, 'falseneg': 8, 'unknownyes': 5, 'falsepos': 15, 'unique': 410}
12: Hall.csv: machine2: 0, 0
7, 10
11, 20, 112
15, 30, 116
21, 40, 97
23, 50, 100
29, 60, 92
['yes' 'no' 'yes' 'yes' 'yes' 'yes' 'yes' 'yes' 'yes' 'yes']
['no' 'no' 'no']
28, 60, 92
34, 70, 98
39, 80, 78
44, 90, 85
50, 100, 91
55, 110, 103
['no' 'yes' 'no' 'yes' 'yes' 'yes' 'yes' 'yes' 'yes' 'no']
['no' 'yes' 'no' 'no' 'no' 'no' 'no' 'no' 'no' 'yes']
54, 110, 103
57, 120, 91
60, 130, 93
65, 140, 94
69, 150, 95
73, 160, 99
['no' 'yes' 'yes' 'yes' 'yes' 'yes' 'yes' 'yes' 'no' 'yes']
['no' 'no' 'no' 'no' 'no' 'no' 'yes' 'no' 'no' 'no']
73, 160, 99
76, 170, 108
78, 180, 103
82, 190, 97
86, 200, 100
90, 210, 110
['no' 'no' 'yes' 'yes' 'yes' 'no' 'yes' 'no' 'yes' 'yes']
['no' 'no' 'no' 'no' 'no' 'no' 'no' 'no' 'no' 'no']
86, 210, 110
89, 220, 104
92, 230, 108
95, 240, 111
97, 250, 123
101, 260, 115
['no' 'no' 'yes' 'yes' 'yes' 'no' 'no' 'no' 'no' 'yes']
['yes' 'no' 'yes' 'no' 'no' 'no' 'no' 'no' 'no' 'no']
99, 260, 115
102, 270, 118
102, 280, 131
103, 290, 121
105, 300, 121
108, 310, 120
['no' 'yes' 'yes' 'yes' 'no' 'yes' 'yes' 'yes' 'yes' 'yes']
['no' 'no' 'no' 'no' 'no' 'no' 'no' 'no' 'no' 'yes']
108, 310, 120
110, 320, 125
112, 330, 124
113, 340, 126
115, 350, 127
116, 360, 128
['no' 'no' 'no' 'no' 'yes' 'no' 'no' 'no' 'yes' 'yes']
['no' 'no' 'no' 'no' 'no' 'no' 'no' 'no' 'no' 'no']
112, 360, 128
114, 370, 130
115, 380, 129
115, 390, 131
116, 400, 128
117, 410, 126
['no' 'no' 'no' 'no' 'no' 'yes' 'no' 'no' 'yes' 'no']
['no' 'no' 'no' 'no' 'no' 'yes' 'no' 'no' 'yes' 'no']
115, 410, 126
115, 420, 127
116, 430, 125
116, 440, 125
116, 450, 123
116, 460, 123
['yes' 'yes' 'no' 'no' 'yes' 'yes' 'yes' 'yes' 'yes' 'yes']
['no' 'no' 'no' 'no' 'no' 'no' 'no' 'no' 'no' 'no']
115, 460, 123
118, 470, 122
121, 480, 128
122, 490, 131
122, 500, 133
122, 510, 131
['no' 'no' 'no' 'yes' 'no' 'yes' 'yes' 'yes' 'yes' 'yes']
['no' 'no' 'no' 'no' 'no' 'no' 'no' 'no' 'no' 'no']
122, 510, 131
122, 520, 131
123, 530, 131
123, 540, 135
123, 550, 132
126, 560, 131
['no' 'no' 'no' 'no' 'no' 'no' 'yes' 'no' 'no' 'no']
['no' 'no' 'no' 'no' 'no' 'no' 'no' 'no' 'no' 'no']
['no' 'no' 'no' 'no' 'yes' 'no' 'yes' 'yes' 'no' 'yes']
['no' 'no' 'no' 'no' 'no' 'no' 'no' 'no' 'no' 'no']
{'count': 817, 'truepos': 97, 'falseneg': 4, 'unknownyes': 5, 'falsepos': 24, 'unique': 560}
12: Hall.csv: machine3: 0, 0
7, 10
10, 20, 111
13, 30, 126
16, 40, 97
23, 50, 92
26, 60, 103
null
['no' 'no' 'no']
26, 60, 103
32, 70, 92
35, 80, 87
38, 90, 88
44, 100, 87
46, 110, 97
null
['yes' 'no' 'no' 'no' 'no' 'no' 'yes' 'yes' 'no' 'no']
49, 110, 97
53, 120, 87
57, 130, 91
60, 140, 86
62, 150, 87
64, 160, 85
null
['no' 'no' 'no' 'yes' 'no' 'no' 'no' 'no' 'no' 'no']
64, 160, 85
66, 170, 87
68, 180, 85
71, 190, 90
73, 200, 88
76, 210, 89
null
['no' 'yes' 'no' 'no' 'no' 'no' 'no' 'no' 'no' 'no']
77, 210, 89
81, 220, 91
83, 230, 97
88, 240, 101
91, 250, 109
91, 260, 111
null
['no' 'no' 'no' 'no' 'no' 'no' 'no' 'no' 'no' 'no']
91, 260, 111
92, 270, 106
94, 280, 108
94, 290, 109
94, 300, 106
96, 310, 106
null
['no' 'no' 'no' 'no' 'no' 'yes' 'no' 'no' 'no' 'no']
97, 310, 106
98, 320, 115
98, 330, 114
98, 340, 113
98, 350, 112
98, 360, 108
null
['no' 'no' 'no' 'no' 'no' 'no' 'no' 'no' 'no' 'no']
98, 360, 108
99, 370, 107
101, 380, 109
102, 390, 113
102, 400, 115
102, 410, 115
null
['no' 'no' 'no' 'no' 'no' 'no' 'no' 'no' 'no' 'no']
102, 410, 115
102, 420, 117
102, 430, 112
102, 440, 112
102, 450, 113
102, 460, 109
null
['no' 'no' 'yes' 'no' 'no' 'no' 'no' 'no' 'no' 'no']
103, 460, 109
104, 470, 112
104, 480, 115
104, 490, 114
104, 500, 114
104, 510, 114
null
['no' 'no' 'no' 'no' 'no' 'no' 'no' 'no' 'no' 'no']
104, 510, 114
104, 520, 112
104, 530, 112
104, 540, 112
104, 550, 111
104, 560, 111
null
['no' 'no' 'no' 'no' 'no' 'no' 'no' 'no' 'no' 'no']
104, 560, 111
104, 570, 111
104, 580, 111
104, 590, 111
null
['no' 'yes' 'no' 'no' 'no' 'no' 'no' 'no' 'no' 'no']
{'count': 928, 'truepos': 99, 'falseneg': 3, 'unknownyes': 4, 'falsepos': 6, 'unique': 590}
12: Wahono.csv: none: 0, 0
6, 10
8, 20, 102
11, 30, 109
14, 40, 118
17, 50, 92
20, 60, 85
24, 70, 88
27, 80, 90
30, 90, 90
32, 100, 81
36, 110, 77
36, 120, 91
37, 130, 83
38, 140, 81
41, 150, 84
41, 160, 83
42, 170, 71
44, 180, 73
45, 190, 74
47, 200, 74
48, 210, 83
50, 220, 75
50, 230, 85
52, 240, 74
52, 250, 83
53, 260, 84
53, 270, 81
54, 280, 78
56, 290, 83
56, 300, 83
57, 310, 72
59, 320, 77
59, 330, 81
59, 340, 77
64, 350, 79
64, 360, 90
66, 370, 95
68, 380, 113
68, 390, 98
69, 400, 103
69, 410, 93
71, 420, 103
72, 430, 97
72, 440, 94
73, 450, 94
73, 460, 98
75, 470, 98
75, 480, 110
76, 490, 98
78, 500, 101
78, 510, 102
81, 520, 100
81, 530, 104
84, 540, 101
84, 550, 106
87, 560, 101
89, 570, 106
92, 580, 114
93, 590, 114
96, 600, 121
96, 610, 123
97, 620, 121
99, 630, 127
100, 640, 129
102, 650, 131
102, 660, 135
103, 670, 134
103, 680, 127
106, 690, 128
106, 700, 140
106, 710, 136
108, 720, 139
109, 730, 139
110, 740, 137
111, 750, 138
113, 760, 139
115, 770, 144
117, 780, 153
119, 790, 154
120, 800, 166
120, 810, 153
122, 820, 157
123, 830, 161
124, 840, 162
125, 850, 164
127, 860, 162
128, 870, 167
129, 880, 169
130, 890, 166
130, 900, 169
131, 910, 164
132, 920, 167
133, 930, 164
134, 940, 170
137, 950, 172
139, 960, 180
140, 970, 183
141, 980, 183
142, 990, 183
142, 1000, 175
143, 1010, 181
144, 1020, 187
145, 1030, 184
147, 1040, 183
148, 1050, 184
148, 1060, 186
150, 1070, 185
151, 1080, 194
153, 1090, 197
154, 1100, 189
156, 1110, 204
156, 1120, 205
157, 1130, 206
157, 1140, 208
157, 1150, 205
157, 1160, 201
157, 1170, 197
157, 1180, 197
157, 1190, 199
157, 1200, 202
159, 1210, 194
159, 1220, 193
160, 1230, 194
161, 1240, 191
164, 1250, 200
165, 1260, 205
166, 1270, 201
168, 1280, 201
168, 1290, 198
173, 1300, 199
173, 1310, 207
174, 1320, 206
177, 1330, 201
179, 1340, 211
180, 1350, 216
182, 1360, 215
183, 1370, 215
186, 1380, 214
186, 1390, 220
188, 1400, 220
188, 1410, 226
188, 1420, 220
188, 1430, 228
188, 1440, 220
189, 1450, 217
190, 1460, 218
193, 1470, 220
194, 1480, 225
195, 1490, 236
198, 1500, 223
198, 1510, 228
198, 1520, 228
200, 1530, 227
200, 1540, 230
202, 1550, 233
203, 1560, 233
204, 1570, 236
205, 1580, 236
205, 1590, 236
206, 1600, 233
206, 1610, 234
208, 1620, 234
209, 1630, 237
210, 1640, 242
211, 1650, 238
212, 1660, 237
213, 1670, 241
214, 1680, 243
214, 1690, 240
215, 1700, 243
218, 1710, 245
218, 1720, 246
221, 1730, 247
221, 1740, 250
222, 1750, 251
222, 1760, 252
222, 1770, 247
224, 1780, 251
225, 1790, 250
229, 1800, 251
229, 1810, 258
230, 1820, 258
231, 1830, 259
232, 1840, 258
232, 1850, 263
232, 1860, 256
235, 1870, 257
237, 1880, 261
239, 1890, 261
239, 1900, 262
240, 1910, 260
240, 1920, 264
240, 1930, 263
241, 1940, 265
242, 1950, 266
243, 1960, 265
243, 1970, 267
243, 1980, 269
244, 1990, 270
244, 2000, 271
244, 2010, 269
246, 2020, 264
246, 2030, 268
246, 2040, 268
247, 2050, 264
248, 2060, 272
249, 2070, 272
252, 2080, 272
253, 2090, 274
254, 2100, 274
255, 2110, 276
257, 2120, 276
258, 2130, 275
259, 2140, 276
259, 2150, 278
261, 2160, 276
262, 2170, 281
262, 2180, 280
263, 2190, 280
264, 2200, 284
266, 2210, 283
269, 2220, 285
271, 2230, 291
274, 2240, 295
274, 2250, 298
275, 2260, 299
276, 2270, 300
279, 2280, 301
280, 2290, 304
282, 2300, 305
283, 2310, 307
283, 2320, 310
284, 2330, 310
285, 2340, 309
288, 2350, 311
289, 2360, 313
292, 2370, 318
294, 2380, 319
294, 2390, 319
296, 2400, 318
296, 2410, 324
298, 2420, 323
300, 2430, 328
300, 2440, 330
300, 2450, 325
302, 2460, 328
303, 2470, 329
303, 2480, 332
304, 2490, 329
305, 2500, 332
307, 2510, 333
307, 2520, 336
309, 2530, 337
310, 2540, 335
311, 2550, 336
312, 2560, 338
313, 2570, 343
314, 2580, 343
316, 2590, 343
319, 2600, 344
321, 2610, 349
322, 2620, 352
322, 2630, 350
323, 2640, 351
326, 2650, 351
326, 2660, 356
327, 2670, 354
328, 2680, 360
329, 2690, 358
331, 2700, 358
332, 2710, 360
333, 2720, 364
333, 2730, 368
334, 2740, 362
335, 2750, 362
337, 2760, 362
337, 2770, 366
337, 2780, 366
338, 2790, 365
340, 2800, 365
342, 2810, 369
344, 2820, 372
345, 2830, 371
345, 2840, 374
346, 2850, 373
348, 2860, 375
348, 2870, 377
349, 2880, 377
349, 2890, 379
350, 2900, 379
353, 2910, 381
355, 2920, 383
357, 2930, 384
360, 2940, 389
361, 2950, 391
363, 2960, 391
363, 2970, 393
364, 2980, 392
364, 2990, 393
364, 3000, 392
365, 3010, 393
366, 3020, 391
368, 3030, 394
370, 3040, 395
373, 3050, 395
374, 3060, 398
376, 3070, 399
382, 3080, 400
383, 3090, 409
384, 3100, 409
385, 3110, 412
388, 3120, 412
389, 3130, 418
389, 3140, 417
389, 3150, 416
390, 3160, 416
392, 3170, 418
392, 3180, 416
392, 3190, 417
393, 3200, 417
394, 3210, 420
394, 3220, 422
394, 3230, 421
395, 3240, 421
396, 3250, 420
396, 3260, 419
396, 3270, 421
398, 3280, 419
400, 3290, 424
400, 3300, 424
400, 3310, 426
401, 3320, 423
402, 3330, 426
404, 3340, 426
405, 3350, 430
407, 3360, 430
408, 3370, 435
410, 3380, 435
410, 3390, 436
410, 3400, 438
411, 3410, 437
412, 3420, 439
412, 3430, 438
413, 3440, 441
415, 3450, 441
415, 3460, 444
417, 3470, 441
418, 3480, 444
421, 3490, 444
423, 3500, 450
424, 3510, 453
425, 3520, 456
426, 3530, 454
429, 3540, 455
431, 3550, 458
431, 3560, 461
432, 3570, 461
434, 3580, 464
434, 3590, 465
434, 3600, 465
436, 3610, 465
437, 3620, 464
437, 3630, 466
438, 3640, 467
440, 3650, 465
441, 3660, 470
442, 3670, 471
442, 3680, 470
443, 3690, 469
443, 3700, 472
446, 3710, 472
446, 3720, 476
447, 3730, 473
448, 3740, 474
449, 3750, 474
449, 3760, 474
451, 3770, 475
454, 3780, 479
456, 3790, 480
458, 3800, 483
459, 3810, 485
460, 3820, 485
460, 3830, 485
461, 3840, 486
461, 3850, 486
461, 3860, 486
{'count': 3860, 'truepos': 55, 'falseneg': 5, 'unknownyes': 2, 'falsepos': 406, 'unique': 3860}
12: Wahono.csv: three: 0, 0
5, 10
6, 20, 93
11, 30, 93
14, 40, 103
18, 50, 94
20, 60, 93
21, 70, 90
21, 80, 84
21, 90, 64
21, 100, 55
23, 110, 50
25, 120, 52
27, 130, 54
28, 140, 58
29, 150, 56
32, 160, 55
33, 170, 56
35, 180, 53
37, 190, 59
38, 200, 62
41, 210, 74
43, 220, 72
43, 230, 71
45, 240, 74
46, 250, 71
47, 260, 76
50, 270, 73
50, 280, 79
50, 290, 76
50, 300, 77
51, 310, 76
51, 320, 83
51, 330, 77
52, 340, 70
53, 350, 74
54, 360, 72
55, 370, 74
57, 380, 76
58, 390, 77
58, 400, 79
58, 410, 76
59, 420, 80
59, 430, 76
60, 440, 83
60, 450, 83
60, 460, 79
60, 470, 80
61, 480, 74
61, 490, 81
62, 500, 76
62, 510, 78
62, 520, 75
62, 530, 77
62, 540, 75
62, 550, 78
63, 560, 74
63, 570, 76
64, 580, 74
65, 590, 77
65, 600, 75
65, 610, 76
65, 620, 78
65, 630, 75
66, 640, 80
66, 650, 77
66, 660, 78
66, 670, 78
66, 680, 80
67, 690, 78
68, 700, 75
69, 710, 79
69, 720, 81
69, 730, 79
70, 740, 79
70, 750, 81
71, 760, 80
72, 770, 84
72, 780, 84
72, 790, 83
72, 800, 84
72, 810, 83
72, 820, 84
72, 830, 82
72, 840, 82
73, 850, 81
74, 860, 83
74, 870, 83
74, 880, 84
75, 890, 83
75, 900, 83
76, 910, 83
76, 920, 85
78, 930, 87
78, 940, 91
80, 950, 89
81, 960, 94
82, 970, 97
83, 980, 95
83, 990, 97
83, 1000, 98
85, 1010, 95
85, 1020, 97
85, 1030, 100
86, 1040, 97
86, 1050, 101
87, 1060, 99
87, 1070, 101
89, 1080, 100
89, 1090, 100
90, 1100, 99
90, 1110, 99
90, 1120, 100
91, 1130, 101
91, 1140, 103
91, 1150, 102
91, 1160, 101
91, 1170, 102
91, 1180, 100
92, 1190, 101
92, 1200, 101
92, 1210, 102
92, 1220, 101
92, 1230, 102
92, 1240, 100
92, 1250, 101
92, 1260, 103
93, 1270, 99
93, 1280, 101
93, 1290, 99
94, 1300, 102
94, 1310, 103
94, 1320, 102
94, 1330, 102
95, 1340, 101
96, 1350, 103
96, 1360, 105
97, 1370, 105
98, 1380, 106
98, 1390, 105
98, 1400, 106
99, 1410, 106
99, 1420, 107
99, 1430, 106
100, 1440, 107
101, 1450, 108
102, 1460, 110
103, 1470, 111
103, 1480, 112
103, 1490, 113
103, 1500, 113
103, 1510, 112
103, 1520, 115
103, 1530, 114
104, 1540, 112
105, 1550, 113
105, 1560, 114
105, 1570, 114
106, 1580, 113
106, 1590, 116
106, 1600, 115
106, 1610, 114
106, 1620, 115
106, 1630, 114
106, 1640, 114
106, 1650, 116
106, 1660, 114
106, 1670, 114
107, 1680, 114
107, 1690, 114
107, 1700, 113
107, 1710, 114
107, 1720, 114
109, 1730, 114
109, 1740, 116
109, 1750, 115
109, 1760, 116
110, 1770, 115
{'count': 3871, 'truepos': 56, 'falseneg': 2, 'unknownyes': 4, 'falsepos': 54, 'unique': 1770}
12: Wahono.csv: machine: 0, 0
6, 10
7, 20, 102
10, 30, 93
13, 40, 93
16, 50, 87
20, 60, 85
['no' 'yes' 'yes' 'yes' 'yes' 'yes' 'no' 'no' 'yes' 'yes']
['no']
17, 60, 85
20, 70, 83
22, 80, 81
23, 90, 75
24, 100, 68
25, 110, 57
['yes' 'no' 'yes' 'yes' 'yes' 'no' 'no' 'no' 'yes' 'yes']
[]
19, 110, 57
19, 120, 54
24, 130, 46
29, 140, 54
30, 150, 67
31, 160, 69
['no' 'no' 'yes' 'no' 'yes' 'yes' 'no' 'yes' 'no' 'yes']
['no' 'no' 'no' 'no' 'no' 'no' 'no' 'no' 'no' 'no']
26, 160, 69
28, 170, 59
29, 180, 60
30, 190, 56
32, 200, 52
37, 210, 59
['no' 'yes' 'yes' 'yes' 'yes' 'yes' 'no' 'yes' 'yes' 'yes']
['no' 'no' 'no' 'no' 'no' 'no' 'no' 'yes' 'no' 'no']
34, 210, 59
35, 220, 58
37, 230, 56
37, 240, 63
39, 250, 60
39, 260, 62
['no' 'yes' 'yes' 'yes' 'yes' 'no' 'no' 'no' 'no' 'yes']
['no' 'no' 'no' 'no' 'no' 'yes' 'yes' 'no' 'no' 'no']
36, 260, 62
39, 270, 53
39, 280, 61
41, 290, 58
42, 300, 58
43, 310, 60
['no' 'no' 'no' 'yes' 'yes' 'no' 'yes' 'no' 'no' 'yes']
['no' 'no' 'no' 'no' 'no' 'no' 'no' 'no' 'no' 'no']
40, 310, 60
40, 320, 61
41, 330, 55
45, 340, 56
45, 350, 64
45, 360, 60
['no' 'no' 'no' 'yes' 'yes' 'yes' 'no' 'no' 'yes' 'yes']
['no' 'no' 'no' 'no' 'no' 'no' 'yes' 'no' 'no' 'no']
41, 360, 60
43, 370, 54
43, 380, 56
44, 390, 57
47, 400, 61
48, 410, 69
['yes' 'no' 'no' 'no' 'no' 'no' 'no' 'yes' 'yes' 'yes']
['no' 'no' 'no' 'no' 'no' 'no' 'no' 'no' 'no' 'no']
42, 410, 69
42, 420, 52
43, 430, 58
45, 440, 56
46, 450, 59
47, 460, 64
['no' 'no' 'no' 'no' 'no']
['no' 'no' 'no' 'no' 'no' 'no' 'no' 'yes' 'no' 'yes']
44, 460, 64
44, 470, 53
45, 480, 54
48, 490, 56
49, 500, 68
51, 510, 74
['no' 'no' 'no' 'no' 'no' 'no' 'no' 'yes']
['yes' 'no' 'no' 'no' 'no' 'no' 'no' 'no' 'no' 'no']
48, 510, 74
51, 520, 57
51, 530, 60
51, 540, 61
54, 550, 61
55, 560, 64
['no' 'no' 'no' 'no' 'no' 'no' 'no' 'yes' 'no']
['no' 'no' 'no' 'no' 'yes' 'no' 'no' 'yes' 'no' 'no']
49, 560, 64
50, 570, 56
52, 580, 57
55, 590, 59
57, 600, 64
60, 610, 67
['no' 'yes' 'no' 'yes' 'no' 'no' 'no' 'no' 'yes' 'no']
['no' 'no' 'no' 'no' 'no' 'no' 'no' 'no' 'no' 'no']
52, 610, 67
53, 620, 60
54, 630, 60
57, 640, 61
60, 650, 66
62, 660, 70
['no' 'no' 'no' 'no' 'no' 'no' 'no' 'no' 'no' 'no']
['no' 'no' 'no' 'no' 'no' 'no' 'no' 'no' 'no' 'no']
56, 660, 70
59, 670, 65
59, 680, 66
60, 690, 66
62, 700, 67
65, 710, 70
['no' 'no' 'no' 'yes' 'no' 'yes' 'no' 'no' 'no' 'no']
['no' 'no' 'no' 'no' 'no' 'no' 'no' 'no' 'no' 'no']
60, 710, 70
61, 720, 67
62, 730, 66
64, 740, 68
65, 750, 72
67, 760, 71
['no' 'no' 'no' 'no' 'no' 'no' 'no' 'no' 'no' 'no']
['no' 'no' 'no' 'no' 'no' 'no' 'no' 'no' 'no' 'no']
59, 760, 71
59, 770, 64
60, 780, 64
60, 790, 64
62, 800, 64
62, 810, 68
['no' 'yes' 'no' 'yes' 'no' 'no']
['no' 'no' 'no' 'no' 'no' 'no' 'no' 'no' 'no' 'no']
58, 810, 68
58, 820, 65
58, 830, 63
60, 840, 64
61, 850, 69
63, 860, 67
['no' 'no' 'no' 'no' 'no']
['no' 'no' 'no' 'no' 'no' 'no' 'yes' 'no' 'no' 'no']
62, 860, 67
62, 870, 69
62, 880, 68
63, 890, 68
63, 900, 70
65, 910, 70
['no' 'no' 'no' 'no' 'yes']
['no' 'no' 'no' 'no' 'no' 'no' 'no' 'no' 'no' 'no']
62, 910, 70
62, 920, 68
62, 930, 69
63, 940, 68
65, 950, 68
65, 960, 72
['no' 'no' 'no' 'no']
['no' 'no' 'no' 'no' 'no' 'no' 'no' 'no' 'no' 'no']
62, 960, 72
63, 970, 68
63, 980, 70
63, 990, 69
64, 1000, 68
64, 1010, 71
['no' 'no' 'no']
['no' 'no' 'no' 'no' 'no' 'yes' 'no' 'no' 'no' 'no']
63, 1010, 71
67, 1020, 68
69, 1030, 75
70, 1040, 76
71, 1050, 78
73, 1060, 79
['no' 'no' 'no' 'no' 'no' 'no' 'no' 'yes' 'no' 'no']
['no' 'no' 'no' 'no' 'no' 'no' 'no' 'no' 'no' 'no']
64, 1060, 79
65, 1070, 69
66, 1080, 71
67, 1090, 72
70, 1100, 74
70, 1110, 79
['no' 'no' 'no' 'no' 'no' 'no' 'no' 'no']
['no' 'no' 'no' 'no' 'no' 'no' 'no' 'no' 'no' 'no']
64, 1110, 79
66, 1120, 69
68, 1130, 72
68, 1140, 74
68, 1150, 76
69, 1160, 75
['no' 'no' 'no' 'no' 'no' 'no']
['no' 'no' 'no' 'no' 'no' 'no' 'no' 'no' 'no' 'no']
64, 1160, 75
66, 1170, 68
67, 1180, 71
70, 1190, 72
72, 1200, 78
73, 1210, 82
['no' 'no' 'no' 'yes' 'no' 'no' 'no' 'no' 'no' 'no']
['no' 'no' 'no' 'no' 'no' 'no' 'no' 'yes' 'no' 'no']
67, 1210, 82
67, 1220, 72
71, 1230, 73
72, 1240, 78
73, 1250, 79
74, 1260, 80
['no' 'yes' 'no' 'no' 'no' 'no' 'no' 'no' 'no']
['no' 'no' 'no' 'no' 'no' 'no' 'no' 'no' 'no' 'no']
71, 1260, 80
71, 1270, 78
73, 1280, 78
75, 1290, 80
78, 1300, 82
79, 1310, 86
['no' 'no' 'yes' 'no' 'no' 'no' 'no' 'no' 'no' 'no']
['no' 'no' 'no' 'no' 'no' 'no' 'no' 'no' 'no' 'no']
74, 1310, 86
75, 1320, 80
76, 1330, 82
77, 1340, 85
78, 1350, 87
79, 1360, 88
['no' 'no' 'no' 'no' 'no' 'no' 'no' 'no' 'no' 'no']
['no' 'no' 'no' 'no' 'no' 'no' 'no' 'no' 'no' 'no']
69, 1360, 88
71, 1370, 74
73, 1380, 78
74, 1390, 80
75, 1400, 81
76, 1410, 81
['no' 'no' 'no' 'no' 'no' 'no' 'no']
['no' 'no' 'no' 'no' 'no' 'no' 'no' 'no' 'no' 'no']
71, 1410, 81
71, 1420, 76
71, 1430, 76
72, 1440, 76
73, 1450, 77
74, 1460, 78
['no' 'no' 'no' 'no']
['no' 'no' 'no' 'no' 'no' 'no' 'no' 'no' 'no' 'no']
72, 1460, 78
73, 1470, 77
73, 1480, 79
74, 1490, 78
75, 1500, 79
75, 1510, 80
['no' 'no' 'no' 'no' 'no']
['no' 'no' 'no' 'no' 'no' 'no' 'no' 'no' 'no' 'no']
72, 1510, 80
73, 1520, 76
73, 1530, 77
74, 1540, 78
74, 1550, 79
74, 1560, 78
['no' 'no' 'no' 'no']
['no' 'no' 'no' 'no' 'no' 'no' 'no' 'no' 'no' 'no']
71, 1560, 78
72, 1570, 75
73, 1580, 76
74, 1590, 78
75, 1600, 78
75, 1610, 79
['no' 'no' 'no' 'no' 'no']
['no' 'no' 'no' 'no' 'yes' 'no' 'no' 'no' 'no' 'no']
72, 1610, 79
72, 1620, 76
72, 1630, 76
['yes']
['no' 'no' 'no' 'no' 'no' 'no' 'yes' 'no' 'no' 'no']
{'count': 2195, 'truepos': 56, 'falseneg': 5, 'unknownyes': 1, 'falsepos': 19, 'unique': 1630}
12: Wahono.csv: machine2: 0, 0
8, 10
10, 20, 115
13, 30, 112
16, 40, 89
18, 50, 84
23, 60, 86
['no' 'yes' 'yes' 'yes' 'no' 'yes' 'yes' 'yes' 'no' 'no']
['yes']
20, 60, 86
21, 70, 93
23, 80, 62
25, 90, 56
27, 100, 55
29, 110, 51
['yes' 'yes' 'yes' 'no' 'yes' 'yes' 'yes' 'yes' 'yes' 'yes']
['no' 'no']
29, 110, 51
33, 120, 53
36, 130, 54
38, 140, 63
39, 150, 65
42, 160, 63
['yes' 'yes' 'yes' 'yes' 'yes' 'yes' 'no' 'no' 'no' 'no']
['no' 'no' 'no' 'no' 'no' 'no' 'no' 'no' 'no' 'no']
39, 160, 63
44, 170, 59
45, 180, 69
47, 190, 71
48, 200, 86
49, 210, 78
['yes' 'no' 'yes' 'no' 'yes' 'no' 'no' 'no' 'yes' 'yes']
['no' 'no' 'no' 'no' 'no' 'no' 'no' 'no' 'no' 'no']
45, 210, 78
48, 220, 69
51, 230, 74
53, 240, 76
54, 250, 80
57, 260, 75
['no' 'yes' 'yes' 'no' 'yes' 'no' 'no' 'no' 'yes' 'yes']
['no' 'no' 'no' 'no' 'no' 'no' 'no' 'no' 'no' 'no']
57, 260, 75
61, 270, 81
62, 280, 89
62, 290, 94
64, 300, 93
68, 310, 97
['no' 'yes' 'no' 'no' 'no' 'no' 'no' 'no' 'no' 'no']
['no' 'no' 'yes' 'no' 'no' 'no' 'no' 'no' 'no' 'no']
61, 310, 97
64, 320, 83
64, 330, 92
64, 340, 92
65, 350, 93
66, 360, 87
['no' 'no' 'no' 'yes' 'yes' 'no' 'yes' 'no' 'no' 'yes']
['no' 'no' 'no' 'no' 'no' 'no' 'no' 'no' 'no' 'no']
60, 360, 87
61, 370, 74
64, 380, 75
65, 390, 79
67, 400, 79
69, 410, 84
['no' 'no' 'no' 'no' 'yes' 'no' 'no' 'no' 'no' 'yes']
['no' 'no' 'no' 'no' 'no' 'no' 'no' 'no' 'no' 'no']
62, 410, 84
63, 420, 74
64, 430, 77
64, 440, 78
66, 450, 79
70, 460, 81
['yes' 'no' 'no' 'no' 'no' 'yes' 'no' 'no' 'no' 'no']
['no' 'no' 'no' 'no' 'no' 'no' 'no' 'no' 'no' 'no']
66, 460, 81
69, 470, 78
70, 480, 85
71, 490, 86
71, 500, 88
74, 510, 86
['no' 'no' 'no' 'no' 'no' 'no' 'no' 'no' 'yes' 'no']
['no' 'no' 'no' 'no' 'no' 'no' 'no' 'no' 'no' 'no']
68, 510, 86
71, 520, 80
72, 530, 86
74, 540, 87
74, 550, 90
74, 560, 90
['no' 'no' 'yes' 'yes' 'no' 'no' 'no' 'no' 'no' 'yes']
['no' 'no' 'no' 'no' 'no' 'no' 'no' 'no' 'no' 'no']
71, 560, 90
74, 570, 83
75, 580, 87
76, 590, 92
77, 600, 92
78, 610, 92
['no' 'no' 'no' 'yes' 'no' 'no' 'yes' 'yes' 'no' 'no']
['no' 'no' 'no' 'no' 'no' 'no' 'no' 'no' 'no' 'no']
71, 610, 92
72, 620, 82
73, 630, 85
74, 640, 87
76, 650, 86
76, 660, 91
['no' 'no' 'no' 'yes' 'no' 'no' 'no' 'no' 'no' 'yes']
['no' 'no' 'no' 'no' 'no' 'no' 'no' 'no' 'no' 'no']
68, 660, 91
71, 670, 77
72, 680, 84
73, 690, 83
73, 700, 82
74, 710, 82
['no' 'yes' 'yes' 'no' 'no' 'yes' 'yes' 'yes' 'yes' 'no']
['no' 'no' 'no' 'no' 'no' 'no' 'no' 'no' 'no' 'no']
73, 710, 82
73, 720, 81
73, 730, 81
75, 740, 83
75, 750, 85
77, 760, 86
['no' 'no' 'no' 'no' 'no' 'no' 'yes' 'no' 'no']
['no' 'no' 'no' 'no' 'no' 'no' 'no' 'no' 'no' 'no']
73, 760, 86
75, 770, 82
77, 780, 84
77, 790, 86
77, 800, 86
78, 810, 87
['no' 'no' 'no' 'no' 'no' 'no' 'no']
['no' 'no' 'no' 'no' 'no' 'no' 'no' 'no' 'no' 'no']
74, 810, 87
76, 820, 82
76, 830, 86
78, 840, 86
79, 850, 87
79, 860, 89
['no' 'no' 'no' 'no' 'no' 'no' 'no']
['no' 'no' 'no' 'no' 'no' 'no' 'no' 'no' 'no' 'no']
78, 860, 89
78, 870, 87
80, 880, 87
81, 890, 90
84, 900, 90
84, 910, 94
['no' 'no' 'no' 'no' 'no' 'no' 'no' 'no' 'no']
['no' 'no' 'no' 'no' 'no' 'no' 'no' 'no' 'no' 'no']
79, 910, 94
80, 920, 88
81, 930, 88
81, 940, 89
82, 950, 88
82, 960, 88
['no' 'no' 'no' 'no']
['no' 'no' 'no' 'no' 'no' 'no' 'no' 'no' 'no' 'no']
81, 960, 88
81, 970, 89
82, 980, 89
83, 990, 90
84, 1000, 93
86, 1010, 93
['no' 'no' 'no' 'no' 'no' 'no']
['no' 'no' 'no' 'no' 'no' 'no' 'no' 'no' 'no' 'no']
81, 1010, 93
81, 1020, 86
82, 1030, 86
83, 1040, 88
83, 1050, 91
83, 1060, 89
['no' 'no' 'no']
['no' 'no' 'no' 'no' 'no' 'no' 'no' 'no' 'no' 'no']
81, 1060, 89
82, 1070, 87
84, 1080, 87
86, 1090, 91
87, 1100, 93
88, 1110, 96
['no' 'no' 'no' 'no' 'no' 'no' 'no' 'no']
['no' 'no' 'no' 'no' 'no' 'no' 'no' 'no' 'no' 'no']
83, 1110, 96
84, 1120, 88
86, 1130, 91
88, 1140, 92
90, 1150, 94
90, 1160, 97
['no' 'no' 'no' 'no' 'no' 'no' 'no' 'no' 'no']
['no' 'no' 'no' 'no' 'no' 'no' 'no' 'no' 'no' 'no']
84, 1160, 97
85, 1170, 90
85, 1180, 92
85, 1190, 91
87, 1200, 91
88, 1210, 94
['no' 'no' 'no' 'no' 'no']
['no' 'no' 'no' 'no' 'no' 'no' 'no' 'no' 'no' 'no']
84, 1210, 94
84, 1220, 91
86, 1230, 90
86, 1240, 91
87, 1250, 91
88, 1260, 94
['no' 'no' 'no' 'yes']
['no' 'no' 'no' 'no' 'no' 'no' 'no' 'no' 'no' 'no']
88, 1260, 94
89, 1270, 94
90, 1280, 95
91, 1290, 96
92, 1300, 97
94, 1310, 97
['no' 'no' 'no' 'no' 'no' 'no' 'no' 'no']
['no' 'no' 'no' 'no' 'no' 'no' 'no' 'no' 'no' 'no']
['no' 'no' 'no' 'no' 'no' 'no' 'no' 'no']
['no' 'no' 'no' 'no' 'no' 'no' 'no' 'no' 'no' 'no']
{'count': 1894, 'truepos': 57, 'falseneg': 1, 'unknownyes': 4, 'falsepos': 33, 'unique': 1310}
12: Wahono.csv: machine3: 0, 0
5, 10
5, 20, 94
7, 30, 86
8, 40, 85
11, 50, 76
14, 60, 69
null
[]
15, 70, 68
17, 80, 53
19, 90, 50
21, 100, 50
22, 110, 53
22, 120, 51
null
['no']
22, 120, 51
23, 130, 45
25, 140, 47
27, 150, 50
30, 160, 51
31, 170, 61
null
['no' 'no' 'no' 'no' 'no' 'no' 'no' 'no' 'no' 'no']
31, 170, 61
32, 180, 57
32, 190, 56
33, 200, 57
34, 210, 54
34, 220, 56
null
['no' 'no' 'no' 'no' 'no' 'yes' 'no' 'no' 'no' 'no']
35, 220, 56
36, 230, 58
36, 240, 57
37, 250, 52
37, 260, 62
38, 270, 55
null
['no' 'no' 'no' 'no' 'no' 'no' 'no' 'no' 'no' 'no']
38, 270, 55
38, 280, 55
38, 290, 56
40, 300, 53
41, 310, 58
43, 320, 55
null
['no' 'no' 'no' 'no' 'no' 'no' 'no' 'no' 'no' 'yes']
43, 320, 55
43, 330, 56
43, 340, 55
43, 350, 60
44, 360, 55
45, 370, 55
null
['no' 'no' 'no' 'no' 'no' 'no' 'no' 'no' 'no' 'no']
45, 370, 55
46, 380, 57
46, 390, 56
46, 400, 58
46, 410, 59
46, 420, 60
null
['no' 'no' 'no' 'no' 'no' 'no' 'no' 'no' 'no' 'no']
46, 420, 60
46, 430, 57
47, 440, 55
47, 450, 58
47, 460, 57
47, 470, 58
null
['no' 'no' 'no' 'no' 'no' 'no' 'no' 'no' 'no' 'no']
47, 470, 58
47, 480, 57
48, 490, 55
48, 500, 56
50, 510, 55
50, 520, 59
null
['no' 'no' 'no' 'no' 'no' 'no' 'no' 'no' 'no' 'no']
50, 520, 59
50, 530, 61
50, 540, 59
50, 550, 58
50, 560, 58
50, 570, 58
null
['no' 'no' 'no' 'no' 'no' 'no' 'no' 'no' 'no' 'no']
50, 570, 58
51, 580, 59
51, 590, 60
52, 600, 60
53, 610, 60
53, 620, 65
null
['no' 'no' 'no' 'no' 'no' 'no' 'no' 'no' 'no' 'no']
53, 620, 65
54, 630, 62
54, 640, 61
56, 650, 63
56, 660, 67
56, 670, 64
null
['no' 'no' 'no' 'no' 'no' 'no' 'no' 'no' 'no' 'no']
56, 670, 64
56, 680, 64
57, 690, 65
57, 700, 65
57, 710, 67
57, 720, 65
null
['no' 'no' 'no' 'no' 'no' 'no' 'no' 'no' 'no' 'no']
57, 720, 65
57, 730, 64
57, 740, 67
57, 750, 68
58, 760, 65
59, 770, 68
null
['no' 'no' 'no' 'no' 'no' 'no' 'no' 'no' 'no' 'no']
60, 770, 68
61, 780, 70
62, 790, 70
62, 800, 73
62, 810, 72
62, 820, 71
null
['no' 'yes' 'no' 'no' 'no' 'no' 'no' 'no' 'no' 'no']
62, 820, 71
62, 830, 70
63, 840, 71
63, 850, 73
63, 860, 73
63, 870, 71
null
['no' 'no' 'no' 'no' 'no' 'no' 'no' 'no' 'no' 'no']
63, 870, 71
63, 880, 73
63, 890, 73
63, 900, 73
63, 910, 72
65, 920, 72
null
['no' 'no' 'no' 'no' 'no' 'no' 'no' 'no' 'no' 'no']
65, 920, 72
65, 930, 75
66, 940, 75
66, 950, 74
66, 960, 76
66, 970, 75
null
['no' 'no' 'no' 'no' 'no' 'no' 'no' 'no' 'no' 'no']
66, 970, 75
66, 980, 75
66, 990, 76
66, 1000, 76
66, 1010, 75
68, 1020, 74
null
['no' 'no' 'no' 'no' 'no' 'no' 'no' 'no' 'no' 'no']
68, 1020, 74
68, 1030, 76
68, 1040, 77
68, 1050, 77
69, 1060, 76
69, 1070, 78
null
['no' 'no' 'no' 'no' 'no' 'no' 'no' 'no' 'no' 'no']
69, 1070, 78
69, 1080, 77
70, 1090, 80
70, 1100, 82
70, 1110, 82
71, 1120, 82
null
['no' 'no' 'no' 'no' 'no' 'no' 'no' 'no' 'no' 'no']
72, 1120, 82
73, 1130, 86
73, 1140, 86
73, 1150, 86
73, 1160, 86
73, 1170, 82
null
['no' 'no' 'no' 'no' 'no' 'no' 'no' 'no' 'no' 'no']
75, 1170, 82
75, 1180, 87
75, 1190, 85
76, 1200, 87
76, 1210, 89
77, 1220, 88
null
['no' 'no' 'no' 'no' 'no' 'no' 'no' 'no' 'no' 'no']
77, 1220, 88
78, 1230, 89
78, 1240, 89
79, 1250, 86
79, 1260, 89
79, 1270, 90
null
['no' 'no' 'no' 'no' 'no' 'no' 'no' 'no' 'no' 'no']
79, 1270, 90
79, 1280, 87
79, 1290, 89
79, 1300, 89
79, 1310, 89
79, 1320, 88
null
['no' 'no' 'no' 'no' 'no' 'no' 'no' 'no' 'no' 'no']
79, 1320, 88
79, 1330, 88
79, 1340, 89
79, 1350, 89
79, 1360, 86
80, 1370, 89
null
['no' 'no' 'no' 'no' 'no' 'no' 'no' 'no' 'no' 'no']
80, 1370, 89
80, 1380, 92
80, 1390, 91
80, 1400, 89
80, 1410, 89
81, 1420, 89
null
['no' 'no' 'no' 'no' 'no' 'no' 'no' 'no' 'no' 'no']
81, 1420, 89
81, 1430, 89
82, 1440, 89
83, 1450, 90
83, 1460, 90
83, 1470, 90
null
['no' 'no' 'no' 'no' 'no' 'no' 'no' 'no' 'no' 'no']
84, 1470, 90
85, 1480, 91
85, 1490, 92
85, 1500, 91
86, 1510, 92
86, 1520, 93
null
['no' 'no' 'no' 'no' 'no' 'no' 'no' 'no' 'no' 'no']
86, 1520, 93
86, 1530, 93
86, 1540, 92
86, 1550, 93
88, 1560, 94
88, 1570, 96
null
['no' 'no' 'no' 'no' 'no' 'no' 'no' 'no' 'no' 'no']
88, 1570, 96
88, 1580, 97
88, 1590, 96
88, 1600, 95
89, 1610, 95
89, 1620, 96
null
['no' 'no' 'no' 'no' 'no' 'no' 'no' 'no' 'no' 'no']
89, 1620, 96
89, 1630, 97
89, 1640, 96
90, 1650, 96
90, 1660, 99
90, 1670, 96
null
['no' 'no' 'no' 'no' 'no' 'no' 'no' 'no' 'no' 'no']
90, 1670, 96
90, 1680, 96
90, 1690, 97
90, 1700, 95
90, 1710, 97
90, 1720, 97
null
['no' 'no' 'no' 'no' 'no' 'no' 'no' 'no' 'no' 'no']
90, 1720, 97
90, 1730, 95
90, 1740, 95
90, 1750, 97
90, 1760, 96
90, 1770, 96
null
['no' 'no' 'no' 'no' 'no' 'no' 'no' 'no' 'no' 'no']
90, 1770, 96
91, 1780, 96
91, 1790, 98
91, 1800, 97
91, 1810, 97
91, 1820, 97
null
['no' 'no' 'no' 'no' 'no' 'no' 'no' 'no' 'no' 'no']
91, 1820, 97
91, 1830, 97
91, 1840, 97
91, 1850, 96
91, 1860, 97
92, 1870, 97
null
['no' 'no' 'no' 'no' 'no' 'no' 'no' 'no' 'no' 'no']
92, 1870, 97
92, 1880, 97
92, 1890, 98
93, 1900, 97
93, 1910, 98
93, 1920, 98
null
['no' 'no' 'no' 'no' 'no' 'no' 'no' 'no' 'no' 'no']
93, 1920, 98
93, 1930, 98
93, 1940, 98
93, 1950, 98
93, 1960, 98
93, 1970, 98
null
['no' 'no' 'no' 'no' 'no' 'no' 'no' 'no' 'no' 'no']
93, 1970, 98
93, 1980, 98
93, 1990, 98
94, 2000, 98
null
['no' 'no' 'no' 'no' 'no' 'no' 'no' 'no' 'no' 'no']
{'count': 2854, 'truepos': 54, 'falseneg': 4, 'unknownyes': 4, 'falsepos': 40, 'unique': 2000}
12: Danijel.csv: none: 0, 0
3, 10
4, 20, 120
5, 30, 113
7, 40, 96
9, 50, 90
11, 60, 90
13, 70, 82
15, 80, 84
17, 90, 89
20, 100, 86
20, 110, 72
21, 120, 64
24, 130, 61
24, 140, 66
24, 150, 57
25, 160, 53
27, 170, 55
29, 180, 57
29, 190, 59
31, 200, 55
31, 210, 64
33, 220, 69
35, 230, 69
36, 240, 69
39, 250, 68
41, 260, 78
41, 270, 82
42, 280, 73
44, 290, 76
47, 300, 76
48, 310, 91
50, 320, 89
50, 330, 91
50, 340, 82
51, 350, 79
52, 360, 82
52, 370, 91
57, 380, 88
60, 390, 103
62, 400, 105
63, 410, 99
63, 420, 111
66, 430, 101
66, 440, 100
68, 450, 105
69, 460, 123
69, 470, 102
71, 480, 104
71, 490, 104
71, 500, 103
71, 510, 97
72, 520, 98
73, 530, 107
73, 540, 102
75, 550, 95
77, 560, 100
80, 570, 98
83, 580, 101
86, 590, 104
88, 600, 107
90, 610, 104
93, 620, 105
95, 630, 119
95, 640, 120
95, 650, 122
96, 660, 113
96, 670, 113
98, 680, 109
99, 690, 113
99, 700, 117
102, 710, 117
102, 720, 119
103, 730, 124
103, 740, 120
103, 750, 116
104, 760, 118
104, 770, 115
105, 780, 113
107, 790, 117
108, 800, 123
108, 810, 120
110, 820, 118
112, 830, 122
112, 840, 122
114, 850, 122
115, 860, 123
115, 870, 125
118, 880, 124
119, 890, 125
120, 900, 127
121, 910, 128
123, 920, 130
123, 930, 131
123, 940, 131
125, 950, 131
126, 960, 133
126, 970, 133
{'count': 970, 'truepos': 40, 'falseneg': 4, 'unknownyes': 4, 'falsepos': 86, 'unique': 970}
12: Danijel.csv: three: 0, 0
5, 10
7, 20, 102
10, 30, 93
11, 40, 102
11, 50, 85
12, 60, 77
15, 70, 72
17, 80, 69
22, 90, 63
26, 100, 77
30, 110, 80
32, 120, 62
34, 130, 60
36, 140, 62
36, 150, 61
37, 160, 59
38, 170, 56
39, 180, 56
40, 190, 57
41, 200, 55
42, 210, 56
42, 220, 59
43, 230, 55
45, 240, 57
46, 250, 61
46, 260, 61
46, 270, 59
46, 280, 59
47, 290, 58
48, 300, 58
51, 310, 60
51, 320, 64
52, 330, 64
53, 340, 65
53, 350, 66
54, 360, 68
56, 370, 69
56, 380, 71
56, 390, 68
56, 400, 66
57, 410, 66
57, 420, 70
57, 430, 68
57, 440, 68
57, 450, 68
58, 460, 65
59, 470, 66
60, 480, 66
60, 490, 70
61, 500, 66
61, 510, 70
61, 520, 68
61, 530, 68
62, 540, 69
62, 550, 73
62, 560, 70
62, 570, 69
62, 580, 69
62, 590, 68
62, 600, 71
62, 610, 69
62, 620, 67
62, 630, 67
62, 640, 68
62, 650, 71
63, 660, 67
64, 670, 67
64, 680, 69
64, 690, 69
64, 700, 68
64, 710, 69
64, 720, 69
64, 730, 68
{'count': 1579, 'truepos': 45, 'falseneg': 0, 'unknownyes': 3, 'falsepos': 19, 'unique': 730}
12: Danijel.csv: machine: 0, 0
4, 10
6, 20, 127
7, 30, 101
10, 40, 91
11, 50, 96
13, 60, 79
['yes' 'no' 'yes' 'no' 'no' 'yes' 'yes' 'yes' 'yes' 'no']
[]
6, 60, 79
7, 70, 67
8, 80, 55
8, 90, 54
9, 100, 52
9, 110, 54
['no' 'yes' 'no' 'yes' 'yes' 'yes']
[]
8, 110, 54
12, 120, 51
16, 130, 60
17, 140, 68
17, 150, 67
19, 160, 60
['no' 'no' 'yes' 'no' 'no' 'no' 'no' 'no' 'no' 'no']
[]
10, 160, 60
12, 170, 51
15, 180, 53
17, 190, 55
18, 200, 54
22, 210, 52
['yes' 'yes' 'yes' 'yes' 'yes' 'yes' 'yes' 'yes' 'yes' 'yes']
[]
22, 210, 52
27, 220, 58
28, 230, 67
29, 240, 63
33, 250, 62
35, 260, 52
['yes' 'no' 'yes' 'no' 'yes' 'yes' 'yes' 'yes' 'yes' 'yes']
['no' 'no' 'yes' 'no' 'no' 'no' 'no' 'no' 'no' 'yes']
34, 260, 52
35, 270, 48
37, 280, 47
37, 290, 52
39, 300, 49
42, 310, 54
['yes' 'yes' 'no' 'yes' 'no' 'yes' 'no' 'no' 'yes' 'no']
['yes' 'no' 'no' 'no' 'no' 'no' 'no' 'no' 'no' 'yes']
39, 310, 54
40, 320, 52
42, 330, 53
43, 340, 56
44, 350, 57
44, 360, 59
['no' 'no' 'no' 'no' 'no' 'no' 'no' 'yes' 'yes' 'yes']
['no' 'no' 'no' 'no' 'no' 'no' 'no' 'no' 'no' 'no']
39, 360, 59
39, 370, 50
41, 380, 50
43, 390, 52
44, 400, 54
45, 410, 57
['yes' 'no' 'no' 'no' 'no' 'no' 'yes']
['no' 'no' 'yes' 'no' 'no' 'no' 'no' 'no' 'no' 'yes']
44, 410, 57
45, 420, 53
49, 430, 56
50, 440, 59
52, 450, 59
52, 460, 65
['no' 'no' 'no' 'no' 'no' 'no' 'no' 'no' 'no' 'yes']
['no' 'no' 'no' 'no' 'no' 'no' 'no' 'no' 'no' 'no']
44, 460, 65
45, 470, 52
47, 480, 54
47, 490, 55
47, 500, 55
47, 510, 54
['no' 'no' 'no']
['no' 'no' 'no' 'no' 'no' 'no' 'no' 'no' 'no' 'no']
46, 510, 54
49, 520, 53
50, 530, 64
51, 540, 60
52, 550, 62
54, 560, 65
['yes' 'no' 'no' 'no' 'no' 'no' 'no' 'no' 'no' 'no']
['no' 'no' 'no' 'no' 'no' 'no' 'no' 'no' 'no' 'no']
46, 560, 65
47, 570, 52
48, 580, 54
49, 590, 56
50, 600, 57
50, 610, 58
['yes' 'no' 'no' 'no' 'no']
['no' 'no' 'no' 'no' 'no' 'no' 'no' 'no' 'no' 'no']
49, 610, 58
51, 620, 56
51, 630, 60
55, 640, 61
58, 650, 66
58, 660, 72
['no' 'no' 'no' 'no' 'no' 'no' 'no' 'yes' 'no' 'no']
['no' 'no' 'no' 'no' 'no' 'no' 'no' 'no' 'no' 'no']
52, 660, 72
54, 670, 60
56, 680, 63
56, 690, 65
58, 700, 65
59, 710, 67
['no' 'no' 'no' 'no' 'no' 'no' 'no' 'no']
['no' 'no' 'no' 'no' 'no' 'no' 'no' 'no' 'no' 'no']
53, 710, 67
53, 720, 61
54, 730, 61
54, 740, 61
55, 750, 61
55, 760, 63
['no' 'no' 'no']
['no' 'no' 'no' 'no' 'no' 'no' 'no' 'no' 'no' 'no']
54, 760, 63
54, 770, 60
55, 780, 63
57, 790, 64
57, 800, 64
58, 810, 66
['no' 'no' 'no' 'no' 'no' 'no']
['no' 'no' 'no' 'no' 'no' 'no' 'no' 'no' 'no' 'no']
53, 810, 66
54, 820, 58
54, 830, 61
55, 840, 60
55, 850, 60
56, 860, 60
['no' 'no' 'no' 'no']
['no' 'no' 'no' 'no' 'no' 'no' 'no' 'no' 'no' 'no']
53, 860, 60
54, 870, 58
55, 880, 59
56, 890, 59
57, 900, 62
57, 910, 65
['no' 'no' 'no' 'no']
['no' 'no' 'no' 'no' 'no' 'no' 'no' 'no' 'no' 'no']
55, 910, 65
59, 920, 59
62, 930, 65
65, 940, 67
68, 950, 79
68, 960, 87
['no' 'no' 'no' 'no' 'no' 'no' 'no' 'no' 'no' 'no']
['no' 'no' 'no' 'no' 'no' 'no' 'no' 'no' 'no' 'no']
59, 960, 87
59, 970, 67
60, 980, 67
64, 990, 68
64, 1000, 78
67, 1010, 76
['no' 'no' 'no' 'no' 'no' 'no' 'no' 'no' 'no' 'no']
['no' 'no' 'no' 'no' 'no' 'no' 'no' 'no' 'no' 'no']
57, 1010, 76
59, 1020, 61
61, 1030, 65
63, 1040, 68
63, 1050, 68
63, 1060, 68
['no' 'no' 'no' 'no' 'no' 'no' 'no' 'no' 'no']
['no' 'no' 'no' 'no' 'no' 'no' 'no' 'no' 'no' 'no']
57, 1060, 68
58, 1070, 63
59, 1080, 64
60, 1090, 64
61, 1100, 67
65, 1110, 67
['no' 'no' 'no' 'no' 'no' 'no' 'no' 'no' 'no']
['no' 'no' 'no' 'no' 'no' 'no' 'no' 'no' 'no' 'no']
['no' 'no' 'no' 'no' 'no' 'no' 'no' 'no' 'no']
['no' 'no' 'no' 'no' 'no' 'no' 'no' 'no' 'no' 'no']
{'count': 1464, 'truepos': 42, 'falseneg': 4, 'unknownyes': 2, 'falsepos': 17, 'unique': 1110}
12: Danijel.csv: machine2: 0, 0
5, 10
6, 20, 127
6, 30, 116
6, 40, 101
8, 50, 69
11, 60, 68
['no' 'no' 'yes' 'no' 'no' 'yes' 'no' 'yes' 'yes' 'yes']
[]
6, 60, 68
8, 70, 59
11, 80, 58
12, 90, 68
12, 100, 64
13, 110, 55
['yes' 'no' 'no' 'no' 'yes' 'no' 'yes' 'no']
[]
8, 110, 55
12, 120, 47
17, 130, 57
20, 140, 66
24, 150, 67
25, 160, 65
['no' 'yes' 'no' 'yes' 'yes' 'yes' 'no' 'no' 'yes' 'yes']
[]
22, 160, 65
24, 170, 53
24, 180, 53
27, 190, 49
30, 200, 52
30, 210, 48
['yes' 'no' 'no' 'no' 'yes' 'no' 'no' 'yes' 'no' 'yes']
['no' 'no' 'no' 'no' 'no' 'no' 'no' 'yes' 'no' 'no']
27, 210, 48
30, 220, 56
33, 230, 45
33, 240, 47
34, 250, 48
36, 260, 48
['no' 'yes' 'no' 'yes' 'no' 'no' 'no' 'no' 'no' 'yes']
['no' 'no' 'no' 'no' 'no' 'no' 'no' 'no' 'no' 'no']
31, 260, 48
33, 270, 43
35, 280, 46
38, 290, 50
40, 300, 55
41, 310, 57
['yes' 'no' 'yes' 'yes' 'no' 'no' 'yes' 'no' 'yes' 'yes']
['no' 'no' 'no' 'no' 'no' 'no' 'no' 'no' 'no' 'no']
41, 310, 57
45, 320, 58
47, 330, 62
50, 340, 61
51, 350, 65
51, 360, 64
['no' 'yes' 'no' 'no' 'no' 'no' 'no' 'no' 'no' 'no']
['no' 'no' 'no' 'no' 'no' 'no' 'no' 'no' 'no' 'no']
42, 360, 64
43, 370, 53
45, 380, 54
45, 390, 57
47, 400, 54
48, 410, 57
['yes' 'yes' 'yes' 'no' 'no' 'yes' 'no' 'yes' 'no' 'yes']
['no' 'no' 'no' 'yes' 'no' 'no' 'no' 'no' 'no' 'no']
48, 410, 57
50, 420, 59
51, 430, 61
52, 440, 63
53, 450, 65
53, 460, 65
['yes' 'no' 'no' 'no' 'no' 'no' 'yes' 'no' 'no' 'yes']
['no' 'no' 'no' 'no' 'no' 'no' 'no' 'no' 'no' 'no']
47, 460, 65
47, 470, 53
48, 480, 55
50, 490, 57
52, 500, 59
53, 510, 60
['no' 'no' 'no' 'no' 'yes' 'no' 'no' 'yes' 'yes']
['yes' 'no' 'no' 'no' 'no' 'no' 'no' 'no' 'yes' 'no']
49, 510, 60
49, 520, 57
49, 530, 59
49, 540, 59
49, 550, 55
49, 560, 57
['no' 'yes']
['no' 'no' 'no' 'no' 'no' 'no' 'no' 'no' 'no' 'no']
49, 560, 57
50, 570, 58
51, 580, 56
52, 590, 58
54, 600, 58
55, 610, 62
['no' 'no' 'no' 'yes' 'no' 'no']
['no' 'no' 'no' 'no' 'no' 'no' 'no' 'no' 'no' 'no']
50, 610, 62
51, 620, 55
52, 630, 56
52, 640, 56
52, 650, 60
52, 660, 57
['no' 'no']
['no' 'no' 'no' 'no' 'no' 'no' 'no' 'no' 'no' 'no']
50, 660, 57
50, 670, 55
50, 680, 55
50, 690, 54
52, 700, 56
54, 710, 57
['no' 'no' 'no' 'no']
['no' 'no' 'no' 'no' 'no' 'no' 'no' 'no' 'no' 'no']
50, 710, 57
51, 720, 54
53, 730, 56
54, 740, 60
55, 750, 62
58, 760, 65
['no' 'yes' 'no' 'no' 'no' 'no' 'no' 'no']
['no' 'no' 'no' 'no' 'no' 'no' 'no' 'yes' 'no' 'no']
53, 760, 65
54, 770, 57
56, 780, 59
57, 790, 63
59, 800, 64
61, 810, 68
['no' 'no' 'no' 'no' 'no' 'no' 'no' 'no' 'yes']
['no' 'no' 'no' 'no' 'no' 'no' 'no' 'no' 'no' 'no']
55, 810, 68
58, 820, 59
59, 830, 63
65, 840, 64
65, 850, 76
65, 860, 75
['no' 'no' 'no' 'no' 'no' 'no' 'no' 'no' 'no' 'no']
['no' 'no' 'no' 'no' 'no' 'no' 'no' 'no' 'no' 'no']
58, 860, 75
58, 870, 65
58, 880, 65
59, 890, 65
59, 900, 68
60, 910, 66
['no' 'no' 'no' 'no' 'no']
['no' 'no' 'no' 'no' 'no' 'no' 'no' 'no' 'no' 'no']
58, 910, 66
59, 920, 63
60, 930, 65
60, 940, 65
62, 950, 66
65, 960, 69
['no' 'no' 'no' 'no' 'no' 'no' 'no' 'no' 'no' 'no']
['no' 'no' 'no' 'no' 'no' 'no' 'no' 'no' 'no' 'no']
58, 960, 69
59, 970, 62
59, 980, 64
61, 990, 63
62, 1000, 68
63, 1010, 69
['no' 'no' 'no' 'no' 'no' 'no']
['no' 'no' 'no' 'no' 'no' 'no' 'no' 'no' 'no' 'no']
58, 1010, 69
58, 1020, 63
60, 1030, 63
60, 1040, 65
62, 1050, 65
63, 1060, 66
['no' 'no' 'no' 'no' 'no' 'no']
['no' 'no' 'no' 'no' 'no' 'no' 'no' 'no' 'no' 'no']
['no' 'no' 'no' 'no' 'no' 'no']
['no' 'no' 'no' 'no' 'no' 'no' 'no' 'no' 'no' 'no']
{'count': 1509, 'truepos': 44, 'falseneg': 2, 'unknownyes': 2, 'falsepos': 17, 'unique': 1060}
12: Danijel.csv: machine3: 0, 0
3, 10
3, 20, 105
5, 30, 80
7, 40, 67
8, 50, 67
11, 60, 53
null
[]
11, 70, 61
13, 80, 49
16, 90, 54
20, 100, 58
23, 110, 66
25, 120, 65
null
[]
26, 130, 64
26, 140, 55
26, 150, 52
28, 160, 47
29, 170, 48
29, 180, 46
null
[]
30, 190, 46
31, 200, 51
32, 210, 46
33, 220, 46
34, 230, 45
35, 240, 47
null
['no' 'no' 'no' 'no' 'yes' 'no' 'no' 'no' 'no' 'no']
36, 240, 47
37, 250, 48
37, 260, 48
38, 270, 47
38, 280, 48
38, 290, 50
null
['no' 'no' 'no' 'no' 'no' 'no' 'yes' 'no' 'no' 'no']
38, 290, 50
39, 300, 46
41, 310, 48
41, 320, 53
41, 330, 52
41, 340, 51
null
['no' 'no' 'no' 'no' 'yes' 'no' 'no' 'no' 'no' 'no']
42, 340, 51
43, 350, 52
45, 360, 53
45, 370, 59
45, 380, 55
46, 390, 55
null
['no' 'no' 'no' 'no' 'no' 'no' 'no' 'no' 'no' 'no']
46, 390, 55
46, 400, 57
46, 410, 54
46, 420, 56
46, 430, 54
46, 440, 54
null
['no' 'no' 'yes' 'no' 'no' 'no' 'no' 'no' 'no' 'no']
46, 440, 54
46, 450, 54
47, 460, 54
47, 470, 56
47, 480, 55
47, 490, 55
null
['no' 'no' 'no' 'no' 'no' 'no' 'no' 'no' 'no' 'no']
47, 490, 55
47, 500, 55
47, 510, 53
47, 520, 54
47, 530, 54
47, 540, 53
null
['no' 'no' 'no' 'no' 'no' 'no' 'no' 'no' 'no' 'no']
47, 540, 53
48, 550, 53
48, 560, 54
48, 570, 55
48, 580, 54
48, 590, 54
null
['no' 'no' 'no' 'no' 'no' 'no' 'no' 'no' 'no' 'no']
48, 590, 54
49, 600, 53
49, 610, 55
49, 620, 55
49, 630, 55
49, 640, 55
null
['no' 'no' 'no' 'no' 'no' 'no' 'no' 'no' 'no' 'no']
50, 640, 55
50, 650, 56
50, 660, 54
50, 670, 54
50, 680, 54
50, 690, 54
null
['no' 'no' 'no' 'no' 'no' 'no' 'no' 'no' 'no' 'no']
50, 690, 54
50, 700, 54
50, 710, 55
50, 720, 54
50, 730, 54
50, 740, 55
null
['no' 'no' 'no' 'no' 'no' 'no' 'no' 'no' 'no' 'no']
50, 740, 55
50, 750, 54
50, 760, 54
51, 770, 54
52, 780, 55
52, 790, 57
null
['no' 'no' 'yes' 'no' 'no' 'no' 'no' 'no' 'no' 'no']
53, 790, 57
53, 800, 58
54, 810, 57
54, 820, 58
55, 830, 57
55, 840, 60
null
['no' 'no' 'no' 'no' 'no' 'no' 'no' 'no' 'no' 'no']
55, 840, 60
55, 850, 59
55, 860, 59
55, 870, 59
55, 880, 59
55, 890, 59
null
['no' 'no' 'no' 'no' 'no' 'no' 'no' 'no' 'no' 'no']
55, 890, 59
55, 900, 60
55, 910, 59
55, 920, 58
55, 930, 58
55, 940, 58
null
['no' 'no' 'no' 'no' 'no' 'no' 'no' 'no' 'no' 'no']
55, 940, 58
55, 950, 59
55, 960, 58
55, 970, 58
null
['no' 'no' 'no' 'no' 'no' 'no' 'no' 'no' 'no' 'no']
{'count': 1335, 'truepos': 43, 'falseneg': 2, 'unknownyes': 3, 'falsepos': 12, 'unique': 970}
12: K_all3.csv: none: 0, 0
1, 10
3, 20, 93
3, 30, 66
7, 40, 51
9, 50, 60
10, 60, 58
11, 70, 48
12, 80, 44
17, 90, 41
18, 100, 49
19, 110, 45
21, 120, 43
23, 130, 45
24, 140, 48
25, 150, 46
27, 160, 47
31, 170, 46
34, 180, 40
36, 190, 42
37, 200, 47
39, 210, 50
43, 220, 48
45, 230, 57
48, 240, 64
49, 250, 62
50, 260, 60
53, 270, 65
55, 280, 64
56, 290, 72
56, 300, 68
56, 310, 69
59, 320, 69
60, 330, 73
61, 340, 72
61, 350, 69
63, 360, 72
64, 370, 73
65, 380, 73
68, 390, 73
69, 400, 73
70, 410, 74
72, 420, 78
72, 430, 76
77, 440, 76
79, 450, 82
{'count': 450, 'truepos': 29, 'falseneg': 5, 'unknownyes': 11, 'falsepos': 50, 'unique': 450}
12: K_all3.csv: three: 0, 0
1, 10
3, 20, 92
4, 30, 65
5, 40, 53
7, 50, 50
7, 60, 50
8, 70, 43
8, 80, 41
10, 90, 40
10, 100, 41
11, 110, 40
12, 120, 40
18, 130, 40
19, 140, 47
21, 150, 47
22, 160, 48
23, 170, 47
24, 180, 48
26, 190, 47
28, 200, 48
30, 210, 48
31, 220, 44
33, 230, 45
35, 240, 46
36, 250, 45
36, 260, 50
37, 270, 47
37, 280, 48
37, 290, 47
37, 300, 47
38, 310, 46
38, 320, 45
38, 330, 46
39, 340, 45
40, 350, 44
40, 360, 47
41, 370, 46
41, 380, 45
41, 390, 44
41, 400, 46
41, 410, 44
42, 420, 44
44, 430, 45
{'count': 938, 'truepos': 32, 'falseneg': 0, 'unknownyes': 13, 'falsepos': 12, 'unique': 430}
12: K_all3.csv: machine: 0, 0
1, 10
2, 20, 93
4, 30, 64
7, 40, 58
10, 50, 59
10, 60, 61
['yes' 'yes' 'yes' 'yes' 'yes' 'yes' 'yes' 'no' 'no' 'yes']
['yes']
8, 60, 61
11, 70, 55
13, 80, 60
14, 90, 57
15, 100, 53
17, 110, 49
['no' 'no' 'no' 'no' 'yes' 'no' 'no' 'yes' 'yes' 'yes']
[]
11, 110, 49
14, 120, 46
16, 130, 48
19, 140, 51
24, 150, 54
25, 160, 59
['no' 'yes' 'no' 'yes' 'no' 'yes' 'yes' 'no' 'yes' 'no']
['no']
22, 160, 59
25, 170, 50
26, 180, 53
27, 190, 52
29, 200, 52
30, 210, 54
['no' 'yes' 'yes' 'yes' 'yes' 'no' 'no' 'no' 'yes' 'no']
['no' 'no' 'no' 'no' 'no' 'no' 'yes' 'no' 'no' 'no']
25, 210, 54
28, 220, 47
28, 230, 49
29, 240, 48
30, 250, 48
33, 260, 40
['no' 'yes' 'yes' 'no' 'yes' 'no' 'no' 'yes' 'no' 'yes']
['no' 'no' 'no' 'no' 'no' 'no' 'no' 'no' 'no' 'no']
27, 260, 40
27, 270, 46
29, 280, 45
31, 290, 48
32, 300, 40
35, 310, 43
['no' 'yes' 'no' 'no' 'no' 'no' 'yes' 'no' 'no' 'yes']
['no' 'no' 'no' 'no' 'no' 'no' 'no' 'no' 'no' 'no']
28, 310, 43
30, 320, 46
30, 330, 38
30, 340, 38
32, 350, 35
32, 360, 38
['no' 'no' 'no' 'no']
['no' 'no' 'yes' 'no' 'no' 'yes' 'no' 'no' 'no' 'no']
29, 360, 38
31, 370, 45
31, 380, 36
31, 390, 35
31, 400, 35
33, 410, 34
['yes' 'no' 'yes' 'no' 'yes']
['no' 'no' 'no' 'no' 'no' 'no' 'no' 'no' 'no' 'no']
['no' 'yes' 'yes' 'yes' 'no']
['no' 'no' 'no' 'no' 'no' 'no' 'no' 'no' 'no' 'no']
{'count': 531, 'truepos': 29, 'falseneg': 6, 'unknownyes': 10, 'falsepos': 3, 'unique': 410}
12: K_all3.csv: machine2: 0, 0
1, 10
2, 20, 93
2, 30, 62
7, 40, 54
9, 50, 62
13, 60, 60
['no' 'yes' 'yes' 'yes' 'yes' 'no' 'no' 'no' 'yes' 'yes']
[]
10, 60, 60
11, 70, 59
11, 80, 45
11, 90, 40
13, 100, 38
14, 110, 41
['no' 'no' 'yes' 'no' 'yes' 'yes' 'no']
['yes']
12, 110, 41
14, 120, 41
14, 130, 43
16, 140, 40
19, 150, 41
22, 160, 44
['no' 'no' 'no' 'yes' 'yes' 'yes' 'yes' 'yes' 'yes' 'yes']
[]
19, 160, 44
20, 170, 44
21, 180, 43
23, 190, 42
25, 200, 44
28, 210, 46
['no' 'yes' 'yes' 'yes' 'yes' 'yes' 'yes' 'no' 'no' 'yes']
[]
26, 210, 46
28, 220, 46
29, 230, 47
31, 240, 47
34, 250, 38
35, 260, 44
['yes' 'no' 'no' 'yes' 'no' 'yes' 'yes' 'yes' 'no']
['no' 'no' 'yes' 'no' 'no' 'no' 'no' 'no' 'no' 'no']
36, 260, 44
36, 270, 46
37, 280, 42
40, 290, 44
42, 300, 50
43, 310, 53
['no' 'no' 'no' 'no' 'no' 'no' 'no' 'no' 'yes' 'no']
['no' 'no' 'no' 'no' 'no' 'no' 'no' 'no' 'no' 'no']
35, 310, 53
38, 320, 39
41, 330, 43
41, 340, 50
43, 350, 47
43, 360, 48
['yes' 'no' 'no' 'no' 'yes' 'no' 'yes' 'yes' 'no' 'no']
['no' 'no' 'no' 'no' 'no' 'no' 'no' 'no' 'no' 'no']
40, 360, 48
43, 370, 44
44, 380, 47
45, 390, 48
47, 400, 49
48, 410, 53
['yes' 'no' 'no' 'no' 'no' 'yes' 'no' 'no' 'no' 'no']
['no' 'no' 'no' 'no' 'no' 'no' 'no' 'no' 'no' 'no']
42, 410, 53
['no']
['no' 'no' 'no' 'no' 'no' 'no' 'no' 'no' 'no' 'no']
{'count': 573, 'truepos': 35, 'falseneg': 1, 'unknownyes': 9, 'falsepos': 6, 'unique': 410}
12: K_all3.csv: machine3: 0, 0
1, 10
2, 20, 92
4, 30, 63
5, 40, 59
8, 50, 54
9, 60, 60
null
[]
11, 70, 52
15, 80, 51
18, 90, 56
18, 100, 56
20, 110, 51
21, 120, 50
null
['yes' 'yes' 'no' 'no']
23, 120, 50
23, 130, 48
23, 140, 46
23, 150, 45
24, 160, 43
24, 170, 44
null
['no']
24, 170, 44
25, 180, 43
25, 190, 44
26, 200, 44
27, 210, 45
28, 220, 45
null
[]
28, 230, 46
28, 240, 46
28, 250, 45
28, 260, 45
28, 270, 45
28, 280, 45
null
[]
28, 290, 45
28, 300, 45
28, 310, 45
29, 320, 45
31, 330, 45
33, 340, 35
null
['no' 'no' 'no' 'no' 'no' 'no' 'no' 'no' 'no' 'no']
33, 340, 35
33, 350, 38
33, 360, 36
34, 370, 37
34, 380, 38
34, 390, 39
null
['no' 'no' 'no' 'no' 'no' 'no' 'no' 'no' 'no' 'no']
34, 390, 39
34, 400, 37
35, 410, 37
37, 420, 38
37, 430, 41
39, 440, 39
null
['no' 'no' 'no' 'no' 'no' 'no' 'yes' 'no' 'no' 'no']
null
['no' 'no' 'no' 'no' 'yes' 'no' 'no' 'no' 'no' 'no']
{'count': 589, 'truepos': 35, 'falseneg': 1, 'unknownyes': 9, 'falsepos': 5, 'unique': 440}

------------------------------------------------------------
Sender: LSF System <lsfadmin@n2b3-11>
Subject: Job 267546: </share/tjmenzie/zyu9/miniconda2/bin/python2.7 runner.py error_hpcc 12> Done

Job </share/tjmenzie/zyu9/miniconda2/bin/python2.7 runner.py error_hpcc 12> was submitted from host <login01.hpc.ncsu.edu> by user <zyu9> in cluster <henry2>.
Job was executed on host(s) <2*n2b3-11>, in queue <single_chassis>, as user <zyu9> in cluster <henry2>.
</home/zyu9> was used as the home directory.
</home/zyu9/projects/MAR_HPC/Error/src> was used as the working directory.
Started at Wed Oct 18 09:16:20 2017
Results reported at Wed Oct 18 15:38:12 2017

Your job looked like:

------------------------------------------------------------
# LSBATCH: User input
/share/tjmenzie/zyu9/miniconda2/bin/python2.7 runner.py error_hpcc 12
------------------------------------------------------------

Successfully completed.

Resource usage summary:

    CPU time   :  25225.27 sec.
    Max Memory :       193 MB
    Max Swap   :      1211 MB

    Max Processes  :         3
    Max Threads    :         8

The output (if any) is above this job summary.



PS:

Read file <./err/12.err.267546> for stderr output of this job.

