12: Hall.csv: none: 0, 0
4, 10
8, 20, 100
8, 30, 104
12, 40, 101
16, 50, 100
17, 60, 105
20, 70, 104
24, 80, 65
26, 90, 71
28, 100, 64
31, 110, 61
33, 120, 69
34, 130, 73
39, 140, 65
39, 150, 68
42, 160, 69
43, 170, 72
45, 180, 70
45, 190, 78
46, 200, 75
48, 210, 76
50, 220, 82
50, 230, 80
53, 240, 72
54, 250, 84
54, 260, 79
56, 270, 78
57, 280, 81
58, 290, 77
59, 300, 85
60, 310, 81
61, 320, 91
62, 330, 93
62, 340, 97
62, 350, 85
62, 360, 84
63, 370, 84
64, 380, 88
66, 390, 87
67, 400, 89
68, 410, 91
68, 420, 89
68, 430, 89
68, 440, 89
68, 450, 87
68, 460, 85
68, 470, 87
68, 480, 83
68, 490, 80
68, 500, 83
69, 510, 84
69, 520, 86
69, 530, 86
69, 540, 90
69, 550, 83
69, 560, 87
69, 570, 80
69, 580, 81
69, 590, 83
69, 600, 81
69, 610, 81
69, 620, 82
69, 630, 83
69, 640, 81
69, 650, 81
69, 660, 80
69, 670, 79
69, 680, 79
69, 690, 80
69, 700, 81
69, 710, 81
69, 720, 79
69, 730, 79
69, 740, 80
69, 750, 79
69, 760, 78
69, 770, 78
69, 780, 78
69, 790, 79
69, 800, 77
69, 810, 78
70, 820, 77
70, 830, 80
70, 840, 78
70, 850, 78
70, 860, 79
70, 870, 79
70, 880, 78
70, 890, 77
70, 900, 78
70, 910, 78
70, 920, 77
70, 930, 78
70, 940, 76
70, 950, 78
70, 960, 78
70, 970, 77
70, 980, 77
70, 990, 77
70, 1000, 77
70, 1010, 76
70, 1020, 76
70, 1030, 76
70, 1040, 76
70, 1050, 76
70, 1060, 76
70, 1070, 76
70, 1080, 76
70, 1090, 76
70, 1100, 77
70, 1110, 75
70, 1120, 76
70, 1130, 76
70, 1140, 76
70, 1150, 75
70, 1160, 76
70, 1170, 75
70, 1180, 75
70, 1190, 76
71, 1200, 75
71, 1210, 76
71, 1220, 76
71, 1230, 76
72, 1240, 76
72, 1250, 78
72, 1260, 78
72, 1270, 77
72, 1280, 78
72, 1290, 78
72, 1300, 77
72, 1310, 77
72, 1320, 77
72, 1330, 77
72, 1340, 77
72, 1350, 77
72, 1360, 77
72, 1370, 77
72, 1380, 77
72, 1390, 77
72, 1400, 77
72, 1410, 77
72, 1420, 77
72, 1430, 77
72, 1440, 77
72, 1450, 76
72, 1460, 76
72, 1470, 76
72, 1480, 76
72, 1490, 76
72, 1500, 76
72, 1510, 76
72, 1520, 76
73, 1530, 76
73, 1540, 78
73, 1550, 78
73, 1560, 78
73, 1570, 78
73, 1580, 78
73, 1590, 78
73, 1600, 78
73, 1610, 77
73, 1620, 78
73, 1630, 78
73, 1640, 77
73, 1650, 77
73, 1660, 77
73, 1670, 77
73, 1680, 77
73, 1690, 77
73, 1700, 77
73, 1710, 77
73, 1720, 77
73, 1730, 77
73, 1740, 77
73, 1750, 77
73, 1760, 77
{'count': 1760, 'truepos': 67, 'falseneg': 36, 'correction': 0, 'unknownyes': 1, 'falsepos': 6, 'unique': 1760}
12: Hall.csv: three: 0, 0
4, 10
7, 20, 94
9, 30, 94
10, 40, 98
13, 50, 95
15, 60, 91
18, 70, 91
21, 80, 87
24, 90, 56
29, 100, 58
32, 110, 63
38, 120, 62
43, 130, 72
46, 140, 78
49, 150, 80
52, 160, 80
55, 170, 76
59, 180, 76
61, 190, 78
63, 200, 80
65, 210, 84
67, 220, 85
68, 230, 90
71, 240, 90
72, 250, 95
73, 260, 95
73, 270, 95
73, 280, 93
74, 290, 92
74, 300, 87
74, 310, 90
74, 320, 92
75, 330, 90
75, 340, 91
75, 350, 91
76, 360, 86
77, 370, 87
77, 380, 89
77, 390, 93
77, 400, 88
77, 410, 88
77, 420, 90
77, 430, 90
77, 440, 86
77, 450, 88
77, 460, 88
77, 470, 90
77, 480, 88
77, 490, 87
77, 500, 85
77, 510, 86
77, 520, 85
78, 530, 87
78, 540, 86
78, 550, 87
78, 560, 87
78, 570, 88
78, 580, 86
78, 590, 88
78, 600, 84
78, 610, 86
78, 620, 84
78, 630, 84
78, 640, 85
78, 650, 83
78, 660, 83
78, 670, 83
{'count': 1393, 'truepos': 78, 'falseneg': 24, 'correction': 41, 'unknownyes': 2, 'falsepos': 0, 'unique': 670}
12: Hall.csv: machine: 0, 0
6, 10
8, 20, 111
11, 30, 105
13, 40, 124
16, 50, 122
18, 60, 129
21, 70, 131
27, 80, 83
33, 90, 86
37, 100, 90
40, 110, 93
43, 120, 91
49, 120, 91
52, 130, 98
52, 140, 97
53, 150, 87
56, 160, 82
59, 170, 82
62, 170, 82
64, 180, 89
65, 190, 95
67, 200, 82
68, 210, 87
68, 220, 86
71, 220, 86
72, 230, 88
75, 240, 88
77, 250, 94
78, 260, 97
78, 270, 96
80, 270, 96
81, 280, 102
82, 290, 101
82, 300, 96
83, 310, 96
83, 320, 100
83, 320, 100
84, 330, 93
84, 340, 96
84, 350, 94
84, 360, 94
84, 370, 92
85, 370, 92
85, 380, 95
86, 390, 94
86, 400, 98
86, 410, 93
86, 420, 94
87, 420, 94
87, 430, 94
87, 440, 93
88, 450, 94
88, 460, 95
88, 470, 96
88, 470, 96
89, 480, 95
89, 490, 95
90, 500, 95
90, 510, 98
90, 520, 98
90, 520, 98
90, 530, 97
90, 540, 97
90, 550, 96
90, 560, 96
90, 570, 95
90, 570, 95
90, 580, 95
90, 590, 96
90, 600, 96
90, 610, 96
90, 620, 96
90, 620, 96
{'count': 883, 'truepos': 87, 'falseneg': 15, 'correction': 15, 'unknownyes': 2, 'falsepos': 3, 'unique': 620}
12: Hall.csv: knee: 0, 0
6, 10
7, 20
11, 30
11, 40
13, 50
14, 60
17, 70
18, 80
23, 90
28, 100
32, 110
36, 120
36, 130
39, 140
41, 150
46, 160
51, 170
53, 180
58, 190
60, 200
63, 210
64, 220
66, 230
69, 240
71, 250
72, 260
74, 270
74, 280
75, 290
76, 300
76, 310
78, 320
78, 330
79, 340
79, 350
79, 360
79, 370
79, 380
79, 390
79, 400
79, 410
79, 420
79, 430
79, 440
79, 450
{'count': 637, 'truepos': 89, 'falseneg': 12, 'correction': 16, 'unknownyes': 3, 'falsepos': 1, 'unique': 450}
12: Wahono.csv: none: 0, 0
2, 10
2, 20, 101
4, 30, 62
4, 40, 60
4, 50, 48
6, 60, 45
7, 70, 49
8, 80, 50
9, 90, 47
10, 100, 47
11, 110, 49
13, 120, 50
14, 130, 54
15, 140, 53
15, 150, 51
15, 160, 50
15, 170, 49
16, 180, 49
17, 190, 49
18, 200, 50
18, 210, 49
18, 220, 48
18, 230, 47
18, 240, 47
19, 250, 47
20, 260, 47
24, 270, 37
27, 280, 47
27, 290, 50
28, 300, 50
28, 310, 48
28, 320, 50
29, 330, 48
30, 340, 48
30, 350, 49
30, 360, 50
30, 370, 45
30, 380, 45
31, 390, 41
31, 400, 46
32, 410, 46
32, 420, 51
32, 430, 48
32, 440, 48
32, 450, 47
32, 460, 45
32, 470, 44
32, 480, 45
32, 490, 47
32, 500, 43
32, 510, 44
32, 520, 45
32, 530, 42
33, 540, 41
33, 550, 42
33, 560, 44
33, 570, 46
33, 580, 44
33, 590, 44
33, 600, 44
33, 610, 43
33, 620, 44
33, 630, 42
33, 640, 43
33, 650, 43
33, 660, 42
33, 670, 42
33, 680, 41
33, 690, 43
33, 700, 43
33, 710, 42
34, 720, 41
34, 730, 44
34, 740, 45
34, 750, 44
34, 760, 42
34, 770, 44
34, 780, 41
34, 790, 41
35, 800, 44
36, 810, 41
36, 820, 44
37, 830, 43
37, 840, 43
38, 850, 44
38, 860, 45
38, 870, 46
38, 880, 44
38, 890, 45
38, 900, 44
38, 910, 44
38, 920, 44
38, 930, 44
38, 940, 45
38, 950, 44
38, 960, 44
38, 970, 44
38, 980, 44
38, 990, 44
38, 1000, 43
38, 1010, 43
38, 1020, 43
39, 1030, 44
39, 1040, 46
39, 1050, 45
39, 1060, 44
39, 1070, 45
39, 1080, 44
39, 1090, 44
40, 1100, 44
42, 1110, 46
42, 1120, 49
42, 1130, 47
42, 1140, 48
42, 1150, 48
42, 1160, 48
42, 1170, 48
42, 1180, 48
42, 1190, 47
44, 1200, 47
44, 1210, 49
44, 1220, 50
44, 1230, 49
44, 1240, 49
44, 1250, 49
44, 1260, 49
44, 1270, 49
44, 1280, 49
44, 1290, 49
44, 1300, 49
44, 1310, 48
44, 1320, 49
44, 1330, 49
44, 1340, 49
44, 1350, 49
44, 1360, 48
44, 1370, 49
44, 1380, 48
44, 1390, 48
44, 1400, 48
44, 1410, 49
44, 1420, 48
44, 1430, 48
44, 1440, 48
44, 1450, 49
44, 1460, 48
44, 1470, 48
44, 1480, 48
44, 1490, 48
44, 1500, 48
44, 1510, 48
44, 1520, 48
44, 1530, 48
44, 1540, 48
44, 1550, 47
44, 1560, 48
44, 1570, 48
44, 1580, 47
44, 1590, 47
44, 1600, 47
44, 1610, 48
44, 1620, 47
45, 1630, 47
45, 1640, 49
45, 1650, 49
45, 1660, 48
45, 1670, 48
45, 1680, 48
45, 1690, 48
45, 1700, 49
45, 1710, 48
45, 1720, 48
45, 1730, 49
45, 1740, 48
45, 1750, 48
45, 1760, 48
45, 1770, 48
45, 1780, 48
45, 1790, 48
45, 1800, 48
45, 1810, 48
45, 1820, 48
45, 1830, 48
45, 1840, 48
45, 1850, 48
45, 1860, 48
45, 1870, 48
45, 1880, 48
{'count': 1880, 'truepos': 39, 'falseneg': 21, 'correction': 0, 'unknownyes': 2, 'falsepos': 6, 'unique': 1880}
12: Wahono.csv: three: 0, 0
5, 10
7, 20, 102
8, 30, 107
9, 40, 95
10, 50, 73
14, 60, 57
15, 70, 52
16, 80, 49
17, 90, 44
19, 100, 43
22, 110, 47
22, 120, 49
24, 130, 43
24, 140, 49
25, 150, 47
26, 160, 48
26, 170, 45
26, 180, 44
28, 190, 42
29, 200, 46
30, 210, 46
30, 220, 44
30, 230, 45
30, 240, 43
31, 250, 43
32, 260, 47
33, 270, 52
34, 280, 49
37, 290, 47
38, 300, 56
39, 310, 56
40, 320, 58
40, 330, 56
40, 340, 57
40, 350, 52
40, 360, 53
40, 370, 53
40, 380, 53
40, 390, 52
41, 400, 52
41, 410, 54
41, 420, 51
41, 430, 51
41, 440, 53
41, 450, 51
42, 460, 50
42, 470, 53
42, 480, 52
42, 490, 51
42, 500, 53
42, 510, 52
42, 520, 51
42, 530, 50
42, 540, 49
42, 550, 49
43, 560, 49
43, 570, 51
43, 580, 51
43, 590, 50
44, 600, 51
45, 610, 50
45, 620, 52
45, 630, 53
45, 640, 52
45, 650, 52
45, 660, 51
46, 670, 51
46, 680, 52
46, 690, 52
47, 700, 51
47, 710, 53
47, 720, 54
47, 730, 54
47, 740, 54
48, 750, 53
48, 760, 54
48, 770, 54
48, 780, 54
48, 790, 54
48, 800, 55
48, 810, 54
48, 820, 53
48, 830, 53
48, 840, 53
48, 850, 53
48, 860, 53
48, 870, 53
48, 880, 53
49, 890, 53
49, 900, 54
49, 910, 54
49, 920, 54
49, 930, 54
49, 940, 53
49, 950, 53
49, 960, 53
49, 970, 52
49, 980, 53
49, 990, 53
49, 1000, 53
49, 1010, 53
49, 1020, 54
49, 1030, 53
49, 1040, 53
49, 1050, 52
49, 1060, 52
49, 1070, 53
49, 1080, 53
49, 1090, 53
49, 1100, 53
49, 1110, 52
49, 1120, 53
49, 1130, 53
49, 1140, 52
49, 1150, 52
49, 1160, 52
49, 1170, 52
50, 1180, 52
50, 1190, 53
50, 1200, 53
50, 1210, 53
50, 1220, 54
50, 1230, 53
50, 1240, 53
50, 1250, 53
50, 1260, 53
50, 1270, 53
50, 1280, 53
50, 1290, 53
50, 1300, 53
50, 1310, 53
{'count': 2655, 'truepos': 49, 'falseneg': 11, 'correction': 32, 'unknownyes': 2, 'falsepos': 1, 'unique': 1310}
12: Wahono.csv: machine: 0, 0
5, 10
6, 20, 95
8, 30, 93
9, 40, 93
13, 50, 70
14, 60, 78
15, 70, 56
15, 80, 52
17, 90, 47
18, 100, 49
18, 110, 49
18, 120, 47
18, 130, 44
19, 140, 44
19, 150, 46
19, 160, 46
23, 170, 46
23, 180, 40
28, 180, 40
29, 190, 46
31, 200, 46
31, 210, 56
31, 220, 52
33, 230, 50
35, 230, 50
36, 240, 59
36, 250, 58
37, 260, 55
38, 270, 57
38, 280, 53
39, 280, 53
39, 290, 55
40, 300, 52
41, 310, 56
41, 320, 60
41, 330, 54
43, 330, 54
43, 340, 61
44, 350, 58
47, 360, 56
47, 370, 62
47, 380, 64
48, 380, 64
48, 390, 61
48, 400, 60
48, 410, 61
48, 420, 63
48, 430, 59
48, 430, 59
48, 440, 63
49, 450, 61
49, 460, 61
49, 470, 59
49, 480, 60
49, 480, 60
49, 490, 58
49, 500, 61
49, 510, 58
49, 520, 58
50, 530, 59
51, 530, 59
51, 540, 61
51, 550, 60
51, 560, 63
51, 570, 60
51, 580, 60
51, 580, 60
51, 590, 58
52, 600, 58
52, 610, 59
52, 620, 58
52, 630, 58
52, 630, 58
52, 640, 59
52, 650, 59
52, 660, 59
52, 670, 58
52, 680, 59
52, 690, 58
52, 700, 57
52, 710, 59
52, 720, 58
54, 730, 57
55, 740, 62
56, 740, 62
56, 750, 63
57, 760, 63
57, 770, 65
57, 780, 64
57, 790, 64
57, 790, 64
57, 800, 64
57, 810, 64
57, 820, 66
58, 830, 64
58, 840, 66
58, 840, 66
58, 850, 64
58, 860, 66
58, 870, 65
58, 880, 65
59, 890, 63
59, 890, 63
59, 900, 65
59, 910, 65
59, 920, 65
59, 930, 65
59, 940, 64
59, 940, 64
59, 950, 64
59, 960, 64
59, 970, 66
59, 980, 65
59, 990, 64
59, 990, 64
59, 1000, 65
59, 1010, 64
59, 1020, 65
59, 1030, 64
59, 1040, 66
59, 1040, 66
59, 1050, 64
59, 1060, 64
59, 1070, 65
59, 1080, 63
59, 1090, 64
59, 1090, 64
60, 1100, 63
60, 1110, 65
60, 1120, 64
60, 1130, 65
60, 1140, 65
60, 1140, 65
60, 1150, 64
60, 1160, 64
60, 1170, 64
60, 1180, 65
60, 1190, 64
60, 1190, 64
60, 1200, 64
60, 1210, 65
60, 1220, 64
60, 1230, 64
60, 1240, 64
60, 1240, 64
60, 1250, 64
60, 1260, 64
{'count': 1864, 'truepos': 56, 'falseneg': 3, 'correction': 12, 'unknownyes': 3, 'falsepos': 4, 'unique': 1260}
12: Wahono.csv: knee: 0, 0
3, 10
6, 20
8, 30
8, 40
11, 50
11, 60
11, 70
11, 80
{'count': 119, 'truepos': 17, 'falseneg': 3, 'correction': 6, 'unknownyes': 42, 'falsepos': 0, 'unique': 80}
12: Danijel.csv: none: 0, 0
3, 10
4, 20, 126
4, 30, 105
4, 40, 72
4, 50, 57
4, 60, 49
4, 70, 45
4, 80, 43
5, 90, 41
5, 100, 39
5, 110, 38
5, 120, 38
7, 130, 38
8, 140, 41
9, 150, 40
11, 160, 41
14, 170, 41
15, 180, 48
17, 190, 47
17, 200, 51
17, 210, 46
17, 220, 45
17, 230, 44
19, 240, 44
19, 250, 50
20, 260, 47
20, 270, 37
20, 280, 35
20, 290, 33
20, 300, 33
20, 310, 34
20, 320, 34
22, 330, 30
23, 340, 35
23, 350, 34
23, 360, 33
23, 370, 32
23, 380, 33
23, 390, 32
23, 400, 35
24, 410, 33
24, 420, 37
24, 430, 36
24, 440, 34
24, 450, 35
24, 460, 33
25, 470, 32
27, 480, 33
27, 490, 37
27, 500, 37
27, 510, 36
27, 520, 35
27, 530, 36
27, 540, 35
28, 550, 33
29, 560, 34
29, 570, 36
29, 580, 35
29, 590, 34
29, 600, 37
29, 610, 35
29, 620, 34
29, 630, 35
30, 640, 35
30, 650, 37
31, 660, 36
31, 670, 36
32, 680, 36
33, 690, 37
33, 700, 39
33, 710, 39
33, 720, 39
33, 730, 37
33, 740, 38
33, 750, 38
33, 760, 38
33, 770, 37
33, 780, 37
33, 790, 38
33, 800, 37
33, 810, 37
33, 820, 38
33, 830, 37
33, 840, 37
33, 850, 37
33, 860, 37
33, 870, 37
33, 880, 36
33, 890, 36
33, 900, 36
33, 910, 37
33, 920, 37
33, 930, 36
33, 940, 36
33, 950, 36
33, 960, 36
33, 970, 36
33, 980, 36
33, 990, 36
33, 1000, 36
33, 1010, 36
33, 1020, 36
33, 1030, 35
33, 1040, 36
33, 1050, 36
33, 1060, 35
33, 1070, 35
33, 1080, 36
33, 1090, 35
33, 1100, 36
33, 1110, 35
33, 1120, 36
33, 1130, 36
33, 1140, 35
33, 1150, 35
33, 1160, 36
33, 1170, 37
33, 1180, 36
33, 1190, 35
34, 1200, 35
34, 1210, 36
34, 1220, 36
34, 1230, 37
34, 1240, 36
34, 1250, 36
34, 1260, 36
34, 1270, 37
34, 1280, 36
34, 1290, 36
34, 1300, 36
34, 1310, 36
35, 1320, 36
35, 1330, 37
35, 1340, 37
35, 1350, 37
{'count': 1350, 'truepos': 29, 'falseneg': 17, 'correction': 0, 'unknownyes': 2, 'falsepos': 6, 'unique': 1350}
12: Danijel.csv: three: 0, 0
4, 10
4, 20, 115
5, 30, 98
7, 40, 77
9, 50, 67
11, 60, 59
14, 70, 56
15, 80, 58
16, 90, 53
17, 100, 51
19, 110, 47
19, 120, 49
19, 130, 44
20, 140, 40
20, 150, 35
20, 160, 35
20, 170, 34
20, 180, 33
21, 190, 30
22, 200, 34
22, 210, 36
23, 220, 35
24, 230, 34
25, 240, 33
25, 250, 36
26, 260, 36
26, 270, 37
26, 280, 35
26, 290, 36
26, 300, 35
27, 310, 35
27, 320, 35
27, 330, 35
28, 340, 36
29, 350, 35
29, 360, 38
29, 370, 39
29, 380, 36
29, 390, 37
29, 400, 38
29, 410, 38
29, 420, 35
29, 430, 38
29, 440, 37
29, 450, 35
29, 460, 37
29, 470, 34
30, 480, 34
31, 490, 36
31, 500, 38
31, 510, 38
32, 520, 35
33, 530, 37
33, 540, 38
33, 550, 39
33, 560, 40
34, 570, 38
34, 580, 38
34, 590, 39
34, 600, 39
34, 610, 38
34, 620, 38
34, 630, 38
34, 640, 38
34, 650, 38
34, 660, 38
34, 670, 38
34, 680, 38
34, 690, 39
34, 700, 38
34, 710, 37
34, 720, 38
34, 730, 37
34, 740, 37
34, 750, 37
35, 760, 37
35, 770, 38
35, 780, 38
35, 790, 38
35, 800, 37
35, 810, 38
35, 820, 38
35, 830, 38
35, 840, 38
35, 850, 38
36, 860, 37
36, 870, 39
36, 880, 39
36, 890, 39
36, 900, 39
36, 910, 39
36, 920, 39
36, 930, 38
36, 940, 39
36, 950, 39
37, 960, 39
37, 970, 40
37, 980, 39
37, 990, 40
37, 1000, 39
37, 1010, 40
37, 1020, 40
37, 1030, 39
37, 1040, 39
37, 1050, 39
37, 1060, 39
37, 1070, 39
37, 1080, 39
37, 1090, 39
37, 1100, 39
37, 1110, 39
37, 1120, 39
37, 1130, 39
37, 1140, 39
37, 1150, 39
37, 1160, 39
37, 1170, 39
37, 1180, 39
37, 1190, 39
37, 1200, 39
37, 1210, 39
37, 1220, 39
37, 1230, 39
37, 1240, 39
37, 1250, 39
{'count': 2519, 'truepos': 37, 'falseneg': 9, 'correction': 17, 'unknownyes': 2, 'falsepos': 0, 'unique': 1250}
12: Danijel.csv: machine: 0, 0
2, 10
2, 20, 104
2, 30, 68
3, 40, 53
4, 50, 50
6, 60, 49
5, 60, 49
6, 70, 52
8, 80, 48
10, 90, 50
10, 100, 48
11, 110, 43
11, 110, 43
11, 120, 44
11, 130, 43
12, 140, 42
13, 150, 43
16, 160, 43
17, 170, 46
17, 180, 46
17, 190, 44
18, 200, 43
18, 210, 44
18, 220, 43
18, 230, 43
19, 240, 43
19, 250, 42
20, 260, 43
21, 270, 31
22, 280, 33
28, 280, 33
28, 290, 40
29, 300, 37
29, 310, 40
30, 320, 39
30, 330, 40
30, 330, 40
30, 340, 38
30, 350, 39
31, 360, 38
31, 370, 39
31, 380, 40
31, 380, 40
31, 390, 38
31, 400, 38
32, 410, 38
33, 420, 39
33, 430, 40
34, 430, 40
35, 440, 41
35, 450, 42
35, 460, 43
37, 470, 41
37, 480, 44
38, 480, 44
38, 490, 44
38, 500, 45
39, 510, 45
39, 520, 47
39, 530, 45
41, 530, 45
41, 540, 47
41, 550, 46
41, 560, 46
42, 570, 46
42, 580, 49
42, 580, 49
42, 590, 48
42, 600, 48
42, 610, 48
42, 620, 46
42, 630, 47
42, 630, 47
42, 640, 47
42, 650, 46
42, 660, 46
42, 670, 46
42, 680, 46
42, 680, 46
42, 690, 46
42, 700, 46
42, 710, 46
42, 720, 45
42, 730, 46
42, 730, 46
42, 740, 46
43, 750, 46
43, 760, 48
43, 770, 46
43, 780, 48
43, 780, 48
43, 790, 47
43, 800, 47
43, 810, 46
44, 820, 47
44, 830, 48
44, 830, 48
44, 840, 48
44, 850, 49
44, 860, 48
44, 870, 48
44, 880, 48
44, 880, 48
44, 890, 47
44, 900, 48
44, 910, 47
{'count': 1447, 'truepos': 37, 'falseneg': 10, 'correction': 8, 'unknownyes': 1, 'falsepos': 7, 'unique': 910}
12: Danijel.csv: knee: 0, 0
2, 10
2, 20
2, 30
3, 40
3, 50
4, 60
5, 70
6, 80
9, 90
10, 100
11, 110
12, 120
13, 130
13, 140
13, 150
14, 160
15, 170
18, 180
20, 190
20, 200
22, 210
22, 220
23, 230
24, 240
24, 250
25, 260
25, 270
25, 280
25, 290
25, 300
25, 310
25, 320
25, 330
26, 340
27, 350
27, 360
28, 370
28, 380
28, 390
28, 400
28, 410
29, 420
29, 430
29, 440
29, 450
29, 460
29, 470
29, 480
29, 490
29, 500
29, 510
29, 520
29, 530
30, 540
30, 550
30, 560
30, 570
30, 580
30, 590
30, 600
30, 610
30, 620
30, 630
30, 640
{'count': 880, 'truepos': 35, 'falseneg': 9, 'correction': 8, 'unknownyes': 4, 'falsepos': 0, 'unique': 640}
12: K_all3.csv: none: 0, 0
0, 10
4, 20
5, 30, 74
5, 40, 66
5, 50, 57
7, 60, 47
8, 70, 47
8, 80, 46
8, 90, 42
8, 100, 40
8, 110, 39
11, 120, 39
11, 130, 42
11, 140, 38
12, 150, 38
13, 160, 37
15, 170, 38
17, 180, 40
17, 190, 39
17, 200, 38
18, 210, 38
20, 220, 39
20, 230, 30
20, 240, 28
21, 250, 29
22, 260, 29
23, 270, 32
25, 280, 31
25, 290, 33
25, 300, 34
25, 310, 33
25, 320, 31
25, 330, 31
26, 340, 31
27, 350, 33
27, 360, 34
27, 370, 33
28, 380, 32
28, 390, 32
28, 400, 32
28, 410, 32
28, 420, 33
29, 430, 31
30, 440, 33
30, 450, 34
31, 460, 33
31, 470, 35
31, 480, 35
31, 490, 35
31, 500, 34
31, 510, 34
31, 520, 34
31, 530, 34
31, 540, 34
31, 550, 33
31, 560, 33
32, 570, 33
32, 580, 35
32, 590, 35
32, 600, 34
32, 610, 34
32, 620, 34
32, 630, 34
33, 640, 34
33, 650, 35
34, 660, 35
34, 670, 36
34, 680, 36
35, 690, 36
35, 700, 37
{'count': 700, 'truepos': 30, 'falseneg': 13, 'correction': 0, 'unknownyes': 2, 'falsepos': 5, 'unique': 700}
12: K_all3.csv: three: 0, 0
0, 10
4, 20
4, 30, 74
6, 40, 64
8, 50, 60
10, 60, 55
10, 70, 54
10, 80, 48
11, 90, 44
12, 100, 45
12, 110, 43
12, 120, 41
13, 130, 40
14, 140, 41
15, 150, 41
16, 160, 42
17, 170, 41
18, 180, 42
18, 190, 41
18, 200, 40
18, 210, 40
18, 220, 40
18, 230, 40
18, 240, 40
18, 250, 39
18, 260, 39
18, 270, 39
20, 280, 39
21, 290, 30
21, 300, 29
22, 310, 30
22, 320, 29
22, 330, 30
23, 340, 30
23, 350, 28
23, 360, 30
24, 370, 28
24, 380, 29
25, 390, 28
26, 400, 30
26, 410, 32
26, 420, 29
26, 430, 29
28, 440, 29
28, 450, 34
28, 460, 31
29, 470, 30
29, 480, 31
29, 490, 31
29, 500, 31
29, 510, 31
29, 520, 31
29, 530, 31
30, 540, 31
30, 550, 32
30, 560, 32
30, 570, 32
{'count': 1166, 'truepos': 30, 'falseneg': 12, 'correction': 23, 'unknownyes': 3, 'falsepos': 0, 'unique': 570}
12: K_all3.csv: machine: 0, 0
1, 10
3, 20, 92
3, 30, 54
5, 40, 39
7, 50, 44
9, 60, 43
11, 70, 40
11, 80, 42
11, 90, 39
13, 100, 37
16, 110, 39
16, 120, 42
16, 130, 39
17, 140, 38
17, 150, 38
17, 160, 37
17, 170, 37
18, 180, 37
18, 190, 37
18, 200, 37
18, 210, 37
18, 220, 37
18, 230, 37
21, 240, 37
25, 240, 37
25, 250, 32
26, 260, 33
27, 270, 33
27, 280, 33
28, 290, 33
30, 290, 33
30, 300, 36
30, 310, 38
30, 320, 39
31, 330, 35
31, 340, 39
31, 340, 39
31, 350, 37
31, 360, 36
33, 370, 36
35, 380, 37
37, 390, 39
38, 390, 39
38, 400, 41
38, 410, 41
{'count': 610, 'truepos': 33, 'falseneg': 5, 'correction': 5, 'unknownyes': 7, 'falsepos': 5, 'unique': 410}
12: K_all3.csv: knee: 0, 0
1, 10
3, 20
5, 30
5, 40
5, 50
6, 60
8, 70
9, 80
9, 90
10, 100
11, 110
12, 120
13, 130
14, 140
15, 150
16, 160
18, 170
18, 180
20, 190
22, 200
23, 210
24, 220
24, 230
25, 240
25, 250
25, 260
25, 270
25, 280
25, 290
26, 300
26, 310
26, 320
27, 330
27, 340
27, 350
27, 360
27, 370
27, 380
27, 390
27, 400
28, 410
28, 420
28, 430
28, 440
28, 450
28, 460
29, 470
30, 480
30, 490
30, 500
30, 510
30, 520
30, 530
30, 540
30, 550
30, 560
30, 570
30, 580
30, 590
30, 600
{'count': 820, 'truepos': 35, 'falseneg': 6, 'correction': 11, 'unknownyes': 4, 'falsepos': 3, 'unique': 600}

------------------------------------------------------------
Sender: LSF System <lsfadmin@n2b3-6>
Subject: Job 629681: </share/tjmenzie/zyu9/miniconda2/bin/python2.7 runner.py error_hpcc 12> in cluster <henry2> Done

Job </share/tjmenzie/zyu9/miniconda2/bin/python2.7 runner.py error_hpcc 12> was submitted from host <login01.hpc.ncsu.edu> by user <zyu9> in cluster <henry2> at Wed Jan 31 09:58:21 2018.
Job was executed on host(s) <2*n2b3-6>, in queue <single_chassis>, as user <zyu9> in cluster <henry2> at Wed Jan 31 09:58:27 2018.
</home/zyu9> was used as the home directory.
</home/zyu9/projects/MAR_HPC/Error/src> was used as the working directory.
Started at Wed Jan 31 09:58:27 2018.
Terminated at Wed Jan 31 11:02:20 2018.
Results reported at Wed Jan 31 11:02:20 2018.

Your job looked like:

------------------------------------------------------------
# LSBATCH: User input
/share/tjmenzie/zyu9/miniconda2/bin/python2.7 runner.py error_hpcc 12
------------------------------------------------------------

Successfully completed.

Resource usage summary:

    CPU time :                                   5044.22 sec.
    Max Memory :                                 287.33 MB
    Average Memory :                             222.03 MB
    Total Requested Memory :                     -
    Delta Memory :                               -
    Max Swap :                                   1312 MB
    Max Processes :                              3
    Max Threads :                                8
    Run time :                                   3836 sec.
    Turnaround time :                            3839 sec.

The output (if any) is above this job summary.



PS:

Read file <./err/12.err.629681> for stderr output of this job.

