12: Hall.csv: none: 0, 0
8, 10
10, 20, 123
12, 30, 123
16, 40, 121
22, 50, 129
29, 60, 90
34, 70, 99
40, 80, 97
44, 90, 105
46, 100, 109
52, 110, 96
56, 120, 113
61, 130, 95
66, 140, 100
69, 150, 103
73, 160, 100
78, 170, 99
82, 180, 105
86, 190, 112
86, 200, 118
87, 210, 109
90, 220, 111
91, 230, 111
93, 240, 107
93, 250, 108
96, 260, 107
96, 270, 111
97, 280, 110
98, 290, 110
98, 300, 111
98, 310, 107
99, 320, 107
99, 330, 109
99, 340, 108
99, 350, 108
99, 360, 109
100, 370, 107
101, 380, 107
101, 390, 111
101, 400, 108
101, 410, 108
101, 420, 108
101, 430, 107
101, 440, 107
101, 450, 108
101, 460, 107
102, 470, 107
102, 480, 109
{'count': 480, 'truepos': 102, 'falseneg': 0, 'correction': 0, 'unknownyes': 2, 'falsepos': 0, 'unique': 480}
12: Hall.csv: three: 0, 0
8, 10
12, 20, 123
13, 30, 147
15, 40, 141
16, 50, 141
18, 60, 134
22, 70, 114
27, 80, 88
34, 90, 98
37, 100, 98
44, 110, 94
47, 120, 106
53, 130, 104
55, 140, 113
60, 150, 102
61, 160, 105
65, 170, 96
66, 180, 96
70, 190, 87
74, 200, 101
77, 210, 92
81, 220, 91
83, 230, 100
85, 240, 104
90, 250, 98
94, 260, 104
95, 270, 109
95, 280, 113
96, 290, 109
99, 300, 106
99, 310, 109
101, 320, 109
101, 330, 112
101, 340, 110
101, 350, 111
101, 360, 112
101, 370, 110
101, 380, 112
101, 390, 108
101, 400, 109
101, 410, 107
101, 420, 112
102, 430, 110
102, 440, 110
102, 450, 111
102, 460, 109
102, 470, 109
102, 480, 108
102, 490, 108
{'count': 980, 'truepos': 102, 'falseneg': 0, 'correction': 0, 'unknownyes': 2, 'falsepos': 0, 'unique': 490}
12: Hall.csv: machine: 0, 0
8, 10
9, 20, 118
15, 30, 115
17, 40, 137
19, 50, 134
21, 60, 136
21, 60, 136
27, 70, 77
34, 80, 87
38, 90, 90
43, 100, 86
47, 110, 89
47, 110, 89
52, 120, 84
57, 130, 90
58, 140, 97
63, 150, 88
68, 160, 101
68, 160, 101
70, 170, 103
74, 180, 91
76, 190, 91
83, 200, 95
83, 210, 111
83, 210, 111
86, 220, 100
89, 230, 105
94, 240, 104
94, 250, 118
95, 260, 110
95, 260, 110
96, 270, 118
97, 280, 112
99, 290, 111
100, 300, 112
100, 310, 113
100, 310, 113
100, 320, 112
100, 330, 110
101, 340, 111
101, 350, 110
101, 360, 116
101, 360, 116
101, 370, 110
101, 380, 109
101, 390, 109
101, 400, 112
101, 410, 111
101, 410, 111
101, 420, 109
102, 430, 108
102, 440, 111
102, 450, 110
102, 460, 111
102, 460, 111
102, 470, 110
102, 480, 108
102, 490, 108
{'count': 657, 'truepos': 102, 'falseneg': 0, 'correction': 0, 'unknownyes': 2, 'falsepos': 0, 'unique': 490}
12: Hall.csv: knee: 0, 0
8, 10
8, 20
{'count': 22, 'truepos': 8, 'falseneg': 0, 'correction': 0, 'unknownyes': 96, 'falsepos': 0, 'unique': 20}
12: Wahono.csv: none: 0, 0
6, 10
8, 20, 100
10, 30, 113
12, 40, 112
14, 50, 107
15, 60, 108
19, 70, 95
20, 80, 102
21, 90, 64
25, 100, 60
27, 110, 60
29, 120, 59
31, 130, 60
33, 140, 60
35, 150, 60
37, 160, 63
39, 170, 63
39, 180, 71
40, 190, 65
40, 200, 67
41, 210, 65
41, 220, 65
41, 230, 61
41, 240, 60
41, 250, 60
42, 260, 59
43, 270, 62
44, 280, 60
46, 290, 60
46, 300, 68
47, 310, 66
48, 320, 63
51, 330, 65
52, 340, 70
52, 350, 64
52, 360, 71
52, 370, 66
52, 380, 68
52, 390, 66
52, 400, 65
53, 410, 64
53, 420, 65
53, 430, 65
53, 440, 66
54, 450, 64
55, 460, 65
55, 470, 66
56, 480, 69
56, 490, 69
56, 500, 68
56, 510, 67
56, 520, 65
58, 530, 66
58, 540, 69
58, 550, 70
58, 560, 69
58, 570, 68
58, 580, 68
58, 590, 69
58, 600, 69
58, 610, 68
58, 620, 68
58, 630, 66
58, 640, 66
58, 650, 67
58, 660, 66
58, 670, 67
58, 680, 67
58, 690, 66
58, 700, 66
58, 710, 67
58, 720, 67
58, 730, 65
58, 740, 66
58, 750, 65
58, 760, 66
58, 770, 65
58, 780, 65
58, 790, 64
58, 800, 65
59, 810, 65
59, 820, 65
59, 830, 66
59, 840, 66
59, 850, 66
59, 860, 65
59, 870, 64
59, 880, 65
59, 890, 64
59, 900, 64
59, 910, 65
59, 920, 64
59, 930, 65
59, 940, 64
59, 950, 63
59, 960, 64
59, 970, 64
59, 980, 63
59, 990, 64
59, 1000, 64
59, 1010, 64
59, 1020, 63
59, 1030, 64
59, 1040, 63
59, 1050, 64
59, 1060, 64
59, 1070, 63
59, 1080, 63
59, 1090, 63
59, 1100, 63
59, 1110, 63
59, 1120, 63
{'count': 1120, 'truepos': 59, 'falseneg': 0, 'correction': 0, 'unknownyes': 3, 'falsepos': 0, 'unique': 1120}
12: Wahono.csv: three: 0, 0
6, 10
6, 20, 102
7, 30, 91
10, 40, 86
13, 50, 85
15, 60, 79
15, 70, 74
19, 80, 53
21, 90, 52
24, 100, 42
28, 110, 55
29, 120, 62
30, 130, 56
31, 140, 62
32, 150, 60
32, 160, 65
34, 170, 60
37, 180, 56
39, 190, 64
40, 200, 61
41, 210, 65
42, 220, 63
43, 230, 58
43, 240, 60
44, 250, 61
44, 260, 66
44, 270, 57
44, 280, 61
46, 290, 56
46, 300, 64
47, 310, 59
47, 320, 64
47, 330, 64
47, 340, 64
47, 350, 66
48, 360, 60
48, 370, 63
49, 380, 61
49, 390, 62
50, 400, 61
50, 410, 60
51, 420, 60
51, 430, 64
51, 440, 62
51, 450, 63
51, 460, 62
51, 470, 61
51, 480, 61
51, 490, 59
51, 500, 61
51, 510, 60
51, 520, 58
51, 530, 60
52, 540, 58
53, 550, 59
53, 560, 61
53, 570, 61
53, 580, 61
55, 590, 60
57, 600, 62
57, 610, 65
58, 620, 65
58, 630, 66
58, 640, 67
58, 650, 66
58, 660, 65
58, 670, 66
58, 680, 65
58, 690, 67
58, 700, 66
58, 710, 66
58, 720, 65
58, 730, 65
58, 740, 65
58, 750, 65
58, 760, 66
58, 770, 64
58, 780, 65
58, 790, 64
58, 800, 64
58, 810, 64
58, 820, 65
58, 830, 64
58, 840, 64
58, 850, 64
58, 860, 66
58, 870, 63
58, 880, 64
59, 890, 64
59, 900, 65
59, 910, 64
59, 920, 64
59, 930, 64
59, 940, 65
59, 950, 64
59, 960, 64
59, 970, 65
59, 980, 64
59, 990, 64
59, 1000, 64
59, 1010, 64
59, 1020, 63
59, 1030, 63
59, 1040, 64
59, 1050, 63
59, 1060, 64
59, 1070, 63
59, 1080, 63
59, 1090, 63
59, 1100, 63
{'count': 2200, 'truepos': 59, 'falseneg': 0, 'correction': 0, 'unknownyes': 3, 'falsepos': 0, 'unique': 1100}
12: Wahono.csv: machine: 0, 0
6, 10
6, 20, 100
9, 30, 94
10, 40, 97
12, 50, 90
14, 60, 64
16, 70, 59
19, 80, 57
20, 90, 52
23, 100, 39
24, 110, 44
27, 120, 44
27, 120, 44
29, 130, 55
31, 140, 64
31, 150, 66
34, 160, 58
35, 170, 62
35, 170, 62
35, 180, 61
35, 190, 58
36, 200, 59
37, 210, 61
39, 220, 58
39, 220, 58
42, 230, 56
43, 240, 61
44, 250, 60
45, 260, 64
46, 270, 65
46, 270, 65
46, 280, 70
46, 290, 62
46, 300, 62
47, 310, 62
47, 320, 61
47, 320, 61
47, 330, 62
47, 340, 63
48, 350, 62
48, 360, 62
49, 370, 59
49, 370, 59
49, 380, 62
49, 390, 61
50, 400, 62
50, 410, 63
50, 420, 62
50, 420, 62
50, 430, 61
50, 440, 60
50, 450, 59
50, 460, 60
50, 470, 61
50, 470, 61
50, 480, 60
50, 490, 59
50, 500, 60
50, 510, 58
51, 520, 57
51, 520, 57
51, 530, 60
51, 540, 58
51, 550, 58
51, 560, 59
51, 570, 59
51, 570, 59
51, 580, 59
51, 590, 59
52, 600, 59
54, 610, 59
56, 620, 62
56, 620, 62
57, 630, 64
58, 640, 66
58, 650, 67
58, 660, 66
58, 670, 66
58, 670, 66
58, 680, 67
58, 690, 67
58, 700, 66
58, 710, 65
58, 720, 65
58, 720, 65
58, 730, 65
58, 740, 65
58, 750, 66
58, 760, 67
58, 770, 64
58, 770, 64
58, 780, 65
58, 790, 65
58, 800, 64
58, 810, 64
58, 820, 65
58, 820, 65
58, 830, 66
58, 840, 64
58, 850, 66
59, 860, 64
59, 870, 65
59, 870, 65
59, 880, 64
59, 890, 65
59, 900, 65
59, 910, 64
59, 920, 64
59, 920, 64
59, 930, 65
59, 940, 65
59, 950, 65
59, 960, 63
59, 970, 64
59, 970, 64
59, 980, 63
59, 990, 64
59, 1000, 63
59, 1010, 63
59, 1020, 64
59, 1020, 64
59, 1030, 64
59, 1040, 63
59, 1050, 63
59, 1060, 63
59, 1070, 63
59, 1070, 63
59, 1080, 63
59, 1090, 63
59, 1100, 63
59, 1110, 63
{'count': 1660, 'truepos': 59, 'falseneg': 0, 'correction': 0, 'unknownyes': 3, 'falsepos': 0, 'unique': 1110}
12: Wahono.csv: knee: 0, 0
6, 10
7, 20
7, 30
{'count': 35, 'truepos': 7, 'falseneg': 0, 'correction': 0, 'unknownyes': 55, 'falsepos': 0, 'unique': 30}
12: Danijel.csv: none: 0, 0
4, 10
4, 20, 116
6, 30, 99
8, 40, 84
8, 50, 76
11, 60, 59
14, 70, 65
15, 80, 67
20, 90, 59
23, 100, 48
24, 110, 48
26, 120, 43
26, 130, 45
27, 140, 44
27, 150, 44
30, 160, 42
31, 170, 46
33, 180, 49
36, 190, 50
36, 200, 51
36, 210, 50
36, 220, 48
36, 230, 49
37, 240, 48
38, 250, 48
39, 260, 49
39, 270, 53
39, 280, 50
40, 290, 49
40, 300, 51
41, 310, 48
41, 320, 51
41, 330, 54
41, 340, 50
41, 350, 49
41, 360, 50
41, 370, 47
41, 380, 49
41, 390, 47
43, 400, 46
43, 410, 49
43, 420, 50
43, 430, 49
43, 440, 51
43, 450, 50
44, 460, 48
44, 470, 51
44, 480, 51
44, 490, 50
44, 500, 50
44, 510, 50
44, 520, 50
44, 530, 49
44, 540, 49
44, 550, 49
44, 560, 49
44, 570, 50
44, 580, 48
44, 590, 48
44, 600, 49
44, 610, 48
44, 620, 49
44, 630, 47
44, 640, 49
44, 650, 48
44, 660, 48
45, 670, 47
45, 680, 49
45, 690, 48
45, 700, 48
{'count': 700, 'truepos': 45, 'falseneg': 0, 'correction': 0, 'unknownyes': 3, 'falsepos': 0, 'unique': 700}
12: Danijel.csv: three: 0, 0
4, 10
6, 20, 110
9, 30, 101
14, 40, 97
15, 50, 101
16, 60, 97
19, 70, 97
20, 80, 98
23, 90, 56
27, 100, 57
28, 110, 55
28, 120, 51
29, 130, 51
29, 140, 49
31, 150, 47
32, 160, 53
32, 170, 49
32, 180, 49
33, 190, 46
33, 200, 47
33, 210, 45
35, 220, 43
38, 230, 46
39, 240, 50
40, 250, 50
40, 260, 51
41, 270, 51
41, 280, 53
41, 290, 51
41, 300, 50
41, 310, 52
41, 320, 49
41, 330, 50
42, 340, 48
42, 350, 51
42, 360, 50
42, 370, 48
42, 380, 48
42, 390, 48
43, 400, 47
43, 410, 51
43, 420, 50
43, 430, 51
43, 440, 50
43, 450, 48
43, 460, 49
43, 470, 49
44, 480, 51
44, 490, 50
44, 500, 50
44, 510, 50
44, 520, 49
44, 530, 49
44, 540, 50
44, 550, 49
44, 560, 49
44, 570, 48
44, 580, 48
44, 590, 48
44, 600, 49
44, 610, 49
44, 620, 48
44, 630, 48
44, 640, 47
45, 650, 47
45, 660, 49
45, 670, 49
45, 680, 49
45, 690, 49
45, 700, 48
45, 710, 48
45, 720, 48
45, 730, 48
45, 740, 48
45, 750, 48
45, 760, 48
45, 770, 48
{'count': 1540, 'truepos': 45, 'falseneg': 0, 'correction': 0, 'unknownyes': 3, 'falsepos': 0, 'unique': 770}
12: Danijel.csv: machine: 0, 0
4, 10
5, 20, 118
6, 30, 102
8, 40, 95
9, 50, 101
13, 60, 75
13, 60, 75
16, 70, 77
17, 80, 78
21, 90, 65
25, 100, 47
26, 110, 49
26, 110, 49
30, 120, 47
31, 130, 52
32, 140, 54
33, 150, 51
33, 160, 49
33, 160, 49
33, 170, 51
33, 180, 47
34, 190, 47
34, 200, 47
35, 210, 45
35, 210, 45
36, 220, 48
36, 230, 48
36, 240, 48
36, 250, 47
36, 260, 47
36, 260, 47
37, 270, 46
37, 280, 47
38, 290, 46
39, 300, 48
39, 310, 50
39, 310, 50
39, 320, 47
40, 330, 48
42, 340, 47
42, 350, 48
42, 360, 49
42, 360, 49
42, 370, 50
42, 380, 50
43, 390, 49
43, 400, 51
43, 410, 50
43, 410, 50
43, 420, 51
43, 430, 48
43, 440, 49
43, 450, 51
43, 460, 49
43, 460, 49
43, 470, 48
43, 480, 48
43, 490, 49
44, 500, 48
44, 510, 50
44, 510, 50
44, 520, 49
44, 530, 51
44, 540, 49
44, 550, 49
44, 560, 48
44, 560, 48
44, 570, 48
44, 580, 48
44, 590, 48
44, 600, 48
44, 610, 49
44, 610, 49
44, 620, 48
44, 630, 48
44, 640, 48
44, 650, 48
44, 660, 48
44, 660, 48
44, 670, 49
44, 680, 48
45, 690, 47
45, 700, 48
45, 710, 49
45, 710, 49
45, 720, 48
45, 730, 48
45, 740, 48
46, 750, 48
46, 760, 49
46, 760, 49
{'count': 1237, 'truepos': 46, 'falseneg': 0, 'correction': 0, 'unknownyes': 2, 'falsepos': 0, 'unique': 760}
12: Danijel.csv: knee: 0, 0
4, 10
5, 20
8, 30
10, 40
10, 50
11, 60
12, 70
14, 80
18, 90
22, 100
23, 110
25, 120
26, 130
28, 140
28, 150
30, 160
31, 170
32, 180
33, 190
34, 200
34, 210
34, 220
34, 230
37, 240
38, 250
39, 260
39, 270
39, 280
39, 290
41, 300
41, 310
41, 320
41, 330
41, 340
41, 350
42, 360
42, 370
43, 380
43, 390
43, 400
43, 410
43, 420
43, 430
43, 440
43, 450
43, 460
43, 470
43, 480
43, 490
43, 500
43, 510
43, 520
{'count': 745, 'truepos': 43, 'falseneg': 0, 'correction': 0, 'unknownyes': 5, 'falsepos': 0, 'unique': 520}
12: K_all3.csv: none: 0, 0
2, 10
5, 20, 71
6, 30, 62
11, 40, 54
14, 50, 65
15, 60, 66
17, 70, 57
17, 80, 55
21, 90, 48
21, 100, 39
23, 110, 33
23, 120, 37
23, 130, 32
24, 140, 31
25, 150, 34
27, 160, 35
28, 170, 35
29, 180, 35
29, 190, 38
29, 200, 35
30, 210, 36
30, 220, 39
30, 230, 36
30, 240, 36
31, 250, 35
31, 260, 36
31, 270, 37
31, 280, 35
31, 290, 35
32, 300, 35
32, 310, 35
34, 320, 34
34, 330, 37
34, 340, 37
34, 350, 38
34, 360, 37
35, 370, 37
36, 380, 38
37, 390, 39
38, 400, 40
39, 410, 41
{'count': 410, 'truepos': 39, 'falseneg': 0, 'correction': 0, 'unknownyes': 6, 'falsepos': 0, 'unique': 410}
12: K_all3.csv: three: 0, 0
2, 10
5, 20, 71
6, 30, 62
11, 40, 55
14, 50, 62
15, 60, 63
17, 70, 58
17, 80, 54
21, 90, 48
21, 100, 39
22, 110, 38
22, 120, 33
23, 130, 33
24, 140, 35
25, 150, 33
25, 160, 34
26, 170, 34
29, 180, 33
29, 190, 39
29, 200, 37
29, 210, 34
29, 220, 35
29, 230, 34
30, 240, 33
30, 250, 35
30, 260, 35
30, 270, 34
33, 280, 35
33, 290, 37
34, 300, 37
34, 310, 38
35, 320, 37
35, 330, 39
36, 340, 38
36, 350, 40
36, 360, 39
37, 370, 39
38, 380, 40
39, 390, 41
{'count': 780, 'truepos': 39, 'falseneg': 0, 'correction': 0, 'unknownyes': 6, 'falsepos': 0, 'unique': 390}
12: K_all3.csv: machine: 0, 0
2, 10
5, 20, 71
6, 30, 62
11, 40, 54
12, 50, 62
14, 60, 59
17, 70, 52
19, 80, 53
22, 90, 50
22, 100, 35
22, 110, 34
22, 120, 32
22, 120, 32
24, 130, 32
24, 140, 33
27, 150, 34
28, 160, 38
29, 170, 37
29, 170, 37
29, 180, 36
29, 190, 39
30, 200, 36
30, 210, 37
30, 220, 36
30, 220, 36
30, 230, 35
30, 240, 36
31, 250, 35
33, 260, 35
33, 270, 38
33, 270, 38
33, 280, 37
34, 290, 37
35, 300, 38
36, 310, 38
36, 320, 40
36, 320, 40
36, 330, 39
37, 340, 39
38, 350, 40
38, 360, 41
{'count': 577, 'truepos': 38, 'falseneg': 0, 'correction': 0, 'unknownyes': 7, 'falsepos': 0, 'unique': 360}
12: K_all3.csv: knee: 0, 0
2, 10
5, 20
6, 30
11, 40
13, 50
15, 60
17, 70
17, 80
20, 90
20, 100
21, 110
22, 120
23, 130
24, 140
25, 150
26, 160
26, 170
27, 180
27, 190
28, 200
29, 210
29, 220
30, 230
30, 240
30, 250
30, 260
30, 270
30, 280
31, 290
31, 300
33, 310
34, 320
35, 330
35, 340
36, 350
36, 360
36, 370
36, 380
37, 390
38, 400
38, 410
38, 420
38, 430
39, 440
40, 450
40, 460
41, 470
41, 480
41, 490
41, 500
41, 510
42, 520
42, 530
42, 540
42, 550
42, 560
42, 570
42, 580
42, 590
42, 600
42, 610
42, 620
42, 630
42, 640
42, 650
42, 660
42, 670
42, 680
42, 690
42, 700
42, 710
43, 720
43, 730
43, 740
43, 750
43, 760
43, 770
43, 780
43, 790
43, 800
43, 810
43, 820
43, 830
43, 840
43, 850
43, 860
{'count': 1181, 'truepos': 43, 'falseneg': 0, 'correction': 0, 'unknownyes': 2, 'falsepos': 0, 'unique': 860}

------------------------------------------------------------
Sender: LSF System <lsfadmin@n2e4-2>
Subject: Job 629148: </share/tjmenzie/zyu9/miniconda2/bin/python2.7 runner.py error_hpcc 12> in cluster <henry2> Done

Job </share/tjmenzie/zyu9/miniconda2/bin/python2.7 runner.py error_hpcc 12> was submitted from host <login01.hpc.ncsu.edu> by user <zyu9> in cluster <henry2> at Tue Jan 30 18:08:16 2018.
Job was executed on host(s) <2*n2e4-2>, in queue <single_chassis>, as user <zyu9> in cluster <henry2> at Tue Jan 30 18:08:18 2018.
</home/zyu9> was used as the home directory.
</home/zyu9/projects/MAR_HPC/Error/src> was used as the working directory.
Started at Tue Jan 30 18:08:18 2018.
Terminated at Tue Jan 30 18:58:10 2018.
Results reported at Tue Jan 30 18:58:10 2018.

Your job looked like:

------------------------------------------------------------
# LSBATCH: User input
/share/tjmenzie/zyu9/miniconda2/bin/python2.7 runner.py error_hpcc 12
------------------------------------------------------------

Successfully completed.

Resource usage summary:

    CPU time :                                   3968.89 sec.
    Max Memory :                                 280.18 MB
    Average Memory :                             223.03 MB
    Total Requested Memory :                     -
    Delta Memory :                               -
    Max Swap :                                   1306 MB
    Max Processes :                              3
    Max Threads :                                8
    Run time :                                   3002 sec.
    Turnaround time :                            2994 sec.

The output (if any) is above this job summary.



PS:

Read file <./err/12.err.629148> for stderr output of this job.

