13: Hall.csv: none: 0, 0
5, 10
8, 20, 107
9, 30, 104
11, 40, 102
13, 50, 105
15, 60, 102
18, 70, 91
20, 80, 99
23, 90, 98
26, 100, 89
29, 110, 91
29, 120, 83
30, 130, 72
35, 140, 65
39, 150, 66
41, 160, 66
42, 170, 71
44, 180, 69
45, 190, 70
46, 200, 73
46, 210, 70
47, 220, 69
49, 230, 66
51, 240, 69
52, 250, 73
52, 260, 76
52, 270, 74
54, 280, 72
56, 290, 73
57, 300, 74
61, 310, 73
62, 320, 76
63, 330, 79
63, 340, 78
67, 350, 76
67, 360, 81
69, 370, 81
71, 380, 85
71, 390, 88
73, 400, 84
73, 410, 87
73, 420, 88
73, 430, 83
73, 440, 86
73, 450, 83
73, 460, 87
73, 470, 85
74, 480, 83
75, 490, 88
75, 500, 90
75, 510, 90
75, 520, 90
75, 530, 87
75, 540, 86
75, 550, 86
75, 560, 84
75, 570, 85
75, 580, 84
75, 590, 89
75, 600, 87
75, 610, 85
75, 620, 87
75, 630, 84
75, 640, 84
75, 650, 85
75, 660, 85
75, 670, 83
75, 680, 83
75, 690, 85
75, 700, 84
75, 710, 83
75, 720, 83
75, 730, 84
75, 740, 84
75, 750, 83
75, 760, 84
75, 770, 83
75, 780, 82
75, 790, 82
75, 800, 82
75, 810, 81
75, 820, 82
76, 830, 81
76, 840, 83
76, 850, 83
76, 860, 83
76, 870, 83
76, 880, 83
76, 890, 82
76, 900, 81
76, 910, 82
76, 920, 83
76, 930, 82
77, 940, 82
77, 950, 84
77, 960, 82
77, 970, 83
77, 980, 83
77, 990, 83
77, 1000, 82
77, 1010, 82
{'count': 1010, 'truepos': 69, 'falseneg': 33, 'correction': 0, 'unknownyes': 2, 'falsepos': 8, 'unique': 1010}
13: Hall.csv: three: 0, 0
7, 10
9, 20, 118
11, 30, 112
11, 40, 113
14, 50, 103
19, 60, 93
20, 70, 97
23, 80, 86
25, 90, 90
27, 100, 81
30, 110, 75
35, 120, 72
38, 130, 76
40, 140, 76
42, 150, 76
48, 160, 72
52, 170, 86
56, 180, 97
58, 190, 108
59, 200, 93
61, 210, 97
64, 220, 98
69, 230, 83
69, 240, 85
70, 250, 90
71, 260, 89
72, 270, 92
74, 280, 84
76, 290, 87
77, 300, 92
78, 310, 88
79, 320, 90
79, 330, 90
79, 340, 93
80, 350, 89
81, 360, 89
81, 370, 90
81, 380, 91
81, 390, 92
81, 400, 90
81, 410, 91
82, 420, 92
82, 430, 89
82, 440, 90
82, 450, 88
82, 460, 90
82, 470, 89
82, 480, 88
83, 490, 89
83, 500, 90
83, 510, 93
83, 520, 91
83, 530, 90
83, 540, 90
83, 550, 91
83, 560, 90
83, 570, 88
83, 580, 90
83, 590, 88
83, 600, 88
83, 610, 88
83, 620, 88
{'count': 1282, 'truepos': 83, 'falseneg': 19, 'correction': 36, 'unknownyes': 2, 'falsepos': 0, 'unique': 620}
13: Hall.csv: machine: 0, 0
5, 10
6, 20, 98
9, 30, 99
10, 40, 99
11, 50, 96
12, 60, 81
[]
['no' 'no' 'no' 'no' 'no' 'yes' 'no']
12, 60, 72
13, 70, 72
16, 80, 61
18, 90, 59
21, 100, 53
24, 110, 50
[]
['yes' 'no' 'no' 'no' 'no' 'no' 'no' 'no' 'yes' 'no' 'yes' 'yes' 'yes'
 'no' 'yes' 'no' 'no' 'no']
27, 110, 55
31, 120, 55
34, 130, 55
36, 140, 59
38, 150, 55
41, 160, 61
['yes']
['yes' 'yes' 'no' 'yes' 'no' 'no' 'yes' 'no' 'no' 'no' 'no' 'no' 'no' 'no'
 'no' 'no' 'yes' 'no' 'yes' 'no' 'no' 'no' 'no' 'no' 'yes' 'no' 'no' 'no'
 'no' 'yes' 'no' 'no' 'no' 'no' 'no' 'no' 'no' 'no' 'no' 'no' 'no' 'no'
 'yes' 'no' 'no' 'no' 'no' 'no' 'no' 'no']
49, 160, 62
50, 170, 74
52, 180, 69
55, 190, 75
55, 200, 77
55, 210, 72
['yes']
['no' 'no' 'no' 'no' 'no' 'no' 'yes' 'no' 'no' 'no' 'no' 'no' 'no' 'yes'
 'no' 'no' 'no' 'no' 'no' 'no' 'no' 'no' 'no' 'no' 'no' 'no' 'no' 'no'
 'no' 'no' 'no' 'no' 'no' 'no' 'no' 'no' 'no' 'no' 'no' 'no' 'no' 'no'
 'no']
56, 210, 70
58, 220, 71
61, 230, 74
66, 240, 76
70, 250, 78
71, 260, 82
['yes']
['yes' 'yes' 'no' 'no' 'no' 'yes' 'no' 'no' 'no' 'no' 'yes' 'no' 'no' 'no'
 'no' 'no' 'no' 'yes' 'yes' 'no' 'no' 'no' 'no' 'no' 'no']
76, 260, 83
79, 270, 93
80, 280, 90
82, 290, 92
83, 300, 93
83, 310, 94
['yes']
['no' 'no' 'no' 'no' 'no' 'no' 'no' 'no' 'yes' 'no' 'no' 'no' 'no' 'no']
82, 310, 95
82, 320, 93
82, 330, 91
83, 340, 91
84, 350, 92
85, 360, 92
['yes']
['no' 'no' 'no' 'no' 'no' 'no' 'no' 'no' 'no']
85, 360, 94
85, 370, 94
85, 380, 92
85, 390, 95
85, 400, 90
85, 410, 92
['yes']
['no' 'no' 'yes' 'yes' 'no']
85, 410, 90
85, 420, 90
87, 430, 90
87, 440, 92
87, 450, 92
87, 460, 92
['yes']
['yes' 'yes' 'no' 'no' 'no' 'yes']
90, 460, 93
90, 470, 98
90, 480, 96
90, 490, 97
90, 500, 95
{'count': 684, 'truepos': 86, 'falseneg': 15, 'correction': 21, 'unknownyes': 3, 'falsepos': 4, 'unique': 500}
13: Hall.csv: knee: 0, 0
8, 10
11, 20
15, 30
15, 40
17, 50
19, 60
20, 70
20, 80
23, 90
27, 100
30, 110
35, 120
39, 130
44, 140
49, 150
54, 160
57, 170
58, 180
61, 190
62, 200
63, 210
65, 220
65, 230
67, 240
70, 250
70, 260
72, 270
73, 280
73, 290
73, 300
73, 310
73, 320
74, 330
75, 340
75, 350
75, 360
76, 370
76, 380
76, 390
76, 400
76, 410
76, 420
76, 430
76, 440
77, 450
77, 460
77, 470
77, 480
77, 490
77, 500
77, 510
{'count': 655, 'truepos': 78, 'falseneg': 24, 'correction': 8, 'unknownyes': 2, 'falsepos': 0, 'unique': 510}
13: Wahono.csv: none: 0, 0
3, 10
4, 20, 90
5, 30, 94
5, 40, 83
6, 50, 58
6, 60, 48
7, 70, 44
7, 80, 47
7, 90, 46
7, 100, 46
8, 110, 46
8, 120, 50
9, 130, 48
10, 140, 48
10, 150, 47
11, 160, 48
12, 170, 49
12, 180, 49
14, 190, 48
14, 200, 51
15, 210, 49
17, 220, 48
18, 230, 48
19, 240, 50
19, 250, 48
19, 260, 46
19, 270, 46
19, 280, 45
19, 290, 45
19, 300, 45
19, 310, 45
19, 320, 46
19, 330, 46
20, 340, 46
22, 350, 46
22, 360, 48
22, 370, 47
24, 380, 47
25, 390, 51
26, 400, 50
27, 410, 48
28, 420, 49
28, 430, 48
29, 440, 48
29, 450, 49
29, 460, 48
29, 470, 48
29, 480, 48
30, 490, 48
30, 500, 45
30, 510, 41
31, 520, 42
31, 530, 44
31, 540, 41
32, 550, 41
32, 560, 42
33, 570, 44
33, 580, 47
33, 590, 46
33, 600, 45
33, 610, 46
33, 620, 43
33, 630, 44
33, 640, 43
33, 650, 44
33, 660, 42
33, 670, 42
33, 680, 43
34, 690, 42
34, 700, 43
34, 710, 43
34, 720, 42
34, 730, 43
34, 740, 42
34, 750, 42
34, 760, 42
34, 770, 42
34, 780, 42
34, 790, 43
34, 800, 41
34, 810, 42
34, 820, 42
34, 830, 41
34, 840, 40
34, 850, 41
34, 860, 41
34, 870, 41
34, 880, 41
34, 890, 41
34, 900, 40
34, 910, 40
35, 920, 40
36, 930, 42
36, 940, 43
36, 950, 43
36, 960, 41
36, 970, 42
36, 980, 41
36, 990, 41
36, 1000, 41
36, 1010, 43
36, 1020, 42
36, 1030, 42
36, 1040, 41
36, 1050, 41
36, 1060, 41
36, 1070, 42
36, 1080, 42
36, 1090, 41
36, 1100, 41
36, 1110, 40
36, 1120, 40
37, 1130, 41
37, 1140, 42
37, 1150, 42
37, 1160, 42
37, 1170, 41
37, 1180, 41
37, 1190, 43
37, 1200, 41
37, 1210, 41
37, 1220, 42
37, 1230, 41
37, 1240, 41
37, 1250, 41
37, 1260, 41
38, 1270, 41
38, 1280, 43
38, 1290, 42
38, 1300, 42
38, 1310, 42
38, 1320, 42
38, 1330, 42
38, 1340, 43
38, 1350, 42
38, 1360, 42
38, 1370, 42
39, 1380, 42
39, 1390, 43
39, 1400, 43
39, 1410, 43
39, 1420, 42
40, 1430, 43
40, 1440, 45
40, 1450, 44
40, 1460, 43
40, 1470, 44
40, 1480, 44
40, 1490, 43
40, 1500, 44
40, 1510, 44
40, 1520, 43
40, 1530, 43
40, 1540, 43
40, 1550, 44
40, 1560, 43
40, 1570, 43
40, 1580, 44
40, 1590, 43
40, 1600, 43
40, 1610, 43
40, 1620, 43
40, 1630, 43
{'count': 1630, 'truepos': 34, 'falseneg': 24, 'correction': 0, 'unknownyes': 4, 'falsepos': 6, 'unique': 1630}
13: Wahono.csv: three: 0, 0
5, 10
5, 20, 94
7, 30, 88
9, 40, 89
9, 50, 85
10, 60, 52
11, 70, 45
12, 80, 42
14, 90, 42
16, 100, 44
17, 110, 46
17, 120, 47
19, 130, 45
19, 140, 48
19, 150, 43
19, 160, 42
19, 170, 42
19, 180, 42
20, 190, 42
20, 200, 43
21, 210, 43
22, 220, 44
23, 230, 45
23, 240, 45
23, 250, 45
24, 260, 45
26, 270, 45
26, 280, 47
26, 290, 47
26, 300, 47
27, 310, 47
29, 320, 47
30, 330, 49
31, 340, 45
31, 350, 49
31, 360, 49
33, 370, 46
33, 380, 46
33, 390, 47
33, 400, 46
33, 410, 49
33, 420, 49
33, 430, 46
33, 440, 46
33, 450, 44
35, 460, 45
36, 470, 43
36, 480, 51
37, 490, 45
37, 500, 48
37, 510, 47
37, 520, 48
37, 530, 47
37, 540, 47
37, 550, 45
37, 560, 46
38, 570, 44
38, 580, 48
38, 590, 45
38, 600, 47
38, 610, 46
38, 620, 47
39, 630, 46
39, 640, 49
39, 650, 48
39, 660, 46
39, 670, 48
40, 680, 46
41, 690, 47
41, 700, 48
42, 710, 50
42, 720, 49
42, 730, 51
42, 740, 50
42, 750, 49
42, 760, 50
42, 770, 49
42, 780, 49
42, 790, 49
42, 800, 49
42, 810, 49
42, 820, 48
42, 830, 48
42, 840, 48
42, 850, 48
42, 860, 47
42, 870, 48
42, 880, 47
42, 890, 49
42, 900, 49
42, 910, 47
42, 920, 48
42, 930, 47
43, 940, 47
43, 950, 49
43, 960, 49
43, 970, 48
43, 980, 49
43, 990, 48
43, 1000, 48
43, 1010, 48
43, 1020, 49
43, 1030, 47
43, 1040, 48
43, 1050, 47
43, 1060, 48
43, 1070, 47
43, 1080, 47
43, 1090, 47
43, 1100, 47
43, 1110, 48
43, 1120, 47
43, 1130, 48
43, 1140, 47
43, 1150, 47
43, 1160, 47
43, 1170, 47
43, 1180, 47
43, 1190, 47
43, 1200, 47
43, 1210, 47
43, 1220, 46
43, 1230, 46
43, 1240, 47
43, 1250, 47
43, 1260, 46
43, 1270, 46
43, 1280, 46
43, 1290, 47
43, 1300, 46
43, 1310, 46
43, 1320, 46
44, 1330, 46
44, 1340, 47
44, 1350, 48
44, 1360, 47
44, 1370, 47
44, 1380, 47
44, 1390, 47
44, 1400, 47
45, 1410, 47
45, 1420, 48
45, 1430, 48
45, 1440, 48
45, 1450, 48
45, 1460, 48
{'count': 2953, 'truepos': 45, 'falseneg': 16, 'correction': 29, 'unknownyes': 1, 'falsepos': 0, 'unique': 1460}
13: Wahono.csv: machine: 0, 0
3, 10
4, 20, 100
7, 30, 95
9, 40, 86
11, 50, 82
13, 60, 73
[]
['yes' 'no' 'no' 'yes' 'no' 'no' 'no' 'no' 'no' 'no']
13, 60, 53
14, 70, 53
14, 80, 49
16, 90, 44
19, 100, 47
20, 110, 58
[]
['no' 'no' 'no' 'no' 'no' 'yes' 'no' 'no' 'no' 'no' 'no' 'no']
20, 110, 54
20, 120, 54
20, 130, 48
20, 140, 45
21, 150, 43
22, 160, 44
['yes']
['no' 'yes' 'no' 'no']
23, 160, 43
23, 170, 44
23, 180, 43
23, 190, 42
23, 200, 42
23, 210, 41
[]
['no' 'no' 'no']
23, 210, 41
25, 220, 41
29, 230, 44
32, 240, 49
33, 250, 50
34, 260, 53
['yes']
['no' 'no' 'no' 'no' 'no' 'no' 'no' 'yes' 'no' 'no' 'no' 'no' 'no' 'no'
 'no' 'no' 'yes' 'no' 'no' 'no' 'no' 'yes' 'no' 'no' 'no' 'no' 'no' 'no'
 'no' 'no' 'no' 'no' 'no' 'no' 'no' 'no' 'no' 'no' 'no' 'no' 'no' 'yes'
 'no' 'no' 'no' 'no' 'no' 'no' 'no' 'no']
38, 260, 53
38, 270, 60
39, 280, 57
39, 290, 60
39, 300, 55
39, 310, 52
['yes']
['no' 'no' 'no' 'no' 'no' 'no' 'no' 'no' 'no' 'no' 'no' 'no' 'no' 'no'
 'no' 'no' 'no' 'no' 'no' 'no' 'no' 'no' 'no' 'no' 'no' 'no']
39, 310, 60
39, 320, 56
39, 330, 54
40, 340, 53
40, 350, 59
42, 360, 56
['yes']
['no' 'no' 'no' 'no' 'no' 'no' 'no' 'no' 'no' 'no' 'no' 'no' 'no' 'no'
 'no' 'no' 'no' 'no' 'no' 'no' 'no' 'no' 'no' 'no']
41, 360, 56
41, 370, 58
43, 380, 52
43, 390, 55
43, 400, 60
43, 410, 55
['yes']
['yes' 'no' 'no' 'no' 'no' 'no' 'no']
44, 410, 54
44, 420, 56
44, 430, 57
44, 440, 57
44, 450, 53
44, 460, 57
['yes']
['no' 'no' 'no' 'no']
43, 460, 55
43, 470, 55
43, 480, 51
43, 490, 53
44, 500, 51
44, 510, 52
['yes']
['no' 'no' 'no']
44, 510, 55
44, 520, 52
45, 530, 52
45, 540, 55
45, 550, 55
45, 560, 52
['yes']
['no' 'no' 'no']
46, 560, 51
46, 570, 57
46, 580, 54
46, 590, 56
46, 600, 55
46, 610, 53
['yes']
['no' 'no' 'no' 'no' 'no' 'no' 'no' 'no']
46, 610, 56
46, 620, 55
46, 630, 53
46, 640, 53
46, 650, 53
46, 660, 55
['yes']
['no']
47, 660, 52
47, 670, 54
47, 680, 53
47, 690, 53
47, 700, 57
47, 710, 54
['yes']
['no']
46, 710, 54
46, 720, 53
46, 730, 52
46, 740, 52
46, 750, 51
46, 760, 51
['yes']
['yes']
47, 760, 51
49, 770, 52
49, 780, 55
49, 790, 54
49, 800, 55
49, 810, 54
['yes']
['no' 'no' 'no' 'no' 'no' 'no' 'no' 'no' 'no' 'no' 'no']
49, 810, 54
50, 820, 54
50, 830, 55
50, 840, 55
50, 850, 55
50, 860, 55
['yes']
['no' 'no' 'no' 'no']
50, 860, 55
50, 870, 55
50, 880, 55
50, 890, 55
50, 900, 55
50, 910, 54
['yes']
['no' 'no' 'no' 'no']
49, 910, 54
49, 920, 53
49, 930, 54
49, 940, 53
49, 950, 54
49, 960, 53
['yes']
[]
49, 960, 54
49, 970, 54
49, 980, 52
49, 990, 53
49, 1000, 53
50, 1010, 53
['yes']
[]
50, 1010, 53
50, 1020, 54
50, 1030, 54
50, 1040, 54
50, 1050, 53
51, 1060, 53
['no']
['no']
50, 1060, 55
50, 1070, 53
50, 1080, 53
50, 1090, 53
50, 1100, 53
50, 1110, 53
['yes']
['no']
49, 1110, 53
49, 1120, 52
49, 1130, 53
49, 1140, 52
49, 1150, 52
49, 1160, 52
['yes']
['no']
48, 1160, 52
{'count': 1359, 'truepos': 45, 'falseneg': 14, 'correction': 8, 'unknownyes': 3, 'falsepos': 3, 'unique': 1160}
13: Wahono.csv: knee: 0, 0
4, 10
4, 20
9, 30
11, 40
12, 50
13, 60
15, 70
15, 80
16, 90
17, 100
17, 110
17, 120
19, 130
19, 140
19, 150
19, 160
19, 170
19, 180
19, 190
20, 200
21, 210
21, 220
23, 230
24, 240
25, 250
25, 260
26, 270
28, 280
28, 290
28, 300
30, 310
30, 320
30, 330
30, 340
30, 350
31, 360
31, 370
31, 380
31, 390
31, 400
32, 410
32, 420
33, 430
34, 440
35, 450
35, 460
35, 470
35, 480
35, 490
35, 500
35, 510
35, 520
35, 530
35, 540
35, 550
35, 560
35, 570
35, 580
36, 590
36, 600
36, 610
36, 620
36, 630
37, 640
37, 650
37, 660
37, 670
37, 680
37, 690
37, 700
37, 710
37, 720
37, 730
37, 740
37, 750
37, 760
37, 770
37, 780
37, 790
37, 800
38, 810
38, 820
39, 830
39, 840
39, 850
39, 860
39, 870
39, 880
39, 890
39, 900
39, 910
39, 920
39, 930
{'count': 1219, 'truepos': 40, 'falseneg': 16, 'correction': 7, 'unknownyes': 6, 'falsepos': 1, 'unique': 930}
13: Danijel.csv: none: 0, 0
4, 10
4, 20, 123
5, 30, 94
5, 40, 66
6, 50, 53
6, 60, 50
8, 70, 42
8, 80, 40
9, 90, 38
9, 100, 38
10, 110, 36
11, 120, 36
12, 130, 37
14, 140, 39
16, 150, 43
17, 160, 43
17, 170, 42
18, 180, 41
18, 190, 41
18, 200, 41
18, 210, 41
18, 220, 41
19, 230, 41
19, 240, 42
19, 250, 41
20, 260, 42
20, 270, 43
20, 280, 42
20, 290, 43
20, 300, 43
21, 310, 43
23, 320, 42
23, 330, 44
23, 340, 44
23, 350, 44
23, 360, 44
23, 370, 44
23, 380, 44
23, 390, 44
23, 400, 44
23, 410, 44
23, 420, 44
23, 430, 44
24, 440, 44
24, 450, 45
25, 460, 45
25, 470, 46
25, 480, 46
25, 490, 46
25, 500, 46
25, 510, 46
25, 520, 46
25, 530, 46
25, 540, 46
25, 550, 46
25, 560, 46
25, 570, 46
26, 580, 46
26, 590, 49
26, 600, 49
26, 610, 49
26, 620, 49
26, 630, 49
26, 640, 49
26, 650, 49
26, 660, 49
26, 670, 49
26, 680, 49
26, 690, 49
27, 700, 49
27, 710, 49
27, 720, 49
27, 730, 49
27, 740, 49
27, 750, 49
27, 760, 49
27, 770, 49
27, 780, 50
27, 790, 50
27, 800, 50
27, 810, 50
27, 820, 50
27, 830, 50
27, 840, 50
27, 850, 50
27, 860, 50
27, 870, 50
27, 880, 50
27, 890, 50
27, 900, 50
27, 910, 50
27, 920, 50
27, 930, 50
27, 940, 50
27, 950, 50
27, 960, 50
27, 970, 50
27, 980, 50
27, 990, 50
27, 1000, 50
27, 1010, 50
27, 1020, 50
27, 1030, 50
27, 1040, 50
27, 1050, 50
27, 1060, 50
27, 1070, 50
27, 1080, 50
27, 1090, 50
28, 1100, 50
28, 1110, 51
28, 1120, 51
28, 1130, 51
28, 1140, 51
28, 1150, 51
28, 1160, 51
28, 1170, 51
28, 1180, 51
28, 1190, 50
28, 1200, 50
28, 1210, 50
28, 1220, 50
28, 1230, 50
28, 1240, 50
28, 1250, 50
28, 1260, 50
28, 1270, 50
28, 1280, 50
28, 1290, 50
28, 1300, 50
28, 1310, 50
28, 1320, 50
29, 1330, 50
29, 1340, 58
29, 1350, 53
29, 1360, 50
29, 1370, 50
29, 1380, 50
29, 1390, 50
29, 1400, 50
29, 1410, 50
29, 1420, 50
29, 1430, 50
29, 1440, 50
29, 1450, 50
29, 1460, 50
29, 1470, 50
29, 1480, 50
29, 1490, 50
29, 1500, 50
29, 1510, 50
29, 1520, 50
29, 1530, 50
29, 1540, 50
29, 1550, 50
29, 1560, 50
30, 1570, 50
30, 1580, 33
30, 1590, 32
30, 1600, 32
30, 1610, 32
30, 1620, 33
30, 1630, 32
30, 1640, 32
30, 1650, 32
30, 1660, 32
30, 1670, 32
30, 1680, 32
30, 1690, 32
30, 1700, 32
30, 1710, 32
30, 1720, 32
30, 1730, 32
30, 1740, 32
30, 1750, 32
{'count': 1750, 'truepos': 27, 'falseneg': 20, 'correction': 0, 'unknownyes': 1, 'falsepos': 3, 'unique': 1750}
13: Danijel.csv: three: 0, 0
2, 10
2, 20, 103
2, 30, 67
2, 40, 53
3, 50, 53
4, 60, 47
6, 70, 49
8, 80, 52
9, 90, 54
11, 100, 48
11, 110, 47
12, 120, 44
15, 130, 43
16, 140, 46
16, 150, 45
16, 160, 44
16, 170, 43
16, 180, 42
16, 190, 42
16, 200, 42
17, 210, 42
17, 220, 42
17, 230, 42
18, 240, 42
18, 250, 42
18, 260, 42
18, 270, 42
18, 280, 42
18, 290, 42
18, 300, 42
18, 310, 42
18, 320, 42
19, 330, 42
20, 340, 43
22, 350, 44
24, 360, 45
24, 370, 46
24, 380, 46
24, 390, 46
25, 400, 45
27, 410, 46
27, 420, 48
28, 430, 47
28, 440, 47
28, 450, 47
28, 460, 47
28, 470, 47
29, 480, 47
29, 490, 48
29, 500, 48
29, 510, 48
30, 520, 48
30, 530, 41
30, 540, 43
30, 550, 40
30, 560, 39
30, 570, 41
30, 580, 39
30, 590, 36
30, 600, 40
30, 610, 39
30, 620, 38
30, 630, 38
30, 640, 39
30, 650, 37
30, 660, 37
30, 670, 34
30, 680, 36
30, 690, 38
30, 700, 34
30, 710, 35
30, 720, 37
31, 730, 34
31, 740, 36
31, 750, 38
31, 760, 36
31, 770, 37
31, 780, 37
31, 790, 36
31, 800, 36
31, 810, 35
31, 820, 36
31, 830, 34
31, 840, 34
32, 850, 34
32, 860, 35
32, 870, 36
32, 880, 35
32, 890, 35
32, 900, 36
32, 910, 35
32, 920, 35
32, 930, 35
32, 940, 35
32, 950, 35
32, 960, 35
32, 970, 35
32, 980, 35
32, 990, 35
32, 1000, 34
32, 1010, 34
32, 1020, 35
32, 1030, 34
32, 1040, 35
32, 1050, 34
32, 1060, 35
32, 1070, 34
32, 1080, 34
32, 1090, 34
32, 1100, 34
32, 1110, 34
32, 1120, 34
32, 1130, 34
32, 1140, 34
32, 1150, 34
32, 1160, 34
32, 1170, 34
32, 1180, 34
32, 1190, 34
32, 1200, 34
32, 1210, 34
32, 1220, 34
32, 1230, 34
32, 1240, 34
32, 1250, 34
32, 1260, 34
{'count': 2539, 'truepos': 32, 'falseneg': 15, 'correction': 18, 'unknownyes': 1, 'falsepos': 0, 'unique': 1260}
13: Danijel.csv: machine: 0, 0
5, 10
6, 20, 125
7, 30, 111
7, 40, 95
9, 50, 70
11, 60, 57
[]
['no' 'no' 'no' 'no' 'no']
11, 60, 56
13, 70, 56
13, 80, 54
14, 90, 47
18, 100, 44
20, 110, 51
[]
['yes' 'no' 'no' 'no' 'no' 'no' 'no' 'no' 'no' 'no' 'no' 'no' 'no' 'no'
 'no' 'no']
20, 110, 50
21, 120, 50
21, 130, 50
24, 140, 45
24, 150, 49
25, 160, 46
[]
['no' 'no' 'no' 'no' 'no' 'no' 'no' 'no' 'no']
25, 160, 45
26, 170, 45
29, 180, 46
29, 190, 49
30, 200, 47
33, 210, 44
['yes']
['no' 'no' 'no' 'no' 'no' 'no' 'no' 'no' 'no' 'no' 'no' 'no' 'no' 'no'
 'no' 'no' 'no' 'no' 'no' 'no' 'no' 'no' 'no' 'no' 'no' 'no' 'no' 'no'
 'no' 'yes' 'no' 'no' 'no' 'no' 'no' 'no' 'no' 'no' 'no' 'no' 'no' 'no'
 'no' 'yes' 'yes']
36, 210, 51
36, 220, 57
38, 230, 53
38, 240, 54
39, 250, 53
40, 260, 58
['no']
['no' 'no' 'no' 'no' 'no' 'no' 'no' 'no' 'no' 'no' 'no' 'no' 'no' 'no'
 'no' 'no' 'no' 'no' 'no' 'no' 'no']
39, 260, 53
39, 270, 52
39, 280, 55
39, 290, 50
40, 300, 50
40, 310, 52
['yes']
['no' 'no' 'no' 'no' 'no' 'no' 'no' 'no' 'no' 'no' 'no' 'no' 'no' 'no'
 'no' 'no' 'no' 'no' 'no' 'no' 'no' 'no']
40, 310, 51
41, 320, 50
41, 330, 52
41, 340, 53
41, 350, 50
41, 360, 50
['yes']
['no' 'no' 'no' 'no' 'no' 'no' 'no' 'no' 'no']
41, 360, 51
41, 370, 52
41, 380, 51
42, 390, 50
42, 400, 52
42, 410, 50
['yes']
['no' 'no' 'no' 'no' 'no']
41, 410, 50
41, 420, 48
41, 430, 49
41, 440, 48
41, 450, 48
41, 460, 48
['yes']
['no' 'no' 'no' 'no']
40, 460, 48
40, 470, 46
40, 480, 47
40, 490, 46
40, 500, 47
40, 510, 46
['yes']
['no']
40, 510, 46
40, 520, 46
40, 530, 45
40, 540, 46
41, 550, 46
41, 560, 46
['yes']
['no' 'no' 'no' 'no' 'no']
41, 560, 48
41, 570, 46
41, 580, 46
41, 590, 47
41, 600, 45
41, 610, 46
['yes']
['no']
41, 610, 45
41, 620, 45
41, 630, 45
41, 640, 46
41, 650, 46
41, 660, 46
['yes']
[]
41, 660, 45
41, 670, 45
41, 680, 45
41, 690, 45
41, 700, 45
41, 710, 45
['yes']
['no']
41, 710, 44
41, 720, 46
41, 730, 45
41, 740, 44
41, 750, 45
41, 760, 44
['yes']
['no']
41, 760, 44
41, 770, 45
41, 780, 45
41, 790, 44
41, 800, 44
41, 810, 44
['yes']
['no']
41, 810, 44
41, 820, 44
41, 830, 44
41, 840, 44
41, 850, 44
41, 860, 44
['yes']
[]
40, 860, 44
40, 870, 43
40, 880, 43
40, 890, 43
40, 900, 43
40, 910, 43
['yes']
['yes' 'no']
41, 910, 43
{'count': 1073, 'truepos': 40, 'falseneg': 5, 'correction': 5, 'unknownyes': 3, 'falsepos': 1, 'unique': 910}
13: Danijel.csv: knee: 0, 0
4, 10
5, 20
6, 30
7, 40
8, 50
10, 60
15, 70
16, 80
16, 90
17, 100
17, 110
18, 120
18, 130
20, 140
21, 150
24, 160
25, 170
25, 180
27, 190
28, 200
30, 210
31, 220
32, 230
32, 240
33, 250
33, 260
34, 270
34, 280
34, 290
34, 300
34, 310
34, 320
34, 330
34, 340
34, 350
34, 360
{'count': 560, 'truepos': 38, 'falseneg': 2, 'correction': 5, 'unknownyes': 8, 'falsepos': 1, 'unique': 360}
13: K_all3.csv: none: 0, 0
2, 10
4, 20, 69
6, 30, 60
8, 40, 56
11, 50, 56
12, 60, 59
12, 70, 50
12, 80, 45
13, 90, 40
13, 100, 41
14, 110, 39
16, 120, 40
16, 130, 42
16, 140, 40
17, 150, 39
17, 160, 40
17, 170, 40
17, 180, 39
17, 190, 39
17, 200, 39
17, 210, 39
17, 220, 39
17, 230, 39
17, 240, 39
17, 250, 39
18, 260, 38
19, 270, 39
20, 280, 40
20, 290, 40
20, 300, 40
21, 310, 40
21, 320, 41
22, 330, 41
22, 340, 41
22, 350, 41
22, 360, 41
23, 370, 41
24, 380, 41
25, 390, 42
26, 400, 43
26, 410, 43
27, 420, 43
27, 430, 44
27, 440, 44
28, 450, 44
28, 460, 45
28, 470, 44
28, 480, 44
28, 490, 44
28, 500, 44
28, 510, 44
28, 520, 44
28, 530, 44
28, 540, 44
29, 550, 43
30, 560, 44
30, 570, 36
31, 580, 33
31, 590, 36
31, 600, 34
32, 610, 34
32, 620, 34
32, 630, 36
33, 640, 35
33, 650, 37
33, 660, 35
33, 670, 35
33, 680, 36
33, 690, 35
34, 700, 35
35, 710, 36
35, 720, 37
35, 730, 37
35, 740, 37
35, 750, 37
35, 760, 37
{'count': 760, 'truepos': 28, 'falseneg': 14, 'correction': 0, 'unknownyes': 3, 'falsepos': 7, 'unique': 760}
13: K_all3.csv: three: 0, 0
2, 10
4, 20, 70
7, 30, 64
9, 40, 57
12, 50, 54
12, 60, 58
12, 70, 43
14, 80, 39
14, 90, 40
14, 100, 37
14, 110, 36
17, 120, 36
19, 130, 40
20, 140, 39
20, 150, 39
20, 160, 37
20, 170, 36
20, 180, 36
21, 190, 36
21, 200, 37
21, 210, 37
21, 220, 37
21, 230, 37
21, 240, 37
21, 250, 37
22, 260, 37
23, 270, 37
23, 280, 37
23, 290, 37
24, 300, 37
24, 310, 37
24, 320, 37
24, 330, 37
25, 340, 37
25, 350, 38
25, 360, 38
25, 370, 38
25, 380, 38
25, 390, 38
26, 400, 38
26, 410, 39
26, 420, 39
26, 430, 39
26, 440, 39
26, 450, 39
26, 460, 39
26, 470, 39
26, 480, 39
26, 490, 38
26, 500, 38
27, 510, 38
27, 520, 39
27, 530, 39
27, 540, 39
27, 550, 39
27, 560, 39
27, 570, 39
27, 580, 39
27, 590, 39
27, 600, 38
27, 610, 38
27, 620, 38
27, 630, 38
28, 640, 38
28, 650, 39
28, 660, 39
28, 670, 39
29, 680, 39
29, 690, 40
29, 700, 40
29, 710, 40
29, 720, 40
29, 730, 39
29, 740, 39
29, 750, 39
29, 760, 39
29, 770, 39
29, 780, 39
29, 790, 39
29, 800, 39
29, 810, 39
29, 820, 39
29, 830, 38
29, 840, 38
29, 850, 38
29, 860, 38
29, 870, 38
29, 880, 38
29, 890, 38
29, 900, 38
29, 910, 38
29, 920, 38
29, 930, 37
29, 940, 37
29, 950, 37
29, 960, 37
29, 970, 37
29, 980, 37
29, 990, 37
30, 1000, 37
{'count': 2037, 'truepos': 30, 'falseneg': 14, 'correction': 33, 'unknownyes': 1, 'falsepos': 0, 'unique': 1000}
13: K_all3.csv: machine: 0, 0
2, 10
5, 20, 70
6, 30, 62
8, 40, 57
10, 50, 53
10, 60, 54
[]
['no' 'no' 'no' 'no' 'no' 'yes']
11, 60, 40
14, 70, 42
16, 80, 47
17, 90, 46
18, 100, 44
19, 110, 42
[]
['no' 'no' 'yes' 'no' 'no']
19, 110, 41
19, 120, 41
20, 130, 39
21, 140, 39
21, 150, 40
22, 160, 38
[]
['no' 'no' 'yes' 'no']
23, 160, 38
23, 170, 40
23, 180, 39
23, 190, 39
24, 200, 39
24, 210, 40
[]
['no' 'no' 'no' 'no' 'no']
24, 210, 39
24, 220, 39
24, 230, 39
24, 240, 39
24, 250, 39
24, 260, 39
[]
[]
25, 270, 39
26, 280, 39
28, 290, 40
28, 300, 42
28, 310, 42
28, 320, 42
[]
['no' 'no' 'no' 'no' 'yes' 'no']
29, 320, 42
29, 330, 43
30, 340, 43
31, 350, 37
31, 360, 39
31, 370, 35
['yes']
['no' 'no' 'no' 'no' 'no' 'no' 'no' 'no' 'no' 'no' 'no' 'no' 'no' 'no'
 'no' 'no' 'no' 'no' 'no' 'no' 'no' 'no' 'no' 'no' 'no' 'no' 'no' 'no'
 'no' 'no' 'no' 'no' 'no' 'yes' 'no' 'no' 'no' 'no' 'no' 'no' 'no' 'no'
 'no' 'no' 'no' 'no' 'no' 'no' 'no' 'no']
32, 370, 36
33, 380, 37
33, 390, 40
33, 400, 37
33, 410, 37
33, 420, 36
['yes']
['yes' 'no' 'no' 'no' 'no' 'no' 'no' 'no' 'no' 'no' 'no' 'no' 'no' 'no']
34, 420, 36
35, 430, 37
35, 440, 38
35, 450, 38
35, 460, 37
36, 470, 38
['no']
['no' 'no' 'no' 'no' 'no' 'no' 'no' 'no' 'no' 'no' 'no' 'no' 'no' 'no'
 'no' 'no' 'no' 'no' 'no' 'no']
35, 470, 38
35, 480, 37
{'count': 593, 'truepos': 34, 'falseneg': 7, 'correction': 6, 'unknownyes': 4, 'falsepos': 1, 'unique': 480}
13: K_all3.csv: knee: 0, 0
2, 10
4, 20
6, 30
9, 40
9, 50
10, 60
10, 70
11, 80
11, 90
12, 100
14, 110
15, 120
16, 130
16, 140
18, 150
18, 160
18, 170
18, 180
18, 190
18, 200
21, 210
21, 220
21, 230
21, 240
21, 250
21, 260
21, 270
22, 280
23, 290
23, 300
23, 310
24, 320
24, 330
25, 340
25, 350
25, 360
26, 370
26, 380
26, 390
26, 400
26, 410
26, 420
26, 430
27, 440
27, 450
27, 460
27, 470
27, 480
28, 490
28, 500
29, 510
29, 520
29, 530
29, 540
29, 550
29, 560
29, 570
30, 580
31, 590
31, 600
31, 610
31, 620
32, 630
33, 640
35, 650
35, 660
35, 670
35, 680
36, 690
37, 700
37, 710
38, 720
38, 730
38, 740
38, 750
38, 760
38, 770
39, 780
40, 790
40, 800
40, 810
40, 820
40, 830
41, 840
42, 850
42, 860
42, 870
42, 880
42, 890
42, 900
42, 910
42, 920
42, 930
42, 940
43, 950
43, 960
43, 970
43, 980
43, 990
43, 1000
43, 1010
43, 1020
43, 1030
43, 1040
43, 1050
43, 1060
45, 1070
45, 1080
45, 1090
45, 1100
45, 1110
45, 1120
45, 1130
45, 1140
45, 1150
46, 1160
46, 1170
46, 1180
46, 1190
46, 1200
46, 1210
46, 1220
46, 1230
46, 1240
46, 1250
46, 1260
46, 1270
47, 1280
47, 1290
47, 1300
47, 1310
47, 1320
47, 1330
47, 1340
47, 1350
47, 1360
47, 1370
47, 1380
47, 1390
47, 1400
47, 1410
47, 1420
47, 1430
47, 1440
47, 1450
47, 1460
47, 1470
47, 1480
47, 1490
47, 1500
47, 1510
47, 1520
47, 1530
47, 1540
47, 1550
47, 1560
47, 1570
47, 1580
{'count': 2393, 'truepos': 38, 'falseneg': 7, 'correction': 12, 'unknownyes': 0, 'falsepos': 17, 'unique': 1580}

------------------------------------------------------------
Sender: LSF System <lsfadmin@n2e5-1>
Subject: Job 639674: </share/tjmenzie/zyu9/miniconda2/bin/python2.7 runner.py error_hpcc 13> in cluster <henry2> Done

Job </share/tjmenzie/zyu9/miniconda2/bin/python2.7 runner.py error_hpcc 13> was submitted from host <login01.hpc.ncsu.edu> by user <zyu9> in cluster <henry2> at Thu Feb  1 12:17:33 2018.
Job was executed on host(s) <2*n2e5-1>, in queue <single_chassis>, as user <zyu9> in cluster <henry2> at Thu Feb  1 12:17:40 2018.
</home/zyu9> was used as the home directory.
</home/zyu9/projects/MAR_HPC/Error/src> was used as the working directory.
Started at Thu Feb  1 12:17:40 2018.
Terminated at Thu Feb  1 13:40:26 2018.
Results reported at Thu Feb  1 13:40:26 2018.

Your job looked like:

------------------------------------------------------------
# LSBATCH: User input
/share/tjmenzie/zyu9/miniconda2/bin/python2.7 runner.py error_hpcc 13
------------------------------------------------------------

Successfully completed.

Resource usage summary:

    CPU time :                                   6016.44 sec.
    Max Memory :                                 288.44 MB
    Average Memory :                             237.88 MB
    Total Requested Memory :                     -
    Delta Memory :                               -
    Max Swap :                                   1332 MB
    Max Processes :                              3
    Max Threads :                                8
    Run time :                                   4969 sec.
    Turnaround time :                            4973 sec.

The output (if any) is above this job summary.



PS: The stderr output (if any) follows:



PS:

Fail to open stderr file ./err/13.err.639674: No such file or directory.
The stderr output is included in this report.

