13: Hall.csv: none: 0, 0
8, 10
9, 20, 126
11, 30, 117
14, 40, 119
16, 50, 103
19, 60, 90
23, 70, 79
28, 80, 83
31, 90, 83
36, 100, 66
37, 110, 75
38, 120, 70
41, 130, 68
44, 140, 63
48, 150, 69
50, 160, 75
56, 170, 67
57, 180, 75
60, 190, 74
61, 200, 80
63, 210, 77
64, 220, 88
67, 230, 77
68, 240, 88
72, 250, 81
74, 260, 92
76, 270, 92
77, 280, 98
77, 290, 96
77, 300, 92
77, 310, 94
77, 320, 89
77, 330, 90
78, 340, 87
79, 350, 88
79, 360, 88
79, 370, 88
79, 380, 89
79, 390, 93
79, 400, 87
79, 410, 88
79, 420, 87
79, 430, 87
80, 440, 87
80, 450, 87
80, 460, 87
81, 470, 86
81, 480, 89
81, 490, 87
81, 500, 89
81, 510, 87
81, 520, 87
81, 530, 86
81, 540, 86
81, 550, 87
81, 560, 86
81, 570, 86
81, 580, 86
81, 590, 86
81, 600, 87
{'count': 600, 'truepos': 78, 'falseneg': 24, 'correction': 0, 'unknownyes': 2, 'falsepos': 3, 'unique': 600}
13: Hall.csv: three: 0, 0
6, 10
9, 20, 103
10, 30, 106
12, 40, 102
16, 50, 89
20, 60, 83
26, 70, 83
31, 80, 90
34, 90, 67
38, 100, 70
42, 110, 74
46, 120, 73
51, 130, 77
53, 140, 91
55, 150, 90
55, 160, 85
58, 170, 82
60, 180, 81
62, 190, 80
65, 200, 85
65, 210, 89
66, 220, 87
66, 230, 88
67, 240, 87
69, 250, 87
70, 260, 87
71, 270, 88
73, 280, 90
76, 290, 86
79, 300, 90
79, 310, 101
79, 320, 96
79, 330, 94
80, 340, 97
81, 350, 93
81, 360, 101
81, 370, 97
81, 380, 98
81, 390, 93
81, 400, 95
81, 410, 92
81, 420, 93
81, 430, 94
81, 440, 94
81, 450, 91
81, 460, 91
81, 470, 92
81, 480, 90
81, 490, 90
81, 500, 91
81, 510, 89
81, 520, 90
81, 530, 89
81, 540, 88
81, 550, 89
81, 560, 89
81, 570, 88
81, 580, 88
81, 590, 89
81, 600, 87
81, 610, 89
81, 620, 87
81, 630, 87
81, 640, 88
81, 650, 86
81, 660, 87
81, 670, 86
81, 680, 86
81, 690, 86
81, 700, 88
81, 710, 87
81, 720, 86
81, 730, 85
81, 740, 87
81, 750, 86
81, 760, 86
81, 770, 86
81, 780, 86
81, 790, 86
81, 800, 88
81, 810, 86
81, 820, 86
81, 830, 87
81, 840, 87
81, 850, 86
81, 860, 86
81, 870, 86
81, 880, 86
81, 890, 86
81, 900, 85
81, 910, 86
82, 920, 85
82, 930, 87
82, 940, 87
82, 950, 86
82, 960, 86
82, 970, 86
82, 980, 86
82, 990, 87
82, 1000, 86
82, 1010, 86
82, 1020, 86
82, 1030, 86
82, 1040, 86
82, 1050, 86
82, 1060, 86
82, 1070, 86
82, 1080, 86
82, 1090, 86
82, 1100, 86
82, 1110, 86
82, 1120, 86
82, 1130, 86
82, 1140, 85
82, 1150, 86
82, 1160, 85
82, 1170, 85
82, 1180, 86
82, 1190, 85
82, 1200, 85
82, 1210, 85
82, 1220, 86
82, 1230, 85
82, 1240, 86
82, 1250, 85
82, 1260, 85
82, 1270, 85
82, 1280, 85
82, 1290, 85
82, 1300, 85
82, 1310, 85
82, 1320, 85
82, 1330, 85
82, 1340, 84
82, 1350, 85
82, 1360, 85
82, 1370, 84
82, 1380, 85
82, 1390, 85
82, 1400, 84
82, 1410, 85
82, 1420, 84
82, 1430, 84
82, 1440, 85
82, 1450, 85
82, 1460, 85
82, 1470, 85
82, 1480, 85
82, 1490, 85
82, 1500, 85
82, 1510, 85
82, 1520, 84
82, 1530, 84
82, 1540, 84
82, 1550, 84
82, 1560, 84
82, 1570, 84
82, 1580, 84
82, 1590, 84
{'count': 3236, 'truepos': 82, 'falseneg': 21, 'correction': 51, 'unknownyes': 1, 'falsepos': 0, 'unique': 1590}
13: Hall.csv: machine: 0, 0
5, 10
6, 20, 106
8, 30, 104
12, 40, 118
13, 50, 110
17, 60, 93
['yes']
['yes' 'yes' 'yes' 'no' 'no' 'yes' 'no' 'yes' 'no' 'no' 'no' 'no' 'no'
 'yes' 'yes' 'no' 'no' 'no' 'no']
22, 60, 93
26, 70, 92
30, 80, 89
34, 90, 67
36, 100, 72
39, 110, 65
['yes']
['no' 'yes' 'no' 'no' 'yes' 'yes' 'no' 'no' 'no' 'no' 'no' 'no' 'no' 'no'
 'no' 'yes' 'no' 'no' 'no']
41, 110, 65
44, 120, 73
47, 130, 76
50, 140, 77
54, 150, 76
54, 160, 87
['yes']
['no' 'no' 'yes' 'yes' 'yes' 'no' 'no' 'no' 'no' 'no' 'no' 'yes' 'no' 'no'
 'no' 'no' 'no' 'no' 'no']
58, 160, 87
62, 170, 87
64, 180, 82
66, 190, 83
70, 200, 83
71, 210, 87
['yes']
['no' 'yes' 'no' 'yes' 'no' 'no' 'no' 'no' 'no' 'no' 'no' 'yes' 'no' 'no'
 'no' 'no' 'no' 'no' 'no']
74, 210, 87
76, 220, 91
77, 230, 91
79, 240, 90
80, 250, 99
82, 260, 95
['yes']
['no' 'yes' 'no' 'no' 'no' 'yes' 'no' 'no' 'no' 'no' 'no' 'no' 'no' 'no'
 'no' 'no' 'no' 'no' 'no']
83, 260, 95
83, 270, 95
84, 280, 97
84, 290, 99
84, 300, 97
85, 310, 94
['yes']
['yes' 'no' 'no' 'no' 'yes' 'no' 'no' 'no' 'no' 'no' 'no' 'no' 'no' 'no'
 'no' 'yes' 'yes' 'no' 'no']
88, 310, 94
90, 320, 102
90, 330, 104
90, 340, 102
90, 350, 104
91, 360, 101
['yes']
['yes' 'no' 'no' 'no' 'no' 'no' 'no' 'no' 'no' 'no' 'no' 'no' 'no' 'no'
 'no' 'no' 'no' 'no' 'no']
92, 360, 101
92, 370, 106
93, 380, 102
93, 390, 104
93, 400, 104
93, 410, 102
['no']
['no' 'no' 'no' 'no' 'no' 'no' 'no' 'yes' 'no' 'no' 'no' 'no' 'no' 'no'
 'no' 'no' 'no' 'no' 'no']
93, 410, 102
93, 420, 101
93, 430, 102
93, 440, 102
93, 450, 100
93, 460, 100
['yes']
['no' 'no' 'no' 'no' 'no' 'no' 'no' 'no' 'no' 'no' 'no' 'no' 'no' 'no'
 'no' 'no' 'no' 'no' 'no']
93, 460, 100
93, 470, 99
93, 480, 99
93, 490, 99
93, 500, 99
93, 510, 99
['yes']
['no' 'no' 'no' 'no' 'no' 'no' 'no' 'no' 'no' 'no' 'no' 'no' 'no' 'no'
 'no' 'no' 'no' 'no' 'no']
93, 510, 99
93, 520, 99
93, 530, 98
93, 540, 98
93, 550, 99
93, 560, 98
['yes']
['no' 'no' 'no' 'no' 'no' 'no' 'no' 'no' 'no' 'no' 'no' 'no' 'no' 'no'
 'no' 'no' 'no' 'no' 'no']
93, 560, 98
{'count': 784, 'truepos': 93, 'falseneg': 9, 'correction': 24, 'unknownyes': 2, 'falsepos': 0, 'unique': 560}
13: Hall.csv: knee: 0, 0
6, 10
6, 20
9, 30
13, 40
14, 50
17, 60
17, 70
19, 80
19, 90
22, 100
24, 110
27, 120
30, 130
35, 140
37, 150
39, 160
42, 170
44, 180
47, 190
53, 200
56, 210
56, 220
58, 230
59, 240
60, 250
60, 260
61, 270
63, 280
65, 290
66, 300
66, 310
66, 320
66, 330
66, 340
66, 350
66, 360
66, 370
66, 380
66, 390
66, 400
66, 410
66, 420
66, 430
66, 440
66, 450
66, 460
{'count': 627, 'truepos': 83, 'falseneg': 17, 'correction': 20, 'unknownyes': 4, 'falsepos': 0, 'unique': 460}
13: Wahono.csv: none: 0, 0
3, 10
5, 20, 94
6, 30, 90
7, 40, 81
9, 50, 55
9, 60, 56
9, 70, 46
12, 80, 42
13, 90, 43
14, 100, 41
14, 110, 44
14, 120, 41
14, 130, 41
15, 140, 41
15, 150, 42
16, 160, 42
16, 170, 44
16, 180, 44
17, 190, 44
19, 200, 46
19, 210, 50
20, 220, 48
20, 230, 49
21, 240, 48
23, 250, 51
23, 260, 51
24, 270, 50
25, 280, 51
25, 290, 50
25, 300, 49
26, 310, 49
26, 320, 51
27, 330, 50
28, 340, 50
30, 350, 50
30, 360, 50
31, 370, 50
32, 380, 52
33, 390, 53
33, 400, 58
34, 410, 52
36, 420, 48
36, 430, 57
36, 440, 55
36, 450, 53
37, 460, 53
37, 470, 55
37, 480, 56
38, 490, 54
38, 500, 53
39, 510, 53
39, 520, 51
39, 530, 56
39, 540, 52
39, 550, 55
39, 560, 53
39, 570, 53
39, 580, 51
39, 590, 53
39, 600, 49
39, 610, 49
39, 620, 50
39, 630, 49
39, 640, 53
39, 650, 52
39, 660, 48
39, 670, 51
40, 680, 48
40, 690, 48
40, 700, 50
40, 710, 48
40, 720, 49
40, 730, 48
40, 740, 49
40, 750, 48
40, 760, 49
40, 770, 47
40, 780, 46
40, 790, 48
40, 800, 49
40, 810, 48
40, 820, 49
41, 830, 48
41, 840, 48
41, 850, 47
41, 860, 49
41, 870, 47
41, 880, 47
42, 890, 47
42, 900, 48
43, 910, 48
43, 920, 49
43, 930, 49
43, 940, 49
43, 950, 49
43, 960, 49
43, 970, 49
43, 980, 49
43, 990, 49
44, 1000, 48
44, 1010, 49
44, 1020, 49
44, 1030, 49
44, 1040, 49
44, 1050, 49
44, 1060, 49
44, 1070, 49
44, 1080, 48
44, 1090, 49
44, 1100, 49
44, 1110, 48
44, 1120, 49
45, 1130, 48
45, 1140, 49
45, 1150, 50
45, 1160, 49
45, 1170, 49
45, 1180, 49
45, 1190, 49
45, 1200, 49
45, 1210, 50
45, 1220, 49
45, 1230, 49
45, 1240, 49
45, 1250, 49
45, 1260, 48
45, 1270, 49
45, 1280, 49
45, 1290, 49
45, 1300, 49
45, 1310, 48
45, 1320, 48
45, 1330, 49
45, 1340, 49
45, 1350, 49
45, 1360, 49
45, 1370, 48
45, 1380, 48
45, 1390, 48
45, 1400, 48
45, 1410, 48
45, 1420, 48
45, 1430, 49
45, 1440, 48
45, 1450, 48
45, 1460, 48
45, 1470, 48
45, 1480, 48
45, 1490, 48
45, 1500, 48
45, 1510, 48
{'count': 1510, 'truepos': 41, 'falseneg': 18, 'correction': 0, 'unknownyes': 3, 'falsepos': 4, 'unique': 1510}
13: Wahono.csv: three: 0, 0
6, 10
7, 20, 104
9, 30, 102
9, 40, 97
11, 50, 79
11, 60, 75
14, 70, 61
15, 80, 60
16, 90, 48
17, 100, 46
18, 110, 45
20, 120, 44
21, 130, 47
21, 140, 45
23, 150, 43
23, 160, 46
26, 170, 42
26, 180, 45
27, 190, 44
27, 200, 44
29, 210, 43
29, 220, 46
30, 230, 46
30, 240, 53
30, 250, 55
30, 260, 46
30, 270, 48
30, 280, 49
31, 290, 47
32, 300, 46
32, 310, 48
32, 320, 46
32, 330, 49
32, 340, 44
32, 350, 47
33, 360, 45
35, 370, 43
35, 380, 51
35, 390, 46
35, 400, 47
36, 410, 48
37, 420, 47
37, 430, 49
39, 440, 48
39, 450, 51
40, 460, 50
40, 470, 50
40, 480, 48
42, 490, 49
42, 500, 53
42, 510, 53
42, 520, 52
42, 530, 52
42, 540, 50
42, 550, 50
42, 560, 51
43, 570, 49
43, 580, 52
43, 590, 53
43, 600, 51
43, 610, 52
44, 620, 51
45, 630, 52
45, 640, 53
46, 650, 53
46, 660, 55
46, 670, 53
46, 680, 54
46, 690, 53
46, 700, 54
46, 710, 52
46, 720, 53
46, 730, 52
46, 740, 51
46, 750, 51
46, 760, 51
46, 770, 51
46, 780, 51
46, 790, 51
46, 800, 51
47, 810, 51
47, 820, 52
47, 830, 52
47, 840, 51
47, 850, 52
47, 860, 52
47, 870, 53
47, 880, 52
47, 890, 52
47, 900, 53
47, 910, 51
47, 920, 51
47, 930, 50
47, 940, 52
47, 950, 52
47, 960, 51
47, 970, 50
47, 980, 50
47, 990, 51
47, 1000, 51
47, 1010, 50
47, 1020, 51
47, 1030, 51
47, 1040, 51
47, 1050, 51
47, 1060, 50
47, 1070, 50
47, 1080, 51
47, 1090, 51
47, 1100, 51
47, 1110, 50
47, 1120, 50
47, 1130, 50
47, 1140, 50
47, 1150, 50
47, 1160, 50
47, 1170, 50
47, 1180, 50
47, 1190, 49
48, 1200, 50
48, 1210, 51
48, 1220, 51
48, 1230, 51
{'count': 2483, 'truepos': 48, 'falseneg': 12, 'correction': 21, 'unknownyes': 2, 'falsepos': 0, 'unique': 1230}
13: Wahono.csv: machine: 0, 0
5, 10
5, 20, 95
6, 30, 90
11, 40, 66
12, 50, 87
14, 60, 70
['yes']
['no' 'yes' 'no' 'no' 'no' 'yes' 'no' 'no' 'no' 'no' 'no' 'no' 'no' 'no'
 'no' 'no' 'no' 'no' 'yes']
17, 60, 70
19, 70, 66
20, 80, 63
23, 90, 57
25, 100, 68
27, 110, 71
['yes']
['no' 'no' 'no' 'no' 'no' 'no' 'no' 'no' 'no' 'no' 'no' 'no' 'no' 'yes'
 'no' 'no' 'no' 'no' 'no']
28, 110, 71
29, 120, 71
29, 130, 64
29, 140, 59
30, 150, 52
31, 160, 57
['yes']
['no' 'no' 'no' 'no' 'no' 'no' 'no' 'no' 'no' 'no' 'no' 'no' 'no' 'no'
 'no' 'no' 'no' 'no' 'no']
31, 160, 57
32, 170, 56
32, 180, 52
33, 190, 53
33, 200, 55
34, 210, 52
['yes']
['no' 'no' 'no' 'no' 'no' 'no' 'no' 'no' 'no' 'no' 'no' 'no' 'no' 'no'
 'no' 'no' 'no' 'no' 'no']
34, 210, 52
35, 220, 54
36, 230, 53
36, 240, 58
36, 250, 56
37, 260, 53
['yes']
['no' 'no' 'yes' 'no' 'no' 'no' 'no' 'no' 'no' 'no' 'no' 'no' 'no' 'no'
 'no' 'no' 'no' 'no' 'no']
37, 260, 53
38, 270, 51
39, 280, 59
39, 290, 59
39, 300, 65
39, 310, 56
['no']
['no' 'no' 'no' 'no' 'no' 'no' 'no' 'no' 'no' 'no' 'no' 'no' 'no' 'no'
 'no' 'no' 'no' 'no' 'no']
38, 310, 56
40, 320, 53
40, 330, 55
41, 340, 53
41, 350, 58
41, 360, 53
['yes']
['no' 'no' 'no' 'no' 'no' 'no' 'no' 'no' 'no' 'no' 'no' 'no' 'no' 'no'
 'no' 'no' 'no' 'no' 'no']
40, 360, 53
40, 370, 51
40, 380, 55
40, 390, 49
40, 400, 50
41, 410, 48
['yes']
['no' 'no' 'no' 'no' 'no' 'no' 'no' 'no' 'no' 'no' 'no' 'no' 'no' 'no'
 'no' 'no' 'yes' 'no' 'no']
42, 410, 48
42, 420, 50
43, 430, 50
44, 440, 52
45, 450, 52
45, 460, 53
['yes']
['no' 'no' 'no' 'no' 'no' 'no' 'no' 'no' 'no' 'no' 'no' 'no' 'no' 'no'
 'no' 'no' 'no' 'no' 'no']
45, 460, 53
45, 470, 54
45, 480, 53
45, 490, 52
45, 500, 54
46, 510, 53
['yes']
['no' 'no' 'no' 'no' 'no' 'no' 'no' 'no' 'no' 'no' 'no' 'no' 'no' 'no'
 'no' 'no' 'no' 'no' 'no']
46, 510, 53
47, 520, 54
47, 530, 55
47, 540, 56
47, 550, 56
48, 560, 54
['no']
['no' 'no' 'no' 'no' 'no' 'no' 'no' 'no' 'no' 'no' 'no' 'no' 'no' 'no'
 'no' 'yes' 'no' 'no' 'no']
48, 560, 54
49, 570, 55
50, 580, 57
51, 590, 59
51, 600, 60
51, 610, 60
['no']
['no' 'no' 'no' 'no' 'no' 'no' 'no' 'no' 'no' 'no' 'no' 'no' 'no' 'no'
 'no' 'no' 'no' 'no' 'no']
50, 610, 60
50, 620, 58
50, 630, 58
50, 640, 58
50, 650, 58
50, 660, 58
['yes']
['no' 'no' 'no' 'no' 'no' 'no' 'no' 'no' 'no' 'no' 'no' 'no' 'no' 'no'
 'no' 'no' 'no' 'no' 'no']
50, 660, 58
50, 670, 57
50, 680, 58
50, 690, 57
50, 700, 56
50, 710, 57
['yes']
['no' 'no' 'no' 'no' 'no' 'no' 'no' 'no' 'no' 'no' 'no' 'no' 'no' 'no'
 'no' 'no' 'no' 'no' 'no']
50, 710, 57
50, 720, 58
51, 730, 57
51, 740, 57
51, 750, 57
51, 760, 57
['yes']
['no' 'no' 'no' 'no' 'no' 'no' 'no' 'no' 'no' 'no' 'no' 'no' 'no' 'no'
 'no' 'no' 'no' 'no' 'no']
51, 760, 57
51, 770, 58
51, 780, 58
51, 790, 58
52, 800, 56
52, 810, 58
['yes']
['no' 'no' 'no' 'no' 'no' 'no' 'no' 'no' 'no' 'no' 'no' 'no' 'no' 'no'
 'no' 'no' 'no' 'no' 'no']
52, 810, 58
52, 820, 58
52, 830, 58
52, 840, 58
52, 850, 58
52, 860, 58
['yes']
['no' 'no' 'no' 'no' 'no' 'no' 'no' 'no' 'no' 'no' 'no' 'no' 'no' 'no'
 'yes' 'no' 'no' 'no' 'no']
53, 860, 58
54, 870, 59
54, 880, 61
54, 890, 61
54, 900, 60
54, 910, 59
['no']
['no' 'yes' 'no' 'no' 'no' 'no' 'no' 'no' 'no' 'no' 'no' 'no' 'no' 'no'
 'no' 'no' 'no' 'no' 'no']
53, 910, 59
53, 920, 59
53, 930, 59
53, 940, 59
53, 950, 59
53, 960, 58
['yes']
['no' 'no' 'no' 'no' 'no' 'no' 'no' 'no' 'no' 'no' 'no' 'no' 'no' 'no'
 'no' 'no' 'no' 'no' 'no']
53, 960, 58
54, 970, 59
54, 980, 60
55, 990, 59
55, 1000, 60
55, 1010, 60
['yes']
['no' 'no' 'no' 'no' 'no' 'no' 'no' 'no' 'no' 'no' 'no' 'no' 'no' 'no'
 'no' 'no' 'no' 'no' 'no']
55, 1010, 60
55, 1020, 61
55, 1030, 60
55, 1040, 60
55, 1050, 60
55, 1060, 61
['no']
['no' 'no' 'no' 'no' 'no' 'no' 'no' 'no' 'no' 'no' 'no' 'no' 'no' 'no'
 'no' 'no' 'no' 'no' 'no']
54, 1060, 61
54, 1070, 59
54, 1080, 58
54, 1090, 58
54, 1100, 58
54, 1110, 58
['yes']
['no' 'no' 'no' 'no' 'no' 'no' 'no' 'no' 'no' 'no' 'no' 'no' 'no' 'no'
 'no' 'no' 'no' 'no' 'no']
54, 1110, 58
54, 1120, 58
54, 1130, 58
54, 1140, 58
54, 1150, 58
54, 1160, 58
['yes']
['no' 'no' 'no' 'no' 'no' 'no' 'no' 'no' 'no' 'no' 'no' 'yes' 'no' 'no'
 'no' 'no' 'no' 'no' 'no']
56, 1160, 58
56, 1170, 60
56, 1180, 61
56, 1190, 61
56, 1200, 61
56, 1210, 60
['yes']
['no' 'no' 'no' 'yes' 'no' 'no' 'no' 'no' 'no' 'no' 'no' 'no' 'no' 'no'
 'no' 'no' 'no' 'no' 'no']
57, 1210, 60
57, 1220, 62
57, 1230, 61
{'count': 1719, 'truepos': 55, 'falseneg': 5, 'correction': 17, 'unknownyes': 2, 'falsepos': 2, 'unique': 1230}
13: Wahono.csv: knee: 0, 0
5, 10
5, 20
8, 30
8, 40
10, 50
13, 60
14, 70
15, 80
15, 90
15, 100
16, 110
18, 120
18, 130
19, 140
19, 150
19, 160
21, 170
22, 180
22, 190
22, 200
23, 210
23, 220
23, 230
25, 240
26, 250
28, 260
29, 270
30, 280
30, 290
33, 300
33, 310
33, 320
33, 330
34, 340
34, 350
34, 360
34, 370
36, 380
36, 390
36, 400
37, 410
37, 420
37, 430
37, 440
38, 450
38, 460
38, 470
38, 480
38, 490
39, 500
39, 510
39, 520
39, 530
39, 540
39, 550
39, 560
39, 570
39, 580
39, 590
40, 600
40, 610
40, 620
40, 630
40, 640
41, 650
41, 660
41, 670
43, 680
43, 690
43, 700
43, 710
43, 720
43, 730
43, 740
43, 750
43, 760
43, 770
43, 780
43, 790
43, 800
44, 810
44, 820
45, 830
45, 840
46, 850
46, 860
47, 870
47, 880
47, 890
47, 900
50, 910
50, 920
50, 930
50, 940
50, 950
50, 960
50, 970
50, 980
50, 990
50, 1000
50, 1010
50, 1020
50, 1030
50, 1040
50, 1050
50, 1060
50, 1070
50, 1080
50, 1090
50, 1100
50, 1110
50, 1120
50, 1130
50, 1140
50, 1150
50, 1160
50, 1170
50, 1180
50, 1190
50, 1200
50, 1210
50, 1220
50, 1230
51, 1240
51, 1250
51, 1260
51, 1270
51, 1280
51, 1290
51, 1300
51, 1310
51, 1320
51, 1330
51, 1340
{'count': 1636, 'truepos': 51, 'falseneg': 10, 'correction': 19, 'unknownyes': 1, 'falsepos': 1, 'unique': 1340}
13: Danijel.csv: none: 0, 0
3, 10
5, 20, 109
7, 30, 102
9, 40, 93
10, 50, 93
11, 60, 88
13, 70, 79
16, 80, 69
16, 90, 70
18, 100, 60
20, 110, 58
20, 120, 54
20, 130, 49
21, 140, 46
22, 150, 45
22, 160, 46
22, 170, 45
22, 180, 44
22, 190, 44
23, 200, 43
24, 210, 44
24, 220, 44
24, 230, 44
25, 240, 44
25, 250, 44
25, 260, 44
25, 270, 45
25, 280, 45
25, 290, 45
25, 300, 45
25, 310, 45
25, 320, 45
25, 330, 45
25, 340, 45
25, 350, 46
25, 360, 46
25, 370, 46
25, 380, 46
25, 390, 46
25, 400, 46
25, 410, 46
25, 420, 46
25, 430, 46
25, 440, 47
25, 450, 47
25, 460, 47
25, 470, 47
25, 480, 47
25, 490, 47
25, 500, 47
25, 510, 47
25, 520, 47
25, 530, 47
25, 540, 48
25, 550, 48
25, 560, 48
25, 570, 48
25, 580, 48
25, 590, 48
25, 600, 48
25, 610, 48
25, 620, 48
25, 630, 48
26, 640, 48
26, 650, 49
26, 660, 49
26, 670, 49
26, 680, 49
26, 690, 49
26, 700, 49
26, 710, 49
26, 720, 49
26, 730, 49
26, 740, 50
26, 750, 49
26, 760, 49
26, 770, 49
26, 780, 50
27, 790, 50
27, 800, 51
27, 810, 51
28, 820, 51
28, 830, 51
28, 840, 51
28, 850, 51
28, 860, 51
28, 870, 51
28, 880, 51
29, 890, 51
29, 900, 52
29, 910, 52
29, 920, 52
29, 930, 52
29, 940, 52
29, 950, 52
29, 960, 52
29, 970, 52
29, 980, 52
29, 990, 52
29, 1000, 52
29, 1010, 52
29, 1020, 52
29, 1030, 52
29, 1040, 52
29, 1050, 52
29, 1060, 52
29, 1070, 53
29, 1080, 53
30, 1090, 53
30, 1100, 33
30, 1110, 32
30, 1120, 33
30, 1130, 33
30, 1140, 33
30, 1150, 32
30, 1160, 34
30, 1170, 32
30, 1180, 32
30, 1190, 32
30, 1200, 32
30, 1210, 32
30, 1220, 32
30, 1230, 32
30, 1240, 32
30, 1250, 32
30, 1260, 32
30, 1270, 32
{'count': 1270, 'truepos': 30, 'falseneg': 16, 'correction': 0, 'unknownyes': 2, 'falsepos': 0, 'unique': 1270}
13: Danijel.csv: three: 0, 0
3, 10
4, 20, 101
5, 30, 93
5, 40, 76
6, 50, 51
8, 60, 47
10, 70, 49
12, 80, 52
12, 90, 52
12, 100, 47
14, 110, 44
17, 120, 46
18, 130, 49
20, 140, 47
21, 150, 49
23, 160, 47
26, 170, 49
28, 180, 53
28, 190, 53
28, 200, 49
29, 210, 47
30, 220, 47
31, 230, 45
32, 240, 42
33, 250, 41
33, 260, 46
33, 270, 49
33, 280, 42
33, 290, 44
33, 300, 43
33, 310, 45
33, 320, 41
33, 330, 44
33, 340, 41
35, 350, 40
35, 360, 43
35, 370, 42
35, 380, 43
35, 390, 42
35, 400, 41
35, 410, 41
35, 420, 41
36, 430, 42
36, 440, 43
36, 450, 43
36, 460, 43
36, 470, 42
36, 480, 41
36, 490, 41
36, 500, 41
36, 510, 41
36, 520, 42
37, 530, 41
37, 540, 44
37, 550, 41
37, 560, 42
38, 570, 42
38, 580, 42
38, 590, 42
38, 600, 42
38, 610, 43
38, 620, 42
38, 630, 43
38, 640, 42
38, 650, 42
38, 660, 43
38, 670, 41
38, 680, 41
38, 690, 42
38, 700, 41
38, 710, 42
38, 720, 41
38, 730, 41
38, 740, 42
38, 750, 42
38, 760, 41
{'count': 1544, 'truepos': 38, 'falseneg': 7, 'correction': 21, 'unknownyes': 3, 'falsepos': 0, 'unique': 760}
13: Danijel.csv: machine: 0, 0
1, 10
1, 20, 129
1, 30, 109
1, 40, 87
1, 50, 79
1, 60, 77
['yes']
['no' 'no' 'yes' 'no' 'no' 'no' 'no' 'no' 'no' 'no' 'no' 'no' 'no' 'no'
 'no' 'no' 'no' 'no' 'no']
2, 60, 77
2, 70, 74
3, 80, 64
7, 90, 58
9, 100, 61
10, 110, 61
['yes']
['yes' 'no' 'no' 'no' 'no' 'no' 'no' 'yes' 'no' 'yes' 'no' 'no' 'no' 'no'
 'no' 'no' 'no' 'no' 'no']
12, 110, 61
15, 120, 69
17, 130, 62
17, 140, 56
17, 150, 50
17, 160, 46
['yes']
['no' 'no' 'no' 'no' 'no' 'no' 'no' 'no' 'no' 'yes' 'no' 'no' 'no' 'no'
 'no' 'no' 'no' 'no' 'no']
17, 160, 46
17, 170, 51
17, 180, 45
17, 190, 43
17, 200, 42
17, 210, 41
['yes']
['yes' 'no' 'no' 'no' 'no' 'no' 'no' 'no' 'no' 'no' 'no' 'no' 'no' 'no'
 'no' 'no' 'yes' 'no' 'no']
19, 210, 41
20, 220, 43
20, 230, 44
20, 240, 44
20, 250, 44
20, 260, 44
['yes']
['no' 'no' 'no' 'no' 'no' 'no' 'yes' 'no' 'no' 'no' 'no' 'no' 'no' 'no'
 'no' 'no' 'no' 'no' 'no']
21, 260, 44
21, 270, 44
22, 280, 44
24, 290, 44
25, 300, 46
27, 310, 47
['yes']
['no' 'no' 'yes' 'no' 'no' 'no' 'no' 'no' 'no' 'no' 'no' 'no' 'yes' 'yes'
 'no' 'no' 'no' 'no' 'no']
28, 310, 47
28, 320, 49
28, 330, 48
28, 340, 48
28, 350, 48
28, 360, 48
['yes']
['no' 'no' 'no' 'no' 'no' 'no' 'no' 'no' 'no' 'no' 'no' 'no' 'no' 'no'
 'no' 'no' 'no' 'no' 'yes']
29, 360, 48
30, 370, 48
30, 380, 39
30, 390, 39
30, 400, 37
30, 410, 37
['yes']
['no' 'no' 'no' 'no' 'no' 'no' 'no' 'no' 'no' 'no' 'no' 'no' 'no' 'no'
 'no' 'yes' 'no' 'no' 'no']
30, 410, 37
30, 420, 36
30, 430, 36
30, 440, 35
30, 450, 35
30, 460, 35
['yes']
['yes' 'no' 'yes' 'no' 'no' 'no' 'no' 'no' 'no' 'no' 'no' 'no' 'no' 'no'
 'no' 'no' 'no' 'yes' 'no']
32, 460, 35
32, 470, 38
32, 480, 37
32, 490, 37
32, 500, 37
32, 510, 38
['yes']
['no' 'no' 'no' 'no' 'no' 'no' 'no' 'no' 'no' 'no' 'no' 'no' 'no' 'no'
 'no' 'no' 'no' 'no' 'no']
31, 510, 38
31, 520, 37
31, 530, 36
31, 540, 36
31, 550, 36
31, 560, 34
['yes']
['no' 'no' 'no' 'no' 'no' 'no' 'no' 'no' 'no' 'no' 'no' 'no' 'no' 'no'
 'no' 'no' 'no' 'no' 'no']
31, 560, 34
32, 570, 36
32, 580, 39
32, 590, 36
32, 600, 37
32, 610, 36
['no']
['no' 'no' 'no' 'no' 'no' 'no' 'no' 'no' 'no' 'no' 'no' 'no' 'no' 'no'
 'no' 'no' 'no' 'no' 'no']
31, 610, 36
31, 620, 35
31, 630, 34
32, 640, 34
32, 650, 36
32, 660, 36
['yes']
['no' 'no' 'no' 'no' 'no' 'no' 'no' 'no' 'no' 'no' 'no' 'no' 'yes' 'no'
 'no' 'no' 'no' 'no' 'no']
33, 660, 36
33, 670, 37
33, 680, 36
34, 690, 37
34, 700, 39
34, 710, 37
['yes']
['no' 'no' 'no' 'no' 'no' 'no' 'no' 'no' 'no' 'no' 'no' 'no' 'no' 'no'
 'no' 'no' 'no' 'no' 'no']
34, 710, 37
34, 720, 38
34, 730, 38
35, 740, 38
35, 750, 39
35, 760, 39
['no']
['no' 'no' 'no' 'no' 'no' 'no' 'no' 'no' 'no' 'no' 'no' 'no' 'no' 'no'
 'no' 'no' 'no' 'no' 'no']
34, 760, 39
34, 770, 37
34, 780, 37
34, 790, 37
34, 800, 37
34, 810, 36
['yes']
['no' 'no' 'no' 'no' 'no' 'no' 'no' 'no' 'no' 'no' 'no' 'no' 'no' 'no'
 'no' 'no' 'no' 'no' 'no']
34, 810, 36
34, 820, 37
35, 830, 37
35, 840, 38
35, 850, 38
35, 860, 39
['yes']
['no' 'no' 'no' 'no' 'no' 'no' 'no' 'no' 'no' 'yes' 'no' 'no' 'no' 'no'
 'yes' 'no' 'no' 'no' 'no']
37, 860, 39
37, 870, 40
37, 880, 41
37, 890, 40
37, 900, 41
37, 910, 40
['yes']
['no' 'no' 'no' 'no' 'no' 'no' 'no' 'no' 'no' 'no' 'no' 'no' 'no' 'no'
 'no' 'no' 'no' 'no' 'no']
37, 910, 40
37, 920, 40
37, 930, 41
37, 940, 40
37, 950, 40
37, 960, 40
['yes']
['no' 'no' 'no' 'no' 'no' 'no' 'no' 'no' 'no' 'no' 'no' 'no' 'no' 'yes'
 'no' 'no' 'no' 'no' 'no']
38, 960, 40
38, 970, 41
38, 980, 41
38, 990, 42
38, 1000, 41
38, 1010, 41
['yes']
['no' 'no' 'no' 'no' 'no' 'no' 'no' 'no' 'no' 'no' 'no' 'no' 'no' 'no'
 'no' 'no' 'no' 'no' 'no']
37, 1010, 41
37, 1020, 40
37, 1030, 40
37, 1040, 40
37, 1050, 40
37, 1060, 40
['yes']
['no' 'no' 'no' 'no' 'no' 'no' 'no' 'no' 'no' 'no' 'no' 'no' 'no' 'no'
 'no' 'no' 'no' 'no' 'no']
36, 1060, 40
36, 1070, 40
36, 1080, 40
36, 1090, 40
36, 1100, 40
36, 1110, 38
['yes']
['no' 'no' 'no' 'no' 'no' 'no' 'no' 'no' 'no' 'no' 'no' 'no' 'no' 'no'
 'no' 'no' 'no' 'no' 'no']
36, 1110, 38
36, 1120, 39
36, 1130, 38
36, 1140, 39
36, 1150, 39
36, 1160, 39
['yes']
['no' 'no' 'no' 'no' 'no' 'no' 'no' 'no' 'no' 'no' 'no' 'no' 'no' 'no'
 'no' 'no' 'no' 'no' 'no']
35, 1160, 39
35, 1170, 38
35, 1180, 38
35, 1190, 38
35, 1200, 38
35, 1210, 38
['no']
['no' 'no' 'no' 'no' 'no' 'yes' 'no' 'no' 'no' 'no' 'no' 'no' 'no' 'no'
 'no' 'no' 'no' 'no' 'no']
35, 1210, 38
35, 1220, 38
35, 1230, 39
35, 1240, 38
35, 1250, 38
35, 1260, 39
['no']
['no' 'no' 'no' 'no' 'no' 'no' 'no' 'no' 'no' 'no' 'no' 'no' 'no' 'no'
 'no' 'no' 'yes' 'no' 'no']
34, 1260, 39
34, 1270, 37
34, 1280, 37
34, 1290, 37
34, 1300, 37
34, 1310, 36
['yes']
['no' 'no' 'no' 'no' 'no' 'no' 'no' 'no' 'no' 'no' 'no' 'no' 'no' 'no'
 'no' 'no' 'no' 'no' 'no']
34, 1310, 36
34, 1320, 37
35, 1330, 36
35, 1340, 38
35, 1350, 38
35, 1360, 38
['no']
['no' 'no' 'no' 'no' 'no' 'no' 'no' 'no' 'no' 'no' 'no' 'no' 'no' 'no'
 'no' 'no' 'no' 'no' 'no']
34, 1360, 38
34, 1370, 36
34, 1380, 36
34, 1390, 36
34, 1400, 36
34, 1410, 36
['yes']
['no' 'no' 'no' 'no' 'no' 'no' 'no' 'no' 'no' 'no' 'no' 'no' 'no' 'no'
 'no' 'no' 'no' 'no' 'no']
34, 1410, 36
34, 1420, 36
34, 1430, 37
34, 1440, 36
34, 1450, 36
34, 1460, 36
['no']
['no' 'no' 'no' 'no' 'no' 'no' 'no' 'no' 'no' 'no' 'no' 'no' 'no' 'no'
 'no' 'no' 'no' 'no' 'no']
33, 1460, 36
33, 1470, 35
33, 1480, 35
33, 1490, 35
33, 1500, 35
33, 1510, 35
['yes']
['no' 'no' 'no' 'no' 'no' 'no' 'no' 'no' 'no' 'no' 'no' 'no' 'no' 'no'
 'no' 'no' 'no' 'no' 'no']
33, 1510, 35
33, 1520, 34
33, 1530, 35
33, 1540, 35
33, 1550, 35
33, 1560, 35
['yes']
['no' 'no' 'no' 'no' 'no' 'no' 'no' 'no' 'no' 'no' 'no' 'no' 'no' 'no'
 'no' 'no' 'no' 'no' 'no']
33, 1560, 35
33, 1570, 35
33, 1580, 35
33, 1590, 35
33, 1600, 35
33, 1610, 35
['yes']
['no' 'no' 'no' 'no' 'no' 'no' 'no' 'no' 'no' 'no' 'no' 'no' 'no' 'no'
 'no' 'no' 'no' 'no' 'no']
32, 1610, 35
32, 1620, 34
32, 1630, 34
32, 1640, 34
32, 1650, 34
32, 1660, 34
['no']
['no' 'no' 'no' 'no' 'no' 'no' 'no' 'no' 'no' 'no' 'no' 'no' 'no' 'no'
 'no' 'no' 'no' 'no' 'no']
31, 1660, 34
{'count': 2328, 'truepos': 31, 'falseneg': 16, 'correction': 24, 'unknownyes': 1, 'falsepos': 0, 'unique': 1660}
13: Danijel.csv: knee: 0, 0
2, 10
2, 20
3, 30
4, 40
6, 50
7, 60
9, 70
13, 80
14, 90
15, 100
17, 110
17, 120
17, 130
18, 140
18, 150
18, 160
19, 170
21, 180
22, 190
22, 200
22, 210
24, 220
24, 230
24, 240
24, 250
25, 260
25, 270
25, 280
27, 290
27, 300
27, 310
27, 320
27, 330
27, 340
27, 350
27, 360
27, 370
27, 380
27, 390
28, 400
29, 410
29, 420
29, 430
29, 440
29, 450
29, 460
29, 470
30, 480
30, 490
30, 500
30, 510
30, 520
30, 530
30, 540
30, 550
30, 560
31, 570
31, 580
31, 590
31, 600
31, 610
32, 620
32, 630
32, 640
32, 650
32, 660
32, 670
32, 680
32, 690
32, 700
32, 710
32, 720
{'count': 929, 'truepos': 39, 'falseneg': 5, 'correction': 12, 'unknownyes': 4, 'falsepos': 2, 'unique': 720}
13: K_all3.csv: none: 0, 0
1, 10
1, 20, 93
1, 30, 61
1, 40, 51
2, 50, 48
2, 60, 47
2, 70, 44
2, 80, 43
2, 90, 42
2, 100, 41
2, 110, 41
2, 120, 40
3, 130, 40
3, 140, 41
3, 150, 40
3, 160, 40
3, 170, 40
3, 180, 39
3, 190, 39
4, 200, 39
4, 210, 40
7, 220, 39
8, 230, 40
10, 240, 39
12, 250, 38
15, 260, 39
16, 270, 42
17, 280, 41
18, 290, 42
18, 300, 42
19, 310, 41
21, 320, 41
22, 330, 43
23, 340, 43
23, 350, 44
23, 360, 43
25, 370, 43
25, 380, 44
25, 390, 43
25, 400, 43
25, 410, 43
25, 420, 43
25, 430, 42
25, 440, 42
25, 450, 42
26, 460, 42
27, 470, 42
28, 480, 43
28, 490, 43
28, 500, 43
30, 510, 43
31, 520, 37
31, 530, 37
31, 540, 35
31, 550, 37
31, 560, 36
31, 570, 35
31, 580, 35
31, 590, 34
31, 600, 33
31, 610, 33
31, 620, 33
31, 630, 33
32, 640, 33
32, 650, 35
32, 660, 35
32, 670, 34
32, 680, 34
33, 690, 34
33, 700, 35
33, 710, 35
33, 720, 35
{'count': 720, 'truepos': 28, 'falseneg': 14, 'correction': 0, 'unknownyes': 3, 'falsepos': 5, 'unique': 720}
13: K_all3.csv: three: 0, 0
1, 10
1, 20, 94
1, 30, 61
1, 40, 51
1, 50, 48
1, 60, 46
1, 70, 44
1, 80, 43
1, 90, 42
1, 100, 42
1, 110, 41
1, 120, 41
1, 130, 40
1, 140, 40
1, 150, 39
1, 160, 39
1, 170, 39
1, 180, 39
2, 190, 38
4, 200, 40
7, 210, 41
9, 220, 44
11, 230, 42
11, 240, 42
14, 250, 40
16, 260, 44
18, 270, 45
18, 280, 46
18, 290, 44
19, 300, 43
19, 310, 43
20, 320, 42
20, 330, 42
20, 340, 42
20, 350, 41
20, 360, 41
20, 370, 41
20, 380, 41
20, 390, 40
21, 400, 40
21, 410, 41
22, 420, 40
22, 430, 41
22, 440, 41
23, 450, 41
23, 460, 41
24, 470, 41
26, 480, 41
28, 490, 43
28, 500, 44
28, 510, 44
28, 520, 43
28, 530, 43
28, 540, 43
28, 550, 43
29, 560, 43
30, 570, 43
31, 580, 35
31, 590, 36
31, 600, 36
32, 610, 36
32, 620, 35
32, 630, 36
32, 640, 35
32, 650, 35
32, 660, 35
33, 670, 35
33, 680, 35
33, 690, 36
33, 700, 35
33, 710, 35
33, 720, 35
33, 730, 35
33, 740, 35
33, 750, 35
33, 760, 35
33, 770, 35
33, 780, 35
{'count': 1596, 'truepos': 33, 'falseneg': 11, 'correction': 33, 'unknownyes': 1, 'falsepos': 0, 'unique': 780}
13: K_all3.csv: machine: 0, 0
1, 10
1, 20, 93
1, 30, 61
1, 40, 51
1, 50, 48
1, 60, 46
['yes']
['no' 'no' 'no' 'no' 'no' 'no' 'no' 'no' 'no' 'no' 'no' 'no' 'no' 'no'
 'no' 'no' 'no' 'no' 'no']
1, 60, 46
1, 70, 44
1, 80, 43
2, 90, 42
4, 100, 43
6, 110, 49
['yes']
['no' 'no' 'no' 'no' 'yes' 'no' 'no' 'no' 'no' 'no' 'no' 'no' 'no' 'no'
 'no' 'no' 'no' 'no' 'no']
7, 110, 49
8, 120, 48
9, 130, 46
9, 140, 44
11, 150, 42
11, 160, 44
['yes']
['no' 'no' 'yes' 'no' 'no' 'no' 'no' 'no' 'no' 'no' 'no' 'yes' 'no' 'no'
 'no' 'no' 'no' 'no' 'no']
12, 160, 44
15, 170, 43
15, 180, 45
16, 190, 43
17, 200, 43
18, 210, 42
['yes']
['no' 'no' 'no' 'no' 'no' 'no' 'yes' 'yes' 'no' 'no' 'no' 'no' 'no' 'no'
 'no' 'yes' 'no' 'no' 'no']
21, 210, 42
23, 220, 47
25, 230, 46
26, 240, 47
26, 250, 47
27, 260, 45
['yes']
['no' 'no' 'no' 'no' 'yes' 'no' 'yes' 'no' 'yes' 'no' 'no' 'no' 'no' 'no'
 'no' 'no' 'no' 'no' 'no']
30, 260, 45
31, 270, 40
31, 280, 40
32, 290, 40
33, 300, 39
33, 310, 44
['yes']
['no' 'no' 'no' 'no' 'no' 'no' 'no' 'no' 'no' 'no' 'no' 'no' 'no' 'no'
 'no' 'no' 'no' 'no' 'no']
33, 310, 44
34, 320, 41
35, 330, 42
35, 340, 43
36, 350, 42
36, 360, 43
['yes']
['no' 'no' 'no' 'no' 'no' 'no' 'no' 'no' 'no' 'no' 'no' 'no' 'no' 'no'
 'no' 'no' 'no' 'no' 'no']
36, 360, 43
37, 370, 43
37, 380, 44
37, 390, 43
37, 400, 43
37, 410, 41
['yes']
['yes' 'no' 'no' 'no' 'no' 'no' 'no' 'no' 'no' 'no' 'no' 'no' 'no' 'no'
 'no' 'no' 'no' 'no' 'no']
38, 410, 41
38, 420, 42
38, 430, 42
39, 440, 43
39, 450, 43
39, 460, 43
['yes']
['no' 'no' 'no' 'no' 'no' 'no' 'no' 'no' 'no' 'no' 'no' 'no' 'no' 'no'
 'no' 'no' 'no' 'no' 'no']
39, 460, 43
39, 470, 42
39, 480, 42
39, 490, 42
39, 500, 42
39, 510, 42
['yes']
['no' 'no' 'no' 'no' 'no' 'no' 'no' 'no' 'no' 'no' 'no' 'no' 'no' 'no'
 'no' 'no' 'no' 'no' 'no']
39, 510, 42
{'count': 712, 'truepos': 38, 'falseneg': 3, 'correction': 11, 'unknownyes': 4, 'falsepos': 1, 'unique': 510}
13: K_all3.csv: knee: 0, 0
1, 10
1, 20
1, 30
1, 40
1, 50
1, 60
1, 70
1, 80
1, 90
1, 100
1, 110
1, 120
1, 130
1, 140
1, 150
1, 160
1, 170
1, 180
2, 190
3, 200
3, 210
4, 220
4, 230
5, 240
8, 250
8, 260
8, 270
10, 280
10, 290
11, 300
12, 310
12, 320
13, 330
14, 340
14, 350
14, 360
15, 370
18, 380
19, 390
20, 400
21, 410
23, 420
24, 430
24, 440
24, 450
25, 460
25, 470
25, 480
25, 490
26, 500
26, 510
26, 520
26, 530
26, 540
27, 550
27, 560
28, 570
29, 580
30, 590
31, 600
31, 610
31, 620
31, 630
31, 640
31, 650
32, 660
32, 670
32, 680
32, 690
32, 700
34, 710
34, 720
35, 730
35, 740
35, 750
35, 760
35, 770
36, 780
36, 790
36, 800
36, 810
36, 820
36, 830
36, 840
36, 850
36, 860
36, 870
36, 880
37, 890
37, 900
37, 910
38, 920
38, 930
38, 940
38, 950
38, 960
38, 970
39, 980
39, 990
39, 1000
39, 1010
39, 1020
39, 1030
39, 1040
39, 1050
40, 1060
40, 1070
40, 1080
40, 1090
41, 1100
41, 1110
41, 1120
41, 1130
41, 1140
41, 1150
41, 1160
41, 1170
41, 1180
41, 1190
42, 1200
42, 1210
42, 1220
42, 1230
42, 1240
42, 1250
42, 1260
42, 1270
42, 1280
42, 1290
42, 1300
42, 1310
42, 1320
42, 1330
42, 1340
42, 1350
42, 1360
42, 1370
42, 1380
42, 1390
42, 1400
42, 1410
42, 1420
42, 1430
42, 1440
42, 1450
42, 1460
42, 1470
42, 1480
42, 1490
42, 1500
42, 1510
42, 1520
42, 1530
42, 1540
43, 1550
44, 1560
44, 1570
44, 1580
44, 1590
44, 1600
44, 1610
45, 1620
45, 1630
45, 1640
45, 1650
45, 1660
45, 1670
45, 1680
45, 1690
45, 1700
45, 1704

------------------------------------------------------------
Sender: LSF System <lsfadmin@n2a1-14>
Subject: Job 759530: </share/tjmenzie/zyu9/miniconda2/bin/python2.7 runner.py error_hpcc 13> in cluster <henry2> Exited

Job </share/tjmenzie/zyu9/miniconda2/bin/python2.7 runner.py error_hpcc 13> was submitted from host <login01.hpc.ncsu.edu> by user <zyu9> in cluster <henry2> at Sat Feb 24 16:17:36 2018.
Job was executed on host(s) <2*n2a1-14>, in queue <single_chassis>, as user <zyu9> in cluster <henry2> at Sat Feb 24 16:17:42 2018.
</home/zyu9> was used as the home directory.
</home/zyu9/projects/MAR_HPC/Error/src> was used as the working directory.
Started at Sat Feb 24 16:17:42 2018.
Terminated at Sat Feb 24 17:33:14 2018.
Results reported at Sat Feb 24 17:33:14 2018.

Your job looked like:

------------------------------------------------------------
# LSBATCH: User input
/share/tjmenzie/zyu9/miniconda2/bin/python2.7 runner.py error_hpcc 13
------------------------------------------------------------

Exited with exit code 1.

Resource usage summary:

    CPU time :                                   5663.69 sec.
    Max Memory :                                 282.59 MB
    Average Memory :                             230.50 MB
    Total Requested Memory :                     -
    Delta Memory :                               -
    Max Swap :                                   1327 MB
    Max Processes :                              3
    Max Threads :                                8
    Run time :                                   4544 sec.
    Turnaround time :                            4538 sec.

The output (if any) is above this job summary.



PS: The stderr output (if any) follows:

Traceback (most recent call last):
  File "runner.py", line 350, in <module>
    eval(cmd())
  File "<string>", line 1, in <module>
  File "runner.py", line 292, in error_hpcc
    result = BM25(file,queries[file],'knee','random')
  File "runner.py", line 193, in BM25
    seq = coded[np.argsort(read.body['time'][coded])]
TypeError: only integer scalar arrays can be converted to a scalar index


PS:

Fail to open stderr file ./err/13.err.759530: No such file or directory.
The stderr output is included in this report.

