13: Hall.csv: none: 0, 0
7, 10
9, 20, 111
11, 30, 115
15, 40, 112
17, 50, 98
21, 60, 93
25, 70, 88
31, 80, 90
33, 90, 76
36, 100, 71
37, 110, 71
44, 120, 75
49, 130, 107
52, 140, 123
53, 150, 132
60, 160, 116
62, 170, 154
65, 180, 118
65, 190, 160
67, 200, 112
68, 210, 110
73, 220, 121
75, 230, 105
75, 240, 131
78, 250, 107
83, 260, 110
86, 270, 128
90, 280, 117
93, 290, 125
96, 300, 123
98, 310, 122
99, 320, 126
101, 330, 130
101, 340, 128
103, 350, 123
104, 360, 129
105, 370, 131
108, 380, 126
108, 390, 130
109, 400, 136
110, 410, 130
111, 420, 129
112, 430, 129
113, 440, 132
114, 450, 132
116, 460, 140
116, 470, 138
117, 480, 131
120, 490, 139
120, 500, 145
120, 510, 140
122, 520, 141
124, 530, 142
126, 540, 151
128, 550, 149
128, 560, 151
130, 570, 147
131, 580, 152
133, 590, 160
137, 600, 161
137, 610, 196
137, 620, 181
138, 630, 170
141, 640, 173
144, 650, 178
144, 660, 187
145, 670, 176
149, 680, 181
149, 690, 189
149, 700, 187
150, 710, 179
150, 720, 183
150, 730, 183
150, 740, 179
150, 750, 183
152, 760, 184
153, 770, 184
155, 780, 201
157, 790, 191
158, 800, 188
159, 810, 186
160, 820, 193
160, 830, 193
161, 840, 192
162, 850, 196
164, 860, 196
164, 870, 199
165, 880, 194
169, 890, 196
170, 900, 202
170, 910, 203
170, 920, 197
171, 930, 202
172, 940, 201
173, 950, 201
174, 960, 202
174, 970, 198
174, 980, 202
174, 990, 203
174, 1000, 201
174, 1010, 201
175, 1020, 195
176, 1030, 201
177, 1040, 208
178, 1050, 204
179, 1060, 210
181, 1070, 205
183, 1080, 221
183, 1090, 217
186, 1100, 215
186, 1110, 221
186, 1120, 215
186, 1130, 222
186, 1140, 212
186, 1150, 226
188, 1160, 216
189, 1170, 214
192, 1180, 218
194, 1190, 231
195, 1200, 225
197, 1210, 227
199, 1220, 230
201, 1230, 232
201, 1240, 231
201, 1250, 231
203, 1260, 232
204, 1270, 227
205, 1280, 236
206, 1290, 237
207, 1300, 237
207, 1310, 237
211, 1320, 234
211, 1330, 241
211, 1340, 242
211, 1350, 236
212, 1360, 235
212, 1370, 240
213, 1380, 239
213, 1390, 238
214, 1400, 237
214, 1410, 238
214, 1420, 236
214, 1430, 243
215, 1440, 237
217, 1450, 243
217, 1460, 240
217, 1470, 234
217, 1480, 240
217, 1490, 239
219, 1500, 241
219, 1510, 240
221, 1520, 244
224, 1530, 249
226, 1540, 255
227, 1550, 254
229, 1560, 257
230, 1570, 261
233, 1580, 260
233, 1590, 267
234, 1600, 265
236, 1610, 265
237, 1620, 266
239, 1630, 272
240, 1640, 274
240, 1650, 275
240, 1660, 273
241, 1670, 275
241, 1680, 279
242, 1690, 276
242, 1700, 279
243, 1710, 280
244, 1720, 280
247, 1730, 285
248, 1740, 285
248, 1750, 288
248, 1760, 282
249, 1770, 286
250, 1780, 288
252, 1790, 285
252, 1800, 288
253, 1810, 288
255, 1820, 284
258, 1830, 291
258, 1840, 296
258, 1850, 293
258, 1860, 288
258, 1870, 290
258, 1880, 293
259, 1890, 288
259, 1900, 294
260, 1910, 285
261, 1920, 296
262, 1930, 293
262, 1940, 295
262, 1950, 294
262, 1960, 291
264, 1970, 293
268, 1980, 294
270, 1990, 298
271, 2000, 301
271, 2010, 304
272, 2020, 301
275, 2030, 301
276, 2040, 306
278, 2050, 312
278, 2060, 307
280, 2070, 310
280, 2080, 315
280, 2090, 317
283, 2100, 314
284, 2110, 317
284, 2120, 318
284, 2130, 316
286, 2140, 316
286, 2150, 316
287, 2160, 321
289, 2170, 321
291, 2180, 323
291, 2190, 324
291, 2200, 323
291, 2210, 323
292, 2220, 323
293, 2230, 324
294, 2240, 323
296, 2250, 322
297, 2260, 329
299, 2270, 328
300, 2280, 332
300, 2290, 331
301, 2300, 332
303, 2310, 328
303, 2320, 332
304, 2330, 330
304, 2340, 328
305, 2350, 334
306, 2360, 333
309, 2370, 334
309, 2380, 338
309, 2390, 337
310, 2400, 337
310, 2410, 335
310, 2420, 336
310, 2430, 336
310, 2440, 337
311, 2450, 334
312, 2460, 336
312, 2470, 338
314, 2480, 339
315, 2490, 342
317, 2500, 338
318, 2510, 344
318, 2520, 344
318, 2530, 345
320, 2540, 348
321, 2550, 347
322, 2560, 349
323, 2570, 351
324, 2580, 346
324, 2590, 347
325, 2600, 350
325, 2610, 349
326, 2620, 348
328, 2630, 350
330, 2640, 354
331, 2650, 353
332, 2660, 353
333, 2670, 356
334, 2680, 357
335, 2690, 358
336, 2700, 360
337, 2710, 357
337, 2720, 359
338, 2730, 361
341, 2740, 360
342, 2750, 363
343, 2760, 366
343, 2770, 367
343, 2780, 366
344, 2790, 368
344, 2800, 367
345, 2810, 367
347, 2820, 367
349, 2830, 370
349, 2840, 373
352, 2850, 371
355, 2860, 379
356, 2870, 384
357, 2880, 385
358, 2890, 382
360, 2900, 384
361, 2910, 385
362, 2920, 386
364, 2930, 389
365, 2940, 391
366, 2950, 392
367, 2960, 394
367, 2970, 394
369, 2980, 392
370, 2990, 396
371, 3000, 399
373, 3010, 397
375, 3020, 404
375, 3030, 403
376, 3040, 403
376, 3050, 408
378, 3060, 407
381, 3070, 409
381, 3080, 409
382, 3090, 407
382, 3100, 409
383, 3110, 412
384, 3120, 411
384, 3130, 416
385, 3140, 412
385, 3150, 410
386, 3160, 414
388, 3170, 413
389, 3180, 415
390, 3190, 417
390, 3200, 415
393, 3210, 414
393, 3220, 419
394, 3230, 418
394, 3240, 419
395, 3250, 421
396, 3260, 419
396, 3270, 419
398, 3280, 424
399, 3290, 422
401, 3300, 425
402, 3310, 428
404, 3320, 430
404, 3330, 430
404, 3340, 433
405, 3350, 430
405, 3360, 431
405, 3370, 430
407, 3380, 429
408, 3390, 433
409, 3400, 432
411, 3410, 435
412, 3420, 435
413, 3430, 437
413, 3440, 437
414, 3450, 436
415, 3460, 440
417, 3470, 440
417, 3480, 442
418, 3490, 439
420, 3500, 442
422, 3510, 443
422, 3520, 450
423, 3530, 447
423, 3540, 450
426, 3550, 448
426, 3560, 455
427, 3570, 457
428, 3580, 455
428, 3590, 455
431, 3600, 457
435, 3610, 459
436, 3620, 465
436, 3630, 466
437, 3640, 463
437, 3650, 467
440, 3660, 465
440, 3670, 469
442, 3680, 468
443, 3690, 467
444, 3700, 467
446, 3710, 470
{'count': 3710, 'truepos': 88, 'falseneg': 17, 'unknownyes': 1, 'falsepos': 358, 'unique': 3710}
13: Hall.csv: three: 0, 0
8, 10
12, 20, 127
15, 30, 137
19, 40, 107
24, 50, 94
26, 60, 92
33, 70, 94
40, 80, 85
42, 90, 112
46, 100, 109
48, 110, 114
50, 120, 106
52, 130, 95
58, 140, 91
63, 150, 91
67, 160, 112
72, 170, 100
73, 180, 116
74, 190, 114
74, 200, 119
77, 210, 96
81, 220, 101
83, 230, 97
87, 240, 98
89, 250, 101
93, 260, 105
95, 270, 118
97, 280, 115
98, 290, 115
101, 300, 113
101, 310, 117
102, 320, 115
103, 330, 116
104, 340, 118
104, 350, 120
106, 360, 122
106, 370, 125
106, 380, 129
106, 390, 125
106, 400, 121
106, 410, 123
106, 420, 118
106, 430, 119
107, 440, 122
107, 450, 119
107, 460, 117
107, 470, 116
107, 480, 118
107, 490, 116
108, 500, 117
108, 510, 117
109, 520, 117
110, 530, 121
110, 540, 117
110, 550, 119
110, 560, 120
110, 570, 120
110, 580, 120
110, 590, 119
110, 600, 118
110, 610, 117
111, 620, 119
111, 630, 120
111, 640, 120
111, 650, 119
113, 660, 117
114, 670, 120
{'count': 1471, 'truepos': 98, 'falseneg': 4, 'unknownyes': 4, 'falsepos': 16, 'unique': 670}
13: Hall.csv: machine: 0, 0
7, 10
8, 20, 113
10, 30, 113
14, 40, 107
21, 50, 101
24, 60, 98
['no' 'yes' 'yes' 'yes' 'yes' 'yes' 'yes' 'yes' 'yes' 'yes']
['no' 'no' 'yes' 'no']
25, 60, 98
28, 70, 94
35, 80, 90
39, 90, 79
44, 100, 82
46, 110, 92
['no' 'yes' 'yes' 'yes' 'yes' 'yes' 'yes' 'yes' 'yes' 'yes']
['no' 'no' 'no' 'yes' 'no' 'no' 'no' 'no' 'no' 'no']
47, 110, 92
49, 120, 85
53, 130, 81
57, 140, 87
62, 150, 86
66, 160, 90
['no' 'yes' 'no' 'yes' 'no' 'no' 'yes' 'yes' 'yes' 'yes']
['no' 'no' 'no' 'no' 'no' 'yes' 'no' 'yes' 'no' 'no']
66, 160, 90
70, 170, 91
71, 180, 98
74, 190, 89
77, 200, 94
80, 210, 97
['yes' 'yes' 'no' 'yes' 'yes' 'yes' 'yes' 'yes' 'no' 'yes']
['no' 'no' 'no' 'no' 'no' 'no' 'no' 'no' 'no' 'yes']
80, 210, 97
85, 220, 94
89, 230, 96
91, 240, 104
94, 250, 102
96, 260, 108
['yes' 'yes' 'yes' 'no' 'yes' 'yes' 'yes' 'yes' 'yes' 'yes']
['no' 'no' 'no' 'no' 'no' 'no' 'no' 'no' 'no' 'no']
94, 260, 108
96, 270, 105
100, 280, 108
100, 290, 115
105, 300, 113
107, 310, 119
['yes' 'yes' 'no' 'yes' 'yes' 'no' 'yes' 'yes' 'no' 'yes']
['no' 'no' 'no' 'no' 'no' 'yes' 'no' 'no' 'no' 'no']
107, 310, 119
109, 320, 125
110, 330, 126
111, 340, 127
114, 350, 129
115, 360, 138
['no' 'no' 'no' 'no' 'no' 'yes' 'yes' 'yes' 'no' 'no']
['no' 'no' 'no' 'no' 'yes' 'no' 'no' 'no' 'yes' 'no']
112, 360, 138
115, 370, 124
116, 380, 133
117, 390, 131
118, 400, 132
119, 410, 130
['no' 'no' 'no' 'no' 'no' 'no' 'no' 'no' 'yes' 'no']
['no' 'no' 'no' 'no' 'no' 'no' 'no' 'no' 'no' 'no']
111, 410, 130
112, 420, 133
112, 430, 123
113, 440, 124
114, 450, 126
114, 460, 125
['yes' 'yes' 'no' 'no' 'no' 'yes' 'no' 'yes' 'yes' 'no']
['no' 'no' 'no' 'no' 'no' 'no' 'no' 'no' 'no' 'no']
109, 460, 125
109, 470, 115
109, 480, 116
109, 490, 115
111, 500, 115
114, 510, 117
['no' 'yes' 'no' 'no' 'yes' 'yes' 'yes' 'no' 'no' 'no']
['no' 'no' 'no' 'no' 'no' 'no' 'no' 'no' 'no' 'no']
['yes' 'no' 'no' 'no' 'no' 'yes' 'no' 'yes' 'no' 'yes']
['no' 'no' 'no' 'no' 'no' 'yes' 'no' 'no' 'no' 'no']
{'count': 704, 'truepos': 98, 'falseneg': 4, 'unknownyes': 4, 'falsepos': 11, 'unique': 510}
13: Hall.csv: machine2: 0, 0
8, 10
11, 20, 114
17, 30, 121
20, 40, 103
24, 50, 95
30, 60, 91
['yes' 'no' 'yes' 'yes' 'yes' 'yes' 'yes' 'yes' 'yes' 'yes']
['no' 'no' 'yes' 'no' 'no' 'no' 'yes' 'no' 'no' 'no']
33, 60, 91
39, 70, 87
41, 80, 90
42, 90, 83
48, 100, 76
50, 110, 91
['yes' 'yes' 'yes' 'no' 'yes' 'yes' 'yes' 'no' 'yes' 'yes']
['yes' 'yes' 'no' 'no' 'no' 'no' 'no' 'no' 'no' 'no']
51, 110, 91
56, 120, 85
60, 130, 99
63, 140, 100
65, 150, 101
68, 160, 102
['yes' 'yes' 'yes' 'yes' 'no' 'yes' 'no' 'yes' 'yes' 'no']
['no' 'no' 'no' 'yes' 'no' 'no' 'no' 'no' 'no' 'no']
65, 160, 102
68, 170, 97
71, 180, 97
72, 190, 103
73, 200, 93
75, 210, 92
['yes' 'yes' 'yes' 'yes' 'no' 'yes' 'yes' 'yes' 'yes' 'yes']
['no' 'no' 'yes' 'no' 'no' 'no' 'no' 'no' 'yes' 'no']
77, 210, 92
81, 220, 88
87, 230, 91
90, 240, 97
93, 250, 99
95, 260, 106
['no' 'yes' 'no' 'no' 'yes' 'no' 'yes' 'yes' 'yes' 'yes']
['no' 'no' 'no' 'no' 'no' 'no' 'no' 'yes' 'no' 'no']
92, 260, 106
95, 270, 103
101, 280, 109
105, 290, 121
108, 300, 122
109, 310, 126
['no' 'no' 'no' 'no' 'yes' 'yes' 'no' 'yes' 'yes' 'yes']
['yes' 'no' 'no' 'no' 'no' 'no' 'no' 'no' 'no' 'no']
109, 310, 126
109, 320, 124
111, 330, 120
112, 340, 125
113, 350, 124
113, 360, 125
['no' 'no' 'yes' 'no' 'yes' 'no' 'yes' 'yes' 'yes' 'no']
['yes' 'no' 'no' 'no' 'no' 'no' 'no' 'yes' 'no' 'no']
110, 360, 125
110, 370, 118
112, 380, 120
113, 390, 125
114, 400, 126
114, 410, 127
['no' 'no' 'yes' 'yes' 'yes' 'yes' 'no' 'no' 'yes' 'no']
['no' 'no' 'no' 'no' 'no' 'no' 'no' 'no' 'no' 'no']
113, 410, 127
113, 420, 126
115, 430, 122
117, 440, 126
117, 450, 132
117, 460, 137
['no' 'no' 'no' 'yes' 'yes' 'yes' 'no' 'yes' 'yes' 'no']
['no' 'no' 'no' 'no' 'no' 'no' 'no' 'no' 'no' 'no']
112, 460, 137
113, 470, 122
115, 480, 125
116, 490, 126
117, 500, 124
119, 510, 134
['no' 'no' 'yes' 'no' 'no' 'yes' 'no' 'yes' 'yes' 'yes']
['no' 'no' 'no' 'no' 'no' 'no' 'no' 'no' 'no' 'no']
115, 510, 134
116, 520, 123
['no' 'no' 'no' 'no' 'no' 'yes' 'yes' 'yes' 'yes' 'yes']
['no' 'no' 'no' 'no' 'yes' 'no' 'no' 'no' 'no' 'no']
{'count': 779, 'truepos': 97, 'falseneg': 4, 'unknownyes': 5, 'falsepos': 17, 'unique': 520}
13: Hall.csv: machine3: 0, 0
4, 10
7, 20, 101
8, 30, 101
10, 40, 95
14, 50, 87
19, 60, 83
null
['no' 'no']
19, 60, 83
21, 70, 81
23, 80, 71
27, 90, 63
33, 100, 73
36, 110, 64
null
['no' 'no' 'yes' 'no' 'no' 'yes' 'no' 'no' 'no' 'no']
40, 110, 64
40, 120, 71
44, 130, 68
49, 140, 78
54, 150, 79
55, 160, 78
null
['no' 'no' 'no' 'yes' 'no' 'yes' 'no' 'no' 'no' 'yes']
57, 160, 78
58, 170, 80
58, 180, 78
60, 190, 80
60, 200, 80
61, 210, 79
null
['yes' 'no' 'no' 'no' 'no' 'no' 'no' 'no' 'yes' 'no']
62, 210, 79
65, 220, 77
70, 230, 80
70, 240, 92
71, 250, 89
73, 260, 84
null
['yes' 'no' 'no' 'no' 'yes' 'no' 'no' 'no' 'no' 'no']
76, 260, 84
77, 270, 87
77, 280, 88
78, 290, 88
79, 300, 89
80, 310, 91
null
['no' 'no' 'no' 'yes' 'no' 'no' 'no' 'no' 'no' 'yes']
82, 310, 91
83, 320, 91
83, 330, 91
83, 340, 93
84, 350, 90
85, 360, 92
null
['yes' 'yes' 'no' 'no' 'no' 'no' 'no' 'no' 'no' 'no']
87, 360, 92
87, 370, 95
87, 380, 97
88, 390, 93
88, 400, 95
90, 410, 95
null
['no' 'yes' 'no' 'no' 'no' 'no' 'no' 'no' 'no' 'yes']
91, 410, 95
91, 420, 98
94, 430, 99
95, 440, 101
95, 450, 107
95, 460, 106
null
['yes' 'no' 'no' 'yes' 'no' 'no' 'no' 'no' 'no' 'yes']
98, 460, 106
null
['no' 'yes' 'no' 'no' 'yes' 'no' 'no' 'no' 'no' 'no']
{'count': 697, 'truepos': 92, 'falseneg': 10, 'unknownyes': 4, 'falsepos': 7, 'unique': 460}
13: Wahono.csv: none: 0, 0
5, 10
8, 20, 105
12, 30, 98
17, 40, 101
19, 50, 90
22, 60, 87
26, 70, 86
27, 80, 98
29, 90, 85
30, 100, 83
30, 110, 51
31, 120, 49
33, 130, 48
33, 140, 50
34, 150, 49
38, 160, 50
39, 170, 56
44, 180, 58
48, 190, 71
50, 200, 90
52, 210, 82
53, 220, 97
54, 230, 88
55, 240, 95
58, 250, 91
59, 260, 95
60, 270, 90
64, 280, 91
66, 290, 111
68, 300, 110
70, 310, 115
71, 320, 122
71, 330, 113
71, 340, 104
71, 350, 108
73, 360, 106
76, 370, 105
76, 380, 108
77, 390, 107
78, 400, 107
80, 410, 108
82, 420, 116
82, 430, 105
85, 440, 107
85, 450, 112
86, 460, 109
90, 470, 108
91, 480, 117
93, 490, 111
94, 500, 118
97, 510, 122
98, 520, 126
100, 530, 127
101, 540, 124
103, 550, 126
104, 560, 128
107, 570, 132
109, 580, 142
110, 590, 140
113, 600, 142
115, 610, 151
118, 620, 151
121, 630, 175
121, 640, 174
121, 650, 166
123, 660, 165
124, 670, 170
125, 680, 172
125, 690, 174
126, 700, 167
127, 710, 174
127, 720, 172
130, 730, 177
131, 740, 172
132, 750, 180
133, 760, 181
134, 770, 181
134, 780, 175
135, 790, 179
136, 800, 179
137, 810, 178
138, 820, 185
138, 830, 188
138, 840, 179
140, 850, 179
142, 860, 172
143, 870, 177
143, 880, 185
144, 890, 182
147, 900, 184
147, 910, 184
147, 920, 181
148, 930, 182
148, 940, 185
150, 950, 191
150, 960, 191
150, 970, 184
150, 980, 183
154, 990, 187
157, 1000, 197
157, 1010, 217
157, 1020, 202
159, 1030, 200
160, 1040, 205
163, 1050, 201
163, 1060, 210
163, 1070, 207
163, 1080, 206
165, 1090, 203
165, 1100, 204
166, 1110, 208
169, 1120, 199
169, 1130, 205
169, 1140, 206
171, 1150, 202
172, 1160, 206
172, 1170, 206
172, 1180, 207
174, 1190, 209
175, 1200, 207
177, 1210, 210
179, 1220, 223
179, 1230, 224
180, 1240, 218
182, 1250, 222
182, 1260, 225
183, 1270, 222
183, 1280, 226
185, 1290, 230
188, 1300, 229
188, 1310, 237
188, 1320, 240
189, 1330, 232
190, 1340, 236
192, 1350, 236
193, 1360, 236
193, 1370, 235
194, 1380, 240
199, 1390, 242
199, 1400, 247
199, 1410, 250
202, 1420, 244
202, 1430, 254
203, 1440, 245
204, 1450, 253
204, 1460, 250
204, 1470, 246
204, 1480, 243
205, 1490, 245
206, 1500, 249
208, 1510, 246
209, 1520, 244
210, 1530, 249
210, 1540, 246
212, 1550, 242
212, 1560, 250
214, 1570, 245
216, 1580, 247
216, 1590, 252
217, 1600, 254
219, 1610, 252
220, 1620, 259
221, 1630, 257
221, 1640, 256
221, 1650, 260
222, 1660, 255
225, 1670, 261
229, 1680, 259
229, 1690, 264
230, 1700, 267
231, 1710, 272
232, 1720, 271
233, 1730, 267
234, 1740, 271
235, 1750, 269
236, 1760, 272
237, 1770, 271
237, 1780, 274
237, 1790, 271
239, 1800, 269
242, 1810, 275
244, 1820, 280
245, 1830, 284
245, 1840, 281
247, 1850, 283
247, 1860, 285
249, 1870, 283
251, 1880, 285
252, 1890, 291
253, 1900, 289
254, 1910, 291
255, 1920, 292
257, 1930, 292
259, 1940, 297
261, 1950, 296
263, 1960, 297
264, 1970, 304
266, 1980, 310
268, 1990, 308
269, 2000, 314
269, 2010, 308
270, 2020, 307
271, 2030, 312
272, 2040, 318
274, 2050, 312
274, 2060, 319
275, 2070, 317
275, 2080, 315
275, 2090, 318
275, 2100, 316
276, 2110, 313
277, 2120, 313
279, 2130, 318
280, 2140, 317
280, 2150, 323
280, 2160, 317
280, 2170, 316
280, 2180, 316
282, 2190, 315
283, 2200, 317
284, 2210, 319
284, 2220, 326
287, 2230, 318
287, 2240, 324
287, 2250, 322
288, 2260, 322
289, 2270, 326
290, 2280, 325
290, 2290, 324
291, 2300, 325
292, 2310, 324
292, 2320, 328
293, 2330, 327
294, 2340, 324
296, 2350, 328
296, 2360, 337
298, 2370, 332
299, 2380, 334
301, 2390, 336
301, 2400, 342
304, 2410, 340
304, 2420, 342
304, 2430, 341
306, 2440, 341
306, 2450, 342
306, 2460, 344
306, 2470, 343
307, 2480, 345
308, 2490, 344
309, 2500, 339
311, 2510, 346
311, 2520, 346
311, 2530, 345
312, 2540, 344
313, 2550, 345
314, 2560, 349
316, 2570, 348
316, 2580, 349
319, 2590, 352
320, 2600, 351
321, 2610, 354
323, 2620, 355
324, 2630, 359
326, 2640, 364
326, 2650, 365
326, 2660, 361
329, 2670, 362
332, 2680, 364
333, 2690, 366
334, 2700, 369
335, 2710, 365
336, 2720, 364
336, 2730, 372
337, 2740, 367
338, 2750, 370
338, 2760, 369
338, 2770, 370
338, 2780, 372
339, 2790, 370
340, 2800, 369
341, 2810, 370
342, 2820, 368
343, 2830, 370
344, 2840, 371
346, 2850, 374
346, 2860, 379
346, 2870, 376
348, 2880, 381
348, 2890, 383
348, 2900, 379
349, 2910, 381
351, 2920, 379
351, 2930, 381
351, 2940, 384
353, 2950, 381
356, 2960, 387
358, 2970, 389
358, 2980, 395
360, 2990, 390
360, 3000, 395
362, 3010, 393
363, 3020, 396
363, 3030, 396
364, 3040, 395
365, 3050, 398
366, 3060, 397
367, 3070, 398
368, 3080, 396
370, 3090, 401
372, 3100, 407
372, 3110, 406
374, 3120, 404
375, 3130, 408
375, 3140, 412
375, 3150, 410
378, 3160, 411
380, 3170, 415
381, 3180, 414
382, 3190, 418
382, 3200, 420
383, 3210, 416
383, 3220, 415
385, 3230, 416
385, 3240, 419
388, 3250, 420
388, 3260, 425
390, 3270, 422
391, 3280, 424
392, 3290, 427
393, 3300, 428
393, 3310, 429
394, 3320, 429
396, 3330, 428
396, 3340, 432
397, 3350, 432
397, 3360, 436
399, 3370, 434
402, 3380, 436
404, 3390, 436
406, 3400, 438
406, 3410, 440
407, 3420, 439
409, 3430, 440
410, 3440, 442
411, 3450, 447
413, 3460, 444
414, 3470, 448
415, 3480, 443
415, 3490, 448
417, 3500, 446
417, 3510, 450
418, 3520, 450
420, 3530, 449
421, 3540, 449
421, 3550, 452
423, 3560, 453
423, 3570, 453
424, 3580, 454
425, 3590, 452
427, 3600, 453
428, 3610, 454
428, 3620, 457
428, 3630, 456
428, 3640, 458
429, 3650, 455
429, 3660, 455
430, 3670, 455
433, 3680, 457
436, 3690, 467
437, 3700, 468
437, 3710, 469
437, 3720, 469
438, 3730, 468
438, 3740, 468
438, 3750, 466
439, 3760, 468
441, 3770, 468
442, 3780, 472
444, 3790, 473
445, 3800, 475
446, 3810, 475
447, 3820, 476
450, 3830, 475
451, 3840, 479
451, 3850, 478
451, 3860, 478
452, 3870, 478
453, 3880, 478
453, 3890, 479
453, 3900, 480
453, 3910, 481
454, 3920, 481
456, 3930, 480
457, 3940, 483
{'count': 3940, 'truepos': 59, 'falseneg': 3, 'unknownyes': 0, 'falsepos': 398, 'unique': 3940}
13: Wahono.csv: three: 0, 0
6, 10
7, 20, 101
8, 30, 96
10, 40, 97
13, 50, 88
16, 60, 80
20, 70, 76
21, 80, 81
22, 90, 64
24, 100, 56
26, 110, 56
27, 120, 60
29, 130, 55
31, 140, 56
36, 150, 52
39, 160, 63
42, 170, 66
43, 180, 78
43, 190, 73
43, 200, 74
44, 210, 71
46, 220, 65
47, 230, 68
48, 240, 70
51, 250, 72
51, 260, 81
51, 270, 74
51, 280, 72
54, 290, 71
54, 300, 74
55, 310, 75
55, 320, 78
56, 330, 72
56, 340, 73
57, 350, 77
59, 360, 72
59, 370, 77
59, 380, 74
60, 390, 74
60, 400, 73
60, 410, 76
60, 420, 72
61, 430, 72
63, 440, 74
63, 450, 78
63, 460, 77
64, 470, 77
65, 480, 79
66, 490, 75
66, 500, 82
66, 510, 79
68, 520, 78
68, 530, 84
68, 540, 80
69, 550, 80
69, 560, 86
69, 570, 85
69, 580, 82
69, 590, 83
70, 600, 83
71, 610, 87
72, 620, 87
72, 630, 87
72, 640, 88
72, 650, 87
73, 660, 90
73, 670, 87
73, 680, 88
73, 690, 89
73, 700, 85
73, 710, 85
73, 720, 84
73, 730, 85
74, 740, 85
74, 750, 87
76, 760, 84
76, 770, 94
78, 780, 89
78, 790, 92
78, 800, 90
78, 810, 88
79, 820, 91
80, 830, 90
80, 840, 93
82, 850, 93
83, 860, 93
83, 870, 98
83, 880, 99
83, 890, 95
83, 900, 96
84, 910, 95
84, 920, 97
84, 930, 96
84, 940, 96
84, 950, 97
84, 960, 95
85, 970, 95
85, 980, 95
85, 990, 96
85, 1000, 96
85, 1010, 96
86, 1020, 96
86, 1030, 97
86, 1040, 98
86, 1050, 97
87, 1060, 96
87, 1070, 97
87, 1080, 98
87, 1090, 96
87, 1100, 98
87, 1110, 96
87, 1120, 96
87, 1130, 95
87, 1140, 95
87, 1150, 95
87, 1160, 95
87, 1170, 96
88, 1180, 94
88, 1190, 96
89, 1200, 97
89, 1210, 97
89, 1220, 96
89, 1230, 97
89, 1240, 96
89, 1250, 97
89, 1260, 96
89, 1270, 96
89, 1280, 96
89, 1290, 95
89, 1300, 96
90, 1310, 96
90, 1320, 97
90, 1330, 97
90, 1340, 98
90, 1350, 96
90, 1360, 97
90, 1370, 97
90, 1380, 97
90, 1390, 97
90, 1400, 97
90, 1410, 96
90, 1420, 96
91, 1430, 97
92, 1440, 97
92, 1450, 98
93, 1460, 98
93, 1470, 98
95, 1480, 99
95, 1490, 101
95, 1500, 101
95, 1510, 102
95, 1520, 101
95, 1530, 101
95, 1540, 101
96, 1550, 102
96, 1560, 103
97, 1570, 102
99, 1580, 103
99, 1590, 106
99, 1600, 105
{'count': 3471, 'truepos': 58, 'falseneg': 1, 'unknownyes': 3, 'falsepos': 41, 'unique': 1600}
13: Wahono.csv: machine: 0, 0
6, 10
9, 20, 105
9, 30, 113
9, 40, 103
14, 50, 91
17, 60, 96
['yes' 'yes' 'no' 'yes' 'yes' 'yes' 'yes' 'yes' 'yes' 'yes']
[]
16, 60, 96
20, 70, 80
22, 80, 80
24, 90, 79
28, 100, 68
30, 110, 74
['yes' 'yes' 'yes' 'no' 'yes' 'yes' 'yes' 'yes' 'no' 'no']
['no' 'no' 'no' 'no' 'no' 'no' 'no' 'no' 'no' 'no']
25, 110, 74
28, 120, 64
29, 130, 74
31, 140, 66
32, 150, 61
34, 160, 58
['no' 'no' 'no' 'yes' 'no' 'no' 'yes' 'yes' 'yes' 'no']
['no' 'no' 'yes' 'no' 'no' 'no' 'no' 'no' 'no' 'no']
33, 160, 58
36, 170, 62
39, 180, 65
40, 190, 76
41, 200, 73
43, 210, 68
['no' 'yes' 'yes' 'yes' 'yes' 'yes' 'no' 'yes' 'yes' 'yes']
['no' 'no' 'no' 'no' 'no' 'no' 'no' 'no' 'no' 'no']
42, 210, 68
42, 220, 68
44, 230, 64
45, 240, 71
46, 250, 63
46, 260, 70
['yes' 'no' 'no' 'no' 'yes' 'no' 'yes' 'no' 'yes' 'yes']
['yes' 'no' 'no' 'no' 'no' 'no' 'no' 'no' 'no' 'no']
43, 260, 70
45, 270, 61
47, 280, 63
51, 290, 67
54, 300, 73
55, 310, 77
['yes' 'no' 'no' 'yes' 'yes' 'yes' 'yes' 'no' 'yes' 'no']
['no' 'no' 'no' 'no' 'no' 'no' 'no' 'no' 'no' 'no']
54, 310, 77
56, 320, 78
56, 330, 81
59, 340, 81
60, 350, 85
60, 360, 91
['no' 'no' 'yes' 'no' 'no' 'no' 'no' 'no' 'no' 'no']
['no' 'no' 'no' 'no' 'no' 'no' 'no' 'no' 'no' 'no']
51, 360, 91
53, 370, 68
55, 380, 68
57, 390, 72
58, 400, 74
59, 410, 74
['yes' 'yes' 'no' 'yes' 'no' 'yes' 'no' 'no' 'no' 'yes']
['no' 'no' 'no' 'no' 'no' 'no' 'no' 'no' 'no' 'no']
55, 410, 74
56, 420, 67
58, 430, 72
58, 440, 71
59, 450, 70
62, 460, 75
['yes' 'no' 'yes' 'no' 'yes' 'no' 'yes' 'yes' 'yes' 'yes']
['no' 'no' 'no' 'no' 'no' 'no' 'no' 'no' 'no' 'no']
57, 460, 75
57, 470, 69
59, 480, 67
61, 490, 73
61, 500, 74
61, 510, 73
['no' 'no' 'yes' 'no' 'yes' 'no']
['no' 'no' 'no' 'no' 'no' 'no' 'no' 'no' 'no' 'no']
59, 510, 73
59, 520, 69
60, 530, 70
60, 540, 72
61, 550, 71
61, 560, 72
['no' 'no' 'no' 'no']
['no' 'no' 'no' 'no' 'no' 'no' 'no' 'no' 'no' 'no']
57, 560, 72
57, 570, 65
58, 580, 66
58, 590, 67
59, 600, 66
59, 610, 67
['no' 'no']
['no' 'no' 'no' 'no' 'no' 'no' 'no' 'no' 'no' 'no']
57, 610, 67
59, 620, 66
61, 630, 67
63, 640, 70
65, 650, 73
65, 660, 77
['no' 'no' 'no' 'no' 'no' 'yes' 'yes' 'yes']
['no' 'no' 'no' 'no' 'no' 'no' 'no' 'no' 'no' 'no']
60, 660, 77
62, 670, 68
63, 680, 70
65, 690, 72
65, 700, 74
65, 710, 76
['no' 'yes' 'no' 'no' 'no' 'no']
['no' 'no' 'no' 'no' 'no' 'no' 'no' 'no' 'no' 'no']
60, 710, 76
61, 720, 67
61, 730, 70
62, 740, 71
63, 750, 72
64, 760, 71
['no' 'no' 'no' 'no']
['no' 'no' 'no' 'no' 'no' 'no' 'no' 'no' 'no' 'no']
62, 760, 71
63, 770, 69
63, 780, 70
64, 790, 71
64, 800, 72
67, 810, 72
['no' 'no' 'no' 'no' 'no' 'no']
['no' 'no' 'no' 'no' 'no' 'no' 'no' 'no' 'no' 'no']
62, 810, 72
63, 820, 69
63, 830, 69
65, 840, 70
65, 850, 72
66, 860, 72
['no' 'no' 'no' 'no' 'no']
['no' 'no' 'no' 'no' 'no' 'no' 'no' 'no' 'no' 'no']
64, 860, 72
66, 870, 70
68, 880, 75
69, 890, 77
70, 900, 77
70, 910, 80
['no' 'no' 'no' 'no' 'yes' 'no' 'no']
['no' 'no' 'no' 'no' 'no' 'no' 'no' 'no' 'no' 'no']
65, 910, 80
65, 920, 70
67, 930, 71
69, 940, 74
70, 950, 76
70, 960, 77
['no' 'no' 'no' 'no' 'no' 'no']
['no' 'no' 'no' 'no' 'no' 'no' 'no' 'no' 'no' 'no']
67, 960, 77
67, 970, 73
68, 980, 75
68, 990, 75
68, 1000, 75
68, 1010, 74
['no' 'no' 'no']
['no' 'no' 'no' 'no' 'no' 'no' 'no' 'no' 'no' 'no']
65, 1010, 74
65, 1020, 70
65, 1030, 70
65, 1040, 70
66, 1050, 71
68, 1060, 71
['no' 'no' 'no']
['no' 'no' 'no' 'no' 'no' 'no' 'no' 'no' 'no' 'no']
['no' 'no' 'no']
['no' 'no' 'no' 'no' 'no' 'no' 'no' 'no' 'no' 'no']
{'count': 1410, 'truepos': 55, 'falseneg': 4, 'unknownyes': 3, 'falsepos': 12, 'unique': 1060}
13: Wahono.csv: machine2: 0, 0
6, 10
10, 20, 101
13, 30, 128
17, 40, 97
20, 50, 90
22, 60, 92
['yes' 'yes' 'no' 'yes' 'yes' 'yes' 'no' 'yes' 'yes' 'no']
['no' 'no']
20, 60, 92
22, 70, 92
25, 80, 84
27, 90, 84
32, 100, 81
36, 110, 74
['yes' 'no' 'yes' 'yes' 'yes' 'no' 'yes' 'yes' 'yes' 'no']
['no' 'no' 'no' 'no' 'no' 'no' 'no' 'no' 'no' 'no']
36, 110, 74
39, 120, 80
39, 130, 85
40, 140, 73
40, 150, 75
41, 160, 69
['no' 'yes' 'no' 'no' 'no' 'yes' 'yes' 'yes' 'no' 'yes']
['no' 'no' 'no' 'no' 'no' 'yes' 'no' 'no' 'no' 'no']
39, 160, 69
41, 170, 67
42, 180, 66
46, 190, 69
46, 200, 78
48, 210, 80
['no' 'yes' 'no' 'yes' 'no' 'yes' 'no' 'yes' 'no' 'yes']
['no' 'no' 'no' 'no' 'no' 'no' 'no' 'no' 'no' 'no']
46, 210, 80
49, 220, 65
49, 230, 71
51, 240, 72
51, 250, 73
52, 260, 75
['no' 'no' 'yes' 'no' 'no' 'yes' 'no' 'yes' 'no' 'yes']
['yes' 'no' 'no' 'no' 'no' 'no' 'no' 'no' 'no' 'no']
47, 260, 75
47, 270, 70
49, 280, 65
51, 290, 66
51, 300, 71
52, 310, 70
['yes' 'no' 'yes' 'no' 'no' 'yes' 'yes' 'no' 'no' 'yes']
['no' 'no' 'no' 'no' 'no' 'no' 'no' 'no' 'no' 'no']
48, 310, 70
50, 320, 68
52, 330, 64
53, 340, 67
55, 350, 67
56, 360, 77
['no' 'no' 'no' 'yes' 'no' 'no' 'no' 'yes' 'no' 'yes']
['no' 'no' 'no' 'no' 'no' 'no' 'no' 'no' 'no' 'no']
51, 360, 77
51, 370, 66
51, 380, 66
54, 390, 62
56, 400, 72
57, 410, 71
['no' 'no' 'no' 'no' 'no' 'no' 'yes' 'no' 'yes' 'yes']
['no' 'no' 'no' 'no' 'no' 'no' 'no' 'no' 'no' 'no']
51, 410, 71
53, 420, 63
56, 430, 66
58, 440, 80
58, 450, 87
60, 460, 75
['no' 'no' 'no' 'yes' 'yes' 'no' 'no' 'no' 'no' 'no']
['no' 'no' 'no' 'no' 'no' 'no' 'yes' 'no' 'no' 'no']
57, 460, 75
59, 470, 73
59, 480, 82
59, 490, 71
59, 500, 75
63, 510, 75
['no' 'no' 'no' 'no' 'no' 'no' 'no' 'no' 'yes' 'yes']
['no' 'no' 'no' 'no' 'no' 'no' 'no' 'no' 'no' 'no']
57, 510, 75
58, 520, 79
59, 530, 79
59, 540, 81
60, 550, 76
60, 560, 84
['no' 'no' 'no' 'no' 'no' 'yes' 'no']
['no' 'no' 'no' 'no' 'no' 'no' 'no' 'no' 'no' 'no']
56, 560, 84
57, 570, 75
58, 580, 68
58, 590, 75
59, 600, 72
60, 610, 70
['no' 'no' 'no' 'no' 'no' 'no']
['no' 'no' 'no' 'no' 'no' 'no' 'no' 'no' 'no' 'no']
59, 610, 70
59, 620, 70
60, 630, 77
60, 640, 81
62, 650, 78
64, 660, 78
['no' 'no' 'no' 'no' 'no' 'no' 'no' 'no']
['no' 'no' 'no' 'no' 'no' 'no' 'no' 'no' 'no' 'no']
59, 660, 78
60, 670, 71
61, 680, 75
63, 690, 75
63, 700, 80
64, 710, 77
['no' 'yes' 'no' 'no' 'no' 'no' 'no']
['no' 'no' 'no' 'no' 'no' 'no' 'no' 'no' 'no' 'no']
60, 710, 77
61, 720, 70
64, 730, 74
65, 740, 73
66, 750, 75
67, 760, 76
['no' 'no' 'no' 'no' 'no' 'no' 'no']
['no' 'no' 'no' 'no' 'no' 'no' 'no' 'no' 'no' 'no']
60, 760, 76
60, 770, 72
63, 780, 69
64, 790, 74
65, 800, 75
66, 810, 77
['no' 'no' 'yes' 'no' 'no' 'no']
['no' 'no' 'no' 'no' 'no' 'no' 'no' 'no' 'no' 'no']
63, 810, 77
64, 820, 71
66, 830, 77
67, 840, 73
67, 850, 80
69, 860, 78
['no' 'no' 'no' 'no' 'no' 'no' 'no']
['no' 'no' 'no' 'no' 'no' 'no' 'no' 'no' 'no' 'no']
66, 860, 78
66, 870, 79
66, 880, 79
67, 890, 76
67, 900, 75
67, 910, 76
['no' 'no']
['no' 'no' 'no' 'no' 'no' 'no' 'no' 'no' 'no' 'no']
65, 910, 76
67, 920, 72
68, 930, 75
69, 940, 75
71, 950, 77
72, 960, 78
['yes' 'no' 'no' 'yes' 'no' 'no' 'no']
['no' 'no' 'no' 'no' 'no' 'no' 'no' 'no' 'no' 'no']
68, 960, 78
69, 970, 74
70, 980, 75
71, 990, 77
73, 1000, 77
73, 1010, 80
['no' 'yes' 'no' 'no' 'no' 'no']
['no' 'no' 'no' 'no' 'no' 'no' 'no' 'no' 'no' 'no']
69, 1010, 80
70, 1020, 76
71, 1030, 77
73, 1040, 78
73, 1050, 81
74, 1060, 81
['no' 'no' 'no' 'yes' 'no']
['no' 'no' 'no' 'no' 'no' 'no' 'no' 'no' 'no' 'no']
71, 1060, 81
72, 1070, 79
73, 1080, 79
74, 1090, 81
76, 1100, 83
77, 1110, 86
['yes' 'no' 'no' 'no' 'no' 'no']
['no' 'no' 'no' 'no' 'no' 'no' 'no' 'no' 'no' 'no']
75, 1110, 86
76, 1120, 82
77, 1130, 84
77, 1140, 90
80, 1150, 87
81, 1160, 91
['no' 'no' 'no' 'no' 'no' 'no' 'no']
['no' 'no' 'no' 'no' 'no' 'no' 'no' 'no' 'no' 'yes']
76, 1160, 91
76, 1170, 84
79, 1180, 83
81, 1190, 93
81, 1200, 94
82, 1210, 94
['no' 'no' 'no' 'no' 'yes' 'yes' 'no']
['no' 'no' 'no' 'no' 'no' 'no' 'no' 'no' 'no' 'no']
81, 1210, 94
83, 1220, 90
84, 1230, 95
87, 1240, 99
89, 1250, 102
91, 1260, 106
['no' 'no' 'no' 'no' 'no' 'no' 'no' 'no' 'no' 'no']
['no' 'no' 'no' 'no' 'no' 'no' 'no' 'no' 'no' 'no']
83, 1260, 106
86, 1270, 95
86, 1280, 97
88, 1290, 97
88, 1300, 99
89, 1310, 97
['no' 'no' 'no' 'no' 'no' 'no' 'no' 'no' 'no']
['no' 'no' 'no' 'no' 'no' 'no' 'no' 'no' 'no' 'no']
82, 1310, 97
84, 1320, 90
84, 1330, 95
85, 1340, 96
86, 1350, 99
87, 1360, 100
['no' 'yes' 'no' 'no' 'no']
['no' 'no' 'no' 'no' 'no' 'no' 'no' 'no' 'no' 'no']
83, 1360, 100
83, 1370, 93
84, 1380, 91
84, 1390, 93
84, 1400, 93
84, 1410, 92
['no']
['no' 'no' 'no' 'no' 'no' 'no' 'no' 'no' 'no' 'no']
84, 1410, 92
85, 1420, 93
86, 1430, 93
88, 1440, 96
91, 1450, 100
94, 1460, 105
['no' 'no' 'no' 'no' 'no' 'no' 'no' 'no' 'no' 'no']
['no' 'no' 'no' 'no' 'no' 'no' 'no' 'no' 'yes' 'no']
86, 1460, 105
86, 1470, 96
86, 1480, 97
87, 1490, 97
87, 1500, 100
87, 1510, 98
['no' 'no' 'yes']
['no' 'no' 'no' 'no' 'no' 'no' 'no' 'no' 'no' 'no']
87, 1510, 98
87, 1520, 95
87, 1530, 96
88, 1540, 95
89, 1550, 96
89, 1560, 98
['no' 'no' 'no' 'no']
['no' 'no' 'no' 'no' 'no' 'no' 'no' 'no' 'no' 'no']
85, 1560, 98
85, 1570, 92
86, 1580, 94
88, 1590, 94
88, 1600, 96
90, 1610, 96
['no' 'no' 'no' 'no' 'no']
['no' 'no' 'no' 'no' 'no' 'no' 'no' 'no' 'no' 'no']
85, 1610, 96
87, 1620, 92
87, 1630, 94
90, 1640, 92
91, 1650, 97
93, 1660, 97
['no' 'no' 'no' 'no' 'no' 'no' 'no' 'no']
['no' 'no' 'no' 'no' 'no' 'no' 'no' 'no' 'no' 'no']
['no' 'no' 'no' 'no' 'no' 'no' 'no' 'no']
['no' 'no' 'no' 'no' 'no' 'no' 'no' 'no' 'no' 'no']
{'count': 2371, 'truepos': 53, 'falseneg': 6, 'unknownyes': 3, 'falsepos': 33, 'unique': 1660}
13: Wahono.csv: machine3: 0, 0
4, 10
6, 20, 110
6, 30, 93
11, 40, 74
15, 50, 91
16, 60, 84
null
['no']
16, 60, 84
17, 70, 65
18, 80, 61
20, 90, 50
22, 100, 55
22, 110, 54
null
['no']
22, 110, 54
24, 120, 50
25, 130, 52
25, 140, 53
27, 150, 50
29, 160, 49
null
[]
31, 170, 52
32, 180, 51
34, 190, 55
37, 200, 63
38, 210, 65
39, 220, 66
null
['no' 'no' 'no' 'no' 'no' 'no' 'no' 'no' 'yes' 'no']
40, 220, 66
41, 230, 65
41, 240, 67
42, 250, 62
42, 260, 67
42, 270, 61
null
['no' 'no' 'yes' 'no' 'no' 'no' 'yes' 'no' 'no' 'no']
44, 270, 61
45, 280, 67
47, 290, 60
47, 300, 66
47, 310, 61
47, 320, 61
null
['no' 'no' 'yes' 'no' 'no' 'no' 'no' 'no' 'no' 'no']
48, 320, 61
49, 330, 65
49, 340, 66
49, 350, 64
49, 360, 65
49, 370, 65
null
['no' 'no' 'yes' 'no' 'no' 'no' 'no' 'no' 'no' 'no']
50, 370, 65
50, 380, 65
51, 390, 61
51, 400, 67
51, 410, 64
53, 420, 62
null
['no' 'no' 'no' 'no' 'no' 'no' 'yes' 'no' 'no' 'yes']
55, 420, 62
55, 430, 69
55, 440, 66
55, 450, 70
55, 460, 67
55, 470, 66
null
['no' 'no' 'no' 'no' 'no' 'no' 'no' 'no' 'no' 'no']
55, 470, 66
55, 480, 68
55, 490, 65
56, 500, 66
56, 510, 66
57, 520, 65
null
['no' 'no' 'no' 'no' 'no' 'no' 'no' 'no' 'no' 'no']
57, 520, 65
57, 530, 67
58, 540, 66
58, 550, 67
58, 560, 67
58, 570, 68
null
['no' 'no' 'no' 'no' 'no' 'no' 'no' 'no' 'no' 'no']
58, 570, 68
58, 580, 66
60, 590, 67
61, 600, 68
61, 610, 71
61, 620, 69
null
['no' 'no' 'no' 'no' 'no' 'no' 'no' 'no' 'no' 'no']
61, 620, 69
61, 630, 71
61, 640, 69
62, 650, 70
62, 660, 70
62, 670, 69
null
['no' 'no' 'no' 'no' 'no' 'no' 'no' 'no' 'no' 'no']
63, 670, 69
63, 680, 71
63, 690, 71
64, 700, 70
65, 710, 71
65, 720, 72
null
['no' 'no' 'no' 'no' 'no' 'no' 'no' 'no' 'no' 'no']
65, 720, 72
65, 730, 72
65, 740, 71
65, 750, 72
65, 760, 71
66, 770, 71
null
['no' 'no' 'no' 'no' 'no' 'no' 'no' 'no' 'no' 'no']
66, 770, 71
66, 780, 73
66, 790, 73
66, 800, 73
66, 810, 72
66, 820, 72
null
['no' 'no' 'no' 'no' 'no' 'no' 'no' 'no' 'no' 'no']
66, 820, 72
66, 830, 71
66, 840, 72
66, 850, 71
66, 860, 72
66, 870, 72
null
['no' 'no' 'no' 'no' 'no' 'no' 'no' 'no' 'no' 'no']
66, 870, 72
66, 880, 72
66, 890, 72
66, 900, 71
66, 910, 72
66, 920, 72
null
['no' 'no' 'no' 'yes' 'no' 'no' 'no' 'no' 'yes' 'no']
68, 920, 72
68, 930, 73
68, 940, 73
68, 950, 73
68, 960, 73
68, 970, 73
null
['no' 'no' 'no' 'no' 'no' 'no' 'no' 'no' 'no' 'no']
68, 970, 73
68, 980, 73
68, 990, 73
68, 1000, 73
68, 1010, 72
69, 1020, 72
null
['no' 'no' 'no' 'no' 'no' 'no' 'no' 'no' 'no' 'no']
null
['no' 'no' 'no' 'no' 'no' 'no' 'no' 'no' 'no' 'no']
{'count': 1364, 'truepos': 55, 'falseneg': 4, 'unknownyes': 3, 'falsepos': 14, 'unique': 1020}
13: Danijel.csv: none: 0, 0
3, 10
3, 20, 105
6, 30, 75
6, 40, 85
9, 50, 55
12, 60, 60
13, 70, 72
15, 80, 64
17, 90, 58
19, 100, 60
21, 110, 57
23, 120, 57
23, 130, 58
23, 140, 54
24, 150, 49
26, 160, 48
27, 170, 49
30, 180, 49
31, 190, 52
33, 200, 59
34, 210, 55
34, 220, 54
34, 230, 51
34, 240, 59
35, 250, 52
36, 260, 60
40, 270, 53
42, 280, 59
44, 290, 67
48, 300, 64
50, 310, 67
50, 320, 79
50, 330, 70
51, 340, 70
53, 350, 65
53, 360, 68
54, 370, 78
54, 380, 77
54, 390, 82
54, 400, 80
54, 410, 74
54, 420, 71
56, 430, 76
57, 440, 71
57, 450, 81
60, 460, 72
61, 470, 81
62, 480, 75
62, 490, 81
65, 500, 76
67, 510, 80
68, 520, 79
71, 530, 79
74, 540, 81
74, 550, 87
77, 560, 91
79, 570, 90
82, 580, 91
83, 590, 99
83, 600, 103
85, 610, 103
87, 620, 102
88, 630, 111
90, 640, 104
90, 650, 110
90, 660, 102
92, 670, 105
93, 680, 108
93, 690, 112
95, 700, 106
96, 710, 112
96, 720, 114
98, 730, 112
98, 740, 113
98, 750, 113
99, 760, 113
100, 770, 115
101, 780, 118
101, 790, 119
103, 800, 121
103, 810, 123
103, 820, 123
103, 830, 119
104, 840, 121
106, 850, 123
107, 860, 125
108, 870, 134
108, 880, 133
108, 890, 132
108, 900, 129
109, 910, 133
109, 920, 130
110, 930, 127
112, 940, 128
112, 950, 128
115, 960, 134
115, 970, 140
115, 980, 136
115, 990, 136
118, 1000, 136
121, 1010, 144
121, 1020, 154
123, 1030, 149
123, 1040, 161
123, 1050, 157
123, 1060, 154
124, 1070, 153
125, 1080, 149
126, 1090, 151
126, 1100, 148
128, 1110, 151
128, 1120, 150
131, 1130, 148
131, 1140, 155
134, 1150, 153
136, 1160, 155
138, 1170, 162
140, 1180, 162
141, 1190, 163
141, 1200, 164
142, 1210, 162
143, 1220, 166
146, 1230, 168
146, 1240, 173
146, 1250, 174
146, 1260, 174
147, 1270, 172
147, 1280, 174
147, 1290, 168
147, 1300, 171
147, 1310, 171
148, 1320, 169
148, 1330, 171
148, 1340, 172
150, 1350, 169
150, 1360, 176
152, 1370, 173
156, 1380, 174
157, 1390, 181
159, 1400, 178
161, 1410, 177
162, 1420, 184
164, 1430, 186
166, 1440, 186
166, 1450, 192
166, 1460, 188
166, 1470, 187
168, 1480, 188
169, 1490, 190
170, 1500, 193
171, 1510, 193
173, 1520, 197
175, 1530, 194
176, 1540, 200
176, 1550, 201
176, 1560, 201
177, 1570, 200
180, 1580, 200
181, 1590, 209
182, 1600, 208
183, 1610, 209
184, 1620, 215
184, 1630, 214
185, 1640, 213
186, 1650, 210
187, 1660, 214
187, 1670, 217
188, 1680, 218
189, 1690, 218
190, 1700, 215
191, 1710, 218
191, 1720, 218
192, 1730, 219
193, 1740, 219
193, 1750, 220
193, 1760, 219
193, 1770, 217
194, 1780, 219
195, 1790, 221
196, 1800, 220
196, 1810, 224
197, 1820, 225
197, 1830, 227
197, 1840, 225
198, 1850, 225
198, 1860, 223
200, 1870, 223
200, 1880, 225
202, 1890, 223
203, 1900, 229
203, 1910, 230
204, 1920, 230
206, 1930, 229
207, 1940, 227
208, 1950, 231
209, 1960, 233
210, 1970, 233
211, 1980, 235
212, 1990, 235
213, 2000, 235
214, 2010, 235
215, 2020, 236
217, 2030, 238
217, 2040, 241
220, 2050, 238
220, 2060, 245
222, 2070, 244
222, 2080, 245
222, 2090, 246
225, 2100, 244
225, 2110, 252
226, 2120, 250
228, 2130, 248
228, 2140, 253
228, 2150, 250
231, 2160, 250
233, 2170, 255
233, 2180, 257
233, 2190, 255
234, 2200, 255
235, 2210, 256
235, 2220, 258
235, 2230, 258
237, 2240, 258
239, 2250, 261
241, 2260, 263
243, 2270, 264
244, 2280, 266
244, 2290, 269
245, 2300, 268
247, 2310, 270
248, 2320, 274
249, 2330, 274
250, 2340, 273
250, 2350, 274
250, 2360, 276
250, 2370, 277
250, 2380, 276
250, 2390, 272
250, 2400, 273
251, 2410, 274
254, 2420, 274
257, 2430, 276
257, 2440, 283
258, 2450, 281
258, 2460, 282
258, 2470, 281
259, 2480, 282
259, 2490, 285
259, 2500, 283
260, 2510, 285
261, 2520, 284
261, 2530, 285
261, 2540, 286
262, 2550, 284
264, 2560, 286
265, 2570, 287
267, 2580, 289
269, 2590, 289
271, 2600, 294
272, 2610, 295
273, 2620, 296
274, 2630, 299
274, 2640, 299
274, 2650, 297
276, 2660, 297
276, 2670, 301
276, 2680, 300
276, 2690, 299
278, 2700, 297
278, 2710, 299
281, 2720, 298
281, 2730, 302
285, 2740, 301
285, 2750, 308
286, 2760, 306
286, 2770, 306
288, 2780, 306
290, 2790, 309
291, 2800, 313
291, 2810, 313
292, 2820, 311
292, 2830, 313
294, 2840, 315
298, 2850, 316
298, 2860, 322
299, 2870, 319
300, 2880, 321
300, 2890, 322
301, 2900, 322
303, 2910, 322
303, 2920, 325
304, 2930, 326
306, 2940, 325
306, 2950, 327
309, 2960, 328
311, 2970, 330
312, 2980, 332
312, 2990, 334
314, 3000, 333
317, 3010, 334
317, 3020, 339
318, 3030, 339
319, 3040, 337
319, 3050, 340
320, 3060, 340
323, 3070, 341
325, 3080, 344
325, 3090, 347
326, 3100, 347
327, 3110, 346
330, 3120, 348
330, 3130, 352
330, 3140, 351
333, 3150, 349
334, 3160, 353
334, 3170, 355
334, 3180, 353
{'count': 3180, 'truepos': 41, 'falseneg': 6, 'unknownyes': 1, 'falsepos': 293, 'unique': 3180}
13: Danijel.csv: three: 0, 0
4, 10
4, 20, 121
7, 30, 95
8, 40, 92
11, 50, 74
13, 60, 75
15, 70, 70
17, 80, 65
20, 90, 66
23, 100, 61
26, 110, 63
28, 120, 67
30, 130, 67
31, 140, 50
35, 150, 47
35, 160, 56
37, 170, 52
37, 180, 54
37, 190, 52
38, 200, 50
38, 210, 51
39, 220, 50
41, 230, 51
41, 240, 52
41, 250, 52
41, 260, 51
42, 270, 51
43, 280, 52
44, 290, 56
45, 300, 55
45, 310, 55
46, 320, 53
47, 330, 56
47, 340, 58
47, 350, 58
47, 360, 56
47, 370, 55
49, 380, 55
49, 390, 64
49, 400, 60
49, 410, 58
49, 420, 57
50, 430, 60
50, 440, 60
51, 450, 63
51, 460, 60
51, 470, 68
51, 480, 61
51, 490, 59
52, 500, 59
52, 510, 64
53, 520, 61
54, 530, 66
55, 540, 66
55, 550, 66
55, 560, 67
55, 570, 65
55, 580, 66
56, 590, 63
56, 600, 67
56, 610, 65
57, 620, 63
58, 630, 65
58, 640, 64
59, 650, 63
59, 660, 65
59, 670, 66
60, 680, 66
60, 690, 69
60, 700, 68
61, 710, 68
61, 720, 66
62, 730, 66
62, 740, 69
63, 750, 67
63, 760, 68
63, 770, 68
63, 780, 69
63, 790, 68
64, 800, 67
64, 810, 68
64, 820, 68
64, 830, 69
65, 840, 68
65, 850, 70
66, 860, 70
66, 870, 72
66, 880, 70
66, 890, 72
67, 900, 73
67, 910, 71
67, 920, 72
67, 930, 72
{'count': 2025, 'truepos': 45, 'falseneg': 0, 'unknownyes': 3, 'falsepos': 22, 'unique': 930}
13: Danijel.csv: machine: 0, 0
4, 10
5, 20, 120
7, 30, 106
8, 40, 104
11, 50, 95
16, 60, 96
['yes' 'no' 'no' 'no' 'yes' 'no' 'no' 'no' 'yes' 'no']
['yes']
11, 60, 96
12, 70, 86
14, 80, 74
15, 90, 75
16, 100, 62
18, 110, 59
['yes' 'yes' 'yes' 'no' 'no' 'no' 'yes' 'yes' 'yes' 'yes']
[]
14, 110, 59
20, 120, 57
24, 130, 72
25, 140, 72
26, 150, 69
27, 160, 62
['yes' 'yes' 'yes' 'yes' 'yes' 'yes' 'no' 'yes' 'yes' 'yes']
[]
27, 160, 62
31, 170, 60
33, 180, 53
33, 190, 55
36, 200, 51
37, 210, 58
['yes' 'yes' 'yes' 'yes' 'no' 'yes' 'no' 'no' 'no' 'no']
['no' 'no' 'no' 'no' 'no' 'no' 'no' 'no' 'no' 'no']
32, 210, 58
34, 220, 46
35, 230, 48
35, 240, 51
36, 250, 49
37, 260, 49
['yes' 'yes' 'yes' 'no' 'yes' 'yes' 'no' 'no' 'yes' 'yes']
['no' 'no' 'no' 'no' 'no' 'no' 'no' 'no' 'no' 'no']
35, 260, 49
35, 270, 46
37, 280, 44
37, 290, 51
41, 300, 48
41, 310, 55
['no' 'no' 'yes' 'yes' 'no' 'no' 'no' 'yes']
['no' 'no' 'no' 'no' 'no' 'no' 'no' 'no' 'no' 'no']
36, 310, 55
38, 320, 45
41, 330, 50
42, 340, 56
42, 350, 55
43, 360, 54
['no' 'no' 'no' 'no' 'no' 'no' 'no']
['no' 'no' 'no' 'no' 'no' 'no' 'no' 'no' 'no' 'no']
39, 360, 54
40, 370, 47
41, 380, 48
42, 390, 49
43, 400, 52
43, 410, 53
['no' 'yes' 'no' 'no' 'no' 'no']
['no' 'no' 'yes' 'yes' 'no' 'no' 'yes' 'no' 'no' 'no']
42, 410, 53
44, 420, 49
47, 430, 52
49, 440, 54
51, 450, 58
51, 460, 63
['no' 'no' 'no' 'no' 'no' 'no' 'yes' 'yes' 'no' 'yes']
['no' 'no' 'no' 'no' 'no' 'no' 'no' 'no' 'no' 'no']
46, 460, 63
49, 470, 55
49, 480, 60
50, 490, 55
50, 500, 58
51, 510, 58
['no' 'no' 'no' 'no' 'no' 'no' 'yes']
['no' 'no' 'no' 'no' 'no' 'no' 'no' 'no' 'no' 'no']
47, 510, 58
47, 520, 53
49, 530, 54
51, 540, 57
52, 550, 58
52, 560, 60
['no' 'no' 'no' 'no' 'no' 'no']
['no' 'no' 'no' 'no' 'no' 'no' 'no' 'no' 'no' 'no']
48, 560, 60
50, 570, 53
52, 580, 58
54, 590, 63
56, 600, 65
57, 610, 72
['no' 'no' 'no' 'no' 'no' 'no' 'no' 'no' 'no' 'no']
['no' 'no' 'no' 'no' 'no' 'no' 'no' 'no' 'no' 'no']
48, 610, 72
49, 620, 54
52, 630, 55
53, 640, 60
54, 650, 60
55, 660, 60
['no' 'no' 'no' 'no' 'no' 'no' 'no']
['no' 'no' 'no' 'no' 'no' 'no' 'no' 'no' 'no' 'no']
49, 660, 60
51, 670, 55
55, 680, 59
55, 690, 64
55, 700, 63
55, 710, 63
['no' 'no' 'no' 'no' 'no' 'no' 'no']
['no' 'no' 'no' 'no' 'no' 'no' 'no' 'no' 'no' 'no']
50, 710, 63
51, 720, 54
52, 730, 56
52, 740, 61
52, 750, 57
53, 760, 58
['no' 'no' 'no' 'no' 'no']
['no' 'yes' 'no' 'no' 'no' 'no' 'no' 'no' 'no' 'no']
50, 760, 58
52, 770, 54
53, 780, 57
55, 790, 62
57, 800, 64
57, 810, 67
['no' 'no' 'no' 'no' 'no' 'no' 'no' 'no' 'yes']
['no' 'no' 'yes' 'no' 'no' 'no' 'no' 'no' 'no' 'no']
51, 810, 67
52, 820, 56
54, 830, 56
56, 840, 58
58, 850, 60
59, 860, 63
['no' 'no' 'no' 'no' 'no' 'no' 'no' 'no']
['no' 'no' 'no' 'no' 'no' 'no' 'no' 'no' 'no' 'no']
51, 860, 63
51, 870, 54
51, 880, 55
51, 890, 55
51, 900, 54
51, 910, 54
null
['no' 'no' 'yes' 'no' 'no' 'no' 'no' 'no' 'no' 'no']
54, 910, 54
55, 920, 58
56, 930, 59
56, 940, 61
56, 950, 61
56, 960, 61
['no' 'no' 'no' 'yes']
['no' 'no' 'no' 'no' 'no' 'no' 'no' 'no' 'no' 'no']
54, 960, 61
56, 970, 57
57, 980, 61
['no' 'yes' 'no']
['no' 'no' 'no' 'no' 'no' 'no' 'no' 'no' 'no' 'no']
{'count': 1298, 'truepos': 42, 'falseneg': 1, 'unknownyes': 5, 'falsepos': 13, 'unique': 980}
13: Danijel.csv: machine2: 0, 0
3, 10
7, 20, 111
8, 30, 114
11, 40, 106
15, 50, 119
18, 60, 91
['yes' 'yes' 'yes' 'yes' 'no' 'yes' 'no' 'yes' 'yes' 'yes']
[]
16, 60, 91
19, 70, 88
22, 80, 78
26, 90, 81
26, 100, 90
27, 110, 74
['no' 'yes' 'yes' 'yes' 'no' 'no' 'yes' 'yes' 'yes' 'no']
[]
23, 110, 74
25, 120, 54
26, 130, 56
26, 140, 55
29, 150, 47
29, 160, 57
['no' 'yes' 'yes' 'yes' 'no' 'no' 'yes' 'no' 'no' 'yes']
[]
25, 160, 57
27, 170, 49
28, 180, 50
31, 190, 49
34, 200, 51
35, 210, 52
['yes' 'yes' 'no' 'no' 'yes' 'yes' 'no' 'no' 'yes' 'yes']
['no' 'no' 'no' 'no' 'no' 'no' 'no' 'no' 'no' 'no']
33, 210, 52
35, 220, 55
36, 230, 61
36, 240, 63
36, 250, 63
37, 260, 56
['yes' 'no' 'no' 'no' 'no' 'no' 'no' 'yes' 'yes']
['no' 'no' 'no' 'no' 'no' 'no' 'no' 'no' 'no' 'no']
32, 260, 56
34, 270, 45
37, 280, 46
39, 290, 52
40, 300, 56
41, 310, 55
['no' 'yes' 'yes' 'no' 'yes' 'no' 'yes' 'no' 'yes']
['no' 'no' 'yes' 'no' 'no' 'no' 'no' 'no' 'no' 'no']
38, 310, 55
38, 320, 52
40, 330, 51
41, 340, 55
43, 350, 59
43, 360, 61
['yes' 'no' 'no' 'no' 'no' 'yes']
['no' 'no' 'no' 'no' 'no' 'no' 'no' 'no' 'no' 'no']
39, 360, 61
41, 370, 49
42, 380, 54
43, 390, 54
44, 400, 55
45, 410, 53
['no' 'no' 'yes' 'no' 'no' 'no']
['no' 'no' 'no' 'no' 'no' 'no' 'no' 'no' 'no' 'no']
43, 410, 53
44, 420, 52
45, 430, 53
46, 440, 53
49, 450, 55
50, 460, 59
['no' 'no' 'no' 'no' 'no' 'no' 'no' 'no' 'no']
['no' 'no' 'no' 'no' 'no' 'no' 'no' 'no' 'no' 'no']
44, 460, 59
45, 470, 53
45, 480, 53
46, 490, 53
47, 500, 54
48, 510, 55
['no' 'no' 'no' 'no' 'no']
['no' 'no' 'no' 'no' 'no' 'no' 'no' 'no' 'no' 'no']
47, 510, 55
49, 520, 54
49, 530, 56
50, 540, 57
51, 550, 59
53, 560, 57
['no' 'yes' 'no' 'no' 'no' 'no' 'no' 'no']
['no' 'no' 'no' 'no' 'no' 'no' 'no' 'no' 'no' 'no']
48, 560, 57
49, 570, 57
52, 580, 59
52, 590, 70
52, 600, 65
52, 610, 65
['no' 'no' 'no' 'no' 'no']
['no' 'no' 'no' 'no' 'no' 'no' 'no' 'no' 'no' 'no']
50, 610, 65
50, 620, 58
51, 630, 57
53, 640, 57
53, 650, 63
53, 660, 62
['no' 'no' 'no' 'no' 'no']
['no' 'no' 'no' 'no' 'no' 'no' 'no' 'no' 'no' 'no']
49, 660, 62
51, 670, 55
52, 680, 57
53, 690, 57
53, 700, 60
56, 710, 59
['no' 'no' 'no' 'no' 'no' 'no' 'no' 'no']
['no' 'no' 'no' 'no' 'no' 'yes' 'no' 'no' 'no' 'no']
49, 710, 59
49, 720, 54
50, 730, 53
50, 740, 54
51, 750, 55
52, 760, 55
['no' 'no' 'no' 'yes']
['no' 'no' 'no' 'no' 'no' 'no' 'no' 'no' 'no' 'no']
52, 760, 55
52, 770, 57
52, 780, 57
53, 790, 56
57, 800, 58
57, 810, 65
['no' 'no' 'no' 'no' 'no' 'no' 'no']
['no' 'no' 'no' 'no' 'no' 'no' 'no' 'no' 'no' 'no']
53, 810, 65
56, 820, 57
56, 830, 61
57, 840, 61
59, 850, 62
59, 860, 66
['no' 'no' 'yes' 'no' 'no' 'no' 'no']
['yes' 'no' 'no' 'no' 'no' 'no' 'no' 'no' 'no' 'no']
60, 860, 66
62, 870, 66
63, 880, 68
66, 890, 70
67, 900, 77
68, 910, 78
['no' 'no' 'no' 'no' 'no' 'no' 'no' 'no' 'yes' 'no']
['no' 'no' 'no' 'no' 'no' 'no' 'no' 'no' 'no' 'no']
65, 910, 78
65, 920, 74
66, 930, 73
66, 940, 75
68, 950, 74
70, 960, 81
['no' 'no' 'no' 'no' 'no' 'no' 'no' 'no' 'no']
['no' 'no' 'no' 'no' 'no' 'no' 'no' 'no' 'no' 'no']
62, 960, 81
63, 970, 67
65, 980, 70
68, 990, 73
68, 1000, 76
71, 1010, 73
['no' 'no' 'no' 'no' 'no' 'no' 'no' 'no' 'no']
['no' 'no' 'no' 'no' 'no' 'no' 'no' 'yes' 'no' 'no']
['no' 'no' 'no' 'no' 'no' 'no' 'no' 'no' 'no']
['no' 'no' 'no' 'no' 'no' 'no' 'no' 'no' 'no' 'no']
{'count': 1425, 'truepos': 40, 'falseneg': 4, 'unknownyes': 4, 'falsepos': 25, 'unique': 1010}
13: Danijel.csv: machine3: 0, 0
4, 10
4, 20, 121
6, 30, 94
9, 40, 75
11, 50, 77
11, 60, 72
null
[]
13, 70, 59
14, 80, 56
16, 90, 52
22, 100, 52
23, 110, 67
24, 120, 61
null
[]
24, 130, 57
25, 140, 53
28, 150, 49
29, 160, 50
30, 170, 48
30, 180, 46
null
['no' 'no' 'yes' 'no' 'no' 'no' 'no' 'no' 'no' 'no']
31, 180, 46
32, 190, 45
32, 200, 47
32, 210, 44
33, 220, 44
33, 230, 45
null
['no' 'no' 'no' 'no' 'no' 'no' 'no' 'no' 'no' 'no']
33, 230, 45
34, 240, 43
36, 250, 43
37, 260, 47
37, 270, 50
37, 280, 47
null
['no' 'no' 'yes' 'no' 'no' 'no' 'no' 'no' 'no' 'no']
38, 280, 47
39, 290, 48
40, 300, 49
40, 310, 50
40, 320, 51
40, 330, 53
null
['no' 'no' 'no' 'no' 'yes' 'no' 'no' 'no' 'no' 'no']
41, 330, 53
41, 340, 51
42, 350, 49
42, 360, 50
43, 370, 50
43, 380, 50
null
['no' 'no' 'no' 'no' 'no' 'no' 'no' 'no' 'no' 'no']
44, 380, 50
44, 390, 55
44, 400, 52
44, 410, 52
44, 420, 52
44, 430, 51
null
['no' 'no' 'no' 'no' 'no' 'no' 'no' 'no' 'no' 'no']
44, 430, 51
44, 440, 52
44, 450, 50
44, 460, 50
45, 470, 50
45, 480, 53
null
['no' 'no' 'no' 'no' 'no' 'no' 'no' 'no' 'no' 'no']
45, 480, 53
45, 490, 51
45, 500, 50
45, 510, 51
45, 520, 50
45, 530, 50
null
['no' 'no' 'no' 'no' 'no' 'no' 'no' 'no' 'no' 'no']
45, 530, 50
45, 540, 51
45, 550, 51
45, 560, 50
45, 570, 50
46, 580, 50
null
['no' 'no' 'no' 'no' 'no' 'no' 'no' 'no' 'no' 'no']
46, 580, 50
46, 590, 51
46, 600, 51
46, 610, 50
46, 620, 50
48, 630, 49
null
['no' 'no' 'no' 'no' 'no' 'no' 'no' 'no' 'no' 'no']
null
['no' 'no' 'no' 'no' 'no' 'no' 'no' 'no' 'no' 'no']
{'count': 847, 'truepos': 41, 'falseneg': 3, 'unknownyes': 4, 'falsepos': 7, 'unique': 630}
13: K_all3.csv: none: 0, 0
1, 10
2, 20, 91
4, 30, 64
5, 40, 61
5, 50, 56
6, 60, 46
7, 70, 44
9, 80, 41
11, 90, 45
12, 100, 48
13, 110, 48
15, 120, 45
19, 130, 46
22, 140, 49
23, 150, 53
25, 160, 51
28, 170, 52
29, 180, 57
30, 190, 56
32, 200, 43
36, 210, 44
38, 220, 60
39, 230, 54
42, 240, 53
42, 250, 57
43, 260, 51
46, 270, 57
46, 280, 56
48, 290, 57
49, 300, 58
51, 310, 67
51, 320, 63
55, 330, 61
56, 340, 67
57, 350, 68
58, 360, 71
59, 370, 74
60, 380, 76
61, 390, 75
61, 400, 73
62, 410, 70
65, 420, 73
67, 430, 76
69, 440, 74
70, 450, 79
75, 460, 77
78, 470, 85
79, 480, 88
79, 490, 87
81, 500, 88
85, 510, 89
86, 520, 96
88, 530, 93
90, 540, 96
92, 550, 100
94, 560, 100
95, 570, 103
96, 580, 104
96, 590, 108
96, 600, 105
97, 610, 105
99, 620, 109
101, 630, 107
103, 640, 108
104, 650, 111
104, 660, 111
104, 670, 113
104, 680, 110
104, 690, 112
106, 700, 111
108, 710, 113
109, 720, 115
109, 730, 115
{'count': 730, 'truepos': 36, 'falseneg': 5, 'unknownyes': 4, 'falsepos': 73, 'unique': 730}
13: K_all3.csv: three: 0, 0
1, 10
2, 20, 94
2, 30, 63
5, 40, 54
7, 50, 53
11, 60, 45
16, 70, 55
19, 80, 59
20, 90, 59
23, 100, 52
24, 110, 58
25, 120, 53
25, 130, 49
27, 140, 47
28, 150, 51
29, 160, 50
29, 170, 49
29, 180, 47
31, 190, 46
31, 200, 45
33, 210, 43
35, 220, 47
35, 230, 47
36, 240, 45
36, 250, 45
37, 260, 46
37, 270, 45
37, 280, 45
37, 290, 43
37, 300, 44
38, 310, 42
38, 320, 43
41, 330, 41
42, 340, 44
42, 350, 45
43, 360, 45
44, 370, 47
44, 380, 47
46, 390, 47
46, 400, 50
{'count': 892, 'truepos': 36, 'falseneg': 0, 'unknownyes': 9, 'falsepos': 10, 'unique': 400}
13: K_all3.csv: machine: 0, 0
2, 10
5, 20, 69
5, 30, 68
7, 40, 61
10, 50, 61
12, 60, 58
['no' 'yes' 'no' 'yes' 'yes' 'yes' 'yes' 'yes' 'yes' 'no']
[]
8, 60, 58
10, 70, 53
16, 80, 52
17, 90, 66
19, 100, 59
21, 110, 56
['yes' 'no' 'yes' 'yes' 'yes' 'yes' 'yes' 'no' 'yes' 'yes']
['no' 'yes']
20, 110, 56
21, 120, 53
23, 130, 49
23, 140, 49
24, 150, 48
24, 160, 47
['no' 'yes' 'yes' 'yes' 'yes' 'no' 'yes' 'yes' 'yes']
['no' 'no']
21, 160, 47
23, 170, 45
24, 180, 47
25, 190, 47
27, 200, 47
29, 210, 48
['yes' 'no' 'no' 'no' 'no' 'no' 'no' 'yes']
[]
22, 210, 48
24, 220, 43
27, 230, 45
29, 240, 48
31, 250, 49
33, 260, 39
['no' 'no' 'no' 'yes' 'yes' 'no' 'no' 'no' 'no' 'yes']
['no' 'no' 'yes' 'no' 'no' 'no' 'no' 'no' 'no' 'no']
27, 260, 39
29, 270, 45
31, 280, 47
32, 290, 36
35, 300, 37
36, 310, 40
['no' 'yes' 'no' 'no' 'no' 'yes' 'no' 'yes' 'no' 'no']
['no' 'no' 'no' 'no' 'no' 'no' 'no' 'no' 'no' 'no']
31, 310, 40
33, 320, 38
35, 330, 40
36, 340, 45
39, 350, 44
39, 360, 48
['yes' 'no' 'no' 'no' 'no' 'yes' 'no' 'no' 'no' 'no']
['no' 'no' 'no' 'no' 'no' 'no' 'no' 'no' 'no' 'no']
33, 360, 48
33, 370, 37
36, 380, 36
38, 390, 40
39, 400, 42
41, 410, 43
['no' 'yes' 'no' 'no' 'no' 'no' 'no' 'no' 'no' 'no']
['no' 'no' 'no' 'no' 'no' 'no' 'no' 'no' 'no' 'no']
['yes' 'no' 'no' 'no' 'no' 'no' 'no' 'no' 'no' 'no']
['no' 'no' 'no' 'no' 'no' 'no' 'no' 'no' 'no' 'no']
{'count': 531, 'truepos': 32, 'falseneg': 2, 'unknownyes': 11, 'falsepos': 0, 'unique': 410}
13: K_all3.csv: machine2: 0, 0
1, 10
2, 20, 92
5, 30, 63
9, 40, 60
12, 50, 60
14, 60, 65
['no' 'yes' 'no' 'yes' 'no' 'yes' 'yes' 'yes' 'yes' 'yes']
['no']
11, 60, 65
13, 70, 50
17, 80, 50
19, 90, 55
24, 100, 52
25, 110, 62
['yes' 'yes' 'yes' 'no' 'no' 'yes' 'no' 'yes' 'no' 'no']
['no' 'no']
21, 110, 62
24, 120, 50
29, 130, 52
30, 140, 61
30, 150, 45
31, 160, 42
['no' 'no' 'no' 'no' 'no' 'yes' 'yes' 'no' 'no' 'yes']
['no' 'no' 'no' 'no' 'no' 'no' 'no' 'no' 'no' 'no']
25, 160, 42
26, 170, 47
27, 180, 47
28, 190, 47
29, 200, 47
31, 210, 47
['yes' 'yes' 'yes' 'no' 'no' 'yes' 'no' 'yes' 'yes' 'yes']
['no' 'no' 'no' 'no' 'no' 'no' 'no' 'no' 'no' 'no']
30, 210, 47
34, 220, 39
35, 230, 45
36, 240, 46
37, 250, 48
37, 260, 48
['yes' 'yes' 'yes' 'no' 'no' 'no' 'yes' 'yes' 'yes' 'no']
['no' 'no' 'no' 'no' 'no' 'no' 'no' 'no' 'no' 'no']
36, 260, 48
36, 270, 45
37, 280, 45
38, 290, 43
41, 300, 44
45, 310, 53
['no' 'no' 'no' 'no' 'no' 'no' 'no' 'no' 'yes' 'no']
['no' 'no' 'no' 'no' 'no' 'no' 'no' 'no' 'no' 'no']
38, 310, 53
40, 320, 44
41, 330, 45
41, 340, 44
41, 350, 44
43, 360, 48
['no' 'no' 'yes' 'no' 'no' 'no' 'no' 'no']
['no' 'no' 'no' 'no' 'no' 'no' 'no' 'no' 'no' 'no']
38, 360, 48
38, 370, 41
42, 380, 41
44, 390, 46
46, 400, 47
47, 410, 50
['yes' 'no' 'no' 'no' 'yes' 'yes' 'no' 'no' 'yes']
['no' 'no' 'no' 'no' 'no' 'no' 'no' 'no' 'no' 'no']
47, 410, 50
49, 420, 52
51, 430, 54
51, 440, 56
51, 450, 55
52, 460, 54
['no' 'no' 'no' 'no' 'no' 'no' 'no']
['no' 'no' 'no' 'no' 'no' 'no' 'no' 'no' 'no' 'no']
['no' 'no' 'no' 'no' 'no' 'no' 'no']
['no' 'no' 'no' 'no' 'no' 'no' 'no' 'no' 'no' 'no']
{'count': 661, 'truepos': 34, 'falseneg': 4, 'unknownyes': 7, 'falsepos': 15, 'unique': 460}
13: K_all3.csv: machine3: 0, 0
0, 10
1, 20
3, 30, 92
5, 40, 62
5, 50, 58
6, 60, 49
7, 70, 45
null
[]
9, 80, 45
13, 90, 46
14, 100, 47
14, 110, 44
14, 120, 43
14, 130, 41
null
['no' 'no']
15, 130, 41
16, 140, 41
17, 150, 41
19, 160, 42
19, 170, 42
20, 180, 41
null
[]
21, 190, 40
21, 200, 42
21, 210, 41
21, 220, 41
22, 230, 41
22, 240, 42
null
['no' 'no']
22, 240, 42
22, 250, 41
22, 260, 41
22, 270, 41
22, 280, 41
22, 290, 41
null
[]
22, 300, 41
22, 310, 40
22, 320, 40
22, 330, 40
23, 340, 40
23, 350, 40
null
[]
23, 360, 40
23, 370, 40
23, 380, 40
23, 390, 40
24, 400, 40
24, 410, 41
null
[]
25, 420, 41
25, 430, 42
25, 440, 42
25, 450, 42
25, 460, 41
25, 470, 41
null
[]
25, 480, 41
25, 490, 41
25, 500, 41
25, 510, 41
26, 520, 41
26, 530, 42
null
['no']
26, 530, 42
26, 540, 41
26, 550, 41
26, 560, 41
27, 570, 41
27, 580, 42
null
[]
27, 590, 42
27, 600, 42
27, 610, 41
28, 620, 41
28, 630, 42
28, 640, 42
null
[]
29, 650, 42
30, 660, 43
31, 670, 33
35, 680, 36
35, 690, 39
37, 700, 39
null
['no' 'no' 'no' 'no' 'yes' 'no' 'no' 'no' 'no' 'no']
38, 700, 39
39, 710, 41
39, 720, 43
39, 730, 44
40, 740, 43
null
['no' 'no' 'no' 'no' 'no' 'no' 'no' 'no' 'no' 'no']
{'count': 869, 'truepos': 29, 'falseneg': 4, 'unknownyes': 12, 'falsepos': 11, 'unique': 740}

------------------------------------------------------------
Sender: LSF System <lsfadmin@n2b2-2>
Subject: Job 266953: </share/tjmenzie/zyu9/miniconda2/bin/python2.7 runner.py error_hpcc 13> Done

Job </share/tjmenzie/zyu9/miniconda2/bin/python2.7 runner.py error_hpcc 13> was submitted from host <login01.hpc.ncsu.edu> by user <zyu9> in cluster <henry2>.
Job was executed on host(s) <2*n2b2-2>, in queue <single_chassis>, as user <zyu9> in cluster <henry2>.
</home/zyu9> was used as the home directory.
</home/zyu9/projects/MAR_HPC/Error/src> was used as the working directory.
Started at Tue Oct 17 11:28:46 2017
Results reported at Tue Oct 17 19:56:54 2017

Your job looked like:

------------------------------------------------------------
# LSBATCH: User input
/share/tjmenzie/zyu9/miniconda2/bin/python2.7 runner.py error_hpcc 13
------------------------------------------------------------

Successfully completed.

Resource usage summary:

    CPU time   :  33034.31 sec.
    Max Memory :       194 MB
    Max Swap   :      1212 MB

    Max Processes  :         3
    Max Threads    :         8

The output (if any) is above this job summary.



PS:

Read file <./err/13.err.266953> for stderr output of this job.

