14: Hall.csv: none: 0, 0
8, 10
12, 20, 125
12, 30, 140
14, 40, 121
14, 50, 119
19, 60, 105
24, 70, 120
29, 80, 92
36, 90, 102
41, 100, 103
45, 110, 103
50, 120, 103
52, 130, 117
55, 140, 102
62, 150, 99
64, 160, 108
68, 170, 99
74, 180, 97
78, 190, 105
81, 200, 104
83, 210, 100
84, 220, 101
88, 230, 101
92, 240, 105
94, 250, 111
95, 260, 113
96, 270, 110
99, 280, 109
99, 290, 114
101, 300, 111
101, 310, 119
101, 320, 118
101, 330, 115
101, 340, 115
101, 350, 112
101, 360, 113
101, 370, 113
101, 380, 110
101, 390, 110
101, 400, 109
101, 410, 109
102, 420, 109
102, 430, 111
102, 440, 111
102, 450, 111
102, 460, 108
102, 470, 109
102, 480, 108
{'count': 480, 'truepos': 102, 'falseneg': 0, 'correction': 0, 'unknownyes': 2, 'falsepos': 0, 'unique': 480}
14: Hall.csv: three: 0, 0
8, 10
10, 20, 124
11, 30, 124
12, 40, 122
15, 50, 107
21, 60, 104
27, 70, 77
33, 80, 77
39, 90, 83
43, 100, 89
46, 110, 90
54, 120, 90
56, 130, 98
61, 140, 89
63, 150, 102
68, 160, 105
74, 170, 101
78, 180, 103
81, 190, 102
83, 200, 103
89, 210, 105
90, 220, 111
90, 230, 113
92, 240, 105
94, 250, 106
95, 260, 109
96, 270, 107
96, 280, 110
97, 290, 109
97, 300, 110
97, 310, 110
97, 320, 108
98, 330, 108
99, 340, 107
100, 350, 111
100, 360, 112
101, 370, 111
101, 380, 114
101, 390, 110
101, 400, 107
101, 410, 110
101, 420, 110
101, 430, 115
101, 440, 108
101, 450, 110
102, 460, 108
102, 470, 109
102, 480, 108
{'count': 960, 'truepos': 102, 'falseneg': 0, 'correction': 0, 'unknownyes': 2, 'falsepos': 0, 'unique': 480}
14: Hall.csv: machine: 0, 0
8, 10
8, 20, 129
10, 30, 113
14, 40, 104
19, 50, 111
22, 60, 121
22, 60, 121
27, 70, 89
31, 80, 92
36, 90, 95
42, 100, 93
48, 110, 96
48, 110, 96
52, 120, 101
56, 130, 93
57, 140, 100
61, 150, 97
65, 160, 96
65, 160, 96
69, 170, 94
69, 180, 112
74, 190, 91
79, 200, 91
81, 210, 106
81, 210, 106
82, 220, 100
84, 230, 103
87, 240, 99
92, 250, 100
93, 260, 110
93, 260, 110
94, 270, 109
96, 280, 107
97, 290, 109
97, 300, 108
97, 310, 110
97, 310, 110
97, 320, 108
97, 330, 109
98, 340, 106
98, 350, 108
99, 360, 106
99, 360, 106
100, 370, 106
100, 380, 109
100, 390, 109
100, 400, 108
102, 410, 107
{'count': 556, 'truepos': 102, 'falseneg': 0, 'correction': 0, 'unknownyes': 2, 'falsepos': 0, 'unique': 410}
14: Hall.csv: knee: 0, 0
8, 10
12, 20
13, 30
15, 40
17, 50
20, 60
25, 70
29, 80
35, 90
40, 100
45, 110
50, 120
55, 130
58, 140
61, 150
66, 160
70, 170
70, 180
76, 190
78, 200
80, 210
83, 220
85, 230
88, 240
90, 250
94, 260
95, 270
96, 280
96, 290
96, 300
98, 310
98, 320
100, 330
100, 340
101, 350
101, 360
101, 370
101, 380
101, 390
101, 400
{'count': 573, 'truepos': 101, 'falseneg': 0, 'correction': 0, 'unknownyes': 3, 'falsepos': 0, 'unique': 400}
14: Wahono.csv: none: 0, 0
6, 10
7, 20, 101
8, 30, 98
9, 40, 98
10, 50, 94
13, 60, 72
14, 70, 72
17, 80, 65
19, 90, 61
19, 100, 58
23, 110, 51
24, 120, 52
28, 130, 49
31, 140, 62
31, 150, 61
33, 160, 55
33, 170, 65
33, 180, 55
34, 190, 55
34, 200, 52
34, 210, 53
35, 220, 54
36, 230, 54
37, 240, 55
38, 250, 55
39, 260, 56
40, 270, 54
42, 280, 56
42, 290, 58
45, 300, 56
45, 310, 61
46, 320, 60
46, 330, 61
46, 340, 61
46, 350, 59
47, 360, 59
48, 370, 61
49, 380, 59
49, 390, 61
49, 400, 61
49, 410, 61
49, 420, 64
49, 430, 59
49, 440, 58
49, 450, 58
51, 460, 58
51, 470, 60
51, 480, 60
51, 490, 62
51, 500, 60
51, 510, 62
51, 520, 59
52, 530, 59
52, 540, 61
52, 550, 62
52, 560, 61
52, 570, 61
53, 580, 58
54, 590, 61
55, 600, 61
55, 610, 62
55, 620, 62
56, 630, 63
57, 640, 63
57, 650, 65
57, 660, 66
58, 670, 65
58, 680, 67
58, 690, 66
58, 700, 66
58, 710, 66
58, 720, 66
58, 730, 66
58, 740, 66
58, 750, 65
58, 760, 66
58, 770, 65
58, 780, 65
58, 790, 65
58, 800, 64
58, 810, 65
58, 820, 65
58, 830, 65
58, 840, 64
58, 850, 64
58, 860, 65
58, 870, 63
58, 880, 64
58, 890, 64
58, 900, 63
58, 910, 63
58, 920, 64
58, 930, 62
58, 940, 62
59, 950, 63
59, 960, 64
59, 970, 65
59, 980, 64
59, 990, 64
59, 1000, 63
59, 1010, 63
59, 1020, 64
59, 1030, 64
59, 1040, 64
59, 1050, 64
59, 1060, 63
59, 1070, 64
59, 1080, 63
59, 1090, 63
59, 1100, 64
59, 1110, 63
59, 1120, 63
59, 1130, 64
59, 1140, 63
59, 1150, 63
59, 1160, 63
60, 1170, 63
{'count': 1170, 'truepos': 60, 'falseneg': 0, 'correction': 0, 'unknownyes': 2, 'falsepos': 0, 'unique': 1170}
14: Wahono.csv: three: 0, 0
6, 10
8, 20, 100
10, 30, 113
11, 40, 109
13, 50, 110
13, 60, 104
15, 70, 78
20, 80, 76
22, 90, 61
26, 100, 69
29, 110, 63
30, 120, 70
33, 130, 62
34, 140, 62
35, 150, 72
36, 160, 70
37, 170, 68
37, 180, 62
38, 190, 59
38, 200, 61
40, 210, 56
40, 220, 59
41, 230, 56
41, 240, 59
42, 250, 56
42, 260, 57
42, 270, 58
42, 280, 57
43, 290, 54
44, 300, 58
45, 310, 59
45, 320, 59
46, 330, 59
46, 340, 58
46, 350, 62
48, 360, 59
48, 370, 60
50, 380, 60
51, 390, 63
52, 400, 64
52, 410, 63
53, 420, 66
54, 430, 63
54, 440, 68
54, 450, 64
54, 460, 64
54, 470, 63
54, 480, 65
54, 490, 65
54, 500, 63
55, 510, 62
55, 520, 66
55, 530, 65
56, 540, 65
57, 550, 68
58, 560, 67
58, 570, 69
58, 580, 67
58, 590, 67
58, 600, 67
58, 610, 67
58, 620, 66
58, 630, 66
58, 640, 66
58, 650, 67
58, 660, 67
58, 670, 65
58, 680, 66
58, 690, 65
58, 700, 65
58, 710, 65
58, 720, 64
58, 730, 65
58, 740, 65
58, 750, 65
58, 760, 66
58, 770, 64
58, 780, 64
58, 790, 65
58, 800, 63
58, 810, 64
58, 820, 64
58, 830, 64
58, 840, 64
58, 850, 64
58, 860, 64
58, 870, 65
58, 880, 63
58, 890, 64
58, 900, 64
58, 910, 63
58, 920, 62
58, 930, 62
58, 940, 63
58, 950, 63
58, 960, 62
58, 970, 62
58, 980, 63
58, 990, 62
58, 1000, 62
59, 1010, 62
59, 1020, 63
59, 1030, 63
59, 1040, 63
59, 1050, 63
59, 1060, 63
59, 1070, 63
59, 1080, 63
59, 1090, 63
{'count': 2180, 'truepos': 59, 'falseneg': 0, 'correction': 0, 'unknownyes': 3, 'falsepos': 0, 'unique': 1090}
14: Wahono.csv: machine: 0, 0
6, 10
6, 20, 101
9, 30, 93
12, 40, 92
13, 50, 95
14, 60, 84
17, 70, 77
21, 80, 66
24, 90, 48
25, 100, 57
27, 110, 60
28, 120, 55
28, 120, 55
30, 130, 61
31, 140, 56
32, 150, 59
33, 160, 57
34, 170, 62
34, 170, 62
35, 180, 63
36, 190, 61
36, 200, 63
36, 210, 58
37, 220, 60
37, 220, 60
39, 230, 54
40, 240, 56
42, 250, 56
42, 260, 62
42, 270, 66
42, 270, 66
44, 280, 57
44, 290, 70
45, 300, 57
45, 310, 60
45, 320, 64
45, 320, 64
45, 330, 60
45, 340, 60
45, 350, 57
46, 360, 55
46, 370, 56
46, 370, 56
46, 380, 55
46, 390, 56
47, 400, 54
47, 410, 56
48, 420, 56
48, 420, 56
49, 430, 57
50, 440, 59
50, 450, 60
50, 460, 60
50, 470, 57
50, 470, 57
50, 480, 61
50, 490, 60
50, 500, 58
51, 510, 59
51, 520, 60
51, 520, 60
51, 530, 60
51, 540, 61
51, 550, 57
52, 560, 59
54, 570, 59
54, 570, 59
55, 580, 61
57, 590, 62
58, 600, 67
58, 610, 68
58, 620, 67
58, 620, 67
58, 630, 67
58, 640, 67
58, 650, 66
58, 660, 67
58, 670, 65
58, 670, 65
58, 680, 64
58, 690, 66
58, 700, 66
58, 710, 66
58, 720, 66
58, 720, 66
58, 730, 66
58, 740, 64
58, 750, 65
58, 760, 64
58, 770, 65
58, 770, 65
58, 780, 65
58, 790, 64
58, 800, 65
58, 810, 65
58, 820, 64
58, 820, 64
58, 830, 65
58, 840, 63
58, 850, 64
58, 860, 63
58, 870, 64
58, 870, 64
58, 880, 64
58, 890, 64
58, 900, 64
58, 910, 65
58, 920, 62
58, 920, 62
58, 930, 63
59, 940, 64
59, 950, 65
59, 960, 64
59, 970, 64
59, 970, 64
59, 980, 64
59, 990, 65
59, 1000, 64
59, 1010, 63
59, 1020, 64
59, 1020, 64
59, 1030, 64
59, 1040, 64
59, 1050, 63
59, 1060, 63
59, 1070, 63
59, 1070, 63
60, 1080, 63
60, 1090, 64
60, 1100, 64
60, 1110, 64
60, 1120, 64
60, 1120, 64
{'count': 1666, 'truepos': 60, 'falseneg': 0, 'correction': 0, 'unknownyes': 2, 'falsepos': 0, 'unique': 1120}
14: Wahono.csv: knee: 0, 0
6, 10
6, 20
{'count': 24, 'truepos': 6, 'falseneg': 0, 'correction': 0, 'unknownyes': 56, 'falsepos': 0, 'unique': 20}
14: Danijel.csv: none: 0, 0
4, 10
5, 20, 111
8, 30, 98
9, 40, 101
9, 50, 100
11, 60, 69
13, 70, 68
14, 80, 60
15, 90, 56
19, 100, 53
25, 110, 60
28, 120, 48
29, 130, 50
31, 140, 50
33, 150, 51
33, 160, 50
33, 170, 51
33, 180, 50
35, 190, 49
35, 200, 50
35, 210, 47
35, 220, 48
35, 230, 46
36, 240, 46
36, 250, 45
38, 260, 47
39, 270, 51
39, 280, 51
39, 290, 50
39, 300, 50
40, 310, 48
41, 320, 49
42, 330, 53
42, 340, 51
42, 350, 50
42, 360, 51
42, 370, 50
43, 380, 49
43, 390, 50
43, 400, 49
43, 410, 49
43, 420, 52
43, 430, 50
43, 440, 49
43, 450, 52
43, 460, 49
44, 470, 50
44, 480, 50
44, 490, 52
44, 500, 50
44, 510, 50
44, 520, 50
44, 530, 51
44, 540, 49
44, 550, 49
44, 560, 50
44, 570, 49
44, 580, 49
44, 590, 48
44, 600, 48
44, 610, 48
44, 620, 48
44, 630, 48
44, 640, 48
45, 650, 48
45, 660, 49
45, 670, 49
45, 680, 49
45, 690, 48
45, 700, 48
45, 710, 48
45, 720, 48
{'count': 720, 'truepos': 45, 'falseneg': 0, 'correction': 0, 'unknownyes': 3, 'falsepos': 0, 'unique': 720}
14: Danijel.csv: three: 0, 0
4, 10
5, 20, 127
7, 30, 97
9, 40, 89
10, 50, 84
13, 60, 68
14, 70, 65
15, 80, 57
17, 90, 49
20, 100, 52
21, 110, 38
23, 120, 38
24, 130, 38
25, 140, 39
25, 150, 40
28, 160, 38
30, 170, 41
31, 180, 45
33, 190, 44
33, 200, 44
33, 210, 46
34, 220, 44
35, 230, 47
37, 240, 46
37, 250, 49
38, 260, 49
39, 270, 50
39, 280, 48
40, 290, 47
40, 300, 48
40, 310, 48
41, 320, 47
41, 330, 50
43, 340, 47
43, 350, 53
43, 360, 51
43, 370, 51
43, 380, 52
43, 390, 50
43, 400, 50
44, 410, 50
44, 420, 52
44, 430, 54
44, 440, 50
44, 450, 51
44, 460, 50
44, 470, 50
44, 480, 50
44, 490, 49
44, 500, 49
44, 510, 51
45, 520, 49
45, 530, 50
45, 540, 51
45, 550, 50
45, 560, 50
45, 570, 50
45, 580, 50
45, 590, 49
45, 600, 50
45, 610, 49
45, 620, 49
45, 630, 48
45, 640, 48
45, 650, 49
45, 660, 50
45, 670, 48
45, 680, 48
45, 690, 49
45, 700, 48
45, 710, 48
45, 720, 48
45, 730, 48
45, 740, 48
45, 750, 48
45, 760, 48
45, 770, 48
45, 780, 48
45, 790, 48
{'count': 1580, 'truepos': 45, 'falseneg': 0, 'correction': 0, 'unknownyes': 3, 'falsepos': 0, 'unique': 790}
14: Danijel.csv: machine: 0, 0
4, 10
4, 20, 122
7, 30, 97
8, 40, 88
10, 50, 72
11, 60, 74
14, 70, 61
20, 80, 62
23, 90, 48
25, 100, 50
28, 110, 49
28, 120, 54
28, 120, 54
29, 130, 51
29, 140, 49
29, 150, 48
30, 160, 45
30, 170, 45
30, 170, 45
30, 180, 45
32, 190, 43
34, 200, 43
35, 210, 47
35, 220, 46
35, 220, 46
35, 230, 45
35, 240, 45
37, 250, 45
40, 260, 47
40, 270, 50
40, 270, 50
40, 280, 50
40, 290, 52
40, 300, 49
40, 310, 47
40, 320, 47
40, 320, 47
41, 330, 47
41, 340, 49
41, 350, 49
42, 360, 47
42, 370, 49
42, 370, 49
42, 380, 50
42, 390, 48
42, 400, 49
42, 410, 49
42, 420, 49
42, 420, 49
42, 430, 47
42, 440, 48
42, 450, 48
42, 460, 48
42, 470, 47
42, 470, 47
43, 480, 47
43, 490, 48
43, 500, 49
43, 510, 48
43, 520, 49
43, 520, 49
43, 530, 47
43, 540, 48
43, 550, 47
44, 560, 47
44, 570, 48
44, 570, 48
44, 580, 49
44, 590, 48
44, 600, 48
44, 610, 48
44, 620, 48
44, 620, 48
44, 630, 49
44, 640, 47
45, 650, 48
45, 660, 49
45, 670, 49
45, 670, 49
45, 680, 48
45, 690, 48
45, 700, 48
45, 710, 48
45, 720, 48
45, 720, 48
45, 730, 48
45, 740, 48
45, 750, 48
45, 760, 48
45, 770, 48
45, 770, 48
45, 780, 48
{'count': 1255, 'truepos': 45, 'falseneg': 0, 'correction': 0, 'unknownyes': 3, 'falsepos': 0, 'unique': 780}
14: Danijel.csv: knee: 0, 0
4, 10
4, 20
6, 30
10, 40
10, 50
11, 60
13, 70
17, 80
20, 90
22, 100
26, 110
28, 120
28, 130
28, 140
29, 150
30, 160
33, 170
33, 180
34, 190
35, 200
35, 210
37, 220
38, 230
39, 240
40, 250
40, 260
40, 270
41, 280
41, 290
41, 300
41, 310
41, 320
41, 330
41, 340
41, 350
41, 360
41, 370
41, 380
41, 390
43, 400
44, 410
44, 420
44, 430
44, 440
44, 450
44, 460
44, 470
44, 480
44, 490
44, 500
44, 510
{'count': 724, 'truepos': 44, 'falseneg': 0, 'correction': 0, 'unknownyes': 4, 'falsepos': 0, 'unique': 510}
14: K_all3.csv: none: 0, 0
2, 10
5, 20, 71
6, 30, 62
12, 40, 55
12, 50, 69
14, 60, 58
16, 70, 51
19, 80, 51
20, 90, 52
20, 100, 33
21, 110, 30
23, 120, 34
25, 130, 33
25, 140, 41
27, 150, 33
28, 160, 40
29, 170, 37
29, 180, 40
30, 190, 38
30, 200, 38
30, 210, 38
30, 220, 35
30, 230, 37
30, 240, 36
31, 250, 34
31, 260, 36
33, 270, 35
33, 280, 37
34, 290, 37
34, 300, 37
34, 310, 38
35, 320, 38
36, 330, 38
38, 340, 39
39, 350, 41
39, 360, 43
{'count': 360, 'truepos': 39, 'falseneg': 0, 'correction': 0, 'unknownyes': 6, 'falsepos': 0, 'unique': 360}
14: K_all3.csv: three: 0, 0
2, 10
5, 20, 70
6, 30, 63
11, 40, 55
14, 50, 60
14, 60, 62
16, 70, 55
17, 80, 48
21, 90, 46
21, 100, 38
21, 110, 34
22, 120, 32
22, 130, 35
22, 140, 31
22, 150, 28
24, 160, 29
24, 170, 34
24, 180, 33
25, 190, 34
27, 200, 30
28, 210, 37
29, 220, 33
29, 230, 34
31, 240, 33
33, 250, 36
33, 260, 38
33, 270, 37
34, 280, 37
35, 290, 38
35, 300, 39
35, 310, 39
36, 320, 39
36, 330, 39
37, 340, 39
38, 350, 40
38, 360, 41
38, 370, 41
40, 380, 41
{'count': 760, 'truepos': 40, 'falseneg': 0, 'correction': 0, 'unknownyes': 5, 'falsepos': 0, 'unique': 380}
14: K_all3.csv: machine: 0, 0
2, 10
5, 20, 70
6, 30, 63
11, 40, 54
12, 50, 66
15, 60, 57
18, 70, 58
20, 80, 61
20, 90, 36
20, 100, 31
21, 110, 30
22, 120, 30
22, 120, 30
23, 130, 31
24, 140, 32
24, 150, 36
24, 160, 32
26, 170, 31
26, 170, 31
28, 180, 35
30, 190, 35
30, 200, 37
30, 210, 38
30, 220, 36
30, 220, 36
30, 230, 35
30, 240, 37
31, 250, 34
31, 260, 35
31, 270, 35
31, 270, 35
31, 280, 36
31, 290, 36
31, 300, 35
32, 310, 35
33, 320, 36
33, 320, 36
34, 330, 35
35, 340, 37
35, 350, 38
35, 360, 38
37, 370, 38
{'count': 565, 'truepos': 37, 'falseneg': 0, 'correction': 0, 'unknownyes': 8, 'falsepos': 0, 'unique': 370}
14: K_all3.csv: knee: 0, 0
2, 10
5, 20
6, 30
11, 40
14, 50
15, 60
16, 70
17, 80
21, 90
21, 100
22, 110
23, 120
23, 130
24, 140
25, 150
25, 160
25, 170
26, 180
26, 190
26, 200
27, 210
28, 220
30, 230
31, 240
32, 250
33, 260
33, 270
33, 280
33, 290
34, 300
34, 310
34, 320
34, 330
34, 340
34, 350
35, 360
36, 370
36, 380
37, 390
38, 400
38, 410
38, 420
39, 430
39, 440
39, 450
39, 460
40, 470
40, 480
40, 490
40, 500
40, 510
41, 520
41, 530
41, 540
41, 550
41, 560
41, 570
41, 580
42, 590
42, 600
42, 610
42, 620
42, 630
42, 640
42, 650
42, 660
42, 670
42, 680
42, 690
42, 700
43, 710
43, 720
43, 730
43, 740
43, 750
43, 760
43, 770
43, 780
{'count': 1017, 'truepos': 43, 'falseneg': 0, 'correction': 0, 'unknownyes': 2, 'falsepos': 0, 'unique': 780}

------------------------------------------------------------
Sender: LSF System <lsfadmin@n2d1-14>
Subject: Job 629150: </share/tjmenzie/zyu9/miniconda2/bin/python2.7 runner.py error_hpcc 14> in cluster <henry2> Done

Job </share/tjmenzie/zyu9/miniconda2/bin/python2.7 runner.py error_hpcc 14> was submitted from host <login01.hpc.ncsu.edu> by user <zyu9> in cluster <henry2> at Tue Jan 30 18:08:16 2018.
Job was executed on host(s) <2*n2d1-14>, in queue <single_chassis>, as user <zyu9> in cluster <henry2> at Tue Jan 30 18:08:18 2018.
</home/zyu9> was used as the home directory.
</home/zyu9/projects/MAR_HPC/Error/src> was used as the working directory.
Started at Tue Jan 30 18:08:18 2018.
Terminated at Tue Jan 30 18:45:57 2018.
Results reported at Tue Jan 30 18:45:57 2018.

Your job looked like:

------------------------------------------------------------
# LSBATCH: User input
/share/tjmenzie/zyu9/miniconda2/bin/python2.7 runner.py error_hpcc 14
------------------------------------------------------------

Successfully completed.

Resource usage summary:

    CPU time :                                   3126.48 sec.
    Max Memory :                                 282.43 MB
    Average Memory :                             222.73 MB
    Total Requested Memory :                     -
    Delta Memory :                               -
    Max Swap :                                   1326 MB
    Max Processes :                              3
    Max Threads :                                8
    Run time :                                   2267 sec.
    Turnaround time :                            2261 sec.

The output (if any) is above this job summary.



PS:

Read file <./err/14.err.629150> for stderr output of this job.

