14: Hall.csv: none: 0, 0
7, 10
7, 20, 111
10, 30, 107
12, 40, 105
15, 50, 85
18, 60, 76
21, 70, 80
24, 80, 83
25, 90, 80
27, 100, 68
27, 110, 65
30, 120, 58
33, 130, 54
34, 140, 59
35, 150, 59
37, 160, 58
40, 170, 54
42, 180, 60
42, 190, 63
44, 200, 55
45, 210, 61
47, 220, 61
52, 230, 62
55, 240, 67
56, 250, 72
59, 260, 71
61, 270, 75
62, 280, 78
63, 290, 79
64, 300, 83
65, 310, 79
66, 320, 93
66, 330, 85
66, 340, 85
66, 350, 81
67, 360, 82
68, 370, 84
69, 380, 82
70, 390, 82
70, 400, 84
70, 410, 82
70, 420, 82
70, 430, 85
70, 440, 82
70, 450, 84
70, 460, 83
70, 470, 80
70, 480, 80
70, 490, 80
70, 500, 79
70, 510, 80
70, 520, 79
70, 530, 79
70, 540, 80
70, 550, 79
70, 560, 79
70, 570, 78
70, 580, 78
70, 590, 77
70, 600, 78
71, 610, 79
71, 620, 79
71, 630, 79
72, 640, 79
72, 650, 82
72, 660, 81
72, 670, 81
72, 680, 81
72, 690, 80
72, 700, 82
72, 710, 81
72, 720, 80
72, 730, 80
72, 740, 80
72, 750, 79
72, 760, 79
72, 770, 79
72, 780, 79
72, 790, 79
72, 800, 79
72, 810, 79
72, 820, 78
72, 830, 78
72, 840, 79
72, 850, 78
72, 860, 78
72, 870, 78
72, 880, 78
72, 890, 78
72, 900, 77
72, 910, 77
72, 920, 78
72, 930, 78
72, 940, 77
72, 950, 78
72, 960, 77
72, 970, 77
72, 980, 76
72, 990, 76
72, 1000, 77
72, 1010, 77
72, 1020, 78
72, 1030, 77
72, 1040, 76
72, 1050, 76
72, 1060, 76
72, 1070, 76
72, 1080, 76
72, 1090, 76
72, 1100, 76
72, 1110, 76
72, 1120, 76
72, 1130, 76
72, 1140, 76
72, 1150, 77
72, 1160, 76
72, 1170, 76
72, 1180, 76
72, 1190, 76
72, 1200, 76
72, 1210, 76
72, 1220, 76
72, 1230, 76
72, 1240, 76
72, 1250, 76
72, 1260, 77
72, 1270, 76
72, 1280, 76
72, 1290, 76
72, 1300, 76
72, 1310, 76
72, 1320, 76
72, 1330, 76
72, 1340, 76
72, 1350, 76
72, 1360, 76
72, 1370, 75
72, 1380, 75
72, 1390, 75
72, 1400, 76
72, 1410, 76
72, 1420, 75
72, 1430, 75
72, 1440, 75
{'count': 1440, 'truepos': 69, 'falseneg': 34, 'correction': 0, 'unknownyes': 1, 'falsepos': 3, 'unique': 1440}
14: Hall.csv: three: 0, 0
6, 10
7, 20, 108
9, 30, 105
12, 40, 97
14, 50, 96
17, 60, 83
19, 70, 76
22, 80, 70
26, 90, 70
28, 100, 79
30, 110, 72
33, 120, 58
37, 130, 62
39, 140, 69
39, 150, 72
40, 160, 65
43, 170, 63
46, 180, 66
48, 190, 70
49, 200, 71
50, 210, 70
53, 220, 68
56, 230, 75
58, 240, 79
60, 250, 80
61, 260, 83
64, 270, 75
67, 280, 80
69, 290, 85
70, 300, 87
71, 310, 89
72, 320, 88
73, 330, 88
74, 340, 89
74, 350, 90
74, 360, 89
74, 370, 88
75, 380, 85
75, 390, 89
75, 400, 89
75, 410, 87
76, 420, 88
76, 430, 89
76, 440, 87
76, 450, 87
76, 460, 85
76, 470, 87
76, 480, 86
76, 490, 87
76, 500, 86
76, 510, 85
76, 520, 85
76, 530, 84
76, 540, 84
76, 550, 84
76, 560, 84
76, 570, 83
76, 580, 84
76, 590, 84
76, 600, 84
76, 610, 84
76, 620, 85
76, 630, 82
76, 640, 84
76, 650, 83
76, 660, 82
76, 670, 83
76, 680, 83
76, 690, 83
76, 700, 82
76, 710, 81
76, 720, 82
76, 730, 82
76, 740, 81
76, 750, 82
76, 760, 81
76, 770, 81
76, 780, 81
76, 790, 81
76, 800, 81
76, 810, 81
76, 820, 80
76, 830, 80
76, 840, 81
76, 850, 81
76, 860, 81
76, 870, 81
76, 880, 81
76, 890, 81
76, 900, 80
76, 910, 80
76, 920, 81
76, 930, 80
76, 940, 80
76, 950, 80
76, 960, 80
76, 970, 81
76, 980, 80
76, 990, 80
76, 1000, 80
76, 1010, 80
76, 1020, 80
76, 1030, 80
76, 1040, 80
76, 1050, 80
76, 1060, 79
76, 1070, 79
76, 1080, 79
76, 1090, 79
76, 1100, 79
{'count': 2253, 'truepos': 76, 'falseneg': 27, 'correction': 48, 'unknownyes': 1, 'falsepos': 0, 'unique': 1100}
14: Hall.csv: machine: 0, 0
5, 10
6, 20, 100
9, 30, 93
12, 40, 102
18, 50, 101
22, 60, 98
['yes']
['no' 'no' 'yes' 'no' 'no' 'no' 'no' 'no' 'no' 'no' 'no' 'no' 'no' 'no'
 'no' 'yes' 'no' 'no' 'no']
24, 60, 98
29, 70, 94
35, 80, 88
37, 90, 76
39, 100, 72
40, 110, 72
['yes']
['no' 'no' 'yes' 'no' 'no' 'yes' 'no' 'no' 'no' 'no' 'no' 'no' 'no' 'no'
 'yes' 'no' 'no' 'no' 'no']
43, 110, 72
47, 120, 70
49, 130, 76
50, 140, 77
52, 150, 69
53, 160, 69
['yes']
['no' 'yes' 'no' 'no' 'no' 'no' 'no' 'no' 'no' 'no' 'no' 'yes' 'no' 'no'
 'no' 'no' 'no' 'no' 'no']
56, 160, 69
57, 170, 74
60, 180, 70
60, 190, 75
64, 200, 73
70, 210, 74
['yes']
['no' 'yes' 'no' 'yes' 'no' 'no' 'no' 'no' 'no' 'no' 'no' 'no' 'no' 'no'
 'yes' 'yes' 'no' 'no' 'no']
74, 210, 74
77, 220, 89
81, 230, 91
85, 240, 96
86, 250, 102
87, 260, 100
['yes']
['no' 'no' 'no' 'yes' 'no' 'no' 'no' 'no' 'no' 'no' 'no' 'no' 'no' 'no'
 'yes' 'yes' 'no' 'no' 'no']
90, 260, 100
90, 270, 104
91, 280, 104
91, 290, 102
94, 300, 101
94, 310, 105
['yes']
['no' 'no' 'no' 'no' 'no' 'no' 'no' 'no' 'no' 'no' 'no' 'yes' 'no' 'no'
 'no' 'no' 'no' 'no' 'no']
95, 310, 105
95, 320, 109
96, 330, 105
96, 340, 107
96, 350, 105
98, 360, 105
['no']
['no' 'no' 'no' 'no' 'yes' 'no' 'no' 'no' 'no' 'no' 'no' 'no' 'no' 'no'
 'no' 'no' 'no' 'yes' 'no']
99, 360, 105
99, 370, 108
100, 380, 108
100, 390, 112
100, 400, 107
100, 410, 107
['yes']
['no' 'no' 'no' 'no' 'no' 'no' 'no' 'no' 'no' 'no' 'no' 'no' 'no' 'no'
 'no' 'no' 'no' 'no' 'no']
101, 410, 107
101, 420, 109
101, 430, 108
101, 440, 108
101, 450, 107
101, 460, 107
['yes']
['no' 'no' 'no' 'yes' 'no' 'no' 'no' 'no' 'no' 'yes' 'no' 'no' 'no' 'no'
 'no' 'no' 'no' 'no' 'no']
102, 460, 107
102, 470, 108
102, 480, 109
102, 490, 110
102, 500, 108
102, 510, 109
['no']
['no' 'no' 'no' 'no' 'no' 'no' 'no' 'no' 'no' 'no' 'no' 'no' 'no' 'no'
 'no' 'no' 'no' 'no' 'no']
101, 510, 109
{'count': 714, 'truepos': 99, 'falseneg': 3, 'correction': 22, 'unknownyes': 2, 'falsepos': 2, 'unique': 510}
14: Hall.csv: knee: 0, 0
6, 10
9, 20
11, 30
14, 40
18, 50
19, 60
20, 70
25, 80
28, 90
31, 100
36, 110
40, 120
43, 130
45, 140
49, 150
50, 160
51, 170
52, 180
55, 190
56, 200
56, 210
56, 220
57, 230
60, 240
62, 250
64, 260
65, 270
66, 280
66, 290
67, 300
67, 310
67, 320
67, 330
67, 340
67, 350
67, 360
67, 370
67, 380
67, 390
67, 400
67, 410
67, 420
68, 430
68, 440
68, 450
68, 460
68, 470
68, 480
68, 490
{'count': 642, 'truepos': 88, 'falseneg': 13, 'correction': 24, 'unknownyes': 3, 'falsepos': 1, 'unique': 490}
14: Wahono.csv: none: 0, 0
4, 10
4, 20, 110
5, 30, 73
6, 40, 61
7, 50, 45
8, 60, 40
8, 70, 39
8, 80, 37
9, 90, 36
13, 100, 38
15, 110, 47
15, 120, 50
16, 130, 46
18, 140, 45
19, 150, 49
19, 160, 48
20, 170, 47
20, 180, 49
20, 190, 47
21, 200, 47
22, 210, 48
22, 220, 47
23, 230, 47
24, 240, 48
24, 250, 48
24, 260, 48
24, 270, 48
26, 280, 48
27, 290, 49
27, 300, 50
27, 310, 49
27, 320, 49
27, 330, 49
27, 340, 49
28, 350, 49
29, 360, 50
31, 370, 50
31, 380, 53
31, 390, 47
32, 400, 44
32, 410, 50
33, 420, 46
33, 430, 48
34, 440, 48
34, 450, 51
35, 460, 51
35, 470, 55
35, 480, 53
35, 490, 50
36, 500, 50
36, 510, 53
37, 520, 49
37, 530, 50
37, 540, 49
37, 550, 49
38, 560, 47
38, 570, 53
38, 580, 51
38, 590, 49
39, 600, 45
39, 610, 52
39, 620, 51
39, 630, 52
40, 640, 49
40, 650, 50
40, 660, 51
40, 670, 51
40, 680, 49
40, 690, 49
40, 700, 49
40, 710, 52
41, 720, 50
41, 730, 50
41, 740, 51
41, 750, 49
41, 760, 51
41, 770, 49
41, 780, 50
41, 790, 49
41, 800, 50
41, 810, 49
41, 820, 49
41, 830, 47
41, 840, 48
41, 850, 48
41, 860, 48
41, 870, 49
41, 880, 48
41, 890, 48
41, 900, 48
41, 910, 47
41, 920, 47
41, 930, 47
41, 940, 49
41, 950, 47
41, 960, 47
41, 970, 46
41, 980, 47
41, 990, 47
41, 1000, 47
41, 1010, 47
41, 1020, 46
41, 1030, 49
41, 1040, 46
41, 1050, 46
41, 1060, 48
41, 1070, 47
41, 1080, 46
41, 1090, 45
41, 1100, 46
41, 1110, 47
41, 1120, 46
41, 1130, 48
41, 1140, 46
41, 1150, 45
41, 1160, 46
42, 1170, 45
43, 1180, 46
43, 1190, 47
43, 1200, 47
43, 1210, 47
43, 1220, 47
43, 1230, 47
43, 1240, 47
43, 1250, 47
43, 1260, 47
43, 1270, 46
43, 1280, 47
43, 1290, 46
43, 1300, 47
43, 1310, 46
43, 1320, 46
43, 1330, 46
43, 1340, 46
43, 1350, 46
43, 1360, 46
43, 1370, 46
44, 1380, 46
44, 1390, 47
44, 1400, 47
44, 1410, 47
44, 1420, 47
44, 1430, 47
46, 1440, 47
46, 1450, 49
46, 1460, 49
46, 1470, 49
46, 1480, 49
46, 1490, 49
46, 1500, 50
46, 1510, 49
46, 1520, 49
46, 1530, 49
46, 1540, 49
46, 1550, 49
46, 1560, 49
46, 1570, 49
46, 1580, 49
46, 1590, 49
46, 1600, 49
{'count': 1600, 'truepos': 42, 'falseneg': 19, 'correction': 0, 'unknownyes': 1, 'falsepos': 4, 'unique': 1600}
14: Wahono.csv: three: 0, 0
4, 10
5, 20, 94
8, 30, 91
12, 40, 93
13, 50, 95
16, 60, 80
17, 70, 85
17, 80, 77
17, 90, 58
17, 100, 49
17, 110, 46
17, 120, 46
17, 130, 45
17, 140, 45
18, 150, 45
19, 160, 45
20, 170, 46
20, 180, 47
20, 190, 47
21, 200, 47
21, 210, 48
21, 220, 48
21, 230, 49
22, 240, 49
23, 250, 50
26, 260, 52
26, 270, 62
28, 280, 57
28, 290, 56
29, 300, 54
29, 310, 54
29, 320, 52
29, 330, 51
30, 340, 51
30, 350, 51
30, 360, 49
31, 370, 47
33, 380, 49
35, 390, 51
35, 400, 55
36, 410, 51
36, 420, 55
37, 430, 52
37, 440, 53
37, 450, 56
37, 460, 54
37, 470, 50
37, 480, 50
37, 490, 50
37, 500, 52
37, 510, 48
37, 520, 50
37, 530, 50
37, 540, 49
37, 550, 50
37, 560, 47
37, 570, 48
37, 580, 47
37, 590, 45
37, 600, 47
37, 610, 46
37, 620, 47
37, 630, 48
37, 640, 45
37, 650, 47
37, 660, 44
37, 670, 45
37, 680, 45
37, 690, 46
37, 700, 44
37, 710, 44
37, 720, 43
37, 730, 44
37, 740, 44
37, 750, 44
37, 760, 43
37, 770, 43
37, 780, 43
37, 790, 43
37, 800, 42
37, 810, 43
37, 820, 43
37, 830, 43
37, 840, 43
37, 850, 43
37, 860, 42
37, 870, 42
37, 880, 41
37, 890, 42
37, 900, 42
37, 910, 42
38, 920, 42
38, 930, 43
39, 940, 43
39, 950, 44
39, 960, 44
40, 970, 43
40, 980, 45
40, 990, 46
40, 1000, 46
40, 1010, 45
40, 1020, 45
40, 1030, 45
40, 1040, 45
40, 1050, 45
40, 1060, 45
40, 1070, 45
40, 1080, 45
40, 1090, 45
40, 1100, 45
40, 1110, 44
40, 1120, 44
40, 1130, 45
40, 1140, 44
40, 1150, 44
41, 1160, 44
41, 1170, 45
41, 1180, 45
41, 1190, 45
41, 1200, 45
41, 1210, 45
41, 1220, 45
41, 1230, 45
41, 1240, 45
41, 1250, 45
41, 1260, 45
41, 1270, 45
41, 1280, 45
41, 1290, 44
42, 1300, 45
42, 1310, 46
42, 1320, 46
42, 1330, 46
42, 1340, 46
42, 1350, 46
42, 1360, 45
42, 1370, 45
42, 1380, 45
42, 1390, 45
42, 1400, 45
42, 1410, 45
42, 1420, 45
42, 1430, 45
42, 1440, 45
42, 1450, 45
42, 1460, 45
42, 1470, 45
42, 1480, 45
42, 1490, 45
42, 1500, 45
42, 1510, 45
42, 1520, 45
42, 1530, 45
42, 1540, 45
42, 1550, 45
42, 1560, 45
42, 1570, 44
42, 1580, 45
42, 1590, 44
42, 1600, 45
42, 1610, 44
42, 1620, 45
42, 1630, 44
42, 1640, 44
42, 1650, 44
42, 1660, 44
42, 1670, 44
42, 1680, 45
42, 1690, 44
42, 1700, 44
42, 1710, 44
42, 1720, 44
42, 1730, 44
42, 1740, 44
42, 1750, 44
42, 1760, 44
42, 1770, 44
42, 1780, 44
42, 1790, 44
42, 1800, 44
42, 1810, 44
42, 1820, 44
42, 1830, 44
42, 1840, 44
{'count': 3721, 'truepos': 42, 'falseneg': 18, 'correction': 36, 'unknownyes': 2, 'falsepos': 0, 'unique': 1840}
14: Wahono.csv: machine: 0, 0
4, 10
4, 20, 87
8, 30, 87
9, 40, 88
11, 50, 77
13, 60, 73
['yes']
['yes' 'no' 'no' 'no' 'yes' 'no' 'no' 'no' 'no' 'no' 'no' 'no' 'no' 'yes'
 'no' 'no' 'no' 'no' 'no']
15, 60, 73
17, 70, 62
17, 80, 60
18, 90, 48
19, 100, 48
21, 110, 47
['yes']
['yes' 'no' 'no' 'no' 'no' 'no' 'no' 'no' 'no' 'no' 'no' 'no' 'no' 'no'
 'no' 'no' 'no' 'no' 'no']
22, 110, 47
22, 120, 51
23, 130, 48
24, 140, 48
26, 150, 48
26, 160, 51
['yes']
['no' 'no' 'no' 'no' 'no' 'no' 'no' 'no' 'no' 'no' 'no' 'yes' 'no' 'no'
 'no' 'no' 'no' 'no' 'no']
26, 160, 51
27, 170, 48
27, 180, 48
28, 190, 47
28, 200, 48
28, 210, 48
['yes']
['no' 'no' 'no' 'no' 'no' 'no' 'no' 'no' 'no' 'no' 'no' 'no' 'no' 'no'
 'no' 'no' 'no' 'no' 'no']
27, 210, 48
28, 220, 47
28, 230, 48
28, 240, 48
28, 250, 48
29, 260, 47
['yes']
['no' 'no' 'no' 'no' 'no' 'no' 'no' 'no' 'yes' 'no' 'no' 'no' 'no' 'no'
 'no' 'no' 'yes' 'no' 'no']
31, 260, 47
31, 270, 53
33, 280, 51
33, 290, 53
34, 300, 51
34, 310, 53
['yes']
['no' 'no' 'no' 'no' 'yes' 'no' 'no' 'no' 'no' 'no' 'no' 'no' 'no' 'no'
 'no' 'no' 'no' 'no' 'no']
34, 310, 53
34, 320, 56
35, 330, 51
35, 340, 51
36, 350, 48
36, 360, 49
['yes']
['no' 'no' 'no' 'no' 'no' 'no' 'no' 'no' 'no' 'no' 'no' 'no' 'no' 'no'
 'no' 'no' 'no' 'no' 'no']
36, 360, 49
36, 370, 52
36, 380, 49
36, 390, 49
36, 400, 51
36, 410, 49
['yes']
['no' 'no' 'no' 'no' 'no' 'no' 'yes' 'no' 'no' 'no' 'no' 'no' 'no' 'no'
 'no' 'no' 'no' 'no' 'no']
36, 410, 49
36, 420, 46
37, 430, 49
37, 440, 50
37, 450, 49
38, 460, 47
['yes']
['yes' 'no' 'no' 'no' 'no' 'no' 'no' 'no' 'no' 'no' 'no' 'no' 'no' 'yes'
 'no' 'no' 'no' 'no' 'no']
40, 460, 47
41, 470, 52
41, 480, 51
41, 490, 50
41, 500, 50
41, 510, 50
['yes']
['no' 'no' 'no' 'no' 'no' 'no' 'no' 'no' 'no' 'no' 'no' 'no' 'no' 'no'
 'no' 'no' 'no' 'no' 'no']
41, 510, 50
42, 520, 49
42, 530, 50
42, 540, 50
42, 550, 50
43, 560, 50
['yes']
['no' 'no' 'no' 'no' 'no' 'no' 'no' 'no' 'no' 'no' 'no' 'no' 'no' 'no'
 'no' 'no' 'no' 'no' 'no']
43, 560, 50
43, 570, 52
43, 580, 51
43, 590, 51
43, 600, 51
44, 610, 50
['yes']
['no' 'yes' 'no' 'no' 'no' 'no' 'no' 'no' 'no' 'no' 'no' 'no' 'no' 'no'
 'no' 'no' 'no' 'no' 'no']
45, 610, 50
45, 620, 53
46, 630, 53
47, 640, 53
48, 650, 53
48, 660, 58
['yes']
['no' 'no' 'no' 'no' 'no' 'no' 'yes' 'no' 'no' 'no' 'no' 'no' 'no' 'no'
 'no' 'no' 'no' 'yes' 'yes']
50, 660, 58
50, 670, 58
52, 680, 60
52, 690, 61
52, 700, 59
52, 710, 62
['yes']
['no' 'no' 'no' 'no' 'no' 'no' 'no' 'no' 'no' 'no' 'no' 'no' 'no' 'no'
 'no' 'no' 'no' 'no' 'no']
52, 710, 62
53, 720, 61
53, 730, 61
53, 740, 61
53, 750, 60
53, 760, 62
['no']
['no' 'no' 'no' 'no' 'no' 'no' 'no' 'no' 'no' 'no' 'no' 'no' 'no' 'no'
 'no' 'no' 'no' 'no' 'no']
52, 760, 62
52, 770, 58
52, 780, 58
52, 790, 60
52, 800, 60
52, 810, 58
['yes']
['no' 'no' 'no' 'no' 'no' 'no' 'no' 'no' 'no' 'no' 'no' 'no' 'no' 'no'
 'no' 'no' 'no' 'no' 'no']
52, 810, 58
52, 820, 60
52, 830, 59
52, 840, 59
52, 850, 59
52, 860, 60
['yes']
['no' 'no' 'no' 'no' 'no' 'no' 'no' 'no' 'no' 'no' 'no' 'no' 'no' 'no'
 'no' 'no' 'no' 'no' 'no']
52, 860, 60
52, 870, 59
52, 880, 59
52, 890, 58
52, 900, 58
52, 910, 58
['yes']
['no' 'yes' 'no' 'no' 'no' 'no' 'no' 'no' 'no' 'no' 'no' 'no' 'no' 'no'
 'no' 'no' 'no' 'no' 'no']
53, 910, 58
53, 920, 59
53, 930, 60
53, 940, 58
53, 950, 59
53, 960, 59
['yes']
['no' 'no' 'no' 'no' 'no' 'no' 'no' 'no' 'no' 'no' 'no' 'no' 'no' 'no'
 'no' 'no' 'no' 'no' 'no']
53, 960, 59
53, 970, 59
53, 980, 59
53, 990, 58
54, 1000, 59
54, 1010, 59
['yes']
['no' 'no' 'no' 'no' 'no' 'no' 'no' 'no' 'no' 'no' 'no' 'no' 'no' 'no'
 'no' 'no' 'no' 'no' 'no']
54, 1010, 59
54, 1020, 59
54, 1030, 60
54, 1040, 60
54, 1050, 59
54, 1060, 59
['yes']
['no' 'no' 'no' 'no' 'no' 'no' 'no' 'no' 'no' 'no' 'no' 'no' 'no' 'no'
 'no' 'no' 'no' 'no' 'no']
53, 1060, 59
53, 1070, 58
53, 1080, 57
53, 1090, 57
53, 1100, 58
53, 1110, 57
['no']
['no' 'no' 'no' 'no' 'no' 'no' 'no' 'no' 'no' 'no' 'no' 'no' 'no' 'no'
 'no' 'no' 'no' 'no' 'no']
52, 1110, 57
52, 1120, 57
52, 1130, 56
52, 1140, 56
52, 1150, 56
52, 1160, 56
['yes']
['no' 'no' 'no' 'no' 'no' 'no' 'no' 'no' 'no' 'no' 'no' 'no' 'no' 'no'
 'no' 'no' 'no' 'no' 'no']
52, 1160, 56
52, 1170, 56
52, 1180, 55
52, 1190, 55
52, 1200, 55
52, 1210, 56
['yes']
['no' 'no' 'no' 'no' 'no' 'no' 'no' 'no' 'no' 'no' 'no' 'no' 'no' 'no'
 'no' 'no' 'no' 'no' 'no']
52, 1210, 56
52, 1220, 55
52, 1230, 56
52, 1240, 55
52, 1250, 55
52, 1260, 55
['no']
['no' 'no' 'no' 'no' 'no' 'no' 'no' 'no' 'no' 'no' 'no' 'no' 'no' 'no'
 'no' 'no' 'no' 'no' 'no']
51, 1260, 55
51, 1270, 54
51, 1280, 54
51, 1290, 54
51, 1300, 54
51, 1310, 54
['yes']
['no' 'no' 'no' 'no' 'no' 'no' 'no' 'no' 'no' 'no' 'no' 'no' 'no' 'no'
 'no' 'no' 'no' 'no' 'no']
51, 1310, 54
51, 1320, 53
51, 1330, 53
51, 1340, 54
51, 1350, 54
51, 1360, 54
['yes']
['no' 'no' 'no' 'no' 'no' 'no' 'no' 'no' 'no' 'no' 'no' 'no' 'no' 'no'
 'no' 'no' 'no' 'no' 'no']
51, 1360, 54
52, 1370, 54
52, 1380, 55
52, 1390, 55
{'count': 1937, 'truepos': 52, 'falseneg': 8, 'correction': 18, 'unknownyes': 2, 'falsepos': 0, 'unique': 1390}
14: Wahono.csv: knee: 0, 0
6, 10
7, 20
7, 30
7, 40
8, 50
10, 60
{'count': 70, 'truepos': 9, 'falseneg': 8, 'correction': 1, 'unknownyes': 45, 'falsepos': 0, 'unique': 60}
14: Danijel.csv: none: 0, 0
3, 10
4, 20, 124
6, 30, 106
7, 40, 107
8, 50, 87
10, 60, 73
10, 70, 67
10, 80, 60
11, 90, 63
12, 100, 54
13, 110, 48
14, 120, 47
16, 130, 44
18, 140, 48
18, 150, 49
21, 160, 44
22, 170, 48
23, 180, 47
23, 190, 46
23, 200, 44
23, 210, 43
23, 220, 42
23, 230, 42
23, 240, 42
23, 250, 42
24, 260, 42
25, 270, 43
25, 280, 44
26, 290, 44
27, 300, 45
27, 310, 45
27, 320, 45
27, 330, 45
27, 340, 45
27, 350, 45
27, 360, 45
27, 370, 46
28, 380, 46
28, 390, 46
28, 400, 46
28, 410, 46
29, 420, 46
29, 430, 48
30, 440, 48
30, 450, 43
30, 460, 43
30, 470, 40
30, 480, 39
30, 490, 41
30, 500, 40
30, 510, 39
30, 520, 40
30, 530, 41
30, 540, 41
30, 550, 38
30, 560, 40
30, 570, 38
30, 580, 38
30, 590, 38
30, 600, 38
30, 610, 38
30, 620, 37
30, 630, 39
30, 640, 35
30, 650, 37
30, 660, 37
30, 670, 36
31, 680, 35
31, 690, 36
31, 700, 37
31, 710, 38
31, 720, 37
31, 730, 36
32, 740, 36
33, 750, 37
33, 760, 38
33, 770, 37
33, 780, 37
33, 790, 38
34, 800, 37
34, 810, 38
34, 820, 38
34, 830, 39
34, 840, 38
35, 850, 39
35, 860, 40
35, 870, 40
35, 880, 40
35, 890, 39
35, 900, 40
35, 910, 39
35, 920, 39
35, 930, 39
35, 940, 39
35, 950, 39
35, 960, 39
35, 970, 39
35, 980, 39
35, 990, 39
35, 1000, 39
35, 1010, 38
35, 1020, 39
35, 1030, 39
35, 1040, 38
35, 1050, 38
35, 1060, 39
35, 1070, 38
35, 1080, 38
35, 1090, 39
35, 1100, 39
35, 1110, 38
35, 1120, 39
35, 1130, 37
35, 1140, 38
35, 1150, 38
35, 1160, 37
35, 1170, 37
35, 1180, 37
35, 1190, 38
35, 1200, 38
35, 1210, 38
35, 1220, 38
35, 1230, 37
35, 1240, 37
35, 1250, 37
35, 1260, 38
35, 1270, 37
35, 1280, 37
35, 1290, 37
35, 1300, 38
35, 1310, 37
35, 1320, 38
35, 1330, 38
35, 1340, 37
35, 1350, 37
35, 1360, 37
35, 1370, 37
35, 1380, 37
35, 1390, 37
35, 1400, 37
36, 1410, 37
36, 1420, 38
36, 1430, 39
36, 1440, 38
36, 1450, 39
36, 1460, 39
36, 1470, 38
36, 1480, 38
36, 1490, 38
36, 1500, 38
36, 1510, 38
36, 1520, 38
36, 1530, 38
36, 1540, 38
36, 1550, 38
36, 1560, 38
36, 1570, 38
36, 1580, 38
36, 1590, 38
36, 1600, 38
36, 1610, 38
36, 1620, 39
36, 1630, 38
36, 1640, 38
36, 1650, 38
36, 1660, 38
{'count': 1660, 'truepos': 30, 'falseneg': 17, 'correction': 0, 'unknownyes': 1, 'falsepos': 6, 'unique': 1660}
14: Danijel.csv: three: 0, 0
2, 10
3, 20, 101
4, 30, 87
5, 40, 61
6, 50, 54
9, 60, 53
12, 70, 53
15, 80, 56
18, 90, 52
18, 100, 57
18, 110, 45
18, 120, 43
19, 130, 41
20, 140, 41
20, 150, 42
20, 160, 40
21, 170, 40
21, 180, 39
21, 190, 39
22, 200, 39
22, 210, 39
22, 220, 39
24, 230, 39
24, 240, 41
25, 250, 40
25, 260, 41
25, 270, 42
25, 280, 42
25, 290, 42
25, 300, 42
25, 310, 42
25, 320, 42
26, 330, 42
26, 340, 43
26, 350, 43
26, 360, 43
26, 370, 43
26, 380, 43
27, 390, 44
27, 400, 44
27, 410, 44
27, 420, 44
27, 430, 44
27, 440, 44
27, 450, 45
27, 460, 45
27, 470, 45
27, 480, 45
27, 490, 45
27, 500, 45
27, 510, 45
27, 520, 45
27, 530, 45
27, 540, 45
27, 550, 45
27, 560, 46
28, 570, 46
28, 580, 47
28, 590, 47
28, 600, 47
28, 610, 47
28, 620, 47
28, 630, 47
28, 640, 47
28, 650, 47
28, 660, 47
28, 670, 48
28, 680, 48
28, 690, 48
28, 700, 48
28, 710, 48
28, 720, 48
28, 730, 48
29, 740, 48
29, 750, 54
29, 760, 49
29, 770, 47
29, 780, 47
29, 790, 47
29, 800, 47
29, 810, 47
29, 820, 47
29, 830, 47
29, 840, 47
29, 850, 47
29, 860, 47
29, 870, 47
29, 880, 47
29, 890, 47
29, 900, 47
29, 910, 47
29, 920, 47
29, 930, 47
29, 940, 47
29, 950, 47
29, 960, 47
29, 970, 47
29, 980, 47
29, 990, 47
29, 1000, 47
29, 1010, 47
29, 1020, 47
29, 1030, 48
29, 1040, 48
29, 1050, 48
29, 1060, 48
29, 1070, 48
29, 1080, 48
29, 1090, 48
31, 1100, 48
31, 1110, 34
31, 1120, 33
31, 1130, 33
31, 1140, 33
31, 1150, 33
31, 1160, 33
31, 1170, 33
31, 1180, 33
31, 1190, 33
31, 1200, 33
31, 1210, 33
31, 1220, 33
31, 1230, 33
31, 1240, 33
31, 1250, 33
31, 1260, 33
31, 1270, 33
31, 1280, 33
31, 1290, 33
32, 1300, 33
32, 1310, 34
{'count': 2644, 'truepos': 32, 'falseneg': 15, 'correction': 22, 'unknownyes': 1, 'falsepos': 0, 'unique': 1310}
14: Danijel.csv: machine: 0, 0
3, 10
3, 20, 128
4, 30, 91
5, 40, 71
5, 50, 61
5, 60, 55
['yes']
['no' 'no' 'no' 'no' 'no' 'no' 'no' 'yes' 'no' 'no' 'no' 'no' 'yes' 'no'
 'no' 'no' 'no' 'no' 'no']
6, 60, 55
8, 70, 60
11, 80, 63
14, 90, 62
15, 100, 63
18, 110, 51
['yes']
['no' 'no' 'no' 'no' 'no' 'no' 'no' 'no' 'no' 'no' 'no' 'no' 'no' 'no'
 'no' 'no' 'no' 'no' 'no']
18, 110, 51
18, 120, 56
18, 130, 50
19, 140, 47
20, 150, 47
20, 160, 45
['yes']
['no' 'no' 'no' 'no' 'no' 'no' 'no' 'yes' 'no' 'no' 'no' 'no' 'no' 'no'
 'yes' 'no' 'no' 'no' 'no']
20, 160, 45
20, 170, 48
20, 180, 45
21, 190, 43
21, 200, 43
21, 210, 42
['yes']
['no' 'no' 'no' 'no' 'no' 'no' 'no' 'no' 'no' 'no' 'no' 'no' 'no' 'no'
 'no' 'no' 'no' 'no' 'no']
21, 210, 42
22, 220, 42
23, 230, 43
25, 240, 44
27, 250, 44
27, 260, 46
['yes']
['no' 'no' 'no' 'no' 'no' 'no' 'no' 'no' 'no' 'no' 'yes' 'no' 'yes' 'yes'
 'no' 'no' 'no' 'no' 'no']
30, 260, 46
30, 270, 47
30, 280, 45
30, 290, 41
31, 300, 43
32, 310, 43
['yes']
['yes' 'no' 'no' 'no' 'no' 'no' 'no' 'no' 'no' 'no' 'no' 'no' 'no' 'no'
 'no' 'no' 'no' 'no' 'no']
33, 310, 43
34, 320, 47
34, 330, 49
34, 340, 44
34, 350, 44
34, 360, 43
['yes']
['no' 'no' 'no' 'no' 'no' 'no' 'no' 'no' 'yes' 'no' 'no' 'no' 'no' 'no'
 'no' 'no' 'no' 'no' 'no']
35, 360, 43
35, 370, 45
35, 380, 44
35, 390, 42
35, 400, 42
35, 410, 43
['yes']
['no' 'no' 'no' 'no' 'no' 'no' 'no' 'no' 'no' 'no' 'no' 'no' 'no' 'no'
 'no' 'no' 'no' 'no' 'no']
35, 410, 43
35, 420, 43
35, 430, 43
35, 440, 44
35, 450, 41
35, 460, 42
['yes']
['no' 'yes' 'no' 'no' 'no' 'no' 'no' 'no' 'no' 'no' 'no' 'no' 'no' 'no'
 'no' 'no' 'no' 'no' 'no']
34, 460, 42
34, 470, 42
34, 480, 41
34, 490, 41
35, 500, 39
36, 510, 39
['yes']
['no' 'no' 'no' 'no' 'no' 'no' 'no' 'no' 'no' 'no' 'no' 'no' 'no' 'no'
 'no' 'no' 'no' 'no' 'no']
36, 510, 39
36, 520, 42
36, 530, 41
36, 540, 42
36, 550, 42
36, 560, 41
['yes']
['no' 'no' 'no' 'no' 'no' 'no' 'no' 'no' 'no' 'no' 'no' 'no' 'no' 'no'
 'no' 'no' 'no' 'no' 'no']
36, 560, 41
36, 570, 41
36, 580, 41
36, 590, 41
36, 600, 41
36, 610, 41
['yes']
['no' 'no' 'no' 'no' 'no' 'no' 'no' 'no' 'no' 'no' 'no' 'no' 'no' 'no'
 'no' 'no' 'no' 'no' 'no']
36, 610, 41
36, 620, 40
36, 630, 41
36, 640, 40
36, 650, 39
36, 660, 40
['yes']
['no' 'no' 'no' 'no' 'no' 'no' 'no' 'no' 'no' 'no' 'no' 'no' 'no' 'no'
 'no' 'no' 'no' 'no' 'no']
36, 660, 40
36, 670, 40
37, 680, 40
37, 690, 41
37, 700, 41
37, 710, 40
['yes']
['no' 'no' 'no' 'no' 'no' 'no' 'no' 'no' 'no' 'no' 'no' 'no' 'no' 'no'
 'no' 'no' 'no' 'no' 'no']
37, 710, 40
37, 720, 40
37, 730, 42
37, 740, 41
37, 750, 40
37, 760, 40
['yes']
['no' 'no' 'no' 'no' 'no' 'no' 'no' 'no' 'no' 'no' 'no' 'no' 'no' 'no'
 'no' 'no' 'no' 'no' 'no']
37, 760, 40
37, 770, 39
37, 780, 40
37, 790, 40
37, 800, 39
37, 810, 40
['yes']
['no' 'no' 'yes' 'no' 'no' 'no' 'no' 'no' 'no' 'no' 'no' 'no' 'no' 'no'
 'no' 'no' 'no' 'no' 'no']
38, 810, 40
38, 820, 41
38, 830, 41
38, 840, 41
38, 850, 41
38, 860, 41
['yes']
['no' 'no' 'no' 'yes' 'no' 'no' 'no' 'no' 'no' 'no' 'no' 'no' 'no' 'no'
 'no' 'no' 'no' 'no' 'no']
39, 860, 41
{'count': 1205, 'truepos': 39, 'falseneg': 6, 'correction': 13, 'unknownyes': 3, 'falsepos': 0, 'unique': 860}
14: Danijel.csv: knee: 0, 0
3, 10
3, 20
5, 30
6, 40
6, 50
7, 60
8, 70
9, 80
10, 90
11, 100
14, 110
15, 120
16, 130
16, 140
18, 150
19, 160
20, 170
20, 180
21, 190
22, 200
23, 210
25, 220
26, 230
26, 240
26, 250
28, 260
28, 270
28, 280
29, 290
29, 300
29, 310
29, 320
30, 330
30, 340
30, 350
30, 360
31, 370
32, 380
32, 390
32, 400
32, 410
33, 420
33, 430
33, 440
33, 450
33, 460
33, 470
33, 480
33, 490
33, 500
33, 510
33, 520
33, 530
33, 540
33, 550
33, 560
33, 570
34, 580
34, 590
34, 600
34, 610
34, 620
34, 630
34, 640
34, 650
{'count': 892, 'truepos': 40, 'falseneg': 4, 'correction': 14, 'unknownyes': 4, 'falsepos': 1, 'unique': 650}
14: K_all3.csv: none: 0, 0
2, 10
3, 20, 74
3, 30, 61
3, 40, 44
3, 50, 41
3, 60, 41
3, 70, 43
3, 80, 42
3, 90, 41
4, 100, 40
5, 110, 41
6, 120, 41
9, 130, 40
10, 140, 45
11, 150, 44
12, 160, 44
12, 170, 44
14, 180, 42
16, 190, 43
16, 200, 43
18, 210, 42
20, 220, 44
21, 230, 45
22, 240, 45
23, 250, 45
25, 260, 45
26, 270, 46
27, 280, 46
27, 290, 46
27, 300, 46
27, 310, 45
27, 320, 45
27, 330, 45
28, 340, 44
28, 350, 45
28, 360, 45
28, 370, 45
28, 380, 45
28, 390, 45
28, 400, 44
28, 410, 44
28, 420, 44
28, 430, 44
28, 440, 44
28, 450, 44
29, 460, 44
29, 470, 45
29, 480, 44
29, 490, 44
29, 500, 44
29, 510, 44
29, 520, 44
29, 530, 44
29, 540, 44
29, 550, 44
29, 560, 44
29, 570, 43
29, 580, 43
29, 590, 43
29, 600, 43
30, 610, 43
30, 620, 32
30, 630, 32
30, 640, 32
31, 650, 32
31, 660, 33
31, 670, 35
32, 680, 33
33, 690, 35
34, 700, 35
34, 710, 36
{'count': 710, 'truepos': 28, 'falseneg': 13, 'correction': 0, 'unknownyes': 4, 'falsepos': 6, 'unique': 710}
14: K_all3.csv: three: 0, 0
1, 10
1, 20, 94
1, 30, 61
1, 40, 51
1, 50, 48
1, 60, 46
1, 70, 44
1, 80, 43
1, 90, 42
1, 100, 42
1, 110, 41
1, 120, 41
1, 130, 40
1, 140, 40
1, 150, 39
1, 160, 39
1, 170, 39
1, 180, 39
2, 190, 38
4, 200, 40
7, 210, 41
9, 220, 44
10, 230, 42
12, 240, 40
15, 250, 41
17, 260, 42
17, 270, 43
18, 280, 41
20, 290, 41
20, 300, 42
20, 310, 41
20, 320, 40
20, 330, 40
20, 340, 40
20, 350, 39
20, 360, 39
20, 370, 39
21, 380, 39
21, 390, 39
21, 400, 39
21, 410, 39
22, 420, 39
22, 430, 39
25, 440, 39
25, 450, 41
25, 460, 41
25, 470, 41
25, 480, 40
25, 490, 40
25, 500, 40
25, 510, 40
26, 520, 40
26, 530, 41
26, 540, 40
27, 550, 40
28, 560, 41
28, 570, 42
28, 580, 42
28, 590, 42
29, 600, 42
29, 610, 42
31, 620, 42
31, 630, 34
32, 640, 33
32, 650, 35
32, 660, 35
32, 670, 34
32, 680, 34
33, 690, 34
{'count': 1411, 'truepos': 31, 'falseneg': 11, 'correction': 27, 'unknownyes': 3, 'falsepos': 2, 'unique': 690}
14: K_all3.csv: machine: 0, 0
1, 10
1, 20, 94
1, 30, 61
2, 40, 51
2, 50, 49
2, 60, 45
['no']
['no' 'no' 'no' 'no' 'no' 'no' 'no' 'no' 'no' 'no' 'no' 'no' 'no' 'no'
 'no' 'no' 'no' 'no' 'no']
1, 60, 45
1, 70, 45
1, 80, 43
1, 90, 42
2, 100, 42
4, 110, 43
['yes']
['no' 'no' 'no' 'no' 'no' 'no' 'no' 'no' 'no' 'no' 'no' 'no' 'no' 'no'
 'no' 'no' 'no' 'no' 'no']
4, 110, 43
7, 120, 49
8, 130, 48
9, 140, 46
12, 150, 44
12, 160, 46
['yes']
['no' 'no' 'no' 'no' 'no' 'no' 'yes' 'no' 'no' 'no' 'no' 'no' 'no' 'no'
 'no' 'no' 'yes' 'no' 'no']
14, 160, 46
14, 170, 46
15, 180, 43
17, 190, 43
17, 200, 45
20, 210, 43
['yes']
['no' 'no' 'no' 'yes' 'yes' 'no' 'no' 'no' 'no' 'no' 'no' 'no' 'no' 'no'
 'no' 'no' 'no' 'no' 'no']
21, 210, 43
21, 220, 50
23, 230, 48
24, 240, 49
24, 250, 49
25, 260, 47
['yes']
['no' 'no' 'yes' 'no' 'no' 'no' 'no' 'no' 'no' 'no' 'yes' 'no' 'no' 'no'
 'no' 'no' 'no' 'no' 'no']
27, 260, 47
28, 270, 49
28, 280, 48
28, 290, 47
28, 300, 46
28, 310, 45
['yes']
['no' 'no' 'no' 'no' 'no' 'yes' 'yes' 'no' 'no' 'no' 'no' 'no' 'no' 'no'
 'no' 'no' 'no' 'no' 'no']
28, 310, 45
28, 320, 46
28, 330, 45
28, 340, 45
28, 350, 45
28, 360, 44
['yes']
['no' 'no' 'no' 'no' 'no' 'no' 'no' 'no' 'no' 'no' 'no' 'no' 'no' 'no'
 'no' 'no' 'no' 'no' 'no']
27, 360, 44
27, 370, 44
27, 380, 43
28, 390, 43
28, 400, 44
30, 410, 44
['yes']
['no' 'no' 'no' 'no' 'no' 'no' 'no' 'no' 'no' 'no' 'no' 'no' 'no' 'no'
 'no' 'no' 'no' 'no' 'no']
30, 410, 44
31, 420, 36
31, 430, 38
31, 440, 36
31, 450, 36
31, 460, 36
['no']
['no' 'no' 'no' 'no' 'no' 'no' 'no' 'no' 'no' 'no' 'no' 'no' 'no' 'no'
 'no' 'no' 'no' 'no' 'yes']
30, 460, 36
31, 470, 34
32, 480, 36
33, 490, 36
33, 500, 37
33, 510, 37
['no']
['no' 'yes' 'no' 'no' 'no' 'no' 'no' 'no' 'no' 'no' 'no' 'no' 'no' 'yes'
 'no' 'no' 'no' 'no' 'no']
32, 510, 37
32, 520, 36
32, 530, 36
32, 540, 35
32, 550, 35
32, 560, 35
['yes']
['no' 'no' 'no' 'no' 'no' 'no' 'no' 'no' 'no' 'no' 'no' 'no' 'no' 'no'
 'no' 'no' 'no' 'no' 'no']
32, 560, 35
32, 570, 35
32, 580, 34
33, 590, 35
33, 600, 35
34, 610, 35
['no']
['no' 'no' 'no' 'no' 'no' 'no' 'no' 'no' 'no' 'no' 'no' 'no' 'no' 'no'
 'no' 'no' 'no' 'no' 'no']
34, 610, 35
34, 620, 36
34, 630, 36
34, 640, 36
34, 650, 36
34, 660, 36
['yes']
['no' 'no' 'no' 'no' 'no' 'no' 'no' 'no' 'no' 'no' 'no' 'no' 'no' 'no'
 'no' 'no' 'no' 'no' 'no']
34, 660, 36
34, 670, 36
{'count': 936, 'truepos': 33, 'falseneg': 10, 'correction': 12, 'unknownyes': 2, 'falsepos': 1, 'unique': 670}
14: K_all3.csv: knee: 0, 0
1, 10
2, 20
2, 30
2, 40
2, 50
2, 60
3, 70
3, 80
3, 90
3, 100
4, 110
6, 120
6, 130
7, 140
8, 150
8, 160
9, 170
10, 180
14, 190
17, 200
19, 210
20, 220
21, 230
21, 240
21, 250
21, 260
21, 270
23, 280
24, 290
24, 300
24, 310
24, 320
25, 330
26, 340
27, 350
27, 360
28, 370
28, 380
28, 390
30, 400
30, 410
31, 420
33, 430
33, 440
33, 450
33, 460
34, 470
35, 480
36, 490
37, 500
37, 510
37, 520
37, 530
37, 540
37, 550
37, 560
38, 570
38, 580
38, 590
38, 600
38, 610
38, 620
38, 630
38, 640
39, 650
39, 660
39, 670
39, 680
39, 690
39, 700
39, 710
39, 720
39, 730
39, 740
39, 750
{'count': 1216, 'truepos': 38, 'falseneg': 4, 'correction': 10, 'unknownyes': 3, 'falsepos': 10, 'unique': 750}

------------------------------------------------------------
Sender: LSF System <lsfadmin@n2a1-3>
Subject: Job 759531: </share/tjmenzie/zyu9/miniconda2/bin/python2.7 runner.py error_hpcc 14> in cluster <henry2> Done

Job </share/tjmenzie/zyu9/miniconda2/bin/python2.7 runner.py error_hpcc 14> was submitted from host <login01.hpc.ncsu.edu> by user <zyu9> in cluster <henry2> at Sat Feb 24 16:17:36 2018.
Job was executed on host(s) <2*n2a1-3>, in queue <single_chassis>, as user <zyu9> in cluster <henry2> at Sat Feb 24 16:17:42 2018.
</home/zyu9> was used as the home directory.
</home/zyu9/projects/MAR_HPC/Error/src> was used as the working directory.
Started at Sat Feb 24 16:17:42 2018.
Terminated at Sat Feb 24 17:35:07 2018.
Results reported at Sat Feb 24 17:35:07 2018.

Your job looked like:

------------------------------------------------------------
# LSBATCH: User input
/share/tjmenzie/zyu9/miniconda2/bin/python2.7 runner.py error_hpcc 14
------------------------------------------------------------

Successfully completed.

Resource usage summary:

    CPU time :                                   5919.96 sec.
    Max Memory :                                 281.93 MB
    Average Memory :                             224.76 MB
    Total Requested Memory :                     -
    Delta Memory :                               -
    Max Swap :                                   1327 MB
    Max Processes :                              3
    Max Threads :                                8
    Run time :                                   4650 sec.
    Turnaround time :                            4651 sec.

The output (if any) is above this job summary.



PS: The stderr output (if any) follows:



PS:

Fail to open stderr file ./err/14.err.759531: No such file or directory.
The stderr output is included in this report.

