14: Hall.csv: none: 0, 0
8, 10
14, 20, 125
15, 30, 163
16, 40, 151
17, 50, 146
18, 60, 135
22, 70, 118
26, 80, 121
29, 90, 124
31, 100, 126
36, 110, 116
40, 120, 122
42, 130, 125
47, 140, 136
52, 150, 131
53, 160, 131
59, 170, 102
61, 180, 114
64, 190, 128
67, 200, 123
71, 210, 131
75, 220, 117
80, 230, 113
85, 240, 110
86, 250, 124
86, 260, 118
89, 270, 113
94, 280, 110
96, 290, 112
101, 300, 116
102, 310, 127
103, 320, 128
104, 330, 125
105, 340, 129
106, 350, 127
106, 360, 126
107, 370, 127
108, 380, 129
110, 390, 127
112, 400, 129
112, 410, 128
113, 420, 132
114, 430, 130
115, 440, 134
116, 450, 132
117, 460, 133
119, 470, 137
119, 480, 138
120, 490, 134
121, 500, 135
122, 510, 139
123, 520, 134
125, 530, 138
126, 540, 141
128, 550, 140
130, 560, 142
131, 570, 143
132, 580, 147
133, 590, 147
135, 600, 147
135, 610, 151
136, 620, 149
137, 630, 151
137, 640, 148
137, 650, 149
138, 660, 151
138, 670, 151
140, 680, 150
141, 690, 152
142, 700, 155
144, 710, 156
145, 720, 160
146, 730, 161
148, 740, 162
150, 750, 163
150, 760, 166
150, 770, 166
152, 780, 165
152, 790, 167
153, 800, 168
156, 810, 169
156, 820, 176
158, 830, 177
160, 840, 177
160, 850, 177
160, 860, 178
162, 870, 179
163, 880, 186
165, 890, 192
167, 900, 189
167, 910, 193
168, 920, 189
168, 930, 190
168, 940, 199
170, 950, 203
171, 960, 199
172, 970, 210
173, 980, 200
173, 990, 203
175, 1000, 215
176, 1010, 219
177, 1020, 220
182, 1030, 219
186, 1040, 230
186, 1050, 241
187, 1060, 240
187, 1070, 230
188, 1080, 237
190, 1090, 240
193, 1100, 249
195, 1110, 256
196, 1120, 250
197, 1130, 239
197, 1140, 252
197, 1150, 248
197, 1160, 242
198, 1170, 243
198, 1180, 242
200, 1190, 245
201, 1200, 255
202, 1210, 255
203, 1220, 250
204, 1230, 256
205, 1240, 244
206, 1250, 251
206, 1260, 256
210, 1270, 258
212, 1280, 257
212, 1290, 262
213, 1300, 265
216, 1310, 259
217, 1320, 271
219, 1330, 270
220, 1340, 268
221, 1350, 264
223, 1360, 277
224, 1370, 281
225, 1380, 274
228, 1390, 275
231, 1400, 289
232, 1410, 290
232, 1420, 298
234, 1430, 299
235, 1440, 286
237, 1450, 292
237, 1460, 284
237, 1470, 284
237, 1480, 280
238, 1490, 281
240, 1500, 291
242, 1510, 292
243, 1520, 287
243, 1530, 292
245, 1540, 285
246, 1550, 288
248, 1560, 285
251, 1570, 283
254, 1580, 298
256, 1590, 303
257, 1600, 313
257, 1610, 306
259, 1620, 304
259, 1630, 308
259, 1640, 303
260, 1650, 304
264, 1660, 300
268, 1670, 313
268, 1680, 326
269, 1690, 321
270, 1700, 329
272, 1710, 327
272, 1720, 326
273, 1730, 326
276, 1740, 326
277, 1750, 336
278, 1760, 323
279, 1770, 332
281, 1780, 331
281, 1790, 335
281, 1800, 328
281, 1810, 331
282, 1820, 331
283, 1830, 328
285, 1840, 330
287, 1850, 333
287, 1860, 336
287, 1870, 340
288, 1880, 337
288, 1890, 341
289, 1900, 327
290, 1910, 336
290, 1920, 338
290, 1930, 333
291, 1940, 338
294, 1950, 331
294, 1960, 340
295, 1970, 339
297, 1980, 338
297, 1990, 344
298, 2000, 341
299, 2010, 342
300, 2020, 344
301, 2030, 345
301, 2040, 351
301, 2050, 346
302, 2060, 344
304, 2070, 350
305, 2080, 343
305, 2090, 343
306, 2100, 342
307, 2110, 345
308, 2120, 348
308, 2130, 348
309, 2140, 352
309, 2150, 350
309, 2160, 344
311, 2170, 350
313, 2180, 349
314, 2190, 349
314, 2200, 353
316, 2210, 346
317, 2220, 352
317, 2230, 353
317, 2240, 351
318, 2250, 355
318, 2260, 352
319, 2270, 354
319, 2280, 348
319, 2290, 350
320, 2300, 351
321, 2310, 353
321, 2320, 359
321, 2330, 352
322, 2340, 354
323, 2350, 356
323, 2360, 356
323, 2370, 358
323, 2380, 353
323, 2390, 355
323, 2400, 354
324, 2410, 352
324, 2420, 354
324, 2430, 354
325, 2440, 354
327, 2450, 354
328, 2460, 356
329, 2470, 357
330, 2480, 358
332, 2490, 359
333, 2500, 361
333, 2510, 361
336, 2520, 365
337, 2530, 370
338, 2540, 371
338, 2550, 369
340, 2560, 369
340, 2570, 372
340, 2580, 368
343, 2590, 371
344, 2600, 377
345, 2610, 379
346, 2620, 377
347, 2630, 376
347, 2640, 378
347, 2650, 378
350, 2660, 378
351, 2670, 382
352, 2680, 381
354, 2690, 383
355, 2700, 383
357, 2710, 383
358, 2720, 386
358, 2730, 393
358, 2740, 389
359, 2750, 387
360, 2760, 388
360, 2770, 388
361, 2780, 386
361, 2790, 388
361, 2800, 389
361, 2810, 388
361, 2820, 390
365, 2830, 388
367, 2840, 393
368, 2850, 396
370, 2860, 395
371, 2870, 401
373, 2880, 401
373, 2890, 405
375, 2900, 405
377, 2910, 404
377, 2920, 410
378, 2930, 412
380, 2940, 412
381, 2950, 409
382, 2960, 415
382, 2970, 413
382, 2980, 412
383, 2990, 415
385, 3000, 415
385, 3010, 421
386, 3020, 422
389, 3030, 418
389, 3040, 423
390, 3050, 420
391, 3060, 419
391, 3070, 424
393, 3080, 423
394, 3090, 426
394, 3100, 423
394, 3110, 421
394, 3120, 422
394, 3130, 421
395, 3140, 422
396, 3150, 423
397, 3160, 425
398, 3170, 424
398, 3180, 431
399, 3190, 428
400, 3200, 426
401, 3210, 429
403, 3220, 427
403, 3230, 430
405, 3240, 432
407, 3250, 434
408, 3260, 438
408, 3270, 440
411, 3280, 437
411, 3290, 436
413, 3300, 439
413, 3310, 442
415, 3320, 442
416, 3330, 441
417, 3340, 447
417, 3350, 444
418, 3360, 443
418, 3370, 448
418, 3380, 445
419, 3390, 444
419, 3400, 447
420, 3410, 445
420, 3420, 445
422, 3430, 443
424, 3440, 445
427, 3450, 449
429, 3460, 454
430, 3470, 458
430, 3480, 459
430, 3490, 456
432, 3500, 457
432, 3510, 461
433, 3520, 459
433, 3530, 462
435, 3540, 458
437, 3550, 463
437, 3560, 470
439, 3570, 466
439, 3580, 470
440, 3590, 472
442, 3600, 473
443, 3610, 473
445, 3620, 476
448, 3630, 480
449, 3640, 478
450, 3650, 483
451, 3660, 487
452, 3670, 484
454, 3680, 481
454, 3690, 486
455, 3700, 489
455, 3710, 484
456, 3720, 486
456, 3730, 489
456, 3740, 486
459, 3750, 488
459, 3760, 493
461, 3770, 490
462, 3780, 492
464, 3790, 494
466, 3800, 498
468, 3810, 503
468, 3820, 501
471, 3830, 498
473, 3840, 509
474, 3850, 510
476, 3860, 506
476, 3870, 510
479, 3880, 510
481, 3890, 515
483, 3900, 517
483, 3910, 520
484, 3920, 519
485, 3930, 523
486, 3940, 518
488, 3950, 519
489, 3960, 527
490, 3970, 522
490, 3980, 525
492, 3990, 524
492, 4000, 521
493, 4010, 521
494, 4020, 523
494, 4030, 523
495, 4040, 527
496, 4050, 528
498, 4060, 526
499, 4070, 528
501, 4080, 528
502, 4090, 532
504, 4100, 530
507, 4110, 536
508, 4120, 537
510, 4130, 535
510, 4140, 539
510, 4150, 542
512, 4160, 538
513, 4170, 541
514, 4180, 542
515, 4190, 546
516, 4200, 543
{'count': 4200, 'truepos': 87, 'falseneg': 16, 'unknownyes': 3, 'falsepos': 429, 'unique': 4200}
14: Hall.csv: three: 0, 0
8, 10
12, 20, 122
13, 30, 142
15, 40, 130
17, 50, 135
22, 60, 133
23, 70, 146
25, 80, 134
28, 90, 135
30, 100, 141
37, 110, 119
43, 120, 118
49, 130, 127
51, 140, 125
56, 150, 126
64, 160, 115
68, 170, 130
69, 180, 131
73, 190, 116
78, 200, 109
82, 210, 115
83, 220, 118
89, 230, 107
91, 240, 134
93, 250, 123
95, 260, 119
98, 270, 117
101, 280, 125
101, 290, 127
101, 300, 123
103, 310, 122
105, 320, 125
105, 330, 124
105, 340, 126
106, 350, 120
106, 360, 125
106, 370, 123
106, 380, 120
106, 390, 120
107, 400, 119
107, 410, 121
107, 420, 118
107, 430, 121
107, 440, 117
108, 450, 117
108, 460, 118
108, 470, 118
108, 480, 118
108, 490, 117
108, 500, 119
108, 510, 117
109, 520, 116
109, 530, 118
109, 540, 117
109, 550, 117
109, 560, 116
109, 570, 118
109, 580, 117
109, 590, 117
110, 600, 116
110, 610, 118
111, 620, 117
111, 630, 119
112, 640, 118
112, 650, 119
112, 660, 119
113, 670, 119
113, 680, 120
113, 690, 121
113, 700, 120
113, 710, 119
113, 720, 120
114, 730, 119
{'count': 1595, 'truepos': 98, 'falseneg': 3, 'unknownyes': 5, 'falsepos': 16, 'unique': 730}
14: Hall.csv: machine: 0, 0
8, 10
11, 20, 128
18, 30, 126
21, 40, 144
21, 50, 153
24, 60, 150
['yes' 'no' 'yes' 'yes' 'yes' 'no' 'no' 'no' 'no' 'yes']
['no' 'no']
19, 60, 150
23, 70, 135
26, 80, 142
30, 90, 140
37, 100, 118
40, 110, 129
['no' 'no' 'yes' 'no' 'yes' 'no' 'yes' 'yes' 'yes' 'no']
['no' 'no' 'no' 'no' 'no' 'no' 'no' 'no' 'yes' 'no']
35, 110, 129
39, 120, 97
45, 130, 96
49, 140, 104
55, 150, 98
59, 160, 113
['yes' 'yes' 'no' 'yes' 'yes' 'yes' 'yes' 'yes' 'no' 'no']
['no' 'no' 'no' 'no' 'no' 'no' 'no' 'no' 'no' 'no']
57, 160, 113
59, 170, 105
66, 180, 104
70, 190, 115
73, 200, 124
74, 210, 117
['yes' 'yes' 'yes' 'no' 'yes' 'yes' 'no' 'yes' 'yes' 'no']
['no' 'no' 'no' 'no' 'no' 'no' 'no' 'no' 'no' 'no']
72, 210, 117
74, 220, 111
80, 230, 96
82, 240, 99
86, 250, 101
87, 260, 102
['yes' 'yes' 'no' 'yes' 'yes' 'no' 'yes' 'yes' 'yes' 'yes']
['no' 'no' 'no' 'no' 'yes' 'no' 'no' 'no' 'no' 'no']
86, 260, 102
90, 270, 96
96, 280, 100
98, 290, 109
100, 300, 110
103, 310, 114
['yes' 'yes' 'no' 'yes' 'yes' 'no' 'no' 'no' 'yes' 'yes']
['yes' 'no' 'no' 'no' 'no' 'no' 'no' 'no' 'no' 'no']
101, 310, 114
104, 320, 114
105, 330, 122
108, 340, 121
110, 350, 128
110, 360, 137
['no' 'no' 'no' 'no' 'no' 'no' 'yes' 'no' 'yes' 'no']
['no' 'yes' 'no' 'yes' 'no' 'no' 'no' 'no' 'no' 'no']
107, 360, 137
108, 370, 126
110, 380, 120
113, 390, 125
113, 400, 126
115, 410, 125
['no' 'yes' 'yes' 'yes' 'no' 'yes' 'no' 'no' 'yes' 'no']
['no' 'no' 'no' 'no' 'no' 'no' 'no' 'no' 'no' 'yes']
113, 410, 125
114, 420, 127
114, 430, 127
117, 440, 126
118, 450, 134
119, 460, 129
['no' 'no' 'yes' 'yes' 'yes' 'no' 'no' 'no' 'yes' 'yes']
['no' 'no' 'no' 'no' 'yes' 'no' 'no' 'no' 'no' 'no']
116, 460, 129
116, 470, 125
116, 480, 127
116, 490, 127
118, 500, 126
119, 510, 130
['yes' 'no' 'yes' 'yes' 'yes' 'no' 'no' 'yes' 'yes' 'no']
['no' 'no' 'no' 'no' 'no' 'yes' 'no' 'no' 'no' 'no']
116, 510, 130
119, 520, 125
119, 530, 129
120, 540, 131
120, 550, 130
120, 560, 129
['no' 'no' 'no' 'no' 'no' 'no' 'yes' 'yes' 'no' 'yes']
['no' 'no' 'no' 'yes' 'no' 'no' 'yes' 'no' 'no' 'no']
113, 560, 129
['no' 'no' 'no' 'yes' 'yes' 'yes' 'yes' 'no' 'no' 'yes']
['no' 'yes' 'no' 'no' 'no' 'no' 'no' 'no' 'no' 'no']
{'count': 792, 'truepos': 96, 'falseneg': 6, 'unknownyes': 4, 'falsepos': 12, 'unique': 560}
14: Hall.csv: machine2: 0, 0
7, 10
9, 20, 109
12, 30, 108
16, 40, 120
17, 50, 130
20, 60, 131
['no' 'yes' 'no' 'yes' 'yes' 'no' 'no' 'yes' 'no' 'yes']
['no']
17, 60, 131
19, 70, 102
25, 80, 97
28, 90, 103
31, 100, 118
36, 110, 87
['yes' 'no' 'no' 'yes' 'yes' 'yes' 'yes' 'yes' 'yes' 'yes']
['yes' 'no' 'no' 'no' 'no' 'no' 'no' 'no' 'no' 'no']
38, 110, 87
43, 120, 89
47, 130, 91
51, 140, 88
54, 150, 88
56, 160, 91
['yes' 'yes' 'no' 'no' 'yes' 'yes' 'yes' 'yes' 'yes' 'yes']
['yes' 'yes' 'yes' 'yes' 'no' 'no' 'no' 'no' 'no' 'no']
57, 160, 91
60, 170, 85
64, 180, 88
69, 190, 87
73, 200, 93
78, 210, 100
['no' 'yes' 'yes' 'yes' 'yes' 'yes' 'yes' 'yes' 'yes' 'no']
['yes' 'yes' 'no' 'no' 'no' 'no' 'no' 'no' 'no' 'no']
81, 210, 100
84, 220, 105
86, 230, 103
88, 240, 107
91, 250, 110
97, 260, 106
['no' 'no' 'yes' 'yes' 'yes' 'yes' 'yes' 'yes' 'yes' 'no']
['no' 'no' 'no' 'no' 'no' 'yes' 'no' 'no' 'no' 'no']
98, 260, 106
101, 270, 118
102, 280, 118
105, 290, 118
108, 300, 121
111, 310, 126
['no' 'no' 'yes' 'no' 'yes' 'yes' 'yes' 'no' 'yes' 'yes']
['no' 'no' 'no' 'yes' 'no' 'no' 'no' 'no' 'yes' 'no']
111, 310, 126
113, 320, 130
114, 330, 130
115, 340, 129
117, 350, 130
118, 360, 130
['no' 'yes' 'yes' 'yes' 'no' 'yes' 'no' 'yes' 'yes' 'yes']
['no' 'no' 'no' 'no' 'no' 'no' 'no' 'no' 'no' 'no']
117, 360, 130
121, 370, 133
121, 380, 138
123, 390, 142
124, 400, 148
126, 410, 146
['no' 'no' 'yes' 'no' 'no' 'no' 'no' 'yes' 'yes' 'yes']
['no' 'no' 'no' 'no' 'no' 'no' 'no' 'no' 'no' 'no']
121, 410, 146
121, 420, 137
121, 430, 134
121, 440, 132
122, 450, 133
122, 460, 136
['no' 'no' 'no' 'no' 'yes' 'yes' 'no' 'no' 'yes' 'yes']
['no' 'no' 'no' 'no' 'no' 'no' 'no' 'no' 'no' 'no']
121, 460, 136
122, 470, 131
122, 480, 136
123, 490, 135
123, 500, 135
124, 510, 134
['no' 'no' 'no' 'yes' 'yes' 'no' 'yes' 'yes' 'no' 'yes']
['no' 'no' 'no' 'no' 'no' 'no' 'no' 'no' 'no' 'no']
121, 510, 134
121, 520, 128
122, 530, 130
123, 540, 131
123, 550, 132
126, 560, 130
['no' 'no' 'no' 'no' 'no' 'yes' 'no' 'yes' 'yes' 'yes']
['no' 'no' 'no' 'no' 'no' 'no' 'no' 'no' 'no' 'no']
['no' 'no' 'no' 'no' 'no' 'no' 'yes' 'yes' 'no' 'yes']
['no' 'no' 'no' 'no' 'no' 'no' 'no' 'no' 'no' 'no']
{'count': 808, 'truepos': 99, 'falseneg': 3, 'unknownyes': 4, 'falsepos': 24, 'unique': 560}
14: Hall.csv: machine3: 0, 0
8, 10
11, 20, 121
12, 30, 129
14, 40, 130
16, 50, 122
21, 60, 120
null
['no' 'no' 'no']
21, 60, 120
23, 70, 129
27, 80, 118
30, 90, 122
38, 100, 100
43, 110, 110
null
['no' 'no' 'no' 'no' 'yes' 'no' 'no' 'no' 'no' 'no']
44, 110, 110
51, 120, 118
55, 130, 112
58, 140, 114
59, 150, 116
62, 160, 106
null
['yes' 'yes' 'no' 'no' 'no' 'no' 'no' 'no' 'no' 'no']
64, 160, 106
68, 170, 104
69, 180, 104
73, 190, 101
77, 200, 93
82, 210, 103
null
['no' 'yes' 'no' 'no' 'no' 'no' 'no' 'no' 'no' 'no']
83, 210, 103
84, 220, 106
86, 230, 103
90, 240, 98
92, 250, 105
94, 260, 107
null
['yes' 'no' 'no' 'no' 'no' 'no' 'no' 'no' 'no' 'no']
95, 260, 107
97, 270, 107
99, 280, 109
102, 290, 111
104, 300, 114
106, 310, 117
null
['no' 'no' 'no' 'no' 'no' 'no' 'no' 'no' 'no' 'no']
106, 310, 117
106, 320, 126
106, 330, 122
106, 340, 122
107, 350, 118
107, 360, 121
null
['no' 'no' 'no' 'no' 'no' 'no' 'no' 'no' 'no' 'no']
107, 360, 121
107, 370, 117
108, 380, 118
108, 390, 119
108, 400, 119
108, 410, 121
null
['no' 'no' 'no' 'no' 'no' 'no' 'no' 'no' 'no' 'no']
108, 410, 121
108, 420, 117
108, 430, 118
108, 440, 119
108, 450, 119
108, 460, 118
null
['no' 'no' 'no' 'no' 'no' 'no' 'no' 'no' 'no' 'no']
108, 460, 118
108, 470, 115
109, 480, 115
109, 490, 118
109, 500, 117
109, 510, 116
null
['no' 'no' 'no' 'no' 'no' 'no' 'no' 'no' 'no' 'no']
109, 510, 116
110, 520, 116
110, 530, 117
111, 540, 118
111, 550, 117
111, 560, 118
null
['no' 'no' 'no' 'no' 'no' 'no' 'no' 'no' 'no' 'no']
111, 560, 118
111, 570, 118
111, 580, 117
111, 590, 119
112, 600, 117
112, 610, 119
null
['no' 'no' 'no' 'no' 'no' 'no' 'no' 'no' 'no' 'no']
113, 610, 119
113, 620, 120
113, 630, 120
113, 640, 121
113, 650, 119
113, 660, 120
null
['no' 'no' 'no' 'no' 'no' 'no' 'no' 'no' 'no' 'no']
113, 660, 120
113, 670, 120
113, 680, 120
113, 690, 119
null
['no' 'no' 'no' 'no' 'no' 'no' 'no' 'no' 'no' 'no']
{'count': 1041, 'truepos': 101, 'falseneg': 1, 'unknownyes': 4, 'falsepos': 13, 'unique': 690}
14: Wahono.csv: none: 0, 0
6, 10
7, 20, 100
9, 30, 95
14, 40, 96
15, 50, 101
17, 60, 94
19, 70, 94
22, 80, 95
24, 90, 99
25, 100, 100
27, 110, 89
31, 120, 88
34, 130, 69
39, 140, 71
41, 150, 71
44, 160, 72
45, 170, 71
47, 180, 63
48, 190, 69
51, 200, 69
53, 210, 79
55, 220, 78
56, 230, 77
57, 240, 84
60, 250, 88
62, 260, 88
65, 270, 93
67, 280, 97
67, 290, 101
68, 300, 99
70, 310, 93
71, 320, 99
72, 330, 102
72, 340, 111
73, 350, 103
74, 360, 101
75, 370, 99
78, 380, 108
79, 390, 116
79, 400, 112
80, 410, 107
81, 420, 108
83, 430, 103
85, 440, 113
87, 450, 107
90, 460, 108
92, 470, 109
93, 480, 117
93, 490, 118
95, 500, 111
96, 510, 117
96, 520, 116
97, 530, 119
98, 540, 118
102, 550, 118
103, 560, 133
103, 570, 127
103, 580, 123
104, 590, 124
104, 600, 124
106, 610, 126
106, 620, 126
108, 630, 124
111, 640, 125
111, 650, 129
111, 660, 129
112, 670, 135
114, 680, 127
116, 690, 131
119, 700, 133
119, 710, 137
122, 720, 140
123, 730, 146
124, 740, 149
125, 750, 150
126, 760, 146
126, 770, 150
127, 780, 145
127, 790, 147
128, 800, 144
129, 810, 148
130, 820, 145
132, 830, 147
132, 840, 149
133, 850, 148
134, 860, 147
134, 870, 152
135, 880, 150
135, 890, 150
135, 900, 151
137, 910, 150
138, 920, 156
139, 930, 160
139, 940, 157
139, 950, 156
139, 960, 157
140, 970, 154
140, 980, 160
141, 990, 157
142, 1000, 160
145, 1010, 161
145, 1020, 158
145, 1030, 163
145, 1040, 162
146, 1050, 161
146, 1060, 163
147, 1070, 162
147, 1080, 166
149, 1090, 163
151, 1100, 167
152, 1110, 168
153, 1120, 172
153, 1130, 171
155, 1140, 170
155, 1150, 177
157, 1160, 172
158, 1170, 174
160, 1180, 174
163, 1190, 179
164, 1200, 182
164, 1210, 185
167, 1220, 183
169, 1230, 186
169, 1240, 192
172, 1250, 190
176, 1260, 193
178, 1270, 196
178, 1280, 201
179, 1290, 198
182, 1300, 201
183, 1310, 205
184, 1320, 204
185, 1330, 206
187, 1340, 206
187, 1350, 209
187, 1360, 205
188, 1370, 206
188, 1380, 209
189, 1390, 208
190, 1400, 207
191, 1410, 210
191, 1420, 213
192, 1430, 211
194, 1440, 208
197, 1450, 211
198, 1460, 213
201, 1470, 216
202, 1480, 217
205, 1490, 223
207, 1500, 225
208, 1510, 232
209, 1520, 232
210, 1530, 236
210, 1540, 238
210, 1550, 236
212, 1560, 231
214, 1570, 236
215, 1580, 239
216, 1590, 239
217, 1600, 242
218, 1610, 241
219, 1620, 241
220, 1630, 246
221, 1640, 243
221, 1650, 249
223, 1660, 243
224, 1670, 246
225, 1680, 245
227, 1690, 253
227, 1700, 250
228, 1710, 250
230, 1720, 256
231, 1730, 253
231, 1740, 257
234, 1750, 257
234, 1760, 255
236, 1770, 259
237, 1780, 262
240, 1790, 262
241, 1800, 262
242, 1810, 268
242, 1820, 271
243, 1830, 265
245, 1840, 269
245, 1850, 267
246, 1860, 268
249, 1870, 272
250, 1880, 275
251, 1890, 273
251, 1900, 276
251, 1910, 278
254, 1920, 274
255, 1930, 277
255, 1940, 284
256, 1950, 281
256, 1960, 276
257, 1970, 280
258, 1980, 277
259, 1990, 283
259, 2000, 280
260, 2010, 277
262, 2020, 281
263, 2030, 287
263, 2040, 290
264, 2050, 289
266, 2060, 287
266, 2070, 292
267, 2080, 289
268, 2090, 292
272, 2100, 290
273, 2110, 293
274, 2120, 294
274, 2130, 297
276, 2140, 296
276, 2150, 304
276, 2160, 299
277, 2170, 298
278, 2180, 301
279, 2190, 304
280, 2200, 306
282, 2210, 299
282, 2220, 302
283, 2230, 303
284, 2240, 302
284, 2250, 306
284, 2260, 306
285, 2270, 304
286, 2280, 308
288, 2290, 306
289, 2300, 312
291, 2310, 313
292, 2320, 315
292, 2330, 318
293, 2340, 317
293, 2350, 316
294, 2360, 310
296, 2370, 316
296, 2380, 319
297, 2390, 316
299, 2400, 317
299, 2410, 320
300, 2420, 320
301, 2430, 323
302, 2440, 321
303, 2450, 321
305, 2460, 324
305, 2470, 324
307, 2480, 325
308, 2490, 329
311, 2500, 327
311, 2510, 331
312, 2520, 330
313, 2530, 333
314, 2540, 334
315, 2550, 333
317, 2560, 334
317, 2570, 339
318, 2580, 335
318, 2590, 338
319, 2600, 339
321, 2610, 337
322, 2620, 341
322, 2630, 345
323, 2640, 343
323, 2650, 345
323, 2660, 345
323, 2670, 343
325, 2680, 343
327, 2690, 345
328, 2700, 349
330, 2710, 350
331, 2720, 353
331, 2730, 351
331, 2740, 352
333, 2750, 351
335, 2760, 354
336, 2770, 355
338, 2780, 359
339, 2790, 359
341, 2800, 361
342, 2810, 364
344, 2820, 365
344, 2830, 366
345, 2840, 366
347, 2850, 368
348, 2860, 371
348, 2870, 370
350, 2880, 374
351, 2890, 375
353, 2900, 375
354, 2910, 382
354, 2920, 381
355, 2930, 379
356, 2940, 384
357, 2950, 382
358, 2960, 385
358, 2970, 384
359, 2980, 383
360, 2990, 385
361, 3000, 385
362, 3010, 389
363, 3020, 387
363, 3030, 389
363, 3040, 388
363, 3050, 387
364, 3060, 386
364, 3070, 390
364, 3080, 388
366, 3090, 388
366, 3100, 389
368, 3110, 390
371, 3120, 391
373, 3130, 397
375, 3140, 403
376, 3150, 405
377, 3160, 403
379, 3170, 407
379, 3180, 409
380, 3190, 408
380, 3200, 406
381, 3210, 404
383, 3220, 407
384, 3230, 415
385, 3240, 413
385, 3250, 413
386, 3260, 411
387, 3270, 413
389, 3280, 411
390, 3290, 415
391, 3300, 415
393, 3310, 417
393, 3320, 420
393, 3330, 418
394, 3340, 420
394, 3350, 419
395, 3360, 419
396, 3370, 420
398, 3380, 422
401, 3390, 424
402, 3400, 430
404, 3410, 433
404, 3420, 433
406, 3430, 432
407, 3440, 438
407, 3450, 438
408, 3460, 436
411, 3470, 437
411, 3480, 440
413, 3490, 439
415, 3500, 444
417, 3510, 448
418, 3520, 451
419, 3530, 450
420, 3540, 456
422, 3550, 452
423, 3560, 454
425, 3570, 456
427, 3580, 459
428, 3590, 462
429, 3600, 462
429, 3610, 463
431, 3620, 459
431, 3630, 466
431, 3640, 464
431, 3650, 462
434, 3660, 461
436, 3670, 469
436, 3680, 469
436, 3690, 469
436, 3700, 466
438, 3710, 468
438, 3720, 469
441, 3730, 468
441, 3740, 474
441, 3750, 469
442, 3760, 469
442, 3770, 471
442, 3780, 469
442, 3790, 468
443, 3800, 470
445, 3810, 468
446, 3820, 470
446, 3830, 474
448, 3840, 471
448, 3850, 475
449, 3860, 472
{'count': 3860, 'truepos': 54, 'falseneg': 7, 'unknownyes': 1, 'falsepos': 395, 'unique': 3860}
14: Wahono.csv: three: 0, 0
6, 10
8, 20, 100
10, 30, 113
11, 40, 104
12, 50, 99
14, 60, 98
17, 70, 85
20, 80, 89
22, 90, 94
23, 100, 86
24, 110, 79
27, 120, 74
29, 130, 74
29, 140, 68
30, 150, 64
31, 160, 66
36, 170, 67
39, 180, 60
40, 190, 67
40, 200, 65
41, 210, 65
43, 220, 65
44, 230, 69
47, 240, 69
47, 250, 75
48, 260, 76
49, 270, 69
50, 280, 70
51, 290, 65
51, 300, 72
52, 310, 69
52, 320, 68
52, 330, 79
53, 340, 70
53, 350, 75
53, 360, 67
53, 370, 67
53, 380, 65
54, 390, 69
54, 400, 69
54, 410, 66
54, 420, 69
54, 430, 65
54, 440, 66
55, 450, 65
55, 460, 70
56, 470, 72
56, 480, 77
56, 490, 74
56, 500, 69
58, 510, 68
59, 520, 70
60, 530, 73
60, 540, 74
60, 550, 73
60, 560, 75
61, 570, 72
62, 580, 71
63, 590, 72
63, 600, 73
63, 610, 71
63, 620, 74
63, 630, 78
63, 640, 75
64, 650, 74
64, 660, 76
64, 670, 73
64, 680, 77
64, 690, 76
64, 700, 75
64, 710, 73
64, 720, 76
65, 730, 76
65, 740, 74
66, 750, 73
66, 760, 74
67, 770, 74
67, 780, 75
68, 790, 74
69, 800, 76
69, 810, 81
69, 820, 76
70, 830, 76
70, 840, 78
71, 850, 77
71, 860, 79
72, 870, 79
72, 880, 80
73, 890, 80
73, 900, 81
73, 910, 82
73, 920, 81
73, 930, 81
73, 940, 82
73, 950, 82
73, 960, 81
73, 970, 80
73, 980, 81
74, 990, 80
74, 1000, 81
75, 1010, 81
76, 1020, 82
76, 1030, 83
76, 1040, 84
76, 1050, 84
78, 1060, 83
79, 1070, 86
79, 1080, 88
79, 1090, 87
79, 1100, 88
79, 1110, 87
79, 1120, 88
80, 1130, 86
81, 1140, 88
82, 1150, 89
82, 1160, 88
82, 1170, 90
82, 1180, 90
82, 1190, 89
83, 1200, 89
84, 1210, 90
85, 1220, 91
85, 1230, 93
86, 1240, 93
86, 1250, 95
86, 1260, 95
86, 1270, 93
87, 1280, 92
88, 1290, 94
89, 1300, 96
90, 1310, 97
90, 1320, 100
90, 1330, 97
90, 1340, 97
90, 1350, 99
91, 1360, 96
91, 1370, 98
91, 1380, 99
91, 1390, 98
93, 1400, 97
94, 1410, 98
94, 1420, 101
94, 1430, 102
94, 1440, 101
94, 1450, 101
95, 1460, 101
95, 1470, 102
95, 1480, 102
95, 1490, 101
95, 1500, 101
{'count': 3252, 'truepos': 60, 'falseneg': 0, 'unknownyes': 2, 'falsepos': 35, 'unique': 1500}
14: Wahono.csv: machine: 0, 0
8, 10
9, 20, 126
10, 30, 115
12, 40, 104
14, 50, 99
16, 60, 93
['yes' 'yes' 'yes' 'yes' 'yes' 'yes' 'no' 'no' 'yes' 'yes']
['no']
13, 60, 93
15, 70, 86
19, 80, 89
22, 90, 92
23, 100, 92
26, 110, 87
['no' 'yes' 'no' 'no' 'no' 'yes' 'yes' 'yes' 'yes' 'yes']
[]
22, 110, 87
25, 120, 84
25, 130, 82
28, 140, 72
29, 150, 73
31, 160, 71
['no' 'yes' 'yes' 'yes' 'yes' 'yes' 'yes' 'yes' 'no' 'yes']
['no' 'yes' 'no' 'yes' 'no' 'no' 'no' 'no' 'no' 'no']
32, 160, 71
35, 170, 61
40, 180, 63
43, 190, 66
44, 200, 67
44, 210, 67
['yes' 'no' 'yes' 'no' 'no' 'no' 'no' 'no' 'yes' 'no']
['no' 'no' 'no' 'no' 'no' 'yes' 'no' 'no' 'no' 'yes']
39, 210, 67
40, 220, 60
43, 230, 58
44, 240, 63
46, 250, 62
47, 260, 63
['yes' 'yes' 'yes' 'no' 'yes' 'yes' 'no' 'yes' 'yes' 'no']
['no' 'no' 'no' 'no' 'no' 'no' 'no' 'no' 'no' 'no']
44, 260, 63
46, 270, 59
48, 280, 69
49, 290, 69
50, 300, 71
51, 310, 74
['no' 'yes' 'no' 'yes' 'no' 'no' 'no' 'yes' 'yes' 'no']
['no' 'no' 'no' 'no' 'no' 'no' 'no' 'no' 'no' 'no']
46, 310, 74
48, 320, 61
50, 330, 61
53, 340, 67
53, 350, 70
54, 360, 73
['no' 'no' 'no' 'yes' 'no' 'no' 'yes' 'no' 'no' 'yes']
['no' 'no' 'no' 'no' 'no' 'no' 'no' 'no' 'no' 'no']
46, 360, 73
48, 370, 59
48, 380, 71
48, 390, 65
50, 400, 67
51, 410, 71
['no' 'no' 'no' 'no' 'no' 'no' 'no' 'yes' 'yes' 'no']
['no' 'no' 'no' 'no' 'no' 'no' 'no' 'no' 'no' 'no']
46, 410, 71
46, 420, 58
48, 430, 58
49, 440, 62
50, 450, 62
51, 460, 63
['no' 'yes' 'no' 'no' 'no' 'no' 'yes' 'no' 'no']
['no' 'no' 'no' 'yes' 'no' 'no' 'no' 'no' 'no' 'no']
46, 460, 63
47, 470, 60
48, 480, 60
49, 490, 59
49, 500, 62
50, 510, 64
['no' 'no' 'no' 'yes' 'yes' 'no']
['no' 'no' 'no' 'no' 'no' 'no' 'no' 'no' 'no' 'no']
50, 510, 64
51, 520, 62
51, 530, 60
52, 540, 61
54, 550, 63
56, 560, 68
['no' 'yes' 'no' 'no' 'no' 'no' 'no' 'no' 'no']
['no' 'no' 'no' 'no' 'no' 'no' 'no' 'no' 'no' 'no']
53, 560, 68
53, 570, 62
54, 580, 62
54, 590, 62
56, 600, 63
58, 610, 66
['no' 'yes' 'no' 'no' 'no' 'no' 'no' 'no']
['no' 'no' 'no' 'no' 'no' 'no' 'no' 'no' 'no' 'no']
54, 610, 66
56, 620, 62
57, 630, 65
58, 640, 71
58, 650, 71
60, 660, 68
['no' 'no' 'no' 'no' 'no' 'no' 'no' 'no']
['no' 'no' 'no' 'no' 'no' 'no' 'no' 'no' 'no' 'no']
56, 660, 68
56, 670, 66
56, 680, 66
57, 690, 66
57, 700, 68
59, 710, 68
['no' 'no' 'no' 'no' 'no']
['no' 'no' 'no' 'no' 'no' 'no' 'no' 'no' 'no' 'no']
55, 710, 68
57, 720, 63
59, 730, 69
61, 740, 67
62, 750, 70
63, 760, 69
['no' 'no' 'no' 'no' 'no' 'no' 'no' 'no']
['no' 'no' 'no' 'no' 'no' 'no' 'no' 'no' 'no' 'no']
56, 760, 69
59, 770, 62
59, 780, 66
60, 790, 68
60, 800, 66
62, 810, 67
['yes' 'no' 'no' 'no' 'no' 'no']
['no' 'no' 'no' 'no' 'no' 'no' 'no' 'no' 'no' 'no']
58, 810, 67
60, 820, 65
60, 830, 67
61, 840, 65
62, 850, 68
62, 860, 71
['no' 'no' 'no' 'yes' 'no']
['no' 'no' 'no' 'no' 'yes' 'no' 'no' 'no' 'no' 'no']
59, 860, 71
60, 870, 64
62, 880, 65
64, 890, 67
65, 900, 69
68, 910, 70
['no' 'no' 'no' 'no' 'no' 'yes' 'no' 'no' 'no' 'no']
['no' 'no' 'no' 'no' 'no' 'no' 'no' 'no' 'no' 'no']
['no' 'no' 'no' 'no' 'yes' 'no' 'no' 'no' 'no' 'no']
['no' 'no' 'no' 'no' 'no' 'no' 'no' 'no' 'no' 'no']
{'count': 1225, 'truepos': 48, 'falseneg': 5, 'unknownyes': 9, 'falsepos': 14, 'unique': 910}
14: Wahono.csv: machine2: 0, 0
6, 10
9, 20, 103
11, 30, 108
12, 40, 110
15, 50, 108
16, 60, 113
['yes' 'yes' 'no' 'no' 'yes' 'yes' 'yes' 'yes' 'yes' 'no']
[]
13, 60, 113
16, 70, 99
21, 80, 102
25, 90, 118
25, 100, 125
26, 110, 105
['no' 'no' 'no' 'yes' 'no' 'yes' 'yes' 'yes' 'yes' 'no']
['no']
22, 110, 105
23, 120, 78
26, 130, 76
29, 140, 74
30, 150, 75
32, 160, 72
['yes' 'yes' 'yes' 'yes' 'no' 'no' 'yes' 'yes' 'yes' 'no']
['no' 'no' 'no' 'no' 'no' 'no' 'no' 'no' 'no' 'no']
30, 160, 72
35, 170, 66
38, 180, 73
41, 190, 67
44, 200, 76
44, 210, 74
['yes' 'yes' 'yes' 'yes' 'no' 'no' 'no' 'no' 'yes' 'yes']
['no' 'no' 'no' 'no' 'no' 'no' 'no' 'no' 'no' 'no']
42, 210, 74
42, 220, 67
47, 230, 65
49, 240, 78
51, 250, 76
53, 260, 82
['no' 'no' 'no' 'no' 'yes' 'no' 'no' 'yes' 'yes' 'no']
['no' 'no' 'no' 'no' 'no' 'no' 'no' 'no' 'no' 'no']
48, 260, 82
49, 270, 72
50, 280, 69
53, 290, 71
53, 300, 79
54, 310, 81
['yes' 'no' 'yes' 'no' 'no' 'no' 'no' 'yes' 'no' 'no']
['no' 'no' 'no' 'no' 'no' 'no' 'no' 'no' 'no' 'no']
48, 310, 81
49, 320, 67
50, 330, 72
50, 340, 64
51, 350, 69
52, 360, 71
['yes' 'yes' 'no' 'yes' 'no' 'no' 'yes' 'yes' 'yes' 'yes']
['no' 'no' 'no' 'no' 'no' 'no' 'no' 'no' 'no' 'no']
49, 360, 71
49, 370, 62
50, 380, 61
50, 390, 64
51, 400, 65
53, 410, 63
['yes' 'yes' 'no' 'no' 'yes' 'yes' 'yes' 'yes' 'no' 'no']
['no' 'no' 'no' 'no' 'no' 'no' 'no' 'no' 'no' 'no']
50, 410, 63
51, 420, 65
52, 430, 66
52, 440, 71
53, 450, 64
53, 460, 69
['no' 'yes' 'no']
['yes' 'no' 'no' 'no' 'no' 'no' 'no' 'no' 'no' 'no']
53, 460, 69
54, 470, 71
56, 480, 69
57, 490, 73
58, 500, 71
60, 510, 76
['no' 'no' 'no' 'no' 'no' 'yes' 'no' 'no' 'yes']
['no' 'no' 'no' 'no' 'no' 'no' 'no' 'no' 'no' 'no']
55, 510, 76
58, 520, 67
59, 530, 69
59, 540, 71
59, 550, 76
60, 560, 71
['no' 'no' 'no' 'no' 'yes' 'no']
['no' 'no' 'no' 'no' 'no' 'no' 'no' 'no' 'no' 'no']
57, 560, 71
61, 570, 68
63, 580, 73
64, 590, 75
66, 600, 75
67, 610, 79
['yes' 'no' 'yes' 'no' 'no' 'no' 'no' 'no' 'no' 'no']
['no' 'no' 'no' 'no' 'no' 'no' 'no' 'no' 'no' 'no']
63, 610, 79
64, 620, 72
64, 630, 74
67, 640, 72
71, 650, 78
73, 660, 84
['no' 'yes' 'no' 'no' 'no' 'no' 'yes' 'no' 'no' 'no']
['no' 'no' 'no' 'no' 'no' 'no' 'no' 'no' 'no' 'no']
66, 660, 84
69, 670, 76
70, 680, 83
70, 690, 82
72, 700, 82
72, 710, 83
['no' 'no' 'no' 'no' 'yes' 'no' 'no' 'no' 'no' 'no']
['no' 'no' 'no' 'no' 'no' 'no' 'no' 'no' 'no' 'no']
64, 710, 83
64, 720, 72
67, 730, 73
68, 740, 76
69, 750, 79
71, 760, 79
['no' 'yes' 'no' 'yes' 'no' 'no' 'no' 'no']
['no' 'no' 'no' 'no' 'no' 'no' 'no' 'no' 'no' 'no']
65, 760, 79
66, 770, 74
66, 780, 73
66, 790, 73
67, 800, 73
69, 810, 74
['no' 'no' 'yes' 'no']
['no' 'no' 'no' 'no' 'no' 'no' 'no' 'no' 'no' 'no']
66, 810, 74
67, 820, 73
69, 830, 74
69, 840, 76
70, 850, 75
70, 860, 77
['no' 'no' 'no' 'no']
['no' 'no' 'yes' 'no' 'no' 'no' 'no' 'no' 'no' 'no']
71, 860, 77
72, 870, 78
74, 880, 80
74, 890, 80
75, 900, 81
77, 910, 82
['no' 'no' 'no' 'no' 'no' 'no' 'no' 'no' 'no' 'yes']
['no' 'no' 'no' 'no' 'no' 'no' 'no' 'no' 'no' 'no']
72, 910, 82
73, 920, 79
78, 930, 79
80, 940, 86
81, 950, 90
83, 960, 89
['no' 'no' 'no' 'no' 'no' 'no' 'no' 'no' 'no' 'no']
['no' 'no' 'no' 'no' 'no' 'no' 'no' 'no' 'no' 'no']
77, 960, 89
79, 970, 84
81, 980, 86
82, 990, 88
83, 1000, 91
85, 1010, 91
['no' 'no' 'no' 'no' 'no' 'no' 'no' 'no' 'no' 'no']
['no' 'no' 'no' 'no' 'no' 'no' 'no' 'no' 'no' 'no']
79, 1010, 91
82, 1020, 86
84, 1030, 90
85, 1040, 93
87, 1050, 92
87, 1060, 95
['no' 'no' 'no' 'no' 'no' 'no' 'no' 'no' 'no' 'no']
['no' 'no' 'no' 'no' 'no' 'no' 'no' 'no' 'no' 'no']
79, 1060, 95
79, 1070, 85
80, 1080, 85
80, 1090, 85
82, 1100, 86
83, 1110, 88
['no' 'no' 'no' 'no' 'no' 'no' 'no' 'no' 'no']
['no' 'no' 'no' 'no' 'no' 'no' 'no' 'no' 'no' 'no']
80, 1110, 88
82, 1120, 87
84, 1130, 87
86, 1140, 90
87, 1150, 95
89, 1160, 97
['no' 'no' 'no' 'no' 'no' 'no' 'no' 'no' 'no' 'no']
['no' 'no' 'no' 'no' 'no' 'no' 'no' 'no' 'no' 'no']
83, 1160, 97
83, 1170, 88
83, 1180, 89
84, 1190, 88
85, 1200, 90
86, 1210, 92
['no' 'no' 'no' 'no' 'no' 'no' 'no' 'no' 'no']
['no' 'no' 'no' 'no' 'no' 'no' 'no' 'no' 'no' 'no']
79, 1210, 92
81, 1220, 84
83, 1230, 86
84, 1240, 89
85, 1250, 90
86, 1260, 92
['no' 'no' 'no' 'no' 'no' 'no' 'no' 'no']
['no' 'no' 'no' 'no' 'no' 'no' 'no' 'no' 'no' 'no']
80, 1260, 92
81, 1270, 85
84, 1280, 87
85, 1290, 91
86, 1300, 92
87, 1310, 93
['no' 'no' 'no' 'no' 'no' 'no' 'no' 'no']
['no' 'no' 'no' 'no' 'no' 'no' 'no' 'no' 'no' 'no']
80, 1310, 93
null
['no' 'no' 'no' 'no' 'no' 'no' 'no' 'no' 'no' 'no']
{'count': 1924, 'truepos': 57, 'falseneg': 2, 'unknownyes': 3, 'falsepos': 24, 'unique': 1310}
14: Wahono.csv: machine3: 0, 0
6, 10
6, 20, 101
7, 30, 97
11, 40, 90
12, 50, 96
14, 60, 67
null
[]
17, 70, 64
18, 80, 60
21, 90, 57
23, 100, 55
25, 110, 59
26, 120, 64
null
['no']
26, 120, 64
26, 130, 58
29, 140, 52
29, 150, 55
31, 160, 53
33, 170, 57
null
['no' 'no' 'no' 'no' 'no' 'no' 'no' 'no' 'no' 'no']
33, 170, 57
33, 180, 54
35, 190, 53
36, 200, 54
37, 210, 53
39, 220, 58
null
['no' 'no' 'no' 'yes' 'no' 'no' 'no' 'no' 'no' 'no']
41, 220, 58
41, 230, 67
42, 240, 64
44, 250, 67
46, 260, 64
46, 270, 69
null
['no' 'no' 'no' 'no' 'no' 'no' 'yes' 'no' 'no' 'no']
47, 270, 69
47, 280, 73
48, 290, 70
49, 300, 76
49, 310, 76
50, 320, 64
null
['no' 'no' 'no' 'no' 'no' 'no' 'no' 'no' 'no' 'no']
50, 320, 64
51, 330, 68
51, 340, 67
51, 350, 73
52, 360, 65
53, 370, 69
null
['no' 'no' 'no' 'no' 'no' 'no' 'no' 'no' 'no' 'no']
53, 370, 69
54, 380, 72
54, 390, 72
54, 400, 75
54, 410, 72
55, 420, 72
null
['no' 'no' 'no' 'no' 'no' 'no' 'no' 'no' 'no' 'no']
55, 420, 72
55, 430, 74
56, 440, 74
56, 450, 76
56, 460, 70
57, 470, 76
null
['no' 'no' 'no' 'no' 'no' 'no' 'no' 'no' 'no' 'no']
57, 470, 76
57, 480, 80
58, 490, 75
58, 500, 76
59, 510, 74
60, 520, 74
null
['no' 'no' 'no' 'no' 'no' 'no' 'no' 'no' 'no' 'no']
60, 520, 74
61, 530, 76
61, 540, 76
62, 550, 73
63, 560, 76
64, 570, 76
null
['no' 'no' 'no' 'no' 'no' 'no' 'no' 'no' 'no' 'no']
64, 570, 76
65, 580, 77
65, 590, 82
65, 600, 76
65, 610, 80
65, 620, 77
null
['no' 'no' 'no' 'no' 'no' 'no' 'no' 'no' 'no' 'no']
66, 620, 77
67, 630, 75
67, 640, 79
67, 650, 83
67, 660, 79
68, 670, 76
null
['no' 'no' 'no' 'no' 'no' 'no' 'no' 'no' 'no' 'no']
68, 670, 76
68, 680, 80
68, 690, 82
68, 700, 80
68, 710, 81
68, 720, 82
null
['no' 'no' 'no' 'no' 'no' 'no' 'no' 'no' 'no' 'no']
68, 720, 82
68, 730, 78
69, 740, 79
69, 750, 79
69, 760, 79
69, 770, 81
null
['no' 'no' 'no' 'no' 'no' 'no' 'no' 'no' 'no' 'no']
69, 770, 81
69, 780, 80
69, 790, 78
69, 800, 78
69, 810, 80
70, 820, 81
null
['no' 'no' 'no' 'no' 'no' 'no' 'no' 'no' 'no' 'no']
71, 820, 81
71, 830, 83
72, 840, 78
72, 850, 82
72, 860, 82
72, 870, 83
null
['no' 'no' 'no' 'no' 'no' 'no' 'no' 'no' 'no' 'no']
72, 870, 83
73, 880, 81
73, 890, 82
73, 900, 82
73, 910, 82
73, 920, 82
null
['no' 'no' 'no' 'no' 'no' 'no' 'no' 'no' 'no' 'no']
73, 920, 82
73, 930, 82
73, 940, 82
75, 950, 82
75, 960, 84
75, 970, 82
null
['no' 'no' 'no' 'no' 'no' 'no' 'no' 'no' 'no' 'no']
76, 970, 82
76, 980, 84
76, 990, 83
77, 1000, 83
78, 1010, 85
78, 1020, 87
null
['no' 'no' 'no' 'no' 'no' 'no' 'no' 'no' 'no' 'no']
78, 1020, 87
78, 1030, 87
79, 1040, 86
80, 1050, 88
81, 1060, 90
82, 1070, 91
null
['no' 'no' 'no' 'no' 'no' 'no' 'no' 'no' 'no' 'no']
82, 1070, 91
82, 1080, 91
82, 1090, 92
83, 1100, 94
83, 1110, 93
83, 1120, 95
null
['no' 'no' 'no' 'no' 'no' 'no' 'no' 'no' 'no' 'no']
83, 1120, 95
83, 1130, 94
84, 1140, 94
84, 1150, 95
84, 1160, 94
84, 1170, 94
null
['no' 'no' 'no' 'no' 'no' 'no' 'no' 'no' 'no' 'no']
84, 1170, 94
84, 1180, 94
84, 1190, 94
85, 1200, 93
85, 1210, 96
86, 1220, 96
null
['no' 'no' 'no' 'no' 'no' 'no' 'no' 'no' 'no' 'no']
87, 1220, 96
87, 1230, 99
87, 1240, 99
87, 1250, 98
88, 1260, 99
88, 1270, 99
null
['no' 'no' 'no' 'no' 'no' 'no' 'no' 'no' 'no' 'no']
88, 1270, 99
88, 1280, 99
88, 1290, 99
88, 1300, 99
88, 1310, 98
88, 1320, 98
null
['no' 'no' 'no' 'no' 'no' 'no' 'no' 'no' 'no' 'no']
88, 1320, 98
89, 1330, 100
90, 1340, 100
90, 1350, 102
91, 1360, 101
92, 1370, 102
null
['no' 'no' 'no' 'no' 'no' 'no' 'no' 'no' 'no' 'no']
92, 1370, 102
92, 1380, 102
93, 1390, 103
93, 1400, 105
93, 1410, 103
93, 1420, 103
null
['no' 'no' 'yes' 'yes' 'no' 'no' 'no' 'no' 'no' 'no']
95, 1420, 103
95, 1430, 106
95, 1440, 105
95, 1450, 105
95, 1460, 105
95, 1470, 105
null
['no' 'no' 'no' 'no' 'no' 'no' 'no' 'no' 'no' 'no']
95, 1470, 105
95, 1480, 105
95, 1490, 104
95, 1500, 105
95, 1510, 104
96, 1520, 104
null
['no' 'no' 'no' 'no' 'no' 'no' 'no' 'no' 'no' 'no']
96, 1520, 104
96, 1530, 105
96, 1540, 105
96, 1550, 105
96, 1560, 105
96, 1570, 104
null
['no' 'no' 'no' 'no' 'no' 'no' 'no' 'no' 'no' 'no']
96, 1570, 104
96, 1580, 104
96, 1590, 104
96, 1600, 104
96, 1610, 104
96, 1620, 104
null
['no' 'no' 'no' 'no' 'no' 'no' 'no' 'no' 'no' 'no']
96, 1620, 104
96, 1630, 103
96, 1640, 103
97, 1650, 104
98, 1660, 104
98, 1670, 106
null
['no' 'no' 'no' 'no' 'no' 'no' 'no' 'no' 'no' 'no']
99, 1670, 106
99, 1680, 106
100, 1690, 106
100, 1700, 108
100, 1710, 107
100, 1720, 107
null
['no' 'no' 'no' 'no' 'no' 'no' 'no' 'no' 'no' 'no']
100, 1720, 107
101, 1730, 107
101, 1740, 108
101, 1750, 107
101, 1760, 108
101, 1770, 108
null
['no' 'no' 'no' 'no' 'no' 'no' 'no' 'no' 'no' 'no']
101, 1770, 108
101, 1780, 107
101, 1790, 108
101, 1800, 108
101, 1810, 107
102, 1820, 107
null
['no' 'no' 'no' 'no' 'no' 'no' 'no' 'no' 'no' 'no']
null
['no' 'no' 'no' 'no' 'no' 'no' 'no' 'no' 'no' 'no']
{'count': 2615, 'truepos': 55, 'falseneg': 4, 'unknownyes': 3, 'falsepos': 47, 'unique': 1820}
14: Danijel.csv: none: 0, 0
4, 10
7, 20, 119
10, 30, 113
11, 40, 121
12, 50, 107
13, 60, 102
14, 70, 86
15, 80, 77
16, 90, 70
17, 100, 60
21, 110, 58
23, 120, 62
26, 130, 57
27, 140, 63
28, 150, 56
30, 160, 55
33, 170, 52
35, 180, 53
38, 190, 58
40, 200, 64
42, 210, 67
42, 220, 67
43, 230, 68
45, 240, 72
47, 250, 71
50, 260, 84
50, 270, 87
51, 280, 79
54, 290, 81
56, 300, 90
58, 310, 92
58, 320, 94
59, 330, 91
59, 340, 101
61, 350, 89
61, 360, 101
62, 370, 91
64, 380, 101
65, 390, 99
65, 400, 95
66, 410, 101
67, 420, 92
69, 430, 104
69, 440, 108
71, 450, 107
72, 460, 99
73, 470, 104
74, 480, 108
77, 490, 105
78, 500, 96
79, 510, 100
79, 520, 112
79, 530, 104
80, 540, 104
80, 550, 108
82, 560, 115
84, 570, 109
84, 580, 101
85, 590, 104
85, 600, 105
88, 610, 112
89, 620, 119
89, 630, 110
91, 640, 112
94, 650, 108
96, 660, 111
97, 670, 114
98, 680, 113
101, 690, 116
101, 700, 118
103, 710, 115
105, 720, 119
105, 730, 122
106, 740, 122
106, 750, 124
107, 760, 121
108, 770, 126
109, 780, 124
109, 790, 123
110, 800, 126
111, 810, 128
112, 820, 127
112, 830, 128
113, 840, 128
114, 850, 127
115, 860, 127
115, 870, 127
117, 880, 128
119, 890, 129
120, 900, 138
121, 910, 133
121, 920, 137
121, 930, 135
122, 940, 134
123, 950, 134
125, 960, 138
125, 970, 137
125, 980, 146
125, 990, 139
125, 1000, 138
126, 1010, 137
126, 1020, 140
128, 1030, 138
130, 1040, 143
133, 1050, 147
135, 1060, 157
138, 1070, 154
138, 1080, 157
138, 1090, 158
141, 1100, 153
143, 1110, 160
143, 1120, 158
144, 1130, 160
145, 1140, 158
148, 1150, 159
151, 1160, 165
152, 1170, 164
153, 1180, 167
154, 1190, 171
155, 1200, 171
156, 1210, 173
156, 1220, 172
156, 1230, 173
156, 1240, 172
157, 1250, 174
157, 1260, 174
158, 1270, 171
160, 1280, 172
162, 1290, 176
163, 1300, 181
163, 1310, 181
164, 1320, 182
166, 1330, 182
168, 1340, 187
170, 1350, 188
170, 1360, 190
172, 1370, 188
172, 1380, 192
173, 1390, 194
174, 1400, 194
174, 1410, 193
175, 1420, 198
176, 1430, 195
176, 1440, 197
176, 1450, 197
176, 1460, 197
176, 1470, 192
177, 1480, 195
178, 1490, 196
179, 1500, 199
181, 1510, 198
182, 1520, 206
183, 1530, 204
184, 1540, 204
184, 1550, 207
186, 1560, 204
188, 1570, 209
188, 1580, 214
190, 1590, 215
192, 1600, 220
192, 1610, 224
195, 1620, 216
195, 1630, 223
195, 1640, 222
196, 1650, 222
198, 1660, 221
200, 1670, 221
202, 1680, 224
202, 1690, 227
203, 1700, 225
205, 1710, 227
205, 1720, 229
207, 1730, 233
209, 1740, 228
211, 1750, 230
211, 1760, 241
214, 1770, 236
214, 1780, 243
215, 1790, 241
215, 1800, 242
215, 1810, 238
215, 1820, 239
216, 1830, 238
217, 1840, 243
217, 1850, 240
218, 1860, 240
220, 1870, 243
221, 1880, 248
221, 1890, 245
222, 1900, 246
223, 1910, 248
224, 1920, 249
226, 1930, 247
226, 1940, 255
226, 1950, 254
226, 1960, 254
226, 1970, 249
226, 1980, 255
226, 1990, 248
226, 2000, 252
228, 2010, 248
230, 2020, 251
232, 2030, 255
234, 2040, 253
236, 2050, 256
238, 2060, 258
239, 2070, 261
239, 2080, 263
239, 2090, 262
239, 2100, 262
239, 2110, 261
240, 2120, 262
241, 2130, 260
241, 2140, 260
242, 2150, 259
242, 2160, 264
246, 2170, 262
246, 2180, 269
248, 2190, 268
251, 2200, 268
251, 2210, 273
255, 2220, 270
257, 2230, 274
259, 2240, 277
259, 2250, 279
259, 2260, 278
259, 2270, 280
260, 2280, 280
260, 2290, 281
261, 2300, 278
263, 2310, 278
263, 2320, 284
264, 2330, 282
264, 2340, 282
264, 2350, 282
264, 2360, 282
267, 2370, 283
268, 2380, 286
269, 2390, 287
269, 2400, 291
269, 2410, 289
270, 2420, 287
271, 2430, 289
271, 2440, 291
272, 2450, 290
273, 2460, 292
273, 2470, 295
274, 2480, 293
274, 2490, 294
275, 2500, 295
275, 2510, 295
276, 2520, 294
276, 2530, 295
277, 2540, 294
277, 2550, 298
277, 2560, 296
278, 2570, 295
280, 2580, 298
282, 2590, 301
284, 2600, 300
285, 2610, 303
287, 2620, 302
288, 2630, 306
290, 2640, 307
291, 2650, 307
291, 2660, 312
292, 2670, 312
293, 2680, 312
293, 2690, 313
293, 2700, 311
296, 2710, 313
298, 2720, 312
299, 2730, 316
299, 2740, 317
301, 2750, 318
301, 2760, 319
{'count': 2760, 'truepos': 41, 'falseneg': 5, 'unknownyes': 2, 'falsepos': 260, 'unique': 2760}
14: Danijel.csv: three: 0, 0
4, 10
5, 20, 125
6, 30, 100
9, 40, 90
10, 50, 86
14, 60, 75
16, 70, 82
18, 80, 66
22, 90, 61
23, 100, 62
23, 110, 60
26, 120, 55
27, 130, 55
29, 140, 52
32, 150, 50
34, 160, 51
36, 170, 52
36, 180, 53
36, 190, 54
37, 200, 50
38, 210, 50
39, 220, 51
39, 230, 51
39, 240, 50
40, 250, 49
41, 260, 52
41, 270, 53
42, 280, 51
43, 290, 53
43, 300, 53
44, 310, 53
44, 320, 53
44, 330, 53
45, 340, 53
46, 350, 52
46, 360, 54
47, 370, 54
47, 380, 54
47, 390, 55
47, 400, 53
47, 410, 54
47, 420, 53
47, 430, 53
47, 440, 55
49, 450, 53
49, 460, 55
49, 470, 55
49, 480, 55
49, 490, 54
49, 500, 54
50, 510, 55
50, 520, 55
52, 530, 57
53, 540, 59
54, 550, 59
54, 560, 62
54, 570, 62
54, 580, 62
54, 590, 62
54, 600, 60
55, 610, 61
55, 620, 63
55, 630, 61
56, 640, 62
56, 650, 61
56, 660, 62
57, 670, 61
57, 680, 62
57, 690, 64
57, 700, 65
58, 710, 63
58, 720, 64
58, 730, 63
58, 740, 64
58, 750, 64
58, 760, 64
58, 770, 64
58, 780, 64
58, 790, 66
58, 800, 63
58, 810, 62
58, 820, 63
58, 830, 62
59, 840, 62
59, 850, 63
{'count': 1846, 'truepos': 41, 'falseneg': 4, 'unknownyes': 3, 'falsepos': 18, 'unique': 850}
14: Danijel.csv: machine: 0, 0
3, 10
4, 20, 117
7, 30, 104
9, 40, 98
12, 50, 97
14, 60, 112
['yes' 'yes' 'yes' 'no' 'no' 'no' 'yes' 'no' 'no' 'no']
[]
8, 60, 112
12, 70, 70
14, 80, 70
15, 90, 69
16, 100, 63
18, 110, 60
['no' 'yes' 'yes' 'yes' 'yes' 'yes' 'yes' 'yes' 'yes' 'yes']
[]
17, 110, 60
20, 120, 65
23, 130, 62
24, 140, 67
27, 150, 63
31, 160, 67
['no' 'yes' 'yes' 'yes' 'no' 'yes' 'no' 'no' 'no' 'yes']
['no' 'yes' 'no' 'no' 'no' 'no' 'no' 'no' 'no' 'no']
29, 160, 67
31, 170, 64
36, 180, 52
40, 190, 59
41, 200, 65
41, 210, 63
['no' 'no' 'no' 'no' 'yes' 'yes' 'yes' 'yes' 'no' 'yes']
['yes' 'no' 'no' 'no' 'no' 'no' 'no' 'no' 'no' 'no']
39, 210, 63
42, 220, 52
42, 230, 57
44, 240, 57
45, 250, 59
46, 260, 59
['no' 'no' 'yes' 'yes' 'yes' 'no' 'no' 'yes' 'no' 'yes']
['no' 'no' 'no' 'no' 'no' 'no' 'no' 'no' 'no' 'no']
42, 260, 59
43, 270, 54
43, 280, 54
44, 290, 52
44, 300, 55
45, 310, 53
['yes' 'yes' 'no' 'yes' 'no' 'no' 'no' 'no' 'yes' 'no']
['no' 'no' 'no' 'no' 'no' 'no' 'no' 'no' 'no' 'no']
39, 310, 53
40, 320, 48
40, 330, 51
40, 340, 49
41, 350, 49
43, 360, 49
['no' 'yes' 'no' 'no' 'yes' 'yes' 'no' 'yes' 'yes']
['no' 'no' 'no' 'no' 'yes' 'no' 'no' 'no' 'no' 'no']
39, 360, 49
39, 370, 48
39, 380, 48
41, 390, 47
45, 400, 51
47, 410, 55
['no' 'no' 'no' 'no' 'no' 'no' 'yes' 'no' 'no']
['no' 'no' 'no' 'no' 'no' 'no' 'no' 'no' 'no' 'no']
41, 410, 55
42, 420, 51
43, 430, 53
46, 440, 54
47, 450, 58
48, 460, 61
['no' 'yes' 'no' 'no' 'no' 'no' 'no']
['no' 'no' 'no' 'no' 'no' 'no' 'no' 'no' 'no' 'no']
44, 460, 61
45, 470, 54
47, 480, 54
49, 490, 58
50, 500, 60
52, 510, 61
['no' 'no' 'no' 'no' 'yes' 'no' 'no' 'no' 'no' 'no']
['no' 'no' 'no' 'no' 'no' 'yes' 'no' 'no' 'no' 'no']
47, 510, 61
47, 520, 55
47, 530, 55
48, 540, 54
49, 550, 59
51, 560, 61
['no' 'yes' 'no' 'no' 'no']
['no' 'no' 'no' 'no' 'no' 'no' 'no' 'no' 'no' 'no']
48, 560, 61
49, 570, 56
52, 580, 55
52, 590, 59
53, 600, 57
53, 610, 59
['no' 'no' 'no' 'yes' 'no']
['no' 'no' 'yes' 'no' 'no' 'no' 'no' 'no' 'no' 'no']
51, 610, 59
51, 620, 57
53, 630, 55
53, 640, 57
54, 650, 58
54, 660, 58
['no' 'no' 'no' 'no']
['no' 'no' 'no' 'no' 'no' 'no' 'yes' 'no' 'no' 'no']
51, 660, 58
51, 670, 58
51, 680, 56
52, 690, 56
53, 700, 56
54, 710, 58
['no' 'no' 'no']
['no' 'no' 'no' 'no' 'no' 'no' 'no' 'no' 'no' 'no']
53, 710, 58
54, 720, 57
54, 730, 59
54, 740, 58
54, 750, 58
54, 760, 58
['no' 'no' 'no']
['no' 'no' 'no' 'no' 'no' 'no' 'no' 'no' 'no' 'no']
54, 760, 58
55, 770, 58
56, 780, 59
59, 790, 61
59, 800, 64
59, 810, 64
['no' 'no' 'no' 'no' 'no' 'no' 'no']
['no' 'no' 'no' 'no' 'no' 'no' 'no' 'no' 'no' 'no']
54, 810, 64
55, 820, 58
55, 830, 59
57, 840, 59
57, 850, 62
58, 860, 61
['no' 'no' 'no' 'no' 'no']
['no' 'no' 'no' 'no' 'no' 'no' 'no' 'no' 'no' 'no']
['no' 'no' 'no' 'no' 'no']
['no' 'no' 'no' 'no' 'no' 'no' 'no' 'no' 'no' 'no']
{'count': 1137, 'truepos': 40, 'falseneg': 5, 'unknownyes': 3, 'falsepos': 16, 'unique': 860}
14: Danijel.csv: machine2: 0, 0
4, 10
4, 20, 121
6, 30, 102
6, 40, 89
7, 50, 66
10, 60, 57
['no' 'yes' 'yes' 'yes' 'no' 'yes' 'yes' 'yes' 'yes' 'no']
[]
7, 60, 57
9, 70, 59
13, 80, 56
15, 90, 63
20, 100, 60
22, 110, 68
['yes' 'yes' 'no' 'yes' 'yes' 'yes' 'yes' 'yes' 'yes' 'yes']
['no']
21, 110, 68
23, 120, 67
26, 130, 57
27, 140, 60
28, 150, 58
29, 160, 52
['no' 'yes' 'no' 'no' 'yes' 'yes' 'yes' 'yes' 'yes' 'no']
[]
25, 160, 52
28, 170, 49
31, 180, 51
33, 190, 51
36, 200, 55
39, 210, 65
['yes' 'no' 'no' 'no' 'yes' 'yes' 'yes' 'no' 'yes' 'no']
['no' 'no' 'no' 'no' 'no' 'yes' 'no' 'no' 'no' 'no']
36, 210, 65
36, 220, 54
38, 230, 53
41, 240, 56
42, 250, 58
45, 260, 61
['no' 'no' 'no' 'no' 'no' 'no' 'yes' 'yes' 'no' 'yes']
['no' 'no' 'no' 'no' 'no' 'no' 'no' 'no' 'no' 'no']
40, 260, 61
40, 270, 54
42, 280, 52
43, 290, 59
46, 300, 63
46, 310, 61
['no' 'yes' 'no' 'no' 'no' 'yes' 'no' 'yes' 'no' 'no']
['no' 'no' 'no' 'no' 'no' 'no' 'no' 'no' 'no' 'no']
42, 310, 61
42, 320, 58
42, 330, 56
42, 340, 53
43, 350, 55
44, 360, 55
['no' 'no' 'yes' 'no' 'no' 'yes' 'yes']
['no' 'no' 'no' 'no' 'no' 'no' 'no' 'no' 'no' 'no']
41, 360, 55
42, 370, 50
43, 380, 54
44, 390, 52
46, 400, 56
48, 410, 58
['no' 'no' 'no' 'no' 'no' 'no' 'yes' 'no']
['no' 'no' 'no' 'no' 'no' 'no' 'no' 'no' 'no' 'no']
41, 410, 58
42, 420, 51
42, 430, 51
44, 440, 52
45, 450, 59
46, 460, 56
['no' 'no' 'no' 'no' 'no']
['no' 'no' 'no' 'no' 'no' 'no' 'no' 'no' 'no' 'no']
42, 460, 56
43, 470, 52
43, 480, 50
44, 490, 52
47, 500, 52
48, 510, 55
['no' 'no' 'no' 'no' 'no' 'no' 'no']
['no' 'no' 'no' 'no' 'no' 'no' 'no' 'yes' 'no' 'no']
43, 510, 55
44, 520, 50
45, 530, 52
46, 540, 53
48, 550, 55
49, 560, 60
['no' 'no' 'no' 'yes' 'no' 'no' 'yes' 'no']
['no' 'no' 'no' 'no' 'no' 'no' 'no' 'no' 'no' 'no']
44, 560, 60
44, 570, 50
45, 580, 52
47, 590, 52
50, 600, 53
51, 610, 58
['no' 'yes' 'no' 'no' 'no' 'no' 'no']
['no' 'no' 'no' 'no' 'no' 'no' 'no' 'no' 'no' 'no']
46, 610, 58
47, 620, 53
48, 630, 54
49, 640, 55
52, 650, 54
53, 660, 59
['no' 'no' 'yes' 'no' 'yes' 'no' 'no' 'no']
['no' 'no' 'no' 'no' 'no' 'no' 'no' 'no' 'no' 'no']
49, 660, 59
49, 670, 56
50, 680, 55
50, 690, 57
52, 700, 56
52, 710, 61
['no' 'no' 'no' 'no']
['no' 'no' 'no' 'no' 'no' 'no' 'no' 'no' 'no' 'no']
50, 710, 61
50, 720, 55
52, 730, 55
52, 740, 57
53, 750, 58
54, 760, 58
['no' 'no' 'no' 'no' 'no']
['no' 'no' 'no' 'no' 'no' 'no' 'no' 'no' 'no' 'no']
49, 760, 58
51, 770, 53
53, 780, 55
53, 790, 57
54, 800, 58
54, 810, 58
['no' 'no' 'no' 'no' 'yes']
['no' 'no' 'no' 'no' 'no' 'no' 'no' 'no' 'no' 'no']
52, 810, 58
54, 820, 55
56, 830, 57
57, 840, 61
59, 850, 62
60, 860, 65
['no' 'no' 'no' 'no' 'no' 'no' 'no' 'no' 'no']
['no' 'no' 'no' 'no' 'no' 'no' 'no' 'no' 'no' 'no']
54, 860, 65
54, 870, 57
['no' 'no']
['no' 'no' 'no' 'no' 'no' 'no' 'no' 'no' 'no' 'no']
{'count': 1235, 'truepos': 43, 'falseneg': 3, 'unknownyes': 2, 'falsepos': 10, 'unique': 870}
14: Danijel.csv: machine3: 0, 0
4, 10
5, 20, 118
10, 30, 99
12, 40, 101
12, 50, 113
13, 60, 98
null
[]
14, 70, 94
16, 80, 85
19, 90, 75
19, 100, 70
20, 110, 64
22, 120, 57
null
[]
24, 130, 57
27, 140, 53
28, 150, 54
28, 160, 53
29, 170, 49
29, 180, 49
null
[]
31, 190, 47
34, 200, 48
34, 210, 51
34, 220, 53
37, 230, 49
37, 240, 55
null
['no' 'yes' 'no' 'no' 'no' 'no' 'no' 'no' 'no' 'no']
39, 240, 55
39, 250, 52
40, 260, 53
40, 270, 55
40, 280, 51
42, 290, 50
null
['yes' 'no' 'no' 'no' 'no' 'no' 'no' 'no' 'no' 'no']
42, 290, 50
42, 300, 58
43, 310, 56
44, 320, 57
46, 330, 55
48, 340, 59
null
['no' 'no' 'no' 'no' 'no' 'no' 'no' 'no' 'no' 'no']
48, 340, 59
48, 350, 69
48, 360, 72
48, 370, 67
49, 380, 63
49, 390, 68
null
['no' 'no' 'no' 'no' 'no' 'no' 'no' 'no' 'no' 'no']
49, 390, 68
49, 400, 63
49, 410, 60
49, 420, 62
49, 430, 63
49, 440, 62
null
['no' 'no' 'no' 'no' 'no' 'no' 'no' 'no' 'no' 'no']
49, 440, 62
50, 450, 63
50, 460, 58
50, 470, 64
51, 480, 61
51, 490, 63
null
['no' 'no' 'no' 'no' 'no' 'no' 'no' 'no' 'no' 'no']
51, 490, 63
52, 500, 62
52, 510, 61
52, 520, 60
52, 530, 63
53, 540, 62
null
['no' 'no' 'no' 'no' 'no' 'no' 'no' 'no' 'no' 'no']
53, 540, 62
54, 550, 61
54, 560, 61
54, 570, 61
54, 580, 61
54, 590, 62
null
['no' 'no' 'no' 'no' 'no' 'no' 'no' 'no' 'no' 'no']
54, 590, 62
55, 600, 61
55, 610, 62
56, 620, 62
57, 630, 63
57, 640, 65
null
['no' 'no' 'no' 'no' 'no' 'no' 'no' 'no' 'no' 'no']
57, 640, 65
57, 650, 64
57, 660, 64
58, 670, 63
59, 680, 64
59, 690, 68
null
['no' 'no' 'no' 'no' 'no' 'no' 'no' 'no' 'no' 'no']
59, 690, 68
60, 700, 67
61, 710, 67
61, 720, 71
61, 730, 69
62, 740, 69
null
['no' 'no' 'no' 'no' 'no' 'no' 'no' 'no' 'no' 'no']
62, 740, 69
62, 750, 71
62, 760, 70
62, 770, 68
62, 780, 69
62, 790, 69
null
['no' 'no' 'no' 'no' 'no' 'no' 'no' 'no' 'no' 'no']
63, 790, 69
63, 800, 70
63, 810, 69
64, 820, 69
64, 830, 71
64, 840, 72
null
['no' 'no' 'no' 'no' 'no' 'no' 'no' 'no' 'no' 'no']
64, 840, 72
64, 850, 75
64, 860, 69
64, 870, 69
65, 880, 69
65, 890, 70
null
['no' 'no' 'no' 'no' 'no' 'no' 'no' 'no' 'no' 'no']
65, 890, 70
66, 900, 70
66, 910, 71
66, 920, 72
66, 930, 72
67, 940, 71
null
['no' 'no' 'no' 'no' 'no' 'no' 'no' 'no' 'no' 'no']
67, 940, 71
68, 950, 72
68, 960, 74
70, 970, 74
70, 980, 76
70, 990, 76
null
['no' 'no' 'no' 'no' 'no' 'no' 'no' 'no' 'no' 'no']
70, 990, 76
71, 1000, 75
72, 1010, 78
73, 1020, 81
73, 1030, 79
74, 1040, 80
null
['no' 'no' 'no' 'no' 'no' 'no' 'no' 'no' 'no' 'no']
74, 1040, 80
75, 1050, 80
75, 1060, 84
75, 1070, 82
75, 1080, 82
75, 1090, 83
null
['no' 'no' 'no' 'no' 'no' 'no' 'no' 'no' 'no' 'no']
75, 1090, 83
75, 1100, 80
75, 1110, 81
76, 1120, 80
76, 1130, 82
76, 1140, 82
null
['no' 'no' 'no' 'no' 'no' 'no' 'no' 'no' 'no' 'no']
76, 1140, 82
78, 1150, 82
79, 1160, 83
79, 1170, 87
79, 1180, 84
79, 1190, 84
null
['no' 'no' 'no' 'no' 'no' 'no' 'no' 'no' 'no' 'no']
79, 1190, 84
79, 1200, 84
79, 1210, 85
null
['no' 'no' 'no' 'no' 'no' 'no' 'no' 'no' 'no' 'yes']
{'count': 1755, 'truepos': 41, 'falseneg': 4, 'unknownyes': 3, 'falsepos': 40, 'unique': 1210}
14: K_all3.csv: none: 0, 0
1, 10
2, 20, 92
4, 30, 64
4, 40, 58
6, 50, 45
10, 60, 47
12, 70, 56
12, 80, 55
12, 90, 48
15, 100, 44
16, 110, 44
17, 120, 44
17, 130, 43
19, 140, 41
21, 150, 43
24, 160, 44
24, 170, 47
24, 180, 45
26, 190, 44
31, 200, 46
34, 210, 45
38, 220, 49
41, 230, 56
42, 240, 57
43, 250, 61
46, 260, 61
46, 270, 67
47, 280, 68
49, 290, 65
50, 300, 69
50, 310, 68
53, 320, 64
55, 330, 65
58, 340, 70
60, 350, 75
60, 360, 78
62, 370, 73
62, 380, 77
66, 390, 75
67, 400, 78
68, 410, 77
70, 420, 80
72, 430, 81
72, 440, 83
75, 450, 81
75, 460, 85
78, 470, 84
79, 480, 89
79, 490, 88
82, 500, 88
83, 510, 93
85, 520, 91
85, 530, 94
85, 540, 94
87, 550, 94
87, 560, 95
87, 570, 94
90, 580, 93
91, 590, 96
92, 600, 96
94, 610, 98
95, 620, 100
{'count': 620, 'truepos': 34, 'falseneg': 3, 'unknownyes': 8, 'falsepos': 61, 'unique': 620}
14: K_all3.csv: three: 0, 0
1, 10
2, 20, 93
2, 30, 62
4, 40, 54
8, 50, 48
12, 60, 49
13, 70, 62
15, 80, 55
18, 90, 54
19, 100, 56
22, 110, 50
23, 120, 51
24, 130, 49
24, 140, 47
24, 150, 45
25, 160, 43
26, 170, 44
27, 180, 45
28, 190, 45
29, 200, 45
30, 210, 45
30, 220, 39
31, 230, 38
32, 240, 41
33, 250, 40
33, 260, 40
34, 270, 41
35, 280, 40
36, 290, 40
37, 300, 41
37, 310, 43
38, 320, 44
38, 330, 45
39, 340, 42
40, 350, 44
40, 360, 44
40, 370, 44
41, 380, 44
41, 390, 44
41, 400, 45
43, 410, 45
44, 420, 46
{'count': 914, 'truepos': 34, 'falseneg': 1, 'unknownyes': 10, 'falsepos': 10, 'unique': 420}
14: K_all3.csv: machine: 0, 0
2, 10
5, 20, 73
8, 30, 72
10, 40, 66
12, 50, 64
16, 60, 60
['yes' 'yes' 'no' 'no' 'no' 'yes' 'no' 'yes' 'yes' 'no']
[]
12, 60, 60
15, 70, 71
15, 80, 73
17, 90, 62
22, 100, 60
25, 110, 65
['no' 'no' 'yes' 'yes' 'no' 'no' 'no' 'yes' 'no' 'no']
['no' 'no']
19, 110, 65
19, 120, 56
23, 130, 51
27, 140, 53
28, 150, 57
28, 160, 54
['yes' 'yes' 'yes' 'no' 'yes' 'yes' 'yes' 'yes' 'yes' 'no']
[]
26, 160, 54
28, 170, 51
28, 180, 52
29, 190, 50
31, 200, 49
34, 210, 43
['no' 'yes' 'no' 'yes' 'yes' 'no' 'yes' 'no' 'no' 'yes']
['no' 'no' 'no' 'no' 'no' 'no' 'no' 'yes' 'no' 'no']
31, 210, 43
31, 220, 45
34, 230, 43
35, 240, 49
35, 250, 50
36, 260, 46
['no' 'no' 'no' 'no' 'yes' 'no' 'yes' 'yes' 'no' 'yes']
['no' 'no' 'no' 'no' 'no' 'no' 'no' 'no' 'no' 'no']
32, 260, 46
32, 270, 43
34, 280, 38
34, 290, 42
35, 300, 40
37, 310, 42
['yes' 'yes' 'yes' 'no' 'no' 'yes' 'no' 'yes' 'no']
['no' 'no' 'no' 'no' 'no' 'no' 'no' 'no' 'no' 'no']
32, 310, 42
32, 320, 36
32, 330, 37
34, 340, 37
36, 350, 37
37, 360, 39
['yes' 'yes' 'yes' 'no' 'no']
['no' 'no' 'no' 'no' 'no' 'no' 'no' 'yes' 'no' 'no']
34, 360, 39
35, 370, 37
35, 380, 38
36, 390, 38
36, 400, 39
38, 410, 39
['no' 'no' 'yes' 'no']
['no' 'no' 'no' 'no' 'no' 'no' 'no' 'no' 'no' 'no']
['no' 'no' 'no' 'yes']
['no' 'no' 'no' 'no' 'no' 'no' 'no' 'no' 'no' 'no']
{'count': 530, 'truepos': 31, 'falseneg': 5, 'unknownyes': 9, 'falsepos': 4, 'unique': 410}
14: K_all3.csv: machine2: 0, 0
2, 10
3, 20, 73
3, 30, 67
4, 40, 55
5, 50, 52
7, 60, 50
['no' 'no' 'no' 'no' 'yes' 'no' 'yes']
[]
3, 60, 50
5, 70, 51
8, 80, 48
14, 90, 48
14, 100, 53
16, 110, 49
['yes' 'no' 'no' 'yes' 'no' 'yes' 'yes' 'yes' 'yes' 'no']
[]
12, 110, 49
13, 120, 44
15, 130, 42
16, 140, 44
18, 150, 43
20, 160, 45
['yes' 'yes' 'no' 'no' 'no' 'no' 'no' 'yes' 'yes' 'yes']
[]
15, 160, 45
18, 170, 48
23, 180, 50
23, 190, 56
26, 200, 52
27, 210, 53
['yes' 'yes' 'yes' 'no' 'yes' 'no' 'yes' 'yes' 'yes' 'yes']
['no']
25, 210, 53
26, 220, 49
26, 230, 49
26, 240, 48
27, 250, 47
27, 260, 47
['yes' 'no' 'no' 'yes' 'yes']
[]
25, 260, 47
27, 270, 45
27, 280, 47
28, 290, 46
28, 300, 46
28, 310, 45
['yes' 'yes' 'no']
['no']
27, 310, 45
28, 320, 44
30, 330, 44
30, 340, 39
32, 350, 38
33, 360, 41
['no' 'yes' 'no' 'no' 'no' 'no']
['no' 'no' 'no' 'no' 'no' 'no' 'no' 'no' 'no' 'no']
32, 360, 41
33, 370, 37
33, 380, 39
36, 390, 38
40, 400, 42
40, 410, 46
['no' 'no' 'no' 'no' 'no' 'no' 'no' 'yes' 'no' 'no']
['no' 'no' 'no' 'no' 'no' 'no' 'no' 'no' 'no' 'no']
33, 410, 46
34, 420, 38
35, 430, 39
35, 440, 41
36, 450, 40
37, 460, 40
['no' 'yes' 'no' 'yes' 'no']
['no' 'no' 'no' 'no' 'no' 'no' 'no' 'no' 'no' 'no']
37, 460, 40
38, 470, 41
40, 480, 42
43, 490, 44
44, 500, 47
46, 510, 48
['no' 'no' 'yes' 'no' 'no' 'no' 'no' 'no' 'yes' 'yes']
['no' 'no' 'no' 'no' 'no' 'no' 'no' 'no' 'no' 'no']
['no' 'no' 'no' 'yes' 'no' 'yes' 'no' 'yes' 'no' 'no']
['no' 'no' 'no' 'no' 'no' 'no' 'no' 'no' 'no' 'no']
{'count': 673, 'truepos': 33, 'falseneg': 3, 'unknownyes': 9, 'falsepos': 8, 'unique': 510}
14: K_all3.csv: machine3: 0, 0
1, 10
2, 20, 93
2, 30, 62
3, 40, 54
4, 50, 50
5, 60, 47
null
[]
5, 70, 44
5, 80, 41
5, 90, 40
5, 100, 39
6, 110, 39
8, 120, 41
null
['no']
8, 120, 41
10, 130, 42
11, 140, 42
12, 150, 42
12, 160, 40
12, 170, 39
null
[]
15, 180, 38
15, 190, 43
18, 200, 41
20, 210, 44
21, 220, 46
22, 230, 45
null
[]
22, 240, 46
23, 250, 45
23, 260, 46
25, 270, 45
27, 280, 47
27, 290, 49
null
['no']
27, 290, 49
27, 300, 47
28, 310, 47
29, 320, 47
29, 330, 48
29, 340, 47
null
[]
29, 350, 47
29, 360, 47
30, 370, 46
30, 380, 39
31, 390, 36
32, 400, 38
null
['no' 'no' 'no' 'no' 'no' 'no' 'no' 'no' 'no' 'no']
32, 400, 38
34, 410, 38
34, 420, 42
36, 430, 39
38, 440, 41
39, 450, 45
null
['no' 'no' 'no' 'no' 'no' 'no' 'no' 'no' 'no' 'no']
40, 450, 45
40, 460, 43
40, 470, 44
40, 480, 43
40, 490, 44
40, 500, 44
null
['no' 'no' 'no' 'no' 'no' 'no' 'no' 'no' 'no' 'yes']
41, 500, 44
41, 510, 44
43, 520, 44
null
['no' 'no' 'no' 'no' 'no' 'no' 'no' 'no' 'no' 'no']
{'count': 693, 'truepos': 29, 'falseneg': 3, 'unknownyes': 13, 'falsepos': 14, 'unique': 520}

------------------------------------------------------------
Sender: LSF System <lsfadmin@n2c3-13>
Subject: Job 269522: </share/tjmenzie/zyu9/miniconda2/bin/python2.7 runner.py error_hpcc 14> Done

Job </share/tjmenzie/zyu9/miniconda2/bin/python2.7 runner.py error_hpcc 14> was submitted from host <login01.hpc.ncsu.edu> by user <zyu9> in cluster <henry2>.
Job was executed on host(s) <1*n2c3-13>, in queue <single_chassis>, as user <zyu9> in cluster <henry2>.
                            <1*n2c3-7>
</home/zyu9> was used as the home directory.
</home/zyu9/projects/MAR_HPC/Error/src> was used as the working directory.
Started at Thu Oct 19 15:36:40 2017
Results reported at Fri Oct 20 00:44:32 2017

Your job looked like:

------------------------------------------------------------
# LSBATCH: User input
/share/tjmenzie/zyu9/miniconda2/bin/python2.7 runner.py error_hpcc 14
------------------------------------------------------------

Successfully completed.

Resource usage summary:

    CPU time   :  34677.88 sec.
    Max Memory :       194 MB
    Max Swap   :      1212 MB

    Max Processes  :         3
    Max Threads    :         8

The output (if any) is above this job summary.



PS:

Read file <./err/14.err.269522> for stderr output of this job.

