15: Hall.csv: none: 0, 0
6, 10
7, 20, 103
7, 30, 105
9, 40, 98
13, 50, 85
16, 60, 97
19, 70, 101
20, 80, 91
24, 90, 57
25, 100, 58
28, 110, 55
31, 120, 57
32, 130, 58
34, 140, 58
36, 150, 61
39, 160, 54
40, 170, 70
41, 180, 69
43, 190, 68
46, 200, 60
47, 210, 74
49, 220, 66
51, 230, 65
54, 240, 69
55, 250, 72
56, 260, 75
57, 270, 73
59, 280, 73
60, 290, 77
60, 300, 79
60, 310, 76
60, 320, 79
62, 330, 78
62, 340, 79
62, 350, 87
62, 360, 83
62, 370, 83
62, 380, 81
62, 390, 80
62, 400, 76
62, 410, 83
62, 420, 76
63, 430, 77
63, 440, 76
63, 450, 76
63, 460, 75
63, 470, 76
63, 480, 77
64, 490, 74
64, 500, 73
64, 510, 77
64, 520, 73
65, 530, 76
65, 540, 74
65, 550, 76
65, 560, 75
65, 570, 74
65, 580, 75
65, 590, 73
65, 600, 73
65, 610, 74
65, 620, 74
65, 630, 73
65, 640, 74
65, 650, 73
65, 660, 74
65, 670, 74
65, 680, 73
65, 690, 73
65, 700, 74
65, 710, 73
65, 720, 72
65, 730, 72
65, 740, 71
65, 750, 71
66, 760, 71
66, 770, 72
66, 780, 73
66, 790, 73
66, 800, 72
66, 810, 72
66, 820, 72
66, 830, 73
66, 840, 74
66, 850, 72
67, 860, 72
67, 870, 74
68, 880, 73
68, 890, 74
68, 900, 75
68, 910, 75
68, 920, 76
68, 930, 75
68, 940, 75
69, 950, 75
69, 960, 76
69, 970, 76
69, 980, 76
69, 990, 76
69, 1000, 76
69, 1010, 76
69, 1020, 76
69, 1030, 76
69, 1040, 76
69, 1050, 75
69, 1060, 76
69, 1070, 75
69, 1080, 75
69, 1090, 75
69, 1100, 75
69, 1110, 75
69, 1120, 75
69, 1130, 75
69, 1140, 75
69, 1150, 75
69, 1160, 75
69, 1170, 75
69, 1180, 75
69, 1190, 74
69, 1200, 74
69, 1210, 74
69, 1220, 75
69, 1230, 74
69, 1240, 74
69, 1250, 74
69, 1260, 74
69, 1270, 74
69, 1280, 74
69, 1290, 74
69, 1300, 74
69, 1310, 74
69, 1320, 74
69, 1330, 74
69, 1340, 74
69, 1350, 74
69, 1360, 74
69, 1370, 74
69, 1380, 73
69, 1390, 74
69, 1400, 74
69, 1410, 73
69, 1420, 73
69, 1430, 73
69, 1440, 73
69, 1450, 73
69, 1460, 73
69, 1470, 73
69, 1480, 73
69, 1490, 73
69, 1500, 73
69, 1510, 73
69, 1520, 73
69, 1530, 73
69, 1540, 73
{'count': 1540, 'truepos': 65, 'falseneg': 38, 'correction': 0, 'unknownyes': 2, 'falsepos': 4, 'unique': 1540}
15: Hall.csv: three: 0, 0
6, 10
9, 20, 101
11, 30, 108
12, 40, 107
15, 50, 110
16, 60, 109
20, 70, 84
25, 80, 61
30, 90, 66
30, 100, 70
33, 110, 62
37, 120, 63
37, 130, 66
37, 140, 61
41, 150, 59
44, 160, 65
45, 170, 65
46, 180, 67
46, 190, 65
47, 200, 62
49, 210, 64
50, 220, 65
53, 230, 60
55, 240, 68
60, 250, 68
60, 260, 74
60, 270, 71
62, 280, 69
62, 290, 73
62, 300, 73
65, 310, 71
68, 320, 74
70, 330, 79
70, 340, 84
70, 350, 80
71, 360, 79
72, 370, 81
72, 380, 81
74, 390, 80
74, 400, 85
74, 410, 83
74, 420, 83
74, 430, 83
74, 440, 82
74, 450, 83
74, 460, 84
74, 470, 82
74, 480, 83
74, 490, 81
74, 500, 81
74, 510, 81
74, 520, 80
74, 530, 80
74, 540, 79
74, 550, 80
74, 560, 80
74, 570, 79
74, 580, 80
74, 590, 79
74, 600, 79
74, 610, 80
74, 620, 78
74, 630, 79
74, 640, 80
74, 650, 78
74, 660, 78
74, 670, 78
74, 680, 78
74, 690, 78
74, 700, 78
74, 710, 78
74, 720, 78
{'count': 1490, 'truepos': 74, 'falseneg': 28, 'correction': 44, 'unknownyes': 3, 'falsepos': 0, 'unique': 720}
15: Hall.csv: machine: 0, 0
6, 10
7, 20, 104
10, 30, 102
14, 40, 101
15, 50, 108
18, 60, 103
21, 70, 100
25, 80, 66
28, 90, 65
30, 100, 69
35, 110, 65
36, 120, 68
44, 120, 68
48, 130, 79
50, 140, 89
51, 150, 78
55, 160, 71
57, 170, 78
63, 170, 78
66, 180, 83
68, 190, 93
70, 200, 90
72, 210, 89
73, 220, 93
76, 220, 93
78, 230, 92
81, 240, 92
84, 250, 96
85, 260, 102
88, 270, 100
90, 270, 100
90, 280, 107
90, 290, 107
90, 300, 105
90, 310, 104
90, 320, 101
91, 320, 101
91, 330, 112
91, 340, 103
92, 350, 105
92, 360, 107
92, 370, 102
92, 370, 102
92, 380, 102
92, 390, 102
92, 400, 103
92, 410, 102
92, 420, 100
93, 420, 100
93, 430, 101
93, 440, 102
93, 450, 102
93, 460, 100
93, 470, 99
93, 470, 99
93, 480, 100
93, 490, 99
93, 500, 101
94, 510, 99
94, 520, 100
94, 520, 100
94, 530, 102
94, 540, 100
94, 550, 100
94, 560, 100
94, 570, 99
94, 570, 99
94, 580, 99
94, 590, 99
94, 600, 100
94, 610, 99
94, 620, 99
{'count': 847, 'truepos': 92, 'falseneg': 10, 'correction': 20, 'unknownyes': 3, 'falsepos': 2, 'unique': 620}
15: Hall.csv: knee: 0, 0
6, 10
9, 20
10, 30
12, 40
16, 50
18, 60
19, 70
21, 80
24, 90
27, 100
29, 110
31, 120
32, 130
33, 140
34, 150
36, 160
38, 170
41, 180
44, 190
47, 200
50, 210
53, 220
56, 230
57, 240
57, 250
57, 260
61, 270
63, 280
63, 290
63, 300
65, 310
65, 320
65, 330
66, 340
66, 350
66, 360
67, 370
67, 380
68, 390
68, 400
68, 410
68, 420
68, 430
68, 440
68, 450
68, 460
68, 470
68, 480
69, 490
69, 500
{'count': 723, 'truepos': 83, 'falseneg': 19, 'correction': 16, 'unknownyes': 3, 'falsepos': 0, 'unique': 500}
15: Wahono.csv: none: 0, 0
4, 10
4, 20, 91
5, 30, 86
6, 40, 87
7, 50, 55
8, 60, 53
11, 70, 52
12, 80, 63
13, 90, 57
14, 100, 52
14, 110, 49
15, 120, 43
15, 130, 42
16, 140, 40
17, 150, 40
20, 160, 39
21, 170, 42
22, 180, 41
25, 190, 40
26, 200, 45
26, 210, 50
26, 220, 45
26, 230, 43
26, 240, 43
27, 250, 41
27, 260, 48
27, 270, 43
27, 280, 41
28, 290, 42
29, 300, 43
29, 310, 45
29, 320, 46
29, 330, 44
29, 340, 44
29, 350, 42
30, 360, 39
30, 370, 42
30, 380, 43
30, 390, 41
30, 400, 41
30, 410, 40
30, 420, 41
30, 430, 41
30, 440, 39
30, 450, 39
30, 460, 39
30, 470, 37
30, 480, 37
31, 490, 37
31, 500, 39
31, 510, 38
31, 520, 39
31, 530, 38
31, 540, 38
31, 550, 37
31, 560, 38
31, 570, 37
31, 580, 37
31, 590, 37
31, 600, 36
31, 610, 37
32, 620, 36
32, 630, 38
32, 640, 38
32, 650, 38
32, 660, 37
32, 670, 38
32, 680, 37
32, 690, 37
33, 700, 37
33, 710, 38
34, 720, 38
35, 730, 39
35, 740, 41
35, 750, 40
35, 760, 42
35, 770, 40
35, 780, 41
35, 790, 40
35, 800, 40
35, 810, 40
35, 820, 41
35, 830, 40
36, 840, 40
36, 850, 41
36, 860, 41
36, 870, 42
36, 880, 41
37, 890, 42
37, 900, 43
37, 910, 43
37, 920, 43
38, 930, 43
38, 940, 44
39, 950, 43
39, 960, 47
39, 970, 45
39, 980, 45
39, 990, 45
40, 1000, 45
40, 1010, 46
40, 1020, 46
40, 1030, 46
40, 1040, 46
40, 1050, 45
40, 1060, 46
40, 1070, 46
40, 1080, 45
40, 1090, 46
40, 1100, 46
40, 1110, 46
40, 1120, 45
40, 1130, 46
40, 1140, 45
40, 1150, 46
40, 1160, 45
42, 1170, 45
42, 1180, 47
42, 1190, 47
42, 1200, 47
42, 1210, 47
42, 1220, 46
42, 1230, 47
42, 1240, 46
42, 1250, 47
42, 1260, 47
42, 1270, 46
42, 1280, 46
42, 1290, 46
42, 1300, 47
42, 1310, 46
42, 1320, 47
42, 1330, 47
42, 1340, 46
42, 1350, 46
42, 1360, 46
42, 1370, 46
42, 1380, 46
42, 1390, 46
42, 1400, 45
43, 1410, 45
43, 1420, 47
43, 1430, 47
43, 1440, 47
44, 1450, 47
44, 1460, 49
44, 1470, 48
44, 1480, 48
45, 1490, 48
45, 1500, 49
45, 1510, 49
45, 1520, 49
45, 1530, 49
45, 1540, 49
45, 1550, 49
45, 1560, 48
45, 1570, 49
45, 1580, 49
45, 1590, 49
45, 1600, 49
45, 1610, 48
45, 1620, 48
45, 1630, 49
45, 1640, 49
45, 1650, 48
45, 1660, 48
45, 1670, 48
45, 1680, 49
45, 1690, 48
45, 1700, 48
45, 1710, 48
45, 1720, 49
45, 1730, 48
45, 1740, 48
45, 1750, 48
45, 1760, 48
45, 1770, 48
45, 1780, 48
45, 1790, 48
45, 1800, 48
45, 1810, 48
45, 1820, 48
45, 1830, 48
46, 1840, 48
46, 1850, 49
46, 1860, 49
46, 1870, 49
46, 1880, 49
46, 1890, 49
46, 1900, 49
46, 1910, 49
46, 1920, 49
46, 1930, 49
46, 1940, 49
46, 1950, 49
46, 1960, 49
46, 1970, 49
{'count': 1970, 'truepos': 39, 'falseneg': 21, 'correction': 0, 'unknownyes': 2, 'falsepos': 7, 'unique': 1970}
15: Wahono.csv: three: 0, 0
4, 10
4, 20, 95
7, 30, 90
7, 40, 88
8, 50, 49
10, 60, 44
10, 70, 45
14, 80, 41
16, 90, 52
18, 100, 54
19, 110, 54
19, 120, 53
21, 130, 49
22, 140, 44
23, 150, 45
24, 160, 51
24, 170, 51
24, 180, 43
24, 190, 45
24, 200, 44
24, 210, 44
26, 220, 42
26, 230, 44
27, 240, 41
27, 250, 43
27, 260, 43
27, 270, 41
29, 280, 40
31, 290, 45
32, 300, 44
32, 310, 49
32, 320, 43
32, 330, 47
33, 340, 44
33, 350, 46
33, 360, 44
34, 370, 46
34, 380, 49
34, 390, 49
35, 400, 46
35, 410, 45
35, 420, 45
35, 430, 47
35, 440, 46
36, 450, 45
36, 460, 45
36, 470, 44
36, 480, 47
36, 490, 46
36, 500, 45
36, 510, 44
36, 520, 45
36, 530, 44
37, 540, 43
37, 550, 47
37, 560, 44
37, 570, 48
37, 580, 44
37, 590, 46
37, 600, 43
37, 610, 43
38, 620, 43
39, 630, 45
39, 640, 47
40, 650, 47
40, 660, 49
41, 670, 49
42, 680, 49
42, 690, 52
42, 700, 51
42, 710, 52
42, 720, 51
42, 730, 51
42, 740, 50
42, 750, 51
42, 760, 50
42, 770, 50
43, 780, 52
43, 790, 51
43, 800, 50
43, 810, 50
43, 820, 51
43, 830, 51
43, 840, 51
43, 850, 51
43, 860, 50
43, 870, 50
43, 880, 50
43, 890, 50
43, 900, 50
43, 910, 50
43, 920, 50
43, 930, 49
43, 940, 49
43, 950, 49
43, 960, 49
43, 970, 48
43, 980, 49
43, 990, 48
43, 1000, 49
43, 1010, 48
43, 1020, 49
43, 1030, 49
43, 1040, 48
43, 1050, 48
43, 1060, 49
43, 1070, 49
43, 1080, 49
43, 1090, 48
43, 1100, 48
43, 1110, 48
43, 1120, 48
43, 1130, 48
43, 1140, 48
43, 1150, 48
43, 1160, 48
43, 1170, 47
43, 1180, 48
43, 1190, 47
43, 1200, 47
43, 1210, 47
43, 1220, 48
43, 1230, 47
43, 1240, 47
43, 1250, 47
43, 1260, 48
43, 1270, 47
43, 1280, 47
43, 1290, 47
43, 1300, 47
43, 1310, 47
43, 1320, 46
43, 1330, 47
43, 1340, 47
43, 1350, 47
43, 1360, 46
43, 1370, 46
43, 1380, 46
43, 1390, 46
43, 1400, 46
43, 1410, 46
43, 1420, 46
43, 1430, 46
43, 1440, 46
43, 1450, 46
43, 1460, 46
43, 1470, 46
43, 1480, 46
43, 1490, 46
43, 1500, 46
43, 1510, 46
43, 1520, 46
43, 1530, 46
{'count': 3096, 'truepos': 43, 'falseneg': 17, 'correction': 31, 'unknownyes': 2, 'falsepos': 0, 'unique': 1530}
15: Wahono.csv: machine: 0, 0
7, 10
9, 20, 107
9, 30, 109
9, 40, 100
12, 50, 78
13, 60, 82
15, 70, 61
20, 80, 62
21, 90, 41
21, 100, 40
22, 110, 37
24, 120, 37
27, 120, 37
28, 130, 46
29, 140, 50
31, 150, 48
32, 160, 48
32, 170, 55
35, 170, 55
37, 180, 59
38, 190, 59
38, 200, 63
38, 210, 65
39, 220, 67
39, 220, 67
41, 230, 65
42, 240, 67
42, 250, 64
42, 260, 67
43, 270, 62
44, 270, 62
44, 280, 68
44, 290, 63
44, 300, 70
45, 310, 57
45, 320, 61
46, 320, 61
46, 330, 63
46, 340, 65
46, 350, 62
46, 360, 58
46, 370, 60
46, 370, 60
48, 380, 55
48, 390, 57
48, 400, 63
48, 410, 61
48, 420, 57
49, 420, 57
49, 430, 58
49, 440, 58
49, 450, 57
49, 460, 57
49, 470, 59
49, 470, 59
49, 480, 56
52, 490, 56
52, 500, 62
53, 510, 60
53, 520, 62
54, 520, 62
54, 530, 65
54, 540, 63
55, 550, 62
55, 560, 65
55, 570, 63
55, 570, 63
55, 580, 65
55, 590, 64
55, 600, 64
55, 610, 64
55, 620, 66
55, 620, 66
55, 630, 63
55, 640, 63
55, 650, 66
56, 660, 62
56, 670, 63
57, 670, 63
57, 680, 65
57, 690, 65
58, 700, 65
58, 710, 66
58, 720, 65
58, 720, 65
58, 730, 67
58, 740, 65
59, 750, 64
59, 760, 65
59, 770, 66
59, 770, 66
59, 780, 66
59, 790, 66
59, 800, 67
59, 810, 65
59, 820, 66
59, 820, 66
59, 830, 65
59, 840, 66
60, 850, 64
60, 860, 66
60, 870, 67
60, 870, 67
60, 880, 67
60, 890, 66
60, 900, 66
60, 910, 66
60, 920, 66
60, 920, 66
60, 930, 65
60, 940, 65
60, 950, 65
60, 960, 65
60, 970, 65
60, 970, 65
60, 980, 66
60, 990, 65
60, 1000, 64
60, 1010, 64
60, 1020, 65
60, 1020, 65
60, 1030, 65
60, 1040, 64
61, 1050, 64
61, 1060, 66
61, 1070, 66
61, 1070, 66
61, 1080, 66
62, 1090, 66
62, 1100, 66
62, 1110, 67
62, 1120, 66
62, 1130, 66
62, 1140, 66
62, 1150, 66
62, 1160, 66
62, 1170, 66
62, 1180, 66
62, 1180, 66
62, 1190, 66
62, 1200, 66
62, 1210, 66
62, 1220, 66
{'count': 1882, 'truepos': 56, 'falseneg': 4, 'correction': 10, 'unknownyes': 2, 'falsepos': 6, 'unique': 1220}
15: Wahono.csv: knee: 0, 0
3, 10
5, 20
7, 30
8, 40
10, 50
10, 60
11, 70
12, 80
15, 90
16, 100
16, 110
16, 120
16, 130
16, 140
16, 150
16, 160
{'count': 244, 'truepos': 21, 'falseneg': 5, 'correction': 5, 'unknownyes': 36, 'falsepos': 0, 'unique': 160}
15: Danijel.csv: none: 0, 0
3, 10
5, 20, 115
6, 30, 105
8, 40, 100
10, 50, 113
11, 60, 85
13, 70, 62
13, 80, 56
13, 90, 52
16, 100, 47
17, 110, 50
17, 120, 50
17, 130, 45
19, 140, 43
21, 150, 44
25, 160, 36
25, 170, 42
26, 180, 39
27, 190, 43
27, 200, 40
28, 210, 40
28, 220, 40
28, 230, 41
28, 240, 40
28, 250, 37
28, 260, 37
28, 270, 37
28, 280, 36
29, 290, 38
29, 300, 37
29, 310, 38
29, 320, 36
29, 330, 38
29, 340, 36
30, 350, 35
31, 360, 39
31, 370, 39
31, 380, 38
31, 390, 39
31, 400, 40
31, 410, 39
31, 420, 37
32, 430, 37
32, 440, 38
32, 450, 38
32, 460, 39
32, 470, 37
32, 480, 37
32, 490, 37
32, 500, 37
32, 510, 38
32, 520, 37
32, 530, 37
33, 540, 36
33, 550, 38
33, 560, 38
33, 570, 38
33, 580, 37
33, 590, 37
33, 600, 37
33, 610, 37
33, 620, 37
33, 630, 37
33, 640, 37
33, 650, 37
33, 660, 37
33, 670, 36
33, 680, 36
33, 690, 36
33, 700, 38
33, 710, 36
33, 720, 36
33, 730, 36
33, 740, 36
33, 750, 36
33, 760, 35
34, 770, 36
34, 780, 37
34, 790, 37
34, 800, 37
34, 810, 37
35, 820, 36
35, 830, 38
35, 840, 39
35, 850, 37
35, 860, 38
35, 870, 38
35, 880, 37
35, 890, 38
35, 900, 38
35, 910, 37
36, 920, 37
36, 930, 38
36, 940, 38
36, 950, 39
36, 960, 39
37, 970, 38
37, 980, 39
37, 990, 39
37, 1000, 39
37, 1010, 39
37, 1020, 39
37, 1030, 40
37, 1040, 39
37, 1050, 39
37, 1060, 39
37, 1070, 39
37, 1080, 39
{'count': 1080, 'truepos': 35, 'falseneg': 11, 'correction': 0, 'unknownyes': 2, 'falsepos': 2, 'unique': 1080}
15: Danijel.csv: three: 0, 0
4, 10
5, 20, 122
6, 30, 99
7, 40, 91
9, 50, 73
12, 60, 67
15, 70, 66
15, 80, 66
17, 90, 56
18, 100, 51
19, 110, 50
20, 120, 46
22, 130, 37
22, 140, 40
24, 150, 36
24, 160, 38
25, 170, 38
27, 180, 36
28, 190, 40
28, 200, 42
30, 210, 40
31, 220, 40
34, 230, 40
35, 240, 45
36, 250, 46
36, 260, 46
36, 270, 45
36, 280, 47
36, 290, 45
36, 300, 46
36, 310, 44
38, 320, 44
38, 330, 46
38, 340, 46
38, 350, 47
38, 360, 48
38, 370, 47
38, 380, 46
38, 390, 47
39, 400, 45
39, 410, 47
39, 420, 47
39, 430, 45
40, 440, 44
41, 450, 46
41, 460, 48
41, 470, 47
41, 480, 48
41, 490, 48
41, 500, 49
41, 510, 47
41, 520, 49
41, 530, 48
41, 540, 46
41, 550, 46
41, 560, 47
41, 570, 47
41, 580, 47
41, 590, 46
41, 600, 46
41, 610, 46
41, 620, 46
41, 630, 45
41, 640, 45
41, 650, 45
42, 660, 46
42, 670, 46
42, 680, 45
42, 690, 46
42, 700, 46
42, 710, 45
42, 720, 47
42, 730, 46
42, 740, 46
42, 750, 46
42, 760, 45
42, 770, 46
42, 780, 46
42, 790, 45
{'count': 1607, 'truepos': 42, 'falseneg': 3, 'correction': 26, 'unknownyes': 3, 'falsepos': 0, 'unique': 790}
15: Danijel.csv: machine: 0, 0
3, 10
4, 20, 110
5, 30, 102
7, 40, 78
9, 50, 76
11, 60, 72
11, 60, 72
14, 70, 67
15, 80, 70
15, 90, 60
15, 100, 55
15, 110, 51
17, 120, 46
19, 130, 46
19, 140, 48
19, 150, 45
19, 160, 44
19, 170, 42
20, 180, 42
20, 190, 36
21, 200, 33
21, 210, 34
21, 220, 33
21, 230, 33
25, 230, 33
27, 240, 35
29, 250, 36
30, 260, 38
31, 270, 39
31, 280, 40
32, 280, 40
32, 290, 41
32, 300, 39
33, 310, 40
33, 320, 41
34, 330, 40
35, 330, 40
35, 340, 45
35, 350, 42
36, 360, 43
37, 370, 43
37, 380, 46
37, 380, 46
37, 390, 45
37, 400, 43
37, 410, 45
38, 420, 44
39, 430, 45
39, 430, 45
40, 440, 47
40, 450, 48
40, 460, 47
40, 470, 47
40, 480, 46
41, 480, 46
41, 490, 49
41, 500, 46
41, 510, 48
41, 520, 47
41, 530, 46
41, 530, 46
41, 540, 47
41, 550, 47
41, 560, 47
41, 570, 46
41, 580, 47
42, 580, 47
42, 590, 48
42, 600, 48
42, 610, 46
42, 620, 47
42, 630, 47
42, 630, 47
43, 640, 47
43, 650, 47
43, 660, 46
43, 670, 47
43, 680, 47
43, 680, 47
43, 690, 47
43, 700, 47
43, 710, 48
43, 720, 46
43, 730, 46
43, 730, 46
43, 740, 47
43, 750, 46
43, 760, 46
44, 770, 46
44, 780, 48
44, 780, 48
44, 790, 48
44, 800, 47
44, 810, 47
44, 820, 47
44, 830, 47
44, 830, 47
44, 840, 47
44, 850, 47
{'count': 1377, 'truepos': 42, 'falseneg': 4, 'correction': 8, 'unknownyes': 2, 'falsepos': 2, 'unique': 850}
15: Danijel.csv: knee: 0, 0
4, 10
4, 20
7, 30
11, 40
13, 50
13, 60
14, 70
15, 80
19, 90
21, 100
21, 110
23, 120
23, 130
24, 140
24, 150
24, 160
24, 170
25, 180
25, 190
26, 200
27, 210
28, 220
28, 230
29, 240
30, 250
30, 260
31, 270
31, 280
31, 290
31, 300
31, 310
31, 320
31, 330
31, 340
31, 350
31, 360
31, 370
31, 380
31, 390
31, 400
31, 410
{'count': 515, 'truepos': 28, 'falseneg': 12, 'correction': 3, 'unknownyes': 8, 'falsepos': 2, 'unique': 410}
15: K_all3.csv: none: 0, 0
2, 10
4, 20, 71
7, 30, 63
9, 40, 59
13, 50, 56
16, 60, 58
16, 70, 58
17, 80, 53
21, 90, 47
21, 100, 36
22, 110, 31
23, 120, 36
24, 130, 35
24, 140, 33
26, 150, 33
26, 160, 34
26, 170, 36
26, 180, 34
26, 190, 33
26, 200, 34
26, 210, 32
26, 220, 33
26, 230, 32
28, 240, 31
28, 250, 33
29, 260, 32
29, 270, 33
29, 280, 32
29, 290, 33
29, 300, 33
30, 310, 32
30, 320, 33
30, 330, 33
30, 340, 33
32, 350, 33
32, 360, 35
34, 370, 34
36, 380, 36
36, 390, 38
37, 400, 38
37, 410, 39
37, 420, 39
37, 430, 39
37, 440, 39
37, 450, 39
{'count': 450, 'truepos': 36, 'falseneg': 5, 'correction': 0, 'unknownyes': 4, 'falsepos': 1, 'unique': 450}
15: K_all3.csv: three: 0, 0
2, 10
4, 20, 70
5, 30, 61
11, 40, 54
13, 50, 67
14, 60, 64
14, 70, 56
14, 80, 44
15, 90, 40
16, 100, 39
17, 110, 39
17, 120, 38
18, 130, 37
19, 140, 38
19, 150, 39
19, 160, 38
22, 170, 38
22, 180, 33
22, 190, 30
22, 200, 29
23, 210, 29
24, 220, 31
24, 230, 32
24, 240, 32
24, 250, 31
24, 260, 31
24, 270, 29
25, 280, 29
27, 290, 29
27, 300, 34
28, 310, 32
28, 320, 32
28, 330, 33
28, 340, 33
28, 350, 31
29, 360, 31
29, 370, 33
30, 380, 32
30, 390, 33
30, 400, 33
30, 410, 33
30, 420, 33
31, 430, 32
32, 440, 33
32, 450, 34
33, 460, 34
35, 470, 35
35, 480, 38
35, 490, 37
36, 500, 37
36, 510, 39
36, 520, 38
36, 530, 38
36, 540, 39
{'count': 1108, 'truepos': 36, 'falseneg': 5, 'correction': 27, 'unknownyes': 4, 'falsepos': 0, 'unique': 540}
15: K_all3.csv: machine: 0, 0
0, 10
5, 20
5, 30, 75
5, 40, 68
5, 50, 59
7, 60, 47
8, 70, 49
8, 70, 49
11, 80, 45
11, 90, 47
11, 100, 43
12, 110, 41
13, 120, 40
13, 130, 40
13, 140, 39
15, 150, 39
18, 160, 39
18, 170, 42
19, 180, 40
20, 190, 41
20, 200, 32
21, 210, 27
21, 220, 32
22, 230, 29
23, 240, 30
25, 240, 30
25, 250, 32
25, 260, 33
25, 270, 34
25, 280, 31
25, 290, 30
27, 290, 30
28, 300, 33
28, 310, 33
28, 320, 32
29, 330, 32
29, 340, 35
29, 340, 35
29, 350, 34
29, 360, 33
29, 370, 33
29, 380, 32
29, 390, 32
33, 390, 32
33, 400, 36
33, 410, 36
34, 420, 36
34, 430, 38
34, 440, 37
34, 440, 37
34, 450, 37
34, 460, 37
35, 470, 36
35, 480, 37
35, 490, 37
36, 490, 37
36, 500, 38
36, 510, 38
36, 520, 38
36, 530, 38
36, 540, 38
36, 540, 38
36, 550, 38
37, 560, 38
37, 570, 39
{'count': 900, 'truepos': 34, 'falseneg': 5, 'correction': 7, 'unknownyes': 6, 'falsepos': 3, 'unique': 570}
15: K_all3.csv: knee: 0, 0
0, 10
4, 20
4, 30
5, 40
6, 50
7, 60
8, 70
8, 80
9, 90
10, 100
11, 110
13, 120
15, 130
18, 140
18, 150
18, 160
20, 170
20, 180
20, 190
20, 200
21, 210
21, 220
21, 230
21, 240
21, 250
21, 260
21, 270
22, 280
22, 290
22, 300
23, 310
23, 320
23, 330
23, 340
23, 350
24, 360
24, 370
25, 380
27, 390
27, 400
27, 410
27, 420
27, 430
27, 440
27, 450
27, 460
27, 470
27, 480
27, 490
27, 500
27, 510
27, 520
27, 530
28, 540
28, 550
28, 560
28, 570
28, 580
29, 590
29, 600
29, 610
29, 620
29, 630
29, 640
29, 650
29, 660
30, 670
30, 680
30, 690
30, 700
30, 710
30, 720
30, 730
30, 740
{'count': 900, 'truepos': 28, 'falseneg': 15, 'correction': 7, 'unknownyes': 2, 'falsepos': 1, 'unique': 740}

------------------------------------------------------------
Sender: LSF System <lsfadmin@n2c1-12>
Subject: Job 625684: </share/tjmenzie/zyu9/miniconda2/bin/python2.7 runner.py error_hpcc 15> in cluster <henry2> Done

Job </share/tjmenzie/zyu9/miniconda2/bin/python2.7 runner.py error_hpcc 15> was submitted from host <login01.hpc.ncsu.edu> by user <zyu9> in cluster <henry2> at Mon Jan 29 21:27:40 2018.
Job was executed on host(s) <2*n2c1-12>, in queue <single_chassis>, as user <zyu9> in cluster <henry2> at Mon Jan 29 21:27:42 2018.
</home/zyu9> was used as the home directory.
</home/zyu9/projects/MAR_HPC/Error/src> was used as the working directory.
Started at Mon Jan 29 21:27:42 2018.
Terminated at Mon Jan 29 22:28:06 2018.
Results reported at Mon Jan 29 22:28:06 2018.

Your job looked like:

------------------------------------------------------------
# LSBATCH: User input
/share/tjmenzie/zyu9/miniconda2/bin/python2.7 runner.py error_hpcc 15
------------------------------------------------------------

Successfully completed.

Resource usage summary:

    CPU time :                                   4714.85 sec.
    Max Memory :                                 261.91 MB
    Average Memory :                             212.55 MB
    Total Requested Memory :                     -
    Delta Memory :                               -
    Max Swap :                                   1314 MB
    Max Processes :                              3
    Max Threads :                                8
    Run time :                                   3636 sec.
    Turnaround time :                            3626 sec.

The output (if any) is above this job summary.



PS:

Read file <./err/15.err.625684> for stderr output of this job.

