15: Hall.csv: none: 0, 0
8, 10
10, 20, 126
13, 30, 133
15, 40, 128
20, 50, 123
22, 60, 137
22, 70, 129
26, 80, 121
27, 90, 138
30, 100, 124
36, 110, 104
42, 120, 109
45, 130, 111
50, 140, 105
53, 150, 105
58, 160, 101
64, 170, 99
66, 180, 110
69, 190, 102
71, 200, 105
76, 210, 99
82, 220, 96
84, 230, 102
90, 240, 98
94, 250, 103
95, 260, 111
95, 270, 110
96, 280, 109
96, 290, 108
98, 300, 108
100, 310, 107
100, 320, 111
100, 330, 111
100, 340, 115
101, 350, 110
101, 360, 110
101, 370, 111
101, 380, 108
101, 390, 112
101, 400, 109
101, 410, 108
101, 420, 111
102, 430, 108
102, 440, 111
102, 450, 109
102, 460, 109
102, 470, 108
102, 480, 108
{'count': 480, 'truepos': 102, 'falseneg': 0, 'unknownyes': 4, 'falsepos': 0, 'unique': 480}
15: Hall.csv: three: 0, 0
8, 10
10, 20, 126
11, 30, 135
14, 40, 121
16, 50, 115
18, 60, 109
20, 70, 102
23, 80, 97
25, 90, 106
30, 100, 107
37, 110, 88
43, 120, 88
50, 130, 92
57, 140, 96
59, 150, 104
63, 160, 92
65, 170, 98
67, 180, 98
70, 190, 90
70, 200, 94
74, 210, 86
77, 220, 91
85, 230, 95
89, 240, 100
92, 250, 105
94, 260, 104
95, 270, 108
95, 280, 111
96, 290, 107
97, 300, 109
99, 310, 109
100, 320, 110
100, 330, 111
100, 340, 110
101, 350, 113
101, 360, 111
101, 370, 111
101, 380, 113
101, 390, 114
101, 400, 110
101, 410, 108
101, 420, 108
101, 430, 108
101, 440, 108
101, 450, 109
{'count': 900, 'truepos': 101, 'falseneg': 0, 'unknownyes': 5, 'falsepos': 0, 'unique': 450}
15: Hall.csv: machine: 0, 0
8, 10
9, 20, 122
10, 30, 122
15, 40, 110
19, 50, 122
22, 60, 127
23, 70, 130
26, 80, 123
32, 90, 116
38, 100, 106
43, 110, 107
47, 120, 113
53, 130, 113
59, 140, 113
61, 150, 127
66, 160, 103
69, 170, 110
73, 180, 103
76, 190, 110
79, 200, 106
83, 210, 103
86, 220, 98
89, 230, 104
92, 240, 104
95, 250, 106
95, 260, 107
96, 270, 111
98, 280, 108
98, 290, 113
99, 300, 111
99, 310, 111
99, 320, 113
99, 330, 110
100, 340, 110
101, 350, 111
101, 360, 114
101, 370, 112
101, 380, 110
101, 390, 113
101, 400, 111
101, 410, 110
101, 420, 109
101, 430, 112
102, 440, 109
102, 450, 113
102, 460, 113
102, 470, 111
102, 480, 109
102, 490, 112
102, 500, 108
102, 510, 108
102, 520, 108
{'count': 530, 'truepos': 102, 'falseneg': 0, 'unknownyes': 4, 'falsepos': 0, 'unique': 530}
15: Hall.csv: machine2: 0, 0
8, 10
10, 20, 123
12, 30, 123
16, 40, 123
19, 50, 122
21, 60, 127
25, 70, 126
28, 80, 125
31, 90, 127
38, 100, 104
47, 110, 112
50, 120, 121
56, 130, 118
59, 140, 127
63, 150, 103
65, 160, 115
69, 170, 98
73, 180, 100
76, 190, 106
84, 200, 94
86, 210, 104
88, 220, 103
89, 230, 107
90, 240, 103
92, 250, 102
94, 260, 105
94, 270, 111
95, 280, 105
96, 290, 109
98, 300, 106
99, 310, 108
99, 320, 108
99, 330, 108
99, 340, 108
99, 350, 108
99, 360, 111
100, 370, 107
101, 380, 108
101, 390, 109
101, 400, 108
101, 410, 108
101, 420, 109
101, 430, 107
101, 440, 107
101, 450, 107
{'count': 460, 'truepos': 101, 'falseneg': 0, 'unknownyes': 5, 'falsepos': 0, 'unique': 460}
15: Hall.csv: machine3: 0, 0
8, 10
11, 20, 122
13, 30, 124
14, 40, 122
18, 50, 119
20, 60, 120
22, 70, 115
26, 80, 112
27, 90, 117
29, 100, 110
33, 110, 102
39, 120, 93
46, 130, 97
51, 140, 104
57, 150, 103
63, 160, 101
67, 170, 110
70, 180, 108
75, 190, 96
77, 200, 102
81, 210, 98
83, 220, 99
84, 230, 101
86, 240, 107
91, 250, 100
92, 260, 109
94, 270, 107
96, 280, 108
97, 290, 108
98, 300, 108
98, 310, 110
98, 320, 109
98, 330, 108
98, 340, 109
99, 350, 107
99, 360, 106
99, 370, 108
99, 380, 106
100, 390, 106
100, 400, 106
100, 410, 108
101, 420, 108
101, 430, 110
101, 440, 107
101, 450, 108
102, 460, 107
102, 470, 108
102, 480, 109
102, 490, 108
102, 500, 108
{'count': 612, 'truepos': 102, 'falseneg': 0, 'unknownyes': 4, 'falsepos': 0, 'unique': 510}
15: Wahono.csv: none: 0, 0
6, 10
6, 20, 100
7, 30, 90
12, 40, 90
14, 50, 87
15, 60, 80
17, 70, 58
19, 80, 53
23, 90, 49
24, 100, 65
25, 110, 58
25, 120, 54
27, 130, 49
30, 140, 52
32, 150, 60
32, 160, 63
33, 170, 58
35, 180, 58
35, 190, 62
36, 200, 54
38, 210, 57
38, 220, 62
39, 230, 57
41, 240, 65
41, 250, 62
43, 260, 58
43, 270, 72
43, 280, 69
44, 290, 61
44, 300, 63
44, 310, 61
44, 320, 62
45, 330, 61
47, 340, 57
47, 350, 60
47, 360, 59
47, 370, 61
47, 380, 60
48, 390, 60
48, 400, 61
48, 410, 60
48, 420, 59
48, 430, 60
48, 440, 62
48, 450, 59
48, 460, 58
48, 470, 57
49, 480, 59
49, 490, 58
49, 500, 60
52, 510, 56
53, 520, 61
54, 530, 62
56, 540, 64
58, 550, 68
58, 560, 68
58, 570, 69
58, 580, 68
58, 590, 69
58, 600, 69
58, 610, 66
58, 620, 68
58, 630, 67
58, 640, 68
58, 650, 66
58, 660, 67
58, 670, 65
58, 680, 65
58, 690, 67
58, 700, 66
58, 710, 65
58, 720, 64
58, 730, 65
58, 740, 65
58, 750, 65
58, 760, 65
58, 770, 64
58, 780, 65
58, 790, 64
58, 800, 64
58, 810, 65
58, 820, 64
58, 830, 64
58, 840, 64
58, 850, 64
58, 860, 63
59, 870, 63
59, 880, 65
59, 890, 65
59, 900, 65
59, 910, 64
59, 920, 67
59, 930, 64
59, 940, 65
59, 950, 64
59, 960, 63
59, 970, 64
59, 980, 64
59, 990, 65
59, 1000, 64
59, 1010, 64
59, 1020, 64
59, 1030, 64
59, 1040, 64
59, 1050, 63
59, 1060, 64
59, 1070, 64
59, 1080, 63
59, 1090, 63
59, 1100, 63
59, 1110, 63
59, 1120, 63
59, 1130, 64
59, 1140, 63
59, 1150, 64
59, 1160, 63
59, 1170, 63
59, 1180, 63
59, 1190, 64
{'count': 1190, 'truepos': 59, 'falseneg': 0, 'unknownyes': 3, 'falsepos': 0, 'unique': 1190}
15: Wahono.csv: three: 0, 0
6, 10
7, 20, 100
8, 30, 105
12, 40, 104
13, 50, 91
15, 60, 71
16, 70, 65
18, 80, 54
19, 90, 53
21, 100, 50
23, 110, 49
26, 120, 53
27, 130, 59
29, 140, 56
30, 150, 57
33, 160, 61
33, 170, 65
34, 180, 63
36, 190, 58
36, 200, 60
37, 210, 59
37, 220, 61
38, 230, 59
38, 240, 62
38, 250, 58
40, 260, 53
43, 270, 57
43, 280, 66
44, 290, 60
44, 300, 62
45, 310, 60
45, 320, 66
45, 330, 58
45, 340, 62
45, 350, 58
47, 360, 58
47, 370, 63
48, 380, 60
48, 390, 63
48, 400, 63
48, 410, 58
48, 420, 60
48, 430, 61
48, 440, 59
49, 450, 56
49, 460, 61
50, 470, 61
50, 480, 60
50, 490, 61
50, 500, 58
50, 510, 59
50, 520, 59
50, 530, 57
51, 540, 57
51, 550, 59
51, 560, 58
52, 570, 58
53, 580, 60
53, 590, 61
53, 600, 60
55, 610, 60
56, 620, 64
56, 630, 65
57, 640, 66
58, 650, 66
58, 660, 67
58, 670, 67
58, 680, 67
58, 690, 67
58, 700, 66
58, 710, 66
58, 720, 67
58, 730, 67
58, 740, 66
58, 750, 66
58, 760, 66
58, 770, 64
58, 780, 65
58, 790, 64
58, 800, 64
58, 810, 65
58, 820, 64
58, 830, 65
58, 840, 64
58, 850, 64
58, 860, 64
58, 870, 65
58, 880, 63
58, 890, 63
58, 900, 63
58, 910, 64
59, 920, 63
59, 930, 65
59, 940, 64
59, 950, 64
59, 960, 64
59, 970, 63
59, 980, 64
59, 990, 64
59, 1000, 63
59, 1010, 64
59, 1020, 64
59, 1030, 63
59, 1040, 64
59, 1050, 64
59, 1060, 63
59, 1070, 64
59, 1080, 63
59, 1090, 63
59, 1100, 63
59, 1110, 63
59, 1120, 63
59, 1130, 63
59, 1140, 63
{'count': 2280, 'truepos': 59, 'falseneg': 0, 'unknownyes': 3, 'falsepos': 0, 'unique': 1140}
15: Wahono.csv: machine: 0, 0
6, 10
6, 20, 99
9, 30, 91
11, 40, 92
13, 50, 85
15, 60, 78
15, 70, 70
18, 80, 56
20, 90, 56
21, 100, 52
22, 110, 50
24, 120, 49
25, 130, 52
28, 140, 48
30, 150, 54
34, 160, 65
36, 170, 72
36, 180, 73
37, 190, 69
37, 200, 70
40, 210, 58
40, 220, 64
41, 230, 60
42, 240, 65
42, 250, 69
42, 260, 62
42, 270, 68
43, 280, 61
43, 290, 59
44, 300, 62
44, 310, 60
46, 320, 58
46, 330, 66
46, 340, 59
46, 350, 66
48, 360, 60
48, 370, 64
48, 380, 63
48, 390, 60
48, 400, 65
48, 410, 63
48, 420, 58
49, 430, 57
49, 440, 61
50, 450, 57
50, 460, 62
50, 470, 59
50, 480, 59
50, 490, 61
50, 500, 60
50, 510, 59
50, 520, 60
51, 530, 58
51, 540, 60
52, 550, 59
52, 560, 61
52, 570, 60
52, 580, 61
54, 590, 59
55, 600, 62
57, 610, 63
57, 620, 66
58, 630, 65
58, 640, 67
58, 650, 66
58, 660, 66
58, 670, 66
58, 680, 67
58, 690, 68
58, 700, 67
58, 710, 66
58, 720, 65
58, 730, 66
58, 740, 67
58, 750, 65
58, 760, 66
58, 770, 65
58, 780, 64
58, 790, 64
58, 800, 65
58, 810, 64
58, 820, 65
58, 830, 64
58, 840, 65
58, 850, 64
58, 860, 64
58, 870, 64
58, 880, 63
58, 890, 63
58, 900, 64
58, 910, 63
58, 920, 63
59, 930, 64
59, 940, 65
59, 950, 65
59, 960, 64
59, 970, 64
59, 980, 63
59, 990, 64
59, 1000, 63
59, 1010, 64
59, 1020, 63
59, 1030, 65
59, 1040, 64
59, 1050, 64
59, 1060, 63
59, 1070, 64
59, 1080, 63
59, 1090, 64
59, 1100, 64
59, 1110, 63
59, 1120, 63
59, 1130, 63
59, 1140, 63
59, 1150, 63
59, 1160, 63
59, 1170, 63
59, 1180, 63
59, 1190, 63
59, 1200, 63
59, 1210, 63
59, 1220, 63
59, 1230, 63
{'count': 1240, 'truepos': 59, 'falseneg': 0, 'unknownyes': 3, 'falsepos': 0, 'unique': 1240}
15: Wahono.csv: machine2: 0, 0
6, 10
6, 20, 102
8, 30, 92
10, 40, 93
15, 50, 76
15, 60, 89
17, 70, 68
20, 80, 56
21, 90, 58
22, 100, 54
24, 110, 52
24, 120, 54
27, 130, 50
29, 140, 58
33, 150, 58
37, 160, 71
38, 170, 75
40, 180, 81
40, 190, 82
41, 200, 66
42, 210, 67
42, 220, 69
44, 230, 64
44, 240, 76
45, 250, 63
45, 260, 66
46, 270, 66
46, 280, 64
46, 290, 72
46, 300, 62
46, 310, 64
46, 320, 64
47, 330, 65
47, 340, 59
48, 350, 60
49, 360, 60
49, 370, 62
49, 380, 63
49, 390, 64
50, 400, 62
50, 410, 65
50, 420, 62
50, 430, 62
50, 440, 61
50, 450, 61
51, 460, 60
51, 470, 61
51, 480, 61
51, 490, 62
51, 500, 63
51, 510, 59
51, 520, 60
51, 530, 61
51, 540, 62
52, 550, 59
52, 560, 59
52, 570, 60
52, 580, 60
54, 590, 59
55, 600, 61
57, 610, 64
58, 620, 66
58, 630, 66
58, 640, 65
59, 650, 65
59, 660, 67
59, 670, 68
59, 680, 68
59, 690, 68
59, 700, 68
59, 710, 67
59, 720, 66
59, 730, 67
59, 740, 66
59, 750, 66
59, 760, 67
59, 770, 67
59, 780, 67
59, 790, 66
59, 800, 66
59, 810, 65
59, 820, 66
59, 830, 65
59, 840, 66
59, 850, 65
59, 860, 65
59, 870, 64
59, 880, 65
59, 890, 65
59, 900, 63
59, 910, 65
59, 920, 65
59, 930, 65
59, 940, 65
59, 950, 64
59, 960, 64
59, 970, 64
59, 980, 64
59, 990, 64
59, 1000, 64
59, 1010, 65
59, 1020, 65
59, 1030, 63
59, 1040, 64
59, 1050, 64
59, 1060, 64
59, 1070, 64
59, 1080, 63
59, 1090, 63
59, 1100, 63
59, 1110, 63
59, 1120, 63
59, 1130, 63
{'count': 1140, 'truepos': 59, 'falseneg': 0, 'unknownyes': 3, 'falsepos': 0, 'unique': 1140}
15: Wahono.csv: machine3: 0, 0
6, 10
7, 20, 99
7, 30, 96
10, 40, 91
11, 50, 79
15, 60, 66
17, 70, 72
19, 80, 70
20, 90, 67
24, 100, 61
24, 110, 68
25, 120, 54
26, 130, 55
28, 140, 56
30, 150, 60
34, 160, 64
34, 170, 67
39, 180, 64
39, 190, 80
39, 200, 70
40, 210, 69
40, 220, 67
43, 230, 65
43, 240, 73
43, 250, 62
43, 260, 67
44, 270, 62
44, 280, 66
45, 290, 63
45, 300, 66
45, 310, 65
46, 320, 61
46, 330, 60
47, 340, 63
47, 350, 62
47, 360, 59
47, 370, 63
48, 380, 59
48, 390, 61
48, 400, 62
48, 410, 60
48, 420, 62
48, 430, 60
48, 440, 61
48, 450, 59
48, 460, 58
48, 470, 58
48, 480, 58
48, 490, 58
48, 500, 56
48, 510, 59
50, 520, 55
50, 530, 58
50, 540, 59
50, 550, 57
50, 560, 57
51, 570, 57
51, 580, 59
51, 590, 58
52, 600, 58
52, 610, 58
52, 620, 58
53, 630, 58
53, 640, 60
54, 650, 59
55, 660, 60
57, 670, 62
57, 680, 66
58, 690, 65
58, 700, 66
58, 710, 66
58, 720, 67
58, 730, 66
58, 740, 66
58, 750, 65
58, 760, 65
58, 770, 65
58, 780, 65
58, 790, 65
58, 800, 65
58, 810, 65
59, 820, 64
59, 830, 65
59, 840, 66
59, 850, 66
59, 860, 66
59, 870, 65
59, 880, 65
59, 890, 65
59, 900, 65
59, 910, 65
59, 920, 65
59, 930, 64
59, 940, 65
59, 950, 65
59, 960, 65
59, 970, 65
59, 980, 64
59, 990, 64
59, 1000, 65
59, 1010, 65
59, 1020, 64
59, 1030, 64
59, 1040, 64
59, 1050, 64
59, 1060, 63
59, 1070, 63
59, 1080, 63
59, 1090, 63
59, 1100, 63
59, 1110, 63
59, 1120, 63
59, 1130, 63
59, 1140, 63
59, 1150, 63
{'count': 1219, 'truepos': 59, 'falseneg': 0, 'unknownyes': 3, 'falsepos': 0, 'unique': 1160}
15: Danijel.csv: none: 0, 0
4, 10
5, 20, 119
9, 30, 98
9, 40, 92
11, 50, 87
12, 60, 83
13, 70, 75
15, 80, 64
19, 90, 58
21, 100, 60
24, 110, 59
26, 120, 66
27, 130, 61
28, 140, 54
29, 150, 51
29, 160, 49
31, 170, 47
34, 180, 46
35, 190, 49
35, 200, 50
35, 210, 47
36, 220, 46
37, 230, 48
37, 240, 48
37, 250, 48
37, 260, 48
39, 270, 45
40, 280, 50
40, 290, 50
40, 300, 50
40, 310, 48
40, 320, 50
40, 330, 48
41, 340, 47
41, 350, 49
41, 360, 50
41, 370, 48
41, 380, 49
41, 390, 48
41, 400, 47
41, 410, 50
41, 420, 48
42, 430, 47
42, 440, 48
43, 450, 47
43, 460, 49
43, 470, 50
43, 480, 49
43, 490, 49
43, 500, 48
43, 510, 47
43, 520, 48
43, 530, 48
43, 540, 48
43, 550, 47
44, 560, 48
44, 570, 48
44, 580, 49
44, 590, 48
44, 600, 48
44, 610, 48
45, 620, 48
45, 630, 49
45, 640, 49
45, 650, 48
45, 660, 48
45, 670, 48
45, 680, 48
45, 690, 48
45, 700, 48
45, 710, 48
45, 720, 48
{'count': 720, 'truepos': 45, 'falseneg': 0, 'unknownyes': 3, 'falsepos': 0, 'unique': 720}
15: Danijel.csv: three: 0, 0
4, 10
5, 20, 117
9, 30, 113
10, 40, 109
11, 50, 103
11, 60, 90
13, 70, 66
15, 80, 71
19, 90, 58
22, 100, 57
22, 110, 61
24, 120, 52
27, 130, 57
29, 140, 56
32, 150, 55
32, 160, 62
36, 170, 51
36, 180, 55
37, 190, 54
37, 200, 50
37, 210, 50
39, 220, 50
40, 230, 53
40, 240, 54
40, 250, 54
40, 260, 54
40, 270, 53
40, 280, 51
40, 290, 49
40, 300, 49
40, 310, 48
40, 320, 49
40, 330, 48
41, 340, 48
41, 350, 48
41, 360, 48
41, 370, 47
41, 380, 48
41, 390, 48
41, 400, 46
41, 410, 47
41, 420, 47
41, 430, 46
43, 440, 46
43, 450, 49
43, 460, 49
43, 470, 48
43, 480, 48
43, 490, 50
43, 500, 48
44, 510, 48
44, 520, 50
44, 530, 49
45, 540, 49
45, 550, 52
45, 560, 50
45, 570, 49
45, 580, 50
45, 590, 49
45, 600, 50
45, 610, 49
45, 620, 50
45, 630, 49
45, 640, 49
45, 650, 50
45, 660, 50
45, 670, 48
45, 680, 49
45, 690, 48
45, 700, 48
45, 710, 49
45, 720, 48
45, 730, 48
45, 740, 48
45, 750, 48
45, 760, 48
45, 770, 48
{'count': 1540, 'truepos': 45, 'falseneg': 0, 'unknownyes': 3, 'falsepos': 0, 'unique': 770}
15: Danijel.csv: machine: 0, 0
4, 10
4, 20, 117
6, 30, 93
8, 40, 82
9, 50, 80
12, 60, 62
12, 70, 64
13, 80, 53
20, 90, 47
23, 100, 60
26, 110, 65
27, 120, 68
28, 130, 58
28, 140, 56
30, 150, 48
32, 160, 48
33, 170, 49
34, 180, 49
35, 190, 48
35, 200, 50
36, 210, 47
36, 220, 48
37, 230, 46
37, 240, 51
39, 250, 47
39, 260, 50
40, 270, 49
41, 280, 48
41, 290, 51
41, 300, 49
41, 310, 52
41, 320, 50
42, 330, 51
42, 340, 54
42, 350, 50
42, 360, 51
42, 370, 52
42, 380, 51
42, 390, 49
42, 400, 51
42, 410, 49
42, 420, 49
42, 430, 50
42, 440, 48
42, 450, 47
43, 460, 47
43, 470, 49
43, 480, 48
44, 490, 49
44, 500, 51
44, 510, 50
44, 520, 49
44, 530, 49
45, 540, 48
45, 550, 50
45, 560, 49
45, 570, 51
45, 580, 51
45, 590, 50
45, 600, 50
45, 610, 51
45, 620, 50
45, 630, 49
45, 640, 49
45, 650, 49
45, 660, 48
45, 670, 49
45, 680, 48
45, 690, 48
45, 700, 48
46, 710, 48
46, 720, 49
46, 730, 49
46, 740, 49
{'count': 750, 'truepos': 46, 'falseneg': 0, 'unknownyes': 2, 'falsepos': 0, 'unique': 750}
15: Danijel.csv: machine2: 0, 0
4, 10
6, 20, 121
7, 30, 110
9, 40, 103
10, 50, 101
13, 60, 91
14, 70, 94
17, 80, 71
20, 90, 76
21, 100, 76
23, 110, 68
25, 120, 63
26, 130, 60
29, 140, 56
29, 150, 60
32, 160, 52
33, 170, 58
33, 180, 50
33, 190, 52
35, 200, 46
36, 210, 49
37, 220, 50
38, 230, 49
38, 240, 49
38, 250, 49
38, 260, 49
39, 270, 46
40, 280, 48
41, 290, 49
41, 300, 50
41, 310, 51
41, 320, 51
41, 330, 49
41, 340, 51
41, 350, 48
41, 360, 50
41, 370, 48
41, 380, 49
41, 390, 50
41, 400, 47
42, 410, 46
42, 420, 48
42, 430, 49
43, 440, 48
43, 450, 48
44, 460, 49
44, 470, 54
44, 480, 50
44, 490, 49
44, 500, 50
44, 510, 49
44, 520, 49
44, 530, 50
44, 540, 50
44, 550, 49
44, 560, 49
44, 570, 49
44, 580, 48
44, 590, 50
44, 600, 48
44, 610, 48
44, 620, 49
44, 630, 49
44, 640, 48
45, 650, 47
45, 660, 49
45, 670, 49
45, 680, 49
45, 690, 49
45, 700, 49
45, 710, 48
45, 720, 48
45, 730, 48
45, 740, 48
45, 750, 48
45, 760, 48
{'count': 770, 'truepos': 45, 'falseneg': 0, 'unknownyes': 3, 'falsepos': 0, 'unique': 770}
15: Danijel.csv: machine3: 0, 0
4, 10
4, 20, 115
5, 30, 100
9, 40, 73
9, 50, 78
10, 60, 61
13, 70, 56
14, 80, 57
18, 90, 50
22, 100, 60
23, 110, 70
25, 120, 62
27, 130, 65
28, 140, 61
30, 150, 55
34, 160, 49
34, 170, 51
35, 180, 50
35, 190, 50
35, 200, 49
37, 210, 47
38, 220, 48
39, 230, 50
39, 240, 51
39, 250, 50
39, 260, 49
40, 270, 50
40, 280, 51
40, 290, 49
40, 300, 48
40, 310, 48
40, 320, 48
40, 330, 47
41, 340, 47
42, 350, 48
42, 360, 51
42, 370, 49
42, 380, 49
42, 390, 48
42, 400, 50
42, 410, 48
42, 420, 47
42, 430, 48
43, 440, 48
44, 450, 48
44, 460, 51
44, 470, 50
44, 480, 49
44, 490, 51
44, 500, 50
44, 510, 52
44, 520, 49
44, 530, 51
44, 540, 49
44, 550, 49
44, 560, 49
44, 570, 49
44, 580, 48
44, 590, 49
44, 600, 49
44, 610, 49
44, 620, 49
44, 630, 49
44, 640, 49
44, 650, 48
45, 660, 47
45, 670, 48
45, 680, 48
45, 690, 49
45, 700, 49
45, 710, 48
45, 720, 48
45, 730, 48
45, 740, 48
45, 750, 48
45, 760, 48
45, 770, 48
45, 780, 48
{'count': 835, 'truepos': 45, 'falseneg': 0, 'unknownyes': 3, 'falsepos': 0, 'unique': 790}
15: K_all3.csv: none: 0, 0
1, 10
2, 20, 93
2, 30, 62
3, 40, 54
5, 50, 43
7, 60, 42
12, 70, 42
12, 80, 51
13, 90, 45
15, 100, 45
17, 110, 47
18, 120, 48
21, 130, 47
21, 140, 49
22, 150, 46
23, 160, 45
23, 170, 45
25, 180, 44
27, 190, 43
27, 200, 45
27, 210, 45
27, 220, 44
27, 230, 44
27, 240, 43
27, 250, 43
27, 260, 43
27, 270, 43
27, 280, 43
27, 290, 43
27, 300, 43
27, 310, 43
27, 320, 43
28, 330, 42
29, 340, 43
33, 350, 44
34, 360, 40
34, 370, 40
34, 380, 39
34, 390, 39
34, 400, 38
34, 410, 37
34, 420, 37
34, 430, 37
34, 440, 37
34, 450, 36
35, 460, 36
35, 470, 37
36, 480, 37
37, 490, 38
37, 500, 39
{'count': 500, 'truepos': 37, 'falseneg': 0, 'unknownyes': 8, 'falsepos': 0, 'unique': 500}
15: K_all3.csv: three: 0, 0
1, 10
2, 20, 93
2, 30, 62
3, 40, 55
4, 50, 44
7, 60, 40
11, 70, 43
12, 80, 49
14, 90, 44
14, 100, 46
17, 110, 43
18, 120, 51
20, 130, 47
20, 140, 47
21, 150, 45
22, 160, 45
22, 170, 45
24, 180, 44
26, 190, 43
26, 200, 45
26, 210, 44
26, 220, 44
27, 230, 43
27, 240, 44
27, 250, 43
27, 260, 43
27, 270, 43
27, 280, 43
27, 290, 43
27, 300, 43
27, 310, 43
27, 320, 43
28, 330, 42
30, 340, 43
32, 350, 38
32, 360, 42
32, 370, 37
32, 380, 38
32, 390, 37
32, 400, 35
32, 410, 36
34, 420, 34
34, 430, 37
34, 440, 37
34, 450, 36
34, 460, 38
35, 470, 36
35, 480, 38
{'count': 960, 'truepos': 35, 'falseneg': 0, 'unknownyes': 10, 'falsepos': 0, 'unique': 480}
15: K_all3.csv: machine: 0, 0
1, 10
2, 20, 92
4, 30, 64
8, 40, 59
11, 50, 58
13, 60, 64
14, 70, 58
16, 80, 55
18, 90, 51
19, 100, 50
22, 110, 46
22, 120, 48
23, 130, 45
23, 140, 44
24, 150, 43
24, 160, 44
24, 170, 43
25, 180, 43
27, 190, 44
27, 200, 45
27, 210, 44
27, 220, 44
27, 230, 43
27, 240, 43
27, 250, 43
27, 260, 43
27, 270, 43
27, 280, 43
27, 290, 43
27, 300, 43
27, 310, 43
27, 320, 43
28, 330, 42
29, 340, 43
33, 350, 44
34, 360, 42
34, 370, 40
34, 380, 39
34, 390, 43
34, 400, 39
34, 410, 38
34, 420, 37
34, 430, 37
34, 440, 37
34, 450, 37
36, 460, 36
36, 470, 38
37, 480, 38
{'count': 490, 'truepos': 37, 'falseneg': 0, 'unknownyes': 8, 'falsepos': 0, 'unique': 490}
15: K_all3.csv: machine2: 0, 0
1, 10
2, 20, 92
4, 30, 63
7, 40, 59
10, 50, 53
11, 60, 63
13, 70, 55
19, 80, 53
20, 90, 66
21, 100, 58
22, 110, 53
22, 120, 49
22, 130, 47
22, 140, 44
23, 150, 43
24, 160, 43
24, 170, 44
25, 180, 43
26, 190, 44
27, 200, 45
27, 210, 45
27, 220, 44
27, 230, 44
27, 240, 43
27, 250, 43
27, 260, 43
27, 270, 43
27, 280, 43
27, 290, 43
27, 300, 43
27, 310, 43
27, 320, 43
28, 330, 43
29, 340, 43
33, 350, 44
34, 360, 40
34, 370, 40
34, 380, 38
34, 390, 38
34, 400, 38
34, 410, 37
34, 420, 37
34, 430, 36
34, 440, 38
35, 450, 36
35, 460, 38
{'count': 470, 'truepos': 35, 'falseneg': 0, 'unknownyes': 10, 'falsepos': 0, 'unique': 470}
15: K_all3.csv: machine3: 0, 0
1, 10
2, 20, 92
4, 30, 64
7, 40, 57
9, 50, 52
10, 60, 49
11, 70, 48
13, 80, 44
16, 90, 44
18, 100, 45
21, 110, 44
21, 120, 46
22, 130, 43
22, 140, 44
23, 150, 43
24, 160, 43
24, 170, 44
25, 180, 44
26, 190, 44
27, 200, 45
27, 210, 45
27, 220, 44
27, 230, 44
27, 240, 43
27, 250, 43
27, 260, 43
27, 270, 43
27, 280, 43
27, 290, 43
27, 300, 43
27, 310, 43
27, 320, 43
28, 330, 42
29, 340, 43
33, 350, 44
34, 360, 42
34, 370, 40
34, 380, 42
34, 390, 38
34, 400, 38
34, 410, 38
34, 420, 37
34, 430, 37
34, 440, 37
34, 450, 36
34, 460, 36
34, 470, 36
34, 480, 36
34, 490, 36
35, 500, 36
{'count': 546, 'truepos': 36, 'falseneg': 0, 'unknownyes': 9, 'falsepos': 0, 'unique': 510}

------------------------------------------------------------
Sender: LSF System <lsfadmin@n2b3-2>
Subject: Job 270880: </share/tjmenzie/zyu9/miniconda2/bin/python2.7 runner.py error_hpcc 15> Done

Job </share/tjmenzie/zyu9/miniconda2/bin/python2.7 runner.py error_hpcc 15> was submitted from host <login01.hpc.ncsu.edu> by user <zyu9> in cluster <henry2>.
Job was executed on host(s) <2*n2b3-2>, in queue <single_chassis>, as user <zyu9> in cluster <henry2>.
</home/zyu9> was used as the home directory.
</home/zyu9/projects/MAR_HPC/Error/src> was used as the working directory.
Started at Sat Oct 21 09:24:08 2017
Results reported at Sat Oct 21 10:28:34 2017

Your job looked like:

------------------------------------------------------------
# LSBATCH: User input
/share/tjmenzie/zyu9/miniconda2/bin/python2.7 runner.py error_hpcc 15
------------------------------------------------------------

Successfully completed.

Resource usage summary:

    CPU time   :   5500.15 sec.
    Max Memory :       170 MB
    Max Swap   :      1189 MB

    Max Processes  :         3
    Max Threads    :         8

The output (if any) is above this job summary.



PS:

Read file <./err/15.err.270880> for stderr output of this job.

