16: Hall.csv: none: 0, 0
4, 10
8, 20, 93
9, 30, 106
10, 40, 105
10, 50, 101
15, 60, 88
19, 70, 95
21, 80, 97
26, 90, 85
26, 100, 101
29, 110, 81
32, 120, 80
37, 130, 73
41, 140, 85
42, 150, 80
44, 160, 79
46, 170, 78
47, 180, 78
49, 190, 77
54, 200, 73
57, 210, 79
58, 220, 88
60, 230, 86
60, 240, 84
64, 250, 84
66, 260, 93
67, 270, 99
67, 280, 94
67, 290, 93
68, 300, 93
68, 310, 91
68, 320, 89
68, 330, 87
69, 340, 87
70, 350, 87
70, 360, 84
70, 370, 90
71, 380, 85
71, 390, 84
72, 400, 83
73, 410, 84
73, 420, 85
73, 430, 86
74, 440, 85
74, 450, 86
74, 460, 85
74, 470, 86
74, 480, 85
74, 490, 85
74, 500, 87
74, 510, 82
74, 520, 82
74, 530, 84
74, 540, 82
74, 550, 86
74, 560, 82
74, 570, 83
74, 580, 82
74, 590, 83
74, 600, 82
74, 610, 82
74, 620, 82
74, 630, 83
74, 640, 82
74, 650, 82
74, 660, 82
74, 670, 81
74, 680, 81
74, 690, 82
75, 700, 82
75, 710, 82
75, 720, 82
75, 730, 82
75, 740, 81
75, 750, 83
75, 760, 82
75, 770, 81
75, 780, 82
75, 790, 81
75, 800, 80
75, 810, 80
75, 820, 81
75, 830, 80
75, 840, 80
75, 850, 80
75, 860, 79
75, 870, 80
75, 880, 80
75, 890, 80
75, 900, 80
75, 910, 79
75, 920, 80
75, 930, 79
75, 940, 79
75, 950, 79
75, 960, 79
76, 970, 79
76, 980, 82
76, 990, 81
76, 1000, 81
76, 1010, 81
76, 1020, 81
76, 1030, 82
76, 1040, 81
76, 1050, 81
76, 1060, 81
{'count': 1060, 'truepos': 74, 'falseneg': 29, 'correction': 0, 'unknownyes': 1, 'falsepos': 2, 'unique': 1060}
16: Hall.csv: three: 0, 0
8, 10
9, 20, 123
10, 30, 121
10, 40, 121
13, 50, 80
18, 60, 74
22, 70, 84
27, 80, 92
31, 90, 95
35, 100, 80
38, 110, 78
42, 120, 80
42, 130, 85
46, 140, 73
47, 150, 89
50, 160, 79
52, 170, 81
53, 180, 77
54, 190, 76
56, 200, 74
59, 210, 74
60, 220, 85
63, 230, 76
65, 240, 79
67, 250, 79
69, 260, 79
70, 270, 82
70, 280, 86
70, 290, 87
71, 300, 81
71, 310, 82
71, 320, 81
73, 330, 78
73, 340, 84
73, 350, 81
73, 360, 80
73, 370, 81
73, 380, 79
73, 390, 80
73, 400, 80
73, 410, 80
73, 420, 80
74, 430, 80
74, 440, 80
75, 450, 80
75, 460, 81
75, 470, 81
75, 480, 81
75, 490, 82
75, 500, 83
75, 510, 81
75, 520, 81
75, 530, 80
75, 540, 81
75, 550, 80
76, 560, 81
76, 570, 81
76, 580, 81
76, 590, 81
76, 600, 81
76, 610, 81
76, 620, 81
76, 630, 81
{'count': 1305, 'truepos': 76, 'falseneg': 26, 'correction': 38, 'unknownyes': 2, 'falsepos': 0, 'unique': 630}
16: Hall.csv: machine: 0, 0
5, 10
9, 20, 94
13, 30, 99
17, 40, 107
18, 50, 116
20, 60, 114
[]
['no' 'no' 'yes' 'no' 'no' 'no' 'yes' 'yes' 'no' 'no']
22, 60, 114
24, 70, 122
24, 80, 125
26, 90, 106
27, 100, 104
28, 110, 98
[]
['yes' 'no' 'no' 'no' 'no']
28, 110, 96
30, 120, 96
32, 130, 81
40, 140, 83
45, 150, 87
47, 160, 86
['yes']
['no' 'yes' 'no' 'yes' 'yes' 'no' 'yes' 'yes' 'no' 'no' 'no' 'no' 'no'
 'yes' 'no' 'no' 'no' 'no' 'no' 'no' 'no' 'yes' 'no' 'no' 'no' 'no' 'no'
 'no' 'no' 'no' 'no' 'no' 'yes' 'no' 'no' 'no' 'no' 'no' 'yes' 'yes' 'yes'
 'no' 'no' 'yes' 'no' 'no' 'no' 'no' 'yes' 'no']
56, 160, 89
61, 170, 93
63, 180, 90
66, 190, 91
68, 200, 90
69, 210, 94
['yes']
['no' 'no' 'no' 'no' 'yes' 'no' 'no' 'no' 'no' 'no' 'no' 'no' 'no' 'no'
 'no' 'no' 'no' 'no' 'yes' 'yes' 'no' 'no' 'yes' 'no' 'no' 'no' 'no' 'no'
 'no' 'yes' 'no' 'no' 'no' 'no' 'no' 'no' 'no' 'no' 'no' 'no' 'yes' 'no'
 'no' 'yes' 'no' 'no' 'yes' 'yes' 'no']
76, 210, 86
78, 220, 93
82, 230, 94
83, 240, 98
84, 250, 99
85, 260, 100
['yes']
['no' 'no' 'no' 'no' 'no' 'no' 'no' 'no' 'no' 'no' 'no' 'no']
85, 260, 101
85, 270, 100
86, 280, 99
87, 290, 98
88, 300, 97
90, 310, 99
['yes']
['no' 'no' 'yes' 'no' 'no' 'no' 'no' 'no' 'no' 'no' 'no' 'no' 'no' 'no'
 'no' 'no']
92, 310, 103
93, 320, 107
93, 330, 106
93, 340, 102
93, 350, 100
93, 360, 104
['no']
['no']
92, 360, 100
92, 370, 99
92, 380, 100
92, 390, 98
92, 400, 98
92, 410, 100
['yes']
['no' 'no']
92, 410, 98
92, 420, 99
92, 430, 98
92, 440, 100
93, 450, 97
93, 460, 98
['yes']
['no' 'no' 'no' 'no' 'no' 'no' 'no' 'no' 'no' 'no' 'no' 'no' 'no' 'no'
 'no' 'no' 'no' 'no' 'no' 'no' 'yes' 'no' 'no' 'no' 'no' 'no' 'no' 'no'
 'no' 'no' 'no' 'no' 'no' 'no']
93, 460, 101
93, 470, 99
93, 480, 98
93, 490, 99
{'count': 676, 'truepos': 90, 'falseneg': 11, 'correction': 20, 'unknownyes': 3, 'falsepos': 3, 'unique': 490}
16: Hall.csv: knee: 0, 0
5, 10
7, 20
10, 30
12, 40
15, 50
18, 60
21, 70
21, 80
25, 90
26, 100
26, 110
29, 120
32, 130
38, 140
43, 150
47, 160
50, 170
53, 180
57, 190
59, 200
62, 210
63, 220
65, 230
66, 240
67, 250
67, 260
67, 270
67, 280
69, 290
70, 300
70, 310
70, 320
71, 330
72, 340
72, 350
72, 360
72, 370
72, 380
72, 390
72, 400
72, 410
72, 420
72, 430
72, 440
{'count': 598, 'truepos': 84, 'falseneg': 17, 'correction': 15, 'unknownyes': 3, 'falsepos': 1, 'unique': 440}
16: Wahono.csv: none: 0, 0
4, 10
5, 20, 94
8, 30, 101
8, 40, 98
11, 50, 93
13, 60, 97
15, 70, 87
15, 80, 82
16, 90, 68
18, 100, 59
20, 110, 60
22, 120, 64
24, 130, 60
24, 140, 62
25, 150, 53
27, 160, 53
27, 170, 53
27, 180, 50
27, 190, 48
28, 200, 47
30, 210, 48
31, 220, 48
31, 230, 55
34, 240, 46
35, 250, 55
36, 260, 54
36, 270, 56
38, 280, 55
40, 290, 55
40, 300, 57
40, 310, 57
40, 320, 56
40, 330, 59
41, 340, 54
41, 350, 58
42, 360, 57
42, 370, 61
42, 380, 59
42, 390, 54
42, 400, 56
42, 410, 55
42, 420, 55
43, 430, 53
43, 440, 55
43, 450, 53
43, 460, 55
43, 470, 55
43, 480, 54
43, 490, 54
43, 500, 52
43, 510, 53
43, 520, 53
44, 530, 52
44, 540, 53
44, 550, 54
44, 560, 53
44, 570, 52
44, 580, 53
44, 590, 52
44, 600, 53
44, 610, 51
44, 620, 51
44, 630, 52
44, 640, 51
44, 650, 51
44, 660, 51
44, 670, 52
44, 680, 51
45, 690, 51
45, 700, 52
45, 710, 53
46, 720, 51
46, 730, 53
47, 740, 54
47, 750, 55
47, 760, 55
47, 770, 54
47, 780, 54
47, 790, 52
47, 800, 54
47, 810, 54
47, 820, 53
47, 830, 53
47, 840, 54
47, 850, 53
47, 860, 53
47, 870, 54
47, 880, 53
47, 890, 53
48, 900, 52
48, 910, 54
48, 920, 54
48, 930, 54
48, 940, 54
48, 950, 54
49, 960, 53
49, 970, 55
49, 980, 56
49, 990, 54
49, 1000, 55
49, 1010, 54
49, 1020, 55
49, 1030, 54
49, 1040, 55
49, 1050, 54
49, 1060, 53
49, 1070, 54
50, 1080, 54
50, 1090, 54
50, 1100, 55
50, 1110, 54
50, 1120, 55
50, 1130, 54
50, 1140, 55
50, 1150, 55
50, 1160, 55
50, 1170, 54
50, 1180, 54
50, 1190, 55
50, 1200, 54
50, 1210, 55
50, 1220, 54
50, 1230, 53
50, 1240, 54
50, 1250, 54
50, 1260, 55
50, 1270, 53
51, 1280, 54
51, 1290, 55
51, 1300, 55
51, 1310, 54
51, 1320, 55
51, 1330, 55
51, 1340, 55
51, 1350, 55
51, 1360, 55
51, 1370, 55
51, 1380, 55
51, 1390, 54
51, 1400, 55
51, 1410, 54
51, 1420, 54
52, 1430, 54
52, 1440, 55
52, 1450, 55
52, 1460, 55
52, 1470, 55
52, 1480, 55
52, 1490, 55
52, 1500, 55
52, 1510, 55
{'count': 1510, 'truepos': 46, 'falseneg': 14, 'correction': 0, 'unknownyes': 2, 'falsepos': 6, 'unique': 1510}
16: Wahono.csv: three: 0, 0
5, 10
5, 20, 94
6, 30, 96
10, 40, 79
10, 50, 86
12, 60, 52
14, 70, 46
14, 80, 48
15, 90, 42
15, 100, 43
16, 110, 41
17, 120, 42
20, 130, 43
22, 140, 51
22, 150, 54
22, 160, 49
23, 170, 45
24, 180, 46
24, 190, 47
25, 200, 45
27, 210, 46
28, 220, 48
29, 230, 48
29, 240, 47
29, 250, 46
30, 260, 45
31, 270, 46
31, 280, 52
31, 290, 51
31, 300, 49
33, 310, 48
33, 320, 53
33, 330, 52
33, 340, 48
34, 350, 45
34, 360, 49
34, 370, 48
35, 380, 47
35, 390, 51
37, 400, 47
37, 410, 50
37, 420, 53
38, 430, 48
38, 440, 48
38, 450, 49
38, 460, 48
38, 470, 49
39, 480, 46
39, 490, 50
39, 500, 49
40, 510, 48
40, 520, 51
40, 530, 50
40, 540, 50
40, 550, 47
40, 560, 48
40, 570, 49
40, 580, 50
40, 590, 49
40, 600, 49
40, 610, 48
41, 620, 48
42, 630, 49
42, 640, 49
42, 650, 50
42, 660, 50
42, 670, 49
42, 680, 49
44, 690, 49
44, 700, 51
45, 710, 51
45, 720, 52
45, 730, 51
45, 740, 52
46, 750, 51
47, 760, 53
47, 770, 56
47, 780, 55
47, 790, 54
47, 800, 55
47, 810, 54
47, 820, 54
47, 830, 53
47, 840, 53
47, 850, 53
47, 860, 53
47, 870, 53
47, 880, 54
47, 890, 54
47, 900, 54
47, 910, 53
47, 920, 53
47, 930, 53
47, 940, 53
47, 950, 52
47, 960, 53
47, 970, 53
47, 980, 53
47, 990, 52
47, 1000, 52
47, 1010, 52
47, 1020, 52
47, 1030, 52
47, 1040, 53
47, 1050, 52
47, 1060, 52
47, 1070, 52
47, 1080, 52
47, 1090, 52
47, 1100, 52
47, 1110, 51
47, 1120, 52
47, 1130, 51
47, 1140, 52
47, 1150, 51
47, 1160, 51
47, 1170, 52
47, 1180, 51
47, 1190, 51
47, 1200, 51
47, 1210, 52
47, 1220, 51
47, 1230, 51
47, 1240, 51
47, 1250, 51
47, 1260, 50
47, 1270, 51
47, 1280, 51
47, 1290, 51
47, 1300, 51
47, 1310, 51
47, 1320, 50
47, 1330, 50
47, 1340, 50
47, 1350, 50
47, 1360, 51
47, 1370, 50
47, 1380, 50
47, 1390, 51
47, 1400, 50
47, 1410, 50
48, 1420, 50
48, 1430, 51
48, 1440, 51
48, 1450, 51
48, 1460, 51
48, 1470, 52
48, 1480, 51
48, 1490, 51
48, 1500, 52
48, 1510, 51
48, 1520, 51
48, 1530, 51
48, 1540, 51
48, 1550, 51
48, 1560, 51
48, 1570, 51
48, 1580, 51
48, 1590, 51
48, 1600, 51
{'count': 3227, 'truepos': 48, 'falseneg': 13, 'correction': 22, 'unknownyes': 1, 'falsepos': 0, 'unique': 1600}
16: Wahono.csv: machine: 0, 0
5, 10
6, 20, 101
6, 30, 107
11, 40, 79
11, 50, 87
12, 60, 62
[]
['yes' 'no' 'no' 'no' 'no' 'no' 'no' 'no']
12, 60, 54
12, 70, 54
13, 80, 45
15, 90, 42
16, 100, 46
16, 110, 48
[]
['no' 'no' 'no' 'yes' 'no' 'no' 'no' 'no']
17, 110, 42
19, 120, 42
19, 130, 44
19, 140, 40
21, 150, 38
22, 160, 41
[]
['no' 'no' 'no' 'yes' 'no' 'no' 'no' 'no' 'no' 'no' 'no' 'no' 'no']
22, 160, 41
24, 170, 41
25, 180, 43
25, 190, 43
25, 200, 42
27, 210, 41
[]
['no' 'no' 'no' 'no' 'no' 'no' 'no' 'no' 'no' 'no' 'no' 'no']
27, 210, 45
29, 220, 45
29, 230, 48
29, 240, 47
29, 250, 46
29, 260, 46
[]
['no' 'no' 'no' 'yes' 'no' 'no']
30, 260, 46
30, 270, 45
31, 280, 46
31, 290, 44
32, 300, 43
32, 310, 48
['yes']
['no' 'no' 'no' 'no' 'no' 'no' 'no' 'no' 'no' 'no' 'no' 'yes' 'no' 'no'
 'no' 'no' 'yes' 'yes' 'no' 'no' 'no' 'no' 'no' 'no' 'no' 'no' 'no' 'no'
 'no' 'no' 'no' 'no' 'no' 'yes' 'no' 'no' 'no' 'no']
34, 310, 48
34, 320, 47
34, 330, 48
34, 340, 48
34, 350, 46
34, 360, 46
['yes']
['no' 'no' 'no' 'no' 'no' 'no' 'no' 'no' 'no']
34, 360, 45
34, 370, 46
34, 380, 45
34, 390, 44
34, 400, 45
34, 410, 44
['yes']
['no' 'no' 'no' 'no' 'no' 'no' 'no']
34, 410, 44
34, 420, 45
35, 430, 44
36, 440, 48
37, 450, 47
37, 460, 48
['yes']
['yes' 'no' 'no' 'no' 'no' 'no' 'no']
38, 460, 48
38, 470, 50
38, 480, 49
38, 490, 49
39, 500, 48
39, 510, 49
['yes']
['no' 'no' 'no' 'no']
39, 510, 48
39, 520, 48
39, 530, 47
39, 540, 48
39, 550, 47
39, 560, 48
['yes']
['no' 'no' 'no' 'no']
39, 560, 46
40, 570, 46
40, 580, 48
40, 590, 47
42, 600, 47
42, 610, 49
['yes']
['no' 'no' 'no' 'no' 'no' 'no' 'no' 'no' 'no' 'no' 'no' 'no' 'no' 'yes']
42, 610, 51
42, 620, 49
43, 630, 50
43, 640, 50
43, 650, 51
44, 660, 49
['yes']
['no' 'no' 'no' 'yes' 'no' 'no' 'no' 'no']
45, 660, 51
45, 670, 54
46, 680, 52
46, 690, 53
46, 700, 53
46, 710, 52
['yes']
['no' 'no']
45, 710, 54
46, 720, 51
46, 730, 52
46, 740, 52
46, 750, 52
47, 760, 52
['yes']
['yes' 'no' 'no' 'no' 'no' 'no' 'no' 'no']
48, 760, 52
49, 770, 53
49, 780, 55
49, 790, 55
49, 800, 55
49, 810, 55
['yes']
['no' 'no' 'no' 'no' 'no' 'no' 'no' 'no' 'no']
49, 810, 55
50, 820, 54
50, 830, 56
50, 840, 56
50, 850, 56
50, 860, 55
['yes']
['yes' 'no']
51, 860, 56
51, 870, 57
51, 880, 56
51, 890, 56
51, 900, 57
51, 910, 56
['yes']
['no']
51, 910, 56
51, 920, 57
51, 930, 57
51, 940, 57
51, 950, 55
51, 960, 56
['yes']
['no']
50, 960, 55
50, 970, 55
50, 980, 54
50, 990, 54
50, 1000, 54
50, 1010, 54
['yes']
['yes' 'no' 'no' 'no']
51, 1010, 54
51, 1020, 56
51, 1030, 55
51, 1040, 55
51, 1050, 55
51, 1060, 55
['yes']
[]
51, 1060, 55
51, 1070, 55
51, 1080, 55
51, 1090, 55
51, 1100, 55
51, 1110, 55
['yes']
['no' 'no' 'no' 'no' 'no']
51, 1110, 55
51, 1120, 55
51, 1130, 55
51, 1140, 55
51, 1150, 55
51, 1160, 55
['yes']
['no' 'no']
51, 1160, 55
51, 1170, 55
51, 1180, 55
51, 1190, 54
51, 1200, 55
52, 1210, 55
['no']
[]
51, 1210, 56
51, 1220, 54
51, 1230, 54
51, 1240, 54
51, 1250, 54
51, 1260, 55
['yes']
['no']
51, 1260, 54
51, 1270, 54
51, 1280, 54
51, 1290, 55
51, 1300, 54
51, 1310, 54
['yes']
[]
51, 1310, 54
51, 1320, 54
51, 1330, 54
51, 1340, 54
{'count': 1534, 'truepos': 51, 'falseneg': 8, 'correction': 11, 'unknownyes': 3, 'falsepos': 0, 'unique': 1340}
16: Wahono.csv: knee: 0, 0
4, 10
5, 20
7, 30
9, 40
9, 50
10, 60
11, 70
12, 80
14, 90
15, 100
16, 110
17, 120
19, 130
19, 140
19, 150
19, 160
19, 170
19, 180
{'count': 291, 'truepos': 21, 'falseneg': 3, 'correction': 3, 'unknownyes': 38, 'falsepos': 1, 'unique': 180}
16: Danijel.csv: none: 0, 0
4, 10
4, 20, 132
5, 30, 95
7, 40, 68
8, 50, 63
9, 60, 56
12, 70, 53
18, 80, 58
19, 90, 78
20, 100, 58
24, 110, 55
26, 120, 59
26, 130, 59
27, 140, 55
28, 150, 52
29, 160, 52
30, 170, 52
30, 180, 55
31, 190, 45
31, 200, 44
31, 210, 42
32, 220, 45
32, 230, 46
33, 240, 46
34, 250, 44
34, 260, 47
34, 270, 45
34, 280, 44
34, 290, 43
34, 300, 46
35, 310, 43
35, 320, 46
35, 330, 45
35, 340, 43
35, 350, 44
35, 360, 42
35, 370, 43
35, 380, 42
35, 390, 42
36, 400, 41
36, 410, 42
37, 420, 42
37, 430, 42
37, 440, 42
37, 450, 45
37, 460, 43
37, 470, 42
37, 480, 43
37, 490, 43
37, 500, 42
37, 510, 42
37, 520, 42
37, 530, 42
37, 540, 41
37, 550, 41
37, 560, 41
39, 570, 40
39, 580, 43
40, 590, 44
40, 600, 45
40, 610, 44
40, 620, 44
40, 630, 44
40, 640, 43
40, 650, 44
40, 660, 44
40, 670, 44
40, 680, 44
40, 690, 44
40, 700, 43
40, 710, 43
40, 720, 44
40, 730, 43
40, 740, 43
40, 750, 43
40, 760, 45
40, 770, 43
{'count': 770, 'truepos': 39, 'falseneg': 6, 'correction': 0, 'unknownyes': 3, 'falsepos': 1, 'unique': 770}
16: Danijel.csv: three: 0, 0
4, 10
5, 20, 119
7, 30, 97
8, 40, 96
9, 50, 80
10, 60, 67
12, 70, 56
15, 80, 55
16, 90, 55
19, 100, 50
20, 110, 56
22, 120, 52
23, 130, 55
24, 140, 49
24, 150, 49
24, 160, 45
25, 170, 43
25, 180, 45
25, 190, 44
26, 200, 43
29, 210, 44
30, 220, 47
30, 230, 45
30, 240, 42
30, 250, 42
30, 260, 42
30, 270, 40
31, 280, 40
33, 290, 40
34, 300, 43
35, 310, 48
35, 320, 45
35, 330, 48
35, 340, 44
35, 350, 48
35, 360, 45
35, 370, 46
35, 380, 46
35, 390, 43
35, 400, 43
35, 410, 43
35, 420, 43
36, 430, 43
36, 440, 42
36, 450, 46
36, 460, 44
36, 470, 46
36, 480, 43
36, 490, 43
36, 500, 43
36, 510, 42
36, 520, 43
36, 530, 42
36, 540, 41
36, 550, 44
37, 560, 41
37, 570, 43
37, 580, 43
37, 590, 42
37, 600, 44
37, 610, 41
37, 620, 41
37, 630, 42
37, 640, 42
37, 650, 41
37, 660, 41
37, 670, 41
37, 680, 41
37, 690, 41
37, 700, 41
37, 710, 41
37, 720, 41
37, 730, 42
37, 740, 41
37, 750, 42
37, 760, 40
38, 770, 40
38, 780, 42
38, 790, 41
38, 800, 42
{'count': 1622, 'truepos': 38, 'falseneg': 8, 'correction': 19, 'unknownyes': 2, 'falsepos': 0, 'unique': 800}
16: Danijel.csv: machine: 0, 0
3, 10
3, 20, 105
5, 30, 75
7, 40, 61
8, 50, 63
10, 60, 51
[]
['no' 'no' 'no' 'no' 'no' 'no' 'no']
10, 60, 55
13, 70, 55
18, 80, 56
19, 90, 70
20, 100, 62
20, 110, 61
[]
['yes' 'no' 'no' 'no' 'no' 'no' 'no' 'no' 'no' 'no' 'no' 'no']
21, 110, 50
23, 120, 51
23, 130, 53
25, 140, 48
25, 150, 50
26, 160, 45
[]
['no' 'no' 'no' 'no' 'no' 'yes' 'no' 'no' 'no' 'no' 'no']
27, 160, 47
27, 170, 47
28, 180, 44
29, 190, 43
29, 200, 45
29, 210, 44
[]
['no' 'no' 'no' 'no' 'no' 'no' 'no' 'no' 'no' 'no']
29, 210, 44
29, 220, 44
29, 230, 43
29, 240, 43
30, 250, 43
30, 260, 42
['yes']
['no' 'no' 'no' 'no' 'no' 'no' 'no' 'yes' 'yes' 'no' 'no' 'no' 'no' 'no'
 'no' 'no' 'no' 'no' 'no' 'no' 'no' 'no' 'no' 'no' 'no' 'no' 'no' 'no'
 'yes' 'no' 'no' 'no' 'no']
31, 260, 41
31, 270, 43
32, 280, 40
32, 290, 43
32, 300, 41
32, 310, 41
['yes']
['no' 'no' 'yes' 'no' 'no' 'no' 'no' 'no' 'no' 'no']
32, 310, 40
32, 320, 41
32, 330, 40
32, 340, 39
32, 350, 39
32, 360, 38
['yes']
['no' 'no' 'no' 'no' 'no']
32, 360, 38
32, 370, 39
32, 380, 38
33, 390, 39
33, 400, 39
33, 410, 40
['yes']
['no' 'no' 'no' 'no' 'no' 'no' 'no' 'no' 'no' 'no' 'no' 'no' 'no']
33, 410, 39
33, 420, 38
33, 430, 39
33, 440, 38
34, 450, 38
35, 460, 40
['yes']
['no' 'no' 'no' 'no' 'no' 'no' 'no' 'no' 'no']
35, 460, 40
35, 470, 40
35, 480, 40
36, 490, 40
36, 500, 41
36, 510, 42
['no']
['no' 'yes' 'no' 'no' 'no' 'no' 'no' 'no' 'no' 'no']
36, 510, 41
36, 520, 40
36, 530, 41
36, 540, 40
36, 550, 40
36, 560, 40
['yes']
['no' 'no' 'no']
36, 560, 41
37, 570, 41
37, 580, 41
37, 590, 42
37, 600, 41
37, 610, 41
['yes']
['no' 'no' 'no' 'no' 'no' 'no']
37, 610, 41
37, 620, 41
37, 630, 41
37, 640, 42
37, 650, 40
38, 660, 40
['yes']
['no' 'no']
38, 660, 42
38, 670, 41
38, 680, 41
38, 690, 42
38, 700, 41
38, 710, 41
['yes']
['yes' 'no']
38, 710, 41
38, 720, 42
38, 730, 41
38, 740, 42
38, 750, 41
38, 760, 41
['yes']
['no' 'no' 'no' 'no' 'no' 'no' 'no']
38, 760, 41
38, 770, 41
38, 780, 42
38, 790, 41
38, 800, 41
38, 810, 41
['yes']
[]
{'count': 961, 'truepos': 38, 'falseneg': 8, 'correction': 6, 'unknownyes': 2, 'falsepos': 0, 'unique': 810}
16: Danijel.csv: knee: 0, 0
3, 10
5, 20
5, 30
5, 40
5, 50
{'count': 65, 'truepos': 5, 'falseneg': 4, 'correction': 0, 'unknownyes': 39, 'falsepos': 0, 'unique': 50}
16: K_all3.csv: none: 0, 0
3, 10
3, 20, 74
5, 30, 60
7, 40, 52
10, 50, 47
12, 60, 49
14, 70, 46
16, 80, 48
17, 90, 45
19, 100, 44
20, 110, 46
21, 120, 43
22, 130, 44
22, 140, 44
22, 150, 42
22, 160, 41
23, 170, 41
23, 180, 42
24, 190, 41
25, 200, 42
25, 210, 43
25, 220, 42
27, 230, 42
29, 240, 43
30, 250, 45
31, 260, 39
32, 270, 39
32, 280, 43
33, 290, 41
33, 300, 46
33, 310, 41
33, 320, 38
34, 330, 38
34, 340, 41
34, 350, 41
34, 360, 37
34, 370, 39
35, 380, 38
36, 390, 41
36, 400, 40
37, 410, 40
37, 420, 41
37, 430, 41
37, 440, 41
38, 450, 40
38, 460, 41
{'count': 460, 'truepos': 32, 'falseneg': 7, 'correction': 0, 'unknownyes': 6, 'falsepos': 6, 'unique': 460}
16: K_all3.csv: three: 0, 0
2, 10
4, 20, 72
6, 30, 64
10, 40, 55
11, 50, 56
12, 60, 51
13, 70, 46
16, 80, 42
16, 90, 45
18, 100, 41
21, 110, 43
21, 120, 45
22, 130, 42
24, 140, 43
24, 150, 44
25, 160, 42
27, 170, 43
29, 180, 43
29, 190, 44
29, 200, 43
29, 210, 43
29, 220, 42
29, 230, 42
29, 240, 42
31, 250, 42
31, 260, 42
31, 270, 40
31, 280, 39
31, 290, 38
31, 300, 38
31, 310, 36
31, 320, 36
31, 330, 35
31, 340, 35
31, 350, 35
32, 360, 34
32, 370, 36
32, 380, 36
33, 390, 35
33, 400, 36
36, 410, 35
37, 420, 39
37, 430, 39
37, 440, 39
37, 450, 39
37, 460, 40
37, 470, 39
37, 480, 39
38, 490, 39
{'count': 1002, 'truepos': 38, 'falseneg': 3, 'correction': 22, 'unknownyes': 4, 'falsepos': 0, 'unique': 490}
16: K_all3.csv: machine: 0, 0
1, 10
3, 20, 90
4, 30, 64
6, 40, 56
6, 50, 46
8, 60, 42
[]
['yes' 'no' 'no']
8, 60, 45
9, 70, 45
10, 80, 41
12, 90, 40
13, 100, 40
13, 110, 39
[]
['no']
13, 110, 38
13, 120, 38
13, 130, 37
14, 140, 37
15, 150, 38
16, 160, 39
[]
['yes' 'no' 'no']
17, 160, 39
17, 170, 39
18, 180, 38
19, 190, 38
19, 200, 38
19, 210, 38
[]
['no' 'no' 'no']
19, 210, 37
21, 220, 37
22, 230, 38
24, 240, 39
24, 250, 40
25, 260, 40
[]
['no' 'no' 'no' 'no' 'no' 'no' 'no' 'no' 'no' 'yes' 'no']
25, 260, 41
25, 270, 41
26, 280, 41
26, 290, 42
26, 300, 42
28, 310, 42
[]
['no' 'no']
28, 310, 44
28, 320, 44
28, 330, 43
28, 340, 43
28, 350, 43
30, 360, 43
['yes']
['no' 'no' 'no' 'no' 'no' 'yes' 'no' 'no' 'no' 'no' 'no' 'no' 'no' 'no'
 'no' 'no' 'no' 'no' 'no' 'no' 'no' 'no' 'no' 'no' 'no' 'no' 'no' 'no'
 'no' 'no' 'no' 'no' 'no' 'no' 'no' 'no' 'no' 'no' 'no' 'no' 'no' 'no'
 'no' 'no' 'no' 'no' 'no' 'no' 'no' 'no']
30, 360, 41
30, 370, 40
31, 380, 37
32, 390, 36
33, 400, 37
33, 410, 39
['yes']
['no' 'no' 'no' 'no' 'no' 'no' 'no' 'no' 'no' 'no' 'no' 'no' 'no' 'no'
 'no' 'no' 'no' 'no' 'no' 'no' 'no' 'no' 'no' 'no']
33, 410, 37
33, 420, 36
33, 430, 38
33, 440, 37
33, 450, 36
33, 460, 36
['yes']
['no' 'no' 'no' 'no' 'no' 'no' 'no' 'no' 'no' 'no' 'no']
33, 460, 37
33, 470, 35
33, 480, 35
33, 490, 36
34, 500, 35
36, 510, 37
['yes']
['no' 'no' 'no' 'no' 'no' 'no' 'no' 'no' 'no' 'no' 'no' 'no' 'no' 'no'
 'no' 'no' 'no' 'no' 'no' 'no' 'no' 'no']
35, 510, 40
35, 520, 37
35, 530, 37
35, 540, 37
{'count': 674, 'truepos': 31, 'falseneg': 11, 'correction': 2, 'unknownyes': 3, 'falsepos': 4, 'unique': 540}
16: K_all3.csv: knee: 0, 0
2, 10
5, 20
7, 30
9, 40
11, 50
12, 60
12, 70
13, 80
14, 90
15, 100
17, 110
17, 120
17, 130
17, 140
20, 150
20, 160
21, 170
22, 180
23, 190
23, 200
24, 210
25, 220
25, 230
25, 240
25, 250
26, 260
26, 270
26, 280
26, 290
27, 300
27, 310
27, 320
27, 330
27, 340
27, 350
28, 360
28, 370
29, 380
29, 390
29, 400
29, 410
29, 420
30, 430
32, 440
32, 450
32, 460
32, 470
32, 480
32, 490
32, 500
32, 510
32, 520
32, 530
32, 540
32, 550
33, 560
33, 570
33, 580
33, 590
33, 600
34, 610
34, 620
34, 630
34, 640
34, 650
34, 660
34, 670
34, 680
34, 690
34, 700
34, 710
34, 720
34, 730
34, 740
34, 750
{'count': 954, 'truepos': 28, 'falseneg': 14, 'correction': 5, 'unknownyes': 3, 'falsepos': 3, 'unique': 750}

------------------------------------------------------------
Sender: LSF System <lsfadmin@n2c2-8>
Subject: Job 639677: </share/tjmenzie/zyu9/miniconda2/bin/python2.7 runner.py error_hpcc 16> in cluster <henry2> Done

Job </share/tjmenzie/zyu9/miniconda2/bin/python2.7 runner.py error_hpcc 16> was submitted from host <login01.hpc.ncsu.edu> by user <zyu9> in cluster <henry2> at Thu Feb  1 12:17:34 2018.
Job was executed on host(s) <2*n2c2-8>, in queue <single_chassis>, as user <zyu9> in cluster <henry2> at Thu Feb  1 12:17:40 2018.
</home/zyu9> was used as the home directory.
</home/zyu9/projects/MAR_HPC/Error/src> was used as the working directory.
Started at Thu Feb  1 12:17:40 2018.
Terminated at Thu Feb  1 13:17:47 2018.
Results reported at Thu Feb  1 13:17:47 2018.

Your job looked like:

------------------------------------------------------------
# LSBATCH: User input
/share/tjmenzie/zyu9/miniconda2/bin/python2.7 runner.py error_hpcc 16
------------------------------------------------------------

Successfully completed.

Resource usage summary:

    CPU time :                                   4704.45 sec.
    Max Memory :                                 287.66 MB
    Average Memory :                             225.63 MB
    Total Requested Memory :                     -
    Delta Memory :                               -
    Max Swap :                                   1331 MB
    Max Processes :                              3
    Max Threads :                                8
    Run time :                                   3619 sec.
    Turnaround time :                            3613 sec.

The output (if any) is above this job summary.



PS: The stderr output (if any) follows:



PS:

Fail to open stderr file ./err/16.err.639677: No such file or directory.
The stderr output is included in this report.

