16: Hall.csv: none: 0, 0
5, 10
6, 20, 100
9, 30, 95
16, 40, 96
19, 50, 107
21, 60, 115
25, 70, 69
29, 80, 64
34, 90, 68
37, 100, 72
39, 110, 73
42, 120, 70
43, 130, 72
47, 140, 71
50, 150, 71
51, 160, 72
52, 170, 71
55, 180, 70
56, 190, 76
56, 200, 72
56, 210, 76
56, 220, 72
57, 230, 68
58, 240, 71
58, 250, 72
59, 260, 70
60, 270, 76
60, 280, 72
60, 290, 73
60, 300, 72
60, 310, 72
60, 320, 70
61, 330, 74
62, 340, 71
63, 350, 70
64, 360, 73
66, 370, 74
66, 380, 76
66, 390, 76
66, 400, 76
66, 410, 75
66, 420, 74
66, 430, 75
66, 440, 75
66, 450, 74
67, 460, 73
67, 470, 75
67, 480, 74
67, 490, 74
67, 500, 74
67, 510, 77
67, 520, 74
67, 530, 74
67, 540, 76
67, 550, 75
67, 560, 74
67, 570, 73
67, 580, 73
67, 590, 73
67, 600, 72
67, 610, 72
67, 620, 72
67, 630, 72
67, 640, 72
67, 650, 73
67, 660, 71
67, 670, 71
67, 680, 72
67, 690, 72
67, 700, 71
67, 710, 72
67, 720, 72
68, 730, 71
69, 740, 73
69, 750, 77
69, 760, 76
69, 770, 76
69, 780, 74
69, 790, 75
69, 800, 75
69, 810, 74
69, 820, 75
69, 830, 74
69, 840, 75
69, 850, 74
69, 860, 74
69, 870, 74
69, 880, 74
69, 890, 74
69, 900, 74
69, 910, 74
69, 920, 73
69, 930, 74
70, 940, 73
70, 950, 74
70, 960, 74
70, 970, 75
70, 980, 75
70, 990, 75
70, 1000, 75
70, 1010, 75
70, 1020, 74
70, 1030, 75
70, 1040, 75
70, 1050, 75
70, 1060, 74
70, 1070, 74
70, 1080, 75
70, 1090, 74
70, 1100, 74
70, 1110, 74
70, 1120, 74
70, 1130, 74
{'count': 1130, 'truepos': 67, 'falseneg': 36, 'correction': 0, 'unknownyes': 1, 'falsepos': 3, 'unique': 1130}
16: Hall.csv: three: 0, 0
8, 10
9, 20, 129
10, 30, 114
11, 40, 113
13, 50, 91
16, 60, 84
19, 70, 102
22, 80, 109
28, 90, 64
32, 100, 68
37, 110, 73
40, 120, 77
43, 130, 73
46, 140, 77
47, 150, 83
51, 160, 75
52, 170, 78
57, 180, 71
61, 190, 78
62, 200, 87
65, 210, 84
66, 220, 84
67, 230, 84
67, 240, 91
68, 250, 83
72, 260, 81
72, 270, 88
73, 280, 90
73, 290, 94
73, 300, 85
74, 310, 86
74, 320, 87
74, 330, 84
74, 340, 87
74, 350, 84
74, 360, 84
74, 370, 83
74, 380, 86
74, 390, 83
74, 400, 83
75, 410, 81
76, 420, 83
76, 430, 85
76, 440, 84
76, 450, 83
76, 460, 83
76, 470, 84
77, 480, 84
77, 490, 83
77, 500, 86
77, 510, 84
77, 520, 83
77, 530, 83
77, 540, 82
77, 550, 83
77, 560, 83
77, 570, 82
77, 580, 82
77, 590, 82
{'count': 1230, 'truepos': 77, 'falseneg': 25, 'correction': 43, 'unknownyes': 2, 'falsepos': 0, 'unique': 590}
16: Hall.csv: machine: 0, 0
6, 10
8, 20, 112
9, 30, 112
11, 40, 103
15, 50, 112
21, 60, 114
26, 60, 114
30, 70, 109
34, 80, 115
38, 90, 109
39, 100, 116
42, 110, 103
49, 110, 103
51, 120, 105
55, 130, 96
60, 140, 100
61, 150, 108
62, 160, 98
64, 160, 98
67, 170, 94
68, 180, 99
70, 190, 101
72, 200, 92
73, 210, 100
79, 210, 100
79, 220, 103
80, 230, 96
81, 240, 93
83, 250, 98
88, 260, 97
89, 260, 97
89, 270, 109
90, 280, 102
90, 290, 105
91, 300, 102
91, 310, 107
92, 310, 107
92, 320, 105
92, 330, 105
92, 340, 103
92, 350, 103
92, 360, 103
93, 360, 103
93, 370, 102
93, 380, 101
93, 390, 101
93, 400, 100
93, 410, 104
93, 410, 104
93, 420, 103
94, 430, 102
94, 440, 101
94, 450, 102
94, 460, 101
94, 460, 101
94, 470, 102
94, 480, 102
94, 490, 99
94, 500, 99
94, 510, 102
94, 510, 102
94, 520, 99
94, 530, 100
94, 540, 99
94, 550, 99
{'count': 775, 'truepos': 92, 'falseneg': 10, 'correction': 22, 'unknownyes': 2, 'falsepos': 2, 'unique': 550}
16: Hall.csv: knee: 0, 0
5, 10
7, 20
7, 30
7, 40
{'count': 53, 'truepos': 10, 'falseneg': 4, 'correction': 3, 'unknownyes': 90, 'falsepos': 0, 'unique': 40}
16: Wahono.csv: none: 0, 0
3, 10
6, 20, 87
9, 30, 89
12, 40, 93
12, 50, 86
12, 60, 72
13, 70, 52
16, 80, 50
18, 90, 55
19, 100, 55
19, 110, 57
19, 120, 49
19, 130, 45
19, 140, 44
19, 150, 44
19, 160, 44
19, 170, 45
19, 180, 45
19, 190, 45
20, 200, 46
20, 210, 33
20, 220, 33
22, 230, 34
25, 240, 39
25, 250, 44
25, 260, 43
25, 270, 44
26, 280, 40
26, 290, 41
27, 300, 40
27, 310, 42
27, 320, 40
27, 330, 40
29, 340, 39
29, 350, 42
29, 360, 43
29, 370, 42
29, 380, 42
30, 390, 40
30, 400, 41
31, 410, 40
31, 420, 44
31, 430, 43
31, 440, 40
31, 450, 42
31, 460, 41
31, 470, 42
31, 480, 41
32, 490, 40
32, 500, 40
32, 510, 42
32, 520, 41
32, 530, 41
32, 540, 42
32, 550, 41
32, 560, 40
32, 570, 41
32, 580, 40
32, 590, 41
32, 600, 40
32, 610, 39
32, 620, 40
32, 630, 39
32, 640, 38
32, 650, 39
33, 660, 38
34, 670, 39
34, 680, 40
34, 690, 41
34, 700, 40
34, 710, 40
35, 720, 40
35, 730, 41
35, 740, 41
36, 750, 40
36, 760, 41
36, 770, 43
36, 780, 42
36, 790, 41
36, 800, 42
36, 810, 42
36, 820, 41
36, 830, 42
36, 840, 42
37, 850, 41
37, 860, 42
37, 870, 43
37, 880, 43
37, 890, 43
37, 900, 42
37, 910, 42
38, 920, 43
38, 930, 44
38, 940, 44
38, 950, 44
38, 960, 43
38, 970, 43
38, 980, 43
38, 990, 43
38, 1000, 43
38, 1010, 43
38, 1020, 43
38, 1030, 43
38, 1040, 43
38, 1050, 42
38, 1060, 42
38, 1070, 42
38, 1080, 43
38, 1090, 42
38, 1100, 43
38, 1110, 43
38, 1120, 42
38, 1130, 43
38, 1140, 43
38, 1150, 42
38, 1160, 42
38, 1170, 42
38, 1180, 41
38, 1190, 42
38, 1200, 42
39, 1210, 42
39, 1220, 43
39, 1230, 43
39, 1240, 42
39, 1250, 42
39, 1260, 42
39, 1270, 43
39, 1280, 42
39, 1290, 43
40, 1300, 42
41, 1310, 44
41, 1320, 45
41, 1330, 45
41, 1340, 44
41, 1350, 45
41, 1360, 45
41, 1370, 45
42, 1380, 44
42, 1390, 46
42, 1400, 45
42, 1410, 45
42, 1420, 45
42, 1430, 45
42, 1440, 45
42, 1450, 45
42, 1460, 45
42, 1470, 45
42, 1480, 45
42, 1490, 45
42, 1500, 45
42, 1510, 45
42, 1520, 45
42, 1530, 45
42, 1540, 45
43, 1550, 45
43, 1560, 46
43, 1570, 46
43, 1580, 47
43, 1590, 46
43, 1600, 46
43, 1610, 46
43, 1620, 46
43, 1630, 46
43, 1640, 46
43, 1650, 46
43, 1660, 46
43, 1670, 46
43, 1680, 46
43, 1690, 46
43, 1700, 46
43, 1710, 46
{'count': 1710, 'truepos': 36, 'falseneg': 24, 'correction': 0, 'unknownyes': 2, 'falsepos': 7, 'unique': 1710}
16: Wahono.csv: three: 0, 0
6, 10
6, 20, 101
7, 30, 88
10, 40, 89
11, 50, 83
15, 60, 51
15, 70, 49
16, 80, 42
18, 90, 42
19, 100, 44
20, 110, 44
22, 120, 39
22, 130, 47
22, 140, 42
24, 150, 43
24, 160, 45
27, 170, 42
27, 180, 46
30, 190, 45
32, 200, 49
33, 210, 55
33, 220, 55
33, 230, 56
33, 240, 51
34, 250, 50
34, 260, 52
34, 270, 50
34, 280, 52
35, 290, 53
37, 300, 51
38, 310, 54
38, 320, 52
39, 330, 51
40, 340, 54
40, 350, 57
41, 360, 53
41, 370, 53
41, 380, 54
41, 390, 54
42, 400, 52
42, 410, 53
42, 420, 53
42, 430, 52
42, 440, 52
42, 450, 51
42, 460, 51
42, 470, 52
42, 480, 51
43, 490, 51
43, 500, 52
43, 510, 52
43, 520, 50
43, 530, 51
43, 540, 50
43, 550, 50
43, 560, 50
43, 570, 50
43, 580, 49
44, 590, 50
45, 600, 52
45, 610, 53
45, 620, 52
45, 630, 52
46, 640, 51
46, 650, 53
47, 660, 53
47, 670, 55
48, 680, 54
48, 690, 56
48, 700, 55
48, 710, 56
48, 720, 55
48, 730, 55
48, 740, 54
48, 750, 54
48, 760, 54
48, 770, 55
48, 780, 54
48, 790, 55
48, 800, 54
48, 810, 53
48, 820, 54
48, 830, 54
48, 840, 54
48, 850, 54
48, 860, 53
48, 870, 53
48, 880, 52
48, 890, 54
48, 900, 53
48, 910, 52
48, 920, 53
48, 930, 53
48, 940, 52
48, 950, 53
48, 960, 53
48, 970, 52
48, 980, 53
48, 990, 53
48, 1000, 52
48, 1010, 53
48, 1020, 52
48, 1030, 53
48, 1040, 52
48, 1050, 52
48, 1060, 52
48, 1070, 52
48, 1080, 51
48, 1090, 52
48, 1100, 52
48, 1110, 52
48, 1120, 52
48, 1130, 52
48, 1140, 52
48, 1150, 51
48, 1160, 51
48, 1170, 52
48, 1180, 52
48, 1190, 51
48, 1200, 52
48, 1210, 51
48, 1220, 51
49, 1230, 51
49, 1240, 53
49, 1250, 52
49, 1260, 52
49, 1270, 52
49, 1280, 52
49, 1290, 52
49, 1300, 52
49, 1310, 52
49, 1320, 52
49, 1330, 52
49, 1340, 52
49, 1350, 52
49, 1360, 53
49, 1370, 52
49, 1380, 52
49, 1390, 52
49, 1400, 52
{'count': 2836, 'truepos': 49, 'falseneg': 10, 'correction': 34, 'unknownyes': 3, 'falsepos': 0, 'unique': 1400}
16: Wahono.csv: machine: 0, 0
6, 10
6, 20, 98
7, 30, 92
10, 40, 85
12, 50, 82
12, 60, 82
15, 70, 53
15, 80, 48
15, 90, 43
16, 100, 40
18, 110, 42
19, 120, 43
22, 130, 43
22, 140, 44
25, 150, 42
28, 160, 53
29, 170, 56
29, 180, 58
32, 180, 58
32, 190, 61
32, 200, 57
33, 210, 54
34, 220, 57
36, 230, 56
37, 230, 56
37, 240, 58
37, 250, 59
38, 260, 56
38, 270, 60
39, 280, 56
41, 280, 56
41, 290, 59
42, 300, 62
42, 310, 55
43, 320, 56
44, 330, 58
44, 330, 58
45, 340, 57
46, 350, 57
47, 360, 58
47, 370, 61
47, 380, 58
48, 380, 58
48, 390, 61
48, 400, 58
48, 410, 62
48, 420, 60
48, 430, 58
49, 430, 58
49, 440, 58
49, 450, 60
49, 460, 58
49, 470, 58
49, 480, 58
49, 480, 58
49, 490, 57
49, 500, 58
50, 510, 57
50, 520, 58
50, 530, 58
50, 530, 58
50, 540, 58
52, 550, 58
52, 560, 63
53, 570, 61
55, 580, 63
55, 580, 63
55, 590, 64
55, 600, 65
55, 610, 63
55, 620, 63
55, 630, 63
55, 630, 63
55, 640, 63
55, 650, 62
57, 660, 62
57, 670, 65
57, 680, 66
57, 680, 66
57, 690, 66
57, 700, 65
57, 710, 66
57, 720, 66
57, 730, 64
58, 730, 64
58, 740, 67
58, 750, 67
58, 760, 66
58, 770, 66
58, 780, 66
58, 780, 66
58, 790, 67
58, 800, 66
58, 810, 66
58, 820, 65
59, 830, 65
59, 830, 65
59, 840, 65
59, 850, 65
59, 860, 65
59, 870, 65
59, 880, 65
59, 880, 65
59, 890, 65
59, 900, 65
59, 910, 65
59, 920, 64
59, 930, 64
59, 930, 64
59, 940, 65
59, 950, 64
59, 960, 64
59, 970, 64
59, 980, 64
59, 980, 64
59, 990, 65
59, 1000, 64
59, 1010, 64
59, 1020, 64
59, 1030, 64
59, 1030, 64
59, 1040, 63
60, 1050, 64
60, 1060, 64
60, 1070, 65
60, 1080, 64
60, 1080, 64
60, 1090, 64
60, 1100, 64
60, 1110, 64
60, 1120, 64
60, 1130, 64
61, 1140, 64
61, 1150, 65
61, 1160, 65
61, 1170, 65
61, 1180, 65
61, 1190, 65
61, 1190, 65
61, 1200, 65
{'count': 1860, 'truepos': 57, 'falseneg': 3, 'correction': 8, 'unknownyes': 2, 'falsepos': 4, 'unique': 1200}
16: Wahono.csv: knee: 0, 0
6, 10
6, 20
{'count': 24, 'truepos': 6, 'falseneg': 0, 'correction': 0, 'unknownyes': 56, 'falsepos': 0, 'unique': 20}
16: Danijel.csv: none: 0, 0
4, 10
4, 20, 110
4, 30, 98
6, 40, 60
8, 50, 61
10, 60, 63
15, 70, 60
17, 80, 77
18, 90, 76
19, 100, 59
21, 110, 56
22, 120, 45
24, 130, 43
25, 140, 44
26, 150, 42
26, 160, 43
26, 170, 42
26, 180, 42
27, 190, 38
28, 200, 40
29, 210, 42
30, 220, 40
30, 230, 41
30, 240, 44
30, 250, 41
31, 260, 39
31, 270, 41
31, 280, 44
31, 290, 40
31, 300, 39
31, 310, 38
32, 320, 39
32, 330, 41
32, 340, 45
32, 350, 39
32, 360, 43
32, 370, 40
33, 380, 38
33, 390, 40
33, 400, 41
33, 410, 39
34, 420, 39
34, 430, 41
35, 440, 39
35, 450, 41
35, 460, 42
35, 470, 41
35, 480, 41
35, 490, 41
35, 500, 42
35, 510, 40
35, 520, 40
35, 530, 41
35, 540, 39
36, 550, 39
37, 560, 41
38, 570, 43
38, 580, 44
38, 590, 43
38, 600, 43
38, 610, 43
38, 620, 43
38, 630, 42
38, 640, 43
38, 650, 42
38, 660, 42
38, 670, 42
38, 680, 42
38, 690, 42
38, 700, 42
38, 710, 41
38, 720, 42
38, 730, 42
38, 740, 42
38, 750, 41
38, 760, 42
38, 770, 41
38, 780, 41
38, 790, 41
39, 800, 41
39, 810, 43
39, 820, 42
39, 830, 43
39, 840, 43
39, 850, 42
39, 860, 42
39, 870, 42
39, 880, 42
39, 890, 42
39, 900, 43
39, 910, 44
39, 920, 42
39, 930, 43
39, 940, 42
{'count': 940, 'truepos': 34, 'falseneg': 11, 'correction': 0, 'unknownyes': 3, 'falsepos': 5, 'unique': 940}
16: Danijel.csv: three: 0, 0
2, 10
4, 20, 100
5, 30, 96
5, 40, 66
6, 50, 52
7, 60, 49
8, 70, 48
8, 80, 49
11, 90, 47
14, 100, 51
16, 110, 56
17, 120, 52
19, 130, 50
21, 140, 51
22, 150, 39
24, 160, 40
26, 170, 42
27, 180, 42
27, 190, 44
28, 200, 41
29, 210, 42
30, 220, 42
31, 230, 42
31, 240, 42
32, 250, 42
32, 260, 42
32, 270, 42
32, 280, 41
32, 290, 41
33, 300, 41
33, 310, 43
34, 320, 42
34, 330, 43
35, 340, 42
35, 350, 45
35, 360, 44
35, 370, 44
36, 380, 43
36, 390, 44
37, 400, 43
37, 410, 45
37, 420, 45
37, 430, 46
37, 440, 45
37, 450, 44
37, 460, 43
37, 470, 44
37, 480, 43
37, 490, 43
37, 500, 43
38, 510, 42
38, 520, 43
38, 530, 44
38, 540, 44
38, 550, 43
38, 560, 43
38, 570, 42
38, 580, 43
38, 590, 43
38, 600, 43
38, 610, 42
38, 620, 42
38, 630, 42
38, 640, 42
38, 650, 42
38, 660, 42
38, 670, 42
38, 680, 41
38, 690, 42
38, 700, 41
38, 710, 42
38, 720, 41
38, 730, 42
38, 740, 41
38, 750, 41
38, 760, 41
38, 770, 42
38, 780, 41
38, 790, 41
38, 800, 41
38, 810, 42
38, 820, 41
38, 830, 42
38, 840, 41
38, 850, 41
{'count': 1724, 'truepos': 38, 'falseneg': 8, 'correction': 22, 'unknownyes': 2, 'falsepos': 0, 'unique': 850}
16: Danijel.csv: machine: 0, 0
0, 10
0, 20
1, 30
1, 40, 149
3, 50, 108
6, 60, 85
10, 70, 85
12, 80, 81
15, 90, 79
15, 100, 76
15, 110, 66
16, 120, 57
16, 130, 51
16, 140, 45
17, 150, 43
17, 160, 43
17, 170, 42
17, 180, 41
17, 190, 41
17, 200, 41
17, 210, 41
19, 220, 41
19, 230, 41
19, 240, 40
19, 250, 40
19, 260, 40
19, 270, 40
19, 280, 40
20, 290, 41
20, 300, 29
20, 310, 27
21, 320, 29
22, 320, 29
22, 330, 30
22, 340, 30
22, 350, 30
22, 360, 30
22, 370, 29
23, 370, 29
23, 380, 30
23, 390, 31
23, 400, 31
23, 410, 29
23, 420, 29
24, 420, 29
24, 430, 30
25, 440, 31
25, 450, 34
25, 460, 31
25, 470, 32
28, 470, 32
28, 480, 34
29, 490, 35
31, 500, 36
31, 510, 38
31, 520, 40
33, 520, 40
35, 530, 39
35, 540, 40
35, 550, 41
35, 560, 42
36, 570, 41
36, 570, 41
36, 580, 41
37, 590, 41
37, 600, 43
37, 610, 43
37, 620, 42
39, 620, 42
39, 630, 44
39, 640, 44
39, 650, 43
39, 660, 43
39, 670, 43
41, 670, 43
41, 680, 45
41, 690, 46
41, 700, 47
41, 710, 46
41, 720, 45
41, 720, 45
41, 730, 45
41, 740, 46
41, 750, 45
41, 760, 45
41, 770, 45
42, 770, 45
42, 780, 45
42, 790, 47
42, 800, 47
42, 810, 46
42, 820, 46
42, 820, 46
42, 830, 46
43, 840, 45
44, 850, 46
44, 860, 47
44, 870, 47
46, 870, 47
46, 880, 50
46, 890, 50
46, 900, 49
46, 910, 49
47, 920, 49
{'count': 1480, 'truepos': 41, 'falseneg': 5, 'correction': 14, 'unknownyes': 2, 'falsepos': 6, 'unique': 920}
16: Danijel.csv: knee: 0, 0
3, 10
5, 20
6, 30
8, 40
10, 50
10, 60
11, 70
13, 80
14, 90
14, 100
14, 110
16, 120
18, 130
18, 140
18, 150
19, 160
20, 170
21, 180
21, 190
21, 200
22, 210
23, 220
24, 230
25, 240
25, 250
25, 260
25, 270
25, 280
25, 290
26, 300
26, 310
26, 320
26, 330
27, 340
27, 350
28, 360
28, 370
28, 380
28, 390
28, 400
28, 410
29, 420
29, 430
29, 440
29, 450
29, 460
30, 470
30, 480
30, 490
30, 500
30, 510
30, 520
30, 530
30, 540
30, 550
31, 560
31, 570
31, 580
31, 590
31, 600
32, 610
32, 620
32, 630
32, 640
33, 650
33, 660
33, 670
33, 680
33, 690
33, 700
33, 710
33, 720
33, 730
33, 740
33, 750
33, 760
{'count': 983, 'truepos': 38, 'falseneg': 7, 'correction': 10, 'unknownyes': 3, 'falsepos': 0, 'unique': 760}
16: K_all3.csv: none: 0, 0
1, 10
2, 20, 91
2, 30, 62
3, 40, 48
4, 50, 41
4, 60, 39
4, 70, 37
5, 80, 37
7, 90, 36
7, 100, 39
7, 110, 36
8, 120, 34
8, 130, 34
9, 140, 33
10, 150, 33
10, 160, 33
12, 170, 33
14, 180, 36
16, 190, 38
16, 200, 39
18, 210, 38
18, 220, 39
18, 230, 38
18, 240, 38
18, 250, 38
18, 260, 38
18, 270, 37
18, 280, 37
18, 290, 37
18, 300, 37
18, 310, 37
19, 320, 37
19, 330, 38
19, 340, 37
20, 350, 37
20, 360, 28
20, 370, 27
20, 380, 26
21, 390, 24
21, 400, 27
21, 410, 25
21, 420, 24
21, 430, 23
21, 440, 24
21, 450, 24
21, 460, 23
22, 470, 23
23, 480, 24
23, 490, 26
23, 500, 25
23, 510, 26
25, 520, 25
26, 530, 27
26, 540, 28
26, 550, 28
{'count': 550, 'truepos': 25, 'falseneg': 15, 'correction': 0, 'unknownyes': 5, 'falsepos': 1, 'unique': 550}
16: K_all3.csv: three: 0, 0
1, 10
4, 20, 90
6, 30, 68
8, 40, 64
9, 50, 61
11, 60, 53
13, 70, 48
13, 80, 47
14, 90, 43
14, 100, 42
15, 110, 39
17, 120, 39
18, 130, 39
19, 140, 40
20, 150, 40
20, 160, 32
22, 170, 29
22, 180, 34
23, 190, 33
23, 200, 32
23, 210, 32
24, 220, 33
24, 230, 33
25, 240, 31
26, 250, 32
26, 260, 32
26, 270, 33
26, 280, 32
27, 290, 31
27, 300, 32
28, 310, 31
28, 320, 32
28, 330, 32
28, 340, 32
28, 350, 32
29, 360, 31
30, 370, 33
31, 380, 33
32, 390, 34
32, 400, 35
32, 410, 34
33, 420, 35
33, 430, 36
33, 440, 36
34, 450, 35
34, 460, 36
34, 470, 36
34, 480, 37
35, 490, 36
35, 500, 37
35, 510, 37
36, 520, 37
36, 530, 39
36, 540, 38
{'count': 1108, 'truepos': 36, 'falseneg': 6, 'correction': 26, 'unknownyes': 3, 'falsepos': 0, 'unique': 540}
16: K_all3.csv: machine: 0, 0
2, 10
4, 20, 72
5, 30, 60
8, 40, 54
9, 50, 56
11, 60, 48
13, 70, 44
14, 80, 45
14, 90, 43
15, 100, 40
17, 110, 41
17, 120, 42
17, 130, 41
18, 140, 39
19, 150, 40
19, 160, 40
20, 170, 39
20, 180, 33
21, 180, 33
21, 190, 29
22, 200, 28
22, 210, 29
23, 220, 29
23, 230, 29
26, 230, 29
27, 240, 36
27, 250, 37
27, 260, 36
28, 270, 35
28, 280, 36
28, 280, 36
28, 290, 35
30, 300, 34
30, 310, 36
30, 320, 37
30, 330, 36
32, 330, 36
32, 340, 37
32, 350, 38
32, 360, 37
32, 370, 37
32, 380, 37
32, 380, 37
33, 390, 35
34, 400, 37
34, 410, 38
34, 420, 38
35, 430, 37
37, 430, 37
37, 440, 41
37, 450, 40
37, 460, 40
37, 470, 39
37, 480, 39
37, 480, 39
37, 490, 39
37, 500, 39
37, 510, 39
37, 520, 39
37, 530, 39
38, 530, 39
{'count': 819, 'truepos': 32, 'falseneg': 8, 'correction': 7, 'unknownyes': 5, 'falsepos': 6, 'unique': 530}
16: K_all3.csv: knee: 0, 0
0, 10
4, 20
4, 30
5, 40
6, 50
8, 60
8, 70
8, 80
9, 90
10, 100
10, 110
10, 120
11, 130
12, 140
12, 150
12, 160
12, 170
12, 180
13, 190
13, 200
14, 210
14, 220
15, 230
17, 240
20, 250
20, 260
20, 270
21, 280
22, 290
24, 300
24, 310
24, 320
25, 330
25, 340
25, 350
26, 360
26, 370
29, 380
29, 390
30, 400
30, 410
31, 420
32, 430
32, 440
32, 450
32, 460
32, 470
32, 480
32, 490
32, 500
32, 510
32, 520
33, 530
33, 540
33, 550
33, 560
33, 570
33, 580
33, 590
33, 600
{'count': 999, 'truepos': 34, 'falseneg': 8, 'correction': 8, 'unknownyes': 3, 'falsepos': 11, 'unique': 600}

------------------------------------------------------------
Sender: LSF System <lsfadmin@n2c1-4>
Subject: Job 629685: </share/tjmenzie/zyu9/miniconda2/bin/python2.7 runner.py error_hpcc 16> in cluster <henry2> Done

Job </share/tjmenzie/zyu9/miniconda2/bin/python2.7 runner.py error_hpcc 16> was submitted from host <login01.hpc.ncsu.edu> by user <zyu9> in cluster <henry2> at Wed Jan 31 09:58:22 2018.
Job was executed on host(s) <1*n2c1-4>, in queue <single_chassis>, as user <zyu9> in cluster <henry2> at Wed Jan 31 09:58:27 2018.
                            <1*n2c1-3>
</home/zyu9> was used as the home directory.
</home/zyu9/projects/MAR_HPC/Error/src> was used as the working directory.
Started at Wed Jan 31 09:58:27 2018.
Terminated at Wed Jan 31 10:53:19 2018.
Results reported at Wed Jan 31 10:53:19 2018.

Your job looked like:

------------------------------------------------------------
# LSBATCH: User input
/share/tjmenzie/zyu9/miniconda2/bin/python2.7 runner.py error_hpcc 16
------------------------------------------------------------

Successfully completed.

Resource usage summary:

    CPU time :                                   4116.76 sec.
    Max Memory :                                 285.15 MB
    Average Memory :                             222.96 MB
    Total Requested Memory :                     -
    Delta Memory :                               -
    Max Swap :                                   1312 MB
    Max Processes :                              3
    Max Threads :                                8
    Run time :                                   3299 sec.
    Turnaround time :                            3297 sec.

The output (if any) is above this job summary.



PS:

Read file <./err/16.err.629685> for stderr output of this job.

