16: Hall.csv: none: 0, 0
9, 10
10, 20, 132
16, 30, 128
20, 40, 106
24, 50, 98
27, 60, 94
34, 70, 93
38, 80, 92
40, 90, 91
42, 100, 91
44, 110, 92
45, 120, 84
51, 130, 76
57, 140, 84
59, 150, 91
64, 160, 96
67, 170, 110
71, 180, 110
73, 190, 128
79, 200, 111
84, 210, 113
88, 220, 124
93, 230, 120
97, 240, 129
100, 250, 154
103, 260, 149
103, 270, 156
106, 280, 143
108, 290, 147
108, 300, 158
109, 310, 147
111, 320, 140
113, 330, 142
113, 340, 143
114, 350, 146
116, 360, 142
119, 370, 151
120, 380, 144
122, 390, 150
123, 400, 164
123, 410, 155
123, 420, 151
124, 430, 148
126, 440, 157
126, 450, 160
129, 460, 154
131, 470, 162
132, 480, 169
133, 490, 162
133, 500, 174
134, 510, 166
134, 520, 168
134, 530, 167
135, 540, 163
136, 550, 167
137, 560, 166
138, 570, 165
140, 580, 167
142, 590, 182
143, 600, 177
144, 610, 181
144, 620, 182
144, 630, 177
144, 640, 182
145, 650, 184
145, 660, 183
146, 670, 175
148, 680, 180
149, 690, 181
149, 700, 180
150, 710, 177
152, 720, 181
152, 730, 181
154, 740, 182
154, 750, 189
156, 760, 184
158, 770, 198
159, 780, 202
161, 790, 209
162, 800, 205
162, 810, 211
162, 820, 205
164, 830, 205
165, 840, 203
166, 850, 199
167, 860, 203
167, 870, 208
168, 880, 213
169, 890, 209
170, 900, 215
170, 910, 207
170, 920, 211
170, 930, 211
170, 940, 204
170, 950, 204
170, 960, 206
171, 970, 206
171, 980, 205
171, 990, 208
173, 1000, 205
175, 1010, 206
176, 1020, 211
178, 1030, 203
179, 1040, 216
181, 1050, 218
184, 1060, 220
184, 1070, 226
184, 1080, 225
184, 1090, 220
186, 1100, 218
187, 1110, 227
188, 1120, 221
188, 1130, 228
190, 1140, 222
191, 1150, 227
191, 1160, 233
192, 1170, 226
192, 1180, 224
192, 1190, 228
194, 1200, 222
194, 1210, 225
194, 1220, 227
197, 1230, 226
198, 1240, 230
199, 1250, 236
200, 1260, 233
202, 1270, 235
203, 1280, 237
206, 1290, 232
207, 1300, 242
208, 1310, 243
209, 1320, 242
211, 1330, 244
214, 1340, 251
215, 1350, 259
216, 1360, 256
219, 1370, 261
220, 1380, 259
221, 1390, 263
221, 1400, 263
221, 1410, 262
222, 1420, 262
223, 1430, 268
224, 1440, 265
224, 1450, 268
225, 1460, 268
225, 1470, 269
225, 1480, 265
225, 1490, 264
228, 1500, 258
229, 1510, 268
230, 1520, 264
232, 1530, 269
235, 1540, 272
235, 1550, 274
235, 1560, 270
236, 1570, 269
237, 1580, 271
237, 1590, 271
239, 1600, 270
241, 1610, 272
244, 1620, 273
244, 1630, 279
244, 1640, 282
245, 1650, 278
246, 1660, 279
249, 1670, 277
252, 1680, 280
254, 1690, 280
254, 1700, 280
254, 1710, 282
256, 1720, 281
256, 1730, 281
256, 1740, 284
256, 1750, 283
256, 1760, 283
258, 1770, 285
259, 1780, 283
262, 1790, 286
264, 1800, 293
265, 1810, 292
265, 1820, 296
265, 1830, 295
267, 1840, 292
268, 1850, 294
268, 1860, 295
269, 1870, 293
269, 1880, 300
270, 1890, 296
271, 1900, 299
272, 1910, 305
272, 1920, 306
274, 1930, 306
275, 1940, 308
278, 1950, 309
279, 1960, 308
280, 1970, 310
281, 1980, 313
281, 1990, 310
281, 2000, 312
282, 2010, 310
284, 2020, 314
285, 2030, 314
285, 2040, 316
286, 2050, 317
287, 2060, 317
288, 2070, 315
291, 2080, 317
294, 2090, 324
296, 2100, 326
297, 2110, 326
298, 2120, 328
299, 2130, 330
299, 2140, 329
300, 2150, 329
301, 2160, 334
301, 2170, 329
301, 2180, 331
301, 2190, 333
303, 2200, 328
305, 2210, 333
305, 2220, 337
306, 2230, 337
306, 2240, 336
306, 2250, 336
308, 2260, 337
309, 2270, 340
311, 2280, 339
313, 2290, 343
313, 2300, 345
314, 2310, 341
314, 2320, 344
315, 2330, 341
317, 2340, 341
318, 2350, 344
318, 2360, 348
318, 2370, 340
320, 2380, 343
320, 2390, 349
320, 2400, 352
320, 2410, 350
320, 2420, 345
321, 2430, 343
322, 2440, 346
322, 2450, 349
323, 2460, 353
324, 2470, 347
324, 2480, 352
326, 2490, 351
326, 2500, 350
327, 2510, 351
329, 2520, 351
331, 2530, 355
331, 2540, 354
332, 2550, 355
335, 2560, 355
337, 2570, 360
337, 2580, 361
337, 2590, 366
338, 2600, 366
339, 2610, 364
339, 2620, 367
340, 2630, 368
341, 2640, 364
342, 2650, 366
343, 2660, 367
343, 2670, 374
345, 2680, 374
347, 2690, 373
348, 2700, 374
349, 2710, 377
350, 2720, 378
353, 2730, 378
353, 2740, 385
353, 2750, 383
355, 2760, 384
357, 2770, 386
358, 2780, 386
359, 2790, 387
360, 2800, 385
362, 2810, 390
362, 2820, 390
364, 2830, 391
366, 2840, 394
367, 2850, 398
368, 2860, 397
368, 2870, 398
368, 2880, 400
368, 2890, 395
369, 2900, 397
369, 2910, 393
369, 2920, 395
371, 2930, 394
372, 2940, 396
372, 2950, 400
375, 2960, 398
376, 2970, 403
376, 2980, 406
378, 2990, 402
379, 3000, 410
379, 3010, 411
381, 3020, 410
383, 3030, 413
385, 3040, 415
386, 3050, 415
386, 3060, 417
388, 3070, 418
389, 3080, 419
389, 3090, 420
389, 3100, 419
390, 3110, 419
392, 3120, 420
392, 3130, 423
393, 3140, 422
395, 3150, 424
396, 3160, 424
397, 3170, 429
397, 3180, 429
397, 3190, 430
397, 3200, 427
397, 3210, 428
399, 3220, 429
400, 3230, 431
403, 3240, 428
404, 3250, 435
406, 3260, 438
407, 3270, 438
408, 3280, 438
409, 3290, 441
409, 3300, 442
410, 3310, 438
412, 3320, 442
412, 3330, 445
414, 3340, 443
416, 3350, 446
417, 3360, 451
419, 3370, 447
420, 3380, 451
421, 3390, 449
422, 3400, 451
424, 3410, 456
426, 3420, 457
428, 3430, 459
428, 3440, 458
428, 3450, 462
429, 3460, 459
430, 3470, 460
433, 3480, 459
434, 3490, 462
435, 3500, 461
435, 3510, 464
435, 3520, 464
435, 3530, 464
437, 3540, 464
438, 3550, 464
441, 3560, 465
441, 3570, 473
441, 3580, 469
443, 3590, 471
444, 3600, 468
444, 3610, 472
445, 3620, 472
447, 3630, 474
450, 3640, 479
452, 3650, 482
452, 3660, 481
455, 3670, 486
456, 3680, 485
457, 3690, 485
457, 3700, 489
457, 3710, 488
458, 3720, 485
459, 3730, 487
460, 3740, 489
460, 3750, 490
460, 3760, 491
461, 3770, 488
462, 3780, 491
462, 3790, 494
462, 3800, 490
463, 3810, 492
463, 3820, 491
465, 3830, 491
465, 3840, 490
466, 3850, 490
{'count': 3850, 'truepos': 94, 'falseneg': 9, 'unknownyes': 3, 'falsepos': 372, 'unique': 3850}
16: Hall.csv: three: 0, 0
8, 10
11, 20, 121
14, 30, 121
17, 40, 101
22, 50, 90
24, 60, 94
31, 70, 94
37, 80, 82
40, 90, 89
43, 100, 85
44, 110, 91
50, 120, 82
55, 130, 92
58, 140, 94
63, 150, 91
66, 160, 101
72, 170, 92
77, 180, 99
77, 190, 101
82, 200, 97
84, 210, 99
86, 220, 100
91, 230, 101
91, 240, 111
94, 250, 108
96, 260, 116
97, 270, 123
97, 280, 116
98, 290, 114
99, 300, 113
100, 310, 115
101, 320, 114
101, 330, 115
101, 340, 117
102, 350, 113
102, 360, 115
103, 370, 113
103, 380, 118
104, 390, 115
106, 400, 113
106, 410, 118
106, 420, 118
107, 430, 117
107, 440, 123
107, 450, 119
108, 460, 122
108, 470, 121
108, 480, 120
108, 490, 117
108, 500, 118
108, 510, 117
108, 520, 116
108, 530, 117
108, 540, 119
108, 550, 118
108, 560, 119
109, 570, 117
109, 580, 121
109, 590, 118
109, 600, 116
109, 610, 115
109, 620, 117
109, 630, 116
109, 640, 116
109, 650, 115
112, 660, 116
112, 670, 119
112, 680, 120
113, 690, 119
114, 700, 123
114, 710, 123
114, 720, 124
114, 730, 122
114, 740, 123
114, 750, 121
114, 760, 122
114, 770, 122
114, 780, 121
114, 790, 121
114, 800, 121
115, 810, 122
115, 820, 122
115, 830, 123
115, 840, 123
115, 850, 122
115, 860, 123
115, 870, 122
115, 880, 122
115, 890, 122
{'count': 1931, 'truepos': 100, 'falseneg': 2, 'unknownyes': 4, 'falsepos': 15, 'unique': 890}
16: Hall.csv: machine: 0, 0
7, 10
11, 20, 113
16, 30, 118
21, 40, 103
25, 50, 95
32, 60, 99
['yes' 'yes' 'yes' 'yes' 'yes' 'yes' 'yes' 'yes' 'no' 'no']
['no' 'no' 'no' 'yes' 'no' 'no' 'no' 'yes' 'no' 'no']
32, 60, 99
32, 70, 86
37, 80, 68
40, 90, 81
46, 100, 76
51, 110, 74
['yes' 'yes' 'yes' 'yes' 'yes' 'yes' 'yes' 'yes' 'yes' 'yes']
['yes' 'no' 'no' 'no' 'no' 'no' 'no' 'no' 'no' 'no']
52, 110, 74
56, 120, 82
61, 130, 83
66, 140, 84
70, 150, 92
76, 160, 92
['yes' 'yes' 'yes' 'yes' 'no' 'yes' 'yes' 'yes' 'yes' 'no']
['no' 'no' 'no' 'no' 'no' 'no' 'yes' 'no' 'no' 'no']
77, 160, 92
79, 170, 101
84, 180, 98
86, 190, 107
89, 200, 107
92, 210, 113
['no' 'no' 'no' 'yes' 'no' 'no' 'yes' 'yes' 'yes' 'yes']
['no' 'no' 'yes' 'no' 'no' 'no' 'no' 'no' 'no' 'no']
89, 210, 113
92, 220, 101
96, 230, 104
100, 240, 109
103, 250, 113
106, 260, 117
['yes' 'yes' 'yes' 'yes' 'yes' 'yes' 'no' 'yes' 'yes' 'yes']
['no' 'yes' 'no' 'no' 'no' 'no' 'no' 'yes' 'no' 'no']
107, 260, 117
107, 270, 119
108, 280, 119
109, 290, 118
109, 300, 119
109, 310, 117
['yes' 'yes' 'yes' 'yes' 'no' 'yes' 'yes' 'yes' 'yes' 'no']
['yes' 'no' 'no' 'no' 'no' 'no' 'no' 'no' 'no' 'no']
108, 310, 117
109, 320, 116
110, 330, 118
110, 340, 118
110, 350, 117
['no' 'yes' 'yes' 'yes' 'no' 'no' 'yes' 'no' 'yes' 'yes']
['no' 'no' 'no' 'no' 'no' 'no' 'no' 'no' 'no' 'no']
{'count': 490, 'truepos': 97, 'falseneg': 3, 'unknownyes': 6, 'falsepos': 10, 'unique': 350}
16: Hall.csv: machine2: 0, 0
6, 10
8, 20, 113
12, 30, 112
18, 40, 114
24, 50, 105
28, 60, 104
['yes' 'yes' 'yes' 'yes' 'no' 'yes' 'yes' 'yes' 'yes' 'no']
['no' 'no' 'no']
27, 60, 104
33, 70, 95
36, 80, 73
38, 90, 72
42, 100, 70
45, 110, 78
['yes' 'yes' 'yes' 'yes' 'yes' 'yes' 'yes' 'yes' 'yes' 'yes']
['no' 'no' 'no' 'no' 'no' 'no' 'no' 'no' 'no' 'no']
45, 110, 78
47, 120, 76
51, 130, 77
55, 140, 80
57, 150, 86
61, 160, 89
['yes' 'yes' 'no' 'yes' 'yes' 'yes' 'no' 'yes' 'yes' 'yes']
['no' 'no' 'no' 'no' 'yes' 'no' 'no' 'yes' 'no' 'no']
62, 160, 89
65, 170, 90
72, 180, 88
78, 190, 97
80, 200, 101
83, 210, 98
['no' 'no' 'yes' 'no' 'yes' 'yes' 'yes' 'no' 'no' 'yes']
['no' 'no' 'no' 'yes' 'no' 'no' 'yes' 'no' 'no' 'no']
82, 210, 98
84, 220, 107
86, 230, 102
86, 240, 104
90, 250, 96
94, 260, 102
['yes' 'yes' 'yes' 'yes' 'yes' 'no' 'yes' 'yes' 'yes' 'yes']
['no' 'no' 'no' 'no' 'no' 'no' 'no' 'no' 'no' 'no']
93, 260, 102
96, 270, 106
98, 280, 113
98, 290, 116
98, 300, 112
100, 310, 111
['no' 'no' 'yes' 'yes' 'yes' 'yes' 'no' 'yes' 'yes' 'yes']
['yes' 'no' 'no' 'no' 'no' 'no' 'no' 'no' 'no' 'no']
99, 310, 111
103, 320, 111
105, 330, 116
106, 340, 119
106, 350, 121
106, 360, 120
['no' 'yes' 'yes' 'no' 'yes' 'no' 'yes' 'yes' 'yes' 'yes']
['no' 'yes' 'no' 'no' 'no' 'no' 'no' 'no' 'no' 'no']
110, 360, 120
110, 370, 125
112, 380, 120
113, 390, 123
114, 400, 125
116, 410, 127
['no' 'no' 'no' 'no' 'no' 'no' 'no' 'no' 'yes' 'no']
['no' 'no' 'no' 'no' 'no' 'no' 'no' 'no' 'no' 'no']
108, 410, 127
108, 420, 120
109, 430, 120
110, 440, 121
111, 450, 123
112, 460, 124
['no' 'no' 'no' 'no' 'no' 'yes' 'no' 'yes' 'yes' 'yes']
['no' 'no' 'no' 'no' 'no' 'no' 'no' 'no' 'no' 'no']
108, 460, 124
108, 470, 117
109, 480, 118
111, 490, 119
112, 500, 122
112, 510, 124
['no' 'no' 'yes' 'no' 'yes' 'yes' 'yes' 'yes' 'no' 'no']
['no' 'no' 'no' 'no' 'no' 'no' 'no' 'no' 'no' 'no']
109, 510, 124
109, 520, 117
110, 530, 117
112, 540, 118
114, 550, 121
117, 560, 122
['no' 'no' 'no' 'yes' 'yes' 'no' 'no' 'yes' 'no' 'no']
['no' 'no' 'no' 'no' 'no' 'no' 'no' 'no' 'no' 'no']
['no' 'no' 'no' 'no' 'yes' 'no' 'yes' 'yes' 'no' 'no']
['no' 'no' 'no' 'no' 'no' 'no' 'no' 'no' 'no' 'no']
{'count': 813, 'truepos': 97, 'falseneg': 4, 'unknownyes': 5, 'falsepos': 16, 'unique': 560}
16: Hall.csv: machine3: 0, 0
4, 10
6, 20, 98
7, 30, 105
10, 40, 97
15, 50, 99
20, 60, 92
null
[]
21, 70, 93
27, 80, 78
30, 90, 89
35, 100, 61
36, 110, 69
40, 120, 65
null
['no' 'yes' 'no' 'yes' 'no' 'no' 'no' 'no' 'no' 'yes']
42, 120, 65
46, 130, 71
50, 140, 79
53, 150, 80
55, 160, 87
56, 170, 81
null
['yes' 'no' 'no' 'no' 'yes' 'no' 'no' 'no' 'no' 'no']
57, 170, 81
58, 180, 80
58, 190, 80
62, 200, 73
66, 210, 76
67, 220, 80
null
['no' 'no' 'yes' 'yes' 'no' 'no' 'no' 'yes' 'no' 'no']
70, 220, 80
70, 230, 95
73, 240, 88
78, 250, 87
79, 260, 95
80, 270, 98
null
['no' 'no' 'no' 'no' 'no' 'no' 'no' 'no' 'no' 'no']
80, 270, 98
81, 280, 97
81, 290, 98
82, 300, 95
84, 310, 96
85, 320, 98
null
['yes' 'no' 'yes' 'no' 'yes' 'yes' 'yes' 'no' 'no' 'no']
91, 320, 98
91, 330, 101
91, 340, 102
92, 350, 103
92, 360, 104
92, 370, 104
null
['no' 'no' 'no' 'no' 'yes' 'no' 'yes' 'no' 'no' 'no']
94, 370, 104
95, 380, 104
96, 390, 105
96, 400, 106
96, 410, 109
97, 420, 107
null
['no' 'no' 'no' 'no' 'no' 'yes' 'yes' 'no' 'no' 'no']
99, 420, 107
99, 430, 110
100, 440, 108
100, 450, 112
100, 460, 111
100, 470, 109
null
['no' 'no' 'no' 'no' 'no' 'no' 'no' 'no' 'no' 'no']
101, 470, 109
101, 480, 111
101, 490, 111
101, 500, 110
101, 510, 110
101, 520, 109
null
['no' 'no' 'no' 'no' 'no' 'no' 'no' 'no' 'yes' 'yes']
103, 520, 109
103, 530, 112
103, 540, 111
103, 550, 112
103, 560, 111
103, 570, 109
null
['no' 'no' 'yes' 'no' 'no' 'no' 'no' 'no' 'no' 'yes']
105, 570, 109
105, 580, 112
105, 590, 113
105, 600, 113
106, 610, 113
107, 620, 114
null
['no' 'no' 'no' 'no' 'no' 'no' 'no' 'no' 'no' 'no']
108, 620, 114
108, 630, 116
108, 640, 115
108, 650, 117
108, 660, 116
108, 670, 116
null
['no' 'no' 'no' 'no' 'yes' 'no' 'no' 'no' 'no' 'no']
109, 670, 116
109, 680, 117
110, 690, 117
110, 700, 118
111, 710, 118
111, 720, 119
null
['no' 'no' 'no' 'no' 'no' 'no' 'no' 'no' 'no' 'no']
111, 720, 119
111, 730, 118
113, 740, 118
113, 750, 121
113, 760, 122
113, 770, 122
null
['no' 'no' 'no' 'no' 'no' 'no' 'no' 'no' 'no' 'no']
113, 770, 122
113, 780, 121
114, 790, 120
114, 800, 122
114, 810, 121
114, 820, 121
null
['no' 'no' 'no' 'no' 'no' 'no' 'no' 'no' 'no' 'no']
114, 820, 121
114, 830, 121
114, 840, 121
null
['no' 'no' 'no' 'no' 'no' 'no' 'no' 'no' 'no' 'no']
{'count': 1190, 'truepos': 97, 'falseneg': 5, 'unknownyes': 4, 'falsepos': 17, 'unique': 840}
16: Wahono.csv: none: 0, 0
6, 10
7, 20, 102
10, 30, 98
14, 40, 115
18, 50, 94
21, 60, 92
22, 70, 87
24, 80, 78
24, 90, 74
27, 100, 60
29, 110, 64
32, 120, 65
34, 130, 60
36, 140, 62
38, 150, 65
42, 160, 63
45, 170, 70
50, 180, 80
52, 190, 94
54, 200, 92
56, 210, 93
59, 220, 98
61, 230, 104
63, 240, 101
67, 250, 108
69, 260, 118
71, 270, 113
71, 280, 113
73, 290, 113
73, 300, 111
73, 310, 121
75, 320, 110
75, 330, 113
78, 340, 106
78, 350, 114
81, 360, 117
82, 370, 116
83, 380, 112
84, 390, 113
86, 400, 114
88, 410, 117
89, 420, 117
89, 430, 143
90, 440, 124
92, 450, 116
92, 460, 121
95, 470, 118
98, 480, 133
100, 490, 136
101, 500, 145
104, 510, 151
105, 520, 156
107, 530, 145
108, 540, 146
108, 550, 153
110, 560, 149
111, 570, 147
112, 580, 144
114, 590, 140
115, 600, 140
116, 610, 143
118, 620, 167
118, 630, 161
119, 640, 150
120, 650, 158
122, 660, 152
122, 670, 149
124, 680, 152
125, 690, 150
126, 700, 153
128, 710, 161
130, 720, 163
132, 730, 163
133, 740, 170
136, 750, 186
136, 760, 189
137, 770, 175
137, 780, 186
140, 790, 182
142, 800, 178
143, 810, 187
145, 820, 192
148, 830, 194
151, 840, 195
152, 850, 198
152, 860, 195
152, 870, 196
153, 880, 192
153, 890, 197
156, 900, 188
156, 910, 203
156, 920, 204
156, 930, 191
160, 940, 188
160, 950, 195
162, 960, 203
163, 970, 202
164, 980, 199
164, 990, 203
164, 1000, 202
165, 1010, 197
167, 1020, 196
167, 1030, 207
168, 1040, 201
172, 1050, 204
173, 1060, 214
174, 1070, 209
174, 1080, 212
176, 1090, 211
176, 1100, 214
176, 1110, 214
177, 1120, 211
177, 1130, 213
177, 1140, 210
179, 1150, 210
180, 1160, 214
181, 1170, 222
184, 1180, 217
185, 1190, 220
185, 1200, 217
185, 1210, 217
188, 1220, 217
188, 1230, 219
191, 1240, 223
193, 1250, 226
195, 1260, 225
196, 1270, 230
198, 1280, 222
198, 1290, 235
200, 1300, 232
201, 1310, 229
203, 1320, 233
204, 1330, 238
206, 1340, 233
208, 1350, 238
209, 1360, 243
211, 1370, 239
211, 1380, 243
213, 1390, 244
214, 1400, 239
215, 1410, 249
215, 1420, 242
216, 1430, 247
218, 1440, 244
218, 1450, 248
221, 1460, 248
223, 1470, 252
223, 1480, 257
224, 1490, 250
224, 1500, 255
225, 1510, 255
225, 1520, 257
226, 1530, 256
228, 1540, 256
229, 1550, 261
229, 1560, 257
229, 1570, 259
230, 1580, 257
232, 1590, 261
233, 1600, 259
233, 1610, 260
233, 1620, 263
235, 1630, 259
235, 1640, 267
238, 1650, 265
239, 1660, 265
240, 1670, 269
240, 1680, 268
242, 1690, 271
243, 1700, 271
244, 1710, 274
244, 1720, 271
245, 1730, 272
246, 1740, 274
247, 1750, 277
249, 1760, 274
249, 1770, 277
250, 1780, 272
250, 1790, 275
251, 1800, 277
251, 1810, 279
254, 1820, 281
254, 1830, 285
255, 1840, 282
257, 1850, 283
258, 1860, 283
258, 1870, 283
259, 1880, 285
260, 1890, 286
261, 1900, 284
261, 1910, 287
261, 1920, 286
262, 1930, 285
263, 1940, 285
263, 1950, 286
263, 1960, 286
264, 1970, 285
264, 1980, 288
265, 1990, 287
265, 2000, 289
267, 2010, 287
268, 2020, 290
271, 2030, 294
273, 2040, 297
273, 2050, 300
274, 2060, 299
274, 2070, 299
275, 2080, 305
276, 2090, 300
276, 2100, 304
276, 2110, 298
276, 2120, 298
277, 2130, 302
278, 2140, 301
278, 2150, 302
280, 2160, 303
282, 2170, 301
282, 2180, 305
284, 2190, 307
286, 2200, 309
287, 2210, 309
288, 2220, 314
289, 2230, 312
289, 2240, 312
289, 2250, 315
291, 2260, 312
291, 2270, 319
292, 2280, 314
294, 2290, 315
295, 2300, 318
295, 2310, 318
295, 2320, 317
296, 2330, 320
296, 2340, 325
296, 2350, 324
296, 2360, 321
297, 2370, 322
298, 2380, 321
299, 2390, 324
299, 2400, 326
299, 2410, 324
300, 2420, 327
301, 2430, 323
303, 2440, 326
304, 2450, 327
305, 2460, 331
306, 2470, 331
306, 2480, 329
306, 2490, 329
309, 2500, 329
310, 2510, 332
310, 2520, 332
312, 2530, 331
314, 2540, 333
314, 2550, 339
315, 2560, 336
315, 2570, 338
317, 2580, 336
318, 2590, 342
319, 2600, 343
321, 2610, 341
322, 2620, 343
324, 2630, 343
325, 2640, 349
325, 2650, 351
325, 2660, 349
325, 2670, 348
327, 2680, 349
327, 2690, 348
328, 2700, 347
328, 2710, 350
329, 2720, 351
330, 2730, 351
331, 2740, 354
332, 2750, 353
332, 2760, 354
333, 2770, 356
334, 2780, 356
334, 2790, 355
335, 2800, 354
336, 2810, 355
338, 2820, 358
339, 2830, 360
340, 2840, 362
342, 2850, 366
343, 2860, 363
343, 2870, 369
343, 2880, 366
344, 2890, 363
345, 2900, 368
346, 2910, 369
347, 2920, 368
350, 2930, 375
352, 2940, 377
353, 2950, 376
354, 2960, 380
356, 2970, 384
357, 2980, 384
357, 2990, 382
359, 3000, 383
360, 3010, 389
360, 3020, 390
361, 3030, 385
362, 3040, 391
364, 3050, 388
365, 3060, 394
367, 3070, 394
368, 3080, 396
369, 3090, 393
369, 3100, 396
369, 3110, 394
369, 3120, 397
373, 3130, 395
373, 3140, 398
375, 3150, 398
376, 3160, 401
376, 3170, 401
377, 3180, 403
378, 3190, 401
378, 3200, 404
378, 3210, 401
379, 3220, 405
380, 3230, 406
381, 3240, 406
381, 3250, 405
383, 3260, 408
383, 3270, 406
384, 3280, 407
385, 3290, 411
387, 3300, 410
388, 3310, 411
388, 3320, 410
391, 3330, 411
394, 3340, 414
395, 3350, 419
396, 3360, 423
397, 3370, 421
398, 3380, 422
398, 3390, 424
399, 3400, 424
402, 3410, 425
403, 3420, 426
405, 3430, 427
405, 3440, 428
405, 3450, 429
405, 3460, 429
405, 3470, 429
407, 3480, 431
409, 3490, 432
409, 3500, 432
410, 3510, 432
411, 3520, 432
412, 3530, 433
412, 3540, 436
414, 3550, 435
415, 3560, 439
415, 3570, 442
418, 3580, 437
418, 3590, 442
419, 3600, 443
{'count': 3600, 'truepos': 60, 'falseneg': 1, 'unknownyes': 1, 'falsepos': 359, 'unique': 3600}
16: Wahono.csv: three: 0, 0
5, 10
5, 20, 101
7, 30, 86
13, 40, 78
16, 50, 89
19, 60, 81
20, 70, 83
21, 80, 90
21, 90, 77
22, 100, 54
23, 110, 49
24, 120, 51
24, 130, 49
26, 140, 46
28, 150, 49
29, 160, 55
31, 170, 52
34, 180, 56
37, 190, 65
39, 200, 70
42, 210, 74
43, 220, 78
43, 230, 78
43, 240, 72
43, 250, 72
44, 260, 68
46, 270, 69
46, 280, 72
48, 290, 76
48, 300, 79
50, 310, 76
50, 320, 80
51, 330, 80
53, 340, 78
53, 350, 87
53, 360, 75
54, 370, 80
54, 380, 81
55, 390, 77
56, 400, 78
56, 410, 81
56, 420, 81
57, 430, 77
57, 440, 80
57, 450, 80
59, 460, 79
59, 470, 83
59, 480, 79
60, 490, 84
60, 500, 86
61, 510, 84
62, 520, 80
64, 530, 81
64, 540, 82
65, 550, 82
66, 560, 81
66, 570, 85
67, 580, 82
67, 590, 84
68, 600, 81
68, 610, 84
69, 620, 84
69, 630, 87
69, 640, 83
69, 650, 83
69, 660, 83
71, 670, 86
71, 680, 86
71, 690, 85
71, 700, 85
73, 710, 85
74, 720, 87
74, 730, 90
75, 740, 87
75, 750, 88
75, 760, 90
75, 770, 89
76, 780, 89
77, 790, 88
78, 800, 91
78, 810, 93
78, 820, 92
79, 830, 94
80, 840, 91
80, 850, 94
81, 860, 94
81, 870, 94
81, 880, 94
81, 890, 94
81, 900, 93
81, 910, 97
81, 920, 91
81, 930, 97
81, 940, 92
82, 950, 91
83, 960, 96
84, 970, 98
85, 980, 103
86, 990, 100
86, 1000, 99
86, 1010, 100
87, 1020, 98
89, 1030, 104
89, 1040, 102
89, 1050, 103
89, 1060, 103
89, 1070, 102
90, 1080, 102
92, 1090, 103
92, 1100, 105
92, 1110, 103
92, 1120, 104
92, 1130, 106
93, 1140, 103
96, 1150, 104
96, 1160, 107
97, 1170, 110
98, 1180, 110
99, 1190, 113
100, 1200, 116
100, 1210, 112
101, 1220, 110
101, 1230, 112
102, 1240, 112
103, 1250, 112
103, 1260, 115
103, 1270, 116
103, 1280, 115
103, 1290, 116
103, 1300, 115
104, 1310, 114
104, 1320, 114
104, 1330, 113
104, 1340, 114
105, 1350, 112
105, 1360, 114
105, 1370, 116
105, 1380, 114
105, 1390, 115
106, 1400, 114
106, 1410, 116
106, 1420, 117
107, 1430, 116
107, 1440, 117
107, 1450, 118
107, 1460, 117
107, 1470, 117
107, 1480, 117
108, 1490, 117
108, 1500, 118
108, 1510, 118
108, 1520, 117
109, 1530, 118
109, 1540, 119
109, 1550, 119
109, 1560, 118
109, 1570, 118
109, 1580, 118
109, 1590, 117
109, 1600, 118
109, 1610, 117
109, 1620, 117
110, 1630, 118
110, 1640, 119
110, 1650, 118
110, 1660, 119
110, 1670, 118
111, 1680, 118
111, 1690, 119
111, 1700, 117
112, 1710, 118
113, 1720, 121
113, 1730, 123
113, 1740, 122
113, 1750, 121
113, 1760, 121
113, 1770, 122
114, 1780, 121
115, 1790, 122
115, 1800, 122
115, 1810, 123
115, 1820, 122
{'count': 3959, 'truepos': 54, 'falseneg': 5, 'unknownyes': 3, 'falsepos': 61, 'unique': 1820}
16: Wahono.csv: machine: 0, 0
6, 10
7, 20, 100
8, 30, 101
10, 40, 91
14, 50, 85
18, 60, 80
['yes' 'yes' 'yes' 'yes' 'yes' 'no' 'yes' 'yes' 'yes' 'no']
[]
16, 60, 80
20, 70, 74
21, 80, 94
22, 90, 81
23, 100, 65
24, 110, 67
['no' 'no' 'yes' 'no' 'yes' 'yes' 'no' 'no' 'yes' 'yes']
[]
20, 110, 67
22, 120, 51
26, 130, 52
27, 140, 60
28, 150, 56
33, 160, 53
['no' 'yes' 'no' 'yes' 'no' 'no' 'yes' 'yes' 'yes' 'no']
['no' 'no' 'no' 'no' 'no' 'no' 'no' 'no' 'no' 'no']
30, 160, 53
33, 170, 51
34, 180, 56
35, 190, 50
35, 200, 50
38, 210, 52
['yes' 'no' 'no' 'no' 'no' 'no' 'yes' 'no' 'no' 'yes']
['no' 'no' 'no' 'no' 'no' 'no' 'yes' 'no' 'no' 'no']
31, 210, 52
31, 220, 45
31, 230, 46
32, 240, 43
33, 250, 47
36, 260, 50
['no' 'no' 'yes' 'no' 'yes' 'yes' 'yes' 'no' 'no' 'yes']
['no' 'no' 'no' 'yes' 'no' 'no' 'no' 'no' 'no' 'no']
31, 260, 50
35, 270, 42
36, 280, 47
40, 290, 53
43, 300, 63
44, 310, 68
['yes' 'no' 'yes' 'yes' 'yes' 'no' 'no' 'yes' 'no' 'no']
['yes' 'no' 'no' 'no' 'no' 'no' 'no' 'no' 'no' 'no']
40, 310, 68
41, 320, 53
44, 330, 52
46, 340, 58
47, 350, 63
49, 360, 63
['no' 'no' 'yes' 'no' 'yes' 'no' 'yes' 'no' 'yes' 'yes']
['no' 'no' 'yes' 'yes' 'yes' 'no' 'no' 'no' 'yes' 'no']
49, 360, 63
50, 370, 63
50, 380, 63
52, 390, 62
54, 400, 75
55, 410, 91
['no' 'no' 'no' 'yes' 'no' 'no' 'no' 'yes' 'no' 'yes']
['no' 'no' 'no' 'no' 'no' 'no' 'no' 'no' 'no' 'no']
49, 410, 91
51, 420, 59
52, 430, 64
54, 440, 66
54, 450, 67
55, 460, 67
['no' 'no' 'no' 'no' 'yes' 'no' 'no' 'no' 'yes' 'yes']
['yes' 'no' 'no' 'no' 'no' 'no' 'no' 'no' 'no' 'yes']
52, 460, 67
54, 470, 61
55, 480, 65
56, 490, 64
56, 500, 64
56, 510, 65
['yes' 'yes' 'no' 'no' 'yes' 'yes' 'yes' 'no' 'no' 'yes']
['no' 'no' 'no' 'no' 'no' 'no' 'no' 'no' 'no' 'no']
52, 510, 65
52, 520, 65
54, 530, 61
55, 540, 63
57, 550, 68
60, 560, 70
['no' 'no' 'no' 'no' 'no' 'no' 'no' 'no' 'no' 'no']
['no' 'no' 'no' 'no' 'no' 'no' 'no' 'no' 'no' 'no']
51, 560, 70
51, 570, 66
53, 580, 58
55, 590, 62
55, 600, 65
57, 610, 66
['no' 'no' 'no' 'no' 'yes' 'yes' 'no' 'no']
['no' 'no' 'no' 'no' 'no' 'no' 'no' 'no' 'no' 'no']
54, 610, 66
55, 620, 61
59, 630, 63
62, 640, 68
63, 650, 74
65, 660, 75
['no' 'yes' 'yes' 'no' 'no' 'no' 'no' 'no' 'no' 'no']
['no' 'no' 'no' 'no' 'no' 'no' 'no' 'no' 'no' 'no']
59, 660, 75
59, 670, 70
61, 680, 69
62, 690, 73
64, 700, 72
65, 710, 74
['no' 'yes' 'no' 'yes' 'no' 'yes' 'no' 'yes' 'no' 'no']
['no' 'no' 'no' 'no' 'no' 'no' 'no' 'no' 'no' 'no']
59, 710, 74
60, 720, 66
62, 730, 67
64, 740, 70
66, 750, 72
69, 760, 75
['no' 'no' 'no' 'no' 'no' 'no' 'no' 'no' 'no' 'no']
['no' 'no' 'no' 'no' 'no' 'no' 'no' 'no' 'no' 'no']
61, 760, 75
62, 770, 69
62, 780, 71
64, 790, 70
65, 800, 74
66, 810, 74
['no' 'no' 'no' 'no' 'no' 'no']
['no' 'no' 'no' 'no' 'no' 'no' 'no' 'no' 'no' 'no']
61, 810, 74
62, 820, 68
64, 830, 70
64, 840, 72
65, 850, 72
66, 860, 74
['no' 'no' 'no' 'no' 'no']
['yes' 'no' 'no' 'no' 'no' 'no' 'no' 'no' 'no' 'no']
64, 860, 74
65, 870, 73
66, 880, 73
67, 890, 74
68, 900, 78
69, 910, 77
['no' 'no' 'no' 'no' 'no' 'no' 'yes']
['no' 'no' 'no' 'no' 'no' 'no' 'no' 'no' 'no' 'no']
64, 910, 77
64, 920, 72
65, 930, 73
66, 940, 73
68, 950, 73
69, 960, 76
['no' 'no' 'no' 'no' 'no']
['no' 'yes' 'no' 'no' 'yes' 'no' 'no' 'no' 'no' 'no']
67, 960, 76
67, 970, 75
69, 980, 74
71, 990, 75
72, 1000, 79
72, 1010, 79
['no' 'no' 'no' 'no' 'no' 'yes']
['no' 'no' 'no' 'no' 'no' 'no' 'no' 'no' 'no' 'no']
68, 1010, 79
69, 1020, 76
69, 1030, 76
70, 1040, 77
70, 1050, 80
71, 1060, 78
['no' 'no' 'no']
['no' 'no' 'no' 'no' 'no' 'no' 'no' 'no' 'no' 'no']
68, 1060, 78
69, 1070, 75
70, 1080, 77
70, 1090, 78
71, 1100, 78
72, 1110, 79
['no' 'no' 'no' 'no']
['no' 'no' 'no' 'no' 'no' 'no' 'no' 'no' 'no' 'no']
69, 1110, 79
71, 1120, 77
71, 1130, 78
73, 1140, 78
73, 1150, 80
75, 1160, 79
['no' 'no' 'no' 'no' 'no' 'no']
['no' 'no' 'no' 'no' 'no' 'no' 'no' 'no' 'no' 'no']
69, 1160, 79
70, 1170, 76
71, 1180, 76
74, 1190, 78
74, 1200, 83
75, 1210, 83
['no' 'no' 'no' 'no' 'no' 'no']
['no' 'no' 'no' 'no' 'no' 'no' 'no' 'no' 'no' 'no']
69, 1210, 83
69, 1220, 74
72, 1230, 74
73, 1240, 78
75, 1250, 79
75, 1260, 82
['no' 'no' 'no' 'no' 'no' 'no']
['no' 'no' 'no' 'no' 'no' 'no' 'no' 'no' 'no' 'no']
74, 1260, 82
74, 1270, 81
74, 1280, 80
74, 1290, 80
77, 1300, 80
77, 1310, 83
['no' 'no' 'no' 'no' 'no' 'no' 'no']
['no' 'no' 'no' 'no' 'no' 'no' 'no' 'no' 'no' 'no']
71, 1310, 83
72, 1320, 77
74, 1330, 78
74, 1340, 81
74, 1350, 80
75, 1360, 79
['no' 'no' 'no' 'no' 'no']
['no' 'no' 'no' 'no' 'no' 'no' 'no' 'no' 'no' 'no']
71, 1360, 79
71, 1370, 76
73, 1380, 76
74, 1390, 79
74, 1400, 79
74, 1410, 80
['no' 'no' 'no']
['no' 'no' 'no' 'no' 'no' 'no' 'no' 'no' 'no' 'no']
72, 1410, 80
74, 1420, 77
75, 1430, 79
76, 1440, 80
77, 1450, 81
77, 1460, 82
['no' 'no' 'no' 'no' 'no']
['no' 'no' 'no' 'no' 'no' 'no' 'no' 'no' 'no' 'no']
74, 1460, 82
74, 1470, 79
75, 1480, 78
75, 1490, 79
75, 1500, 79
['no' 'no' 'no']
['no' 'no' 'no' 'no' 'no' 'no' 'no' 'no' 'no' 'no']
{'count': 2005, 'truepos': 57, 'falseneg': 2, 'unknownyes': 3, 'falsepos': 15, 'unique': 1500}
16: Wahono.csv: machine2: 0, 0
5, 10
5, 20, 94
9, 30, 89
14, 40, 91
19, 50, 103
22, 60, 98
['yes' 'yes' 'yes' 'yes' 'yes' 'yes' 'yes' 'yes' 'yes' 'yes']
['no' 'no' 'no']
22, 60, 98
26, 70, 93
26, 80, 93
27, 90, 89
28, 100, 84
28, 110, 77
['yes' 'yes' 'yes' 'yes' 'no' 'yes' 'yes' 'yes' 'yes' 'yes']
[]
27, 110, 77
30, 120, 62
32, 130, 66
35, 140, 61
36, 150, 69
38, 160, 74
['no' 'no' 'yes' 'no' 'no' 'no' 'no' 'yes' 'no' 'no']
['no' 'no' 'no' 'no' 'yes' 'no' 'no' 'no' 'no' 'no']
32, 160, 74
34, 170, 56
35, 180, 60
35, 190, 61
35, 200, 61
38, 210, 55
['no' 'no' 'no' 'no' 'no' 'no' 'no' 'yes' 'yes' 'yes']
['no' 'no' 'no' 'no' 'no' 'no' 'no' 'no' 'no' 'no']
33, 210, 55
33, 220, 51
35, 230, 51
36, 240, 54
37, 250, 55
38, 260, 58
['no' 'no' 'no' 'yes' 'yes' 'no' 'yes' 'yes' 'yes' 'no']
['no' 'no' 'no' 'no' 'no' 'yes' 'no' 'no' 'no' 'yes']
35, 260, 58
35, 270, 50
38, 280, 53
39, 290, 65
40, 300, 62
41, 310, 63
['yes' 'no' 'yes' 'yes' 'no' 'no' 'yes' 'yes']
['no' 'no' 'no' 'no' 'no' 'no' 'no' 'no' 'no' 'no']
39, 310, 63
42, 320, 59
45, 330, 62
47, 340, 71
49, 350, 68
51, 360, 78
['yes' 'no' 'yes' 'no' 'yes' 'yes' 'yes' 'yes' 'no' 'yes']
['no' 'no' 'no' 'no' 'no' 'no' 'no' 'no' 'no' 'no']
48, 360, 78
48, 370, 64
49, 380, 64
50, 390, 66
50, 400, 65
50, 410, 70
['no' 'yes' 'yes' 'yes' 'yes']
['no' 'no' 'no' 'no' 'no' 'no' 'yes' 'no' 'no' 'no']
50, 410, 70
52, 420, 70
54, 430, 73
55, 440, 78
56, 450, 84
57, 460, 87
['no' 'no' 'no' 'no' 'no' 'no' 'no' 'yes']
['no' 'no' 'no' 'no' 'no' 'no' 'no' 'no' 'no' 'no']
54, 460, 87
55, 470, 79
56, 480, 76
58, 490, 79
60, 500, 83
62, 510, 85
['no' 'no' 'no' 'no' 'no' 'no' 'no' 'no' 'no' 'no']
['no' 'no' 'no' 'no' 'no' 'no' 'no' 'no' 'no' 'no']
54, 510, 85
55, 520, 78
55, 530, 84
56, 540, 78
57, 550, 78
59, 560, 78
['no' 'no' 'no' 'no' 'no' 'no']
['no' 'no' 'no' 'no' 'no' 'no' 'no' 'no' 'no' 'no']
54, 560, 78
56, 570, 65
56, 580, 69
57, 590, 71
59, 600, 73
61, 610, 75
['no' 'no' 'no' 'no' 'no' 'yes' 'no']
['no' 'yes' 'no' 'no' 'no' 'no' 'no' 'no' 'no' 'no']
58, 610, 75
59, 620, 73
61, 630, 75
63, 640, 75
65, 650, 79
65, 660, 81
['no' 'no' 'no' 'no' 'no' 'no' 'no' 'no' 'yes']
['no' 'no' 'no' 'no' 'no' 'no' 'no' 'no' 'no' 'no']
59, 660, 81
59, 670, 73
59, 680, 77
60, 690, 82
61, 700, 77
64, 710, 82
['no' 'no' 'no' 'no' 'no' 'no']
['no' 'no' 'no' 'no' 'no' 'no' 'no' 'no' 'no' 'no']
60, 710, 82
60, 720, 73
61, 730, 73
61, 740, 76
63, 750, 74
64, 760, 78
['no' 'yes' 'no' 'no' 'no']
['no' 'no' 'no' 'no' 'no' 'no' 'no' 'no' 'no' 'no']
60, 760, 78
62, 770, 73
63, 780, 77
66, 790, 76
68, 800, 82
70, 810, 83
['no' 'no' 'no' 'no' 'yes' 'no' 'yes' 'no' 'no' 'yes']
['no' 'no' 'no' 'no' 'no' 'no' 'no' 'no' 'no' 'no']
66, 810, 83
66, 820, 78
67, 830, 79
68, 840, 81
70, 850, 83
73, 860, 88
['no' 'no' 'no' 'no' 'no' 'no' 'no' 'no' 'no']
['no' 'no' 'no' 'no' 'no' 'yes' 'no' 'no' 'no' 'no']
67, 860, 88
67, 870, 79
68, 880, 79
72, 890, 81
73, 900, 88
73, 910, 88
['no' 'no' 'no' 'no' 'no' 'no' 'yes' 'no']
['no' 'no' 'no' 'no' 'no' 'no' 'no' 'no' 'no' 'no']
68, 910, 88
69, 920, 80
70, 930, 84
70, 940, 81
71, 950, 84
72, 960, 81
['no' 'no' 'no' 'no' 'no']
['no' 'no' 'no' 'no' 'no' 'no' 'no' 'no' 'no' 'no']
68, 960, 81
69, 970, 80
72, 980, 82
73, 990, 83
76, 1000, 87
76, 1010, 94
['no' 'no' 'no' 'no' 'no' 'no' 'no' 'no']
['no' 'no' 'no' 'no' 'no' 'no' 'no' 'no' 'no' 'no']
68, 1010, 94
70, 1020, 78
72, 1030, 82
73, 1040, 86
73, 1050, 88
75, 1060, 85
['no' 'no' 'yes' 'no' 'no' 'yes' 'no']
['no' 'no' 'no' 'no' 'no' 'no' 'no' 'no' 'no' 'no']
72, 1060, 85
73, 1070, 85
74, 1080, 85
75, 1090, 87
77, 1100, 88
79, 1110, 92
['no' 'no' 'no' 'no' 'no' 'no' 'no' 'no']
['no' 'no' 'no' 'no' 'no' 'no' 'no' 'no' 'no' 'no']
74, 1110, 92
74, 1120, 87
74, 1130, 86
77, 1140, 86
77, 1150, 94
77, 1160, 92
['no' 'no' 'no' 'no']
['no' 'no' 'no' 'no' 'no' 'no' 'no' 'no' 'no' 'no']
74, 1160, 92
79, 1170, 87
80, 1180, 97
82, 1190, 96
82, 1200, 98
84, 1210, 97
['no' 'no' 'no' 'no' 'no' 'no' 'no' 'no' 'no' 'no']
['no' 'no' 'no' 'no' 'no' 'no' 'no' 'no' 'no' 'no']
78, 1210, 97
79, 1220, 91
80, 1230, 93
83, 1240, 93
84, 1250, 98
85, 1260, 99
['no' 'no' 'no' 'no' 'no' 'no' 'no' 'no' 'no']
['no' 'no' 'no' 'no' 'no' 'no' 'no' 'no' 'no' 'no']
81, 1260, 99
82, 1270, 94
82, 1280, 94
82, 1290, 94
84, 1300, 94
86, 1310, 97
['no' 'no' 'no' 'no' 'no' 'no' 'no' 'no']
['no' 'no' 'no' 'no' 'no' 'no' 'no' 'no' 'no' 'no']
80, 1310, 97
84, 1320, 91
84, 1330, 99
84, 1340, 97
84, 1350, 97
86, 1360, 95
['no' 'no' 'no' 'no' 'no' 'no' 'no']
['no' 'no' 'no' 'no' 'no' 'no' 'no' 'no' 'no' 'no']
80, 1360, 95
80, 1370, 90
81, 1380, 90
81, 1390, 93
81, 1400, 94
82, 1410, 94
['no' 'no' 'no']
['no' 'no' 'no' 'no' 'no' 'no' 'no' 'no' 'no' 'no']
82, 1410, 94
83, 1420, 96
84, 1430, 97
85, 1440, 99
87, 1450, 103
89, 1460, 103
['no' 'no' 'no' 'no' 'no' 'yes' 'no' 'no']
['no' 'no' 'no' 'no' 'no' 'no' 'no' 'no' 'no' 'no']
83, 1460, 103
84, 1470, 94
84, 1480, 94
85, 1490, 94
86, 1500, 98
88, 1510, 98
['no' 'no' 'no' 'no' 'no']
['no' 'no' 'no' 'no' 'no' 'no' 'no' 'no' 'no' 'no']
84, 1510, 98
86, 1520, 95
87, 1530, 98
89, 1540, 98
90, 1550, 101
90, 1560, 103
['no' 'no' 'no' 'no' 'no' 'no']
['no' 'no' 'no' 'no' 'no' 'no' 'no' 'no' 'no' 'no']
85, 1560, 103
86, 1570, 95
86, 1580, 96
86, 1590, 97
86, 1600, 97
88, 1610, 97
['no' 'no' 'no']
['no' 'no' 'no' 'no' 'no' 'no' 'no' 'no' 'no' 'no']
88, 1610, 97
89, 1620, 98
89, 1630, 100
90, 1640, 99
91, 1650, 100
91, 1660, 103
['yes' 'no' 'no' 'no']
['no' 'no' 'no' 'no' 'no' 'no' 'no' 'no' 'no' 'no']
90, 1660, 103
90, 1670, 99
90, 1680, 100
91, 1690, 99
92, 1700, 101
92, 1710, 103
['no' 'no' 'no']
['no' 'no' 'no' 'no' 'no' 'no' 'no' 'no' 'no' 'no']
92, 1710, 103
92, 1720, 101
92, 1730, 102
93, 1740, 101
95, 1750, 103
96, 1760, 105
['no' 'no' 'no' 'no' 'no' 'no']
['no' 'no' 'no' 'no' 'yes' 'no' 'no' 'no' 'no' 'no']
92, 1760, 105
94, 1770, 101
97, 1780, 104
97, 1790, 108
98, 1800, 107
99, 1810, 109
['no' 'no' 'no' 'no' 'no' 'no' 'no' 'no' 'no']
['no' 'no' 'no' 'no' 'no' 'no' 'no' 'no' 'no' 'no']
92, 1810, 109
94, 1820, 101
95, 1830, 102
96, 1840, 103
98, 1850, 105
98, 1860, 109
['no' 'no' 'no' 'no' 'no' 'no' 'no']
['no' 'no' 'no' 'no' 'no' 'no' 'no' 'no' 'no' 'no']
93, 1860, 109
94, 1870, 102
95, 1880, 102
96, 1890, 103
96, 1900, 104
96, 1910, 105
['no' 'no' 'no']
['no' 'no' 'no' 'no' 'no' 'no' 'no' 'no' 'no' 'no']
95, 1910, 105
95, 1920, 102
97, 1930, 102
99, 1940, 105
101, 1950, 107
104, 1960, 110
['no' 'no' 'no' 'no' 'no' 'no' 'no' 'no' 'no' 'no']
['no' 'no' 'no' 'no' 'no' 'no' 'no' 'no' 'no' 'no']
95, 1960, 110
97, 1970, 102
98, 1980, 105
100, 1990, 106
101, 2000, 107
103, 2010, 108
['no' 'no' 'no' 'no' 'no' 'no' 'no' 'no']
['no' 'no' 'no' 'no' 'no' 'no' 'no' 'no' 'no' 'no']
['no' 'no' 'no' 'no' 'no' 'no' 'no' 'no']
['no' 'no' 'no' 'no' 'no' 'no' 'no' 'no' 'no' 'no']
{'count': 2880, 'truepos': 57, 'falseneg': 3, 'unknownyes': 2, 'falsepos': 39, 'unique': 2010}
16: Wahono.csv: machine3: 0, 0
5, 10
5, 20, 98
6, 30, 89
10, 40, 86
11, 50, 90
14, 60, 81
null
['yes']
15, 60, 81
15, 70, 83
16, 80, 58
19, 90, 51
21, 100, 53
21, 110, 58
null
[]
22, 120, 52
24, 130, 53
24, 140, 52
24, 150, 49
25, 160, 46
25, 170, 47
null
[]
29, 180, 45
29, 190, 56
30, 200, 51
33, 210, 53
34, 220, 64
35, 230, 57
null
['no' 'no' 'no' 'no' 'no' 'no' 'no' 'no' 'no' 'no']
35, 230, 57
35, 240, 68
35, 250, 60
35, 260, 55
37, 270, 57
38, 280, 58
null
['no' 'no' 'no' 'no' 'no' 'no' 'no' 'no' 'no' 'no']
38, 280, 58
40, 290, 59
42, 300, 59
42, 310, 61
42, 320, 63
42, 330, 59
null
['yes' 'no' 'no' 'yes' 'no' 'no' 'no' 'yes' 'no' 'no']
47, 330, 59
47, 340, 66
47, 350, 64
48, 360, 59
48, 370, 64
48, 380, 63
null
['no' 'no' 'no' 'no' 'no' 'no' 'no' 'no' 'no' 'no']
48, 380, 63
49, 390, 60
50, 400, 62
50, 410, 63
50, 420, 60
50, 430, 62
null
['no' 'no' 'no' 'no' 'no' 'no' 'no' 'no' 'yes' 'yes']
52, 430, 62
52, 440, 64
53, 450, 62
54, 460, 63
54, 470, 65
54, 480, 72
null
['no' 'no' 'no' 'no' 'no' 'no' 'no' 'no' 'no' 'no']
54, 480, 72
55, 490, 64
55, 500, 65
55, 510, 64
55, 520, 63
56, 530, 63
null
['no' 'no' 'yes' 'no' 'no' 'no' 'no' 'no' 'no' 'no']
57, 530, 63
58, 540, 66
58, 550, 67
58, 560, 67
58, 570, 67
58, 580, 66
null
['no' 'no' 'no' 'no' 'no' 'no' 'no' 'no' 'no' 'no']
59, 580, 66
59, 590, 68
59, 600, 68
59, 610, 68
59, 620, 67
59, 630, 67
null
['no' 'no' 'no' 'no' 'no' 'no' 'no' 'no' 'no' 'no']
59, 630, 67
59, 640, 69
60, 650, 67
60, 660, 68
60, 670, 67
60, 680, 70
null
['no' 'no' 'no' 'no' 'no' 'no' 'no' 'no' 'no' 'no']
60, 680, 70
60, 690, 67
60, 700, 68
60, 710, 67
60, 720, 66
60, 730, 65
null
['no' 'no' 'no' 'no' 'no' 'no' 'no' 'no' 'no' 'no']
60, 730, 65
60, 740, 67
61, 750, 66
61, 760, 68
61, 770, 68
61, 780, 67
null
['no' 'no' 'no' 'no' 'no' 'no' 'no' 'no' 'no' 'no']
61, 780, 67
61, 790, 67
61, 800, 67
61, 810, 68
61, 820, 66
61, 830, 67
null
['no' 'no' 'no' 'yes' 'no' 'no' 'no' 'no' 'no' 'no']
62, 830, 67
62, 840, 68
62, 850, 68
62, 860, 68
62, 870, 67
62, 880, 67
null
['no' 'no' 'no' 'no' 'no' 'no' 'no' 'no' 'no' 'no']
62, 880, 67
62, 890, 67
62, 900, 67
63, 910, 67
63, 920, 69
63, 930, 68
null
['no' 'no' 'no' 'no' 'no' 'no' 'no' 'no' 'no' 'no']
63, 930, 68
63, 940, 70
63, 950, 68
63, 960, 68
63, 970, 68
63, 980, 69
null
['no' 'no' 'no' 'no' 'no' 'no' 'no' 'no' 'no' 'no']
63, 980, 69
63, 990, 68
63, 1000, 69
63, 1010, 69
63, 1020, 69
63, 1030, 67
null
['no' 'no' 'no' 'no' 'no' 'no' 'no' 'no' 'no' 'no']
63, 1030, 67
63, 1040, 70
65, 1050, 67
65, 1060, 70
65, 1070, 70
65, 1080, 70
null
['no' 'yes' 'no' 'no' 'no' 'no' 'no' 'no' 'no' 'no']
66, 1080, 70
66, 1090, 71
66, 1100, 71
66, 1110, 71
66, 1120, 71
66, 1130, 71
null
['no' 'no' 'no' 'no' 'no' 'no' 'no' 'no' 'no' 'no']
66, 1130, 71
66, 1140, 71
66, 1150, 70
66, 1160, 70
66, 1170, 70
66, 1180, 70
null
['no' 'no' 'no' 'no' 'no' 'no' 'no' 'no' 'no' 'no']
68, 1180, 70
68, 1190, 72
68, 1200, 72
null
['no' 'no' 'no' 'no' 'no' 'no' 'no' 'no' 'no' 'no']
{'count': 1584, 'truepos': 57, 'falseneg': 2, 'unknownyes': 3, 'falsepos': 12, 'unique': 1200}
16: Danijel.csv: none: 0, 0
4, 10
6, 20, 121
8, 30, 107
10, 40, 110
14, 50, 111
17, 60, 98
18, 70, 93
20, 80, 81
23, 90, 79
25, 100, 82
27, 110, 79
30, 120, 68
31, 130, 70
34, 140, 61
35, 150, 71
36, 160, 65
38, 170, 72
40, 180, 66
42, 190, 74
44, 200, 67
44, 210, 68
46, 220, 70
46, 230, 75
47, 240, 68
51, 250, 68
56, 260, 73
58, 270, 78
60, 280, 81
60, 290, 82
60, 300, 81
63, 310, 76
66, 320, 80
70, 330, 87
72, 340, 93
73, 350, 95
75, 360, 93
75, 370, 94
78, 380, 95
80, 390, 101
81, 400, 96
81, 410, 101
82, 420, 100
82, 430, 98
82, 440, 97
83, 450, 94
83, 460, 99
86, 470, 96
88, 480, 99
89, 490, 103
89, 500, 102
93, 510, 100
94, 520, 110
94, 530, 113
94, 540, 111
94, 550, 105
95, 560, 106
97, 570, 110
98, 580, 111
100, 590, 111
104, 600, 113
108, 610, 123
109, 620, 131
110, 630, 130
111, 640, 132
111, 650, 131
111, 660, 127
112, 670, 126
112, 680, 130
113, 690, 127
114, 700, 130
116, 710, 129
117, 720, 133
118, 730, 135
120, 740, 141
121, 750, 142
122, 760, 143
123, 770, 143
123, 780, 145
125, 790, 145
125, 800, 144
126, 810, 144
126, 820, 144
126, 830, 142
126, 840, 143
128, 850, 145
130, 860, 146
131, 870, 148
132, 880, 147
133, 890, 151
134, 900, 152
134, 910, 153
135, 920, 148
135, 930, 154
138, 940, 153
138, 950, 156
141, 960, 153
142, 970, 160
143, 980, 161
145, 990, 159
148, 1000, 163
150, 1010, 169
150, 1020, 168
152, 1030, 168
153, 1040, 170
153, 1050, 172
155, 1060, 171
156, 1070, 172
157, 1080, 175
157, 1090, 179
157, 1100, 176
158, 1110, 173
159, 1120, 177
160, 1130, 179
160, 1140, 177
162, 1150, 179
163, 1160, 185
163, 1170, 183
166, 1180, 188
168, 1190, 195
169, 1200, 195
169, 1210, 196
171, 1220, 191
171, 1230, 195
172, 1240, 192
172, 1250, 202
172, 1260, 193
172, 1270, 191
173, 1280, 193
173, 1290, 197
175, 1300, 197
176, 1310, 201
178, 1320, 195
179, 1330, 196
179, 1340, 197
180, 1350, 198
181, 1360, 197
181, 1370, 201
181, 1380, 200
183, 1390, 200
184, 1400, 203
185, 1410, 203
187, 1420, 204
188, 1430, 207
189, 1440, 208
189, 1450, 207
191, 1460, 207
192, 1470, 209
194, 1480, 210
195, 1490, 213
195, 1500, 217
196, 1510, 217
196, 1520, 217
196, 1530, 215
197, 1540, 215
198, 1550, 214
199, 1560, 218
199, 1570, 218
201, 1580, 220
203, 1590, 222
203, 1600, 221
205, 1610, 224
207, 1620, 225
208, 1630, 231
209, 1640, 231
210, 1650, 232
210, 1660, 233
210, 1670, 232
212, 1680, 231
213, 1690, 233
214, 1700, 232
215, 1710, 235
216, 1720, 235
216, 1730, 237
216, 1740, 240
216, 1750, 237
217, 1760, 234
217, 1770, 236
218, 1780, 238
218, 1790, 236
220, 1800, 234
220, 1810, 239
221, 1820, 241
223, 1830, 240
223, 1840, 246
224, 1850, 243
226, 1860, 241
228, 1870, 246
229, 1880, 249
230, 1890, 252
232, 1900, 250
232, 1910, 254
235, 1920, 254
236, 1930, 257
236, 1940, 259
238, 1950, 256
238, 1960, 260
238, 1970, 259
238, 1980, 256
239, 1990, 260
240, 2000, 259
242, 2010, 263
244, 2020, 264
246, 2030, 265
249, 2040, 269
250, 2050, 276
253, 2060, 275
254, 2070, 281
255, 2080, 280
256, 2090, 286
257, 2100, 283
258, 2110, 286
261, 2120, 285
263, 2130, 287
264, 2140, 289
264, 2150, 289
265, 2160, 289
266, 2170, 288
267, 2180, 291
267, 2190, 291
267, 2200, 290
268, 2210, 287
268, 2220, 293
268, 2230, 292
269, 2240, 290
270, 2250, 288
272, 2260, 297
273, 2270, 299
273, 2280, 295
274, 2290, 295
276, 2300, 296
277, 2310, 301
277, 2320, 298
279, 2330, 299
280, 2340, 300
281, 2350, 302
281, 2360, 302
283, 2370, 301
284, 2380, 306
285, 2390, 307
286, 2400, 309
287, 2410, 310
288, 2420, 310
288, 2430, 312
288, 2440, 308
289, 2450, 308
290, 2460, 312
291, 2470, 311
291, 2480, 310
293, 2490, 309
294, 2500, 312
295, 2510, 314
296, 2520, 317
296, 2530, 317
296, 2540, 317
297, 2550, 316
299, 2560, 316
300, 2570, 318
300, 2580, 320
302, 2590, 324
302, 2600, 323
302, 2610, 323
302, 2620, 319
302, 2630, 320
304, 2640, 322
305, 2650, 323
305, 2660, 325
306, 2670, 324
306, 2680, 327
306, 2690, 327
307, 2700, 325
307, 2710, 325
308, 2720, 324
309, 2730, 327
311, 2740, 329
313, 2750, 330
314, 2760, 333
315, 2770, 333
316, 2780, 332
318, 2790, 336
318, 2800, 339
319, 2810, 337
320, 2820, 337
320, 2830, 338
323, 2840, 337
323, 2850, 342
324, 2860, 341
325, 2870, 342
326, 2880, 345
327, 2890, 344
328, 2900, 346
{'count': 2900, 'truepos': 43, 'falseneg': 3, 'unknownyes': 2, 'falsepos': 285, 'unique': 2900}
16: Danijel.csv: three: 0, 0
4, 10
4, 20, 125
6, 30, 92
8, 40, 73
8, 50, 62
10, 60, 51
15, 70, 54
19, 80, 73
21, 90, 83
23, 100, 68
26, 110, 64
26, 120, 65
29, 130, 54
29, 140, 56
30, 150, 52
31, 160, 55
34, 170, 48
38, 180, 52
39, 190, 55
40, 200, 57
40, 210, 55
40, 220, 53
40, 230, 53
41, 240, 53
42, 250, 52
42, 260, 54
43, 270, 52
44, 280, 54
45, 290, 59
45, 300, 61
47, 310, 60
47, 320, 63
47, 330, 61
47, 340, 65
47, 350, 57
48, 360, 57
49, 370, 58
49, 380, 60
51, 390, 58
51, 400, 64
51, 410, 62
51, 420, 59
52, 430, 59
53, 440, 59
53, 450, 66
54, 460, 61
54, 470, 63
55, 480, 62
55, 490, 66
55, 500, 61
55, 510, 65
55, 520, 63
55, 530, 63
55, 540, 63
55, 550, 62
55, 560, 63
55, 570, 61
55, 580, 62
55, 590, 63
55, 600, 62
56, 610, 61
56, 620, 61
57, 630, 61
57, 640, 62
57, 650, 63
58, 660, 61
58, 670, 65
59, 680, 63
59, 690, 64
59, 700, 65
59, 710, 64
60, 720, 63
60, 730, 67
61, 740, 65
62, 750, 66
62, 760, 67
62, 770, 67
62, 780, 67
62, 790, 67
62, 800, 67
62, 810, 67
62, 820, 69
63, 830, 67
63, 840, 69
63, 850, 67
63, 860, 67
63, 870, 67
63, 880, 68
63, 890, 67
63, 900, 67
63, 910, 67
63, 920, 68
63, 930, 68
{'count': 2035, 'truepos': 44, 'falseneg': 0, 'unknownyes': 4, 'falsepos': 19, 'unique': 930}
16: Danijel.csv: machine: 0, 0
7, 10
9, 20, 119
10, 30, 125
12, 40, 121
13, 50, 97
15, 60, 85
['no' 'no' 'yes' 'yes' 'no' 'no' 'yes' 'no' 'no' 'yes']
[]
9, 60, 85
12, 70, 70
14, 80, 79
15, 90, 81
21, 100, 70
22, 110, 78
['no' 'no' 'yes' 'no' 'no' 'no' 'no' 'no' 'yes' 'yes']
[]
15, 110, 78
17, 120, 70
20, 130, 67
21, 140, 72
22, 150, 66
22, 160, 62
['yes' 'no' 'yes' 'yes' 'yes' 'yes' 'yes' 'yes' 'yes' 'no']
[]
18, 160, 62
19, 170, 57
20, 180, 56
24, 190, 52
27, 200, 58
28, 210, 59
['yes' 'yes' 'yes' 'yes' 'no' 'yes' 'no' 'yes' 'yes' 'yes']
[]
26, 210, 59
29, 220, 51
30, 230, 54
31, 240, 46
32, 250, 44
33, 260, 44
['yes' 'no' 'no' 'no' 'yes' 'yes' 'yes' 'yes' 'yes' 'no']
['no' 'no' 'no' 'no' 'no' 'yes' 'no' 'no' 'no' 'no']
30, 260, 44
31, 270, 41
34, 280, 41
36, 290, 46
36, 300, 54
40, 310, 49
['yes' 'yes' 'no' 'no' 'yes' 'yes' 'yes' 'no' 'no' 'yes']
['yes' 'no' 'no' 'no' 'no' 'no' 'no' 'no' 'no' 'no']
36, 310, 49
36, 320, 49
37, 330, 46
38, 340, 48
39, 350, 47
40, 360, 49
['no' 'no' 'no' 'no' 'no' 'yes' 'yes' 'yes']
['no' 'no' 'no' 'no' 'no' 'no' 'no' 'no' 'no' 'no']
37, 360, 49
37, 370, 47
37, 380, 44
39, 390, 43
42, 400, 49
44, 410, 57
['no' 'no' 'no' 'no' 'no' 'no' 'no' 'no' 'no']
['no' 'no' 'no' 'no' 'no' 'no' 'no' 'no' 'no' 'no']
37, 410, 57
38, 420, 46
40, 430, 45
41, 440, 48
43, 450, 53
45, 460, 57
['yes' 'no' 'no' 'no' 'no' 'yes' 'no' 'no' 'no']
['no' 'no' 'no' 'no' 'no' 'yes' 'no' 'no' 'no' 'no']
42, 460, 57
43, 470, 52
43, 480, 51
44, 490, 51
46, 500, 52
47, 510, 55
['no' 'no' 'no' 'yes' 'no' 'no' 'no']
['no' 'no' 'no' 'no' 'no' 'no' 'no' 'no' 'no' 'no']
45, 510, 55
46, 520, 55
46, 530, 54
48, 540, 54
50, 550, 56
52, 560, 58
['no' 'no' 'no' 'no' 'no' 'no' 'no' 'no' 'no']
['no' 'no' 'no' 'yes' 'no' 'no' 'no' 'no' 'no' 'no']
45, 560, 58
46, 570, 51
49, 580, 53
50, 590, 60
51, 600, 61
51, 610, 64
['no' 'no' 'no' 'no' 'no' 'no' 'yes']
['no' 'no' 'no' 'no' 'no' 'no' 'no' 'no' 'no' 'no']
45, 610, 64
45, 620, 50
46, 630, 51
46, 640, 51
47, 650, 51
48, 660, 53
['no' 'no' 'no' 'no']
['no' 'no' 'no' 'no' 'no' 'no' 'no' 'no' 'no' 'no']
46, 660, 53
48, 670, 51
49, 680, 53
51, 690, 56
54, 700, 60
55, 710, 70
['no' 'no' 'yes' 'no' 'yes' 'no' 'no' 'no' 'no' 'no']
['no' 'no' 'no' 'no' 'no' 'no' 'no' 'no' 'no' 'no']
47, 710, 70
48, 720, 53
50, 730, 55
51, 740, 56
53, 750, 58
55, 760, 61
['no' 'no' 'no' 'no' 'no' 'no' 'no' 'no' 'no']
['no' 'no' 'no' 'no' 'no' 'no' 'no' 'no' 'no' 'no']
47, 760, 61
49, 770, 51
52, 780, 53
53, 790, 58
53, 800, 58
53, 810, 57
['no' 'no' 'no' 'no' 'no' 'no' 'no']
['no' 'no' 'no' 'no' 'no' 'no' 'no' 'no' 'no' 'no']
49, 810, 57
49, 820, 53
50, 830, 52
50, 840, 54
51, 850, 54
51, 860, 54
['no' 'no' 'no']
['no' 'no' 'no' 'no' 'no' 'no' 'no' 'no' 'no' 'no']
50, 860, 54
50, 870, 53
51, 880, 53
52, 890, 54
54, 900, 56
55, 910, 58
['no' 'no' 'no' 'no' 'no' 'no']
['no' 'no' 'no' 'no' 'no' 'no' 'no' 'no' 'no' 'no']
51, 910, 58
53, 920, 55
53, 930, 57
53, 940, 57
54, 950, 56
55, 960, 58
['no' 'no' 'no' 'no' 'no']
['no' 'no' 'no' 'no' 'no' 'no' 'no' 'no' 'no' 'no']
51, 960, 58
52, 970, 55
55, 980, 56
56, 990, 61
56, 1000, 60
58, 1010, 61
['no' 'no' 'no' 'no' 'no' 'no' 'no' 'no']
['no' 'no' 'no' 'no' 'no' 'no' 'no' 'no' 'no' 'no']
['no' 'no' 'no' 'no' 'no' 'no' 'no' 'no']
['no' 'no' 'no' 'no' 'no' 'no' 'no' 'no' 'no' 'no']
{'count': 1331, 'truepos': 40, 'falseneg': 6, 'unknownyes': 2, 'falsepos': 12, 'unique': 1010}
16: Danijel.csv: machine2: 0, 0
4, 10
5, 20, 123
6, 30, 101
8, 40, 88
11, 50, 86
12, 60, 82
['yes' 'no' 'yes' 'yes' 'no' 'no' 'yes' 'yes' 'yes' 'yes']
[]
9, 60, 82
9, 70, 69
12, 80, 52
16, 90, 51
20, 100, 55
22, 110, 55
['yes' 'yes' 'yes' 'no' 'yes' 'yes' 'yes' 'yes' 'yes' 'yes']
[]
21, 110, 55
26, 120, 51
29, 130, 68
33, 140, 65
35, 150, 55
38, 160, 57
['yes' 'no' 'yes' 'yes' 'no' 'yes' 'yes' 'yes' 'no' 'no']
['no' 'no' 'no' 'no' 'no' 'no' 'no' 'no' 'no' 'no']
36, 160, 57
38, 170, 54
40, 180, 55
41, 190, 63
42, 200, 62
42, 210, 64
['no' 'yes' 'yes' 'no' 'yes' 'yes' 'no' 'no' 'yes' 'no']
['no' 'no' 'no' 'no' 'no' 'no' 'no' 'no' 'no' 'no']
40, 210, 64
42, 220, 56
42, 230, 58
45, 240, 57
46, 250, 61
46, 260, 64
['no' 'no' 'no' 'yes' 'no' 'yes' 'no' 'no' 'no' 'yes']
['no' 'no' 'no' 'no' 'no' 'no' 'no' 'no' 'no' 'no']
43, 260, 64
43, 270, 55
43, 280, 53
44, 290, 53
46, 300, 54
47, 310, 58
['yes' 'no' 'yes' 'no' 'no' 'yes' 'no' 'yes' 'yes' 'no']
['no' 'no' 'no' 'no' 'no' 'no' 'no' 'no' 'no' 'no']
43, 310, 58
45, 320, 54
45, 330, 56
47, 340, 56
48, 350, 59
50, 360, 59
['no' 'yes' 'no' 'no' 'yes' 'no' 'yes' 'yes']
['no' 'no' 'no' 'no' 'no' 'no' 'no' 'no' 'no' 'no']
49, 360, 59
50, 370, 60
50, 380, 64
50, 390, 63
50, 400, 60
51, 410, 60
['no' 'no' 'no']
['no' 'no' 'no' 'no' 'no' 'no' 'no' 'no' 'no' 'no']
48, 410, 60
50, 420, 57
50, 430, 66
50, 440, 62
50, 450, 61
51, 460, 62
['no' 'no' 'no']
['no' 'yes' 'no' 'yes' 'no' 'no' 'no' 'no' 'no' 'no']
55, 460, 62
57, 470, 63
58, 480, 68
60, 490, 67
63, 500, 68
64, 510, 72
['no' 'no' 'no' 'no' 'no' 'no' 'no' 'yes' 'no' 'no']
['no' 'no' 'no' 'no' 'no' 'no' 'no' 'no' 'no' 'no']
59, 510, 72
60, 520, 65
62, 530, 68
64, 540, 73
64, 550, 74
64, 560, 72
['no' 'no' 'no' 'no' 'no' 'yes' 'no' 'yes' 'no' 'no']
['no' 'no' 'no' 'no' 'no' 'no' 'no' 'no' 'no' 'no']
60, 560, 72
62, 570, 69
62, 580, 71
63, 590, 71
67, 600, 71
69, 610, 83
['no' 'no' 'no' 'no' 'no' 'no' 'no' 'no' 'no' 'no']
['no' 'no' 'no' 'no' 'no' 'no' 'no' 'no' 'no' 'no']
63, 610, 83
65, 620, 73
66, 630, 73
67, 640, 76
68, 650, 73
69, 660, 78
['no' 'no' 'no' 'no' 'no' 'no' 'no' 'no']
['no' 'no' 'no' 'no' 'no' 'no' 'no' 'no' 'no' 'no']
64, 660, 78
66, 670, 72
66, 680, 74
69, 690, 73
70, 700, 80
73, 710, 76
['no' 'no' 'no' 'no' 'no' 'no' 'no' 'no' 'no']
['no' 'no' 'no' 'no' 'no' 'no' 'no' 'no' 'no' 'no']
['no' 'no' 'no' 'no' 'no' 'no' 'no' 'no' 'no']
['no' 'no' 'no' 'no' 'no' 'no' 'no' 'no' 'no' 'no']
{'count': 1006, 'truepos': 42, 'falseneg': 2, 'unknownyes': 4, 'falsepos': 26, 'unique': 710}
16: Danijel.csv: machine3: 0, 0
4, 10
4, 20, 118
5, 30, 95
6, 40, 64
8, 50, 52
9, 60, 56
null
[]
9, 70, 52
12, 80, 45
16, 90, 55
20, 100, 57
22, 110, 64
23, 120, 66
null
[]
26, 130, 64
27, 140, 71
28, 150, 62
28, 160, 60
28, 170, 55
28, 180, 51
null
[]
29, 190, 49
29, 200, 48
30, 210, 47
31, 220, 42
32, 230, 45
32, 240, 43
null
['no' 'no' 'yes' 'no' 'no' 'no' 'no' 'no' 'no' 'yes']
34, 240, 43
34, 250, 44
34, 260, 43
36, 270, 43
36, 280, 47
36, 290, 44
null
['yes' 'no' 'no' 'no' 'no' 'no' 'no' 'no' 'yes' 'no']
39, 290, 44
40, 300, 46
41, 310, 47
41, 320, 47
41, 330, 48
41, 340, 47
null
['no' 'no' 'no' 'yes' 'no' 'no' 'no' 'no' 'no' 'no']
41, 340, 47
41, 350, 46
41, 360, 47
42, 370, 46
42, 380, 47
42, 390, 47
null
['no' 'no' 'no' 'no' 'no' 'no' 'yes' 'no' 'no' 'no']
43, 390, 47
44, 400, 47
44, 410, 50
45, 420, 50
45, 430, 50
45, 440, 49
null
['no' 'no' 'no' 'no' 'no' 'no' 'no' 'no' 'no' 'no']
45, 440, 49
45, 450, 49
45, 460, 50
46, 470, 49
46, 480, 51
46, 490, 51
null
['no' 'no' 'no' 'no' 'no' 'no' 'no' 'no' 'no' 'no']
46, 490, 51
46, 500, 50
47, 510, 50
47, 520, 53
48, 530, 52
48, 540, 54
null
['no' 'no' 'no' 'no' 'no' 'no' 'no' 'no' 'no' 'no']
48, 540, 54
48, 550, 52
49, 560, 52
49, 570, 54
49, 580, 54
49, 590, 53
null
['no' 'no' 'no' 'no' 'no' 'no' 'no' 'no' 'no' 'no']
50, 590, 53
51, 600, 56
51, 610, 60
51, 620, 60
52, 630, 58
52, 640, 58
null
['no' 'no' 'no' 'no' 'no' 'no' 'no' 'no' 'no' 'no']
52, 640, 58
52, 650, 59
53, 660, 59
53, 670, 62
53, 680, 60
53, 690, 60
null
['no' 'no' 'no' 'no' 'no' 'no' 'no' 'no' 'no' 'no']
53, 690, 60
53, 700, 59
53, 710, 61
53, 720, 59
53, 730, 58
53, 740, 58
null
['no' 'no' 'no' 'no' 'no' 'no' 'no' 'no' 'no' 'no']
53, 740, 58
53, 750, 58
53, 760, 57
53, 770, 58
54, 780, 58
54, 790, 58
null
['no' 'no' 'no' 'no' 'no' 'no' 'no' 'no' 'no' 'no']
54, 790, 58
54, 800, 59
54, 810, 57
55, 820, 58
55, 830, 59
55, 840, 60
null
['no' 'no' 'no' 'no' 'no' 'no' 'no' 'no' 'no' 'no']
55, 840, 60
55, 850, 59
55, 860, 59
55, 870, 60
55, 880, 59
55, 890, 58
null
['no' 'no' 'no' 'no' 'no' 'no' 'no' 'no' 'no' 'no']
55, 890, 58
55, 900, 59
55, 910, 58
55, 920, 58
55, 930, 58
55, 940, 58
null
['no' 'no' 'no' 'yes' 'no' 'no' 'no' 'no' 'no' 'no']
57, 940, 58
null
['no' 'yes' 'no' 'no' 'no' 'no' 'no' 'no' 'no' 'no']
{'count': 1251, 'truepos': 43, 'falseneg': 2, 'unknownyes': 3, 'falsepos': 15, 'unique': 940}
16: K_all3.csv: none: 0, 0
3, 10
4, 20, 76
4, 30, 70
4, 40, 62
5, 50, 55
7, 60, 53
9, 70, 54
10, 80, 51
12, 90, 47
13, 100, 48
17, 110, 48
21, 120, 60
21, 130, 60
22, 140, 56
25, 150, 53
28, 160, 57
30, 170, 59
30, 180, 43
30, 190, 41
33, 200, 40
35, 210, 45
36, 220, 46
39, 230, 48
39, 240, 48
40, 250, 47
43, 260, 47
44, 270, 52
45, 280, 51
48, 290, 50
48, 300, 53
52, 310, 53
54, 320, 58
54, 330, 60
55, 340, 60
58, 350, 60
59, 360, 69
62, 370, 68
64, 380, 73
64, 390, 75
64, 400, 75
65, 410, 72
67, 420, 71
68, 430, 73
68, 440, 74
68, 450, 73
71, 460, 72
72, 470, 76
73, 480, 76
{'count': 480, 'truepos': 32, 'falseneg': 5, 'unknownyes': 8, 'falsepos': 41, 'unique': 480}
16: K_all3.csv: three: 0, 0
1, 10
2, 20, 93
3, 30, 62
6, 40, 52
10, 50, 59
11, 60, 63
13, 70, 56
14, 80, 56
16, 90, 51
17, 100, 54
18, 110, 51
19, 120, 50
21, 130, 49
23, 140, 47
23, 150, 49
24, 160, 46
25, 170, 48
26, 180, 48
28, 190, 48
30, 200, 50
32, 210, 45
32, 220, 49
33, 230, 47
36, 240, 45
37, 250, 48
37, 260, 47
37, 270, 45
37, 280, 45
38, 290, 44
38, 300, 43
39, 310, 43
39, 320, 44
41, 330, 43
42, 340, 45
43, 350, 46
46, 360, 47
47, 370, 50
48, 380, 52
49, 390, 53
51, 400, 53
52, 410, 55
53, 420, 57
55, 430, 58
55, 440, 59
56, 450, 59
57, 460, 60
{'count': 1003, 'truepos': 36, 'falseneg': 1, 'unknownyes': 8, 'falsepos': 21, 'unique': 460}
16: K_all3.csv: machine: 0, 0
1, 10
4, 20, 93
8, 30, 64
10, 40, 66
15, 50, 63
17, 60, 66
['no' 'yes' 'yes' 'yes' 'yes' 'yes' 'no' 'yes' 'yes' 'no']
['no' 'no']
12, 60, 66
13, 70, 69
14, 80, 63
16, 90, 57
19, 100, 55
22, 110, 55
['no' 'yes' 'yes' 'no' 'yes' 'no' 'yes' 'yes' 'no' 'yes']
['no' 'yes']
18, 110, 55
20, 120, 48
22, 130, 50
24, 140, 51
24, 150, 53
26, 160, 48
['no' 'no' 'yes' 'no' 'no' 'no' 'no' 'no' 'no' 'yes']
['no']
19, 160, 48
20, 170, 44
21, 180, 45
23, 190, 45
25, 200, 46
27, 210, 48
['yes' 'no' 'yes' 'no' 'no' 'yes' 'no' 'no' 'no' 'no']
['yes' 'no']
20, 210, 48
21, 220, 45
22, 230, 44
24, 240, 45
24, 250, 46
26, 260, 44
['no' 'yes' 'no' 'yes' 'yes' 'no' 'no' 'no' 'no']
['yes']
21, 260, 44
22, 270, 44
22, 280, 44
23, 290, 43
23, 300, 44
23, 310, 43
['no' 'no']
['no']
21, 310, 43
22, 320, 42
25, 330, 43
29, 340, 45
33, 350, 48
35, 360, 43
['no' 'no' 'no' 'yes' 'no' 'yes' 'yes' 'no' 'yes' 'no']
['no' 'no' 'no' 'no' 'no' 'no' 'no' 'no' 'yes' 'no']
30, 360, 43
31, 370, 40
32, 380, 40
33, 390, 39
34, 400, 40
35, 410, 41
['no' 'no' 'yes' 'no' 'no' 'no' 'no' 'yes' 'no']
['no' 'no' 'no' 'no' 'no' 'no' 'no' 'no' 'no' 'no']
29, 410, 41
30, 420, 46
31, 430, 36
32, 440, 36
34, 450, 36
35, 460, 37
['yes' 'no' 'no' 'no' 'no' 'no' 'no']
['no' 'no' 'yes' 'no' 'no' 'no' 'no' 'no' 'no' 'yes']
31, 460, 37
34, 470, 35
36, 480, 37
37, 490, 39
38, 500, 41
40, 510, 41
['no' 'no' 'no' 'no' 'yes' 'yes' 'yes' 'no' 'yes' 'no']
['no' 'no' 'no' 'no' 'no' 'no' 'no' 'no' 'no' 'no']
['no' 'no' 'no' 'no' 'yes' 'no' 'yes' 'yes' 'yes' 'no']
['no' 'no' 'no' 'no' 'no' 'no' 'no' 'no' 'no' 'no']
{'count': 646, 'truepos': 31, 'falseneg': 4, 'unknownyes': 10, 'falsepos': 4, 'unique': 510}
16: K_all3.csv: machine2: 0, 0
1, 10
4, 20, 92
4, 30, 67
5, 40, 50
7, 50, 45
10, 60, 45
['no' 'yes' 'yes' 'yes' 'no' 'yes' 'yes' 'no' 'yes' 'yes']
[]
8, 60, 45
9, 70, 55
13, 80, 50
18, 90, 55
22, 100, 57
24, 110, 64
['no' 'yes' 'yes' 'no' 'no' 'no' 'yes' 'yes' 'yes' 'yes']
['no' 'no']
21, 110, 64
22, 120, 55
26, 130, 49
26, 140, 52
29, 150, 49
30, 160, 54
['yes' 'yes' 'no' 'no' 'no' 'no' 'yes' 'yes' 'yes' 'no']
['no' 'no' 'no' 'no' 'no' 'no' 'no' 'no' 'no' 'no']
26, 160, 54
28, 170, 45
29, 180, 47
30, 190, 47
31, 200, 37
31, 210, 40
['no' 'no' 'yes' 'no' 'no' 'yes' 'yes' 'yes' 'yes' 'yes']
['no' 'no' 'no' 'no' 'no' 'no' 'no' 'no' 'no' 'no']
28, 210, 40
28, 220, 47
30, 230, 45
30, 240, 37
32, 250, 38
33, 260, 44
['yes' 'yes' 'no' 'yes' 'no']
['no' 'no' 'no' 'no' 'no' 'no' 'no' 'no' 'no' 'no']
32, 260, 44
35, 270, 38
35, 280, 43
35, 290, 41
37, 300, 40
40, 310, 46
['no' 'no' 'no' 'yes' 'no' 'no' 'no' 'no' 'no']
['no' 'no' 'no' 'no' 'no' 'no' 'no' 'no' 'no' 'no']
34, 310, 46
36, 320, 39
38, 330, 39
38, 340, 42
41, 350, 41
41, 360, 44
['no' 'yes' 'no' 'no' 'no' 'no' 'no' 'no']
['no' 'no' 'no' 'no' 'no' 'no' 'no' 'no' 'no' 'no']
37, 360, 44
39, 370, 40
39, 380, 42
42, 390, 42
43, 400, 46
45, 410, 46
['no' 'yes' 'no' 'no' 'no' 'no' 'no' 'no' 'no' 'no']
['no' 'no' 'no' 'no' 'no' 'no' 'no' 'no' 'no' 'no']
['no' 'no' 'yes' 'no' 'no' 'no' 'no' 'no' 'no' 'no']
['no' 'no' 'no' 'no' 'no' 'no' 'no' 'no' 'no' 'no']
{'count': 579, 'truepos': 30, 'falseneg': 3, 'unknownyes': 12, 'falsepos': 11, 'unique': 410}
16: K_all3.csv: machine3: 0, 0
1, 10
2, 20, 92
3, 30, 62
5, 40, 54
10, 50, 51
12, 60, 66
null
['no']
12, 60, 66
15, 70, 59
17, 80, 61
17, 90, 57
18, 100, 51
19, 110, 48
null
[]
20, 120, 46
20, 130, 45
20, 140, 43
20, 150, 42
21, 160, 41
21, 170, 42
null
[]
22, 180, 40
22, 190, 41
23, 200, 40
24, 210, 41
25, 220, 42
26, 230, 42
null
['no']
26, 230, 42
27, 240, 42
28, 250, 43
28, 260, 43
28, 270, 43
28, 280, 43
null
[]
29, 290, 42
29, 300, 43
30, 310, 43
30, 320, 37
30, 330, 36
30, 340, 35
null
['no' 'no' 'no' 'no' 'yes' 'no' 'no' 'no' 'yes' 'no']
32, 340, 35
32, 350, 36
33, 360, 35
33, 370, 37
33, 380, 37
33, 390, 36
null
['no' 'no' 'no' 'no' 'no' 'no' 'no' 'no' 'no' 'no']
34, 390, 36
34, 400, 37
34, 410, 38
34, 420, 37
34, 430, 37
34, 440, 36
null
['no' 'no' 'no' 'no' 'no' 'no' 'no' 'no' 'no' 'no']
34, 440, 36
34, 450, 36
null
['no' 'no' 'no' 'no' 'no' 'no' 'no' 'no' 'no' 'no']
{'count': 556, 'truepos': 28, 'falseneg': 7, 'unknownyes': 10, 'falsepos': 6, 'unique': 450}

------------------------------------------------------------
Sender: LSF System <lsfadmin@n2d2-9>
Subject: Job 266956: </share/tjmenzie/zyu9/miniconda2/bin/python2.7 runner.py error_hpcc 16> Done

Job </share/tjmenzie/zyu9/miniconda2/bin/python2.7 runner.py error_hpcc 16> was submitted from host <login01.hpc.ncsu.edu> by user <zyu9> in cluster <henry2>.
Job was executed on host(s) <2*n2d2-9>, in queue <single_chassis>, as user <zyu9> in cluster <henry2>.
</home/zyu9> was used as the home directory.
</home/zyu9/projects/MAR_HPC/Error/src> was used as the working directory.
Started at Tue Oct 17 11:28:46 2017
Results reported at Tue Oct 17 19:16:57 2017

Your job looked like:

------------------------------------------------------------
# LSBATCH: User input
/share/tjmenzie/zyu9/miniconda2/bin/python2.7 runner.py error_hpcc 16
------------------------------------------------------------

Successfully completed.

Resource usage summary:

    CPU time   :  30807.50 sec.
    Max Memory :       185 MB
    Max Swap   :      1203 MB

    Max Processes  :         3
    Max Threads    :         8

The output (if any) is above this job summary.



PS:

Read file <./err/16.err.266956> for stderr output of this job.

