17: Hall.csv: none: 0, 0
8, 10
11, 20, 123
12, 30, 137
16, 40, 137
16, 50, 125
23, 60, 111
29, 70, 99
33, 80, 106
40, 90, 96
47, 100, 101
49, 110, 109
52, 120, 101
56, 130, 96
57, 140, 106
61, 150, 91
64, 160, 107
67, 170, 92
71, 180, 90
76, 190, 96
79, 200, 94
83, 210, 95
86, 220, 98
89, 230, 102
93, 240, 104
95, 250, 109
97, 260, 112
98, 270, 112
98, 280, 111
99, 290, 111
100, 300, 111
100, 310, 112
100, 320, 111
100, 330, 112
101, 340, 109
101, 350, 111
101, 360, 114
101, 370, 112
101, 380, 111
101, 390, 109
101, 400, 110
101, 410, 107
101, 420, 107
101, 430, 108
102, 440, 107
102, 450, 109
102, 460, 108
{'count': 460, 'truepos': 102, 'falseneg': 0, 'correction': 0, 'unknownyes': 2, 'falsepos': 0, 'unique': 460}
17: Hall.csv: three: 0, 0
8, 10
9, 20, 121
13, 30, 114
15, 40, 132
18, 50, 125
21, 60, 125
28, 70, 87
34, 80, 92
39, 90, 92
46, 100, 95
52, 110, 103
56, 120, 112
60, 130, 103
62, 140, 102
67, 150, 98
70, 160, 104
74, 170, 99
76, 180, 101
80, 190, 95
81, 200, 99
84, 210, 95
88, 220, 100
90, 230, 103
91, 240, 109
94, 250, 106
95, 260, 111
96, 270, 113
96, 280, 110
96, 290, 108
98, 300, 106
98, 310, 112
98, 320, 110
98, 330, 110
98, 340, 106
100, 350, 106
101, 360, 110
101, 370, 111
102, 380, 109
102, 390, 112
102, 400, 112
102, 410, 110
102, 420, 111
102, 430, 110
102, 440, 111
102, 450, 108
102, 460, 109
102, 470, 108
102, 480, 109
102, 490, 110
102, 500, 108
102, 510, 108
102, 520, 108
102, 530, 109
102, 540, 108
{'count': 1080, 'truepos': 102, 'falseneg': 0, 'correction': 0, 'unknownyes': 2, 'falsepos': 0, 'unique': 540}
17: Hall.csv: machine: 0, 0
8, 10
9, 20, 123
11, 30, 116
17, 40, 114
21, 50, 121
26, 60, 80
26, 60, 80
32, 70, 79
34, 80, 89
39, 90, 81
44, 100, 86
44, 110, 89
44, 110, 89
52, 120, 77
57, 130, 85
62, 140, 89
63, 150, 98
65, 160, 91
65, 160, 91
69, 170, 82
76, 180, 88
78, 190, 106
81, 200, 96
82, 210, 95
82, 210, 95
84, 220, 96
88, 230, 99
89, 240, 103
93, 250, 109
96, 260, 109
96, 260, 109
96, 270, 113
96, 280, 112
96, 290, 110
97, 300, 108
97, 310, 109
97, 310, 109
99, 320, 106
99, 330, 115
101, 340, 110
101, 350, 115
101, 360, 114
101, 360, 114
101, 370, 111
101, 380, 111
101, 390, 109
102, 400, 112
102, 410, 112
102, 410, 112
102, 420, 111
102, 430, 110
102, 440, 109
102, 450, 109
102, 460, 108
{'count': 616, 'truepos': 102, 'falseneg': 0, 'correction': 0, 'unknownyes': 2, 'falsepos': 0, 'unique': 460}
17: Hall.csv: knee: 0, 0
8, 10
10, 20
14, 30
14, 40
16, 50
19, 60
19, 70
22, 80
29, 90
36, 100
40, 110
47, 120
50, 130
57, 140
59, 150
61, 160
63, 170
68, 180
72, 190
74, 200
77, 210
84, 220
88, 230
89, 240
90, 250
94, 260
96, 270
97, 280
98, 290
98, 300
98, 310
98, 320
99, 330
99, 340
99, 350
99, 360
99, 370
99, 380
99, 390
99, 400
101, 410
101, 420
102, 430
102, 440
102, 450
102, 460
102, 470
{'count': 626, 'truepos': 102, 'falseneg': 0, 'correction': 0, 'unknownyes': 2, 'falsepos': 0, 'unique': 470}
17: Wahono.csv: none: 0, 0
6, 10
6, 20, 100
7, 30, 96
11, 40, 91
14, 50, 82
16, 60, 81
18, 70, 68
21, 80, 65
24, 90, 48
26, 100, 50
28, 110, 57
28, 120, 58
33, 130, 57
33, 140, 69
33, 150, 68
35, 160, 69
36, 170, 62
36, 180, 60
37, 190, 59
38, 200, 59
39, 210, 55
39, 220, 60
40, 230, 57
40, 240, 58
40, 250, 54
42, 260, 58
42, 270, 59
44, 280, 55
44, 290, 59
44, 300, 60
44, 310, 59
44, 320, 58
44, 330, 57
44, 340, 54
45, 350, 55
45, 360, 61
45, 370, 59
46, 380, 54
46, 390, 60
48, 400, 56
48, 410, 59
48, 420, 59
49, 430, 58
49, 440, 60
49, 450, 58
49, 460, 60
49, 470, 61
49, 480, 58
50, 490, 58
51, 500, 58
51, 510, 59
51, 520, 60
51, 530, 60
51, 540, 59
51, 550, 58
51, 560, 59
52, 570, 58
53, 580, 59
53, 590, 61
55, 600, 60
56, 610, 63
57, 620, 66
58, 630, 66
58, 640, 66
58, 650, 68
58, 660, 67
58, 670, 67
58, 680, 65
58, 690, 66
58, 700, 66
58, 710, 66
58, 720, 66
58, 730, 66
58, 740, 66
58, 750, 66
58, 760, 64
58, 770, 65
58, 780, 64
58, 790, 66
59, 800, 64
59, 810, 66
59, 820, 65
59, 830, 64
59, 840, 65
59, 850, 65
59, 860, 65
59, 870, 64
59, 880, 65
59, 890, 65
59, 900, 65
59, 910, 64
59, 920, 65
59, 930, 64
59, 940, 65
59, 950, 64
59, 960, 64
59, 970, 65
59, 980, 64
59, 990, 64
59, 1000, 64
59, 1010, 64
59, 1020, 64
59, 1030, 63
59, 1040, 64
59, 1050, 64
59, 1060, 63
59, 1070, 64
59, 1080, 63
59, 1090, 63
59, 1100, 64
59, 1110, 63
59, 1120, 63
59, 1130, 63
59, 1140, 63
59, 1150, 63
59, 1160, 63
59, 1170, 63
59, 1180, 63
59, 1190, 63
{'count': 1190, 'truepos': 59, 'falseneg': 0, 'correction': 0, 'unknownyes': 3, 'falsepos': 0, 'unique': 1190}
17: Wahono.csv: three: 0, 0
6, 10
7, 20, 100
8, 30, 97
9, 40, 89
12, 50, 65
15, 60, 63
17, 70, 58
20, 80, 62
22, 90, 40
24, 100, 45
27, 110, 47
29, 120, 62
31, 130, 61
31, 140, 61
33, 150, 64
33, 160, 65
35, 170, 58
36, 180, 56
37, 190, 61
38, 200, 60
39, 210, 60
39, 220, 69
41, 230, 59
43, 240, 62
44, 250, 61
45, 260, 65
45, 270, 67
46, 280, 62
47, 290, 65
47, 300, 66
47, 310, 63
47, 320, 65
47, 330, 65
47, 340, 60
47, 350, 63
47, 360, 59
48, 370, 60
48, 380, 61
48, 390, 60
48, 400, 60
48, 410, 62
49, 420, 57
49, 430, 59
49, 440, 62
49, 450, 59
51, 460, 59
51, 470, 62
51, 480, 61
51, 490, 59
51, 500, 61
51, 510, 61
51, 520, 60
51, 530, 59
51, 540, 58
51, 550, 59
51, 560, 58
53, 570, 59
53, 580, 62
54, 590, 61
56, 600, 62
56, 610, 65
56, 620, 65
57, 630, 65
58, 640, 65
58, 650, 67
58, 660, 66
58, 670, 66
58, 680, 67
58, 690, 66
58, 700, 66
58, 710, 65
59, 720, 65
59, 730, 66
59, 740, 66
59, 750, 66
59, 760, 66
59, 770, 66
59, 780, 68
59, 790, 66
59, 800, 66
59, 810, 66
59, 820, 65
59, 830, 67
59, 840, 66
59, 850, 65
59, 860, 65
59, 870, 66
59, 880, 65
59, 890, 65
59, 900, 64
59, 910, 66
59, 920, 64
59, 930, 65
59, 940, 64
59, 950, 65
59, 960, 65
59, 970, 64
59, 980, 64
59, 990, 64
59, 1000, 64
59, 1010, 63
59, 1020, 64
59, 1030, 63
59, 1040, 64
59, 1050, 64
59, 1060, 63
59, 1070, 63
59, 1080, 63
59, 1090, 63
59, 1100, 63
59, 1110, 63
59, 1120, 63
59, 1130, 64
59, 1140, 63
59, 1150, 63
59, 1160, 63
59, 1170, 63
59, 1180, 63
59, 1190, 63
{'count': 2380, 'truepos': 59, 'falseneg': 0, 'correction': 0, 'unknownyes': 3, 'falsepos': 0, 'unique': 1190}
17: Wahono.csv: machine: 0, 0
6, 10
7, 20, 97
9, 30, 99
9, 40, 105
11, 50, 69
15, 60, 55
16, 70, 63
18, 80, 56
20, 90, 55
22, 100, 38
25, 110, 42
29, 120, 50
29, 120, 50
29, 130, 68
30, 140, 59
31, 150, 61
32, 160, 59
33, 170, 56
33, 170, 56
34, 180, 60
35, 190, 59
35, 200, 56
37, 210, 58
38, 220, 57
38, 220, 57
39, 230, 59
40, 240, 57
42, 250, 58
42, 260, 60
42, 270, 64
42, 270, 64
44, 280, 58
44, 290, 64
46, 300, 58
46, 310, 64
47, 320, 59
47, 320, 59
48, 330, 61
48, 340, 63
48, 350, 63
48, 360, 63
48, 370, 62
48, 370, 62
48, 380, 58
48, 390, 60
48, 400, 61
49, 410, 57
50, 420, 61
50, 420, 61
50, 430, 60
50, 440, 60
50, 450, 62
50, 460, 61
50, 470, 60
50, 470, 60
50, 480, 60
50, 490, 59
50, 500, 59
51, 510, 57
52, 520, 58
52, 520, 58
52, 530, 60
52, 540, 59
52, 550, 59
53, 560, 59
53, 570, 60
53, 570, 60
53, 580, 61
55, 590, 60
57, 600, 64
58, 610, 67
58, 620, 66
58, 620, 66
58, 630, 67
58, 640, 65
58, 650, 68
58, 660, 66
58, 670, 66
58, 670, 66
58, 680, 67
58, 690, 66
58, 700, 67
58, 710, 65
58, 720, 66
58, 720, 66
58, 730, 64
58, 740, 64
58, 750, 65
58, 760, 66
58, 770, 64
58, 770, 64
58, 780, 65
58, 790, 64
58, 800, 64
58, 810, 64
58, 820, 65
58, 820, 65
58, 830, 64
58, 840, 64
58, 850, 64
58, 860, 65
59, 870, 64
59, 870, 64
59, 880, 65
59, 890, 66
59, 900, 65
59, 910, 65
59, 920, 63
59, 920, 63
59, 930, 65
59, 940, 65
59, 950, 65
59, 960, 63
59, 970, 65
59, 970, 65
59, 980, 65
59, 990, 64
59, 1000, 65
59, 1010, 64
59, 1020, 64
59, 1020, 64
59, 1030, 63
59, 1040, 64
59, 1050, 63
59, 1060, 63
59, 1070, 63
59, 1070, 63
59, 1080, 63
59, 1090, 63
59, 1100, 63
59, 1110, 63
{'count': 1638, 'truepos': 59, 'falseneg': 0, 'correction': 0, 'unknownyes': 3, 'falsepos': 0, 'unique': 1110}
17: Wahono.csv: knee: 0, 0
6, 10
6, 20
{'count': 24, 'truepos': 6, 'falseneg': 0, 'correction': 0, 'unknownyes': 56, 'falsepos': 0, 'unique': 20}
17: Danijel.csv: none: 0, 0
4, 10
5, 20, 124
9, 30, 97
10, 40, 92
11, 50, 85
12, 60, 75
13, 70, 59
13, 80, 55
15, 90, 50
18, 100, 52
20, 110, 53
21, 120, 42
23, 130, 38
24, 140, 40
24, 150, 39
26, 160, 38
27, 170, 40
28, 180, 42
31, 190, 39
33, 200, 43
34, 210, 45
34, 220, 45
34, 230, 44
35, 240, 43
35, 250, 46
37, 260, 43
37, 270, 47
38, 280, 46
38, 290, 44
38, 300, 49
40, 310, 45
40, 320, 50
40, 330, 47
40, 340, 48
40, 350, 47
40, 360, 46
40, 370, 46
40, 380, 47
40, 390, 46
41, 400, 45
42, 410, 47
42, 420, 48
42, 430, 48
42, 440, 50
43, 450, 48
44, 460, 48
44, 470, 51
44, 480, 50
44, 490, 50
44, 500, 52
45, 510, 50
45, 520, 49
45, 530, 50
45, 540, 50
45, 550, 49
45, 560, 49
45, 570, 50
45, 580, 50
45, 590, 49
45, 600, 49
45, 610, 50
45, 620, 49
45, 630, 48
45, 640, 48
45, 650, 49
45, 660, 49
45, 670, 49
45, 680, 48
45, 690, 48
45, 700, 48
45, 710, 48
45, 720, 48
45, 730, 48
45, 740, 48
{'count': 740, 'truepos': 45, 'falseneg': 0, 'correction': 0, 'unknownyes': 3, 'falsepos': 0, 'unique': 740}
17: Danijel.csv: three: 0, 0
4, 10
4, 20, 130
6, 30, 97
10, 40, 87
11, 50, 86
12, 60, 76
12, 70, 65
15, 80, 55
19, 90, 55
23, 100, 59
25, 110, 47
27, 120, 48
28, 130, 48
28, 140, 49
29, 150, 45
29, 160, 46
29, 170, 44
31, 180, 43
32, 190, 45
35, 200, 46
36, 210, 48
37, 220, 48
39, 230, 49
39, 240, 50
41, 250, 53
41, 260, 56
41, 270, 55
41, 280, 52
41, 290, 50
41, 300, 55
41, 310, 51
42, 320, 49
43, 330, 50
43, 340, 51
43, 350, 53
43, 360, 52
43, 370, 52
43, 380, 50
43, 390, 51
43, 400, 51
43, 410, 51
43, 420, 50
43, 430, 50
43, 440, 50
43, 450, 50
44, 460, 48
44, 470, 51
44, 480, 50
44, 490, 49
44, 500, 49
44, 510, 49
44, 520, 49
44, 530, 49
44, 540, 49
44, 550, 50
44, 560, 50
44, 570, 49
44, 580, 48
44, 590, 49
44, 600, 48
44, 610, 49
44, 620, 48
45, 630, 47
45, 640, 50
45, 650, 48
45, 660, 48
45, 670, 48
45, 680, 48
45, 690, 48
45, 700, 48
45, 710, 49
45, 720, 48
45, 730, 48
45, 740, 48
45, 750, 48
45, 760, 48
45, 770, 48
45, 780, 48
{'count': 1560, 'truepos': 45, 'falseneg': 0, 'correction': 0, 'unknownyes': 3, 'falsepos': 0, 'unique': 780}
17: Danijel.csv: machine: 0, 0
4, 10
5, 20, 122
10, 30, 101
11, 40, 103
12, 50, 97
12, 60, 95
13, 70, 70
15, 80, 62
16, 90, 62
18, 100, 53
19, 110, 55
23, 120, 45
23, 120, 45
25, 130, 45
27, 140, 43
28, 150, 45
30, 160, 44
30, 170, 45
30, 170, 45
30, 180, 45
31, 190, 43
32, 200, 44
32, 210, 45
33, 220, 42
33, 220, 42
36, 230, 44
37, 240, 47
39, 250, 48
40, 260, 49
41, 270, 51
41, 270, 51
41, 280, 51
41, 290, 49
41, 300, 50
41, 310, 50
41, 320, 49
41, 320, 49
41, 330, 50
41, 340, 49
42, 350, 48
42, 360, 49
42, 370, 49
42, 370, 49
42, 380, 48
42, 390, 51
42, 400, 51
43, 410, 49
43, 420, 50
43, 420, 50
43, 430, 50
43, 440, 50
43, 450, 50
43, 460, 49
44, 470, 49
44, 470, 49
44, 480, 51
44, 490, 49
44, 500, 49
44, 510, 50
44, 520, 50
44, 520, 50
44, 530, 49
44, 540, 50
44, 550, 49
44, 560, 49
44, 570, 50
44, 570, 50
44, 580, 48
44, 590, 48
44, 600, 49
44, 610, 48
44, 620, 48
44, 620, 48
45, 630, 48
45, 640, 49
45, 650, 49
45, 660, 49
45, 670, 48
45, 670, 48
45, 680, 49
45, 690, 48
45, 700, 49
45, 710, 48
45, 720, 48
45, 720, 48
45, 730, 48
45, 740, 48
45, 750, 48
45, 760, 48
45, 770, 48
45, 770, 48
{'count': 1219, 'truepos': 45, 'falseneg': 0, 'correction': 0, 'unknownyes': 3, 'falsepos': 0, 'unique': 770}
17: Danijel.csv: knee: 0, 0
4, 10
4, 20
7, 30
7, 40
9, 50
10, 60
13, 70
15, 80
19, 90
20, 100
22, 110
27, 120
27, 130
28, 140
28, 150
29, 160
30, 170
30, 180
31, 190
32, 200
34, 210
34, 220
34, 230
34, 240
34, 250
35, 260
36, 270
37, 280
38, 290
38, 300
39, 310
39, 320
39, 330
40, 340
40, 350
41, 360
41, 370
41, 380
41, 390
41, 400
41, 410
42, 420
43, 430
43, 440
43, 450
43, 460
43, 470
43, 480
43, 490
44, 500
44, 510
44, 520
44, 530
44, 540
44, 550
44, 560
44, 570
44, 580
44, 590
44, 600
44, 610
44, 620
{'count': 806, 'truepos': 44, 'falseneg': 0, 'correction': 0, 'unknownyes': 4, 'falsepos': 0, 'unique': 620}
17: K_all3.csv: none: 0, 0
2, 10
5, 20, 70
6, 30, 61
11, 40, 55
13, 50, 63
13, 60, 57
15, 70, 48
17, 80, 46
20, 90, 45
20, 100, 36
20, 110, 31
20, 120, 30
22, 130, 28
22, 140, 31
23, 150, 33
23, 160, 31
23, 170, 31
24, 180, 31
25, 190, 31
28, 200, 29
29, 210, 35
29, 220, 34
30, 230, 34
30, 240, 36
30, 250, 35
30, 260, 34
30, 270, 35
32, 280, 33
33, 290, 35
35, 300, 37
35, 310, 41
36, 320, 38
36, 330, 39
36, 340, 39
36, 350, 39
36, 360, 39
36, 370, 39
36, 380, 38
38, 390, 38
{'count': 390, 'truepos': 38, 'falseneg': 0, 'correction': 0, 'unknownyes': 7, 'falsepos': 0, 'unique': 390}
17: K_all3.csv: three: 0, 0
2, 10
5, 20, 71
6, 30, 63
11, 40, 55
12, 50, 65
15, 60, 59
16, 70, 58
18, 80, 53
21, 90, 49
21, 100, 36
22, 110, 33
24, 120, 33
24, 130, 34
27, 140, 38
27, 150, 41
27, 160, 40
27, 170, 37
28, 180, 36
29, 190, 37
29, 200, 36
29, 210, 35
30, 220, 35
31, 230, 35
31, 240, 36
31, 250, 37
31, 260, 35
32, 270, 35
32, 280, 37
32, 290, 36
32, 300, 36
33, 310, 36
35, 320, 36
35, 330, 38
36, 340, 38
37, 350, 39
38, 360, 39
{'count': 720, 'truepos': 38, 'falseneg': 0, 'correction': 0, 'unknownyes': 7, 'falsepos': 0, 'unique': 360}
17: K_all3.csv: machine: 0, 0
2, 10
5, 20, 71
6, 30, 62
11, 40, 53
13, 50, 66
15, 60, 61
17, 70, 58
17, 80, 55
20, 90, 46
20, 100, 39
22, 110, 34
23, 120, 33
23, 120, 33
23, 130, 35
23, 140, 31
25, 150, 30
27, 160, 35
28, 170, 40
28, 170, 40
28, 180, 37
28, 190, 35
30, 200, 35
30, 210, 39
30, 220, 37
30, 220, 37
30, 230, 36
30, 240, 35
31, 250, 34
31, 260, 36
31, 270, 36
31, 270, 36
31, 280, 36
31, 290, 36
31, 300, 34
31, 310, 35
32, 320, 34
32, 320, 34
32, 330, 35
33, 340, 35
33, 350, 36
35, 360, 36
35, 370, 38
35, 370, 38
36, 380, 37
36, 390, 39
36, 400, 38
37, 410, 39
38, 420, 39
{'count': 654, 'truepos': 38, 'falseneg': 0, 'correction': 0, 'unknownyes': 7, 'falsepos': 0, 'unique': 420}
17: K_all3.csv: knee: 0, 0
2, 10
5, 20
6, 30
11, 40
13, 50
15, 60
18, 70
19, 80
20, 90
20, 100
23, 110
23, 120
24, 130
24, 140
25, 150
26, 160
27, 170
28, 180
29, 190
29, 200
30, 210
30, 220
30, 230
31, 240
31, 250
31, 260
31, 270
32, 280
32, 290
33, 300
35, 310
35, 320
36, 330
36, 340
36, 350
36, 360
37, 370
38, 380
39, 390
39, 400
39, 410
39, 420
39, 430
39, 440
39, 450
40, 460
40, 470
41, 480
41, 490
41, 500
41, 510
42, 520
42, 530
42, 540
42, 550
42, 560
42, 570
42, 580
42, 590
42, 600
42, 610
42, 620
42, 630
42, 640
42, 650
43, 660
43, 670
43, 680
43, 690
43, 700
43, 710
43, 720
43, 730
43, 740
43, 750
43, 760
43, 770
43, 780
{'count': 955, 'truepos': 43, 'falseneg': 0, 'correction': 0, 'unknownyes': 2, 'falsepos': 0, 'unique': 780}

------------------------------------------------------------
Sender: LSF System <lsfadmin@n2d1-11>
Subject: Job 629153: </share/tjmenzie/zyu9/miniconda2/bin/python2.7 runner.py error_hpcc 17> in cluster <henry2> Done

Job </share/tjmenzie/zyu9/miniconda2/bin/python2.7 runner.py error_hpcc 17> was submitted from host <login01.hpc.ncsu.edu> by user <zyu9> in cluster <henry2> at Tue Jan 30 18:08:16 2018.
Job was executed on host(s) <2*n2d1-11>, in queue <single_chassis>, as user <zyu9> in cluster <henry2> at Tue Jan 30 18:08:18 2018.
</home/zyu9> was used as the home directory.
</home/zyu9/projects/MAR_HPC/Error/src> was used as the working directory.
Started at Tue Jan 30 18:08:18 2018.
Terminated at Tue Jan 30 18:46:36 2018.
Results reported at Tue Jan 30 18:46:36 2018.

Your job looked like:

------------------------------------------------------------
# LSBATCH: User input
/share/tjmenzie/zyu9/miniconda2/bin/python2.7 runner.py error_hpcc 17
------------------------------------------------------------

Successfully completed.

Resource usage summary:

    CPU time :                                   3112.48 sec.
    Max Memory :                                 282.46 MB
    Average Memory :                             223.56 MB
    Total Requested Memory :                     -
    Delta Memory :                               -
    Max Swap :                                   1326 MB
    Max Processes :                              3
    Max Threads :                                8
    Run time :                                   2299 sec.
    Turnaround time :                            2300 sec.

The output (if any) is above this job summary.



PS:

Read file <./err/17.err.629153> for stderr output of this job.

