17: Hall.csv: none: 0, 0
5, 10
10, 20, 101
11, 30, 105
13, 40, 106
15, 50, 105
17, 60, 107
19, 70, 99
21, 80, 101
22, 90, 91
26, 100, 83
27, 110, 82
29, 120, 79
31, 130, 77
34, 140, 69
37, 150, 76
42, 160, 77
44, 170, 79
46, 180, 79
47, 190, 83
48, 200, 77
49, 210, 79
49, 220, 80
51, 230, 78
54, 240, 69
54, 250, 83
55, 260, 75
56, 270, 78
57, 280, 74
59, 290, 78
62, 300, 76
64, 310, 79
65, 320, 83
65, 330, 85
65, 340, 83
65, 350, 79
65, 360, 80
65, 370, 81
65, 380, 77
65, 390, 79
65, 400, 76
66, 410, 76
66, 420, 78
66, 430, 79
66, 440, 78
66, 450, 78
67, 460, 78
67, 470, 75
67, 480, 77
67, 490, 76
67, 500, 77
67, 510, 76
67, 520, 76
68, 530, 77
68, 540, 75
68, 550, 77
68, 560, 76
68, 570, 76
68, 580, 74
68, 590, 77
68, 600, 75
68, 610, 75
68, 620, 75
68, 630, 75
68, 640, 75
68, 650, 74
68, 660, 76
68, 670, 74
68, 680, 75
68, 690, 76
68, 700, 75
68, 710, 74
68, 720, 75
68, 730, 75
68, 740, 76
68, 750, 76
68, 760, 75
68, 770, 76
68, 780, 74
68, 790, 74
68, 800, 74
68, 810, 75
68, 820, 75
68, 830, 74
68, 840, 75
68, 850, 74
68, 860, 74
68, 870, 74
68, 880, 74
68, 890, 74
68, 900, 74
68, 910, 73
68, 920, 74
68, 930, 73
68, 940, 73
68, 950, 73
68, 960, 73
68, 970, 74
68, 980, 73
68, 990, 73
68, 1000, 73
68, 1010, 73
68, 1020, 73
69, 1030, 73
69, 1040, 74
69, 1050, 74
69, 1060, 73
69, 1070, 73
69, 1080, 74
69, 1090, 73
69, 1100, 73
69, 1110, 73
69, 1120, 73
69, 1130, 74
69, 1140, 73
69, 1150, 73
69, 1160, 73
69, 1170, 73
69, 1180, 73
69, 1190, 73
69, 1200, 73
69, 1210, 73
69, 1220, 73
{'count': 1220, 'truepos': 66, 'falseneg': 36, 'correction': 0, 'unknownyes': 2, 'falsepos': 3, 'unique': 1220}
17: Hall.csv: three: 0, 0
5, 10
7, 20, 106
8, 30, 105
12, 40, 97
14, 50, 105
18, 60, 99
19, 70, 106
23, 80, 105
23, 90, 116
29, 100, 91
30, 110, 102
34, 120, 89
38, 130, 98
42, 140, 101
44, 150, 95
45, 160, 93
48, 170, 92
52, 180, 88
54, 190, 89
57, 200, 86
61, 210, 87
64, 220, 87
67, 230, 87
71, 240, 95
72, 250, 95
72, 260, 97
72, 270, 92
73, 280, 94
73, 290, 95
73, 300, 88
73, 310, 88
75, 320, 88
76, 330, 89
77, 340, 88
77, 350, 89
77, 360, 92
77, 370, 90
77, 380, 91
77, 390, 94
77, 400, 89
77, 410, 93
77, 420, 89
77, 430, 88
77, 440, 91
77, 450, 87
77, 460, 86
77, 470, 89
77, 480, 87
77, 490, 85
77, 500, 85
77, 510, 84
77, 520, 85
77, 530, 85
77, 540, 84
77, 550, 86
77, 560, 84
77, 570, 85
77, 580, 84
77, 590, 83
77, 600, 84
77, 610, 84
77, 620, 83
77, 630, 83
77, 640, 83
77, 650, 82
77, 660, 83
77, 670, 83
77, 680, 83
77, 690, 84
77, 700, 83
77, 710, 83
77, 720, 83
77, 730, 83
77, 740, 82
77, 750, 82
77, 760, 83
77, 770, 83
78, 780, 82
78, 790, 83
78, 800, 83
78, 810, 84
78, 820, 83
78, 830, 83
78, 840, 83
78, 850, 83
78, 860, 83
78, 870, 83
78, 880, 83
78, 890, 83
78, 900, 83
78, 910, 83
78, 920, 83
78, 930, 83
78, 940, 83
{'count': 1924, 'truepos': 78, 'falseneg': 25, 'correction': 37, 'unknownyes': 1, 'falsepos': 0, 'unique': 940}
17: Hall.csv: machine: 0, 0
7, 10
11, 20, 120
12, 30, 141
13, 40, 124
17, 50, 121
18, 60, 130
[]
['no' 'no' 'no' 'yes' 'no' 'no']
18, 60, 130
21, 70, 129
23, 80, 135
23, 90, 123
24, 100, 103
27, 110, 97
[]
['no' 'no' 'no' 'no' 'no' 'yes' 'no']
28, 110, 101
30, 120, 107
34, 130, 86
40, 140, 93
43, 150, 92
46, 160, 94
['yes']
['yes' 'yes' 'no' 'yes' 'no' 'yes' 'no' 'yes' 'yes' 'yes' 'no' 'yes' 'yes'
 'no' 'no' 'no' 'no' 'no' 'yes' 'no' 'no' 'no' 'no' 'yes' 'no' 'no' 'no'
 'no' 'no' 'no' 'yes' 'no' 'no' 'no' 'yes' 'no' 'no' 'no' 'yes' 'no' 'no'
 'no' 'no' 'no' 'no' 'no' 'no' 'no' 'no' 'no']
55, 160, 90
57, 170, 99
61, 180, 92
63, 190, 98
66, 200, 92
68, 210, 94
['yes']
['no' 'yes' 'no' 'no' 'yes' 'no' 'no' 'no' 'no' 'no' 'no' 'no' 'no' 'no'
 'no' 'no' 'no' 'no' 'no' 'no' 'no' 'no' 'no' 'no' 'no' 'no' 'no' 'yes'
 'no' 'no' 'no' 'no' 'no' 'no' 'no' 'no' 'no' 'no' 'no' 'no' 'no']
69, 210, 89
71, 220, 92
71, 230, 96
73, 240, 88
74, 250, 89
74, 260, 90
['yes']
['no' 'no' 'no' 'no' 'no' 'no' 'no' 'yes' 'no' 'no' 'no' 'no' 'no' 'no'
 'no' 'no' 'no']
75, 260, 84
76, 270, 86
77, 280, 87
77, 290, 89
77, 300, 86
77, 310, 87
['yes']
['no' 'no' 'no' 'yes' 'no' 'no']
78, 310, 86
78, 320, 86
78, 330, 87
78, 340, 86
78, 350, 86
78, 360, 84
['yes']
['no' 'no' 'no' 'yes' 'no']
79, 360, 85
79, 370, 85
79, 380, 85
80, 390, 85
81, 400, 85
81, 410, 88
['yes']
['no' 'no' 'no' 'yes' 'yes' 'no' 'no']
81, 410, 87
81, 420, 87
82, 430, 86
82, 440, 87
83, 450, 87
83, 460, 88
['yes']
['yes' 'no' 'no' 'no' 'no']
{'count': 605, 'truepos': 81, 'falseneg': 20, 'correction': 15, 'unknownyes': 3, 'falsepos': 2, 'unique': 460}
17: Hall.csv: knee: 0, 0
5, 10
7, 20
8, 30
13, 40
15, 50
19, 60
21, 70
22, 80
25, 90
26, 100
32, 110
38, 120
42, 130
47, 140
50, 150
52, 160
55, 170
56, 180
59, 190
61, 200
64, 210
66, 220
68, 230
70, 240
72, 250
72, 260
72, 270
74, 280
74, 290
74, 300
74, 310
74, 320
74, 330
74, 340
74, 350
76, 360
76, 370
76, 380
{'count': 562, 'truepos': 90, 'falseneg': 10, 'correction': 17, 'unknownyes': 4, 'falsepos': 1, 'unique': 380}
17: Wahono.csv: none: 0, 0
6, 10
6, 20, 103
7, 30, 92
10, 40, 88
13, 50, 79
14, 60, 84
14, 70, 57
15, 80, 44
16, 90, 44
16, 100, 43
16, 110, 41
18, 120, 43
19, 130, 46
19, 140, 46
19, 150, 45
20, 160, 45
20, 170, 45
21, 180, 45
23, 190, 46
25, 200, 49
25, 210, 52
26, 220, 49
27, 230, 48
28, 240, 48
28, 250, 47
30, 260, 47
30, 270, 54
31, 280, 47
31, 290, 47
31, 300, 47
31, 310, 45
31, 320, 48
31, 330, 43
32, 340, 45
33, 350, 46
33, 360, 49
33, 370, 49
33, 380, 47
33, 390, 47
33, 400, 47
34, 410, 46
35, 420, 45
36, 430, 49
37, 440, 49
37, 450, 50
37, 460, 49
37, 470, 49
37, 480, 52
37, 490, 47
37, 500, 48
37, 510, 48
37, 520, 49
37, 530, 49
38, 540, 46
38, 550, 48
39, 560, 47
39, 570, 50
39, 580, 48
39, 590, 48
39, 600, 48
39, 610, 50
39, 620, 49
40, 630, 47
40, 640, 48
40, 650, 47
40, 660, 48
40, 670, 47
40, 680, 48
40, 690, 47
40, 700, 46
40, 710, 51
40, 720, 46
40, 730, 47
40, 740, 48
40, 750, 45
40, 760, 48
40, 770, 46
40, 780, 45
40, 790, 45
40, 800, 46
40, 810, 45
40, 820, 45
41, 830, 46
42, 840, 47
42, 850, 48
42, 860, 48
42, 870, 48
42, 880, 47
42, 890, 48
42, 900, 48
42, 910, 48
43, 920, 46
43, 930, 49
43, 940, 49
43, 950, 49
44, 960, 49
44, 970, 51
44, 980, 49
44, 990, 49
44, 1000, 49
44, 1010, 49
44, 1020, 49
44, 1030, 49
44, 1040, 49
45, 1050, 49
45, 1060, 49
45, 1070, 50
45, 1080, 50
45, 1090, 49
45, 1100, 50
45, 1110, 50
45, 1120, 50
45, 1130, 49
45, 1140, 50
45, 1150, 49
45, 1160, 50
45, 1170, 50
45, 1180, 50
45, 1190, 49
45, 1200, 50
45, 1210, 50
45, 1220, 50
45, 1230, 49
45, 1240, 49
45, 1250, 49
45, 1260, 49
45, 1270, 49
45, 1280, 49
45, 1290, 49
45, 1300, 49
45, 1310, 48
45, 1320, 49
45, 1330, 49
46, 1340, 49
47, 1350, 50
47, 1360, 51
47, 1370, 51
47, 1380, 51
47, 1390, 50
47, 1400, 50
47, 1410, 51
47, 1420, 51
47, 1430, 51
47, 1440, 51
47, 1450, 51
47, 1460, 51
47, 1470, 50
47, 1480, 50
47, 1490, 51
48, 1500, 50
48, 1510, 51
48, 1520, 51
48, 1530, 51
48, 1540, 51
48, 1550, 52
48, 1560, 51
48, 1570, 51
48, 1580, 51
48, 1590, 51
48, 1600, 51
48, 1610, 51
48, 1620, 51
48, 1630, 51
48, 1640, 51
48, 1650, 51
48, 1660, 51
{'count': 1660, 'truepos': 46, 'falseneg': 15, 'correction': 0, 'unknownyes': 1, 'falsepos': 2, 'unique': 1660}
17: Wahono.csv: three: 0, 0
6, 10
6, 20, 100
7, 30, 94
10, 40, 91
12, 50, 85
15, 60, 65
16, 70, 62
18, 80, 48
18, 90, 57
18, 100, 47
18, 110, 44
18, 120, 43
18, 130, 40
18, 140, 40
18, 150, 40
19, 160, 40
20, 170, 43
20, 180, 43
22, 190, 43
23, 200, 48
24, 210, 48
26, 220, 46
27, 230, 47
29, 240, 48
29, 250, 49
29, 260, 47
30, 270, 46
31, 280, 48
32, 290, 49
33, 300, 48
35, 310, 50
35, 320, 53
35, 330, 55
35, 340, 55
36, 350, 48
38, 360, 56
39, 370, 54
39, 380, 56
42, 390, 52
42, 400, 62
42, 410, 55
42, 420, 58
42, 430, 55
42, 440, 54
42, 450, 55
42, 460, 52
43, 470, 53
43, 480, 54
43, 490, 56
43, 500, 55
44, 510, 56
44, 520, 56
44, 530, 54
45, 540, 52
45, 550, 53
45, 560, 56
45, 570, 55
45, 580, 54
45, 590, 54
45, 600, 52
45, 610, 55
45, 620, 52
45, 630, 53
45, 640, 52
46, 650, 52
48, 660, 52
48, 670, 55
48, 680, 57
48, 690, 55
49, 700, 57
49, 710, 57
49, 720, 59
49, 730, 58
49, 740, 56
49, 750, 57
50, 760, 57
50, 770, 58
50, 780, 58
50, 790, 57
50, 800, 58
50, 810, 58
50, 820, 58
50, 830, 58
50, 840, 57
50, 850, 58
50, 860, 58
50, 870, 57
50, 880, 56
50, 890, 57
50, 900, 56
50, 910, 57
50, 920, 56
50, 930, 56
50, 940, 56
50, 950, 56
50, 960, 55
50, 970, 56
50, 980, 55
50, 990, 56
50, 1000, 56
50, 1010, 55
50, 1020, 55
50, 1030, 55
50, 1040, 55
50, 1050, 55
50, 1060, 55
50, 1070, 55
50, 1080, 55
50, 1090, 54
50, 1100, 55
50, 1110, 55
50, 1120, 54
50, 1130, 55
50, 1140, 54
50, 1150, 54
50, 1160, 55
50, 1170, 55
50, 1180, 54
50, 1190, 54
50, 1200, 54
50, 1210, 54
50, 1220, 54
50, 1230, 54
50, 1240, 54
50, 1250, 54
50, 1260, 54
50, 1270, 53
50, 1280, 54
50, 1290, 54
50, 1300, 53
50, 1310, 53
50, 1320, 53
50, 1330, 53
50, 1340, 53
50, 1350, 53
50, 1360, 53
50, 1370, 53
50, 1380, 53
50, 1390, 53
50, 1400, 53
50, 1410, 53
51, 1420, 53
52, 1430, 54
52, 1440, 55
52, 1450, 56
52, 1460, 55
52, 1470, 55
52, 1480, 55
52, 1490, 55
52, 1500, 55
52, 1510, 55
52, 1520, 55
52, 1530, 55
52, 1540, 55
52, 1550, 55
{'count': 3138, 'truepos': 52, 'falseneg': 9, 'correction': 37, 'unknownyes': 1, 'falsepos': 0, 'unique': 1550}
17: Wahono.csv: machine: 0, 0
5, 10
7, 20, 92
8, 30, 101
8, 40, 93
9, 50, 82
12, 60, 59
[]
['yes' 'no' 'no' 'no' 'no' 'no' 'no']
14, 60, 59
15, 70, 64
17, 80, 52
18, 90, 47
20, 100, 44
20, 110, 48
[]
['yes' 'no' 'no' 'no' 'no' 'no' 'no' 'no']
21, 110, 44
22, 120, 45
24, 130, 45
26, 140, 47
26, 150, 48
27, 160, 45
['yes']
['no' 'no' 'yes' 'no' 'yes' 'no' 'no' 'no' 'no' 'no']
27, 160, 45
29, 170, 45
30, 180, 48
30, 190, 54
30, 200, 54
30, 210, 49
['yes']
['no' 'no' 'no' 'no' 'no' 'no' 'no' 'no' 'yes' 'no' 'no' 'no' 'no' 'yes'
 'no' 'no' 'no' 'no' 'no' 'no' 'no' 'no' 'no' 'no' 'no' 'no' 'no' 'no'
 'no' 'no' 'no' 'no' 'no' 'no' 'no' 'yes' 'no' 'no' 'no' 'no' 'no' 'no'
 'no' 'no' 'no' 'no' 'no' 'no' 'no' 'no']
32, 210, 51
32, 220, 50
33, 230, 52
33, 240, 52
33, 250, 47
33, 260, 48
['yes']
['no' 'no' 'no' 'no' 'no' 'no' 'yes' 'no' 'yes' 'no' 'no']
34, 260, 48
35, 270, 49
35, 280, 49
35, 290, 51
36, 300, 50
36, 310, 48
['yes']
['no' 'no' 'no' 'no' 'no' 'no' 'no' 'no' 'no' 'no' 'no' 'no' 'no' 'no']
36, 310, 47
36, 320, 51
37, 330, 47
37, 340, 47
37, 350, 49
37, 360, 50
['yes']
['no' 'no' 'no' 'no' 'no' 'no']
37, 360, 50
37, 370, 48
37, 380, 48
37, 390, 49
37, 400, 46
37, 410, 48
['yes']
['no' 'no' 'no' 'no']
36, 410, 47
36, 420, 46
36, 430, 43
36, 440, 46
36, 450, 43
36, 460, 43
['yes']
['yes']
37, 460, 43
38, 470, 45
38, 480, 46
39, 490, 45
39, 500, 45
39, 510, 46
['yes']
['no' 'no' 'no']
38, 510, 46
38, 520, 45
38, 530, 44
38, 540, 46
38, 550, 44
39, 560, 44
['yes']
['no' 'no' 'no']
38, 560, 45
38, 570, 45
39, 580, 43
39, 590, 45
40, 600, 45
41, 610, 45
['yes']
['no' 'no' 'no' 'yes' 'no' 'no' 'no' 'no']
42, 610, 47
42, 620, 49
42, 630, 48
42, 640, 47
43, 650, 46
43, 660, 48
['no']
['no' 'no' 'no' 'no' 'no' 'no' 'no']
42, 660, 49
42, 670, 48
43, 680, 48
43, 690, 48
44, 700, 47
45, 710, 49
['yes']
['no' 'no' 'no' 'no' 'no' 'no' 'no' 'no' 'no' 'no' 'no' 'no' 'no' 'yes'
 'no' 'no' 'no']
46, 710, 50
46, 720, 51
47, 730, 51
47, 740, 54
47, 750, 53
47, 760, 52
['yes']
['no' 'no' 'no' 'no' 'no' 'no' 'no' 'yes' 'no' 'no' 'no' 'no']
48, 760, 53
48, 770, 54
48, 780, 53
48, 790, 54
48, 800, 53
48, 810, 54
['yes']
['no' 'no' 'no' 'yes' 'no' 'no' 'no']
49, 810, 53
49, 820, 54
49, 830, 54
49, 840, 54
49, 850, 54
49, 860, 53
['yes']
['no' 'no']
48, 860, 54
48, 870, 53
48, 880, 52
48, 890, 52
48, 900, 52
48, 910, 52
['yes']
['no']
47, 910, 53
47, 920, 52
47, 930, 51
47, 940, 51
47, 950, 50
47, 960, 51
['yes']
[]
47, 960, 50
47, 970, 51
47, 980, 51
47, 990, 51
48, 1000, 51
48, 1010, 53
['no']
['no']
47, 1010, 52
47, 1020, 51
48, 1030, 51
48, 1040, 51
48, 1050, 51
48, 1060, 52
['no']
['no']
47, 1060, 51
47, 1070, 50
47, 1080, 50
47, 1090, 50
47, 1100, 50
47, 1110, 50
['yes']
[]
47, 1110, 50
47, 1120, 50
47, 1130, 50
47, 1140, 50
47, 1150, 50
47, 1160, 50
['yes']
['no']
47, 1160, 50
{'count': 1355, 'truepos': 46, 'falseneg': 13, 'correction': 13, 'unknownyes': 3, 'falsepos': 1, 'unique': 1160}
17: Wahono.csv: knee: 0, 0
3, 10
3, 20
6, 30
8, 40
8, 50
10, 60
12, 70
13, 80
13, 90
14, 100
14, 110
14, 120
14, 130
14, 140
15, 150
17, 160
17, 170
18, 180
19, 190
20, 200
21, 210
21, 220
23, 230
26, 240
27, 250
28, 260
28, 270
28, 280
28, 290
28, 300
28, 310
28, 320
28, 330
28, 340
{'count': 572, 'truepos': 38, 'falseneg': 5, 'correction': 11, 'unknownyes': 19, 'falsepos': 1, 'unique': 340}
17: Danijel.csv: none: 0, 0
4, 10
4, 20, 112
6, 30, 93
7, 40, 71
7, 50, 63
9, 60, 48
11, 70, 47
13, 80, 47
15, 90, 46
17, 100, 46
19, 110, 43
19, 120, 44
20, 130, 42
20, 140, 42
21, 150, 40
22, 160, 42
23, 170, 44
25, 180, 43
25, 190, 46
26, 200, 44
27, 210, 45
27, 220, 46
27, 230, 44
27, 240, 44
27, 250, 44
27, 260, 44
27, 270, 44
27, 280, 44
27, 290, 44
28, 300, 44
29, 310, 46
30, 320, 46
30, 330, 45
30, 340, 43
30, 350, 41
30, 360, 41
30, 370, 38
30, 380, 38
30, 390, 40
30, 400, 40
30, 410, 38
30, 420, 39
30, 430, 37
30, 440, 37
30, 450, 39
30, 460, 37
31, 470, 34
31, 480, 39
31, 490, 37
31, 500, 37
31, 510, 36
31, 520, 38
31, 530, 36
31, 540, 37
31, 550, 36
31, 560, 36
31, 570, 36
31, 580, 35
31, 590, 35
31, 600, 36
31, 610, 36
31, 620, 36
31, 630, 37
31, 640, 35
31, 650, 35
31, 660, 35
31, 670, 34
31, 680, 35
32, 690, 34
32, 700, 36
32, 710, 36
32, 720, 35
32, 730, 36
32, 740, 36
32, 750, 35
32, 760, 36
32, 770, 35
32, 780, 36
32, 790, 35
32, 800, 35
32, 810, 36
32, 820, 35
32, 830, 35
32, 840, 35
32, 850, 35
32, 860, 35
32, 870, 35
33, 880, 35
33, 890, 36
33, 900, 36
33, 910, 36
33, 920, 36
33, 930, 35
33, 940, 35
33, 950, 35
33, 960, 35
33, 970, 35
33, 980, 36
33, 990, 36
33, 1000, 36
33, 1010, 36
33, 1020, 36
33, 1030, 35
33, 1040, 35
33, 1050, 35
33, 1060, 35
33, 1070, 36
33, 1080, 35
33, 1090, 35
33, 1100, 35
33, 1110, 35
33, 1120, 35
33, 1130, 35
33, 1140, 35
33, 1150, 35
33, 1160, 36
33, 1170, 35
34, 1180, 35
34, 1190, 36
34, 1200, 36
34, 1210, 36
34, 1220, 36
34, 1230, 36
34, 1240, 36
34, 1250, 36
34, 1260, 36
{'count': 1260, 'truepos': 33, 'falseneg': 13, 'correction': 0, 'unknownyes': 2, 'falsepos': 1, 'unique': 1260}
17: Danijel.csv: three: 0, 0
3, 10
5, 20, 114
5, 30, 101
6, 40, 87
7, 50, 78
7, 60, 61
9, 70, 47
11, 80, 47
13, 90, 46
13, 100, 48
15, 110, 43
17, 120, 45
20, 130, 45
20, 140, 49
20, 150, 45
21, 160, 42
22, 170, 44
23, 180, 43
24, 190, 42
26, 200, 43
27, 210, 45
27, 220, 45
27, 230, 44
27, 240, 44
27, 250, 44
27, 260, 44
27, 270, 44
28, 280, 44
28, 290, 45
28, 300, 45
28, 310, 45
29, 320, 46
29, 330, 46
29, 340, 46
30, 350, 46
30, 360, 41
30, 370, 39
30, 380, 39
30, 390, 40
31, 400, 38
31, 410, 39
31, 420, 38
31, 430, 38
31, 440, 38
31, 450, 39
31, 460, 38
31, 470, 38
31, 480, 37
31, 490, 36
32, 500, 37
32, 510, 37
32, 520, 37
32, 530, 37
32, 540, 38
32, 550, 37
32, 560, 39
32, 570, 39
32, 580, 37
32, 590, 39
32, 600, 37
32, 610, 38
32, 620, 36
32, 630, 37
32, 640, 36
33, 650, 36
33, 660, 37
33, 670, 37
33, 680, 36
33, 690, 37
33, 700, 37
33, 710, 37
33, 720, 37
33, 730, 37
33, 740, 37
33, 750, 38
34, 760, 37
34, 770, 38
34, 780, 37
34, 790, 38
34, 800, 37
34, 810, 38
34, 820, 37
34, 830, 37
34, 840, 37
34, 850, 37
34, 860, 38
34, 870, 37
34, 880, 37
34, 890, 37
34, 900, 36
34, 910, 37
34, 920, 36
34, 930, 36
34, 940, 37
34, 950, 36
34, 960, 38
34, 970, 36
34, 980, 37
34, 990, 37
34, 1000, 36
34, 1010, 38
34, 1020, 36
34, 1030, 36
34, 1040, 36
34, 1050, 36
34, 1060, 36
34, 1070, 36
34, 1080, 36
34, 1090, 36
34, 1100, 36
34, 1110, 36
34, 1120, 37
34, 1130, 36
34, 1140, 36
34, 1150, 36
34, 1160, 36
34, 1170, 36
34, 1180, 36
34, 1190, 36
34, 1200, 37
34, 1210, 36
34, 1220, 36
34, 1230, 36
34, 1240, 37
34, 1250, 36
34, 1260, 36
34, 1270, 36
34, 1280, 36
34, 1290, 36
34, 1300, 36
34, 1310, 36
34, 1320, 36
34, 1330, 36
{'count': 2690, 'truepos': 34, 'falseneg': 12, 'correction': 27, 'unknownyes': 2, 'falsepos': 0, 'unique': 1330}
17: Danijel.csv: machine: 0, 0
4, 10
4, 20, 127
5, 30, 95
5, 40, 75
6, 50, 69
8, 60, 57
[]
['no' 'no' 'no' 'no' 'no' 'no']
8, 60, 53
11, 70, 53
12, 80, 58
14, 90, 53
16, 100, 46
18, 110, 49
[]
['no' 'no' 'no' 'no' 'no' 'no' 'yes' 'no' 'no' 'yes' 'no' 'no']
19, 110, 47
20, 120, 48
20, 130, 45
21, 140, 43
21, 150, 42
22, 160, 40
[]
['no' 'yes' 'no' 'no' 'no']
23, 160, 40
23, 170, 41
23, 180, 41
24, 190, 41
25, 200, 41
25, 210, 41
[]
['no' 'no' 'no' 'no' 'no' 'no' 'no']
25, 210, 41
25, 220, 41
25, 230, 41
25, 240, 42
25, 250, 42
25, 260, 42
[]
['no']
25, 260, 42
25, 270, 42
25, 280, 42
25, 290, 42
25, 300, 42
25, 310, 43
[]
['no']
25, 310, 43
25, 320, 43
25, 330, 43
25, 340, 43
25, 350, 43
25, 360, 43
[]
[]
25, 370, 43
26, 380, 44
26, 390, 44
26, 400, 44
26, 410, 44
26, 420, 44
[]
['yes' 'no' 'yes' 'no']
26, 420, 45
27, 430, 45
27, 440, 46
27, 450, 46
27, 460, 46
27, 470, 47
[]
['no' 'no']
27, 470, 47
27, 480, 47
28, 490, 47
28, 500, 48
28, 510, 48
28, 520, 48
[]
['no']
28, 520, 48
28, 530, 48
28, 540, 49
28, 550, 49
28, 560, 49
28, 570, 49
[]
['no' 'no']
28, 570, 49
28, 580, 49
28, 590, 49
28, 600, 49
28, 610, 49
28, 620, 49
[]
['no']
28, 620, 49
29, 630, 49
29, 640, 50
29, 650, 50
29, 660, 50
29, 670, 50
[]
['no' 'no' 'no']
29, 670, 50
29, 680, 50
29, 690, 50
29, 700, 50
29, 710, 50
29, 720, 50
[]
[]
29, 730, 50
29, 740, 50
29, 750, 50
29, 760, 50
29, 770, 50
30, 780, 50
['no']
['no' 'no' 'no' 'no' 'no' 'no' 'no' 'no' 'no' 'no' 'no' 'no' 'no' 'no'
 'no' 'no' 'no' 'no' 'no' 'no' 'no' 'no' 'no' 'no' 'no' 'no' 'no' 'no'
 'no' 'no' 'yes' 'no' 'no']
30, 780, 35
31, 790, 36
31, 800, 36
31, 810, 37
31, 820, 36
31, 830, 37
['yes']
['no' 'no' 'no' 'no' 'no' 'no' 'no' 'no' 'no' 'no' 'no' 'yes' 'no' 'no'
 'no' 'no' 'no' 'no' 'no' 'no' 'no']
32, 830, 37
32, 840, 37
32, 850, 36
32, 860, 36
32, 870, 37
32, 880, 37
['yes']
['no' 'no' 'no' 'no' 'no' 'no' 'no']
32, 880, 36
32, 890, 36
32, 900, 35
32, 910, 36
32, 920, 36
32, 930, 35
['yes']
['no' 'no' 'no' 'no' 'no' 'no']
32, 930, 36
32, 940, 35
32, 950, 35
32, 960, 35
32, 970, 35
32, 980, 35
['yes']
[]
32, 980, 35
32, 990, 35
32, 1000, 34
32, 1010, 35
32, 1020, 35
32, 1030, 35
['yes']
['no' 'no' 'no']
31, 1030, 34
31, 1040, 33
32, 1050, 33
32, 1060, 34
32, 1070, 35
32, 1080, 34
['yes']
['no' 'yes' 'no' 'no']
33, 1080, 34
33, 1090, 35
33, 1100, 35
33, 1110, 35
33, 1120, 35
33, 1130, 35
['yes']
['no' 'yes' 'no']
33, 1130, 35
33, 1140, 35
33, 1150, 35
33, 1160, 35
33, 1170, 35
33, 1180, 35
['yes']
['no' 'no']
{'count': 1310, 'truepos': 32, 'falseneg': 13, 'correction': 6, 'unknownyes': 3, 'falsepos': 1, 'unique': 1180}
17: Danijel.csv: knee: 0, 0
3, 10
3, 20
3, 30
{'count': 37, 'truepos': 4, 'falseneg': 1, 'correction': 1, 'unknownyes': 43, 'falsepos': 0, 'unique': 30}
17: K_all3.csv: none: 0, 0
2, 10
4, 20, 71
4, 30, 60
6, 40, 50
8, 50, 48
10, 60, 44
13, 70, 43
14, 80, 45
14, 90, 42
15, 100, 38
15, 110, 38
15, 120, 37
15, 130, 36
17, 140, 35
20, 150, 38
20, 160, 40
21, 170, 39
22, 180, 40
22, 190, 40
22, 200, 39
23, 210, 39
23, 220, 39
23, 230, 39
24, 240, 39
24, 250, 39
24, 260, 39
24, 270, 39
25, 280, 39
25, 290, 39
25, 300, 39
25, 310, 39
25, 320, 39
25, 330, 39
25, 340, 39
25, 350, 39
25, 360, 39
25, 370, 39
25, 380, 39
25, 390, 38
25, 400, 38
25, 410, 38
25, 420, 38
25, 430, 38
25, 440, 38
25, 450, 38
25, 460, 38
25, 470, 38
25, 480, 38
26, 490, 38
26, 500, 39
26, 510, 39
26, 520, 39
26, 530, 39
26, 540, 39
26, 550, 38
26, 560, 38
26, 570, 38
26, 580, 38
27, 590, 38
27, 600, 39
27, 610, 39
27, 620, 39
27, 630, 39
27, 640, 39
27, 650, 39
27, 660, 39
27, 670, 39
27, 680, 39
27, 690, 38
28, 700, 38
29, 710, 39
29, 720, 40
31, 730, 40
31, 740, 33
31, 750, 33
31, 760, 33
{'count': 760, 'truepos': 25, 'falseneg': 19, 'correction': 0, 'unknownyes': 1, 'falsepos': 6, 'unique': 760}
17: K_all3.csv: three: 0, 0
2, 10
5, 20, 70
6, 30, 63
9, 40, 54
9, 50, 58
13, 60, 46
14, 70, 56
15, 80, 44
15, 90, 42
16, 100, 39
16, 110, 39
16, 120, 37
17, 130, 37
17, 140, 38
18, 150, 37
20, 160, 38
20, 170, 40
20, 180, 39
22, 190, 39
22, 200, 40
22, 210, 39
23, 220, 39
23, 230, 39
23, 240, 39
26, 250, 39
28, 260, 43
28, 270, 45
28, 280, 44
29, 290, 43
29, 300, 44
30, 310, 44
31, 320, 41
31, 330, 38
31, 340, 36
31, 350, 37
31, 360, 36
31, 370, 36
31, 380, 34
31, 390, 35
31, 400, 35
32, 410, 33
32, 420, 35
32, 430, 35
32, 440, 34
32, 450, 34
33, 460, 34
33, 470, 35
33, 480, 35
34, 490, 35
34, 500, 36
34, 510, 36
{'count': 1049, 'truepos': 34, 'falseneg': 7, 'correction': 27, 'unknownyes': 4, 'falsepos': 0, 'unique': 510}
17: K_all3.csv: machine: 0, 0
2, 10
4, 20, 70
6, 30, 65
9, 40, 58
11, 50, 54
12, 60, 53
[]
['no' 'no' 'no' 'yes' 'no']
13, 60, 47
14, 70, 50
14, 80, 45
14, 90, 40
14, 100, 36
15, 110, 35
[]
['no']
15, 110, 36
16, 120, 36
17, 130, 36
18, 140, 36
19, 150, 37
19, 160, 36
[]
['no' 'no' 'no' 'no' 'no']
19, 160, 36
19, 170, 36
19, 180, 36
19, 190, 36
19, 200, 36
20, 210, 36
[]
['no' 'no']
20, 210, 36
21, 220, 36
21, 230, 37
22, 240, 37
24, 250, 38
25, 260, 40
[]
['yes']
26, 260, 40
26, 270, 41
27, 280, 40
27, 290, 41
28, 300, 41
28, 310, 42
[]
['no' 'no' 'no']
28, 310, 42
28, 320, 42
28, 330, 42
29, 340, 41
29, 350, 42
30, 360, 42
['yes']
['no' 'no' 'no' 'no' 'no' 'no' 'no' 'no' 'no' 'no' 'no' 'no' 'no' 'no'
 'no' 'no' 'no' 'no' 'no' 'no' 'no' 'no' 'yes' 'no' 'no' 'no' 'no' 'no'
 'no' 'no' 'no' 'no' 'no' 'no' 'no' 'no' 'no' 'no' 'no' 'no' 'no' 'no'
 'no' 'no' 'no' 'no' 'no' 'yes' 'no' 'no']
33, 360, 35
33, 370, 38
33, 380, 40
33, 390, 39
33, 400, 37
33, 410, 38
['yes']
['no' 'no' 'no' 'no' 'no' 'no' 'yes']
33, 410, 36
33, 420, 36
33, 430, 36
33, 440, 36
33, 450, 35
33, 460, 36
['yes']
['no' 'no' 'no' 'no' 'no']
33, 460, 35
34, 470, 35
34, 480, 36
34, 490, 36
35, 500, 36
35, 510, 37
['yes']
['no' 'no' 'yes' 'no' 'no' 'no' 'no' 'no' 'no' 'no' 'no' 'no' 'no' 'no'
 'yes' 'no' 'no' 'no' 'no' 'no' 'no']
36, 510, 37
36, 520, 38
37, 530, 38
37, 540, 39
37, 550, 39
{'count': 654, 'truepos': 30, 'falseneg': 12, 'correction': 6, 'unknownyes': 3, 'falsepos': 7, 'unique': 550}
17: K_all3.csv: knee: 0, 0
1, 10
3, 20
3, 30
5, 40
7, 50
9, 60
9, 70
11, 80
13, 90
15, 100
18, 110
19, 120
19, 130
19, 140
19, 150
20, 160
22, 170
24, 180
24, 190
25, 200
25, 210
26, 220
26, 230
27, 240
27, 250
28, 260
28, 270
29, 280
29, 290
29, 300
29, 310
29, 320
29, 330
29, 340
29, 350
29, 360
29, 370
29, 380
29, 390
29, 400
29, 410
29, 420
29, 430
29, 440
29, 450
{'count': 611, 'truepos': 31, 'falseneg': 5, 'correction': 5, 'unknownyes': 9, 'falsepos': 3, 'unique': 450}

------------------------------------------------------------
Sender: LSF System <lsfadmin@n2c2-5>
Subject: Job 639678: </share/tjmenzie/zyu9/miniconda2/bin/python2.7 runner.py error_hpcc 17> in cluster <henry2> Done

Job </share/tjmenzie/zyu9/miniconda2/bin/python2.7 runner.py error_hpcc 17> was submitted from host <login01.hpc.ncsu.edu> by user <zyu9> in cluster <henry2> at Thu Feb  1 12:17:34 2018.
Job was executed on host(s) <2*n2c2-5>, in queue <single_chassis>, as user <zyu9> in cluster <henry2> at Thu Feb  1 12:17:40 2018.
</home/zyu9> was used as the home directory.
</home/zyu9/projects/MAR_HPC/Error/src> was used as the working directory.
Started at Thu Feb  1 12:17:40 2018.
Terminated at Thu Feb  1 13:31:11 2018.
Results reported at Thu Feb  1 13:31:11 2018.

Your job looked like:

------------------------------------------------------------
# LSBATCH: User input
/share/tjmenzie/zyu9/miniconda2/bin/python2.7 runner.py error_hpcc 17
------------------------------------------------------------

Successfully completed.

Resource usage summary:

    CPU time :                                   5671.66 sec.
    Max Memory :                                 285.50 MB
    Average Memory :                             226.57 MB
    Total Requested Memory :                     -
    Delta Memory :                               -
    Max Swap :                                   1330 MB
    Max Processes :                              3
    Max Threads :                                8
    Run time :                                   4413 sec.
    Turnaround time :                            4417 sec.

The output (if any) is above this job summary.



PS: The stderr output (if any) follows:



PS:

Fail to open stderr file ./err/17.err.639678: No such file or directory.
The stderr output is included in this report.

