17: Hall.csv: none: 0, 0
8, 10
11, 20, 123
14, 30, 137
18, 40, 97
23, 50, 93
27, 60, 93
31, 70, 89
36, 80, 78
38, 90, 92
41, 100, 81
48, 110, 84
52, 120, 122
55, 130, 115
58, 140, 129
62, 150, 115
65, 160, 125
70, 170, 131
72, 180, 124
73, 190, 122
77, 200, 118
80, 210, 105
83, 220, 98
87, 230, 105
90, 240, 111
94, 250, 114
97, 260, 123
99, 270, 128
100, 280, 126
102, 290, 122
106, 300, 139
106, 310, 132
108, 320, 134
110, 330, 139
111, 340, 150
111, 350, 144
113, 360, 141
114, 370, 148
118, 380, 139
119, 390, 148
121, 400, 152
122, 410, 155
123, 420, 165
124, 430, 165
125, 440, 156
127, 450, 159
130, 460, 162
132, 470, 165
134, 480, 185
134, 490, 179
134, 500, 171
134, 510, 167
135, 520, 164
137, 530, 170
138, 540, 183
139, 550, 183
142, 560, 180
145, 570, 186
145, 580, 199
145, 590, 188
146, 600, 193
146, 610, 196
148, 620, 187
149, 630, 191
150, 640, 188
151, 650, 191
151, 660, 192
153, 670, 189
154, 680, 199
156, 690, 199
156, 700, 204
156, 710, 216
157, 720, 188
158, 730, 203
158, 740, 198
159, 750, 194
159, 760, 199
161, 770, 208
162, 780, 222
163, 790, 211
164, 800, 208
165, 810, 215
169, 820, 223
170, 830, 229
171, 840, 225
171, 850, 237
172, 860, 230
173, 870, 226
174, 880, 227
176, 890, 222
178, 900, 232
178, 910, 230
179, 920, 228
181, 930, 227
182, 940, 227
183, 950, 238
185, 960, 236
185, 970, 237
185, 980, 239
186, 990, 245
187, 1000, 247
188, 1010, 236
189, 1020, 232
190, 1030, 236
192, 1040, 233
193, 1050, 229
197, 1060, 236
197, 1070, 240
198, 1080, 243
199, 1090, 240
200, 1100, 246
201, 1110, 239
201, 1120, 249
203, 1130, 257
205, 1140, 243
207, 1150, 253
213, 1160, 241
213, 1170, 253
215, 1180, 250
216, 1190, 257
217, 1200, 255
217, 1210, 259
219, 1220, 256
220, 1230, 261
222, 1240, 262
223, 1250, 262
223, 1260, 266
225, 1270, 269
227, 1280, 265
228, 1290, 277
229, 1300, 275
231, 1310, 281
234, 1320, 279
235, 1330, 283
236, 1340, 284
237, 1350, 289
240, 1360, 287
241, 1370, 291
241, 1380, 294
243, 1390, 297
244, 1400, 293
245, 1410, 295
247, 1420, 295
248, 1430, 298
250, 1440, 304
252, 1450, 298
254, 1460, 306
256, 1470, 303
259, 1480, 306
260, 1490, 315
260, 1500, 312
261, 1510, 313
262, 1520, 308
262, 1530, 320
263, 1540, 313
265, 1550, 318
265, 1560, 305
266, 1570, 314
266, 1580, 312
269, 1590, 307
270, 1600, 320
273, 1610, 317
273, 1620, 329
274, 1630, 324
276, 1640, 324
277, 1650, 331
279, 1660, 321
279, 1670, 334
281, 1680, 330
283, 1690, 328
285, 1700, 327
285, 1710, 331
285, 1720, 338
286, 1730, 331
288, 1740, 327
290, 1750, 335
290, 1760, 340
290, 1770, 334
291, 1780, 331
291, 1790, 338
292, 1800, 327
293, 1810, 334
294, 1820, 329
294, 1830, 328
297, 1840, 330
299, 1850, 337
301, 1860, 342
301, 1870, 339
301, 1880, 338
302, 1890, 339
302, 1900, 340
303, 1910, 338
303, 1920, 344
304, 1930, 338
306, 1940, 339
306, 1950, 343
307, 1960, 338
308, 1970, 344
309, 1980, 345
310, 1990, 342
313, 2000, 347
314, 2010, 353
316, 2020, 354
316, 2030, 351
316, 2040, 351
316, 2050, 350
318, 2060, 349
318, 2070, 352
319, 2080, 353
320, 2090, 353
321, 2100, 354
322, 2110, 354
322, 2120, 355
324, 2130, 356
326, 2140, 360
328, 2150, 360
329, 2160, 369
329, 2170, 362
329, 2180, 362
331, 2190, 360
331, 2200, 363
331, 2210, 366
331, 2220, 361
332, 2230, 362
335, 2240, 364
336, 2250, 373
337, 2260, 369
338, 2270, 369
340, 2280, 370
342, 2290, 375
342, 2300, 379
345, 2310, 376
345, 2320, 377
346, 2330, 379
350, 2340, 380
351, 2350, 387
351, 2360, 386
351, 2370, 389
351, 2380, 385
351, 2390, 386
351, 2400, 384
352, 2410, 383
353, 2420, 386
355, 2430, 388
357, 2440, 380
358, 2450, 395
360, 2460, 391
363, 2470, 395
364, 2480, 396
365, 2490, 402
367, 2500, 398
368, 2510, 402
370, 2520, 404
373, 2530, 410
374, 2540, 420
375, 2550, 416
376, 2560, 415
377, 2570, 415
379, 2580, 417
380, 2590, 422
380, 2600, 419
381, 2610, 423
384, 2620, 416
387, 2630, 417
390, 2640, 424
390, 2650, 425
392, 2660, 424
393, 2670, 431
396, 2680, 429
396, 2690, 433
399, 2700, 432
399, 2710, 430
400, 2720, 431
402, 2730, 433
404, 2740, 441
405, 2750, 443
405, 2760, 440
405, 2770, 443
405, 2780, 447
406, 2790, 440
406, 2800, 438
407, 2810, 443
407, 2820, 446
411, 2830, 437
412, 2840, 451
414, 2850, 450
416, 2860, 457
418, 2870, 454
418, 2880, 459
421, 2890, 456
423, 2900, 463
423, 2910, 464
423, 2920, 464
423, 2930, 462
425, 2940, 456
425, 2950, 462
428, 2960, 466
432, 2970, 467
432, 2980, 476
434, 2990, 470
434, 3000, 477
435, 3010, 474
436, 3020, 478
437, 3030, 478
437, 3040, 480
440, 3050, 482
444, 3060, 483
446, 3070, 483
448, 3080, 486
448, 3090, 493
449, 3100, 491
450, 3110, 490
451, 3120, 494
452, 3130, 497
452, 3140, 501
455, 3150, 498
457, 3160, 500
458, 3170, 498
459, 3180, 504
461, 3190, 505
463, 3200, 506
464, 3210, 505
464, 3220, 509
464, 3230, 508
467, 3240, 506
468, 3250, 514
469, 3260, 513
469, 3270, 513
469, 3280, 513
469, 3290, 516
469, 3300, 516
470, 3310, 514
472, 3320, 510
472, 3330, 512
473, 3340, 518
475, 3350, 514
475, 3360, 520
476, 3370, 520
476, 3380, 523
476, 3390, 517
477, 3400, 518
477, 3410, 517
477, 3420, 514
479, 3430, 516
481, 3440, 520
482, 3450, 521
483, 3460, 526
485, 3470, 525
486, 3480, 523
488, 3490, 527
488, 3500, 526
488, 3510, 531
489, 3520, 528
489, 3530, 528
490, 3540, 526
491, 3550, 529
491, 3560, 532
492, 3570, 528
493, 3580, 530
494, 3590, 535
494, 3600, 532
494, 3610, 531
494, 3620, 533
494, 3630, 534
495, 3640, 533
498, 3650, 532
499, 3660, 535
500, 3670, 541
500, 3680, 547
501, 3690, 541
502, 3700, 545
502, 3710, 543
502, 3720, 545
503, 3730, 539
504, 3740, 540
505, 3750, 537
507, 3760, 541
507, 3770, 548
508, 3780, 548
510, 3790, 549
511, 3800, 554
513, 3810, 554
513, 3820, 558
513, 3830, 557
514, 3840, 557
515, 3850, 552
516, 3860, 555
517, 3870, 556
517, 3880, 558
519, 3890, 556
520, 3900, 559
523, 3910, 561
524, 3920, 570
526, 3930, 570
528, 3940, 572
529, 3950, 573
530, 3960, 578
532, 3970, 577
534, 3980, 583
537, 3990, 578
537, 4000, 583
537, 4010, 583
538, 4020, 584
538, 4030, 585
538, 4040, 579
539, 4050, 581
539, 4060, 581
539, 4070, 581
540, 4080, 581
542, 4090, 583
543, 4100, 584
544, 4110, 589
544, 4120, 585
544, 4130, 588
545, 4140, 586
545, 4150, 589
546, 4160, 586
547, 4170, 588
547, 4180, 589
547, 4190, 591
547, 4200, 586
548, 4210, 589
549, 4220, 588
551, 4230, 587
552, 4240, 592
553, 4250, 591
555, 4260, 595
556, 4270, 599
556, 4280, 599
557, 4290, 600
557, 4300, 598
558, 4310, 596
559, 4320, 598
561, 4330, 600
561, 4340, 606
561, 4350, 605
563, 4360, 600
564, 4370, 603
565, 4380, 607
565, 4390, 600
567, 4400, 609
569, 4410, 606
572, 4420, 607
573, 4430, 608
577, 4440, 606
580, 4450, 614
582, 4460, 618
584, 4470, 621
585, 4480, 621
586, 4490, 624
586, 4500, 627
590, 4510, 623
590, 4520, 630
591, 4530, 631
592, 4540, 630
594, 4550, 630
596, 4560, 637
597, 4570, 632
597, 4580, 636
598, 4590, 636
598, 4600, 638
598, 4610, 637
599, 4620, 634
600, 4630, 634
601, 4640, 636
601, 4650, 637
603, 4660, 637
604, 4670, 638
606, 4680, 640
609, 4690, 640
611, 4700, 648
612, 4710, 652
614, 4720, 651
617, 4730, 654
617, 4740, 662
617, 4750, 658
617, 4760, 658
618, 4770, 657
620, 4780, 657
623, 4790, 660
624, 4800, 665
624, 4810, 662
626, 4820, 663
626, 4830, 666
628, 4840, 667
628, 4850, 667
629, 4860, 668
631, 4870, 668
631, 4880, 668
631, 4890, 668
632, 4900, 669
633, 4910, 668
634, 4920, 669
634, 4930, 673
634, 4940, 669
636, 4950, 668
{'count': 4950, 'truepos': 92, 'falseneg': 12, 'unknownyes': 2, 'falsepos': 544, 'unique': 4950}
17: Hall.csv: three: 0, 0
8, 10
10, 20, 130
14, 30, 131
16, 40, 101
22, 50, 93
26, 60, 94
31, 70, 93
34, 80, 76
36, 90, 76
41, 100, 72
44, 110, 78
48, 120, 80
51, 130, 87
53, 140, 84
55, 150, 81
58, 160, 81
61, 170, 85
63, 180, 81
66, 190, 83
69, 200, 86
73, 210, 86
76, 220, 90
80, 230, 92
85, 240, 96
86, 250, 107
90, 260, 106
92, 270, 124
93, 280, 124
95, 290, 114
95, 300, 127
97, 310, 122
97, 320, 129
97, 330, 122
99, 340, 119
101, 350, 121
102, 360, 126
102, 370, 132
103, 380, 124
103, 390, 128
103, 400, 123
103, 410, 121
105, 420, 128
106, 430, 125
106, 440, 134
106, 450, 128
107, 460, 121
107, 470, 127
108, 480, 123
108, 490, 124
108, 500, 125
108, 510, 123
109, 520, 120
109, 530, 119
109, 540, 121
109, 550, 124
110, 560, 121
110, 570, 124
110, 580, 121
110, 590, 123
110, 600, 122
110, 610, 121
110, 620, 120
110, 630, 119
110, 640, 122
110, 650, 119
111, 660, 118
111, 670, 124
111, 680, 120
112, 690, 119
112, 700, 121
113, 710, 121
113, 720, 122
113, 730, 121
113, 740, 124
113, 750, 120
113, 760, 121
113, 770, 122
114, 780, 122
116, 790, 122
116, 800, 127
116, 810, 128
116, 820, 126
116, 830, 125
116, 840, 126
116, 850, 126
116, 860, 126
116, 870, 126
116, 880, 124
116, 890, 124
117, 900, 124
117, 910, 125
117, 920, 124
117, 930, 125
117, 940, 124
117, 950, 124
117, 960, 124
117, 970, 124
117, 980, 124
117, 990, 124
117, 1000, 124
{'count': 2198, 'truepos': 95, 'falseneg': 7, 'unknownyes': 4, 'falsepos': 22, 'unique': 1000}
17: Hall.csv: machine: 0, 0
8, 10
9, 20, 125
16, 30, 119
20, 40, 148
26, 50, 110
31, 60, 106
['yes' 'yes' 'yes' 'yes' 'yes' 'yes' 'yes' 'yes' 'yes' 'yes']
['no' 'no' 'no' 'no' 'no' 'yes' 'no' 'no' 'no' 'no']
32, 60, 106
34, 70, 96
35, 80, 91
37, 90, 74
41, 100, 75
42, 110, 78
['yes' 'yes' 'yes' 'yes' 'yes' 'yes' 'yes' 'yes' 'yes' 'yes']
['no' 'no' 'no' 'no' 'no' 'no' 'no' 'no' 'yes' 'no']
42, 110, 78
47, 120, 71
52, 130, 78
57, 140, 84
61, 150, 84
65, 160, 86
['yes' 'yes' 'yes' 'yes' 'yes' 'yes' 'yes' 'no' 'yes' 'no']
['no' 'no' 'no' 'no' 'no' 'no' 'no' 'no' 'no' 'no']
61, 160, 86
63, 170, 85
68, 180, 86
71, 190, 101
73, 200, 101
75, 210, 97
['no' 'yes' 'yes' 'yes' 'yes' 'yes' 'no' 'yes' 'yes' 'yes']
['no' 'yes' 'no' 'no' 'no' 'no' 'no' 'no' 'no' 'no']
73, 210, 97
75, 220, 92
81, 230, 93
85, 240, 96
88, 250, 102
90, 260, 103
['yes' 'no' 'no' 'yes' 'yes' 'yes' 'no' 'yes' 'yes' 'yes']
['no' 'yes' 'no' 'no' 'no' 'no' 'yes' 'no' 'no' 'no']
89, 260, 103
93, 270, 107
96, 280, 120
97, 290, 123
99, 300, 115
100, 310, 117
['no' 'yes' 'yes' 'yes' 'yes' 'yes' 'no' 'yes' 'yes' 'yes']
['no' 'no' 'yes' 'no' 'no' 'no' 'no' 'no' 'no' 'no']
99, 310, 117
100, 320, 117
102, 330, 113
102, 340, 115
103, 350, 112
104, 360, 112
['no' 'no' 'yes' 'no' 'no' 'yes' 'yes' 'yes' 'yes' 'yes']
['yes' 'no' 'no' 'no' 'no' 'no' 'no' 'yes' 'no' 'no']
103, 360, 112
105, 370, 115
105, 380, 115
106, 390, 113
109, 400, 114
110, 410, 115
['no' 'no' 'no' 'no' 'no' 'yes' 'no' 'no' 'yes' 'yes']
['no' 'no' 'no' 'no' 'yes' 'no' 'no' 'no' 'no' 'no']
['no' 'no' 'yes' 'no' 'no' 'no' 'yes' 'yes' 'no' 'yes']
['yes' 'no' 'no' 'no' 'no' 'no' 'no' 'no' 'no' 'yes']
{'count': 570, 'truepos': 95, 'falseneg': 5, 'unknownyes': 6, 'falsepos': 11, 'unique': 410}
17: Hall.csv: machine2: 0, 0
8, 10
11, 20, 121
15, 30, 130
20, 40, 105
26, 50, 100
32, 60, 99
['no' 'yes' 'yes' 'yes' 'no' 'yes' 'yes' 'yes' 'yes' 'yes']
['no' 'no' 'no' 'no' 'no' 'no' 'no' 'no' 'no' 'no']
31, 60, 99
38, 70, 82
41, 80, 102
44, 90, 93
49, 100, 89
55, 110, 105
['yes' 'no' 'no' 'yes' 'yes' 'yes' 'yes' 'yes' 'yes' 'yes']
['yes' 'no' 'no' 'no' 'no' 'no' 'no' 'yes' 'no' 'no']
57, 110, 105
60, 120, 131
60, 130, 115
62, 140, 109
66, 150, 99
68, 160, 110
['no' 'no' 'yes' 'yes' 'no' 'yes' 'yes' 'yes' 'no' 'yes']
['no' 'no' 'no' 'no' 'no' 'yes' 'no' 'no' 'yes' 'no']
66, 160, 110
72, 170, 88
75, 180, 95
78, 190, 98
81, 200, 100
86, 210, 96
['yes' 'yes' 'yes' 'yes' 'yes' 'yes' 'yes' 'no' 'yes' 'yes']
['no' 'yes' 'no' 'no' 'no' 'no' 'no' 'no' 'no' 'no']
87, 210, 96
90, 220, 108
95, 230, 108
99, 240, 116
104, 250, 130
104, 260, 139
['no' 'no' 'yes' 'yes' 'no' 'yes' 'no' 'no' 'yes' 'yes']
['no' 'no' 'no' 'no' 'yes' 'no' 'no' 'yes' 'no' 'no']
100, 260, 139
100, 270, 117
101, 280, 115
104, 290, 113
104, 300, 117
108, 310, 113
['no' 'no' 'no' 'yes' 'no' 'yes' 'yes' 'no' 'yes' 'no']
['no' 'no' 'yes' 'no' 'no' 'no' 'no' 'no' 'no' 'no']
['no' 'no' 'no' 'no' 'no' 'no' 'yes' 'yes' 'yes' 'yes']
['no' 'no' 'no' 'yes' 'no' 'no' 'no' 'no' 'no' 'yes']
{'count': 452, 'truepos': 96, 'falseneg': 2, 'unknownyes': 8, 'falsepos': 11, 'unique': 310}
17: Hall.csv: machine3: 0, 0
8, 10
9, 20, 125
11, 30, 121
13, 40, 120
17, 50, 97
20, 60, 94
null
['no']
20, 60, 94
24, 70, 86
30, 80, 93
37, 90, 66
41, 100, 77
46, 110, 84
null
['no' 'no' 'no' 'no' 'no' 'yes' 'yes' 'no' 'no' 'no']
47, 110, 84
51, 120, 81
55, 130, 84
56, 140, 88
58, 150, 86
64, 160, 79
null
['no' 'no' 'no' 'no' 'no' 'no' 'no' 'no' 'no' 'no']
64, 160, 79
68, 170, 89
71, 180, 93
73, 190, 93
77, 200, 92
79, 210, 95
null
['no' 'no' 'no' 'no' 'no' 'yes' 'no' 'yes' 'yes' 'yes']
81, 210, 95
85, 220, 97
87, 230, 105
88, 240, 107
88, 250, 105
91, 260, 102
null
['no' 'no' 'no' 'no' 'no' 'no' 'no' 'no' 'yes' 'no']
92, 260, 102
92, 270, 111
92, 280, 105
93, 290, 109
93, 300, 113
94, 310, 107
null
['no' 'no' 'no' 'no' 'yes' 'no' 'no' 'no' 'no' 'no']
95, 310, 107
95, 320, 110
95, 330, 106
96, 340, 109
97, 350, 107
98, 360, 108
null
['no' 'no' 'no' 'no' 'no' 'no' 'no' 'no' 'no' 'no']
98, 360, 108
98, 370, 108
98, 380, 109
98, 390, 108
98, 400, 108
99, 410, 107
null
['yes' 'no' 'no' 'no' 'no' 'no' 'no' 'no' 'no' 'no']
99, 410, 107
99, 420, 108
100, 430, 109
100, 440, 109
101, 450, 108
101, 460, 109
null
['no' 'no' 'no' 'no' 'no' 'no' 'no' 'no' 'no' 'no']
101, 460, 109
101, 470, 108
101, 480, 109
101, 490, 110
101, 500, 107
101, 510, 110
null
['no' 'no' 'no' 'no' 'no' 'no' 'no' 'no' 'no' 'no']
101, 510, 110
101, 520, 107
101, 530, 107
101, 540, 107
null
['no' 'no' 'no' 'no' 'no' 'no' 'no' 'no' 'no' 'no']
{'count': 847, 'truepos': 94, 'falseneg': 8, 'unknownyes': 4, 'falsepos': 7, 'unique': 540}
17: Wahono.csv: none: 0, 0
6, 10
8, 20, 119
12, 30, 140
14, 40, 163
18, 50, 111
23, 60, 102
29, 70, 98
31, 80, 101
34, 90, 83
34, 100, 91
34, 110, 76
36, 120, 77
37, 130, 83
40, 140, 73
43, 150, 71
46, 160, 86
48, 170, 87
49, 180, 93
52, 190, 91
54, 200, 89
54, 210, 99
56, 220, 90
59, 230, 96
61, 240, 90
62, 250, 105
63, 260, 107
65, 270, 114
66, 280, 118
67, 290, 113
67, 300, 117
69, 310, 107
71, 320, 114
73, 330, 107
73, 340, 108
75, 350, 130
75, 360, 113
77, 370, 125
79, 380, 112
79, 390, 141
80, 400, 111
82, 410, 116
83, 420, 111
85, 430, 125
86, 440, 117
88, 450, 119
88, 460, 148
91, 470, 115
93, 480, 119
94, 490, 120
96, 500, 132
97, 510, 133
99, 520, 126
100, 530, 129
100, 540, 129
100, 550, 130
101, 560, 125
103, 570, 126
106, 580, 133
106, 590, 132
107, 600, 137
109, 610, 135
109, 620, 133
110, 630, 137
110, 640, 132
111, 650, 133
111, 660, 130
113, 670, 134
113, 680, 138
114, 690, 135
115, 700, 137
116, 710, 140
116, 720, 147
117, 730, 137
118, 740, 135
120, 750, 137
123, 760, 139
123, 770, 141
124, 780, 143
125, 790, 148
125, 800, 145
127, 810, 148
129, 820, 152
130, 830, 156
132, 840, 158
133, 850, 156
134, 860, 160
134, 870, 158
135, 880, 161
136, 890, 160
136, 900, 163
136, 910, 157
137, 920, 160
137, 930, 166
137, 940, 160
139, 950, 161
139, 960, 164
139, 970, 165
140, 980, 163
140, 990, 161
141, 1000, 161
142, 1010, 165
142, 1020, 164
145, 1030, 161
147, 1040, 168
147, 1050, 171
148, 1060, 168
150, 1070, 174
150, 1080, 180
150, 1090, 177
152, 1100, 173
153, 1110, 177
153, 1120, 178
155, 1130, 178
156, 1140, 186
156, 1150, 184
156, 1160, 182
156, 1170, 182
159, 1180, 183
162, 1190, 183
164, 1200, 188
165, 1210, 186
165, 1220, 187
166, 1230, 190
167, 1240, 190
168, 1250, 191
169, 1260, 188
171, 1270, 196
171, 1280, 198
173, 1290, 197
173, 1300, 197
175, 1310, 194
177, 1320, 198
177, 1330, 199
177, 1340, 200
177, 1350, 201
178, 1360, 196
179, 1370, 204
180, 1380, 200
180, 1390, 202
180, 1400, 206
181, 1410, 201
181, 1420, 202
184, 1430, 202
187, 1440, 207
191, 1450, 205
191, 1460, 214
192, 1470, 215
195, 1480, 216
199, 1490, 218
201, 1500, 223
201, 1510, 227
201, 1520, 233
202, 1530, 228
202, 1540, 229
205, 1550, 228
208, 1560, 233
208, 1570, 236
208, 1580, 234
210, 1590, 233
210, 1600, 233
212, 1610, 233
212, 1620, 239
212, 1630, 236
213, 1640, 235
216, 1650, 236
216, 1660, 243
217, 1670, 241
218, 1680, 237
218, 1690, 238
220, 1700, 239
222, 1710, 239
223, 1720, 245
224, 1730, 241
224, 1740, 242
226, 1750, 246
227, 1760, 245
228, 1770, 249
229, 1780, 249
231, 1790, 251
231, 1800, 255
232, 1810, 252
232, 1820, 252
232, 1830, 251
232, 1840, 257
234, 1850, 254
234, 1860, 256
235, 1870, 257
235, 1880, 260
236, 1890, 258
238, 1900, 257
238, 1910, 262
239, 1920, 260
239, 1930, 263
239, 1940, 260
239, 1950, 261
240, 1960, 261
240, 1970, 260
241, 1980, 262
241, 1990, 261
241, 2000, 260
241, 2010, 260
242, 2020, 259
245, 2030, 260
246, 2040, 265
246, 2050, 266
246, 2060, 268
247, 2070, 265
249, 2080, 265
250, 2090, 268
251, 2100, 270
254, 2110, 274
254, 2120, 275
256, 2130, 275
257, 2140, 277
257, 2150, 278
258, 2160, 276
260, 2170, 278
262, 2180, 280
264, 2190, 286
265, 2200, 286
266, 2210, 287
266, 2220, 287
267, 2230, 286
268, 2240, 290
269, 2250, 290
271, 2260, 292
271, 2270, 296
272, 2280, 293
274, 2290, 294
275, 2300, 298
276, 2310, 298
277, 2320, 297
278, 2330, 300
278, 2340, 298
279, 2350, 300
280, 2360, 299
281, 2370, 300
281, 2380, 302
281, 2390, 300
281, 2400, 300
281, 2410, 298
284, 2420, 298
285, 2430, 302
288, 2440, 302
291, 2450, 306
292, 2460, 311
293, 2470, 312
293, 2480, 313
294, 2490, 313
297, 2500, 313
299, 2510, 319
302, 2520, 323
304, 2530, 327
305, 2540, 327
306, 2550, 330
306, 2560, 332
307, 2570, 333
307, 2580, 331
307, 2590, 329
309, 2600, 330
310, 2610, 332
310, 2620, 331
311, 2630, 332
312, 2640, 333
312, 2650, 333
314, 2660, 333
314, 2670, 336
315, 2680, 336
315, 2690, 335
315, 2700, 336
318, 2710, 333
319, 2720, 340
319, 2730, 344
319, 2740, 340
319, 2750, 340
322, 2760, 339
323, 2770, 343
324, 2780, 343
325, 2790, 344
326, 2800, 346
326, 2810, 347
327, 2820, 345
329, 2830, 348
329, 2840, 351
331, 2850, 348
333, 2860, 353
334, 2870, 355
334, 2880, 356
336, 2890, 355
341, 2900, 358
341, 2910, 365
343, 2920, 362
345, 2930, 364
345, 2940, 366
345, 2950, 365
346, 2960, 366
346, 2970, 372
349, 2980, 366
349, 2990, 371
349, 3000, 369
349, 3010, 369
{'count': 3010, 'truepos': 55, 'falseneg': 5, 'unknownyes': 2, 'falsepos': 294, 'unique': 3010}
17: Wahono.csv: three: 0, 0
6, 10
8, 20, 100
9, 30, 102
10, 40, 99
14, 50, 102
17, 60, 93
22, 70, 84
24, 80, 85
26, 90, 75
29, 100, 69
29, 110, 74
31, 120, 65
35, 130, 59
38, 140, 74
38, 150, 81
39, 160, 66
41, 170, 72
42, 180, 71
43, 190, 71
43, 200, 73
44, 210, 68
46, 220, 74
47, 230, 73
48, 240, 75
49, 250, 69
50, 260, 70
50, 270, 85
50, 280, 75
52, 290, 79
52, 300, 76
52, 310, 75
52, 320, 75
53, 330, 75
53, 340, 80
55, 350, 73
57, 360, 75
57, 370, 75
58, 380, 73
59, 390, 78
59, 400, 82
60, 410, 73
60, 420, 77
60, 430, 75
60, 440, 76
60, 450, 77
60, 460, 74
60, 470, 74
61, 480, 75
63, 490, 71
63, 500, 78
64, 510, 74
64, 520, 77
64, 530, 76
64, 540, 75
65, 550, 75
66, 560, 76
67, 570, 78
67, 580, 78
67, 590, 81
67, 600, 80
67, 610, 78
67, 620, 78
67, 630, 78
69, 640, 77
71, 650, 81
72, 660, 84
72, 670, 84
72, 680, 84
72, 690, 84
73, 700, 84
73, 710, 84
73, 720, 84
73, 730, 83
73, 740, 85
73, 750, 84
73, 760, 83
73, 770, 84
73, 780, 83
73, 790, 82
73, 800, 81
73, 810, 82
73, 820, 82
73, 830, 81
73, 840, 81
73, 850, 80
74, 860, 80
74, 870, 84
76, 880, 82
76, 890, 88
76, 900, 88
77, 910, 87
77, 920, 90
77, 930, 88
77, 940, 89
77, 950, 88
77, 960, 87
77, 970, 87
78, 980, 86
78, 990, 87
78, 1000, 87
80, 1010, 89
81, 1020, 89
82, 1030, 90
82, 1040, 92
82, 1050, 91
82, 1060, 90
83, 1070, 90
85, 1080, 91
85, 1090, 93
88, 1100, 93
89, 1110, 96
89, 1120, 97
91, 1130, 96
91, 1140, 99
91, 1150, 99
91, 1160, 98
92, 1170, 96
92, 1180, 97
92, 1190, 97
92, 1200, 97
92, 1210, 97
92, 1220, 97
92, 1230, 97
{'count': 2683, 'truepos': 56, 'falseneg': 2, 'unknownyes': 4, 'falsepos': 36, 'unique': 1230}
17: Wahono.csv: machine: 0, 0
5, 10
8, 20, 102
11, 30, 113
12, 40, 111
17, 50, 89
18, 60, 87
['yes' 'yes' 'yes' 'yes' 'no' 'yes' 'yes' 'yes' 'yes' 'yes']
['no']
17, 60, 87
21, 70, 85
22, 80, 90
22, 90, 87
24, 100, 71
25, 110, 68
['no' 'no' 'yes' 'yes' 'yes' 'yes' 'yes' 'yes' 'yes' 'yes']
[]
22, 110, 68
23, 120, 56
26, 130, 53
28, 140, 57
32, 150, 59
33, 160, 60
['yes' 'no' 'no' 'yes' 'no' 'yes' 'no' 'yes' 'yes' 'yes']
['no' 'no' 'no' 'no' 'no' 'no' 'no' 'no' 'no' 'no']
30, 160, 60
37, 170, 51
37, 180, 78
38, 190, 67
39, 200, 67
40, 210, 69
['yes' 'no' 'yes' 'yes' 'yes' 'yes' 'no' 'no' 'no' 'yes']
['no' 'no' 'no' 'no' 'no' 'no' 'no' 'no' 'no' 'yes']
38, 210, 69
39, 220, 59
41, 230, 59
45, 240, 58
45, 250, 68
45, 260, 66
['yes' 'yes' 'no' 'yes' 'yes' 'no' 'no' 'no' 'yes' 'yes']
['no' 'no' 'no' 'no' 'no' 'yes' 'yes' 'no' 'no' 'no']
43, 260, 66
45, 270, 66
47, 280, 65
48, 290, 74
48, 300, 80
48, 310, 83
['no' 'no' 'no' 'no' 'no' 'yes' 'yes' 'yes' 'yes' 'yes']
['no' 'no' 'no' 'no' 'no' 'no' 'no' 'no' 'no' 'no']
44, 310, 83
47, 320, 61
47, 330, 67
49, 340, 65
49, 350, 72
52, 360, 70
['no' 'no' 'no' 'no' 'no' 'no' 'no' 'yes' 'yes' 'no']
['no' 'no' 'no' 'no' 'no' 'no' 'no' 'no' 'no' 'no']
47, 360, 70
47, 370, 61
50, 380, 64
51, 390, 65
51, 400, 69
52, 410, 64
['no' 'yes' 'no' 'no' 'no' 'no' 'no' 'no' 'yes' 'no']
['no' 'no' 'yes' 'no' 'no' 'no' 'no' 'no' 'no' 'no']
46, 410, 64
49, 420, 58
51, 430, 61
53, 440, 69
54, 450, 66
55, 460, 66
['no' 'no' 'no' 'yes' 'no' 'no' 'yes' 'yes' 'no' 'yes']
['no' 'no' 'yes' 'no' 'no' 'no' 'no' 'no' 'no' 'no']
54, 460, 66
57, 470, 65
59, 480, 68
59, 490, 70
59, 500, 70
59, 510, 69
['yes' 'no' 'no' 'yes' 'no' 'yes' 'no' 'no' 'no']
['no' 'no' 'no' 'no' 'no' 'yes' 'no' 'no' 'no' 'no']
57, 510, 69
58, 520, 70
58, 530, 71
59, 540, 68
62, 550, 69
64, 560, 72
['no' 'yes' 'no' 'yes' 'no' 'no' 'no' 'no' 'no' 'no']
['no' 'no' 'no' 'no' 'no' 'no' 'no' 'no' 'no' 'no']
57, 560, 72
59, 570, 66
61, 580, 69
63, 590, 72
63, 600, 76
65, 610, 75
['no' 'yes' 'no' 'no' 'no' 'no' 'no' 'yes' 'no']
['no' 'no' 'no' 'no' 'no' 'no' 'no' 'no' 'no' 'no']
59, 610, 75
59, 620, 69
59, 630, 68
60, 640, 69
61, 650, 68
62, 660, 70
['no' 'no' 'yes' 'no']
['no' 'no' 'no' 'no' 'no' 'no' 'no' 'no' 'no' 'no']
63, 660, 70
63, 670, 72
65, 680, 71
67, 690, 74
68, 700, 76
68, 710, 78
['no' 'no' 'no' 'no' 'no' 'no' 'no' 'no']
['no' 'no' 'no' 'no' 'no' 'no' 'no' 'no' 'no' 'no']
61, 710, 78
61, 720, 69
62, 730, 68
63, 740, 68
64, 750, 71
66, 760, 73
['no' 'no' 'no' 'no' 'no']
['no' 'no' 'no' 'no' 'no' 'no' 'no' 'no' 'no' 'no']
62, 760, 73
64, 770, 69
64, 780, 72
67, 790, 71
68, 800, 76
69, 810, 80
['no' 'no' 'no' 'no' 'no' 'no' 'no' 'no']
['no' 'no' 'no' 'no' 'no' 'no' 'no' 'no' 'no' 'no']
62, 810, 80
63, 820, 67
64, 830, 70
64, 840, 72
67, 850, 71
69, 860, 75
['no' 'no' 'no' 'no' 'no' 'yes' 'no' 'no']
['no' 'no' 'no' 'no' 'no' 'no' 'no' 'no' 'no' 'no']
63, 860, 75
64, 870, 70
65, 880, 72
66, 890, 72
67, 900, 73
69, 910, 74
['no' 'no' 'no' 'no' 'no' 'no' 'no']
['no' 'no' 'no' 'no' 'no' 'no' 'no' 'no' 'no' 'no']
63, 910, 74
64, 920, 68
65, 930, 70
68, 940, 70
70, 950, 75
70, 960, 79
['no' 'no' 'no' 'no' 'no' 'no' 'no' 'no']
['no' 'no' 'no' 'no' 'no' 'no' 'no' 'no' 'no' 'no']
62, 960, 79
64, 970, 67
64, 980, 70
67, 990, 71
67, 1000, 74
68, 1010, 74
['no' 'no' 'no' 'no' 'no' 'yes']
['no' 'no' 'no' 'no' 'no' 'no' 'no' 'no' 'no' 'no']
63, 1010, 74
64, 1020, 69
65, 1030, 69
68, 1040, 72
69, 1050, 76
70, 1060, 77
['no' 'no' 'no' 'no' 'no' 'no' 'no']
['no' 'no' 'no' 'no' 'no' 'no' 'no' 'no' 'no' 'no']
65, 1060, 77
66, 1070, 72
66, 1080, 72
67, 1090, 73
69, 1100, 74
69, 1110, 75
['no' 'no' 'no' 'no' 'no' 'no']
['no' 'no' 'no' 'no' 'no' 'no' 'no' 'no' 'no' 'no']
64, 1110, 75
66, 1120, 69
69, 1130, 71
71, 1140, 75
71, 1150, 77
72, 1160, 76
['no' 'no' 'no' 'no' 'no' 'no' 'no' 'no' 'no']
['no' 'no' 'no' 'no' 'no' 'no' 'no' 'no' 'no' 'no']
64, 1160, 76
67, 1170, 68
68, 1180, 73
69, 1190, 73
71, 1200, 75
72, 1210, 77
['no' 'no' 'no' 'no' 'no' 'no' 'no' 'no']
['no' 'no' 'no' 'no' 'no' 'no' 'no' 'no' 'no' 'no']
64, 1210, 77
64, 1220, 69
66, 1230, 68
69, 1240, 71
69, 1250, 76
70, 1260, 75
['no' 'no' 'no' 'no' 'no' 'no']
['no' 'no' 'no' 'no' 'no' 'no' 'no' 'no' 'no' 'no']
64, 1260, 75
64, 1270, 68
66, 1280, 68
67, 1290, 71
69, 1300, 72
69, 1310, 74
['no' 'no' 'no' 'no' 'no']
['no' 'no' 'no' 'no' 'no' 'no' 'no' 'no' 'no' 'no']
67, 1310, 74
69, 1320, 72
70, 1330, 74
72, 1340, 75
75, 1350, 78
79, 1360, 82
['no' 'no' 'no' 'no' 'no' 'no' 'no' 'no' 'no' 'no']
['no' 'no' 'no' 'no' 'no' 'no' 'no' 'no' 'no' 'no']
['no' 'no' 'no' 'no' 'no' 'no' 'no' 'yes' 'no' 'no']
['no' 'no' 'no' 'no' 'no' 'no' 'no' 'no' 'no' 'no']
{'count': 1834, 'truepos': 58, 'falseneg': 2, 'unknownyes': 2, 'falsepos': 13, 'unique': 1360}
17: Wahono.csv: machine2: 0, 0
7, 10
10, 20, 109
12, 30, 117
15, 40, 92
16, 50, 84
18, 60, 81
['yes' 'yes' 'yes' 'yes' 'yes' 'yes' 'yes' 'yes' 'yes' 'no']
[]
17, 60, 81
20, 70, 86
21, 80, 92
23, 90, 83
23, 100, 82
25, 110, 63
['yes' 'yes' 'no' 'yes' 'no' 'yes' 'no' 'yes' 'yes' 'yes']
[]
22, 110, 63
23, 120, 57
26, 130, 54
29, 140, 56
31, 150, 60
36, 160, 69
['no' 'yes' 'yes' 'yes' 'yes' 'yes' 'no' 'no' 'no' 'yes']
['no' 'no' 'no' 'no' 'yes' 'no' 'no' 'no' 'no' 'yes']
35, 160, 69
36, 170, 76
38, 180, 78
40, 190, 73
44, 200, 78
44, 210, 88
['no' 'yes' 'yes' 'yes' 'yes' 'no' 'no' 'no' 'no' 'no']
['no' 'no' 'no' 'no' 'no' 'no' 'no' 'no' 'no' 'no']
42, 210, 88
42, 220, 82
42, 230, 81
44, 240, 75
45, 250, 74
46, 260, 79
['yes' 'no' 'yes' 'no' 'no' 'yes' 'yes' 'yes' 'no' 'yes']
['no' 'no' 'no' 'no' 'no' 'no' 'no' 'no' 'no' 'no']
42, 260, 79
44, 270, 66
46, 280, 75
48, 290, 74
50, 300, 72
52, 310, 75
['yes' 'no' 'yes' 'no' 'no' 'no' 'yes' 'yes' 'yes' 'no']
['no' 'no' 'yes' 'no' 'no' 'no' 'no' 'no' 'no' 'no']
52, 310, 75
53, 320, 77
54, 330, 77
56, 340, 73
56, 350, 77
58, 360, 79
['no' 'no' 'no' 'no' 'no' 'no' 'yes' 'no' 'no' 'no']
['no' 'no' 'no' 'no' 'no' 'no' 'no' 'no' 'no' 'no']
52, 360, 79
56, 370, 70
57, 380, 90
58, 390, 92
59, 400, 95
59, 410, 93
['no' 'no' 'no' 'no' 'no' 'no' 'no' 'yes' 'no' 'yes']
['no' 'no' 'no' 'no' 'no' 'no' 'no' 'no' 'no' 'no']
52, 410, 93
52, 420, 67
53, 430, 68
55, 440, 73
55, 450, 74
55, 460, 73
['yes' 'no' 'no' 'no' 'yes' 'yes' 'no']
['no' 'no' 'no' 'no' 'no' 'yes' 'no' 'no' 'no' 'no']
53, 460, 73
54, 470, 65
55, 480, 66
57, 490, 65
61, 500, 70
61, 510, 74
['yes' 'yes' 'no' 'no' 'no' 'no' 'yes' 'no' 'yes' 'yes']
['no' 'no' 'no' 'no' 'no' 'no' 'no' 'no' 'no' 'no']
58, 510, 74
59, 520, 71
59, 530, 75
60, 540, 69
60, 550, 75
60, 560, 73
['no' 'no' 'no']
['no' 'no' 'no' 'no' 'no' 'no' 'no' 'no' 'no' 'no']
58, 560, 73
60, 570, 69
62, 580, 71
63, 590, 78
65, 600, 80
66, 610, 83
['yes' 'no' 'no' 'yes' 'no' 'no' 'no' 'no']
['no' 'no' 'no' 'no' 'no' 'no' 'no' 'no' 'no' 'no']
61, 610, 83
62, 620, 72
63, 630, 73
65, 640, 74
65, 650, 75
68, 660, 77
['no' 'no' 'no' 'no' 'no' 'no' 'no' 'no']
['no' 'no' 'no' 'no' 'no' 'no' 'no' 'no' 'no' 'no']
61, 660, 77
61, 670, 70
65, 680, 71
66, 690, 76
68, 700, 77
70, 710, 79
['no' 'no' 'no' 'yes' 'no' 'no' 'no' 'no' 'yes']
['no' 'no' 'no' 'no' 'no' 'no' 'no' 'no' 'no' 'no']
64, 710, 79
64, 720, 73
66, 730, 73
68, 740, 77
68, 750, 80
69, 760, 77
['no' 'no' 'yes' 'no' 'no' 'no']
['no' 'no' 'no' 'no' 'no' 'no' 'no' 'no' 'no' 'no']
64, 760, 77
65, 770, 72
66, 780, 74
66, 790, 79
71, 800, 75
73, 810, 83
['yes' 'no' 'no' 'no' 'no' 'no' 'no' 'yes' 'no']
['no' 'yes' 'no' 'no' 'no' 'no' 'no' 'no' 'no' 'no']
69, 810, 83
70, 820, 77
71, 830, 79
72, 840, 82
72, 850, 83
73, 860, 83
['no' 'no' 'no' 'no' 'yes']
['no' 'no' 'no' 'no' 'no' 'no' 'no' 'no' 'no' 'no']
70, 860, 83
70, 870, 78
71, 880, 79
72, 890, 81
74, 900, 80
75, 910, 83
['no' 'no' 'no' 'no' 'no' 'no']
['no' 'no' 'no' 'no' 'no' 'no' 'no' 'no' 'no' 'no']
72, 910, 83
72, 920, 80
73, 930, 81
75, 940, 82
76, 950, 85
78, 960, 88
['no' 'no' 'no' 'no' 'no' 'no' 'no']
['no' 'no' 'no' 'no' 'no' 'no' 'no' 'no' 'no' 'no']
74, 960, 88
75, 970, 85
75, 980, 84
76, 990, 85
77, 1000, 85
77, 1010, 87
['no' 'no' 'no' 'no']
['no' 'no' 'no' 'no' 'no' 'no' 'no' 'no' 'no' 'no']
77, 1010, 87
78, 1020, 86
78, 1030, 89
81, 1040, 87
82, 1050, 93
82, 1060, 92
['yes' 'no' 'no' 'no' 'no' 'no' 'no' 'no' 'no']
['no' 'no' 'no' 'no' 'no' 'no' 'no' 'no' 'no' 'no']
76, 1060, 92
77, 1070, 84
77, 1080, 85
78, 1090, 85
78, 1100, 86
79, 1110, 86
['no' 'no' 'no' 'no']
['no' 'no' 'no' 'no' 'no' 'no' 'no' 'no' 'no' 'no']
80, 1110, 86
82, 1120, 88
83, 1130, 90
83, 1140, 91
83, 1150, 90
83, 1160, 91
['no' 'no' 'no' 'no' 'no' 'no' 'no' 'no']
['no' 'no' 'no' 'no' 'no' 'no' 'no' 'no' 'no' 'no']
76, 1160, 91
80, 1170, 83
81, 1180, 88
82, 1190, 92
82, 1200, 92
83, 1210, 91
['no' 'no' 'no' 'yes' 'no' 'no' 'yes']
['no' 'no' 'no' 'no' 'no' 'no' 'no' 'no' 'no' 'no']
80, 1210, 91
81, 1220, 87
81, 1230, 90
81, 1240, 89
83, 1250, 89
84, 1260, 90
['no' 'no' 'no' 'no' 'no']
['no' 'no' 'no' 'no' 'no' 'no' 'no' 'no' 'no' 'no']
80, 1260, 90
80, 1270, 86
81, 1280, 85
81, 1290, 88
84, 1300, 87
86, 1310, 92
['no' 'no' 'no' 'no' 'no' 'no' 'no']
['no' 'no' 'no' 'no' 'no' 'no' 'no' 'no' 'no' 'no']
82, 1310, 92
84, 1320, 87
85, 1330, 89
86, 1340, 91
86, 1350, 93
88, 1360, 93
['no' 'no' 'no' 'no' 'no' 'no' 'no' 'no']
['no' 'no' 'no' 'no' 'no' 'no' 'no' 'no' 'no' 'no']
81, 1360, 93
82, 1370, 86
83, 1380, 88
84, 1390, 89
86, 1400, 91
87, 1410, 93
['no' 'no' 'no' 'no' 'no' 'no']
['no' 'no' 'no' 'no' 'no' 'no' 'no' 'no' 'no' 'no']
84, 1410, 93
84, 1420, 89
84, 1430, 89
84, 1440, 89
['no' 'no']
['no' 'no' 'no' 'no' 'no' 'no' 'no' 'no' 'no' 'no']
{'count': 2049, 'truepos': 58, 'falseneg': 2, 'unknownyes': 2, 'falsepos': 24, 'unique': 1440}
17: Wahono.csv: machine3: 0, 0
6, 10
6, 20, 99
8, 30, 93
10, 40, 103
13, 50, 87
19, 60, 71
null
['no' 'no']
19, 60, 71
21, 70, 80
22, 80, 69
22, 90, 59
22, 100, 52
23, 110, 47
null
[]
24, 120, 47
26, 130, 46
29, 140, 50
32, 150, 55
32, 160, 64
32, 170, 59
null
['no' 'no' 'no' 'no' 'no' 'no' 'no' 'no' 'no' 'no']
32, 170, 59
35, 180, 55
35, 190, 67
36, 200, 69
39, 210, 60
40, 220, 70
null
['no' 'no' 'no' 'no' 'no' 'no' 'no' 'no' 'no' 'no']
40, 220, 70
40, 230, 67
40, 240, 67
41, 250, 68
42, 260, 68
43, 270, 69
null
['yes' 'no' 'no' 'no' 'no' 'no' 'no' 'no' 'no' 'no']
45, 270, 69
46, 280, 77
46, 290, 71
48, 300, 67
48, 310, 73
49, 320, 67
null
['no' 'no' 'no' 'no' 'no' 'no' 'no' 'no' 'no' 'no']
49, 320, 67
51, 330, 64
51, 340, 71
51, 350, 66
53, 360, 70
53, 370, 69
null
['no' 'no' 'no' 'no' 'no' 'no' 'no' 'no' 'yes' 'no']
53, 370, 69
53, 380, 71
53, 390, 69
53, 400, 67
54, 410, 68
54, 420, 70
null
['no' 'no' 'no' 'no' 'no' 'no' 'no' 'no' 'no' 'no']
55, 420, 70
55, 430, 73
55, 440, 69
55, 450, 68
56, 460, 68
56, 470, 70
null
['no' 'no' 'no' 'no' 'no' 'no' 'no' 'no' 'no' 'no']
56, 470, 70
57, 480, 69
57, 490, 69
57, 500, 68
58, 510, 68
59, 520, 73
null
['no' 'no' 'no' 'no' 'no' 'no' 'no' 'no' 'no' 'no']
59, 520, 73
59, 530, 69
59, 540, 71
59, 550, 67
59, 560, 68
59, 570, 71
null
['no' 'no' 'no' 'no' 'no' 'no' 'no' 'no' 'no' 'no']
59, 570, 71
59, 580, 71
59, 590, 71
59, 600, 69
61, 610, 71
62, 620, 74
null
['no' 'no' 'no' 'no' 'no' 'no' 'no' 'no' 'no' 'no']
62, 620, 74
62, 630, 72
63, 640, 75
64, 650, 73
65, 660, 74
65, 670, 74
null
['no' 'no' 'no' 'no' 'no' 'no' 'no' 'no' 'no' 'no']
65, 670, 74
65, 680, 75
65, 690, 75
67, 700, 72
67, 710, 77
67, 720, 77
null
['no' 'no' 'no' 'no' 'no' 'no' 'no' 'no' 'no' 'no']
67, 720, 77
67, 730, 76
68, 740, 76
68, 750, 77
69, 760, 76
70, 770, 77
null
['no' 'no' 'no' 'no' 'no' 'no' 'no' 'no' 'no' 'no']
70, 770, 77
72, 780, 78
72, 790, 81
73, 800, 79
75, 810, 84
75, 820, 87
null
['no' 'no' 'no' 'no' 'no' 'no' 'no' 'no' 'no' 'no']
75, 820, 87
76, 830, 88
76, 840, 88
76, 850, 88
76, 860, 87
76, 870, 87
null
['no' 'no' 'no' 'no' 'no' 'no' 'no' 'no' 'no' 'no']
77, 870, 87
78, 880, 87
78, 890, 90
78, 900, 90
78, 910, 87
78, 920, 87
null
['no' 'no' 'no' 'no' 'no' 'no' 'no' 'no' 'no' 'no']
78, 920, 87
78, 930, 87
79, 940, 88
79, 950, 88
79, 960, 89
79, 970, 88
null
['no' 'no' 'no' 'no' 'no' 'no' 'no' 'no' 'no' 'no']
79, 970, 88
79, 980, 90
79, 990, 87
80, 1000, 86
80, 1010, 89
80, 1020, 89
null
['no' 'no' 'no' 'no' 'no' 'no' 'no' 'no' 'no' 'no']
80, 1020, 89
80, 1030, 89
81, 1040, 87
82, 1050, 88
82, 1060, 90
82, 1070, 90
null
['no' 'no' 'no' 'no' 'no' 'no' 'no' 'no' 'no' 'no']
82, 1070, 90
83, 1080, 90
83, 1090, 91
83, 1100, 91
84, 1110, 89
84, 1120, 92
null
['no' 'no' 'no' 'no' 'no' 'no' 'no' 'no' 'no' 'no']
84, 1120, 92
86, 1130, 91
86, 1140, 93
86, 1150, 94
86, 1160, 92
86, 1170, 92
null
['no' 'no' 'no' 'no' 'no' 'no' 'no' 'no' 'no' 'no']
86, 1170, 92
87, 1180, 92
87, 1190, 94
87, 1200, 94
87, 1210, 93
87, 1220, 93
null
['no' 'no' 'no' 'no' 'no' 'no' 'no' 'no' 'no' 'no']
87, 1220, 93
87, 1230, 93
87, 1240, 92
87, 1250, 92
87, 1260, 92
88, 1270, 92
null
['no' 'no' 'no' 'no' 'no' 'no' 'no' 'no' 'no' 'no']
null
['no' 'no' 'no' 'no' 'no' 'no' 'no' 'no' 'no' 'no']
{'count': 1836, 'truepos': 54, 'falseneg': 4, 'unknownyes': 4, 'falsepos': 34, 'unique': 1270}
17: Danijel.csv: none: 0, 0
4, 10
7, 20, 114
10, 30, 105
13, 40, 113
16, 50, 96
18, 60, 101
19, 70, 88
20, 80, 80
23, 90, 69
24, 100, 71
26, 110, 60
26, 120, 65
28, 130, 57
30, 140, 65
32, 150, 57
34, 160, 53
35, 170, 58
36, 180, 57
39, 190, 54
41, 200, 61
42, 210, 62
44, 220, 59
48, 230, 62
50, 240, 70
51, 250, 73
52, 260, 71
53, 270, 71
55, 280, 71
56, 290, 75
56, 300, 80
57, 310, 76
57, 320, 79
60, 330, 73
61, 340, 83
62, 350, 80
63, 360, 77
63, 370, 81
64, 380, 81
65, 390, 83
67, 400, 83
68, 410, 86
70, 420, 85
71, 430, 92
73, 440, 100
73, 450, 91
73, 460, 98
75, 470, 89
76, 480, 94
78, 490, 94
79, 500, 95
80, 510, 92
81, 520, 94
82, 530, 95
82, 540, 92
83, 550, 93
84, 560, 94
85, 570, 94
86, 580, 97
86, 590, 95
90, 600, 94
91, 610, 98
92, 620, 102
92, 630, 105
93, 640, 102
94, 650, 103
94, 660, 103
94, 670, 103
95, 680, 103
95, 690, 103
95, 700, 103
97, 710, 102
98, 720, 104
98, 730, 109
98, 740, 105
98, 750, 107
99, 760, 105
99, 770, 105
102, 780, 107
104, 790, 109
108, 800, 113
109, 810, 117
111, 820, 118
111, 830, 122
113, 840, 119
115, 850, 122
117, 860, 124
117, 870, 129
117, 880, 126
117, 890, 126
117, 900, 126
119, 910, 124
119, 920, 129
119, 930, 128
121, 940, 130
123, 950, 132
125, 960, 134
126, 970, 141
126, 980, 138
126, 990, 138
127, 1000, 138
129, 1010, 137
131, 1020, 140
131, 1030, 147
131, 1040, 141
133, 1050, 141
134, 1060, 144
135, 1070, 144
137, 1080, 146
137, 1090, 151
137, 1100, 149
138, 1110, 146
138, 1120, 149
141, 1130, 149
141, 1140, 151
141, 1150, 152
141, 1160, 150
141, 1170, 153
142, 1180, 151
142, 1190, 155
144, 1200, 154
145, 1210, 155
146, 1220, 158
146, 1230, 158
147, 1240, 161
149, 1250, 158
150, 1260, 164
152, 1270, 160
154, 1280, 167
155, 1290, 168
157, 1300, 165
157, 1310, 172
157, 1320, 169
159, 1330, 169
161, 1340, 174
161, 1350, 176
163, 1360, 179
164, 1370, 179
165, 1380, 184
166, 1390, 186
169, 1400, 183
171, 1410, 191
171, 1420, 192
171, 1430, 194
172, 1440, 187
173, 1450, 195
174, 1460, 192
176, 1470, 194
177, 1480, 193
178, 1490, 197
181, 1500, 193
182, 1510, 203
182, 1520, 197
183, 1530, 204
184, 1540, 201
184, 1550, 203
185, 1560, 205
186, 1570, 205
186, 1580, 205
187, 1590, 205
187, 1600, 209
188, 1610, 210
188, 1620, 210
190, 1630, 206
192, 1640, 207
194, 1650, 207
195, 1660, 216
195, 1670, 218
195, 1680, 219
195, 1690, 215
195, 1700, 217
196, 1710, 216
196, 1720, 217
197, 1730, 217
198, 1740, 221
199, 1750, 217
201, 1760, 221
202, 1770, 222
202, 1780, 223
203, 1790, 223
204, 1800, 222
206, 1810, 227
207, 1820, 229
207, 1830, 226
207, 1840, 225
208, 1850, 228
209, 1860, 226
209, 1870, 227
212, 1880, 226
214, 1890, 233
214, 1900, 233
215, 1910, 232
216, 1920, 234
219, 1930, 233
220, 1940, 236
220, 1950, 235
220, 1960, 236
220, 1970, 235
221, 1980, 237
223, 1990, 237
224, 2000, 238
224, 2010, 240
224, 2020, 241
226, 2030, 238
226, 2040, 240
226, 2050, 239
227, 2060, 240
228, 2070, 243
229, 2080, 242
229, 2090, 243
230, 2100, 244
230, 2110, 246
{'count': 2110, 'truepos': 40, 'falseneg': 5, 'unknownyes': 3, 'falsepos': 190, 'unique': 2110}
17: Danijel.csv: three: 0, 0
3, 10
5, 20, 110
6, 30, 141
8, 40, 125
8, 50, 122
8, 60, 82
8, 70, 67
11, 80, 65
14, 90, 67
19, 100, 69
22, 110, 100
23, 120, 96
23, 130, 79
24, 140, 72
25, 150, 62
25, 160, 60
26, 170, 59
29, 180, 57
29, 190, 58
30, 200, 55
32, 210, 61
32, 220, 61
32, 230, 62
32, 240, 59
32, 250, 51
33, 260, 50
33, 270, 58
34, 280, 49
34, 290, 54
35, 300, 54
35, 310, 57
35, 320, 55
35, 330, 53
35, 340, 57
35, 350, 51
35, 360, 46
35, 370, 48
37, 380, 46
37, 390, 51
38, 400, 51
38, 410, 49
38, 420, 49
39, 430, 54
40, 440, 48
42, 450, 50
43, 460, 53
43, 470, 60
43, 480, 54
46, 490, 54
46, 500, 56
46, 510, 57
47, 520, 55
48, 530, 58
51, 540, 59
54, 550, 63
54, 560, 70
54, 570, 66
56, 580, 66
57, 590, 67
57, 600, 70
58, 610, 67
58, 620, 71
58, 630, 67
60, 640, 67
61, 650, 69
61, 660, 71
62, 670, 68
63, 680, 71
63, 690, 74
63, 700, 73
63, 710, 71
63, 720, 71
63, 730, 72
63, 740, 70
63, 750, 72
65, 760, 71
65, 770, 74
65, 780, 73
66, 790, 73
67, 800, 73
70, 810, 74
70, 820, 78
70, 830, 78
70, 840, 78
70, 850, 78
70, 860, 78
71, 870, 77
71, 880, 79
71, 890, 78
72, 900, 78
73, 910, 80
74, 920, 81
76, 930, 81
76, 940, 86
76, 950, 85
76, 960, 85
76, 970, 86
76, 980, 84
76, 990, 82
76, 1000, 83
76, 1010, 81
77, 1020, 81
78, 1030, 83
78, 1040, 84
78, 1050, 86
78, 1060, 83
78, 1070, 85
{'count': 2329, 'truepos': 43, 'falseneg': 3, 'unknownyes': 2, 'falsepos': 35, 'unique': 1070}
17: Danijel.csv: machine: 0, 0
5, 10
5, 20, 114
9, 30, 97
14, 40, 100
17, 50, 117
20, 60, 100
['no' 'yes' 'yes' 'yes' 'yes' 'yes' 'no' 'no' 'no' 'yes']
[]
15, 60, 100
16, 70, 85
19, 80, 77
20, 90, 76
23, 100, 76
29, 110, 70
['no' 'yes' 'yes' 'yes' 'yes' 'yes' 'no' 'yes' 'yes' 'yes']
[]
25, 110, 70
29, 120, 84
31, 130, 83
34, 140, 55
35, 150, 59
36, 160, 58
['yes' 'no' 'no' 'yes' 'yes' 'no' 'yes' 'yes' 'yes' 'no']
['yes' 'yes' 'no' 'no' 'no' 'no' 'no' 'no' 'no' 'no']
35, 160, 58
36, 170, 55
39, 180, 54
42, 190, 62
42, 200, 64
43, 210, 63
['yes' 'no' 'no' 'no' 'yes' 'no' 'no' 'yes' 'yes' 'yes']
['no' 'no' 'no' 'no' 'no' 'no' 'no' 'no' 'no' 'no']
39, 210, 63
39, 220, 55
42, 230, 53
42, 240, 59
42, 250, 60
45, 260, 55
['no' 'yes' 'no' 'no' 'no' 'yes' 'no' 'no' 'yes' 'no']
['no' 'no' 'no' 'no' 'no' 'no' 'no' 'no' 'no' 'no']
44, 260, 55
44, 270, 55
47, 280, 56
47, 290, 59
48, 300, 60
52, 310, 60
['no' 'no' 'no' 'yes' 'no' 'yes' 'no' 'yes' 'no' 'no']
['no' 'no' 'no' 'no' 'no' 'no' 'no' 'no' 'no' 'no']
48, 310, 60
49, 320, 59
51, 330, 60
55, 340, 61
57, 350, 67
58, 360, 72
['no' 'no' 'yes' 'no' 'no' 'no' 'no' 'yes' 'yes' 'no']
['no' 'no' 'no' 'yes' 'no' 'no' 'no' 'no' 'no' 'no']
51, 360, 72
53, 370, 60
56, 380, 63
57, 390, 68
61, 400, 68
62, 410, 76
['yes' 'no' 'yes' 'no' 'no' 'no' 'no' 'yes' 'no' 'no']
['no' 'no' 'no' 'no' 'no' 'no' 'no' 'no' 'no' 'no']
55, 410, 76
55, 420, 65
56, 430, 65
58, 440, 68
60, 450, 73
60, 460, 75
['no' 'no' 'no' 'no' 'yes' 'no' 'no' 'yes' 'no' 'no']
['no' 'no' 'no' 'no' 'no' 'no' 'no' 'no' 'no' 'no']
54, 460, 75
54, 470, 64
55, 480, 64
57, 490, 67
58, 500, 68
59, 510, 70
['no' 'no' 'no' 'no' 'no' 'no' 'no' 'no' 'yes' 'no']
['no' 'no' 'no' 'no' 'no' 'no' 'no' 'no' 'no' 'no']
51, 510, 70
52, 520, 59
52, 530, 60
52, 540, 58
54, 550, 60
56, 560, 62
['no' 'no' 'no' 'no' 'no' 'no' 'no' 'yes' 'yes' 'yes']
['no' 'no' 'no' 'yes' 'no' 'no' 'no' 'no' 'no' 'no']
51, 560, 62
53, 570, 57
53, 580, 61
54, 590, 60
56, 600, 59
56, 610, 61
['no' 'no' 'no' 'no' 'no']
['no' 'no' 'no' 'no' 'no' 'no' 'no' 'no' 'yes' 'no']
54, 610, 61
55, 620, 59
56, 630, 60
57, 640, 60
57, 650, 63
57, 660, 63
['no' 'no' 'yes' 'no' 'no']
['no' 'no' 'no' 'no' 'no' 'no' 'no' 'no' 'no' 'no']
53, 660, 63
53, 670, 58
53, 680, 58
53, 690, 57
53, 700, 57
54, 710, 57
['no']
['no' 'no' 'no' 'no' 'no' 'no' 'no' 'no' 'no' 'no']
53, 710, 57
53, 720, 57
53, 730, 57
53, 740, 57
53, 750, 57
55, 760, 56
['no' 'yes']
['no' 'no' 'no' 'yes' 'no' 'no' 'no' 'no' 'no' 'no']
['no' 'yes']
['yes' 'no' 'no' 'no' 'no' 'no' 'no' 'no' 'no' 'no']
{'count': 1013, 'truepos': 44, 'falseneg': 1, 'unknownyes': 3, 'falsepos': 14, 'unique': 760}
17: Danijel.csv: machine2: 0, 0
4, 10
7, 20, 118
10, 30, 115
14, 40, 128
15, 50, 108
17, 60, 90
['yes' 'yes' 'yes' 'yes' 'no' 'yes' 'yes' 'yes' 'yes' 'yes']
[]
16, 60, 90
19, 70, 85
21, 80, 82
22, 90, 74
27, 100, 72
29, 110, 90
['yes' 'yes' 'no' 'yes' 'yes' 'no' 'no' 'no' 'no' 'yes']
['no']
25, 110, 90
29, 120, 68
30, 130, 73
33, 140, 58
34, 150, 58
34, 160, 58
['no' 'yes' 'yes' 'yes' 'yes' 'yes' 'yes' 'no' 'yes' 'yes']
['no' 'no' 'no' 'no' 'no' 'no' 'no' 'no' 'no' 'no']
35, 160, 58
35, 170, 52
38, 180, 51
42, 190, 50
43, 200, 54
46, 210, 57
['yes' 'yes' 'yes' 'no' 'no' 'no' 'no' 'no' 'no' 'yes']
['no' 'no' 'no' 'no' 'no' 'no' 'no' 'no' 'no' 'no']
41, 210, 57
44, 220, 54
47, 230, 57
48, 240, 61
48, 250, 58
49, 260, 68
['no' 'yes' 'no' 'no' 'yes' 'no' 'yes' 'yes' 'yes' 'no']
['no' 'no' 'no' 'no' 'no' 'no' 'no' 'no' 'no' 'no']
46, 260, 68
46, 270, 57
48, 280, 59
48, 290, 62
48, 300, 60
49, 310, 60
['no' 'no' 'no' 'yes' 'no' 'no' 'no' 'no' 'yes' 'no']
['no' 'no' 'no' 'no' 'no' 'no' 'no' 'no' 'no' 'no']
45, 310, 60
47, 320, 56
49, 330, 58
50, 340, 65
52, 350, 61
52, 360, 65
['yes' 'yes' 'yes' 'no' 'no' 'yes' 'yes' 'no' 'yes' 'yes']
['no' 'no' 'no' 'no' 'no' 'no' 'no' 'no' 'no' 'no']
51, 360, 65
53, 370, 61
53, 380, 63
54, 390, 64
54, 400, 65
55, 410, 63
['no' 'no' 'no' 'yes' 'yes' 'no' 'yes' 'no']
['no' 'no' 'no' 'no' 'no' 'no' 'no' 'no' 'no' 'no']
51, 410, 63
53, 420, 59
53, 430, 63
54, 440, 64
56, 450, 64
57, 460, 70
['no' 'no' 'no' 'no' 'no' 'no']
['no' 'no' 'no' 'no' 'no' 'no' 'no' 'no' 'no' 'no']
51, 460, 70
52, 470, 58
53, 480, 59
53, 490, 61
53, 500, 63
54, 510, 61
['no' 'no' 'no']
['no' 'no' 'no' 'no' 'no' 'no' 'no' 'no' 'no' 'no']
51, 510, 61
51, 520, 57
51, 530, 56
53, 540, 57
55, 550, 58
56, 560, 61
['no' 'no' 'no' 'no' 'no']
['no' 'no' 'no' 'no' 'no' 'no' 'no' 'no' 'no' 'no']
53, 560, 61
53, 570, 59
53, 580, 58
54, 590, 57
55, 600, 59
57, 610, 59
['no' 'no' 'no' 'no']
['no' 'no' 'no' 'no' 'no' 'no' 'no' 'no' 'no' 'no']
['no' 'no' 'no' 'no']
['no' 'no' 'no' 'no' 'no' 'no' 'no' 'no' 'no' 'no']
{'count': 854, 'truepos': 43, 'falseneg': 2, 'unknownyes': 3, 'falsepos': 12, 'unique': 610}
17: Danijel.csv: machine3: 0, 0
4, 10
5, 20, 124
7, 30, 99
8, 40, 94
10, 50, 82
13, 60, 67
null
[]
15, 70, 65
15, 80, 59
17, 90, 52
20, 100, 53
25, 110, 55
29, 120, 69
null
['no']
29, 120, 69
30, 130, 71
32, 140, 56
32, 150, 57
32, 160, 55
32, 170, 48
null
['no' 'no' 'no' 'no' 'no' 'no' 'no' 'no' 'no' 'no']
32, 170, 48
33, 180, 48
34, 190, 48
34, 200, 49
34, 210, 49
36, 220, 45
null
['no' 'no' 'no' 'no' 'no' 'no' 'yes' 'no' 'no' 'no']
37, 220, 45
38, 230, 50
40, 240, 50
40, 250, 51
42, 260, 51
42, 270, 54
null
['no' 'no' 'no' 'no' 'no' 'no' 'no' 'no' 'no' 'no']
42, 270, 54
43, 280, 52
43, 290, 52
43, 300, 52
43, 310, 53
43, 320, 52
null
['no' 'no' 'no' 'yes' 'no' 'no' 'no' 'no' 'no' 'no']
44, 320, 52
44, 330, 54
44, 340, 52
45, 350, 52
45, 360, 55
46, 370, 52
null
['no' 'no' 'no' 'no' 'no' 'no' 'no' 'no' 'no' 'no']
46, 370, 52
46, 380, 52
46, 390, 53
46, 400, 52
46, 410, 53
47, 420, 53
null
['no' 'no' 'no' 'no' 'no' 'no' 'no' 'no' 'no' 'no']
47, 420, 53
48, 430, 53
48, 440, 55
48, 450, 55
48, 460, 56
48, 470, 53
null
['no' 'no' 'no' 'no' 'no' 'no' 'no' 'no' 'no' 'no']
48, 470, 53
49, 480, 54
49, 490, 57
50, 500, 54
50, 510, 55
50, 520, 57
null
['no' 'no' 'no' 'no' 'no' 'no' 'no' 'no' 'no' 'no']
50, 520, 57
50, 530, 56
50, 540, 56
50, 550, 55
50, 560, 57
50, 570, 56
null
['no' 'no' 'no' 'no' 'no' 'no' 'no' 'no' 'no' 'no']
50, 570, 56
50, 580, 55
50, 590, 56
50, 600, 55
51, 610, 55
51, 620, 57
null
['no' 'no' 'no' 'no' 'no' 'no' 'no' 'no' 'no' 'no']
51, 620, 57
52, 630, 56
52, 640, 57
52, 650, 58
52, 660, 57
53, 670, 57
null
['no' 'no' 'no' 'no' 'no' 'no' 'no' 'no' 'no' 'no']
53, 670, 57
55, 680, 58
55, 690, 60
55, 700, 61
55, 710, 60
55, 720, 59
null
['no' 'no' 'no' 'no' 'no' 'no' 'no' 'no' 'no' 'no']
55, 720, 59
56, 730, 59
56, 740, 63
56, 750, 60
57, 760, 61
57, 770, 62
null
['no' 'no' 'no' 'no' 'no' 'no' 'no' 'no' 'no' 'no']
57, 770, 62
57, 780, 62
57, 790, 62
58, 800, 62
58, 810, 62
59, 820, 65
null
['no' 'no' 'no' 'no' 'no' 'no' 'no' 'no' 'no' 'no']
59, 820, 65
59, 830, 66
59, 840, 65
60, 850, 65
60, 860, 68
60, 870, 67
null
['no' 'no' 'no' 'no' 'no' 'no' 'no' 'no' 'no' 'no']
60, 870, 67
60, 880, 66
61, 890, 65
61, 900, 68
61, 910, 66
62, 920, 65
null
['no' 'no' 'no' 'no' 'no' 'no' 'no' 'no' 'no' 'no']
null
['no' 'no' 'no' 'no' 'no' 'no' 'no' 'no' 'no' 'no']
{'count': 1323, 'truepos': 43, 'falseneg': 1, 'unknownyes': 4, 'falsepos': 19, 'unique': 920}
17: K_all3.csv: none: 0, 0
2, 10
3, 20, 71
3, 30, 63
3, 40, 57
5, 50, 49
5, 60, 58
5, 70, 53
9, 80, 50
10, 90, 55
10, 100, 52
11, 110, 48
12, 120, 46
15, 130, 45
16, 140, 47
20, 150, 46
20, 160, 50
20, 170, 48
21, 180, 46
23, 190, 45
24, 200, 47
25, 210, 47
28, 220, 47
29, 230, 52
31, 240, 52
34, 250, 49
35, 260, 52
37, 270, 50
39, 280, 50
40, 290, 53
41, 300, 52
41, 310, 62
42, 320, 55
42, 330, 52
44, 340, 54
45, 350, 54
45, 360, 54
45, 370, 54
45, 380, 52
47, 390, 53
49, 400, 54
51, 410, 57
52, 420, 59
53, 430, 61
53, 440, 58
55, 450, 59
58, 460, 62
59, 470, 63
61, 480, 64
62, 490, 68
64, 500, 67
65, 510, 71
67, 520, 73
68, 530, 71
68, 540, 73
68, 550, 72
69, 560, 73
71, 570, 74
73, 580, 75
75, 590, 79
78, 600, 79
80, 610, 84
82, 620, 87
82, 630, 87
{'count': 630, 'truepos': 27, 'falseneg': 9, 'unknownyes': 9, 'falsepos': 55, 'unique': 630}
17: K_all3.csv: three: 0, 0
3, 10
4, 20, 76
7, 30, 73
7, 40, 71
8, 50, 61
11, 60, 59
13, 70, 61
15, 80, 53
19, 90, 51
19, 100, 57
20, 110, 51
21, 120, 48
23, 130, 47
23, 140, 47
23, 150, 45
26, 160, 43
26, 170, 48
26, 180, 46
29, 190, 45
29, 200, 47
30, 210, 46
30, 220, 38
33, 230, 37
33, 240, 40
34, 250, 39
34, 260, 41
34, 270, 39
34, 280, 39
36, 290, 41
36, 300, 42
36, 310, 42
38, 320, 41
38, 330, 45
39, 340, 44
40, 350, 44
40, 360, 45
40, 370, 45
40, 380, 44
41, 390, 45
41, 400, 45
41, 410, 45
41, 420, 45
42, 430, 44
44, 440, 45
45, 450, 48
46, 460, 48
47, 470, 49
47, 480, 51
48, 490, 50
48, 500, 51
48, 510, 51
{'count': 1106, 'truepos': 38, 'falseneg': 0, 'unknownyes': 7, 'falsepos': 10, 'unique': 510}
17: K_all3.csv: machine: 0, 0
3, 10
7, 20, 78
8, 30, 76
10, 40, 71
12, 50, 64
15, 60, 58
['yes' 'no' 'yes' 'no' 'yes' 'yes' 'yes' 'yes' 'yes' 'no']
[]
12, 60, 58
15, 70, 51
17, 80, 53
18, 90, 54
22, 100, 50
24, 110, 54
['yes' 'yes' 'yes' 'yes' 'no' 'yes' 'yes' 'no' 'yes' 'yes']
[]
21, 110, 54
21, 120, 47
23, 130, 43
23, 140, 45
23, 150, 44
26, 160, 42
['no' 'yes' 'yes' 'no' 'yes' 'yes' 'yes' 'no' 'yes' 'no']
['no' 'no']
22, 160, 42
22, 170, 43
23, 180, 42
26, 190, 43
28, 200, 47
28, 210, 48
['no' 'no' 'no' 'no' 'no' 'no' 'yes' 'no']
['no' 'no']
21, 210, 48
23, 220, 40
27, 230, 44
31, 240, 48
31, 250, 45
31, 260, 38
['no' 'no' 'no' 'no' 'no' 'yes' 'no' 'no' 'yes' 'no']
['no' 'no' 'no' 'no' 'no' 'no' 'no' 'no' 'no' 'no']
27, 260, 38
29, 270, 46
30, 280, 48
30, 290, 35
31, 300, 37
34, 310, 39
['no' 'no' 'no' 'no' 'no' 'no' 'yes' 'yes' 'no']
['no' 'no' 'no' 'no' 'no' 'no' 'no' 'no' 'no' 'no']
30, 310, 39
33, 320, 42
34, 330, 44
35, 340, 43
35, 350, 44
36, 360, 44
['no' 'no' 'no' 'no' 'no' 'yes' 'no']
['no' 'no' 'no' 'no' 'no' 'no' 'no' 'no' 'no' 'no']
31, 360, 44
33, 370, 37
34, 380, 39
34, 390, 39
35, 400, 39
37, 410, 40
['no' 'no' 'no' 'yes' 'no' 'yes' 'no']
['no' 'no' 'no' 'no' 'no' 'no' 'no' 'no' 'no' 'no']
33, 410, 40
33, 420, 37
34, 430, 36
35, 440, 38
38, 450, 39
39, 460, 41
['yes' 'yes' 'no' 'no' 'no' 'no']
['no' 'no' 'no' 'no' 'no' 'no' 'no' 'no' 'no' 'no']
['yes' 'no' 'no' 'no' 'yes' 'no']
['no' 'no' 'no' 'no' 'no' 'no' 'no' 'no' 'no' 'no']
{'count': 591, 'truepos': 28, 'falseneg': 6, 'unknownyes': 11, 'falsepos': 7, 'unique': 460}
17: K_all3.csv: machine2: 0, 0
3, 10
5, 20, 77
7, 30, 71
8, 40, 66
12, 50, 64
15, 60, 69
['yes' 'no' 'no' 'yes' 'no' 'yes' 'yes' 'no' 'no' 'yes']
['no' 'no']
11, 60, 69
14, 70, 57
16, 80, 57
16, 90, 56
19, 100, 48
21, 110, 55
['yes' 'no' 'yes' 'no' 'no' 'no' 'yes' 'yes' 'yes' 'yes']
['no' 'no']
17, 110, 55
20, 120, 48
21, 130, 51
21, 140, 49
24, 150, 45
24, 160, 47
['no' 'no' 'yes' 'yes' 'no' 'yes' 'yes' 'no' 'yes' 'no']
[]
20, 160, 47
22, 170, 42
25, 180, 44
28, 190, 46
31, 200, 47
31, 210, 42
['no' 'yes' 'no' 'no' 'no' 'no' 'yes' 'no' 'yes' 'no']
['no' 'no' 'no' 'no' 'no' 'no' 'no' 'no' 'no' 'no']
25, 210, 42
28, 220, 44
28, 230, 47
28, 240, 46
28, 250, 45
28, 260, 44
['yes' 'no' 'no' 'yes' 'yes' 'yes' 'yes']
[]
25, 260, 44
28, 270, 43
29, 280, 45
30, 290, 45
30, 300, 38
30, 310, 37
['no' 'no' 'no' 'yes' 'yes']
['no' 'no' 'no' 'no' 'no' 'no' 'no' 'no' 'no' 'no']
29, 310, 37
30, 320, 44
31, 330, 37
31, 340, 37
31, 350, 37
32, 360, 37
['no' 'yes' 'yes' 'no' 'no']
['no' 'no' 'no' 'no' 'no' 'no' 'no' 'no' 'no' 'no']
31, 360, 37
32, 370, 36
32, 380, 38
35, 390, 36
35, 400, 41
37, 410, 40
['no' 'no' 'no' 'no' 'no' 'no']
['no' 'no' 'no' 'no' 'no' 'no' 'no' 'no' 'no' 'no']
37, 410, 40
40, 420, 42
43, 430, 49
43, 440, 54
44, 450, 51
45, 460, 52
['yes' 'no' 'no' 'yes' 'no' 'no' 'no' 'no' 'no' 'no']
['no' 'no' 'no' 'no' 'no' 'no' 'no' 'no' 'no' 'no']
39, 460, 52
41, 470, 44
44, 480, 47
44, 490, 51
45, 500, 49
47, 510, 50
['no' 'no' 'yes' 'no' 'yes' 'yes' 'no' 'no' 'no' 'no']
['no' 'no' 'no' 'no' 'no' 'no' 'no' 'no' 'no' 'no']
40, 510, 50
null
['no' 'no' 'no' 'no' 'no' 'no' 'no' 'no' 'no' 'no']
{'count': 709, 'truepos': 32, 'falseneg': 3, 'unknownyes': 10, 'falsepos': 12, 'unique': 510}
17: K_all3.csv: machine3: 0, 0
0, 10
1, 20
4, 30, 92
6, 40, 65
6, 50, 60
6, 60, 53
7, 70, 45
null
[]
9, 80, 44
13, 90, 47
13, 100, 51
15, 110, 46
16, 120, 48
18, 130, 46
null
['yes' 'no']
19, 130, 46
20, 140, 46
22, 150, 46
23, 160, 47
23, 170, 46
24, 180, 44
null
['no']
24, 180, 44
24, 190, 44
25, 200, 43
26, 210, 44
26, 220, 45
27, 230, 44
null
['no' 'no']
27, 230, 44
29, 240, 45
30, 250, 47
30, 260, 42
31, 270, 43
32, 280, 45
null
['no' 'no' 'no' 'no' 'no' 'no' 'no' 'no' 'no' 'no']
32, 280, 45
32, 290, 42
34, 300, 47
34, 310, 43
34, 320, 47
35, 330, 44
null
['no' 'no' 'no' 'no' 'no' 'no' 'no' 'no' 'no' 'no']
36, 330, 44
36, 340, 43
37, 350, 43
37, 360, 44
38, 370, 43
38, 380, 44
null
['no' 'no' 'no' 'yes' 'no' 'no' 'no' 'no' 'no' 'no']
39, 380, 44
39, 390, 46
39, 400, 45
39, 410, 44
40, 420, 44
41, 430, 44
null
['no' 'no' 'no' 'no' 'no' 'no' 'no' 'no' 'no' 'no']
41, 430, 44
41, 440, 45
42, 450, 45
43, 460, 45
43, 470, 46
44, 480, 46
null
['no' 'no' 'no' 'no' 'no' 'no' 'no' 'no' 'no' 'no']
null
['no' 'no' 'no' 'no' 'no' 'no' 'no' 'no' 'no' 'no']
{'count': 665, 'truepos': 32, 'falseneg': 2, 'unknownyes': 11, 'falsepos': 13, 'unique': 480}

------------------------------------------------------------
Sender: LSF System <lsfadmin@n2b3-5>
Subject: Job 267551: </share/tjmenzie/zyu9/miniconda2/bin/python2.7 runner.py error_hpcc 17> Done

Job </share/tjmenzie/zyu9/miniconda2/bin/python2.7 runner.py error_hpcc 17> was submitted from host <login01.hpc.ncsu.edu> by user <zyu9> in cluster <henry2>.
Job was executed on host(s) <2*n2b3-5>, in queue <single_chassis>, as user <zyu9> in cluster <henry2>.
</home/zyu9> was used as the home directory.
</home/zyu9/projects/MAR_HPC/Error/src> was used as the working directory.
Started at Wed Oct 18 09:16:20 2017
Results reported at Wed Oct 18 16:59:01 2017

Your job looked like:

------------------------------------------------------------
# LSBATCH: User input
/share/tjmenzie/zyu9/miniconda2/bin/python2.7 runner.py error_hpcc 17
------------------------------------------------------------

Successfully completed.

Resource usage summary:

    CPU time   :  30092.13 sec.
    Max Memory :       227 MB
    Max Swap   :      1246 MB

    Max Processes  :         3
    Max Threads    :         8

The output (if any) is above this job summary.



PS:

Read file <./err/17.err.267551> for stderr output of this job.

