17: Hall.csv: none: 0, 0
6, 10
8, 20, 101
10, 30, 102
12, 40, 113
16, 50, 102
19, 60, 107
21, 70, 109
26, 80, 74
29, 90, 79
31, 100, 75
35, 110, 72
39, 120, 76
40, 130, 78
44, 140, 75
44, 150, 86
45, 160, 78
48, 170, 74
49, 180, 79
51, 190, 77
53, 200, 79
55, 210, 76
56, 220, 81
57, 230, 79
60, 240, 75
60, 250, 80
61, 260, 77
64, 270, 78
65, 280, 84
66, 290, 82
66, 300, 82
67, 310, 83
67, 320, 83
67, 330, 84
68, 340, 80
69, 350, 82
69, 360, 82
69, 370, 81
70, 380, 81
71, 390, 82
71, 400, 83
71, 410, 81
71, 420, 82
71, 430, 80
71, 440, 83
71, 450, 79
71, 460, 79
71, 470, 81
71, 480, 80
71, 490, 78
71, 500, 79
71, 510, 80
71, 520, 79
71, 530, 79
71, 540, 78
71, 550, 79
71, 560, 78
71, 570, 78
71, 580, 77
71, 590, 79
71, 600, 78
71, 610, 78
71, 620, 77
71, 630, 77
71, 640, 77
71, 650, 78
71, 660, 77
71, 670, 78
71, 680, 77
71, 690, 78
71, 700, 77
71, 710, 76
71, 720, 76
71, 730, 76
71, 740, 77
71, 750, 77
71, 760, 77
71, 770, 76
71, 780, 76
71, 790, 77
71, 800, 76
71, 810, 76
71, 820, 76
71, 830, 77
71, 840, 76
71, 850, 75
71, 860, 76
71, 870, 75
71, 880, 75
71, 890, 75
71, 900, 76
71, 910, 75
71, 920, 75
71, 930, 75
71, 940, 75
71, 950, 75
71, 960, 75
71, 970, 75
71, 980, 75
71, 990, 75
71, 1000, 75
{'count': 1000, 'truepos': 68, 'falseneg': 34, 'correction': 0, 'unknownyes': 2, 'falsepos': 3, 'unique': 1000}
17: Hall.csv: three: 0, 0
6, 10
9, 20, 101
13, 30, 107
15, 40, 111
18, 50, 119
18, 60, 124
21, 70, 117
26, 80, 82
32, 90, 88
36, 100, 91
40, 110, 100
42, 120, 96
47, 130, 84
49, 140, 87
53, 150, 89
57, 160, 82
60, 170, 83
62, 180, 89
63, 190, 101
65, 200, 90
69, 210, 94
71, 220, 85
75, 230, 87
76, 240, 98
76, 250, 99
77, 260, 96
78, 270, 94
79, 280, 95
80, 290, 94
80, 300, 96
81, 310, 94
81, 320, 93
81, 330, 95
81, 340, 94
81, 350, 92
81, 360, 92
81, 370, 93
82, 380, 90
83, 390, 92
83, 400, 92
84, 410, 92
84, 420, 93
84, 430, 96
84, 440, 93
84, 450, 92
84, 460, 95
84, 470, 93
84, 480, 94
84, 490, 92
84, 500, 91
84, 510, 91
84, 520, 91
84, 530, 91
84, 540, 90
84, 550, 90
84, 560, 90
84, 570, 90
84, 580, 89
84, 590, 89
84, 600, 89
84, 610, 89
84, 620, 89
84, 630, 90
{'count': 1307, 'truepos': 84, 'falseneg': 18, 'correction': 42, 'unknownyes': 2, 'falsepos': 0, 'unique': 630}
17: Hall.csv: machine: 0, 0
6, 10
10, 20, 98
11, 30, 106
13, 40, 111
17, 50, 107
19, 60, 108
21, 70, 102
25, 80, 69
28, 90, 67
31, 100, 75
34, 110, 68
39, 120, 64
49, 120, 64
52, 130, 100
54, 140, 103
54, 150, 105
56, 160, 90
57, 170, 88
60, 170, 88
63, 180, 86
68, 190, 81
72, 200, 88
75, 210, 92
77, 220, 95
81, 220, 95
82, 230, 102
85, 240, 98
86, 250, 107
86, 260, 100
87, 270, 102
89, 270, 102
90, 280, 102
90, 290, 106
93, 300, 103
94, 310, 105
94, 320, 108
94, 320, 108
94, 330, 111
94, 340, 109
95, 350, 109
95, 360, 113
96, 370, 110
96, 370, 110
96, 380, 114
96, 390, 109
96, 400, 106
97, 410, 107
97, 420, 110
97, 420, 110
97, 430, 109
97, 440, 107
97, 450, 105
97, 460, 108
97, 470, 106
97, 470, 106
97, 480, 104
97, 490, 104
97, 500, 104
97, 510, 104
97, 520, 104
97, 530, 103
97, 540, 103
97, 550, 103
97, 560, 103
97, 570, 104
97, 580, 103
97, 580, 103
97, 590, 103
97, 600, 103
{'count': 829, 'truepos': 95, 'falseneg': 7, 'correction': 19, 'unknownyes': 2, 'falsepos': 2, 'unique': 600}
17: Hall.csv: knee: 0, 0
6, 10
8, 20
9, 30
12, 40
14, 50
17, 60
18, 70
20, 80
22, 90
28, 100
33, 110
35, 120
36, 130
38, 140
41, 150
44, 160
44, 170
47, 180
49, 190
51, 200
53, 210
55, 220
58, 230
58, 240
58, 250
59, 260
60, 270
60, 280
62, 290
64, 300
65, 310
66, 320
66, 330
66, 340
66, 350
67, 360
67, 370
67, 380
68, 390
69, 400
70, 410
70, 420
70, 430
70, 440
70, 450
70, 460
70, 470
70, 480
70, 490
70, 500
70, 510
70, 520
70, 530
70, 540
{'count': 724, 'truepos': 88, 'falseneg': 14, 'correction': 21, 'unknownyes': 2, 'falsepos': 0, 'unique': 540}
17: Wahono.csv: none: 0, 0
2, 10
3, 20, 98
6, 30, 87
8, 40, 85
9, 50, 76
10, 60, 54
11, 70, 51
13, 80, 47
14, 90, 49
16, 100, 49
17, 110, 49
17, 120, 47
18, 130, 44
18, 140, 44
19, 150, 44
22, 160, 45
24, 170, 42
26, 180, 50
28, 190, 52
28, 200, 56
28, 210, 52
28, 220, 53
29, 230, 49
29, 240, 49
29, 250, 48
30, 260, 43
30, 270, 45
30, 280, 46
30, 290, 47
31, 300, 45
31, 310, 49
31, 320, 46
31, 330, 45
32, 340, 44
33, 350, 46
33, 360, 46
33, 370, 46
33, 380, 45
33, 390, 44
33, 400, 46
34, 410, 43
34, 420, 43
34, 430, 44
34, 440, 44
34, 450, 44
34, 460, 44
35, 470, 43
35, 480, 45
35, 490, 45
35, 500, 44
35, 510, 45
35, 520, 45
36, 530, 43
36, 540, 44
37, 550, 43
37, 560, 45
37, 570, 46
37, 580, 45
37, 590, 44
37, 600, 44
37, 610, 45
37, 620, 46
37, 630, 44
37, 640, 44
37, 650, 44
37, 660, 43
37, 670, 44
37, 680, 44
37, 690, 44
37, 700, 43
37, 710, 43
37, 720, 45
37, 730, 44
37, 740, 43
37, 750, 44
37, 760, 43
37, 770, 43
37, 780, 42
37, 790, 43
37, 800, 43
37, 810, 43
37, 820, 42
38, 830, 42
39, 840, 43
39, 850, 44
40, 860, 44
40, 870, 45
40, 880, 45
40, 890, 46
40, 900, 45
40, 910, 44
40, 920, 44
41, 930, 45
41, 940, 46
41, 950, 46
41, 960, 45
41, 970, 45
41, 980, 45
41, 990, 46
41, 1000, 45
41, 1010, 45
41, 1020, 45
41, 1030, 45
41, 1040, 44
41, 1050, 44
41, 1060, 44
41, 1070, 45
41, 1080, 44
41, 1090, 44
41, 1100, 44
41, 1110, 44
41, 1120, 44
41, 1130, 44
41, 1140, 44
41, 1150, 44
41, 1160, 44
41, 1170, 45
41, 1180, 44
41, 1190, 44
41, 1200, 44
41, 1210, 44
41, 1220, 44
41, 1230, 44
{'count': 1230, 'truepos': 41, 'falseneg': 20, 'correction': 0, 'unknownyes': 1, 'falsepos': 0, 'unique': 1230}
17: Wahono.csv: three: 0, 0
6, 10
7, 20, 100
7, 30, 96
9, 40, 88
9, 50, 72
11, 60, 49
13, 70, 43
16, 80, 47
16, 90, 51
18, 100, 44
19, 110, 45
20, 120, 45
22, 130, 39
24, 140, 44
27, 150, 49
28, 160, 56
29, 170, 56
30, 180, 54
31, 190, 58
32, 200, 58
32, 210, 55
32, 220, 55
33, 230, 50
33, 240, 59
33, 250, 52
33, 260, 49
33, 270, 48
33, 280, 52
34, 290, 48
35, 300, 47
35, 310, 50
35, 320, 50
35, 330, 48
35, 340, 46
35, 350, 48
36, 360, 47
36, 370, 47
36, 380, 49
36, 390, 48
36, 400, 48
37, 410, 47
37, 420, 48
38, 430, 46
38, 440, 49
38, 450, 48
38, 460, 47
38, 470, 47
38, 480, 47
38, 490, 46
38, 500, 47
38, 510, 45
39, 520, 46
40, 530, 48
40, 540, 49
40, 550, 48
40, 560, 49
40, 570, 48
40, 580, 46
41, 590, 46
44, 600, 48
44, 610, 53
45, 620, 53
45, 630, 54
45, 640, 53
45, 650, 53
45, 660, 53
45, 670, 52
46, 680, 53
46, 690, 55
46, 700, 54
46, 710, 54
46, 720, 53
46, 730, 53
46, 740, 53
46, 750, 53
46, 760, 53
46, 770, 53
46, 780, 53
46, 790, 52
46, 800, 52
46, 810, 52
46, 820, 52
46, 830, 53
46, 840, 52
46, 850, 52
47, 860, 52
47, 870, 53
47, 880, 54
47, 890, 53
48, 900, 52
48, 910, 53
48, 920, 53
48, 930, 53
48, 940, 53
48, 950, 54
48, 960, 54
48, 970, 53
48, 980, 54
48, 990, 54
48, 1000, 53
48, 1010, 53
48, 1020, 53
48, 1030, 52
48, 1040, 53
48, 1050, 52
48, 1060, 52
48, 1070, 52
48, 1080, 52
48, 1090, 52
48, 1100, 52
48, 1110, 53
48, 1120, 51
48, 1130, 52
48, 1140, 52
48, 1150, 53
48, 1160, 51
48, 1170, 51
48, 1180, 51
48, 1190, 51
48, 1200, 51
48, 1210, 52
48, 1220, 51
48, 1230, 51
48, 1240, 52
48, 1250, 51
48, 1260, 51
48, 1270, 51
48, 1280, 51
48, 1290, 51
48, 1300, 51
48, 1310, 51
48, 1320, 51
48, 1330, 51
48, 1340, 51
48, 1350, 51
48, 1360, 51
48, 1370, 51
48, 1380, 51
{'count': 2786, 'truepos': 48, 'falseneg': 11, 'correction': 23, 'unknownyes': 3, 'falsepos': 0, 'unique': 1380}
17: Wahono.csv: machine: 0, 0
5, 10
5, 20, 92
8, 30, 89
9, 40, 89
10, 50, 56
13, 60, 48
14, 70, 49
14, 80, 47
14, 90, 42
15, 100, 40
15, 110, 43
16, 120, 42
16, 130, 43
16, 140, 42
16, 150, 43
17, 160, 43
17, 170, 45
18, 180, 45
18, 180, 45
18, 190, 46
19, 200, 46
19, 210, 47
19, 220, 47
21, 230, 48
25, 230, 48
28, 240, 39
31, 250, 48
31, 260, 58
31, 270, 52
31, 280, 52
35, 280, 52
35, 290, 51
37, 300, 50
39, 310, 56
39, 320, 56
39, 330, 56
40, 330, 56
41, 340, 56
42, 350, 55
44, 360, 56
46, 370, 62
46, 380, 65
46, 380, 65
46, 390, 63
46, 400, 61
47, 410, 58
48, 420, 59
48, 430, 67
48, 430, 67
48, 440, 61
48, 450, 61
48, 460, 60
48, 470, 61
48, 480, 60
49, 480, 60
49, 490, 60
49, 500, 57
49, 510, 58
49, 520, 59
49, 530, 59
50, 530, 59
50, 540, 60
50, 550, 59
50, 560, 60
50, 570, 57
50, 580, 56
51, 580, 56
52, 590, 58
52, 600, 59
53, 610, 60
53, 620, 62
53, 630, 61
53, 630, 61
53, 640, 62
53, 650, 60
53, 660, 60
53, 670, 62
53, 680, 60
53, 680, 60
53, 690, 60
53, 700, 60
53, 710, 61
53, 720, 58
54, 730, 60
54, 730, 60
54, 740, 61
54, 750, 59
54, 760, 62
54, 770, 61
54, 780, 60
54, 780, 60
54, 790, 60
54, 800, 62
54, 810, 59
54, 820, 60
54, 830, 60
54, 830, 60
55, 840, 58
56, 850, 61
56, 860, 63
56, 870, 62
56, 880, 63
56, 880, 63
56, 890, 63
56, 900, 62
56, 910, 62
56, 920, 62
56, 930, 62
56, 930, 62
56, 940, 61
56, 950, 61
56, 960, 61
56, 970, 62
56, 980, 61
58, 980, 61
58, 990, 63
58, 1000, 63
58, 1010, 62
58, 1020, 62
58, 1030, 63
58, 1030, 63
58, 1040, 64
58, 1050, 64
58, 1060, 64
58, 1070, 63
58, 1080, 62
58, 1080, 62
58, 1090, 62
58, 1100, 63
58, 1110, 63
58, 1120, 63
58, 1130, 63
58, 1130, 63
58, 1140, 62
58, 1150, 63
58, 1160, 62
58, 1170, 63
58, 1180, 62
59, 1180, 62
59, 1190, 63
59, 1200, 63
59, 1210, 63
59, 1220, 63
59, 1230, 64
59, 1230, 64
59, 1240, 63
59, 1250, 63
59, 1260, 63
59, 1270, 63
59, 1280, 64
59, 1280, 64
59, 1290, 63
{'count': 2015, 'truepos': 53, 'falseneg': 6, 'correction': 13, 'unknownyes': 3, 'falsepos': 6, 'unique': 1290}
17: Wahono.csv: knee: 0, 0
4, 10
4, 20
6, 30
10, 40
10, 50
11, 60
11, 70
12, 80
13, 90
13, 100
14, 110
16, 120
16, 130
17, 140
20, 150
21, 160
21, 170
22, 180
23, 190
24, 200
26, 210
27, 220
28, 230
29, 240
31, 250
32, 260
33, 270
34, 280
34, 290
34, 300
35, 310
35, 320
35, 330
35, 340
35, 350
37, 360
37, 370
37, 380
37, 390
37, 400
37, 410
37, 420
37, 430
37, 440
37, 450
38, 460
39, 470
39, 480
39, 490
39, 500
39, 510
39, 520
39, 530
39, 540
39, 550
39, 560
39, 570
39, 580
{'count': 831, 'truepos': 49, 'falseneg': 3, 'correction': 10, 'unknownyes': 10, 'falsepos': 0, 'unique': 580}
17: Danijel.csv: none: 0, 0
3, 10
4, 20, 118
5, 30, 99
5, 40, 85
5, 50, 62
8, 60, 49
12, 70, 53
14, 80, 67
14, 90, 63
15, 100, 54
16, 110, 52
18, 120, 47
21, 130, 54
22, 140, 36
24, 150, 39
24, 160, 39
25, 170, 37
27, 180, 38
27, 190, 40
27, 200, 39
27, 210, 38
27, 220, 38
27, 230, 37
27, 240, 37
28, 250, 36
28, 260, 37
28, 270, 38
28, 280, 36
28, 290, 36
28, 300, 35
28, 310, 36
28, 320, 37
29, 330, 35
29, 340, 36
29, 350, 36
29, 360, 36
29, 370, 36
30, 380, 36
31, 390, 38
32, 400, 37
32, 410, 39
32, 420, 38
32, 430, 38
32, 440, 38
32, 450, 39
32, 460, 37
32, 470, 37
32, 480, 37
32, 490, 38
32, 500, 38
32, 510, 37
32, 520, 37
32, 530, 36
33, 540, 36
33, 550, 38
33, 560, 37
33, 570, 37
33, 580, 37
33, 590, 37
33, 600, 37
33, 610, 37
33, 620, 37
33, 630, 37
34, 640, 37
34, 650, 38
34, 660, 38
34, 670, 38
34, 680, 38
34, 690, 38
34, 700, 37
34, 710, 37
34, 720, 38
34, 730, 37
35, 740, 37
35, 750, 38
35, 760, 38
35, 770, 38
35, 780, 40
35, 790, 38
35, 800, 38
35, 810, 38
35, 820, 38
35, 830, 38
35, 840, 38
35, 850, 38
35, 860, 38
35, 870, 38
35, 880, 38
35, 890, 38
35, 900, 38
35, 910, 37
35, 920, 38
35, 930, 38
35, 940, 38
35, 950, 37
35, 960, 37
35, 970, 37
35, 980, 37
35, 990, 37
35, 1000, 37
36, 1010, 37
36, 1020, 38
36, 1030, 38
36, 1040, 38
36, 1050, 38
37, 1060, 38
37, 1070, 39
37, 1080, 39
37, 1090, 39
{'count': 1090, 'truepos': 33, 'falseneg': 14, 'correction': 0, 'unknownyes': 1, 'falsepos': 4, 'unique': 1090}
17: Danijel.csv: three: 0, 0
3, 10
3, 20, 104
5, 30, 76
7, 40, 60
7, 50, 55
8, 60, 45
9, 70, 44
9, 80, 44
10, 90, 42
10, 100, 43
11, 110, 41
13, 120, 41
15, 130, 40
16, 140, 43
17, 150, 42
18, 160, 42
18, 170, 43
18, 180, 41
18, 190, 41
19, 200, 41
20, 210, 43
20, 220, 31
21, 230, 32
21, 240, 33
23, 250, 30
27, 260, 33
27, 270, 42
27, 280, 42
27, 290, 39
28, 300, 38
28, 310, 42
28, 320, 40
28, 330, 42
29, 340, 38
29, 350, 38
29, 360, 40
29, 370, 38
29, 380, 39
30, 390, 37
30, 400, 40
30, 410, 40
30, 420, 38
30, 430, 38
30, 440, 42
30, 450, 39
31, 460, 37
32, 470, 38
32, 480, 40
33, 490, 39
33, 500, 39
33, 510, 39
34, 520, 38
34, 530, 40
34, 540, 39
34, 550, 38
34, 560, 39
34, 570, 40
34, 580, 38
34, 590, 39
34, 600, 38
35, 610, 38
35, 620, 39
35, 630, 39
35, 640, 40
35, 650, 39
35, 660, 41
35, 670, 39
35, 680, 40
35, 690, 39
36, 700, 39
36, 710, 40
36, 720, 40
36, 730, 40
36, 740, 40
36, 750, 39
36, 760, 41
36, 770, 39
36, 780, 39
36, 790, 40
36, 800, 39
36, 810, 40
36, 820, 39
36, 830, 39
36, 840, 38
36, 850, 39
36, 860, 39
36, 870, 38
36, 880, 38
36, 890, 39
36, 900, 39
36, 910, 38
36, 920, 39
36, 930, 38
36, 940, 39
36, 950, 39
36, 960, 38
36, 970, 39
36, 980, 38
36, 990, 38
36, 1000, 39
36, 1010, 39
36, 1020, 39
36, 1030, 38
36, 1040, 39
36, 1050, 38
36, 1060, 39
36, 1070, 38
36, 1080, 38
{'count': 2191, 'truepos': 35, 'falseneg': 11, 'correction': 28, 'unknownyes': 2, 'falsepos': 1, 'unique': 1080}
17: Danijel.csv: machine: 0, 0
3, 10
3, 20, 113
5, 30, 95
6, 40, 82
7, 50, 71
9, 60, 61
11, 70, 55
11, 80, 60
11, 90, 52
14, 100, 47
16, 110, 51
21, 120, 51
25, 120, 51
27, 130, 52
27, 140, 52
27, 150, 51
28, 160, 46
28, 170, 47
28, 170, 47
28, 180, 45
28, 190, 44
28, 200, 43
28, 210, 42
29, 220, 42
31, 220, 42
32, 230, 44
32, 240, 43
32, 250, 43
32, 260, 43
35, 270, 42
36, 270, 42
36, 280, 48
36, 290, 50
36, 300, 47
37, 310, 45
37, 320, 46
38, 320, 46
39, 330, 48
39, 340, 50
39, 350, 48
40, 360, 48
40, 370, 52
41, 370, 52
41, 380, 49
41, 390, 53
41, 400, 52
41, 410, 49
41, 420, 48
41, 420, 48
41, 430, 49
41, 440, 48
41, 450, 48
41, 460, 48
41, 470, 47
43, 470, 47
43, 480, 49
43, 490, 50
43, 500, 50
43, 510, 50
43, 520, 50
43, 520, 50
43, 530, 51
43, 540, 51
43, 550, 51
43, 560, 48
43, 570, 48
43, 570, 48
43, 580, 48
43, 590, 48
43, 600, 48
43, 610, 48
43, 620, 49
43, 620, 49
43, 630, 47
43, 640, 47
43, 650, 47
43, 660, 47
43, 670, 47
43, 670, 47
43, 680, 47
43, 690, 47
43, 700, 48
43, 710, 47
43, 720, 47
43, 720, 47
43, 730, 48
43, 740, 46
44, 750, 46
44, 760, 48
44, 770, 48
44, 770, 48
44, 780, 48
44, 790, 47
44, 800, 47
44, 810, 48
44, 820, 48
44, 820, 48
44, 830, 47
44, 840, 47
44, 850, 47
44, 860, 47
44, 870, 47
44, 870, 47
44, 880, 47
44, 890, 47
44, 900, 47
44, 910, 47
44, 920, 47
{'count': 1359, 'truepos': 43, 'falseneg': 2, 'correction': 11, 'unknownyes': 3, 'falsepos': 1, 'unique': 920}
17: Danijel.csv: knee: 0, 0
3, 10
3, 20
6, 30
8, 40
9, 50
9, 60
10, 70
13, 80
17, 90
19, 100
20, 110
21, 120
22, 130
22, 140
24, 150
24, 160
24, 170
24, 180
25, 190
25, 200
25, 210
26, 220
28, 230
28, 240
28, 250
28, 260
28, 270
28, 280
28, 290
28, 300
28, 310
29, 320
30, 330
30, 340
30, 350
30, 360
30, 370
30, 380
30, 390
30, 400
30, 410
31, 420
31, 430
31, 440
31, 450
{'count': 583, 'truepos': 31, 'falseneg': 10, 'correction': 4, 'unknownyes': 7, 'falsepos': 1, 'unique': 450}
17: K_all3.csv: none: 0, 0
1, 10
2, 20, 90
5, 30, 58
7, 40, 58
7, 50, 54
8, 60, 44
8, 70, 39
8, 80, 36
9, 90, 34
10, 100, 35
12, 110, 36
13, 120, 37
17, 130, 36
18, 140, 43
21, 150, 41
21, 160, 31
22, 170, 30
23, 180, 31
23, 190, 31
23, 200, 30
23, 210, 30
23, 220, 28
24, 230, 32
24, 240, 30
24, 250, 29
24, 260, 28
24, 270, 29
24, 280, 29
24, 290, 28
24, 300, 29
24, 310, 27
24, 320, 28
24, 330, 27
25, 340, 26
25, 350, 28
25, 360, 28
25, 370, 27
25, 380, 28
26, 390, 27
26, 400, 28
26, 410, 29
26, 420, 28
28, 430, 28
29, 440, 30
29, 450, 31
29, 460, 31
29, 470, 31
29, 480, 31
29, 490, 31
{'count': 490, 'truepos': 25, 'falseneg': 16, 'correction': 0, 'unknownyes': 4, 'falsepos': 4, 'unique': 490}
17: K_all3.csv: three: 0, 0
1, 10
4, 20, 90
8, 30, 66
9, 40, 69
10, 50, 63
10, 60, 52
10, 70, 45
11, 80, 43
13, 90, 42
15, 100, 44
17, 110, 43
18, 120, 45
19, 130, 43
19, 140, 42
20, 150, 40
20, 160, 33
20, 170, 31
20, 180, 30
21, 190, 28
22, 200, 28
22, 210, 32
22, 220, 28
23, 230, 29
23, 240, 29
23, 250, 28
23, 260, 29
23, 270, 28
23, 280, 28
23, 290, 26
24, 300, 26
24, 310, 28
24, 320, 28
24, 330, 28
24, 340, 27
24, 350, 27
25, 360, 27
26, 370, 27
26, 380, 29
26, 390, 28
26, 400, 28
26, 410, 29
28, 420, 28
29, 430, 30
29, 440, 31
29, 450, 32
30, 460, 31
31, 470, 32
{'count': 969, 'truepos': 31, 'falseneg': 10, 'correction': 25, 'unknownyes': 4, 'falsepos': 0, 'unique': 470}
17: K_all3.csv: machine: 0, 0
1, 10
3, 20, 93
3, 30, 54
5, 40, 39
6, 50, 44
8, 60, 40
10, 70, 41
10, 80, 43
11, 90, 38
14, 100, 38
14, 110, 42
14, 120, 40
15, 130, 39
16, 140, 39
16, 150, 40
17, 160, 39
17, 170, 39
18, 180, 39
19, 190, 39
21, 200, 39
24, 210, 30
25, 220, 37
25, 230, 36
26, 240, 35
29, 240, 35
29, 250, 37
29, 260, 37
31, 270, 36
31, 280, 39
32, 290, 37
35, 290, 37
36, 300, 40
36, 310, 41
36, 320, 41
36, 330, 40
36, 340, 41
40, 340, 41
40, 350, 44
40, 360, 45
41, 370, 44
41, 380, 46
42, 390, 44
{'count': 540, 'truepos': 39, 'falseneg': 2, 'correction': 8, 'unknownyes': 4, 'falsepos': 3, 'unique': 390}
17: K_all3.csv: knee: 0, 0
2, 10
4, 20
4, 30
7, 40
9, 50
11, 60
12, 70
12, 80
12, 90
13, 100
14, 110
15, 120
15, 130
15, 140
16, 150
16, 160
16, 170
17, 180
17, 190
18, 200
18, 210
19, 220
19, 230
19, 240
19, 250
19, 260
19, 270
20, 280
20, 290
20, 300
22, 310
23, 320
23, 330
23, 340
23, 350
23, 360
23, 370
23, 380
24, 390
24, 400
25, 410
27, 420
27, 430
27, 440
27, 450
27, 460
28, 470
28, 480
28, 490
28, 500
28, 510
28, 520
28, 530
28, 540
28, 550
28, 560
28, 570
29, 580
29, 590
31, 600
31, 610
31, 620
31, 630
31, 640
31, 650
31, 660
32, 670
32, 680
32, 690
32, 700
33, 710
34, 720
34, 730
34, 740
34, 750
34, 760
34, 770
34, 780
34, 790
36, 800
36, 810
36, 820
36, 830
37, 840
37, 850
37, 860
37, 870
37, 880
37, 890
39, 900
39, 910
39, 920
39, 930
39, 940
39, 950
39, 960
39, 970
39, 980
39, 990
40, 1000
40, 1010
40, 1020
40, 1030
40, 1040
40, 1050
40, 1060
40, 1070
40, 1080
40, 1090
40, 1100
40, 1110
40, 1120
40, 1130
40, 1140
40, 1150
40, 1160
40, 1170
40, 1180
40, 1190
40, 1200
40, 1210
40, 1220
40, 1230
40, 1240
40, 1250
40, 1260
40, 1270
41, 1280
41, 1290
42, 1300
42, 1310
42, 1320
42, 1330
42, 1340
42, 1350
42, 1360
42, 1370
42, 1380
42, 1390
42, 1400
42, 1410
42, 1420
42, 1430
42, 1440
42, 1450
42, 1460
42, 1470
42, 1480
42, 1490
42, 1500
42, 1510
42, 1520
42, 1530
42, 1540
42, 1550
42, 1560
42, 1570
42, 1580
42, 1590
42, 1600
42, 1610
42, 1620
42, 1630
42, 1640
42, 1650
42, 1660
42, 1670
42, 1680
{'count': 2544, 'truepos': 42, 'falseneg': 3, 'correction': 17, 'unknownyes': 0, 'falsepos': 17, 'unique': 1680}

------------------------------------------------------------
Sender: LSF System <lsfadmin@n2c1-6>
Subject: Job 629686: </share/tjmenzie/zyu9/miniconda2/bin/python2.7 runner.py error_hpcc 17> in cluster <henry2> Done

Job </share/tjmenzie/zyu9/miniconda2/bin/python2.7 runner.py error_hpcc 17> was submitted from host <login01.hpc.ncsu.edu> by user <zyu9> in cluster <henry2> at Wed Jan 31 09:58:22 2018.
Job was executed on host(s) <1*n2c1-6>, in queue <single_chassis>, as user <zyu9> in cluster <henry2> at Wed Jan 31 09:58:27 2018.
                            <1*n2c1-5>
</home/zyu9> was used as the home directory.
</home/zyu9/projects/MAR_HPC/Error/src> was used as the working directory.
Started at Wed Jan 31 09:58:27 2018.
Terminated at Wed Jan 31 10:57:38 2018.
Results reported at Wed Jan 31 10:57:38 2018.

Your job looked like:

------------------------------------------------------------
# LSBATCH: User input
/share/tjmenzie/zyu9/miniconda2/bin/python2.7 runner.py error_hpcc 17
------------------------------------------------------------

Successfully completed.

Resource usage summary:

    CPU time :                                   4375.87 sec.
    Max Memory :                                 281.53 MB
    Average Memory :                             226.13 MB
    Total Requested Memory :                     -
    Delta Memory :                               -
    Max Swap :                                   1308 MB
    Max Processes :                              3
    Max Threads :                                8
    Run time :                                   3556 sec.
    Turnaround time :                            3556 sec.

The output (if any) is above this job summary.



PS:

Read file <./err/17.err.629686> for stderr output of this job.

