17: Hall.csv: none: 0, 0
6, 10
7, 20, 110
8, 30, 106
11, 40, 100
14, 50, 97
16, 60, 85
19, 70, 78
23, 80, 73
27, 90, 77
28, 100, 83
32, 110, 76
38, 120, 62
39, 130, 72
39, 140, 70
40, 150, 65
41, 160, 66
43, 170, 64
45, 180, 62
45, 190, 72
47, 200, 69
47, 210, 64
49, 220, 67
52, 230, 67
55, 240, 71
55, 250, 74
58, 260, 73
61, 270, 78
63, 280, 77
64, 290, 83
64, 300, 86
64, 310, 83
65, 320, 84
65, 330, 87
66, 340, 84
66, 350, 89
66, 360, 86
66, 370, 83
66, 380, 84
66, 390, 81
68, 400, 84
68, 410, 84
68, 420, 85
68, 430, 84
69, 440, 84
69, 450, 88
69, 460, 87
70, 470, 83
70, 480, 87
70, 490, 85
70, 500, 85
70, 510, 81
70, 520, 82
70, 530, 79
70, 540, 81
70, 550, 81
70, 560, 81
70, 570, 79
70, 580, 79
70, 590, 79
70, 600, 80
70, 610, 81
70, 620, 78
70, 630, 77
70, 640, 79
70, 650, 78
70, 660, 78
70, 670, 78
70, 680, 79
70, 690, 78
70, 700, 78
70, 710, 77
70, 720, 77
70, 730, 78
70, 740, 76
70, 750, 76
70, 760, 77
70, 770, 76
70, 780, 77
70, 790, 76
70, 800, 76
70, 810, 76
70, 820, 76
70, 830, 76
71, 840, 76
71, 850, 78
71, 860, 78
71, 870, 77
71, 880, 77
71, 890, 77
71, 900, 78
71, 910, 77
71, 920, 78
71, 930, 76
71, 940, 77
71, 950, 77
71, 960, 77
71, 970, 77
71, 980, 77
71, 990, 77
71, 1000, 76
71, 1010, 76
72, 1020, 76
72, 1030, 78
72, 1040, 77
72, 1050, 78
72, 1060, 77
72, 1070, 77
72, 1080, 77
72, 1090, 77
72, 1100, 77
72, 1110, 78
72, 1120, 77
72, 1130, 76
72, 1140, 77
72, 1150, 78
72, 1160, 77
72, 1170, 77
72, 1180, 76
72, 1190, 76
72, 1200, 76
72, 1210, 77
72, 1220, 76
72, 1230, 76
72, 1240, 76
72, 1250, 77
72, 1260, 76
72, 1270, 77
72, 1280, 76
72, 1290, 76
72, 1300, 77
72, 1310, 76
72, 1320, 77
72, 1330, 76
72, 1340, 77
72, 1350, 76
72, 1360, 76
72, 1370, 75
72, 1380, 76
72, 1390, 75
72, 1400, 76
72, 1410, 75
72, 1420, 76
72, 1430, 76
72, 1440, 75
72, 1450, 76
72, 1460, 76
72, 1470, 76
72, 1480, 75
72, 1490, 76
72, 1500, 75
72, 1510, 75
72, 1520, 76
72, 1530, 75
72, 1540, 75
72, 1550, 75
73, 1560, 75
73, 1570, 76
73, 1580, 76
73, 1590, 76
73, 1600, 76
74, 1610, 76
{'count': 1610, 'truepos': 69, 'falseneg': 34, 'correction': 0, 'unknownyes': 1, 'falsepos': 5, 'unique': 1610}
17: Hall.csv: three: 0, 0
8, 10
12, 20, 126
14, 30, 142
16, 40, 102
19, 50, 91
23, 60, 90
29, 70, 90
31, 80, 98
34, 90, 73
35, 100, 75
37, 110, 63
40, 120, 63
43, 130, 64
47, 140, 68
50, 150, 68
53, 160, 73
60, 170, 72
64, 180, 78
66, 190, 88
70, 200, 92
72, 210, 93
74, 220, 97
75, 230, 95
75, 240, 92
75, 250, 89
75, 260, 91
75, 270, 87
76, 280, 87
78, 290, 88
78, 300, 92
78, 310, 90
78, 320, 87
78, 330, 87
79, 340, 86
79, 350, 87
79, 360, 87
79, 370, 88
79, 380, 88
79, 390, 87
79, 400, 87
79, 410, 85
79, 420, 86
79, 430, 86
79, 440, 86
79, 450, 84
79, 460, 86
79, 470, 85
79, 480, 85
79, 490, 85
79, 500, 85
79, 510, 85
79, 520, 84
{'count': 1089, 'truepos': 79, 'falseneg': 23, 'correction': 43, 'unknownyes': 2, 'falsepos': 0, 'unique': 520}
17: Hall.csv: machine: 0, 0
4, 10
5, 20, 99
6, 30, 94
8, 40, 98
11, 50, 85
14, 60, 94
['yes']
['no' 'yes' 'no' 'yes' 'no' 'no' 'no' 'no' 'no' 'no' 'yes' 'yes' 'yes'
 'no' 'no' 'no' 'no' 'no' 'no']
18, 60, 94
23, 70, 97
25, 80, 94
30, 90, 81
32, 100, 55
36, 110, 56
['yes']
['no' 'yes' 'yes' 'yes' 'no' 'no' 'no' 'yes' 'no' 'no' 'no' 'no' 'no'
 'yes' 'no' 'yes' 'no' 'no' 'yes']
41, 110, 56
46, 120, 72
47, 130, 75
48, 140, 75
50, 150, 72
52, 160, 72
['yes']
['yes' 'no' 'no' 'yes' 'no' 'no' 'no' 'no' 'no' 'no' 'no' 'yes' 'no' 'no'
 'no' 'no' 'no' 'no' 'no']
54, 160, 72
59, 170, 73
62, 180, 77
67, 190, 80
69, 200, 83
73, 210, 89
['yes']
['no' 'yes' 'no' 'no' 'yes' 'no' 'yes' 'no' 'no' 'yes' 'no' 'no' 'no' 'no'
 'no' 'no' 'no' 'yes' 'no']
76, 210, 89
77, 220, 120
80, 230, 97
81, 240, 103
82, 250, 100
82, 260, 102
['yes']
['no' 'no' 'yes' 'no' 'no' 'no' 'no' 'no' 'no' 'no' 'no' 'yes' 'no' 'no'
 'no' 'no' 'no' 'no' 'no']
82, 260, 102
83, 270, 97
84, 280, 98
85, 290, 99
85, 300, 99
86, 310, 100
['yes']
['no' 'no' 'no' 'no' 'no' 'no' 'no' 'no' 'no' 'no' 'no' 'no' 'no' 'no'
 'no' 'no' 'no' 'no' 'no']
87, 310, 100
87, 320, 102
87, 330, 103
87, 340, 100
87, 350, 99
87, 360, 97
['yes']
['no' 'no' 'no' 'no' 'no' 'no' 'no' 'no' 'no' 'no' 'no' 'no' 'no' 'no'
 'no' 'no' 'no' 'yes' 'no']
88, 360, 97
89, 370, 105
89, 380, 105
89, 390, 105
90, 400, 101
90, 410, 104
['no']
['no' 'no' 'no' 'no' 'no' 'no' 'no' 'no' 'yes' 'no' 'no' 'no' 'no' 'no'
 'yes' 'no' 'no' 'no' 'no']
92, 410, 104
93, 420, 104
93, 430, 104
93, 440, 105
93, 450, 103
93, 460, 105
['no']
['no' 'no' 'no' 'yes' 'no' 'yes' 'no' 'no' 'no' 'no' 'no' 'no' 'no' 'no'
 'no' 'no' 'no' 'no' 'no']
92, 460, 105
92, 470, 101
92, 480, 99
92, 490, 99
92, 500, 99
92, 510, 99
['yes']
['no' 'no' 'no' 'no' 'no' 'no' 'no' 'no' 'no' 'no' 'no' 'no' 'no' 'no'
 'no' 'no' 'no' 'no' 'no']
92, 510, 99
93, 520, 100
93, 530, 100
93, 540, 101
93, 550, 102
93, 560, 101
['yes']
['no' 'no' 'no' 'no' 'no' 'no' 'no' 'no' 'no' 'no' 'no' 'no' 'no' 'yes'
 'no' 'no' 'no' 'no' 'no']
94, 560, 101
94, 570, 101
94, 580, 101
96, 590, 101
96, 600, 106
96, 610, 102
['no']
['no' 'no' 'no' 'no' 'no' 'no' 'no' 'no' 'no' 'no' 'no' 'no' 'no' 'no'
 'no' 'no' 'no' 'no' 'no']
95, 610, 102
95, 620, 101
95, 630, 101
95, 640, 102
95, 650, 100
95, 660, 101
['no']
['no' 'no' 'no' 'no' 'no' 'no' 'yes' 'no' 'no' 'no' 'no' 'no' 'no' 'no'
 'no' 'no' 'no' 'no' 'no']
95, 660, 101
{'count': 926, 'truepos': 92, 'falseneg': 10, 'correction': 25, 'unknownyes': 2, 'falsepos': 3, 'unique': 660}
17: Hall.csv: knee: 0, 0
6, 10
9, 20
13, 30
16, 40
20, 50
21, 60
25, 70
28, 80
32, 90
35, 100
37, 110
39, 120
42, 130
45, 140
47, 150
51, 160
52, 170
55, 180
57, 190
59, 200
60, 210
61, 220
62, 230
65, 240
66, 250
67, 260
67, 270
69, 280
69, 290
69, 300
69, 310
69, 320
69, 330
69, 340
70, 350
70, 360
70, 370
71, 380
71, 390
72, 400
72, 410
72, 420
72, 430
72, 440
72, 450
72, 460
72, 470
72, 480
{'count': 663, 'truepos': 86, 'falseneg': 16, 'correction': 15, 'unknownyes': 2, 'falsepos': 2, 'unique': 480}
17: Wahono.csv: none: 0, 0
4, 10
4, 20, 117
8, 30, 83
12, 40, 90
13, 50, 90
14, 60, 79
16, 70, 67
18, 80, 57
18, 90, 63
18, 100, 51
19, 110, 46
19, 120, 45
19, 130, 44
19, 140, 43
20, 150, 44
21, 160, 46
21, 170, 48
21, 180, 47
21, 190, 47
21, 200, 47
21, 210, 47
21, 220, 48
22, 230, 48
22, 240, 48
23, 250, 48
23, 260, 50
23, 270, 50
23, 280, 50
23, 290, 50
23, 300, 50
24, 310, 51
25, 320, 51
26, 330, 50
26, 340, 50
26, 350, 50
27, 360, 50
28, 370, 51
29, 380, 51
29, 390, 52
29, 400, 51
30, 410, 51
32, 420, 42
34, 430, 45
35, 440, 49
37, 450, 49
38, 460, 53
38, 470, 55
38, 480, 51
38, 490, 51
38, 500, 54
38, 510, 51
38, 520, 52
40, 530, 50
40, 540, 51
40, 550, 53
40, 560, 50
42, 570, 49
42, 580, 53
42, 590, 53
42, 600, 52
42, 610, 54
42, 620, 52
42, 630, 53
43, 640, 50
43, 650, 53
45, 660, 53
45, 670, 57
45, 680, 57
45, 690, 56
46, 700, 53
47, 710, 56
47, 720, 58
48, 730, 56
48, 740, 57
48, 750, 60
48, 760, 59
48, 770, 57
48, 780, 58
48, 790, 57
48, 800, 57
48, 810, 56
48, 820, 57
48, 830, 57
48, 840, 58
48, 850, 54
48, 860, 56
49, 870, 56
49, 880, 57
49, 890, 57
49, 900, 58
49, 910, 57
49, 920, 56
49, 930, 56
49, 940, 56
49, 950, 57
49, 960, 56
49, 970, 56
49, 980, 55
49, 990, 55
49, 1000, 56
49, 1010, 55
49, 1020, 55
49, 1030, 55
49, 1040, 55
49, 1050, 55
49, 1060, 55
50, 1070, 56
50, 1080, 55
50, 1090, 56
50, 1100, 55
50, 1110, 55
50, 1120, 55
51, 1130, 55
51, 1140, 57
51, 1150, 55
51, 1160, 56
51, 1170, 56
52, 1180, 55
52, 1190, 57
52, 1200, 56
52, 1210, 56
52, 1220, 56
52, 1230, 57
52, 1240, 56
52, 1250, 57
52, 1260, 56
52, 1270, 56
52, 1280, 56
52, 1290, 56
52, 1300, 56
52, 1310, 56
52, 1320, 56
52, 1330, 56
52, 1340, 56
52, 1350, 55
52, 1360, 56
52, 1370, 56
52, 1380, 55
52, 1390, 56
53, 1400, 55
53, 1410, 57
53, 1420, 56
54, 1430, 57
54, 1440, 58
54, 1450, 58
54, 1460, 57
54, 1470, 57
54, 1480, 57
54, 1490, 57
54, 1500, 57
54, 1510, 57
54, 1520, 57
54, 1530, 57
54, 1540, 57
54, 1550, 57
54, 1560, 57
54, 1570, 57
54, 1580, 57
54, 1590, 57
54, 1600, 57
54, 1610, 56
54, 1620, 57
{'count': 1620, 'truepos': 48, 'falseneg': 14, 'correction': 0, 'unknownyes': 0, 'falsepos': 6, 'unique': 1620}
17: Wahono.csv: three: 0, 0
4, 10
4, 20, 94
9, 30, 84
10, 40, 83
12, 50, 63
12, 60, 62
13, 70, 44
15, 80, 42
16, 90, 45
16, 100, 43
16, 110, 42
16, 120, 42
17, 130, 42
18, 140, 44
18, 150, 45
19, 160, 45
19, 170, 45
20, 180, 46
20, 190, 45
20, 200, 44
20, 210, 45
20, 220, 45
20, 230, 45
20, 240, 45
21, 250, 46
23, 260, 47
24, 270, 49
26, 280, 49
27, 290, 52
28, 300, 53
29, 310, 53
30, 320, 53
30, 330, 51
30, 340, 49
31, 350, 46
31, 360, 46
31, 370, 47
31, 380, 50
31, 390, 42
31, 400, 44
31, 410, 43
33, 420, 43
33, 430, 44
33, 440, 42
33, 450, 42
33, 460, 45
33, 470, 45
33, 480, 47
33, 490, 45
33, 500, 44
33, 510, 44
33, 520, 41
33, 530, 42
33, 540, 42
33, 550, 42
33, 560, 41
33, 570, 42
33, 580, 40
33, 590, 41
33, 600, 42
33, 610, 40
33, 620, 41
34, 630, 39
34, 640, 41
34, 650, 42
35, 660, 41
36, 670, 41
37, 680, 42
38, 690, 44
39, 700, 45
39, 710, 47
39, 720, 47
39, 730, 46
39, 740, 46
39, 750, 46
39, 760, 46
39, 770, 46
39, 780, 47
39, 790, 46
39, 800, 45
40, 810, 45
40, 820, 46
40, 830, 48
40, 840, 47
40, 850, 47
40, 860, 47
40, 870, 46
40, 880, 46
40, 890, 46
40, 900, 46
40, 910, 46
40, 920, 47
40, 930, 47
40, 940, 47
40, 950, 46
40, 960, 46
40, 970, 45
40, 980, 45
40, 990, 46
40, 1000, 45
40, 1010, 46
40, 1020, 46
40, 1030, 45
40, 1040, 44
40, 1050, 45
40, 1060, 45
40, 1070, 45
40, 1080, 45
40, 1090, 45
40, 1100, 44
40, 1110, 45
40, 1120, 44
40, 1130, 44
40, 1140, 44
40, 1150, 44
40, 1160, 45
40, 1170, 44
40, 1180, 44
40, 1190, 44
40, 1200, 44
40, 1210, 45
40, 1220, 44
40, 1230, 44
40, 1240, 43
41, 1250, 43
41, 1260, 45
41, 1270, 45
41, 1280, 45
41, 1290, 45
41, 1300, 45
41, 1310, 45
41, 1320, 44
41, 1330, 44
41, 1340, 44
41, 1350, 44
41, 1360, 44
41, 1370, 44
41, 1380, 44
41, 1390, 44
42, 1400, 45
42, 1410, 46
42, 1420, 46
42, 1430, 46
42, 1440, 46
42, 1450, 46
42, 1460, 46
42, 1470, 45
42, 1480, 46
42, 1490, 45
42, 1500, 46
42, 1510, 45
42, 1520, 45
42, 1530, 45
42, 1540, 45
42, 1550, 45
42, 1560, 45
42, 1570, 45
42, 1580, 45
42, 1590, 44
42, 1600, 45
42, 1610, 45
42, 1620, 44
42, 1630, 45
42, 1640, 45
42, 1650, 45
42, 1660, 45
42, 1670, 45
42, 1680, 45
42, 1690, 45
42, 1700, 45
42, 1710, 44
42, 1720, 45
42, 1730, 44
42, 1740, 44
42, 1750, 44
42, 1760, 45
42, 1770, 44
42, 1780, 44
42, 1790, 44
42, 1800, 44
42, 1810, 44
42, 1820, 44
42, 1830, 44
42, 1840, 44
42, 1850, 44
42, 1860, 44
42, 1870, 44
42, 1880, 44
42, 1890, 44
42, 1900, 44
42, 1910, 44
42, 1920, 44
42, 1930, 44
42, 1940, 44
42, 1950, 44
42, 1960, 44
42, 1970, 44
42, 1980, 44
42, 1990, 44
42, 2000, 44
42, 2010, 44
42, 2020, 44
42, 2030, 44
42, 2040, 44
42, 2050, 44
42, 2060, 44
{'count': 4158, 'truepos': 42, 'falseneg': 19, 'correction': 33, 'unknownyes': 1, 'falsepos': 0, 'unique': 2060}
17: Wahono.csv: machine: 0, 0
2, 10
2, 20, 103
4, 30, 63
8, 40, 65
9, 50, 84
10, 60, 78
['yes']
['no' 'yes' 'no' 'no' 'no' 'no' 'yes' 'no' 'no' 'no' 'no' 'no' 'yes' 'yes'
 'yes' 'yes' 'no' 'no' 'no']
14, 60, 78
16, 70, 67
19, 80, 67
19, 90, 76
19, 100, 66
19, 110, 55
['yes']
['no' 'no' 'no' 'no' 'no' 'yes' 'no' 'no' 'no' 'no' 'no' 'no' 'no' 'no'
 'no' 'no' 'no' 'no' 'no']
19, 110, 55
19, 120, 52
20, 130, 50
20, 140, 50
20, 150, 49
21, 160, 48
['yes']
['no' 'no' 'no' 'no' 'no' 'no' 'no' 'no' 'no' 'no' 'no' 'no' 'no' 'no'
 'no' 'no' 'no' 'yes' 'no']
22, 160, 48
22, 170, 50
22, 180, 49
23, 190, 49
23, 200, 49
23, 210, 49
['yes']
['no' 'no' 'no' 'no' 'yes' 'no' 'no' 'no' 'no' 'no' 'no' 'no' 'no' 'no'
 'no' 'no' 'no' 'no' 'no']
24, 210, 49
29, 220, 50
32, 230, 57
34, 240, 54
37, 250, 60
38, 260, 69
['yes']
['no' 'no' 'no' 'no' 'no' 'no' 'no' 'no' 'yes' 'no' 'no' 'no' 'no' 'no'
 'no' 'no' 'no' 'no' 'no']
38, 260, 69
39, 270, 71
39, 280, 69
39, 290, 68
39, 300, 63
39, 310, 62
['yes']
['no' 'no' 'no' 'no' 'no' 'no' 'no' 'no' 'no' 'no' 'no' 'no' 'no' 'no'
 'no' 'no' 'no' 'no' 'no']
39, 310, 62
39, 320, 63
40, 330, 60
40, 340, 60
40, 350, 60
40, 360, 61
['yes']
['no' 'no' 'no' 'no' 'no' 'yes' 'no' 'no' 'no' 'no' 'no' 'no' 'no' 'no'
 'no' 'no' 'no' 'no' 'no']
41, 360, 61
41, 370, 60
43, 380, 58
44, 390, 59
45, 400, 63
45, 410, 62
['no']
['yes' 'no' 'no' 'no' 'no' 'no' 'no' 'no' 'no' 'no' 'no' 'no' 'no' 'no'
 'no' 'no' 'no' 'no' 'no']
45, 410, 62
45, 420, 60
47, 430, 57
47, 440, 66
47, 450, 63
47, 460, 63
['yes']
['no' 'no' 'no' 'no' 'no' 'no' 'no' 'no' 'no' 'no' 'no' 'no' 'no' 'no'
 'no' 'no' 'no' 'no' 'no']
47, 460, 63
47, 470, 67
48, 480, 58
48, 490, 60
48, 500, 62
49, 510, 60
['yes']
['no' 'no' 'no' 'no' 'no' 'no' 'no' 'no' 'no' 'no' 'no' 'no' 'no' 'no'
 'no' 'no' 'no' 'no' 'no']
49, 510, 60
49, 520, 61
49, 530, 60
49, 540, 60
49, 550, 62
49, 560, 60
['yes']
['no' 'no' 'no' 'no' 'no' 'no' 'no' 'no' 'no' 'no' 'no' 'no' 'no' 'no'
 'no' 'no' 'no' 'no' 'no']
49, 560, 60
49, 570, 59
49, 580, 58
49, 590, 58
49, 600, 58
49, 610, 58
['yes']
['no' 'no' 'no' 'no' 'no' 'no' 'no' 'no' 'no' 'no' 'no' 'no' 'no' 'no'
 'no' 'no' 'no' 'no' 'no']
49, 610, 58
49, 620, 58
49, 630, 57
49, 640, 57
49, 650, 57
49, 660, 57
['yes']
['no' 'no' 'no' 'no' 'no' 'no' 'no' 'no' 'no' 'no' 'no' 'no' 'no' 'no'
 'no' 'no' 'no' 'no' 'no']
49, 660, 57
49, 670, 58
49, 680, 56
49, 690, 58
49, 700, 56
49, 710, 56
['yes']
['no' 'no' 'no' 'no' 'no' 'no' 'no' 'no' 'no' 'no' 'no' 'no' 'no' 'no'
 'no' 'no' 'no' 'no' 'no']
49, 710, 56
49, 720, 56
49, 730, 56
49, 740, 56
49, 750, 56
49, 760, 55
['yes']
['no' 'no' 'no' 'no' 'no' 'no' 'no' 'no' 'no' 'no' 'no' 'no' 'no' 'no'
 'no' 'no' 'no' 'no' 'no']
49, 760, 55
49, 770, 54
49, 780, 56
49, 790, 55
49, 800, 55
49, 810, 55
['yes']
['no' 'no' 'no' 'no' 'no' 'no' 'no' 'no' 'no' 'no' 'no' 'no' 'no' 'no'
 'no' 'no' 'no' 'no' 'no']
49, 810, 55
49, 820, 54
49, 830, 55
49, 840, 54
49, 850, 55
49, 860, 54
['yes']
['no' 'no' 'no' 'no' 'no' 'no' 'no' 'no' 'no' 'no' 'no' 'no' 'no' 'no'
 'no' 'no' 'no' 'no' 'no']
49, 860, 54
49, 870, 54
49, 880, 54
49, 890, 54
50, 900, 54
50, 910, 55
['yes']
['no' 'no' 'no' 'no' 'no' 'no' 'no' 'no' 'no' 'no' 'no' 'no' 'no' 'no'
 'no' 'no' 'no' 'no' 'no']
50, 910, 55
50, 920, 55
50, 930, 55
50, 940, 54
50, 950, 54
50, 960, 55
['yes']
['no' 'no' 'no' 'no' 'no' 'no' 'no' 'no' 'no' 'no' 'no' 'no' 'no' 'no'
 'no' 'no' 'no' 'no' 'no']
50, 960, 55
50, 970, 55
50, 980, 55
50, 990, 55
50, 1000, 54
50, 1010, 55
['yes']
['no' 'no' 'no' 'no' 'no' 'no' 'no' 'no' 'no' 'no' 'no' 'no' 'no' 'no'
 'no' 'no' 'no' 'no' 'no']
50, 1010, 55
50, 1020, 54
50, 1030, 54
50, 1040, 54
50, 1050, 54
50, 1060, 54
['yes']
['no' 'no' 'no' 'no' 'no' 'no' 'no' 'no' 'no' 'no' 'no' 'no' 'no' 'yes'
 'no' 'no' 'no' 'no' 'no']
51, 1060, 54
51, 1070, 55
52, 1080, 56
52, 1090, 57
52, 1100, 56
52, 1110, 56
['yes']
['no' 'no' 'no' 'no' 'no' 'no' 'no' 'no' 'no' 'no' 'no' 'no' 'no' 'no'
 'no' 'no' 'no' 'no' 'no']
52, 1110, 56
52, 1120, 55
52, 1130, 56
52, 1140, 55
52, 1150, 56
52, 1160, 56
['yes']
['no' 'no' 'no' 'no' 'no' 'no' 'no' 'no' 'no' 'no' 'no' 'yes' 'no' 'no'
 'no' 'no' 'no' 'yes' 'no']
54, 1160, 56
54, 1170, 58
54, 1180, 58
54, 1190, 58
54, 1200, 58
54, 1210, 58
['yes']
['no' 'no' 'no' 'no' 'no' 'no' 'no' 'no' 'no' 'no' 'no' 'no' 'no' 'no'
 'no' 'no' 'no' 'no' 'no']
54, 1210, 58
54, 1220, 58
54, 1230, 57
54, 1240, 58
54, 1250, 58
54, 1260, 57
['yes']
['no' 'no' 'no' 'no' 'no' 'no' 'no' 'no' 'no' 'no' 'no' 'no' 'no' 'no'
 'no' 'no' 'no' 'no' 'no']
53, 1260, 57
53, 1270, 57
53, 1280, 57
53, 1290, 57
53, 1300, 56
53, 1310, 56
['yes']
['no' 'no' 'no' 'no' 'no' 'no' 'no' 'no' 'no' 'no' 'no' 'no' 'no' 'no'
 'no' 'no' 'no' 'no' 'no']
53, 1310, 56
53, 1320, 56
53, 1330, 56
53, 1340, 56
53, 1350, 57
53, 1360, 56
['yes']
['no' 'no' 'no' 'no' 'no' 'no' 'no' 'no' 'no' 'no' 'no' 'no' 'no' 'no'
 'no' 'yes' 'no' 'no' 'no']
53, 1360, 56
53, 1370, 56
53, 1380, 56
53, 1390, 56
53, 1400, 57
53, 1410, 56
['yes']
['no' 'no' 'no' 'no' 'no' 'no' 'no' 'no' 'no' 'no' 'no' 'no' 'no' 'no'
 'no' 'no' 'no' 'no' 'no']
53, 1410, 56
53, 1420, 56
53, 1430, 56
53, 1440, 56
53, 1450, 56
53, 1460, 56
['yes']
['no' 'no' 'no' 'no' 'no' 'no' 'no' 'no' 'no' 'no' 'no' 'no' 'no' 'no'
 'no' 'no' 'no' 'no' 'no']
53, 1460, 56
53, 1470, 55
53, 1480, 55
53, 1490, 56
54, 1500, 56
54, 1510, 57
['yes']
['no' 'no' 'no' 'no' 'no' 'no' 'no' 'no' 'no' 'no' 'no' 'no' 'no' 'no'
 'no' 'no' 'no' 'no' 'no']
53, 1510, 57
53, 1520, 56
53, 1530, 56
53, 1540, 55
53, 1550, 56
53, 1560, 56
['yes']
['no' 'no' 'no' 'no' 'no' 'no' 'no' 'no' 'no' 'no' 'no' 'no' 'yes' 'no'
 'no' 'no' 'no' 'no' 'no']
52, 1560, 56
{'count': 2189, 'truepos': 51, 'falseneg': 9, 'correction': 19, 'unknownyes': 2, 'falsepos': 1, 'unique': 1560}
17: Wahono.csv: knee: 0, 0
4, 10
6, 20
9, 30
9, 40
9, 50
13, 60
14, 70
15, 80
16, 90
17, 100
18, 110
18, 120
18, 130
20, 140
20, 150
20, 160
20, 170
20, 180
21, 190
22, 200
23, 210
24, 220
25, 230
25, 240
25, 250
25, 260
25, 270
25, 280
26, 290
26, 300
26, 310
26, 320
26, 330
26, 340
26, 350
27, 360
27, 370
28, 380
30, 390
30, 400
30, 410
30, 420
30, 430
31, 440
31, 450
31, 460
32, 470
32, 480
32, 490
32, 500
33, 510
33, 520
33, 530
33, 540
33, 550
33, 560
33, 570
33, 580
34, 590
34, 600
34, 610
34, 620
34, 630
34, 640
34, 650
34, 660
34, 670
34, 680
34, 690
34, 700
34, 710
34, 720
34, 730
34, 740
34, 750
34, 760
34, 770
35, 780
35, 790
35, 800
36, 810
36, 820
36, 830
37, 840
37, 850
37, 860
37, 870
37, 880
38, 890
38, 900
38, 910
39, 920
39, 930
39, 940
39, 950
39, 960
39, 970
39, 980
39, 990
39, 1000
39, 1010
39, 1020
39, 1030
39, 1040
39, 1050
40, 1060
40, 1070
40, 1080
40, 1090
40, 1100
40, 1110
40, 1120
{'count': 1347, 'truepos': 42, 'falseneg': 15, 'correction': 14, 'unknownyes': 5, 'falsepos': 0, 'unique': 1120}
17: Danijel.csv: none: 0, 0
2, 10
3, 20, 103
4, 30, 88
5, 40, 61
6, 50, 54
9, 60, 53
11, 70, 53
12, 80, 56
13, 90, 46
13, 100, 47
14, 110, 40
14, 120, 41
14, 130, 40
14, 140, 40
14, 150, 39
15, 160, 39
16, 170, 40
18, 180, 41
19, 190, 40
20, 200, 41
21, 210, 41
21, 220, 40
21, 230, 41
21, 240, 41
21, 250, 41
21, 260, 41
22, 270, 41
23, 280, 42
25, 290, 42
25, 300, 43
26, 310, 43
27, 320, 44
27, 330, 45
27, 340, 45
28, 350, 45
28, 360, 45
30, 370, 45
30, 380, 43
30, 390, 43
30, 400, 43
30, 410, 40
30, 420, 39
30, 430, 38
30, 440, 39
30, 450, 39
31, 460, 38
31, 470, 40
31, 480, 38
31, 490, 41
32, 500, 40
32, 510, 41
33, 520, 39
33, 530, 41
33, 540, 42
33, 550, 41
33, 560, 40
33, 570, 41
33, 580, 40
33, 590, 39
33, 600, 40
33, 610, 39
33, 620, 39
33, 630, 38
33, 640, 41
33, 650, 39
33, 660, 38
33, 670, 40
33, 680, 39
33, 690, 38
33, 700, 38
33, 710, 38
33, 720, 38
33, 730, 37
33, 740, 38
33, 750, 38
33, 760, 38
33, 770, 37
33, 780, 36
33, 790, 37
33, 800, 37
33, 810, 37
33, 820, 37
33, 830, 37
33, 840, 36
33, 850, 37
33, 860, 37
33, 870, 36
33, 880, 37
33, 890, 36
33, 900, 36
33, 910, 37
33, 920, 36
33, 930, 36
33, 940, 36
33, 950, 36
33, 960, 36
33, 970, 35
33, 980, 36
33, 990, 36
33, 1000, 36
33, 1010, 36
33, 1020, 36
33, 1030, 36
33, 1040, 36
33, 1050, 35
33, 1060, 35
33, 1070, 35
33, 1080, 35
33, 1090, 35
33, 1100, 35
33, 1110, 35
33, 1120, 35
33, 1130, 36
33, 1140, 35
33, 1150, 35
33, 1160, 35
33, 1170, 35
33, 1180, 35
33, 1190, 35
33, 1200, 35
33, 1210, 35
33, 1220, 35
33, 1230, 35
33, 1240, 35
33, 1250, 35
33, 1260, 35
33, 1270, 35
33, 1280, 34
33, 1290, 35
33, 1300, 35
33, 1310, 34
33, 1320, 35
33, 1330, 36
33, 1340, 35
33, 1350, 34
33, 1360, 34
33, 1370, 34
33, 1380, 34
{'count': 1380, 'truepos': 30, 'falseneg': 16, 'correction': 0, 'unknownyes': 2, 'falsepos': 3, 'unique': 1380}
17: Danijel.csv: three: 0, 0
3, 10
3, 20, 106
5, 30, 79
7, 40, 66
8, 50, 65
10, 60, 53
13, 70, 55
14, 80, 66
14, 90, 51
16, 100, 47
18, 110, 49
20, 120, 49
22, 130, 51
23, 140, 50
24, 150, 49
25, 160, 49
25, 170, 47
25, 180, 46
26, 190, 45
26, 200, 45
26, 210, 45
26, 220, 45
26, 230, 45
26, 240, 45
28, 250, 45
28, 260, 46
28, 270, 46
29, 280, 45
29, 290, 45
30, 300, 46
30, 310, 41
30, 320, 43
30, 330, 40
30, 340, 44
30, 350, 40
30, 360, 38
30, 370, 37
30, 380, 37
30, 390, 38
30, 400, 39
30, 410, 37
31, 420, 37
32, 430, 37
32, 440, 38
32, 450, 39
32, 460, 39
32, 470, 38
32, 480, 38
32, 490, 40
32, 500, 38
32, 510, 37
32, 520, 37
32, 530, 38
32, 540, 37
32, 550, 37
33, 560, 37
33, 570, 40
33, 580, 38
33, 590, 39
33, 600, 38
33, 610, 38
33, 620, 39
33, 630, 38
34, 640, 37
34, 650, 39
34, 660, 39
34, 670, 38
34, 680, 39
34, 690, 39
34, 700, 38
34, 710, 38
34, 720, 38
34, 730, 38
34, 740, 38
34, 750, 38
34, 760, 38
34, 770, 38
34, 780, 38
34, 790, 39
34, 800, 38
34, 810, 37
34, 820, 37
34, 830, 38
34, 840, 37
34, 850, 37
34, 860, 38
34, 870, 38
34, 880, 38
34, 890, 38
34, 900, 37
34, 910, 37
34, 920, 37
34, 930, 37
35, 940, 37
35, 950, 38
35, 960, 38
35, 970, 38
35, 980, 38
35, 990, 38
35, 1000, 38
35, 1010, 37
35, 1020, 37
35, 1030, 37
35, 1040, 38
35, 1050, 37
35, 1060, 37
35, 1070, 37
35, 1080, 38
35, 1090, 38
35, 1100, 38
35, 1110, 37
35, 1120, 37
35, 1130, 38
35, 1140, 37
35, 1150, 37
35, 1160, 37
35, 1170, 37
35, 1180, 37
35, 1190, 37
35, 1200, 37
35, 1210, 37
35, 1220, 37
35, 1230, 37
35, 1240, 37
35, 1250, 37
35, 1260, 37
35, 1270, 37
35, 1280, 37
35, 1290, 37
35, 1300, 37
35, 1310, 37
35, 1320, 37
35, 1330, 37
35, 1340, 37
35, 1350, 37
35, 1360, 36
35, 1370, 37
35, 1380, 36
35, 1390, 36
35, 1400, 37
35, 1410, 37
35, 1420, 37
36, 1430, 36
36, 1440, 39
{'count': 2912, 'truepos': 36, 'falseneg': 11, 'correction': 27, 'unknownyes': 1, 'falsepos': 0, 'unique': 1440}
17: Danijel.csv: machine: 0, 0
4, 10
4, 20, 118
4, 30, 97
6, 40, 59
6, 50, 65
7, 60, 50
['yes']
['no' 'no' 'no' 'no' 'no' 'no' 'no' 'no' 'no' 'yes' 'no' 'no' 'no' 'no'
 'no' 'no' 'no' 'no' 'no']
8, 60, 50
9, 70, 52
11, 80, 48
14, 90, 49
16, 100, 49
20, 110, 47
['yes']
['no' 'no' 'yes' 'no' 'no' 'no' 'no' 'no' 'no' 'no' 'no' 'no' 'no' 'no'
 'no' 'no' 'no' 'no' 'no']
21, 110, 47
21, 120, 55
23, 130, 49
23, 140, 52
25, 150, 46
29, 160, 48
['yes']
['yes' 'yes' 'no' 'no' 'no' 'no' 'no' 'no' 'no' 'no' 'no' 'no' 'no' 'no'
 'no' 'no' 'no' 'no' 'no']
31, 160, 48
31, 170, 58
34, 180, 47
35, 190, 48
35, 200, 48
35, 210, 48
['yes']
['no' 'no' 'no' 'no' 'no' 'no' 'no' 'no' 'no' 'no' 'no' 'no' 'yes' 'no'
 'no' 'no' 'no' 'no' 'no']
36, 210, 48
36, 220, 49
36, 230, 47
36, 240, 47
36, 250, 45
36, 260, 45
['yes']
['no' 'no' 'no' 'no' 'no' 'no' 'no' 'no' 'no' 'no' 'no' 'no' 'no' 'no'
 'no' 'no' 'no' 'no' 'no']
37, 260, 45
38, 270, 48
39, 280, 48
39, 290, 51
39, 300, 49
39, 310, 48
['yes']
['no' 'no' 'no' 'no' 'no' 'no' 'no' 'no' 'no' 'no' 'no' 'no' 'no' 'no'
 'no' 'no' 'no' 'no' 'no']
39, 310, 48
40, 320, 47
40, 330, 48
40, 340, 49
40, 350, 48
40, 360, 46
['yes']
['no' 'yes' 'no' 'no' 'no' 'no' 'no' 'no' 'no' 'no' 'no' 'no' 'no' 'no'
 'no' 'no' 'no' 'no' 'no']
40, 360, 46
40, 370, 47
40, 380, 46
40, 390, 46
40, 400, 46
40, 410, 46
['yes']
['no' 'no' 'no' 'no' 'no' 'no' 'no' 'no' 'no' 'no' 'no' 'no' 'no' 'no'
 'no' 'no' 'no' 'no' 'no']
40, 410, 46
40, 420, 46
40, 430, 44
40, 440, 46
40, 450, 45
40, 460, 46
['yes']
['no' 'no' 'no' 'no' 'no' 'no' 'no' 'no' 'no' 'no' 'no' 'no' 'no' 'no'
 'no' 'no' 'no' 'no' 'no']
40, 460, 46
40, 470, 46
41, 480, 45
41, 490, 45
41, 500, 45
41, 510, 45
['yes']
['no' 'no' 'no' 'no' 'no' 'no' 'no' 'no' 'no' 'no' 'no' 'no' 'no' 'no'
 'no' 'no' 'no' 'no' 'no']
40, 510, 45
40, 520, 44
40, 530, 44
40, 540, 44
40, 550, 45
40, 560, 43
['yes']
['no' 'no' 'no' 'no' 'no' 'no' 'no' 'no' 'no' 'no' 'no' 'no' 'no' 'no'
 'no' 'no' 'no' 'no' 'no']
40, 560, 43
40, 570, 44
40, 580, 43
40, 590, 45
40, 600, 43
40, 610, 44
['yes']
['no' 'no' 'no' 'no' 'no' 'no' 'no' 'no' 'no' 'no' 'no' 'no' 'no' 'no'
 'no' 'no' 'no' 'no' 'no']
40, 610, 44
40, 620, 43
40, 630, 43
40, 640, 43
40, 650, 43
40, 660, 43
['yes']
['no' 'no' 'no' 'no' 'no' 'no' 'no' 'no' 'no' 'no' 'no' 'no' 'no' 'no'
 'no' 'no' 'no' 'no' 'no']
40, 660, 43
40, 670, 43
40, 680, 43
40, 690, 43
42, 700, 43
{'count': 962, 'truepos': 40, 'falseneg': 5, 'correction': 6, 'unknownyes': 3, 'falsepos': 2, 'unique': 700}
17: Danijel.csv: knee: 0, 0
2, 10
2, 20
2, 30
3, 40
4, 50
6, 60
9, 70
13, 80
14, 90
15, 100
15, 110
15, 120
16, 130
17, 140
18, 150
19, 160
19, 170
20, 180
21, 190
21, 200
21, 210
22, 220
22, 230
22, 240
22, 250
22, 260
22, 270
23, 280
23, 290
23, 300
23, 310
23, 320
24, 330
25, 340
25, 350
26, 360
26, 370
26, 380
26, 390
26, 400
26, 410
26, 420
26, 430
26, 440
26, 450
26, 460
26, 470
26, 480
26, 490
26, 500
26, 510
26, 520
26, 530
26, 540
26, 550
26, 560
26, 570
26, 580
26, 590
26, 600
26, 610
26, 620
26, 630
26, 640
26, 650
26, 660
27, 670
27, 680
28, 690
28, 700
28, 710
28, 720
28, 730
28, 740
28, 750
28, 760
28, 770
28, 780
28, 790
28, 800
28, 810
28, 820
28, 830
28, 840
28, 850
29, 860
30, 870
{'count': 1050, 'truepos': 39, 'falseneg': 7, 'correction': 11, 'unknownyes': 2, 'falsepos': 1, 'unique': 870}
17: K_all3.csv: none: 0, 0
1, 10
1, 20, 93
2, 30, 61
2, 40, 48
2, 50, 50
2, 60, 45
2, 70, 43
2, 80, 42
2, 90, 42
2, 100, 41
2, 110, 40
3, 120, 40
4, 130, 41
4, 140, 43
5, 150, 42
6, 160, 44
8, 170, 43
9, 180, 41
12, 190, 40
13, 200, 42
13, 210, 43
14, 220, 41
16, 230, 41
19, 240, 42
19, 250, 45
19, 260, 43
19, 270, 42
21, 280, 42
21, 290, 43
23, 300, 42
23, 310, 44
24, 320, 43
24, 330, 43
25, 340, 43
25, 350, 43
25, 360, 43
25, 370, 42
25, 380, 42
25, 390, 42
25, 400, 42
25, 410, 42
25, 420, 41
25, 430, 41
25, 440, 41
25, 450, 41
25, 460, 41
25, 470, 41
25, 480, 41
26, 490, 41
27, 500, 42
27, 510, 42
27, 520, 42
29, 530, 42
29, 540, 44
29, 550, 43
29, 560, 43
29, 570, 43
29, 580, 43
29, 590, 43
29, 600, 43
29, 610, 42
29, 620, 42
29, 630, 42
30, 640, 42
30, 650, 34
30, 660, 33
30, 670, 33
31, 680, 32
31, 690, 34
31, 700, 33
32, 710, 33
32, 720, 34
32, 730, 34
32, 740, 34
32, 750, 34
32, 760, 34
{'count': 760, 'truepos': 28, 'falseneg': 15, 'correction': 0, 'unknownyes': 2, 'falsepos': 4, 'unique': 760}
17: K_all3.csv: three: 0, 0
1, 10
1, 20, 93
1, 30, 62
1, 40, 51
1, 50, 48
1, 60, 46
1, 70, 44
1, 80, 43
1, 90, 42
1, 100, 42
1, 110, 41
1, 120, 41
1, 130, 40
1, 140, 40
1, 150, 39
1, 160, 39
1, 170, 39
1, 180, 39
1, 190, 38
1, 200, 38
1, 210, 38
2, 220, 38
2, 230, 39
2, 240, 38
2, 250, 38
2, 260, 38
3, 270, 37
5, 280, 38
6, 290, 40
7, 300, 39
8, 310, 37
9, 320, 37
9, 330, 37
11, 340, 36
11, 350, 37
12, 360, 36
14, 370, 36
15, 380, 37
15, 390, 37
15, 400, 37
16, 410, 36
16, 420, 37
16, 430, 37
16, 440, 37
16, 450, 36
17, 460, 36
20, 470, 37
20, 480, 40
20, 490, 40
20, 500, 39
20, 510, 39
21, 520, 39
21, 530, 39
21, 540, 39
21, 550, 39
21, 560, 39
21, 570, 39
21, 580, 38
21, 590, 38
22, 600, 38
22, 610, 39
22, 620, 38
22, 630, 38
22, 640, 38
22, 650, 38
22, 660, 38
22, 670, 38
22, 680, 38
22, 690, 38
22, 700, 37
24, 710, 37
24, 720, 39
24, 730, 38
25, 740, 38
25, 750, 39
25, 760, 38
25, 770, 38
25, 780, 38
25, 790, 38
25, 800, 38
26, 810, 38
26, 820, 39
26, 830, 38
26, 840, 38
28, 850, 38
28, 860, 40
28, 870, 39
28, 880, 39
28, 890, 39
28, 900, 39
28, 910, 39
28, 920, 39
28, 930, 38
28, 940, 38
28, 950, 38
28, 960, 38
28, 970, 38
28, 980, 38
28, 990, 38
28, 1000, 37
28, 1010, 37
28, 1020, 37
28, 1030, 37
28, 1040, 37
28, 1050, 37
28, 1060, 37
28, 1070, 36
28, 1080, 36
28, 1090, 36
28, 1100, 36
28, 1110, 36
28, 1120, 36
28, 1130, 36
28, 1140, 35
28, 1150, 35
28, 1160, 35
28, 1170, 35
28, 1180, 35
28, 1190, 35
28, 1200, 35
28, 1210, 34
28, 1220, 34
28, 1230, 34
28, 1240, 34
28, 1250, 34
28, 1260, 34
28, 1270, 34
28, 1280, 33
28, 1290, 33
28, 1300, 33
28, 1310, 33
28, 1320, 33
28, 1330, 33
28, 1340, 33
28, 1350, 32
28, 1360, 32
28, 1370, 32
28, 1380, 32
28, 1390, 32
28, 1400, 32
28, 1410, 32
29, 1420, 31
29, 1430, 32
29, 1440, 32
29, 1450, 32
29, 1460, 32
29, 1470, 32
29, 1480, 31
29, 1490, 31
29, 1500, 31
29, 1510, 31
29, 1520, 31
29, 1530, 31
29, 1540, 31
29, 1550, 30
29, 1560, 30
29, 1570, 30
29, 1580, 30
29, 1590, 30
29, 1600, 30
29, 1610, 30
29, 1620, 30
29, 1630, 29
29, 1640, 29
29, 1650, 29
29, 1660, 29
29, 1670, 29
29, 1680, 29
29, 1690, 29
29, 1700, 29
29, 1704, 29
{'count': 3451, 'truepos': 29, 'falseneg': 16, 'correction': 40, 'unknownyes': 0, 'falsepos': 0, 'unique': 1704}
17: K_all3.csv: machine: 0, 0
0, 10
2, 20
2, 30, 69
3, 40, 61
3, 50, 51
3, 60, 47
4, 70, 49
['yes']
['no' 'no' 'yes' 'yes' 'no' 'no' 'no' 'no' 'no' 'no' 'no' 'no' 'no' 'no'
 'no' 'no' 'no' 'yes' 'no']
6, 70, 49
8, 80, 48
8, 90, 48
8, 100, 43
9, 110, 42
9, 120, 42
['yes']
['no' 'no' 'no' 'no' 'yes' 'no' 'yes' 'no' 'no' 'no' 'no' 'no' 'no' 'no'
 'no' 'no' 'no' 'no' 'no']
11, 120, 42
14, 130, 43
16, 140, 44
16, 150, 43
17, 160, 42
19, 170, 41
['yes']
['yes' 'no' 'no' 'no' 'no' 'no' 'yes' 'no' 'yes' 'no' 'no' 'no' 'no' 'no'
 'no' 'no' 'no' 'no' 'no']
22, 170, 41
22, 180, 46
22, 190, 44
24, 200, 42
25, 210, 44
26, 220, 43
['yes']
['no' 'no' 'no' 'no' 'no' 'no' 'no' 'no' 'no' 'no' 'no' 'no' 'no' 'no'
 'no' 'no' 'no' 'no' 'no']
26, 220, 43
27, 230, 44
28, 240, 44
29, 250, 43
30, 260, 44
30, 270, 37
['yes']
['no' 'no' 'no' 'no' 'no' 'no' 'no' 'no' 'no' 'no' 'no' 'no' 'no' 'no'
 'no' 'no' 'no' 'no' 'no']
30, 270, 37
31, 280, 39
31, 290, 40
31, 300, 37
32, 310, 37
33, 320, 38
['yes']
['no' 'no' 'no' 'no' 'no' 'no' 'no' 'no' 'no' 'no' 'no' 'no' 'no' 'no'
 'no' 'no' 'no' 'no' 'no']
33, 320, 38
33, 330, 42
33, 340, 39
33, 350, 39
33, 360, 37
33, 370, 37
['yes']
['no' 'no' 'no' 'no' 'no' 'no' 'no' 'no' 'no' 'yes' 'no' 'no' 'no' 'no'
 'no' 'no' 'no' 'no' 'no']
34, 370, 37
35, 380, 38
35, 390, 40
35, 400, 40
35, 410, 39
35, 420, 39
['yes']
['no' 'no' 'no' 'no' 'no' 'no' 'no' 'no' 'no' 'no' 'no' 'no' 'no' 'no'
 'no' 'no' 'no' 'no' 'no']
35, 420, 39
35, 430, 38
35, 440, 38
35, 450, 38
35, 460, 37
36, 470, 37
['yes']
['no' 'no' 'no' 'no' 'no' 'no' 'no' 'no' 'no' 'no' 'no' 'no' 'no' 'no'
 'no' 'no' 'no' 'no' 'no']
36, 470, 37
36, 480, 39
36, 490, 38
37, 500, 38
37, 510, 39
37, 520, 39
['no']
['no' 'no' 'no' 'no' 'no' 'no' 'no' 'no' 'no' 'no' 'no' 'no' 'no' 'no'
 'no' 'no' 'no' 'no' 'no']
36, 520, 39
37, 530, 38
38, 540, 39
{'count': 743, 'truepos': 35, 'falseneg': 6, 'correction': 11, 'unknownyes': 4, 'falsepos': 3, 'unique': 540}
17: K_all3.csv: knee: 0, 0
1, 10
1, 20
1, 30
1, 40
1, 50
1, 60
1, 70
1, 80
2, 90
3, 100
3, 110
3, 120
4, 130
5, 140
7, 150
8, 160
11, 170
11, 180
13, 190
14, 200
16, 210
17, 220
18, 230
19, 240
20, 250
20, 260
20, 270
21, 280
21, 290
21, 300
21, 310
21, 320
21, 330
21, 340
22, 350
22, 360
22, 370
22, 380
22, 390
22, 400
22, 410
22, 420
22, 430
22, 440
22, 450
22, 460
22, 470
22, 480
22, 490
22, 500
22, 510
22, 520
22, 530
22, 540
22, 550
22, 560
22, 570
22, 580
23, 590
24, 600
26, 610
26, 620
26, 630
26, 640
26, 650
26, 660
26, 670
26, 680
27, 690
27, 700
27, 710
27, 720
27, 730
27, 740
27, 750
27, 760
27, 770
27, 780
27, 790
27, 800
27, 810
27, 820
27, 830
27, 840
27, 850
28, 860
28, 870
28, 880
28, 890
28, 900
28, 910
28, 920
28, 930
28, 940
28, 950
28, 960
28, 970
28, 980
28, 990
28, 1000
28, 1010
28, 1020
28, 1030
28, 1040
28, 1050
28, 1060
28, 1070
28, 1080
28, 1090
28, 1100
29, 1110
29, 1120
29, 1130
29, 1140
29, 1150
29, 1160
29, 1170
29, 1180
29, 1190
29, 1200
29, 1210
29, 1220
29, 1230
29, 1240
29, 1250
29, 1260
29, 1270
29, 1280
29, 1290
29, 1300
29, 1310
29, 1320
30, 1330
{'count': 1602, 'truepos': 36, 'falseneg': 8, 'correction': 14, 'unknownyes': 1, 'falsepos': 3, 'unique': 1330}

------------------------------------------------------------
Sender: LSF System <lsfadmin@n2b3-5>
Subject: Job 759534: </share/tjmenzie/zyu9/miniconda2/bin/python2.7 runner.py error_hpcc 17> in cluster <henry2> Done

Job </share/tjmenzie/zyu9/miniconda2/bin/python2.7 runner.py error_hpcc 17> was submitted from host <login01.hpc.ncsu.edu> by user <zyu9> in cluster <henry2> at Sat Feb 24 16:17:36 2018.
Job was executed on host(s) <2*n2b3-5>, in queue <single_chassis>, as user <zyu9> in cluster <henry2> at Sat Feb 24 16:17:42 2018.
</home/zyu9> was used as the home directory.
</home/zyu9/projects/MAR_HPC/Error/src> was used as the working directory.
Started at Sat Feb 24 16:17:42 2018.
Terminated at Sat Feb 24 17:44:25 2018.
Results reported at Sat Feb 24 17:44:25 2018.

Your job looked like:

------------------------------------------------------------
# LSBATCH: User input
/share/tjmenzie/zyu9/miniconda2/bin/python2.7 runner.py error_hpcc 17
------------------------------------------------------------

Successfully completed.

Resource usage summary:

    CPU time :                                   6400.08 sec.
    Max Memory :                                 287.41 MB
    Average Memory :                             233.33 MB
    Total Requested Memory :                     -
    Delta Memory :                               -
    Max Swap :                                   1332 MB
    Max Processes :                              3
    Max Threads :                                8
    Run time :                                   5215 sec.
    Turnaround time :                            5209 sec.

The output (if any) is above this job summary.



PS: The stderr output (if any) follows:



PS:

Fail to open stderr file ./err/17.err.759534: No such file or directory.
The stderr output is included in this report.

