17: Hall.csv: none: 0, 0
6, 10
9, 20, 108
9, 30, 115
12, 40, 109
15, 50, 108
16, 60, 114
19, 70, 114
20, 80, 119
25, 90, 73
30, 100, 75
33, 110, 77
37, 120, 77
38, 130, 76
40, 140, 69
43, 150, 68
44, 160, 75
46, 170, 70
48, 180, 67
51, 190, 74
52, 200, 76
53, 210, 73
53, 220, 75
54, 230, 71
56, 240, 72
57, 250, 71
60, 260, 74
64, 270, 73
65, 280, 78
67, 290, 80
67, 300, 82
67, 310, 85
68, 320, 84
69, 330, 82
69, 340, 84
69, 350, 82
69, 360, 83
69, 370, 81
70, 380, 82
70, 390, 84
70, 400, 83
70, 410, 82
70, 420, 80
70, 430, 80
70, 440, 81
70, 450, 84
70, 460, 80
70, 470, 80
71, 480, 80
71, 490, 81
71, 500, 82
71, 510, 84
72, 520, 79
72, 530, 81
73, 540, 79
73, 550, 82
73, 560, 82
73, 570, 82
74, 580, 79
74, 590, 83
74, 600, 81
74, 610, 81
74, 620, 82
74, 630, 82
74, 640, 80
74, 650, 81
74, 660, 81
74, 670, 81
74, 680, 80
74, 690, 80
75, 700, 80
76, 710, 81
76, 720, 83
76, 730, 81
76, 740, 82
76, 750, 82
76, 760, 81
76, 770, 81
76, 780, 82
77, 790, 81
77, 800, 83
77, 810, 83
77, 820, 83
77, 830, 83
77, 840, 83
77, 850, 82
77, 860, 84
77, 870, 82
77, 880, 82
{'count': 880, 'truepos': 70, 'falseneg': 33, 'correction': 0, 'unknownyes': 2, 'falsepos': 7, 'unique': 880}
17: Hall.csv: three: 0, 0
8, 10
10, 20, 121
11, 30, 121
14, 40, 113
15, 50, 114
19, 60, 107
23, 70, 115
28, 80, 79
32, 90, 88
35, 100, 85
37, 110, 84
45, 120, 76
46, 130, 96
48, 140, 89
50, 150, 89
53, 160, 88
55, 170, 89
60, 180, 81
63, 190, 83
67, 200, 83
70, 210, 89
74, 220, 89
76, 230, 94
78, 240, 97
79, 250, 97
80, 260, 93
83, 270, 97
83, 280, 100
84, 290, 100
85, 300, 100
86, 310, 100
88, 320, 106
89, 330, 102
89, 340, 104
89, 350, 104
89, 360, 105
89, 370, 99
89, 380, 103
89, 390, 100
89, 400, 97
89, 410, 99
89, 420, 100
89, 430, 98
89, 440, 99
89, 450, 98
89, 460, 97
89, 470, 97
89, 480, 96
89, 490, 96
89, 500, 95
89, 510, 94
89, 520, 96
89, 530, 96
89, 540, 95
89, 550, 95
89, 560, 95
89, 570, 94
89, 580, 94
89, 590, 94
{'count': 1235, 'truepos': 89, 'falseneg': 13, 'correction': 48, 'unknownyes': 3, 'falsepos': 0, 'unique': 590}
17: Hall.csv: machine: 0, 0
5, 10
8, 20, 103
10, 30, 101
12, 40, 108
19, 50, 113
22, 60, 134
26, 60, 134
30, 70, 99
35, 80, 96
38, 90, 98
41, 100, 103
44, 110, 92
54, 110, 92
57, 120, 104
59, 130, 94
63, 140, 92
64, 150, 98
67, 160, 84
73, 160, 84
73, 170, 107
75, 180, 98
75, 190, 106
77, 200, 95
79, 210, 95
81, 210, 95
82, 220, 94
83, 230, 94
85, 240, 94
85, 250, 97
85, 260, 97
87, 260, 97
87, 270, 97
88, 280, 96
88, 290, 97
88, 300, 97
89, 310, 98
89, 310, 98
89, 320, 96
90, 330, 98
90, 340, 98
91, 350, 97
91, 360, 96
94, 360, 96
94, 370, 102
94, 380, 100
94, 390, 101
94, 400, 100
95, 410, 101
96, 410, 101
96, 420, 102
96, 430, 103
{'count': 638, 'truepos': 93, 'falseneg': 9, 'correction': 26, 'unknownyes': 3, 'falsepos': 3, 'unique': 430}
17: Hall.csv: knee: 0, 0
4, 10
6, 20
9, 30
10, 40
14, 50
17, 60
18, 70
20, 80
24, 90
28, 100
32, 110
36, 120
36, 130
39, 140
42, 150
44, 160
47, 170
48, 180
49, 190
51, 200
52, 210
54, 220
55, 230
56, 240
57, 250
57, 260
62, 270
62, 280
63, 290
65, 300
65, 310
65, 320
65, 330
65, 340
65, 350
65, 360
66, 370
66, 380
67, 390
67, 400
67, 410
68, 420
68, 430
68, 440
68, 450
68, 460
{'count': 674, 'truepos': 84, 'falseneg': 17, 'correction': 19, 'unknownyes': 4, 'falsepos': 1, 'unique': 460}
17: Wahono.csv: none: 0, 0
5, 10
5, 20, 103
6, 30, 92
6, 40, 87
8, 50, 47
10, 60, 45
12, 70, 47
12, 80, 46
12, 90, 44
13, 100, 41
15, 110, 43
17, 120, 47
19, 130, 49
19, 140, 52
19, 150, 48
20, 160, 45
21, 170, 37
22, 180, 40
22, 190, 39
22, 200, 40
23, 210, 39
25, 220, 38
25, 230, 46
26, 240, 44
26, 250, 45
26, 260, 47
26, 270, 43
26, 280, 42
27, 290, 42
27, 300, 42
28, 310, 42
29, 320, 42
29, 330, 45
29, 340, 44
30, 350, 41
30, 360, 43
30, 370, 43
30, 380, 46
30, 390, 42
31, 400, 41
31, 410, 42
32, 420, 41
32, 430, 42
32, 440, 43
32, 450, 44
33, 460, 42
33, 470, 43
34, 480, 42
34, 490, 46
34, 500, 45
34, 510, 44
34, 520, 44
34, 530, 45
34, 540, 42
34, 550, 43
34, 560, 45
34, 570, 41
34, 580, 44
34, 590, 41
35, 600, 42
35, 610, 42
35, 620, 45
35, 630, 43
35, 640, 43
36, 650, 42
36, 660, 43
38, 670, 43
40, 680, 46
40, 690, 48
41, 700, 48
41, 710, 49
41, 720, 49
41, 730, 49
42, 740, 49
42, 750, 50
42, 760, 50
42, 770, 49
42, 780, 49
42, 790, 48
42, 800, 50
42, 810, 49
42, 820, 48
42, 830, 48
42, 840, 49
42, 850, 49
42, 860, 48
42, 870, 49
42, 880, 49
42, 890, 48
42, 900, 48
42, 910, 50
42, 920, 48
42, 930, 47
42, 940, 48
42, 950, 48
42, 960, 47
42, 970, 48
42, 980, 48
42, 990, 48
42, 1000, 47
42, 1010, 48
42, 1020, 47
42, 1030, 47
42, 1040, 47
42, 1050, 47
42, 1060, 47
42, 1070, 48
42, 1080, 46
42, 1090, 46
42, 1100, 47
42, 1110, 46
42, 1120, 46
42, 1130, 47
43, 1140, 46
43, 1150, 49
43, 1160, 47
43, 1170, 48
43, 1180, 48
43, 1190, 49
43, 1200, 48
43, 1210, 47
43, 1220, 48
43, 1230, 47
43, 1240, 48
43, 1250, 47
43, 1260, 47
43, 1270, 47
43, 1280, 47
43, 1290, 47
43, 1300, 47
43, 1310, 47
43, 1320, 47
43, 1330, 47
43, 1340, 46
43, 1350, 47
43, 1360, 47
43, 1370, 47
43, 1380, 47
43, 1390, 47
43, 1400, 46
44, 1410, 47
44, 1420, 48
44, 1430, 47
44, 1440, 48
44, 1450, 48
44, 1460, 48
44, 1470, 47
45, 1480, 47
45, 1490, 48
45, 1500, 48
45, 1510, 48
45, 1520, 49
45, 1530, 48
45, 1540, 48
45, 1550, 48
45, 1560, 48
45, 1570, 48
{'count': 1570, 'truepos': 41, 'falseneg': 20, 'correction': 0, 'unknownyes': 1, 'falsepos': 4, 'unique': 1570}
17: Wahono.csv: three: 0, 0
3, 10
5, 20, 94
5, 30, 93
9, 40, 74
12, 50, 76
13, 60, 71
13, 70, 66
15, 80, 50
15, 90, 53
15, 100, 48
16, 110, 44
18, 120, 43
18, 130, 48
20, 140, 45
21, 150, 37
22, 160, 36
24, 170, 37
26, 180, 46
28, 190, 48
31, 200, 51
33, 210, 55
34, 220, 59
34, 230, 59
34, 240, 61
34, 250, 53
34, 260, 61
34, 270, 56
34, 280, 52
34, 290, 54
36, 300, 48
38, 310, 50
38, 320, 59
38, 330, 59
38, 340, 51
39, 350, 53
39, 360, 54
39, 370, 59
40, 380, 55
40, 390, 58
41, 400, 54
41, 410, 55
41, 420, 56
41, 430, 57
41, 440, 53
41, 450, 55
41, 460, 52
41, 470, 51
41, 480, 52
41, 490, 54
41, 500, 52
41, 510, 53
41, 520, 54
41, 530, 52
41, 540, 51
41, 550, 51
41, 560, 52
41, 570, 49
41, 580, 50
41, 590, 51
41, 600, 50
41, 610, 50
41, 620, 50
41, 630, 47
42, 640, 48
42, 650, 48
42, 660, 50
42, 670, 52
42, 680, 49
42, 690, 49
43, 700, 50
43, 710, 50
44, 720, 51
44, 730, 51
44, 740, 51
44, 750, 52
44, 760, 51
44, 770, 51
44, 780, 50
44, 790, 50
44, 800, 51
44, 810, 51
44, 820, 50
44, 830, 51
44, 840, 50
44, 850, 50
44, 860, 50
44, 870, 50
44, 880, 49
44, 890, 50
44, 900, 49
44, 910, 49
44, 920, 49
44, 930, 49
45, 940, 49
45, 950, 50
45, 960, 50
45, 970, 50
45, 980, 50
45, 990, 50
45, 1000, 50
45, 1010, 50
45, 1020, 49
45, 1030, 50
45, 1040, 50
45, 1050, 51
45, 1060, 49
45, 1070, 49
45, 1080, 49
45, 1090, 50
45, 1100, 49
45, 1110, 49
45, 1120, 49
45, 1130, 49
45, 1140, 49
45, 1150, 49
45, 1160, 49
45, 1170, 49
45, 1180, 49
45, 1190, 49
45, 1200, 48
45, 1210, 48
45, 1220, 48
45, 1230, 48
45, 1240, 48
45, 1250, 48
45, 1260, 49
45, 1270, 49
45, 1280, 49
45, 1290, 48
45, 1300, 48
45, 1310, 48
45, 1320, 48
45, 1330, 48
45, 1340, 48
45, 1350, 48
45, 1360, 48
45, 1370, 48
45, 1380, 48
45, 1390, 48
45, 1400, 48
{'count': 2829, 'truepos': 45, 'falseneg': 14, 'correction': 25, 'unknownyes': 3, 'falsepos': 0, 'unique': 1400}
17: Wahono.csv: machine: 0, 0
3, 10
3, 20, 97
5, 30, 70
6, 40, 55
9, 50, 54
9, 60, 52
9, 70, 44
9, 80, 42
11, 90, 41
13, 100, 44
13, 110, 46
13, 120, 43
14, 130, 43
16, 140, 43
18, 150, 46
20, 160, 48
23, 170, 40
24, 180, 48
30, 180, 48
31, 190, 56
31, 200, 56
33, 210, 53
34, 220, 54
35, 230, 54
35, 230, 54
36, 240, 54
37, 250, 59
38, 260, 60
38, 270, 60
38, 280, 56
39, 280, 56
40, 290, 60
40, 300, 64
40, 310, 57
41, 320, 58
41, 330, 58
45, 330, 58
45, 340, 74
45, 350, 77
46, 360, 58
47, 370, 61
47, 380, 65
48, 380, 65
48, 390, 69
48, 400, 63
48, 410, 65
48, 420, 66
48, 430, 60
49, 430, 60
49, 440, 60
49, 450, 59
49, 460, 61
49, 470, 61
49, 480, 60
49, 480, 60
49, 490, 63
49, 500, 61
49, 510, 60
49, 520, 60
49, 530, 60
49, 530, 60
49, 540, 58
49, 550, 57
49, 560, 57
49, 570, 57
49, 580, 58
49, 580, 58
49, 590, 59
49, 600, 58
50, 610, 56
50, 620, 58
50, 630, 58
50, 630, 58
50, 640, 58
50, 650, 57
50, 660, 56
50, 670, 58
50, 680, 58
50, 680, 58
50, 690, 55
50, 700, 56
50, 710, 56
50, 720, 56
50, 730, 56
50, 730, 56
50, 740, 55
50, 750, 55
50, 760, 56
50, 770, 56
51, 780, 55
53, 780, 55
53, 790, 60
54, 800, 60
54, 810, 61
54, 820, 60
54, 830, 59
55, 830, 59
55, 840, 62
55, 850, 60
55, 860, 61
55, 870, 61
55, 880, 60
55, 880, 60
55, 890, 61
55, 900, 61
56, 910, 59
56, 920, 61
57, 930, 62
57, 930, 62
58, 940, 61
58, 950, 62
58, 960, 63
59, 970, 62
60, 980, 65
60, 980, 65
60, 990, 66
60, 1000, 66
60, 1010, 65
60, 1020, 65
60, 1030, 66
60, 1030, 66
60, 1040, 65
60, 1050, 66
60, 1060, 66
60, 1070, 65
60, 1080, 65
60, 1090, 64
60, 1100, 65
60, 1110, 65
60, 1120, 64
60, 1130, 64
61, 1140, 64
{'count': 1836, 'truepos': 54, 'falseneg': 5, 'correction': 12, 'unknownyes': 3, 'falsepos': 7, 'unique': 1140}
17: Wahono.csv: knee: 0, 0
3, 10
4, 20
5, 30
7, 40
10, 50
12, 60
12, 70
13, 80
13, 90
14, 100
14, 110
14, 120
14, 130
15, 140
16, 150
16, 160
16, 170
16, 180
16, 190
16, 200
17, 210
18, 220
20, 230
22, 240
24, 250
24, 260
26, 270
26, 280
26, 290
26, 300
26, 310
27, 320
27, 330
27, 340
27, 350
28, 360
28, 370
29, 380
29, 390
30, 400
30, 410
30, 420
30, 430
31, 440
31, 450
31, 460
32, 470
32, 480
32, 490
32, 500
32, 510
32, 520
32, 530
32, 540
32, 550
33, 560
33, 570
34, 580
34, 590
34, 600
34, 610
34, 620
35, 630
35, 640
35, 650
35, 660
35, 670
35, 680
35, 690
35, 700
35, 710
35, 720
35, 730
35, 740
35, 750
35, 760
35, 770
35, 780
35, 790
35, 800
35, 810
35, 820
35, 830
35, 840
35, 850
35, 860
35, 870
35, 880
35, 890
35, 900
{'count': 1153, 'truepos': 43, 'falseneg': 14, 'correction': 8, 'unknownyes': 5, 'falsepos': 1, 'unique': 900}
17: Danijel.csv: none: 0, 0
4, 10
4, 20, 125
7, 30, 92
9, 40, 92
10, 50, 90
12, 60, 84
14, 70, 69
14, 80, 65
15, 90, 58
16, 100, 53
18, 110, 47
20, 120, 46
23, 130, 40
25, 140, 41
25, 150, 42
25, 160, 41
25, 170, 40
26, 180, 40
26, 190, 40
28, 200, 37
28, 210, 41
29, 220, 42
29, 230, 40
29, 240, 41
29, 250, 40
30, 260, 40
30, 270, 41
30, 280, 40
31, 290, 40
31, 300, 41
31, 310, 43
32, 320, 40
32, 330, 41
33, 340, 40
33, 350, 42
33, 360, 42
33, 370, 42
33, 380, 40
33, 390, 41
33, 400, 41
33, 410, 41
33, 420, 39
33, 430, 40
33, 440, 39
33, 450, 39
33, 460, 40
33, 470, 38
33, 480, 38
33, 490, 38
33, 500, 37
33, 510, 39
33, 520, 38
33, 530, 38
33, 540, 38
33, 550, 39
33, 560, 38
33, 570, 37
33, 580, 38
34, 590, 37
34, 600, 37
34, 610, 38
34, 620, 39
34, 630, 37
34, 640, 40
34, 650, 37
34, 660, 38
34, 670, 37
34, 680, 37
34, 690, 37
34, 700, 38
34, 710, 37
34, 720, 37
34, 730, 37
34, 740, 36
34, 750, 37
35, 760, 37
35, 770, 38
35, 780, 37
35, 790, 38
35, 800, 38
35, 810, 37
35, 820, 37
35, 830, 37
35, 840, 37
35, 850, 38
35, 860, 37
35, 870, 37
35, 880, 37
35, 890, 38
35, 900, 38
35, 910, 37
35, 920, 38
35, 930, 38
35, 940, 38
35, 950, 37
36, 960, 37
36, 970, 39
36, 980, 38
36, 990, 38
36, 1000, 38
36, 1010, 38
36, 1020, 38
36, 1030, 38
36, 1040, 38
36, 1050, 39
36, 1060, 38
36, 1070, 38
36, 1080, 38
36, 1090, 38
36, 1100, 38
36, 1110, 38
36, 1120, 38
36, 1130, 38
{'count': 1130, 'truepos': 33, 'falseneg': 12, 'correction': 0, 'unknownyes': 3, 'falsepos': 3, 'unique': 1130}
17: Danijel.csv: three: 0, 0
4, 10
5, 20, 123
5, 30, 100
9, 40, 92
11, 50, 105
12, 60, 93
13, 70, 77
13, 80, 68
13, 90, 57
17, 100, 51
19, 110, 60
22, 120, 58
22, 130, 45
24, 140, 39
25, 150, 42
26, 160, 41
28, 170, 41
29, 180, 43
29, 190, 44
30, 200, 44
31, 210, 44
31, 220, 45
32, 230, 45
33, 240, 47
33, 250, 46
33, 260, 46
34, 270, 48
34, 280, 51
34, 290, 44
34, 300, 46
34, 310, 48
34, 320, 45
34, 330, 46
35, 340, 42
35, 350, 46
35, 360, 46
35, 370, 45
36, 380, 44
36, 390, 46
36, 400, 45
36, 410, 47
36, 420, 45
36, 430, 43
36, 440, 43
36, 450, 45
36, 460, 43
36, 470, 44
37, 480, 44
37, 490, 45
37, 500, 44
37, 510, 44
37, 520, 45
37, 530, 43
37, 540, 44
37, 550, 42
37, 560, 43
37, 570, 43
37, 580, 44
37, 590, 43
37, 600, 43
37, 610, 42
37, 620, 42
37, 630, 42
37, 640, 42
37, 650, 43
37, 660, 41
37, 670, 41
37, 680, 42
37, 690, 41
37, 700, 41
37, 710, 41
37, 720, 41
37, 730, 41
37, 740, 41
37, 750, 42
37, 760, 41
37, 770, 42
37, 780, 41
37, 790, 41
37, 800, 40
37, 810, 40
37, 820, 41
37, 830, 40
37, 840, 40
38, 850, 41
38, 860, 41
38, 870, 41
{'count': 1758, 'truepos': 38, 'falseneg': 8, 'correction': 15, 'unknownyes': 2, 'falsepos': 0, 'unique': 870}
17: Danijel.csv: machine: 0, 0
3, 10
3, 20, 103
4, 30, 75
6, 40, 54
6, 50, 69
9, 60, 48
15, 70, 52
16, 80, 76
17, 90, 55
18, 100, 53
18, 110, 49
20, 120, 46
22, 120, 46
22, 130, 43
23, 140, 39
23, 150, 40
23, 160, 39
23, 170, 36
26, 170, 36
26, 180, 39
26, 190, 39
26, 200, 38
29, 210, 37
29, 220, 40
30, 220, 40
31, 230, 41
34, 240, 43
34, 250, 46
35, 260, 43
35, 270, 44
37, 270, 44
37, 280, 47
38, 290, 46
38, 300, 46
38, 310, 49
38, 320, 46
39, 320, 46
39, 330, 47
39, 340, 47
39, 350, 46
39, 360, 47
39, 370, 47
39, 370, 47
39, 380, 46
40, 390, 45
40, 400, 47
40, 410, 45
40, 420, 47
41, 420, 47
41, 430, 46
41, 440, 50
41, 450, 51
41, 460, 48
42, 470, 46
42, 470, 46
42, 480, 49
42, 490, 47
42, 500, 47
42, 510, 46
42, 520, 46
42, 520, 46
42, 530, 47
42, 540, 48
42, 550, 48
42, 560, 46
42, 570, 47
43, 570, 47
43, 580, 49
43, 590, 47
43, 600, 48
44, 610, 50
44, 620, 49
44, 620, 49
44, 630, 52
44, 640, 51
44, 650, 52
44, 660, 51
44, 670, 50
44, 670, 50
44, 680, 49
44, 690, 51
44, 700, 48
44, 710, 50
44, 720, 47
45, 720, 47
45, 730, 49
45, 740, 50
45, 750, 51
45, 760, 50
45, 770, 51
46, 770, 51
46, 780, 51
46, 790, 50
46, 800, 50
46, 810, 49
46, 820, 50
46, 820, 50
46, 830, 49
46, 840, 50
46, 850, 49
46, 860, 49
{'count': 1472, 'truepos': 39, 'falseneg': 6, 'correction': 9, 'unknownyes': 3, 'falsepos': 7, 'unique': 860}
17: Danijel.csv: knee: 0, 0
3, 10
4, 20
6, 30
6, 40
7, 50
8, 60
9, 70
13, 80
15, 90
16, 100
18, 110
20, 120
22, 130
22, 140
22, 150
23, 160
24, 170
24, 180
24, 190
24, 200
24, 210
24, 220
24, 230
24, 240
{'count': 350, 'truepos': 26, 'falseneg': 4, 'correction': 4, 'unknownyes': 18, 'falsepos': 2, 'unique': 240}
17: K_all3.csv: none: 0, 0
1, 10
2, 20, 92
2, 30, 58
3, 40, 47
4, 50, 41
5, 60, 37
6, 70, 36
8, 80, 36
8, 90, 39
9, 100, 36
13, 110, 36
15, 120, 41
15, 130, 42
16, 140, 39
18, 150, 39
18, 160, 41
18, 170, 40
19, 180, 39
19, 190, 39
19, 200, 39
19, 210, 38
19, 220, 38
19, 230, 38
19, 240, 38
19, 250, 38
19, 260, 38
20, 270, 38
21, 280, 26
22, 290, 26
24, 300, 28
24, 310, 33
24, 320, 32
25, 330, 30
25, 340, 30
25, 350, 31
25, 360, 30
25, 370, 30
25, 380, 29
25, 390, 29
25, 400, 28
25, 410, 28
26, 420, 28
26, 430, 29
27, 440, 29
27, 450, 30
27, 460, 30
28, 470, 29
28, 480, 31
28, 490, 31
28, 500, 30
28, 510, 30
30, 520, 31
30, 530, 33
30, 540, 32
30, 550, 33
30, 560, 33
30, 570, 32
30, 580, 32
30, 590, 32
30, 600, 32
30, 610, 32
30, 620, 32
30, 630, 32
30, 640, 32
31, 650, 32
31, 660, 33
{'count': 660, 'truepos': 27, 'falseneg': 14, 'correction': 0, 'unknownyes': 4, 'falsepos': 4, 'unique': 660}
17: K_all3.csv: three: 0, 0
2, 10
5, 20, 71
6, 30, 61
11, 40, 55
11, 50, 64
11, 60, 50
12, 70, 42
13, 80, 39
15, 90, 39
16, 100, 40
16, 110, 39
17, 120, 37
18, 130, 38
18, 140, 38
20, 150, 37
20, 160, 31
21, 170, 30
22, 180, 30
23, 190, 32
23, 200, 33
23, 210, 32
23, 220, 31
23, 230, 29
23, 240, 30
23, 250, 30
23, 260, 28
23, 270, 28
24, 280, 27
24, 290, 29
24, 300, 28
24, 310, 28
24, 320, 28
25, 330, 27
26, 340, 28
27, 350, 29
28, 360, 30
29, 370, 30
29, 380, 31
30, 390, 31
33, 400, 32
33, 410, 36
33, 420, 36
34, 430, 36
34, 440, 37
34, 450, 36
34, 460, 36
34, 470, 36
34, 480, 36
34, 490, 36
{'count': 1002, 'truepos': 34, 'falseneg': 6, 'correction': 19, 'unknownyes': 5, 'falsepos': 0, 'unique': 490}
17: K_all3.csv: machine: 0, 0
1, 10
3, 20, 92
4, 30, 55
5, 40, 43
9, 50, 42
12, 60, 55
12, 70, 59
12, 80, 48
13, 90, 43
13, 100, 43
13, 110, 41
14, 120, 40
15, 130, 41
15, 140, 41
15, 150, 40
15, 160, 39
15, 170, 39
15, 180, 39
17, 190, 39
19, 200, 40
21, 210, 42
22, 220, 30
22, 230, 33
22, 240, 31
26, 240, 31
26, 250, 34
27, 260, 32
27, 270, 33
27, 280, 32
28, 290, 32
30, 290, 32
31, 300, 35
33, 310, 35
33, 320, 40
34, 330, 39
35, 340, 38
35, 340, 38
35, 350, 40
35, 360, 39
35, 370, 38
36, 380, 38
36, 390, 39
36, 390, 39
36, 400, 39
36, 410, 39
36, 420, 38
37, 430, 38
37, 440, 39
39, 440, 39
{'count': 682, 'truepos': 33, 'falseneg': 6, 'correction': 6, 'unknownyes': 6, 'falsepos': 6, 'unique': 440}
17: K_all3.csv: knee: 0, 0
2, 10
5, 20
6, 30
10, 40
11, 50
12, 60
13, 70
14, 80
16, 90
17, 100
17, 110
17, 120
17, 130
17, 140
17, 150
17, 160
{'count': 235, 'truepos': 16, 'falseneg': 8, 'correction': 0, 'unknownyes': 21, 'falsepos': 0, 'unique': 160}

------------------------------------------------------------
Sender: LSF System <lsfadmin@n2c3-6>
Subject: Job 625686: </share/tjmenzie/zyu9/miniconda2/bin/python2.7 runner.py error_hpcc 17> in cluster <henry2> Done

Job </share/tjmenzie/zyu9/miniconda2/bin/python2.7 runner.py error_hpcc 17> was submitted from host <login01.hpc.ncsu.edu> by user <zyu9> in cluster <henry2> at Mon Jan 29 21:27:40 2018.
Job was executed on host(s) <2*n2c3-6>, in queue <single_chassis>, as user <zyu9> in cluster <henry2> at Mon Jan 29 21:27:42 2018.
</home/zyu9> was used as the home directory.
</home/zyu9/projects/MAR_HPC/Error/src> was used as the working directory.
Started at Mon Jan 29 21:27:42 2018.
Terminated at Mon Jan 29 22:13:41 2018.
Results reported at Mon Jan 29 22:13:41 2018.

Your job looked like:

------------------------------------------------------------
# LSBATCH: User input
/share/tjmenzie/zyu9/miniconda2/bin/python2.7 runner.py error_hpcc 17
------------------------------------------------------------

Successfully completed.

Resource usage summary:

    CPU time :                                   3685.86 sec.
    Max Memory :                                 284.89 MB
    Average Memory :                             225.61 MB
    Total Requested Memory :                     -
    Delta Memory :                               -
    Max Swap :                                   1312 MB
    Max Processes :                              3
    Max Threads :                                8
    Run time :                                   2773 sec.
    Turnaround time :                            2761 sec.

The output (if any) is above this job summary.



PS:

Read file <./err/17.err.625686> for stderr output of this job.

