18: Hall.csv: none: 0, 0
8, 10
11, 20, 123
11, 30, 140
16, 40, 121
18, 50, 129
21, 60, 133
27, 70, 96
30, 80, 96
35, 90, 90
39, 100, 92
42, 110, 92
44, 120, 98
48, 130, 82
54, 140, 80
58, 150, 103
59, 160, 98
64, 170, 87
69, 180, 89
73, 190, 92
76, 200, 97
82, 210, 99
86, 220, 101
90, 230, 105
92, 240, 107
94, 250, 108
95, 260, 111
96, 270, 109
97, 280, 108
97, 290, 110
99, 300, 109
99, 310, 112
99, 320, 111
100, 330, 109
100, 340, 112
101, 350, 112
101, 360, 111
101, 370, 110
101, 380, 113
101, 390, 108
101, 400, 115
101, 410, 108
101, 420, 108
101, 430, 108
101, 440, 109
101, 450, 108
102, 460, 107
102, 470, 108
102, 480, 110
{'count': 480, 'truepos': 102, 'falseneg': 0, 'correction': 0, 'unknownyes': 2, 'falsepos': 0, 'unique': 480}
18: Hall.csv: three: 0, 0
8, 10
12, 20, 126
14, 30, 131
17, 40, 136
20, 50, 132
25, 60, 95
29, 70, 90
36, 80, 84
41, 90, 91
47, 100, 95
52, 110, 100
56, 120, 99
61, 130, 98
64, 140, 99
70, 150, 95
74, 160, 99
77, 170, 102
81, 180, 107
85, 190, 105
87, 200, 110
88, 210, 114
91, 220, 109
91, 230, 114
93, 240, 110
96, 250, 110
96, 260, 113
96, 270, 120
97, 280, 112
98, 290, 113
99, 300, 109
100, 310, 112
101, 320, 116
101, 330, 118
101, 340, 115
101, 350, 116
101, 360, 111
101, 370, 116
101, 380, 111
101, 390, 113
101, 400, 109
101, 410, 108
101, 420, 111
101, 430, 109
101, 440, 107
101, 450, 107
102, 460, 108
102, 470, 110
102, 480, 108
102, 490, 108
102, 500, 108
{'count': 1000, 'truepos': 102, 'falseneg': 0, 'correction': 0, 'unknownyes': 2, 'falsepos': 0, 'unique': 500}
18: Hall.csv: machine: 0, 0
8, 10
9, 20, 123
15, 30, 120
17, 40, 151
21, 50, 135
25, 60, 99
25, 60, 99
32, 70, 95
36, 80, 104
38, 90, 102
42, 100, 92
46, 110, 96
46, 110, 96
50, 120, 90
52, 130, 100
56, 140, 87
60, 150, 94
63, 160, 95
63, 160, 95
67, 170, 93
72, 180, 94
76, 190, 97
81, 200, 96
84, 210, 101
84, 210, 101
86, 220, 98
87, 230, 100
89, 240, 101
93, 250, 104
95, 260, 112
95, 260, 112
97, 270, 113
98, 280, 114
98, 290, 114
99, 300, 111
99, 310, 110
99, 310, 110
99, 320, 111
99, 330, 110
99, 340, 109
99, 350, 108
99, 360, 109
99, 360, 109
99, 370, 106
99, 380, 106
102, 390, 105
102, 400, 115
102, 410, 109
102, 410, 109
102, 420, 110
102, 430, 109
102, 440, 109
102, 450, 110
102, 460, 109
102, 460, 109
{'count': 625, 'truepos': 102, 'falseneg': 0, 'correction': 0, 'unknownyes': 2, 'falsepos': 0, 'unique': 460}
18: Hall.csv: knee: 0, 0
8, 10
10, 20
13, 30
15, 40
19, 50
20, 60
26, 70
32, 80
37, 90
39, 100
45, 110
50, 120
54, 130
59, 140
63, 150
69, 160
72, 170
72, 180
76, 190
81, 200
82, 210
85, 220
89, 230
93, 240
95, 250
96, 260
96, 270
97, 280
98, 290
99, 300
99, 310
99, 320
99, 330
99, 340
99, 350
{'count': 503, 'truepos': 99, 'falseneg': 0, 'correction': 0, 'unknownyes': 5, 'falsepos': 0, 'unique': 350}
18: Wahono.csv: none: 0, 0
6, 10
6, 20, 100
7, 30, 95
8, 40, 91
14, 50, 60
17, 60, 65
18, 70, 67
20, 80, 56
22, 90, 38
24, 100, 43
25, 110, 49
28, 120, 50
29, 130, 54
30, 140, 58
33, 150, 59
35, 160, 57
36, 170, 61
37, 180, 61
37, 190, 65
37, 200, 65
38, 210, 59
39, 220, 59
40, 230, 58
41, 240, 66
44, 250, 60
44, 260, 64
46, 270, 62
46, 280, 74
47, 290, 64
47, 300, 62
47, 310, 62
47, 320, 62
48, 330, 61
48, 340, 62
48, 350, 67
48, 360, 62
48, 370, 60
48, 380, 60
48, 390, 59
50, 400, 59
50, 410, 65
50, 420, 59
50, 430, 59
50, 440, 60
50, 450, 60
50, 460, 61
50, 470, 59
50, 480, 58
51, 490, 59
51, 500, 61
51, 510, 60
51, 520, 62
51, 530, 59
51, 540, 61
51, 550, 60
52, 560, 58
52, 570, 59
54, 580, 59
56, 590, 62
56, 600, 65
57, 610, 66
57, 620, 66
57, 630, 65
57, 640, 65
57, 650, 66
58, 660, 65
58, 670, 66
58, 680, 66
58, 690, 66
58, 700, 67
58, 710, 65
58, 720, 66
58, 730, 67
58, 740, 65
58, 750, 66
58, 760, 64
58, 770, 65
58, 780, 65
58, 790, 64
58, 800, 64
58, 810, 64
58, 820, 65
58, 830, 65
58, 840, 64
58, 850, 65
59, 860, 63
59, 870, 65
59, 880, 66
59, 890, 65
59, 900, 65
59, 910, 65
59, 920, 66
59, 930, 64
59, 940, 65
59, 950, 64
59, 960, 64
59, 970, 64
59, 980, 63
59, 990, 63
59, 1000, 64
59, 1010, 63
59, 1020, 63
59, 1030, 64
59, 1040, 64
59, 1050, 64
59, 1060, 64
59, 1070, 64
59, 1080, 64
59, 1090, 63
59, 1100, 63
59, 1110, 63
59, 1120, 63
59, 1130, 63
59, 1140, 63
59, 1150, 63
59, 1160, 63
{'count': 1160, 'truepos': 59, 'falseneg': 0, 'correction': 0, 'unknownyes': 3, 'falsepos': 0, 'unique': 1160}
18: Wahono.csv: three: 0, 0
6, 10
7, 20, 101
9, 30, 96
11, 40, 101
12, 50, 98
13, 60, 83
18, 70, 66
20, 80, 75
23, 90, 46
24, 100, 52
26, 110, 52
28, 120, 51
28, 130, 57
31, 140, 53
32, 150, 58
33, 160, 54
34, 170, 59
35, 180, 55
38, 190, 57
38, 200, 65
39, 210, 63
41, 220, 60
42, 230, 63
43, 240, 65
44, 250, 67
44, 260, 64
45, 270, 63
45, 280, 58
45, 290, 64
46, 300, 57
46, 310, 60
46, 320, 60
46, 330, 65
47, 340, 61
47, 350, 63
48, 360, 60
48, 370, 62
49, 380, 59
51, 390, 61
51, 400, 63
51, 410, 62
52, 420, 62
52, 430, 63
52, 440, 64
52, 450, 65
52, 460, 63
52, 470, 62
52, 480, 62
53, 490, 62
53, 500, 64
53, 510, 62
53, 520, 63
54, 530, 60
55, 540, 62
55, 550, 63
55, 560, 66
55, 570, 64
55, 580, 63
56, 590, 63
58, 600, 63
58, 610, 67
58, 620, 68
58, 630, 66
58, 640, 66
58, 650, 67
58, 660, 67
58, 670, 67
58, 680, 66
58, 690, 66
58, 700, 67
58, 710, 65
58, 720, 65
58, 730, 66
58, 740, 65
58, 750, 65
58, 760, 65
58, 770, 66
58, 780, 64
58, 790, 64
58, 800, 64
58, 810, 66
58, 820, 64
58, 830, 67
58, 840, 65
58, 850, 65
58, 860, 66
58, 870, 64
58, 880, 64
58, 890, 64
58, 900, 64
58, 910, 64
58, 920, 63
58, 930, 63
58, 940, 64
58, 950, 63
59, 960, 64
59, 970, 65
59, 980, 64
59, 990, 65
59, 1000, 63
59, 1010, 64
59, 1020, 63
59, 1030, 64
59, 1040, 64
59, 1050, 63
59, 1060, 64
59, 1070, 63
59, 1080, 64
59, 1090, 63
59, 1100, 63
59, 1110, 63
59, 1120, 63
59, 1130, 63
59, 1140, 63
59, 1150, 63
59, 1160, 63
59, 1170, 63
59, 1180, 63
59, 1190, 63
60, 1200, 63
{'count': 2400, 'truepos': 60, 'falseneg': 0, 'correction': 0, 'unknownyes': 2, 'falsepos': 0, 'unique': 1200}
18: Wahono.csv: machine: 0, 0
6, 10
7, 20, 103
8, 30, 97
13, 40, 92
14, 50, 101
14, 60, 90
15, 70, 68
18, 80, 59
20, 90, 55
23, 100, 41
25, 110, 44
27, 120, 50
27, 120, 50
29, 130, 55
31, 140, 58
32, 150, 62
32, 160, 71
33, 170, 62
33, 170, 62
34, 180, 58
36, 190, 56
37, 200, 62
37, 210, 60
38, 220, 59
38, 220, 59
38, 230, 60
39, 240, 57
40, 250, 61
41, 260, 60
42, 270, 60
42, 270, 60
42, 280, 59
44, 290, 58
45, 300, 59
45, 310, 62
45, 320, 60
45, 320, 60
46, 330, 60
46, 340, 62
47, 350, 59
47, 360, 59
47, 370, 64
47, 370, 64
47, 380, 60
48, 390, 60
48, 400, 58
48, 410, 62
48, 420, 61
48, 420, 61
50, 430, 58
50, 440, 60
50, 450, 62
50, 460, 61
50, 470, 60
50, 470, 60
50, 480, 57
51, 490, 58
51, 500, 60
51, 510, 59
51, 520, 59
51, 520, 59
51, 530, 60
51, 540, 60
51, 550, 58
51, 560, 61
51, 570, 61
51, 570, 61
52, 580, 58
52, 590, 58
55, 600, 58
55, 610, 65
56, 620, 64
56, 620, 64
57, 630, 65
58, 640, 65
58, 650, 68
58, 660, 67
58, 670, 66
58, 670, 66
58, 680, 67
58, 690, 67
58, 700, 68
58, 710, 65
58, 720, 66
58, 720, 66
58, 730, 65
58, 740, 66
58, 750, 64
58, 760, 65
58, 770, 66
58, 770, 66
58, 780, 65
58, 790, 66
58, 800, 65
58, 810, 64
58, 820, 65
58, 820, 65
58, 830, 65
58, 840, 64
58, 850, 65
58, 860, 64
58, 870, 64
58, 870, 64
58, 880, 63
58, 890, 64
58, 900, 64
58, 910, 63
58, 920, 63
58, 920, 63
58, 930, 63
58, 940, 63
58, 950, 63
58, 960, 63
58, 970, 63
58, 970, 63
59, 980, 63
59, 990, 64
59, 1000, 64
59, 1010, 64
59, 1020, 64
59, 1020, 64
59, 1030, 64
59, 1040, 64
59, 1050, 63
59, 1060, 63
59, 1070, 64
59, 1070, 64
59, 1080, 63
59, 1090, 63
59, 1100, 64
59, 1110, 63
59, 1120, 63
59, 1120, 63
59, 1130, 63
59, 1140, 63
59, 1150, 63
60, 1160, 63
{'count': 1700, 'truepos': 60, 'falseneg': 0, 'correction': 0, 'unknownyes': 2, 'falsepos': 0, 'unique': 1160}
18: Wahono.csv: knee: 0, 0
6, 10
7, 20
8, 30
12, 40
13, 50
14, 60
16, 70
19, 80
21, 90
24, 100
26, 110
29, 120
31, 130
32, 140
33, 150
36, 160
37, 170
38, 180
38, 190
38, 200
39, 210
39, 220
39, 230
40, 240
40, 250
40, 260
43, 270
45, 280
47, 290
48, 300
49, 310
49, 320
50, 330
50, 340
50, 350
50, 360
51, 370
51, 380
51, 390
51, 400
51, 410
51, 420
51, 430
51, 440
51, 450
51, 460
51, 470
51, 480
52, 490
53, 500
53, 510
54, 520
55, 530
55, 540
55, 550
55, 560
56, 570
56, 580
56, 590
57, 600
57, 610
57, 620
57, 630
57, 640
57, 650
58, 660
58, 670
58, 680
58, 690
{'count': 960, 'truepos': 58, 'falseneg': 0, 'correction': 0, 'unknownyes': 4, 'falsepos': 0, 'unique': 690}
18: Danijel.csv: none: 0, 0
4, 10
4, 20, 119
6, 30, 98
8, 40, 78
8, 50, 68
9, 60, 54
11, 70, 52
13, 80, 52
19, 90, 49
22, 100, 57
24, 110, 44
24, 120, 45
25, 130, 43
25, 140, 44
27, 150, 41
28, 160, 42
28, 170, 43
30, 180, 44
31, 190, 46
33, 200, 44
34, 210, 48
34, 220, 47
34, 230, 46
34, 240, 43
35, 250, 43
36, 260, 45
36, 270, 46
38, 280, 44
38, 290, 49
38, 300, 46
39, 310, 49
40, 320, 52
40, 330, 48
40, 340, 49
41, 350, 48
41, 360, 48
41, 370, 48
41, 380, 48
41, 390, 48
43, 400, 48
43, 410, 51
43, 420, 50
43, 430, 49
43, 440, 49
43, 450, 49
44, 460, 48
44, 470, 52
44, 480, 52
44, 490, 51
44, 500, 49
44, 510, 50
44, 520, 49
44, 530, 50
44, 540, 49
44, 550, 50
44, 560, 49
44, 570, 48
44, 580, 49
44, 590, 48
44, 600, 49
44, 610, 48
44, 620, 48
44, 630, 48
44, 640, 48
44, 650, 47
44, 660, 48
44, 670, 48
44, 680, 48
44, 690, 47
44, 700, 48
44, 710, 47
44, 720, 48
44, 730, 47
45, 740, 47
45, 750, 48
45, 760, 48
45, 770, 48
45, 780, 48
45, 790, 48
{'count': 790, 'truepos': 45, 'falseneg': 0, 'correction': 0, 'unknownyes': 3, 'falsepos': 0, 'unique': 790}
18: Danijel.csv: three: 0, 0
4, 10
4, 20, 127
6, 30, 92
9, 40, 80
11, 50, 77
13, 60, 72
14, 70, 68
16, 80, 61
20, 90, 58
22, 100, 44
27, 110, 42
27, 120, 53
28, 130, 50
28, 140, 46
29, 150, 45
29, 160, 46
29, 170, 41
31, 180, 43
34, 190, 45
35, 200, 47
35, 210, 47
37, 220, 46
37, 230, 51
39, 240, 49
39, 250, 50
39, 260, 48
40, 270, 49
40, 280, 50
41, 290, 49
41, 300, 50
41, 310, 49
41, 320, 50
41, 330, 52
41, 340, 49
41, 350, 49
42, 360, 48
42, 370, 49
42, 380, 48
42, 390, 48
43, 400, 48
43, 410, 52
43, 420, 50
43, 430, 51
43, 440, 50
43, 450, 50
43, 460, 48
44, 470, 48
44, 480, 51
44, 490, 49
44, 500, 48
44, 510, 49
44, 520, 49
45, 530, 49
45, 540, 50
45, 550, 50
45, 560, 51
45, 570, 50
45, 580, 49
45, 590, 50
45, 600, 49
45, 610, 50
45, 620, 50
45, 630, 49
45, 640, 49
45, 650, 48
45, 660, 49
45, 670, 49
45, 680, 48
45, 690, 49
45, 700, 48
45, 710, 48
45, 720, 49
45, 730, 48
45, 740, 49
45, 750, 48
45, 760, 48
45, 770, 48
45, 780, 48
{'count': 1560, 'truepos': 45, 'falseneg': 0, 'correction': 0, 'unknownyes': 3, 'falsepos': 0, 'unique': 780}
18: Danijel.csv: machine: 0, 0
4, 10
6, 20, 115
7, 30, 115
9, 40, 98
10, 50, 99
13, 60, 67
13, 60, 67
15, 70, 69
18, 80, 68
21, 90, 64
24, 100, 45
24, 110, 46
24, 110, 46
25, 120, 42
26, 130, 45
27, 140, 43
29, 150, 43
30, 160, 45
30, 160, 45
32, 170, 45
33, 180, 47
34, 190, 47
34, 200, 46
34, 210, 44
34, 210, 44
34, 220, 45
35, 230, 42
36, 240, 46
36, 250, 46
36, 260, 46
36, 260, 46
37, 270, 44
39, 280, 48
39, 290, 49
39, 300, 47
39, 310, 52
39, 310, 52
40, 320, 47
40, 330, 47
41, 340, 47
41, 350, 48
41, 360, 49
41, 360, 49
41, 370, 49
41, 380, 47
41, 390, 47
42, 400, 47
42, 410, 48
42, 410, 48
42, 420, 49
42, 430, 47
42, 440, 48
42, 450, 49
43, 460, 48
43, 460, 48
43, 470, 49
43, 480, 49
43, 490, 49
43, 500, 48
43, 510, 48
43, 510, 48
44, 520, 49
44, 530, 50
44, 540, 50
44, 550, 49
44, 560, 49
44, 560, 49
44, 570, 48
44, 580, 49
44, 590, 48
44, 600, 48
44, 610, 49
44, 610, 49
45, 620, 48
45, 630, 49
45, 640, 48
45, 650, 49
45, 660, 49
45, 660, 49
45, 670, 48
45, 680, 48
45, 690, 49
45, 700, 48
45, 710, 48
45, 710, 48
{'count': 1146, 'truepos': 45, 'falseneg': 0, 'correction': 0, 'unknownyes': 3, 'falsepos': 0, 'unique': 710}
18: Danijel.csv: knee: 0, 0
4, 10
5, 20
6, 30
8, 40
10, 50
11, 60
14, 70
18, 80
20, 90
24, 100
25, 110
26, 120
28, 130
28, 140
29, 150
32, 160
34, 170
34, 180
35, 190
35, 200
35, 210
35, 220
35, 230
37, 240
38, 250
38, 260
38, 270
38, 280
38, 290
38, 300
38, 310
38, 320
{'count': 460, 'truepos': 38, 'falseneg': 0, 'correction': 0, 'unknownyes': 10, 'falsepos': 0, 'unique': 320}
18: K_all3.csv: none: 0, 0
2, 10
5, 20, 71
6, 30, 62
11, 40, 56
13, 50, 65
15, 60, 61
17, 70, 58
17, 80, 59
20, 90, 48
20, 100, 38
21, 110, 32
22, 120, 31
23, 130, 31
24, 140, 33
24, 150, 35
25, 160, 34
26, 170, 34
27, 180, 37
27, 190, 36
28, 200, 35
28, 210, 34
29, 220, 34
29, 230, 34
30, 240, 34
31, 250, 34
32, 260, 35
33, 270, 36
33, 280, 38
33, 290, 37
33, 300, 37
34, 310, 37
34, 320, 38
34, 330, 37
34, 340, 37
35, 350, 37
36, 360, 38
36, 370, 38
36, 380, 38
38, 390, 38
38, 400, 41
{'count': 400, 'truepos': 38, 'falseneg': 0, 'correction': 0, 'unknownyes': 7, 'falsepos': 0, 'unique': 400}
18: K_all3.csv: three: 0, 0
2, 10
5, 20, 70
6, 30, 62
11, 40, 55
12, 50, 65
14, 60, 58
16, 70, 54
17, 80, 50
20, 90, 46
21, 100, 33
22, 110, 34
22, 120, 34
22, 130, 30
22, 140, 31
24, 150, 30
25, 160, 34
26, 170, 34
26, 180, 38
26, 190, 35
27, 200, 34
28, 210, 33
29, 220, 34
30, 230, 34
30, 240, 36
30, 250, 35
30, 260, 35
32, 270, 34
32, 280, 37
33, 290, 35
33, 300, 37
34, 310, 37
35, 320, 38
36, 330, 38
37, 340, 39
37, 350, 41
38, 360, 40
39, 370, 41
39, 380, 42
{'count': 760, 'truepos': 39, 'falseneg': 0, 'correction': 0, 'unknownyes': 6, 'falsepos': 0, 'unique': 380}
18: K_all3.csv: machine: 0, 0
2, 10
5, 20, 70
6, 30, 62
11, 40, 54
13, 50, 66
14, 60, 61
18, 70, 54
20, 80, 60
20, 90, 34
22, 100, 32
22, 110, 34
22, 120, 31
22, 120, 31
24, 130, 29
25, 140, 35
25, 150, 35
26, 160, 34
27, 170, 37
27, 170, 37
28, 180, 35
28, 190, 36
28, 200, 39
29, 210, 34
29, 220, 35
29, 220, 35
30, 230, 34
30, 240, 35
31, 250, 35
31, 260, 35
32, 270, 35
32, 270, 35
33, 280, 36
33, 290, 37
34, 300, 37
34, 310, 37
34, 320, 37
34, 320, 37
35, 330, 37
35, 340, 38
36, 350, 37
36, 360, 39
36, 370, 39
36, 370, 39
36, 380, 39
38, 390, 38
39, 400, 41
{'count': 613, 'truepos': 39, 'falseneg': 0, 'correction': 0, 'unknownyes': 6, 'falsepos': 0, 'unique': 400}
18: K_all3.csv: knee: 0, 0
2, 10
5, 20
6, 30
11, 40
14, 50
15, 60
17, 70
17, 80
21, 90
21, 100
22, 110
22, 120
23, 130
23, 140
25, 150
25, 160
25, 170
26, 180
27, 190
29, 200
30, 210
30, 220
30, 230
30, 240
30, 250
31, 260
33, 270
33, 280
33, 290
33, 300
34, 310
35, 320
36, 330
37, 340
38, 350
38, 360
38, 370
39, 380
39, 390
39, 400
39, 410
39, 420
39, 430
39, 440
41, 450
41, 460
41, 470
41, 480
41, 490
41, 500
41, 510
41, 520
41, 530
41, 540
41, 550
41, 560
41, 570
41, 580
41, 590
41, 600
41, 610
41, 620
42, 630
42, 640
43, 650
43, 660
43, 670
43, 680
43, 690
43, 700
43, 710
43, 720
43, 730
43, 740
43, 750
43, 760
{'count': 1077, 'truepos': 43, 'falseneg': 0, 'correction': 0, 'unknownyes': 2, 'falsepos': 0, 'unique': 760}

------------------------------------------------------------
Sender: LSF System <lsfadmin@n2d1-3>
Subject: Job 629154: </share/tjmenzie/zyu9/miniconda2/bin/python2.7 runner.py error_hpcc 18> in cluster <henry2> Done

Job </share/tjmenzie/zyu9/miniconda2/bin/python2.7 runner.py error_hpcc 18> was submitted from host <login01.hpc.ncsu.edu> by user <zyu9> in cluster <henry2> at Tue Jan 30 18:08:16 2018.
Job was executed on host(s) <2*n2d1-3>, in queue <single_chassis>, as user <zyu9> in cluster <henry2> at Tue Jan 30 18:08:18 2018.
</home/zyu9> was used as the home directory.
</home/zyu9/projects/MAR_HPC/Error/src> was used as the working directory.
Started at Tue Jan 30 18:08:18 2018.
Terminated at Tue Jan 30 18:48:09 2018.
Results reported at Tue Jan 30 18:48:09 2018.

Your job looked like:

------------------------------------------------------------
# LSBATCH: User input
/share/tjmenzie/zyu9/miniconda2/bin/python2.7 runner.py error_hpcc 18
------------------------------------------------------------

Successfully completed.

Resource usage summary:

    CPU time :                                   3238.78 sec.
    Max Memory :                                 280.07 MB
    Average Memory :                             221.52 MB
    Total Requested Memory :                     -
    Delta Memory :                               -
    Max Swap :                                   1325 MB
    Max Processes :                              3
    Max Threads :                                8
    Run time :                                   2398 sec.
    Turnaround time :                            2393 sec.

The output (if any) is above this job summary.



PS:

Read file <./err/18.err.629154> for stderr output of this job.

