18: Hall.csv: none: 0, 0
6, 10
6, 20, 111
9, 30, 97
12, 40, 99
14, 50, 97
17, 60, 93
19, 70, 99
20, 80, 80
24, 90, 72
26, 100, 67
27, 110, 64
29, 120, 58
32, 130, 58
38, 140, 56
41, 150, 62
43, 160, 64
46, 170, 63
49, 180, 71
51, 190, 69
52, 200, 68
53, 210, 71
54, 220, 67
58, 230, 67
60, 240, 73
60, 250, 78
61, 260, 76
62, 270, 77
65, 280, 76
66, 290, 82
69, 300, 82
70, 310, 87
70, 320, 88
72, 330, 84
73, 340, 84
74, 350, 89
74, 360, 89
74, 370, 87
74, 380, 86
74, 390, 84
74, 400, 86
75, 410, 86
75, 420, 86
76, 430, 87
77, 440, 88
77, 450, 85
77, 460, 86
77, 470, 89
77, 480, 84
77, 490, 85
77, 500, 86
77, 510, 83
77, 520, 87
78, 530, 85
78, 540, 85
79, 550, 87
79, 560, 88
79, 570, 87
79, 580, 88
79, 590, 86
79, 600, 86
79, 610, 85
79, 620, 86
79, 630, 87
79, 640, 86
79, 650, 85
79, 660, 85
79, 670, 85
79, 680, 85
79, 690, 85
79, 700, 85
79, 710, 85
79, 720, 85
79, 730, 85
79, 740, 86
79, 750, 84
79, 760, 86
80, 770, 86
80, 780, 86
80, 790, 85
80, 800, 86
80, 810, 85
80, 820, 85
80, 830, 86
80, 840, 85
{'count': 840, 'truepos': 75, 'falseneg': 27, 'correction': 0, 'unknownyes': 2, 'falsepos': 5, 'unique': 840}
18: Hall.csv: three: 0, 0
6, 10
10, 20, 104
11, 30, 121
12, 40, 113
14, 50, 116
17, 60, 103
18, 70, 96
22, 80, 92
24, 90, 89
28, 100, 90
33, 110, 97
38, 120, 87
43, 130, 91
50, 140, 90
51, 150, 100
53, 160, 96
58, 170, 90
61, 180, 98
64, 190, 90
67, 200, 96
69, 210, 95
71, 220, 96
72, 230, 95
73, 240, 92
75, 250, 92
77, 260, 95
78, 270, 97
79, 280, 101
80, 290, 97
81, 300, 100
82, 310, 101
83, 320, 101
83, 330, 101
84, 340, 108
85, 350, 100
85, 360, 103
85, 370, 109
85, 380, 99
85, 390, 103
85, 400, 99
85, 410, 100
85, 420, 98
85, 430, 98
85, 440, 98
85, 450, 99
85, 460, 97
85, 470, 95
85, 480, 96
85, 490, 96
85, 500, 96
85, 510, 96
85, 520, 94
85, 530, 94
85, 540, 93
85, 550, 94
85, 560, 94
85, 570, 93
85, 580, 93
85, 590, 92
85, 600, 91
85, 610, 93
85, 620, 91
85, 630, 92
85, 640, 92
85, 650, 91
85, 660, 91
85, 670, 91
85, 680, 90
85, 690, 91
85, 700, 91
85, 710, 92
85, 720, 90
85, 730, 90
85, 740, 91
85, 750, 90
85, 760, 91
85, 770, 90
85, 780, 91
85, 790, 90
85, 800, 91
85, 810, 90
85, 820, 90
86, 830, 90
86, 840, 92
86, 850, 93
86, 860, 91
86, 870, 91
{'count': 1786, 'truepos': 86, 'falseneg': 17, 'correction': 41, 'unknownyes': 1, 'falsepos': 0, 'unique': 870}
18: Hall.csv: machine: 0, 0
5, 10
7, 20, 102
8, 30, 101
10, 40, 95
11, 50, 99
13, 60, 96
[]
['yes' 'no' 'yes' 'no' 'no' 'yes']
14, 60, 77
16, 70, 75
21, 80, 74
26, 90, 82
28, 100, 96
31, 110, 86
[]
['no' 'no' 'yes' 'yes' 'no' 'no' 'yes' 'no' 'no' 'no' 'no' 'no' 'no' 'no'
 'yes' 'no' 'no' 'no' 'no' 'yes' 'no' 'no' 'no' 'no' 'no' 'no' 'no' 'no'
 'no' 'no' 'yes' 'yes' 'no' 'no' 'yes' 'no' 'no']
38, 110, 76
43, 120, 84
48, 130, 84
51, 140, 94
51, 150, 94
56, 160, 82
['yes']
['yes' 'yes' 'yes' 'no' 'no' 'yes' 'no' 'yes' 'no' 'no' 'no' 'no' 'no'
 'yes' 'no' 'no' 'no' 'yes' 'no' 'no' 'yes' 'no' 'no' 'no' 'no' 'no' 'no'
 'no' 'yes' 'yes' 'no' 'no' 'no' 'no' 'no' 'no' 'yes' 'no' 'no' 'no' 'no']
63, 160, 89
65, 170, 96
68, 180, 98
70, 190, 96
70, 200, 96
70, 210, 99
['yes']
['no' 'no' 'no' 'no' 'no' 'no' 'no' 'no' 'no' 'no' 'no' 'no' 'no' 'no'
 'no' 'yes' 'no' 'no' 'no' 'no' 'no' 'no' 'no' 'no' 'yes' 'no' 'no' 'no'
 'yes' 'no' 'no' 'no' 'no' 'no' 'no' 'no' 'no' 'no' 'no' 'no']
71, 210, 90
72, 220, 91
76, 230, 88
77, 240, 95
79, 250, 94
79, 260, 95
['yes']
['yes' 'yes' 'yes' 'no' 'no' 'no' 'no' 'no' 'no' 'no' 'no']
81, 260, 96
82, 270, 98
83, 280, 97
84, 290, 98
84, 300, 100
86, 310, 99
['yes']
['no' 'no' 'no' 'no' 'no' 'no' 'no' 'no']
86, 310, 103
86, 320, 103
86, 330, 102
86, 340, 105
86, 350, 102
86, 360, 98
['yes']
['no' 'no' 'no']
85, 360, 98
85, 370, 97
85, 380, 98
85, 390, 97
85, 400, 95
85, 410, 97
['yes']
['no' 'no' 'no']
85, 410, 94
86, 420, 95
87, 430, 96
87, 440, 96
87, 450, 95
87, 460, 94
['yes']
[]
87, 460, 94
87, 470, 93
88, 480, 95
89, 490, 94
89, 500, 95
89, 510, 96
['yes']
['yes' 'no' 'yes' 'no' 'no']
91, 510, 95
91, 520, 97
91, 530, 97
91, 540, 96
91, 550, 97
91, 560, 97
['yes']
['no' 'no' 'no' 'no' 'no' 'no' 'no' 'no' 'no' 'no' 'no' 'no' 'no' 'no']
91, 560, 98
91, 570, 98
91, 580, 97
91, 590, 96
91, 600, 97
91, 610, 96
['yes']
[]
90, 610, 96
{'count': 788, 'truepos': 90, 'falseneg': 12, 'correction': 21, 'unknownyes': 2, 'falsepos': 0, 'unique': 610}
18: Hall.csv: knee: 0, 0
6, 10
8, 20
12, 30
15, 40
16, 50
21, 60
22, 70
25, 80
26, 90
31, 100
38, 110
42, 120
47, 130
49, 140
49, 150
54, 160
57, 170
59, 180
60, 190
62, 200
63, 210
66, 220
66, 230
67, 240
69, 250
70, 260
71, 270
74, 280
74, 290
74, 300
74, 310
74, 320
74, 330
74, 340
74, 350
74, 360
74, 370
74, 380
74, 390
74, 400
74, 410
74, 420
74, 430
{'count': 592, 'truepos': 80, 'falseneg': 20, 'correction': 9, 'unknownyes': 4, 'falsepos': 1, 'unique': 430}
18: Wahono.csv: none: 0, 0
0, 10
1, 20
1, 30, 140
2, 40, 115
4, 50, 72
5, 60, 67
8, 70, 67
8, 80, 78
9, 90, 58
9, 100, 53
10, 110, 48
12, 120, 46
14, 130, 46
15, 140, 46
15, 150, 45
15, 160, 42
17, 170, 41
18, 180, 42
18, 190, 42
19, 200, 41
20, 210, 41
20, 220, 42
20, 230, 41
20, 240, 41
20, 250, 41
21, 260, 41
21, 270, 42
23, 280, 42
24, 290, 43
25, 300, 43
27, 310, 43
27, 320, 44
28, 330, 44
28, 340, 45
28, 350, 45
28, 360, 45
28, 370, 45
28, 380, 45
28, 390, 45
28, 400, 45
28, 410, 45
28, 420, 45
29, 430, 45
29, 440, 46
29, 450, 46
29, 460, 46
29, 470, 46
29, 480, 46
29, 490, 46
29, 500, 46
29, 510, 46
29, 520, 47
29, 530, 47
30, 540, 47
30, 550, 40
31, 560, 40
31, 570, 41
31, 580, 41
31, 590, 40
31, 600, 40
31, 610, 39
31, 620, 40
31, 630, 39
31, 640, 39
31, 650, 37
31, 660, 38
31, 670, 38
31, 680, 38
31, 690, 38
31, 700, 38
31, 710, 38
31, 720, 37
31, 730, 37
31, 740, 37
31, 750, 37
31, 760, 37
31, 770, 37
32, 780, 36
32, 790, 38
32, 800, 38
32, 810, 37
32, 820, 37
32, 830, 37
32, 840, 37
33, 850, 37
33, 860, 38
33, 870, 39
34, 880, 38
35, 890, 39
36, 900, 40
37, 910, 42
37, 920, 43
37, 930, 43
37, 940, 42
37, 950, 42
37, 960, 43
37, 970, 42
37, 980, 42
37, 990, 42
37, 1000, 42
37, 1010, 42
37, 1020, 42
38, 1030, 42
38, 1040, 43
38, 1050, 42
38, 1060, 43
38, 1070, 43
38, 1080, 43
38, 1090, 43
38, 1100, 43
38, 1110, 43
38, 1120, 42
38, 1130, 43
38, 1140, 43
38, 1150, 42
38, 1160, 42
38, 1170, 42
38, 1180, 42
38, 1190, 42
38, 1200, 42
38, 1210, 42
38, 1220, 42
38, 1230, 42
38, 1240, 42
38, 1250, 42
38, 1260, 42
38, 1270, 42
38, 1280, 41
38, 1290, 41
38, 1300, 42
38, 1310, 42
38, 1320, 42
38, 1330, 42
38, 1340, 42
38, 1350, 42
38, 1360, 42
38, 1370, 41
39, 1380, 41
40, 1390, 42
40, 1400, 44
40, 1410, 44
41, 1420, 43
41, 1430, 44
41, 1440, 45
41, 1450, 45
41, 1460, 45
41, 1470, 44
41, 1480, 45
41, 1490, 45
41, 1500, 45
41, 1510, 45
41, 1520, 44
41, 1530, 44
41, 1540, 44
41, 1550, 45
41, 1560, 44
41, 1570, 44
41, 1580, 44
41, 1590, 44
41, 1600, 44
41, 1610, 44
41, 1620, 44
41, 1630, 44
41, 1640, 44
41, 1650, 44
41, 1660, 44
41, 1670, 44
41, 1680, 44
41, 1690, 44
41, 1700, 44
41, 1710, 44
41, 1720, 44
41, 1730, 44
41, 1740, 44
41, 1750, 44
41, 1760, 44
41, 1770, 44
{'count': 1770, 'truepos': 38, 'falseneg': 22, 'correction': 0, 'unknownyes': 2, 'falsepos': 3, 'unique': 1770}
18: Wahono.csv: three: 0, 0
6, 10
6, 20, 101
7, 30, 97
9, 40, 83
11, 50, 74
14, 60, 57
15, 70, 58
15, 80, 47
15, 90, 47
16, 100, 42
19, 110, 42
19, 120, 45
20, 130, 42
22, 140, 43
26, 150, 46
28, 160, 55
29, 170, 56
29, 180, 53
29, 190, 50
29, 200, 48
29, 210, 47
30, 220, 45
30, 230, 52
33, 240, 47
34, 250, 52
35, 260, 57
35, 270, 53
35, 280, 55
36, 290, 52
36, 300, 50
36, 310, 54
36, 320, 48
36, 330, 50
36, 340, 48
36, 350, 48
36, 360, 49
36, 370, 48
36, 380, 48
36, 390, 45
36, 400, 47
36, 410, 45
36, 420, 47
36, 430, 45
37, 440, 44
37, 450, 45
37, 460, 45
37, 470, 45
37, 480, 46
38, 490, 45
38, 500, 46
38, 510, 46
39, 520, 46
39, 530, 47
39, 540, 47
40, 550, 47
40, 560, 49
40, 570, 48
41, 580, 47
41, 590, 48
41, 600, 49
41, 610, 48
42, 620, 48
42, 630, 49
42, 640, 49
42, 650, 49
42, 660, 48
42, 670, 48
42, 680, 48
42, 690, 48
42, 700, 48
42, 710, 48
42, 720, 48
42, 730, 48
43, 740, 47
43, 750, 49
43, 760, 49
43, 770, 49
43, 780, 49
43, 790, 49
43, 800, 49
43, 810, 48
43, 820, 48
43, 830, 49
43, 840, 48
43, 850, 48
43, 860, 48
43, 870, 49
43, 880, 48
43, 890, 48
43, 900, 47
43, 910, 47
44, 920, 48
44, 930, 49
44, 940, 48
44, 950, 49
44, 960, 48
44, 970, 49
44, 980, 48
44, 990, 49
44, 1000, 48
44, 1010, 48
44, 1020, 48
44, 1030, 48
44, 1040, 48
44, 1050, 48
44, 1060, 48
44, 1070, 48
44, 1080, 48
44, 1090, 48
44, 1100, 48
44, 1110, 47
44, 1120, 48
44, 1130, 48
44, 1140, 48
44, 1150, 48
44, 1160, 47
44, 1170, 47
44, 1180, 47
44, 1190, 47
44, 1200, 47
44, 1210, 47
44, 1220, 48
44, 1230, 47
44, 1240, 47
44, 1250, 47
44, 1260, 47
44, 1270, 47
44, 1280, 47
44, 1290, 47
44, 1300, 47
44, 1310, 47
44, 1320, 47
44, 1330, 47
44, 1340, 47
44, 1350, 47
44, 1360, 47
44, 1370, 47
44, 1380, 47
44, 1390, 47
44, 1400, 47
44, 1410, 47
44, 1420, 47
{'count': 2867, 'truepos': 44, 'falseneg': 15, 'correction': 23, 'unknownyes': 3, 'falsepos': 0, 'unique': 1420}
18: Wahono.csv: machine: 0, 0
4, 10
5, 20, 109
7, 30, 94
9, 40, 78
10, 50, 55
10, 60, 52
[]
['no' 'no' 'no' 'no' 'no']
10, 60, 47
11, 70, 47
12, 80, 43
12, 90, 41
12, 100, 40
12, 110, 40
[]
['no' 'yes' 'no' 'yes']
13, 110, 41
13, 120, 40
14, 130, 40
17, 140, 44
17, 150, 47
18, 160, 46
[]
['no' 'no' 'no' 'yes' 'no' 'no']
19, 160, 47
20, 170, 48
22, 180, 48
24, 190, 49
24, 200, 52
26, 210, 49
[]
['no' 'no' 'no' 'no' 'yes' 'no' 'no' 'no' 'no' 'no']
26, 210, 52
26, 220, 52
26, 230, 50
26, 240, 49
27, 250, 49
28, 260, 49
[]
['no' 'no' 'no' 'no' 'no' 'no']
28, 260, 49
28, 270, 49
28, 280, 49
29, 290, 49
30, 300, 50
31, 310, 50
['yes']
['no' 'no' 'no' 'no' 'yes' 'no' 'no' 'no' 'no' 'no' 'no' 'no' 'no' 'no'
 'no' 'yes' 'no' 'no' 'no' 'no' 'no' 'no' 'no' 'no' 'no' 'no' 'no' 'no'
 'no' 'no' 'no' 'no' 'no' 'no' 'no' 'no' 'no' 'no' 'no' 'no' 'no' 'no'
 'no' 'no' 'yes' 'no' 'yes']
34, 310, 51
36, 320, 54
37, 330, 57
38, 340, 55
38, 350, 57
38, 360, 58
['yes']
['no' 'no' 'no' 'no' 'no' 'yes' 'no' 'no' 'no' 'no' 'no' 'no' 'no' 'no'
 'no' 'yes' 'no' 'no' 'no' 'no' 'no' 'no' 'no']
40, 360, 53
40, 370, 59
40, 380, 57
40, 390, 55
40, 400, 51
42, 410, 52
['yes']
['no' 'no' 'no' 'no' 'no' 'no' 'no' 'yes' 'no' 'no' 'no' 'no' 'no' 'no'
 'no' 'no' 'no' 'no']
43, 410, 57
44, 420, 55
44, 430, 57
44, 440, 55
44, 450, 55
46, 460, 54
['no']
['no' 'no' 'no' 'no' 'no' 'no' 'no' 'no' 'no' 'no' 'no' 'no' 'no' 'no']
45, 460, 58
45, 470, 55
45, 480, 58
45, 490, 55
45, 500, 54
45, 510, 53
['yes']
['no' 'yes' 'no']
46, 510, 53
46, 520, 55
46, 530, 55
46, 540, 54
46, 550, 54
46, 560, 54
['yes']
['no' 'no']
46, 560, 55
46, 570, 55
46, 580, 55
47, 590, 53
48, 600, 54
48, 610, 55
['yes']
['no' 'no' 'no' 'no' 'no' 'no' 'no']
48, 610, 55
48, 620, 55
49, 630, 55
49, 640, 57
49, 650, 55
49, 660, 56
['yes']
['no' 'no' 'no' 'no' 'no' 'no' 'no']
49, 660, 55
49, 670, 56
50, 680, 55
50, 690, 57
50, 700, 55
50, 710, 56
['yes']
['no' 'no' 'no']
50, 710, 56
50, 720, 55
50, 730, 57
50, 740, 56
50, 750, 56
50, 760, 54
['no']
['no' 'no']
49, 760, 56
49, 770, 54
49, 780, 55
49, 790, 54
49, 800, 54
49, 810, 53
['yes']
['no' 'no']
49, 810, 53
49, 820, 53
49, 830, 54
49, 840, 52
49, 850, 53
50, 860, 53
['no']
['no']
49, 860, 55
49, 870, 54
49, 880, 52
49, 890, 53
49, 900, 53
49, 910, 53
['yes']
['no' 'no']
48, 910, 52
49, 920, 52
49, 930, 53
49, 940, 52
49, 950, 53
49, 960, 53
['yes']
['no']
49, 960, 53
49, 970, 53
49, 980, 53
49, 990, 53
49, 1000, 52
49, 1010, 52
['yes']
['no']
48, 1010, 52
48, 1020, 52
48, 1030, 51
48, 1040, 52
48, 1050, 51
48, 1060, 51
['yes']
[]
48, 1060, 51
48, 1070, 51
48, 1080, 51
48, 1090, 51
49, 1100, 51
49, 1110, 52
['no']
['no' 'yes']
48, 1110, 52
48, 1120, 51
48, 1130, 51
48, 1140, 51
48, 1150, 51
48, 1160, 51
['yes']
[]
{'count': 1343, 'truepos': 48, 'falseneg': 11, 'correction': 13, 'unknownyes': 3, 'falsepos': 0, 'unique': 1160}
18: Wahono.csv: knee: 0, 0
6, 10
7, 20
7, 30
{'count': 35, 'truepos': 6, 'falseneg': 1, 'correction': 0, 'unknownyes': 55, 'falsepos': 0, 'unique': 30}
18: Danijel.csv: none: 0, 0
2, 10
3, 20, 99
3, 30, 100
6, 40, 67
8, 50, 77
9, 60, 71
9, 70, 65
10, 80, 53
12, 90, 50
16, 100, 53
17, 110, 56
18, 120, 55
18, 130, 53
19, 140, 47
19, 150, 44
19, 160, 44
20, 170, 43
22, 180, 44
24, 190, 45
25, 200, 46
25, 210, 45
25, 220, 44
25, 230, 44
25, 240, 44
25, 250, 44
25, 260, 44
26, 270, 44
28, 280, 46
28, 290, 49
28, 300, 48
29, 310, 48
30, 320, 49
30, 330, 42
30, 340, 40
30, 350, 39
31, 360, 39
32, 370, 40
32, 380, 41
32, 390, 42
32, 400, 42
32, 410, 40
32, 420, 41
32, 430, 39
32, 440, 41
32, 450, 39
32, 460, 40
32, 470, 39
32, 480, 40
32, 490, 41
32, 500, 37
32, 510, 40
33, 520, 39
33, 530, 38
33, 540, 40
33, 550, 39
33, 560, 39
33, 570, 39
33, 580, 39
33, 590, 39
33, 600, 39
33, 610, 39
33, 620, 39
34, 630, 38
34, 640, 40
34, 650, 39
34, 660, 40
34, 670, 39
34, 680, 41
34, 690, 39
34, 700, 39
34, 710, 39
35, 720, 38
35, 730, 40
36, 740, 40
37, 750, 42
37, 760, 42
37, 770, 42
37, 780, 41
37, 790, 41
37, 800, 42
37, 810, 42
37, 820, 41
37, 830, 41
37, 840, 40
37, 850, 41
37, 860, 40
37, 870, 41
37, 880, 40
37, 890, 40
37, 900, 41
37, 910, 41
37, 920, 39
38, 930, 40
38, 940, 41
38, 950, 41
38, 960, 41
38, 970, 41
38, 980, 41
38, 990, 41
{'count': 990, 'truepos': 33, 'falseneg': 13, 'correction': 0, 'unknownyes': 2, 'falsepos': 5, 'unique': 990}
18: Danijel.csv: three: 0, 0
3, 10
4, 20, 105
4, 30, 91
6, 40, 58
7, 50, 67
9, 60, 54
10, 70, 58
10, 80, 58
11, 90, 49
13, 100, 49
13, 110, 49
13, 120, 45
14, 130, 42
14, 140, 42
14, 150, 41
15, 160, 40
15, 170, 41
15, 180, 40
17, 190, 40
17, 200, 42
18, 210, 41
20, 220, 41
21, 230, 42
21, 240, 43
22, 250, 43
22, 260, 43
22, 270, 43
22, 280, 43
22, 290, 43
22, 300, 43
22, 310, 43
22, 320, 43
22, 330, 43
22, 340, 43
23, 350, 44
25, 360, 44
25, 370, 45
26, 380, 44
26, 390, 46
27, 400, 46
27, 410, 47
27, 420, 47
27, 430, 47
27, 440, 47
27, 450, 47
27, 460, 47
27, 470, 47
27, 480, 47
27, 490, 47
27, 500, 48
27, 510, 48
27, 520, 48
27, 530, 48
27, 540, 48
27, 550, 48
27, 560, 48
27, 570, 48
27, 580, 48
27, 590, 48
27, 600, 48
27, 610, 48
28, 620, 48
28, 630, 50
28, 640, 50
28, 650, 50
28, 660, 50
28, 670, 50
28, 680, 50
28, 690, 50
28, 700, 50
28, 710, 50
28, 720, 50
28, 730, 50
28, 740, 50
28, 750, 50
28, 760, 50
28, 770, 51
28, 780, 51
29, 790, 51
29, 800, 52
29, 810, 52
29, 820, 52
29, 830, 52
29, 840, 52
29, 850, 52
29, 860, 52
29, 870, 52
29, 880, 52
29, 890, 52
29, 900, 52
29, 910, 52
29, 920, 52
29, 930, 52
29, 940, 52
29, 950, 52
29, 960, 52
29, 970, 52
29, 980, 52
29, 990, 52
29, 1000, 52
29, 1010, 52
29, 1020, 52
29, 1030, 52
29, 1040, 52
29, 1050, 52
29, 1060, 52
29, 1070, 52
29, 1080, 52
29, 1090, 52
29, 1100, 52
29, 1110, 52
29, 1120, 52
29, 1130, 52
29, 1140, 52
29, 1150, 52
30, 1160, 52
30, 1170, 34
30, 1180, 34
30, 1190, 33
30, 1200, 33
30, 1210, 33
30, 1220, 33
30, 1230, 33
30, 1240, 33
30, 1250, 33
30, 1260, 33
30, 1270, 33
30, 1280, 33
30, 1290, 33
30, 1300, 33
30, 1310, 33
30, 1320, 33
30, 1330, 33
30, 1340, 33
30, 1350, 32
30, 1360, 33
30, 1370, 32
30, 1380, 32
30, 1390, 33
30, 1400, 32
30, 1410, 32
30, 1420, 32
30, 1430, 32
30, 1440, 32
30, 1450, 32
30, 1460, 32
30, 1470, 32
30, 1480, 32
30, 1490, 32
30, 1500, 32
30, 1510, 32
30, 1520, 32
30, 1530, 32
30, 1540, 32
30, 1550, 32
30, 1560, 32
30, 1570, 32
30, 1580, 33
30, 1590, 32
{'count': 3212, 'truepos': 30, 'falseneg': 17, 'correction': 28, 'unknownyes': 1, 'falsepos': 0, 'unique': 1590}
18: Danijel.csv: machine: 0, 0
3, 10
4, 20, 120
5, 30, 101
9, 40, 88
9, 50, 93
11, 60, 64
[]
['no' 'no' 'no' 'no' 'no' 'no' 'no' 'no' 'no']
11, 60, 63
11, 70, 63
13, 80, 58
14, 90, 49
14, 100, 48
16, 110, 42
[]
['no' 'no' 'no' 'no' 'no' 'no' 'no' 'no' 'no' 'no' 'yes']
17, 110, 45
19, 120, 46
19, 130, 45
19, 140, 42
20, 150, 41
20, 160, 42
[]
['no' 'no' 'no' 'no' 'no' 'no' 'no']
20, 160, 41
21, 170, 41
21, 180, 42
21, 190, 40
23, 200, 40
23, 210, 41
[]
['no' 'no' 'no' 'no' 'no' 'no' 'no' 'no']
23, 210, 40
23, 220, 40
23, 230, 40
24, 240, 40
24, 250, 41
24, 260, 42
[]
['yes']
25, 260, 42
25, 270, 42
25, 280, 42
26, 290, 42
26, 300, 43
26, 310, 43
[]
[]
26, 320, 44
26, 330, 44
27, 340, 44
27, 350, 45
27, 360, 45
27, 370, 45
[]
['no' 'no' 'no' 'no']
27, 370, 45
27, 380, 45
27, 390, 45
27, 400, 45
27, 410, 45
27, 420, 45
[]
[]
27, 430, 45
27, 440, 45
27, 450, 46
28, 460, 46
28, 470, 46
28, 480, 46
[]
['no' 'no']
28, 480, 46
28, 490, 46
28, 500, 46
28, 510, 47
28, 520, 46
28, 530, 47
[]
[]
29, 540, 47
29, 550, 48
29, 560, 49
29, 570, 48
29, 580, 49
29, 590, 49
[]
['yes' 'no' 'no']
30, 590, 49
30, 600, 35
31, 610, 35
31, 620, 35
31, 630, 36
31, 640, 35
['yes']
['no' 'yes' 'no' 'no' 'no' 'no' 'no' 'no' 'no' 'no' 'no' 'no' 'no' 'no'
 'no' 'no' 'no' 'no' 'no' 'no' 'no' 'no' 'no' 'no' 'no' 'no' 'no' 'no'
 'no' 'no' 'no' 'no']
31, 640, 35
32, 650, 36
33, 660, 37
33, 670, 37
33, 680, 37
33, 690, 37
['yes']
['no' 'no' 'no' 'no' 'no' 'no' 'no' 'no' 'no' 'no' 'no' 'no' 'no' 'no'
 'no' 'no' 'no' 'no' 'yes' 'no' 'no' 'no' 'no']
33, 690, 37
33, 700, 39
33, 710, 38
33, 720, 37
33, 730, 38
33, 740, 37
['no']
['no' 'no']
32, 740, 36
32, 750, 35
32, 760, 36
32, 770, 35
32, 780, 36
34, 790, 34
['yes']
['yes' 'no' 'no' 'no' 'yes' 'no' 'no' 'no' 'no' 'no' 'no']
35, 790, 38
35, 800, 38
35, 810, 39
35, 820, 38
35, 830, 39
35, 840, 38
['yes']
['no' 'no']
35, 840, 38
35, 850, 38
35, 860, 38
35, 870, 38
35, 880, 38
35, 890, 38
['yes']
['no' 'no' 'no' 'no' 'no' 'no']
35, 890, 38
36, 900, 38
36, 910, 39
36, 920, 39
36, 930, 39
37, 940, 39
['yes']
['no' 'no' 'no' 'no']
37, 940, 40
37, 950, 40
37, 960, 40
37, 970, 40
37, 980, 40
37, 990, 40
['yes']
['no']
37, 990, 40
37, 1000, 40
37, 1010, 41
37, 1020, 40
37, 1030, 40
37, 1040, 39
['yes']
['yes' 'no' 'no' 'no']
38, 1040, 40
38, 1050, 41
38, 1060, 41
{'count': 1199, 'truepos': 36, 'falseneg': 10, 'correction': 7, 'unknownyes': 2, 'falsepos': 2, 'unique': 1060}
18: Danijel.csv: knee: 0, 0
2, 10
3, 20
4, 30
5, 40
5, 50
8, 60
8, 70
10, 80
12, 90
12, 100
13, 110
16, 120
17, 130
19, 140
21, 150
22, 160
24, 170
25, 180
26, 190
27, 200
27, 210
27, 220
27, 230
28, 240
28, 250
29, 260
29, 270
29, 280
29, 290
30, 300
30, 310
30, 320
30, 330
30, 340
30, 350
30, 360
30, 370
32, 380
33, 390
33, 400
33, 410
33, 420
33, 430
34, 440
34, 450
34, 460
34, 470
34, 480
34, 490
34, 500
35, 510
35, 520
35, 530
35, 540
35, 550
35, 560
35, 570
35, 580
35, 590
35, 600
{'count': 781, 'truepos': 38, 'falseneg': 7, 'correction': 5, 'unknownyes': 3, 'falsepos': 1, 'unique': 600}
18: K_all3.csv: none: 0, 0
0, 10
3, 20
3, 30, 69
4, 40, 61
6, 50, 50
6, 60, 47
8, 70, 43
8, 80, 45
8, 90, 42
11, 100, 41
11, 110, 44
12, 120, 41
14, 130, 41
14, 140, 42
15, 150, 41
15, 160, 40
16, 170, 40
16, 180, 39
16, 190, 39
17, 200, 38
17, 210, 39
17, 220, 38
18, 230, 38
18, 240, 39
18, 250, 38
19, 260, 38
20, 270, 38
20, 280, 38
21, 290, 37
21, 300, 38
22, 310, 38
22, 320, 39
22, 330, 39
23, 340, 39
25, 350, 39
25, 360, 41
25, 370, 41
25, 380, 41
26, 390, 41
26, 400, 41
26, 410, 41
26, 420, 41
26, 430, 41
27, 440, 41
28, 450, 42
28, 460, 42
28, 470, 42
28, 480, 42
30, 490, 42
31, 500, 37
32, 510, 37
32, 520, 39
32, 530, 38
32, 540, 37
33, 550, 37
34, 560, 38
34, 570, 38
34, 580, 37
35, 590, 38
35, 600, 39
36, 610, 39
37, 620, 40
38, 630, 41
38, 640, 41
38, 650, 41
{'count': 650, 'truepos': 30, 'falseneg': 11, 'correction': 0, 'unknownyes': 4, 'falsepos': 8, 'unique': 650}
18: K_all3.csv: three: 0, 0
2, 10
5, 20, 70
6, 30, 62
11, 40, 54
13, 50, 64
14, 60, 63
15, 70, 54
15, 80, 48
16, 90, 41
17, 100, 40
18, 110, 41
18, 120, 40
18, 130, 39
19, 140, 38
20, 150, 38
21, 160, 38
21, 170, 38
22, 180, 37
22, 190, 38
22, 200, 37
22, 210, 37
22, 220, 37
23, 230, 37
24, 240, 38
25, 250, 39
27, 260, 40
28, 270, 42
30, 280, 43
30, 290, 35
30, 300, 36
30, 310, 37
31, 320, 35
31, 330, 37
31, 340, 35
31, 350, 35
31, 360, 34
31, 370, 34
31, 380, 34
31, 390, 33
32, 400, 34
32, 410, 35
32, 420, 35
32, 430, 35
32, 440, 34
32, 450, 34
32, 460, 34
{'count': 941, 'truepos': 32, 'falseneg': 6, 'correction': 20, 'unknownyes': 7, 'falsepos': 0, 'unique': 460}
18: K_all3.csv: machine: 0, 0
1, 10
3, 20, 91
3, 30, 54
5, 40, 38
7, 50, 45
10, 60, 43
[]
['no' 'no' 'no' 'no' 'no' 'no' 'no' 'no' 'no']
10, 60, 46
10, 70, 46
10, 80, 39
10, 90, 36
10, 100, 35
12, 110, 34
[]
['no' 'yes' 'yes' 'no' 'no' 'no']
13, 110, 37
16, 120, 38
17, 130, 39
18, 140, 39
19, 150, 39
19, 160, 40
[]
['no' 'yes']
20, 160, 39
20, 170, 40
21, 180, 39
22, 190, 40
24, 200, 40
24, 210, 41
[]
['no' 'no' 'no' 'no']
24, 210, 40
25, 220, 40
25, 230, 41
26, 240, 41
26, 250, 42
27, 260, 41
[]
['no' 'yes' 'no']
28, 260, 42
28, 270, 43
29, 280, 43
30, 290, 43
30, 300, 39
30, 310, 35
['yes']
['no' 'no' 'no' 'no' 'no' 'no' 'no' 'no' 'no' 'no' 'no' 'no' 'no' 'no'
 'no' 'no' 'no' 'no' 'no' 'no' 'no' 'no' 'no' 'no' 'no' 'no' 'no' 'no'
 'no' 'no' 'no' 'no' 'no' 'no' 'no' 'no' 'no' 'no' 'no' 'no' 'no' 'no'
 'no' 'no' 'no' 'no' 'no' 'no' 'no' 'no']
30, 310, 37
30, 320, 39
30, 330, 35
30, 340, 33
30, 350, 34
30, 360, 33
['yes']
['no' 'no' 'no']
30, 360, 33
30, 370, 34
30, 380, 33
32, 390, 33
33, 400, 34
33, 410, 37
['no']
['yes' 'no' 'no' 'yes' 'no' 'no' 'no' 'no' 'no' 'no' 'no' 'no' 'no' 'no']
34, 410, 36
34, 420, 38
34, 430, 37
34, 440, 37
35, 450, 36
35, 460, 38
['no']
['no' 'no' 'no' 'no' 'no' 'no' 'no' 'no' 'no' 'no' 'no' 'no' 'no']
34, 460, 38
34, 470, 37
35, 480, 36
35, 490, 37
35, 500, 37
35, 510, 37
['yes']
['no' 'no' 'no' 'no' 'no' 'no']
{'count': 618, 'truepos': 35, 'falseneg': 7, 'correction': 7, 'unknownyes': 3, 'falsepos': 0, 'unique': 510}
18: K_all3.csv: knee: 0, 0
2, 10
5, 20
5, 30
5, 40
6, 50
7, 60
8, 70
10, 80
11, 90
12, 100
12, 110
13, 120
14, 130
15, 140
15, 150
15, 160
15, 170
15, 180
15, 190
16, 200
16, 210
17, 220
19, 230
19, 240
19, 250
20, 260
20, 270
20, 280
20, 290
21, 300
22, 310
23, 320
25, 330
26, 340
27, 350
28, 360
28, 370
28, 380
28, 390
28, 400
28, 410
28, 420
28, 430
28, 440
28, 450
28, 460
28, 470
28, 480
{'count': 812, 'truepos': 31, 'falseneg': 6, 'correction': 7, 'unknownyes': 8, 'falsepos': 8, 'unique': 480}

------------------------------------------------------------
Sender: LSF System <lsfadmin@n2c2-12>
Subject: Job 639679: </share/tjmenzie/zyu9/miniconda2/bin/python2.7 runner.py error_hpcc 18> in cluster <henry2> Done

Job </share/tjmenzie/zyu9/miniconda2/bin/python2.7 runner.py error_hpcc 18> was submitted from host <login01.hpc.ncsu.edu> by user <zyu9> in cluster <henry2> at Thu Feb  1 12:17:34 2018.
Job was executed on host(s) <2*n2c2-12>, in queue <single_chassis>, as user <zyu9> in cluster <henry2> at Thu Feb  1 12:17:40 2018.
</home/zyu9> was used as the home directory.
</home/zyu9/projects/MAR_HPC/Error/src> was used as the working directory.
Started at Thu Feb  1 12:17:40 2018.
Terminated at Thu Feb  1 13:32:36 2018.
Results reported at Thu Feb  1 13:32:36 2018.

Your job looked like:

------------------------------------------------------------
# LSBATCH: User input
/share/tjmenzie/zyu9/miniconda2/bin/python2.7 runner.py error_hpcc 18
------------------------------------------------------------

Successfully completed.

Resource usage summary:

    CPU time :                                   5773.66 sec.
    Max Memory :                                 286.33 MB
    Average Memory :                             231.26 MB
    Total Requested Memory :                     -
    Delta Memory :                               -
    Max Swap :                                   1331 MB
    Max Processes :                              3
    Max Threads :                                8
    Run time :                                   4508 sec.
    Turnaround time :                            4502 sec.

The output (if any) is above this job summary.



PS: The stderr output (if any) follows:



PS:

Fail to open stderr file ./err/18.err.639679: No such file or directory.
The stderr output is included in this report.

