18: Hall.csv: none: 0, 0
8, 10
10, 20, 123
11, 30, 136
15, 40, 119
21, 50, 124
25, 60, 142
29, 70, 154
32, 80, 167
39, 90, 150
44, 100, 149
50, 110, 160
56, 120, 161
61, 130, 157
65, 140, 144
70, 150, 153
72, 160, 162
77, 170, 142
83, 180, 148
87, 190, 148
92, 200, 145
93, 210, 158
96, 220, 146
99, 230, 155
102, 240, 144
104, 250, 136
105, 260, 141
108, 270, 136
112, 280, 139
112, 290, 140
113, 300, 138
113, 310, 157
113, 320, 148
115, 330, 153
118, 340, 157
119, 350, 166
122, 360, 163
122, 370, 172
123, 380, 158
123, 390, 160
126, 400, 161
127, 410, 168
129, 420, 160
129, 430, 164
133, 440, 161
133, 450, 167
135, 460, 166
135, 470, 162
136, 480, 167
136, 490, 168
138, 500, 163
138, 510, 168
139, 520, 165
140, 530, 169
140, 540, 165
141, 550, 167
141, 560, 174
141, 570, 174
144, 580, 165
145, 590, 169
146, 600, 182
146, 610, 175
147, 620, 181
151, 630, 177
153, 640, 185
155, 650, 189
156, 660, 198
158, 670, 192
159, 680, 201
162, 690, 190
163, 700, 194
164, 710, 196
165, 720, 194
167, 730, 202
167, 740, 208
168, 750, 207
170, 760, 203
170, 770, 201
170, 780, 199
172, 790, 202
173, 800, 200
173, 810, 203
175, 820, 200
176, 830, 203
176, 840, 198
178, 850, 202
179, 860, 204
181, 870, 205
181, 880, 213
181, 890, 205
183, 900, 207
183, 910, 221
185, 920, 205
187, 930, 209
188, 940, 209
189, 950, 213
190, 960, 218
190, 970, 219
191, 980, 216
191, 990, 216
192, 1000, 216
192, 1010, 216
192, 1020, 221
193, 1030, 218
195, 1040, 220
195, 1050, 220
196, 1060, 219
199, 1070, 225
204, 1080, 219
204, 1090, 229
205, 1100, 228
207, 1110, 230
211, 1120, 236
213, 1130, 240
213, 1140, 253
213, 1150, 240
216, 1160, 240
218, 1170, 246
220, 1180, 250
220, 1190, 255
222, 1200, 253
222, 1210, 261
224, 1220, 265
224, 1230, 262
225, 1240, 261
227, 1250, 261
227, 1260, 265
227, 1270, 260
227, 1280, 261
228, 1290, 264
228, 1300, 261
228, 1310, 260
230, 1320, 259
230, 1330, 264
231, 1340, 265
232, 1350, 265
234, 1360, 260
236, 1370, 268
238, 1380, 267
239, 1390, 267
240, 1400, 270
240, 1410, 276
241, 1420, 271
243, 1430, 275
244, 1440, 269
245, 1450, 271
245, 1460, 281
246, 1470, 273
246, 1480, 277
248, 1490, 280
250, 1500, 288
251, 1510, 280
253, 1520, 285
255, 1530, 289
256, 1540, 289
257, 1550, 294
257, 1560, 301
258, 1570, 289
259, 1580, 293
261, 1590, 293
261, 1600, 295
263, 1610, 295
263, 1620, 306
266, 1630, 298
266, 1640, 304
267, 1650, 306
268, 1660, 303
268, 1670, 309
268, 1680, 301
269, 1690, 305
269, 1700, 307
271, 1710, 303
272, 1720, 307
274, 1730, 306
275, 1740, 303
277, 1750, 305
278, 1760, 310
278, 1770, 312
280, 1780, 307
282, 1790, 312
283, 1800, 314
283, 1810, 317
285, 1820, 313
287, 1830, 314
287, 1840, 314
288, 1850, 317
289, 1860, 319
290, 1870, 321
291, 1880, 321
292, 1890, 324
292, 1900, 326
293, 1910, 324
294, 1920, 323
295, 1930, 327
295, 1940, 330
296, 1950, 331
297, 1960, 329
298, 1970, 328
300, 1980, 327
301, 1990, 325
301, 2000, 326
301, 2010, 332
301, 2020, 330
303, 2030, 324
303, 2040, 324
306, 2050, 331
307, 2060, 334
309, 2070, 333
310, 2080, 337
310, 2090, 342
310, 2100, 337
312, 2110, 336
314, 2120, 340
317, 2130, 344
319, 2140, 345
321, 2150, 347
323, 2160, 349
325, 2170, 351
326, 2180, 354
327, 2190, 359
329, 2200, 359
330, 2210, 359
330, 2220, 356
333, 2230, 361
334, 2240, 366
334, 2250, 365
334, 2260, 366
335, 2270, 367
335, 2280, 366
338, 2290, 368
339, 2300, 372
339, 2310, 373
341, 2320, 368
342, 2330, 377
343, 2340, 375
344, 2350, 376
345, 2360, 375
345, 2370, 377
346, 2380, 376
346, 2390, 380
347, 2400, 374
347, 2410, 377
349, 2420, 377
349, 2430, 379
349, 2440, 377
349, 2450, 378
350, 2460, 375
350, 2470, 378
352, 2480, 379
354, 2490, 379
356, 2500, 383
357, 2510, 384
357, 2520, 390
357, 2530, 382
358, 2540, 383
359, 2550, 385
359, 2560, 385
360, 2570, 384
360, 2580, 387
363, 2590, 385
365, 2600, 388
367, 2610, 397
367, 2620, 394
368, 2630, 397
369, 2640, 396
369, 2650, 396
371, 2660, 397
373, 2670, 398
373, 2680, 402
374, 2690, 402
374, 2700, 409
374, 2710, 401
374, 2720, 404
374, 2730, 403
375, 2740, 400
375, 2750, 401
377, 2760, 400
377, 2770, 402
377, 2780, 403
377, 2790, 404
378, 2800, 402
378, 2810, 404
379, 2820, 406
381, 2830, 406
382, 2840, 408
384, 2850, 406
385, 2860, 409
385, 2870, 411
388, 2880, 413
388, 2890, 413
388, 2900, 411
389, 2910, 411
390, 2920, 413
391, 2930, 411
395, 2940, 414
396, 2950, 421
397, 2960, 419
398, 2970, 423
399, 2980, 424
399, 2990, 422
399, 3000, 426
399, 3010, 421
402, 3020, 423
403, 3030, 427
403, 3040, 429
404, 3050, 428
404, 3060, 428
404, 3070, 426
404, 3080, 426
407, 3090, 427
408, 3100, 430
{'count': 3100, 'truepos': 94, 'falseneg': 10, 'unknownyes': 2, 'falsepos': 314, 'unique': 3100}
18: Hall.csv: three: 0, 0
9, 10
13, 20, 126
17, 30, 139
18, 40, 157
20, 50, 143
23, 60, 143
24, 70, 151
27, 80, 134
28, 90, 129
32, 100, 123
40, 110, 106
43, 120, 109
48, 130, 110
54, 140, 105
58, 150, 115
64, 160, 112
66, 170, 128
71, 180, 114
74, 190, 121
78, 200, 120
82, 210, 118
86, 220, 104
90, 230, 108
94, 240, 108
97, 250, 116
100, 260, 122
101, 270, 122
104, 280, 124
105, 290, 126
106, 300, 128
108, 310, 124
108, 320, 131
108, 330, 125
109, 340, 125
110, 350, 127
111, 360, 130
113, 370, 131
113, 380, 131
113, 390, 135
113, 400, 129
114, 410, 127
114, 420, 130
114, 430, 127
115, 440, 127
115, 450, 129
116, 460, 128
116, 470, 129
116, 480, 130
118, 490, 128
118, 500, 133
118, 510, 133
118, 520, 131
118, 530, 131
118, 540, 132
119, 550, 130
119, 560, 130
119, 570, 129
119, 580, 129
119, 590, 129
119, 600, 128
121, 610, 129
121, 620, 136
121, 630, 131
121, 640, 132
121, 650, 130
121, 660, 131
122, 670, 130
122, 680, 132
122, 690, 130
122, 700, 132
122, 710, 131
122, 720, 130
122, 730, 131
123, 740, 130
124, 750, 132
124, 760, 132
124, 770, 133
124, 780, 132
124, 790, 132
124, 800, 132
124, 810, 131
126, 820, 132
126, 830, 133
126, 840, 133
126, 850, 133
126, 860, 134
{'count': 1877, 'truepos': 99, 'falseneg': 3, 'unknownyes': 4, 'falsepos': 27, 'unique': 860}
18: Hall.csv: machine: 0, 0
6, 10
6, 20, 100
12, 30, 95
15, 40, 99
17, 50, 103
21, 60, 99
['yes' 'yes' 'no' 'yes' 'yes' 'yes' 'no' 'yes' 'yes' 'yes']
['no']
16, 60, 99
22, 70, 80
26, 80, 90
30, 90, 110
35, 100, 87
40, 110, 91
['no' 'yes' 'yes' 'yes' 'no' 'yes' 'yes' 'yes' 'yes' 'no']
['no' 'no' 'no' 'no' 'yes' 'yes' 'no' 'no' 'yes' 'no']
40, 110, 91
45, 120, 90
52, 130, 91
53, 140, 100
55, 150, 90
57, 160, 98
['yes' 'yes' 'no' 'yes' 'yes' 'yes' 'yes' 'yes' 'yes' 'yes']
['no' 'no' 'no' 'no' 'yes' 'no' 'no' 'no' 'no' 'no']
57, 160, 98
62, 170, 89
66, 180, 100
68, 190, 112
72, 200, 101
75, 210, 94
['no' 'yes' 'yes' 'no' 'yes' 'yes' 'yes' 'yes' 'yes' 'no']
['no' 'no' 'no' 'no' 'no' 'no' 'no' 'no' 'no' 'no']
72, 210, 94
76, 220, 94
81, 230, 97
85, 240, 110
89, 250, 111
92, 260, 107
['no' 'no' 'no' 'yes' 'yes' 'yes' 'yes' 'no' 'no' 'yes']
['no' 'no' 'yes' 'yes' 'no' 'no' 'yes' 'no' 'no' 'no']
93, 260, 107
97, 270, 113
100, 280, 121
103, 290, 123
105, 300, 130
106, 310, 132
['no' 'no' 'no' 'yes' 'yes' 'yes' 'yes' 'no' 'yes' 'yes']
['no' 'no' 'no' 'no' 'no' 'no' 'no' 'no' 'no' 'no']
103, 310, 132
105, 320, 124
109, 330, 131
111, 340, 136
113, 350, 141
113, 360, 147
['no' 'no' 'no' 'no' 'no' 'yes' 'yes' 'yes' 'yes' 'no']
['no' 'no' 'no' 'no' 'no' 'no' 'no' 'no' 'yes' 'no']
108, 360, 147
109, 370, 124
110, 380, 124
110, 390, 121
112, 400, 122
113, 410, 126
['yes' 'no' 'no' 'no' 'no' 'no' 'yes' 'no' 'no' 'yes']
['no' 'no' 'no' 'no' 'no' 'no' 'no' 'yes' 'no' 'no']
107, 410, 126
110, 420, 121
115, 430, 124
115, 440, 141
116, 450, 134
117, 460, 136
['no' 'no' 'no' 'no' 'yes' 'no' 'yes' 'no' 'yes' 'no']
['no' 'yes' 'yes' 'no' 'no' 'no' 'no' 'no' 'no' 'no']
115, 460, 136
117, 470, 127
119, 480, 131
122, 490, 133
123, 500, 146
124, 510, 146
['no' 'yes' 'yes' 'no' 'no' 'yes' 'yes' 'yes' 'no' 'yes']
['no' 'no' 'no' 'no' 'no' 'no' 'no' 'no' 'no' 'no']
122, 510, 146
123, 520, 144
123, 530, 142
123, 540, 142
125, 550, 139
125, 560, 141
['no' 'no' 'yes' 'no' 'no' 'no' 'no' 'no' 'no' 'no']
['no' 'no' 'no' 'no' 'no' 'no' 'no' 'no' 'no' 'no']
116, 560, 141
116, 570, 125
['no' 'no' 'no' 'yes' 'no' 'no' 'yes' 'yes' 'no' 'no']
['no' 'no' 'no' 'no' 'no' 'no' 'no' 'no' 'no' 'no']
{'count': 801, 'truepos': 97, 'falseneg': 4, 'unknownyes': 5, 'falsepos': 13, 'unique': 570}
18: Hall.csv: machine2: 0, 0
8, 10
10, 20, 124
12, 30, 123
15, 40, 126
15, 50, 135
15, 60, 113
['no' 'yes' 'yes' 'no' 'yes' 'yes' 'yes' 'yes' 'yes' 'yes']
['no']
14, 60, 113
18, 70, 93
25, 80, 102
28, 90, 119
29, 100, 129
33, 110, 102
['yes' 'yes' 'yes' 'yes' 'no' 'yes' 'no' 'yes' 'yes' 'yes']
['no' 'no' 'no' 'no' 'no' 'no' 'no' 'no' 'no' 'no']
33, 110, 102
38, 120, 93
43, 130, 93
47, 140, 90
53, 150, 99
57, 160, 102
['yes' 'yes' 'yes' 'no' 'yes' 'yes' 'yes' 'yes' 'yes' 'yes']
['no' 'no' 'no' 'no' 'no' 'no' 'no' 'no' 'no' 'no']
57, 160, 102
61, 170, 97
63, 180, 105
68, 190, 97
75, 200, 105
77, 210, 132
['yes' 'yes' 'yes' 'yes' 'yes' 'yes' 'no' 'yes' 'no' 'yes']
['yes' 'no' 'no' 'yes' 'yes' 'yes' 'no' 'no' 'no' 'no']
80, 210, 132
83, 220, 111
85, 230, 118
87, 240, 122
88, 250, 128
89, 260, 117
['no' 'no' 'yes' 'yes' 'yes' 'no' 'yes' 'yes' 'yes' 'yes']
['no' 'no' 'yes' 'no' 'no' 'yes' 'no' 'no' 'no' 'no']
91, 260, 117
92, 270, 115
94, 280, 119
97, 290, 117
99, 300, 119
104, 310, 122
['no' 'yes' 'yes' 'no' 'no' 'yes' 'no' 'yes' 'yes' 'yes']
['no' 'no' 'no' 'yes' 'no' 'no' 'no' 'no' 'no' 'no']
104, 310, 122
106, 320, 131
110, 330, 132
110, 340, 143
112, 350, 132
113, 360, 131
['no' 'no' 'no' 'yes' 'yes' 'no' 'yes' 'no' 'yes' 'yes']
['yes' 'no' 'no' 'no' 'no' 'yes' 'no' 'no' 'yes' 'no']
114, 360, 131
117, 370, 136
117, 380, 139
117, 390, 136
118, 400, 135
118, 410, 131
['no' 'yes' 'yes' 'yes' 'yes' 'yes' 'no' 'yes' 'yes' 'no']
['no' 'no' 'no' 'no' 'no' 'yes' 'no' 'no' 'no' 'no']
117, 410, 131
118, 420, 130
119, 430, 134
119, 440, 132
120, 450, 132
122, 460, 132
['no' 'no' 'no' 'no' 'no' 'no' 'no' 'no' 'yes' 'yes']
['no' 'no' 'no' 'no' 'no' 'no' 'no' 'no' 'no' 'no']
117, 460, 132
117, 470, 126
117, 480, 126
118, 490, 125
118, 500, 132
119, 510, 127
['no' 'no' 'yes' 'yes' 'no' 'no' 'no' 'yes' 'yes' 'no']
['no' 'no' 'no' 'no' 'no' 'no' 'no' 'no' 'no' 'no']
115, 510, 127
117, 520, 126
118, 530, 129
119, 540, 129
119, 550, 131
120, 560, 134
['no' 'no' 'no' 'no' 'yes' 'no' 'no' 'no' 'no' 'yes']
['no' 'no' 'no' 'no' 'yes' 'no' 'no' 'no' 'no' 'no']
115, 560, 134
116, 570, 126
116, 580, 124
118, 590, 125
119, 600, 129
120, 610, 130
['no' 'no' 'no' 'no' 'no' 'yes' 'no' 'no' 'no' 'yes']
['no' 'no' 'no' 'no' 'no' 'no' 'no' 'no' 'no' 'no']
114, 610, 130
115, 620, 121
116, 630, 123
118, 640, 124
120, 650, 131
123, 660, 136
['no' 'no' 'no' 'no' 'no' 'no' 'yes' 'no' 'yes' 'yes']
['no' 'no' 'no' 'no' 'no' 'no' 'no' 'no' 'no' 'no']
117, 660, 136
118, 670, 126
118, 680, 129
118, 690, 129
120, 700, 127
120, 710, 134
['no' 'no' 'no' 'no' 'no' 'no' 'yes' 'yes' 'yes' 'yes']
['no' 'no' 'no' 'no' 'no' 'no' 'no' 'no' 'no' 'no']
115, 710, 134
['no' 'yes' 'yes' 'yes' 'yes' 'yes' 'yes' 'yes' 'yes' 'yes']
['no' 'no' 'no' 'no' 'no' 'no' 'no' 'no' 'no' 'no']
{'count': 1050, 'truepos': 101, 'falseneg': 1, 'unknownyes': 4, 'falsepos': 14, 'unique': 710}
18: Hall.csv: machine3: 0, 0
7, 10
9, 20, 112
9, 30, 114
12, 40, 107
14, 50, 110
16, 60, 93
null
['no']
16, 60, 93
17, 70, 87
24, 80, 85
27, 90, 98
33, 100, 98
37, 110, 89
null
['no' 'no' 'no' 'no' 'no' 'yes' 'no' 'no' 'yes' 'no']
38, 110, 89
43, 120, 94
47, 130, 94
47, 140, 100
50, 150, 94
52, 160, 95
null
['no' 'no' 'no' 'yes' 'no' 'no' 'yes' 'no' 'no' 'no']
54, 160, 95
57, 170, 85
58, 180, 94
63, 190, 82
67, 200, 89
71, 210, 88
null
['no' 'no' 'no' 'no' 'no' 'no' 'no' 'yes' 'no' 'yes']
73, 210, 88
77, 220, 98
79, 230, 94
81, 240, 93
83, 250, 94
85, 260, 96
null
['no' 'no' 'yes' 'yes' 'no' 'yes' 'no' 'no' 'no' 'no']
89, 260, 96
90, 270, 102
93, 280, 103
94, 290, 108
96, 300, 109
97, 310, 111
null
['no' 'no' 'no' 'no' 'no' 'no' 'no' 'no' 'no' 'no']
97, 310, 111
97, 320, 113
98, 330, 109
98, 340, 109
98, 350, 110
98, 360, 110
null
['no' 'no' 'no' 'no' 'no' 'no' 'no' 'no' 'no' 'no']
98, 360, 110
99, 370, 107
99, 380, 108
99, 390, 108
99, 400, 106
99, 410, 108
null
['no' 'no' 'no' 'no' 'yes' 'no' 'no' 'no' 'no' 'no']
100, 410, 108
100, 420, 109
100, 430, 109
101, 440, 107
101, 450, 110
101, 460, 108
null
['no' 'no' 'no' 'no' 'no' 'no' 'no' 'no' 'no' 'no']
101, 460, 108
101, 470, 108
101, 480, 108
101, 490, 110
101, 500, 108
102, 510, 109
null
['no' 'yes' 'no' 'no' 'no' 'no' 'no' 'no' 'no' 'no']
103, 510, 109
103, 520, 112
104, 530, 110
104, 540, 111
104, 550, 111
104, 560, 111
null
['no' 'no' 'no' 'no' 'no' 'no' 'no' 'no' 'no' 'no']
104, 560, 111
null
['no' 'no' 'no' 'no' 'no' 'no' 'no' 'no' 'no' 'no']
{'count': 877, 'truepos': 95, 'falseneg': 7, 'unknownyes': 4, 'falsepos': 10, 'unique': 560}
18: Wahono.csv: none: 0, 0
7, 10
9, 20, 111
10, 30, 107
11, 40, 105
15, 50, 94
16, 60, 95
18, 70, 82
22, 80, 72
23, 90, 76
28, 100, 66
29, 110, 64
32, 120, 62
34, 130, 52
36, 140, 62
37, 150, 59
39, 160, 64
39, 170, 72
40, 180, 64
44, 190, 69
47, 200, 77
47, 210, 90
51, 220, 84
53, 230, 98
53, 240, 104
55, 250, 92
57, 260, 93
59, 270, 101
61, 280, 94
62, 290, 99
62, 300, 103
63, 310, 104
63, 320, 106
67, 330, 94
68, 340, 107
70, 350, 106
72, 360, 104
74, 370, 106
76, 380, 111
80, 390, 113
83, 400, 122
86, 410, 119
86, 420, 119
89, 430, 121
92, 440, 127
92, 450, 135
93, 460, 128
94, 470, 121
98, 480, 131
99, 490, 137
99, 500, 133
100, 510, 139
100, 520, 142
100, 530, 135
102, 540, 135
102, 550, 134
102, 560, 135
103, 570, 134
105, 580, 132
105, 590, 134
106, 600, 132
107, 610, 134
109, 620, 131
109, 630, 139
110, 640, 138
110, 650, 140
111, 660, 134
113, 670, 138
113, 680, 145
113, 690, 138
117, 700, 139
118, 710, 142
118, 720, 147
119, 730, 140
120, 740, 142
121, 750, 142
121, 760, 149
123, 770, 143
123, 780, 148
124, 790, 150
125, 800, 153
128, 810, 153
130, 820, 152
130, 830, 162
132, 840, 153
134, 850, 159
134, 860, 158
134, 870, 158
137, 880, 160
138, 890, 166
139, 900, 166
139, 910, 169
140, 920, 171
141, 930, 170
144, 940, 168
147, 950, 172
148, 960, 176
148, 970, 178
150, 980, 179
151, 990, 178
152, 1000, 181
153, 1010, 179
153, 1020, 181
153, 1030, 184
156, 1040, 176
157, 1050, 182
159, 1060, 187
160, 1070, 188
162, 1080, 188
163, 1090, 189
167, 1100, 190
168, 1110, 200
170, 1120, 196
171, 1130, 197
173, 1140, 196
175, 1150, 198
176, 1160, 198
176, 1170, 203
176, 1180, 201
177, 1190, 203
178, 1200, 199
179, 1210, 201
182, 1220, 204
182, 1230, 208
183, 1240, 203
185, 1250, 205
187, 1260, 208
188, 1270, 211
189, 1280, 215
189, 1290, 215
189, 1300, 214
191, 1310, 212
191, 1320, 215
193, 1330, 213
195, 1340, 217
195, 1350, 219
195, 1360, 217
195, 1370, 218
197, 1380, 218
197, 1390, 219
198, 1400, 215
198, 1410, 220
198, 1420, 218
199, 1430, 217
199, 1440, 217
201, 1450, 220
202, 1460, 223
202, 1470, 223
205, 1480, 223
206, 1490, 224
206, 1500, 225
206, 1510, 226
208, 1520, 226
208, 1530, 226
209, 1540, 226
210, 1550, 226
212, 1560, 228
213, 1570, 232
216, 1580, 232
216, 1590, 238
216, 1600, 237
219, 1610, 240
222, 1620, 241
222, 1630, 251
225, 1640, 246
225, 1650, 254
227, 1660, 252
229, 1670, 254
230, 1680, 256
231, 1690, 250
232, 1700, 252
232, 1710, 258
233, 1720, 254
234, 1730, 256
235, 1740, 263
237, 1750, 255
237, 1760, 261
237, 1770, 257
238, 1780, 260
240, 1790, 258
241, 1800, 261
241, 1810, 263
241, 1820, 264
242, 1830, 260
244, 1840, 260
245, 1850, 264
245, 1860, 265
247, 1870, 266
248, 1880, 268
250, 1890, 271
251, 1900, 277
253, 1910, 274
253, 1920, 279
254, 1930, 277
254, 1940, 278
256, 1950, 278
256, 1960, 281
257, 1970, 276
258, 1980, 278
260, 1990, 278
263, 2000, 286
264, 2010, 291
265, 2020, 291
266, 2030, 291
267, 2040, 291
268, 2050, 294
268, 2060, 298
268, 2070, 299
268, 2080, 295
270, 2090, 296
271, 2100, 296
271, 2110, 297
271, 2120, 296
271, 2130, 294
272, 2140, 297
273, 2150, 297
275, 2160, 299
275, 2170, 302
276, 2180, 296
277, 2190, 300
277, 2200, 304
281, 2210, 301
281, 2220, 305
282, 2230, 306
283, 2240, 308
283, 2250, 308
283, 2260, 307
286, 2270, 309
287, 2280, 315
287, 2290, 315
289, 2300, 311
289, 2310, 313
289, 2320, 316
289, 2330, 313
289, 2340, 312
289, 2350, 313
291, 2360, 314
292, 2370, 316
293, 2380, 318
295, 2390, 314
296, 2400, 317
296, 2410, 317
297, 2420, 316
297, 2430, 316
297, 2440, 317
297, 2450, 316
299, 2460, 316
299, 2470, 320
300, 2480, 320
301, 2490, 322
301, 2500, 321
302, 2510, 319
304, 2520, 322
304, 2530, 325
306, 2540, 324
306, 2550, 323
307, 2560, 326
308, 2570, 325
309, 2580, 328
310, 2590, 330
311, 2600, 331
313, 2610, 331
314, 2620, 333
314, 2630, 334
316, 2640, 334
317, 2650, 339
320, 2660, 339
320, 2670, 343
320, 2680, 341
320, 2690, 342
321, 2700, 339
322, 2710, 342
325, 2720, 343
327, 2730, 346
329, 2740, 349
330, 2750, 352
334, 2760, 353
335, 2770, 360
335, 2780, 360
335, 2790, 363
336, 2800, 356
337, 2810, 360
337, 2820, 362
340, 2830, 360
342, 2840, 362
342, 2850, 365
344, 2860, 365
344, 2870, 367
344, 2880, 367
345, 2890, 364
346, 2900, 369
346, 2910, 368
346, 2920, 368
346, 2930, 367
346, 2940, 367
346, 2950, 365
348, 2960, 365
349, 2970, 367
{'count': 2970, 'truepos': 57, 'falseneg': 3, 'unknownyes': 2, 'falsepos': 292, 'unique': 2970}
18: Wahono.csv: three: 0, 0
5, 10
7, 20, 111
10, 30, 97
10, 40, 104
12, 50, 94
17, 60, 92
18, 70, 100
22, 80, 87
23, 90, 93
24, 100, 75
25, 110, 69
26, 120, 64
27, 130, 62
30, 140, 61
30, 150, 63
34, 160, 57
36, 170, 60
39, 180, 65
42, 190, 66
42, 200, 68
42, 210, 67
42, 220, 64
42, 230, 65
45, 240, 64
46, 250, 65
47, 260, 67
48, 270, 69
50, 280, 76
50, 290, 77
50, 300, 78
52, 310, 72
53, 320, 70
54, 330, 73
54, 340, 77
54, 350, 75
55, 360, 70
56, 370, 72
57, 380, 72
57, 390, 70
58, 400, 72
59, 410, 71
60, 420, 73
61, 430, 75
61, 440, 74
62, 450, 70
62, 460, 81
63, 470, 74
63, 480, 75
63, 490, 78
63, 500, 77
64, 510, 73
64, 520, 76
65, 530, 75
65, 540, 78
67, 550, 74
68, 560, 76
69, 570, 77
70, 580, 79
70, 590, 78
71, 600, 81
72, 610, 82
72, 620, 84
73, 630, 81
73, 640, 83
73, 650, 85
73, 660, 80
73, 670, 83
73, 680, 81
73, 690, 84
74, 700, 82
75, 710, 82
77, 720, 87
77, 730, 87
77, 740, 88
77, 750, 86
77, 760, 86
77, 770, 85
78, 780, 87
78, 790, 87
79, 800, 87
79, 810, 92
80, 820, 87
80, 830, 91
80, 840, 90
81, 850, 90
82, 860, 91
83, 870, 90
83, 880, 91
84, 890, 93
84, 900, 92
84, 910, 95
85, 920, 92
85, 930, 93
85, 940, 93
85, 950, 93
85, 960, 92
85, 970, 94
85, 980, 93
85, 990, 93
87, 1000, 92
87, 1010, 95
88, 1020, 94
88, 1030, 96
89, 1040, 96
89, 1050, 97
90, 1060, 97
90, 1070, 99
90, 1080, 98
90, 1090, 98
90, 1100, 96
91, 1110, 97
91, 1120, 98
92, 1130, 99
92, 1140, 99
92, 1150, 100
92, 1160, 99
92, 1170, 100
92, 1180, 100
92, 1190, 98
93, 1200, 98
93, 1210, 99
93, 1220, 99
94, 1230, 98
94, 1240, 100
95, 1250, 99
96, 1260, 101
97, 1270, 103
97, 1280, 103
98, 1290, 103
98, 1300, 105
98, 1310, 104
98, 1320, 104
99, 1330, 104
100, 1340, 105
101, 1350, 106
101, 1360, 107
101, 1370, 107
101, 1380, 107
{'count': 3022, 'truepos': 59, 'falseneg': 1, 'unknownyes': 2, 'falsepos': 42, 'unique': 1380}
18: Wahono.csv: machine: 0, 0
6, 10
6, 20, 101
7, 30, 93
12, 40, 87
14, 50, 89
14, 60, 89
['no' 'yes' 'yes' 'yes' 'no' 'yes' 'yes' 'yes' 'yes' 'yes']
[]
12, 60, 89
13, 70, 51
16, 80, 50
21, 90, 49
24, 100, 62
26, 110, 73
['yes' 'no' 'yes' 'yes' 'yes' 'yes' 'yes' 'no' 'yes' 'yes']
['no']
23, 110, 73
25, 120, 60
29, 130, 62
30, 140, 68
31, 150, 53
32, 160, 59
['no' 'yes' 'yes' 'no' 'yes' 'yes' 'no' 'no' 'yes' 'yes']
['no' 'no' 'no' 'no' 'no' 'no' 'no' 'no' 'no' 'no']
28, 160, 59
30, 170, 56
32, 180, 62
33, 190, 63
38, 200, 60
40, 210, 65
['yes' 'yes' 'no' 'no' 'yes' 'no' 'yes' 'yes' 'no' 'no']
['no' 'no' 'no' 'no' 'yes' 'yes' 'no' 'no' 'no' 'no']
37, 210, 65
39, 220, 72
40, 230, 64
41, 240, 66
43, 250, 67
43, 260, 73
['no' 'yes' 'no' 'no' 'yes' 'yes' 'yes' 'no' 'no' 'yes']
['yes' 'no' 'no' 'no' 'no' 'no' 'no' 'yes' 'no' 'no']
43, 260, 73
44, 270, 71
46, 280, 79
49, 290, 83
51, 300, 84
52, 310, 93
['no' 'no' 'no' 'no' 'no' 'no' 'no' 'no' 'yes' 'no']
['no' 'no' 'no' 'no' 'no' 'no' 'no' 'no' 'no' 'no']
46, 310, 93
48, 320, 66
48, 330, 67
51, 340, 66
51, 350, 80
51, 360, 76
['no' 'no' 'no' 'no' 'yes' 'no' 'yes' 'no' 'no' 'yes']
['no' 'no' 'no' 'no' 'no' 'no' 'no' 'no' 'no' 'no']
46, 360, 76
48, 370, 67
49, 380, 71
50, 390, 79
53, 400, 78
53, 410, 82
['no' 'no' 'no' 'yes' 'yes' 'no' 'no' 'no' 'yes' 'yes']
['no' 'no' 'no' 'no' 'no' 'no' 'no' 'no' 'no' 'no']
49, 410, 82
50, 420, 69
52, 430, 68
53, 440, 68
55, 450, 74
55, 460, 74
['no' 'no' 'no' 'yes' 'no' 'no' 'no' 'no' 'yes' 'no']
['no' 'no' 'no' 'no' 'no' 'no' 'no' 'no' 'no' 'no']
49, 460, 74
50, 470, 71
53, 480, 67
54, 490, 70
54, 500, 68
54, 510, 67
['yes' 'no' 'yes' 'yes' 'yes' 'yes' 'no' 'yes']
['no' 'no' 'no' 'no' 'no' 'no' 'no' 'no' 'yes' 'no']
52, 510, 67
55, 520, 67
55, 530, 73
56, 540, 70
56, 550, 71
56, 560, 72
['no' 'no' 'no' 'no']
['no' 'no' 'no' 'no' 'no' 'no' 'no' 'no' 'no' 'no']
55, 560, 72
55, 570, 70
56, 580, 69
57, 590, 70
58, 600, 71
58, 610, 71
['no' 'no' 'no' 'no' 'no']
['no' 'no' 'no' 'no' 'no' 'no' 'no' 'no' 'no' 'no']
54, 610, 71
55, 620, 65
55, 630, 65
56, 640, 65
56, 650, 68
57, 660, 66
['no' 'no' 'no' 'no']
['no' 'no' 'no' 'no' 'no' 'no' 'no' 'no' 'no' 'no']
54, 660, 66
55, 670, 64
57, 680, 64
58, 690, 66
59, 700, 67
61, 710, 67
['no' 'no' 'yes' 'no' 'no' 'yes' 'no']
['no' 'no' 'no' 'no' 'no' 'no' 'no' 'no' 'no' 'no']
59, 710, 67
63, 720, 67
64, 730, 71
64, 740, 72
65, 750, 73
66, 760, 73
['no' 'no' 'no' 'no' 'no' 'no' 'no' 'no']
['no' 'no' 'no' 'no' 'no' 'no' 'no' 'no' 'no' 'no']
60, 760, 73
60, 770, 66
61, 780, 67
63, 790, 69
65, 800, 71
66, 810, 74
['no' 'no' 'no' 'no' 'no' 'no' 'no' 'no']
['no' 'no' 'no' 'no' 'no' 'no' 'no' 'no' 'no' 'no']
59, 810, 74
60, 820, 65
62, 830, 66
62, 840, 68
63, 850, 68
63, 860, 69
['no' 'no' 'yes' 'no' 'no']
['no' 'no' 'no' 'no' 'no' 'no' 'no' 'no' 'no' 'no']
62, 860, 69
64, 870, 67
65, 880, 70
65, 890, 73
65, 900, 71
66, 910, 71
['no' 'no' 'yes' 'no' 'no' 'no']
['no' 'no' 'no' 'no' 'no' 'no' 'no' 'no' 'no' 'no']
62, 910, 71
64, 920, 68
67, 930, 71
67, 940, 74
68, 950, 74
69, 960, 76
['no' 'no' 'yes' 'no' 'yes' 'no' 'no' 'no']
['no' 'no' 'no' 'no' 'no' 'no' 'no' 'no' 'no' 'no']
65, 960, 76
67, 970, 72
67, 980, 73
67, 990, 73
68, 1000, 73
68, 1010, 74
['no' 'no' 'no']
['no' 'no' 'no' 'no' 'no' 'no' 'no' 'no' 'no' 'no']
65, 1010, 74
68, 1020, 70
69, 1030, 76
71, 1040, 77
72, 1050, 82
73, 1060, 84
['no' 'no' 'no' 'no' 'no' 'no' 'no' 'no']
['no' 'no' 'no' 'no' 'no' 'no' 'no' 'no' 'no' 'no']
66, 1060, 84
66, 1070, 72
67, 1080, 72
67, 1090, 73
68, 1100, 73
69, 1110, 75
['no' 'no' 'yes']
['no' 'no' 'no' 'no' 'no' 'no' 'no' 'no' 'no' 'no']
67, 1110, 75
68, 1120, 73
69, 1130, 74
69, 1140, 75
71, 1150, 76
73, 1160, 80
['no' 'no' 'no' 'no' 'no' 'no']
['yes' 'no' 'no' 'no' 'no' 'no' 'no' 'no' 'no' 'no']
70, 1160, 80
71, 1170, 76
72, 1180, 78
73, 1190, 78
73, 1200, 81
75, 1210, 80
['no' 'no' 'no' 'no' 'no' 'no' 'no']
['no' 'no' 'no' 'no' 'no' 'no' 'no' 'no' 'no' 'no']
68, 1210, 80
68, 1220, 73
69, 1230, 73
69, 1240, 75
70, 1250, 73
71, 1260, 74
['no' 'no' 'no']
['no' 'no' 'no' 'no' 'no' 'no' 'no' 'no' 'no' 'no']
['no' 'no' 'no']
['no' 'no' 'no' 'no' 'no' 'no' 'no' 'no' 'no' 'no']
{'count': 1674, 'truepos': 52, 'falseneg': 5, 'unknownyes': 5, 'falsepos': 18, 'unique': 1260}
18: Wahono.csv: machine2: 0, 0
4, 10
4, 20, 112
9, 30, 72
10, 40, 90
14, 50, 68
15, 60, 66
['yes' 'yes' 'yes' 'yes' 'yes' 'no' 'yes' 'yes' 'no' 'yes']
[]
14, 60, 66
18, 70, 55
20, 80, 67
20, 90, 60
23, 100, 54
27, 110, 54
['yes' 'no' 'no' 'no' 'yes' 'no' 'no' 'no' 'yes' 'yes']
[]
22, 110, 54
22, 120, 55
24, 130, 51
26, 140, 52
27, 150, 54
27, 160, 52
['no' 'no' 'yes' 'yes' 'yes' 'no' 'no' 'yes' 'yes' 'no']
['no']
23, 160, 52
25, 170, 52
28, 180, 52
28, 190, 57
29, 200, 56
30, 210, 56
['no' 'no' 'yes' 'yes' 'no' 'no' 'yes' 'no' 'yes' 'no']
['no' 'no' 'no' 'no' 'no' 'no' 'no' 'no' 'no' 'no']
26, 210, 56
28, 220, 53
28, 230, 57
29, 240, 54
31, 250, 55
32, 260, 50
['no' 'no' 'no' 'no' 'no' 'yes' 'no']
['yes' 'yes' 'no' 'no' 'no' 'no' 'no' 'no' 'no' 'no']
28, 260, 50
31, 270, 56
36, 280, 42
37, 290, 51
37, 300, 56
37, 310, 52
['no' 'yes' 'no' 'no' 'yes' 'no' 'no' 'no' 'no' 'no']
['no' 'no' 'no' 'no' 'no' 'no' 'no' 'no' 'no' 'no']
33, 310, 52
35, 320, 43
36, 330, 49
42, 340, 54
44, 350, 69
47, 360, 70
['yes' 'no' 'no' 'no' 'no' 'no' 'yes' 'yes' 'no' 'yes']
['yes' 'no' 'no' 'no' 'no' 'no' 'no' 'no' 'no' 'no']
47, 360, 70
49, 370, 70
51, 380, 72
52, 390, 79
56, 400, 72
58, 410, 80
['yes' 'no' 'yes' 'yes' 'yes' 'no' 'yes' 'no' 'no' 'yes']
['yes' 'no' 'no' 'yes' 'no' 'no' 'yes' 'yes' 'no' 'no']
59, 410, 80
61, 420, 80
64, 430, 81
64, 440, 91
67, 450, 87
70, 460, 91
['yes' 'no' 'no' 'no' 'no' 'yes' 'no' 'no' 'no' 'no']
['no' 'no' 'no' 'no' 'no' 'yes' 'no' 'no' 'no' 'no']
65, 460, 91
65, 470, 87
66, 480, 86
67, 490, 90
69, 500, 87
70, 510, 97
['no' 'no' 'no' 'no' 'no' 'no' 'yes' 'no' 'no' 'yes']
['no' 'no' 'no' 'no' 'no' 'no' 'no' 'no' 'no' 'no']
65, 510, 97
67, 520, 83
70, 530, 85
71, 540, 94
74, 550, 98
74, 560, 103
['no' 'no' 'no' 'no' 'no' 'no' 'no' 'yes' 'no' 'yes']
['no' 'no' 'no' 'no' 'no' 'no' 'no' 'no' 'no' 'no']
68, 560, 103
70, 570, 84
71, 580, 87
71, 590, 94
72, 600, 93
74, 610, 88
['no' 'no' 'no' 'no' 'no' 'no' 'no' 'no' 'yes' 'no']
['no' 'no' 'no' 'no' 'no' 'no' 'no' 'no' 'no' 'no']
69, 610, 88
71, 620, 85
72, 630, 97
74, 640, 96
79, 650, 90
80, 660, 101
['no' 'no' 'no' 'yes' 'yes' 'yes' 'no' 'no' 'no' 'no']
['no' 'no' 'no' 'no' 'no' 'no' 'no' 'no' 'no' 'no']
77, 660, 101
77, 670, 99
77, 680, 97
78, 690, 94
79, 700, 95
81, 710, 99
['no' 'no' 'no' 'no' 'no' 'no' 'no' 'no' 'yes' 'no']
['no' 'no' 'no' 'no' 'no' 'no' 'no' 'no' 'no' 'no']
73, 710, 99
76, 720, 85
77, 730, 92
79, 740, 93
80, 750, 97
82, 760, 101
['no' 'no' 'no' 'no' 'no' 'no' 'no' 'no' 'no' 'no']
['no' 'no' 'no' 'no' 'no' 'no' 'no' 'no' 'no' 'no']
74, 760, 101
74, 770, 87
75, 780, 88
78, 790, 87
79, 800, 91
79, 810, 90
['no' 'no' 'no' 'no' 'no' 'no' 'yes' 'yes' 'no' 'no']
['no' 'no' 'no' 'no' 'no' 'no' 'no' 'no' 'no' 'no']
74, 810, 90
75, 820, 85
76, 830, 87
77, 840, 92
80, 850, 89
81, 860, 93
['yes' 'no' 'no' 'no' 'no' 'no' 'no' 'no' 'no' 'no']
['no' 'no' 'no' 'no' 'no' 'no' 'no' 'no' 'no' 'no']
78, 860, 93
80, 870, 91
81, 880, 96
82, 890, 94
83, 900, 93
85, 910, 94
['no' 'no' 'no' 'no' 'no' 'no' 'no' 'no' 'no' 'no']
['no' 'no' 'no' 'no' 'no' 'no' 'no' 'no' 'no' 'no']
77, 910, 94
78, 920, 88
79, 930, 90
80, 940, 91
80, 950, 92
80, 960, 96
['no' 'no' 'no' 'no' 'yes' 'no']
['no' 'no' 'no' 'no' 'no' 'no' 'no' 'no' 'no' 'no']
75, 960, 96
77, 970, 88
79, 980, 88
79, 990, 90
81, 1000, 92
83, 1010, 94
['no' 'no' 'no' 'no' 'no' 'no' 'no' 'no']
['no' 'no' 'no' 'no' 'no' 'no' 'no' 'no' 'no' 'no']
80, 1010, 94
80, 1020, 90
81, 1030, 90
82, 1040, 90
83, 1050, 92
87, 1060, 94
['no' 'no' 'no' 'no' 'no' 'no' 'no' 'no' 'no']
['no' 'no' 'no' 'no' 'no' 'no' 'no' 'no' 'no' 'no']
81, 1060, 94
82, 1070, 92
83, 1080, 92
84, 1090, 94
88, 1100, 95
88, 1110, 102
['no' 'no' 'no' 'no' 'no' 'no' 'no']
['no' 'no' 'no' 'no' 'no' 'no' 'no' 'no' 'no' 'no']
83, 1110, 102
83, 1120, 93
83, 1130, 95
84, 1140, 92
85, 1150, 95
87, 1160, 95
['no' 'no' 'no' 'yes' 'yes']
['no' 'no' 'no' 'no' 'no' 'no' 'no' 'no' 'no' 'no']
86, 1160, 95
87, 1170, 97
87, 1180, 97
89, 1190, 97
91, 1200, 101
91, 1210, 102
['no' 'no' 'no' 'no' 'no' 'no' 'no']
['no' 'no' 'no' 'no' 'no' 'no' 'no' 'no' 'no' 'no']
88, 1210, 102
88, 1220, 99
89, 1230, 97
90, 1240, 100
92, 1250, 100
93, 1260, 102
['no' 'no' 'no' 'no' 'yes' 'no']
['no' 'no' 'no' 'no' 'no' 'no' 'no' 'no' 'no' 'no']
90, 1260, 102
92, 1270, 100
94, 1280, 104
98, 1290, 104
100, 1300, 113
101, 1310, 115
['no' 'no' 'no' 'no' 'no' 'no' 'no' 'no' 'no' 'no']
['no' 'no' 'no' 'no' 'no' 'no' 'no' 'no' 'no' 'no']
95, 1310, 115
99, 1320, 106
99, 1330, 114
100, 1340, 114
100, 1350, 116
100, 1360, 116
['no' 'no' 'no' 'no' 'no' 'no' 'no' 'no']
['no' 'no' 'no' 'no' 'no' 'no' 'no' 'no' 'no' 'no']
95, 1360, 116
96, 1370, 107
98, 1380, 104
100, 1390, 109
102, 1400, 112
103, 1410, 111
['yes' 'no' 'no' 'no' 'no' 'no' 'no' 'no' 'no']
['no' 'no' 'no' 'no' 'no' 'no' 'no' 'no' 'no' 'no']
98, 1410, 111
100, 1420, 107
100, 1430, 110
100, 1440, 110
100, 1450, 110
100, 1460, 111
['no' 'no' 'no' 'no']
['no' 'no' 'no' 'no' 'no' 'no' 'no' 'no' 'no' 'no']
101, 1460, 111
103, 1470, 111
105, 1480, 115
107, 1490, 116
109, 1500, 118
109, 1510, 122
['no' 'no' 'no' 'no' 'no' 'no' 'no' 'no' 'no' 'no']
['no' 'no' 'no' 'no' 'no' 'no' 'no' 'no' 'no' 'no']
103, 1510, 122
104, 1520, 112
106, 1530, 115
106, 1540, 118
109, 1550, 117
110, 1560, 120
['no' 'no' 'no' 'no' 'no' 'no' 'no' 'no' 'no' 'no']
['no' 'no' 'no' 'no' 'no' 'no' 'no' 'yes' 'no' 'no']
104, 1560, 120
105, 1570, 114
107, 1580, 116
107, 1590, 120
110, 1600, 117
111, 1610, 120
['no' 'yes' 'no' 'no' 'no' 'no' 'yes' 'no' 'no']
['no' 'no' 'no' 'no' 'no' 'no' 'no' 'no' 'no' 'no']
107, 1610, 120
108, 1620, 117
108, 1630, 119
108, 1640, 118
108, 1650, 117
108, 1660, 117
['no' 'no']
['no' 'no' 'no' 'no' 'no' 'no' 'no' 'no' 'no' 'no']
106, 1660, 117
107, 1670, 115
107, 1680, 115
108, 1690, 115
108, 1700, 116
109, 1710, 117
['no' 'no' 'yes']
['no' 'no' 'no' 'no' 'no' 'no' 'no' 'no' 'no' 'no']
108, 1710, 117
108, 1720, 117
109, 1730, 118
110, 1740, 117
112, 1750, 118
112, 1760, 120
['no' 'no' 'no' 'no']
['no' 'no' 'no' 'no' 'no' 'no' 'no' 'no' 'no' 'no']
110, 1760, 120
110, 1770, 118
111, 1780, 118
111, 1790, 119
112, 1800, 119
112, 1810, 120
['no' 'no' 'no' 'no']
['no' 'no' 'no' 'no' 'no' 'no' 'no' 'no' 'no' 'no']
110, 1810, 120
111, 1820, 117
112, 1830, 117
112, 1840, 120
114, 1850, 119
117, 1860, 122
['no' 'no' 'no' 'no' 'no' 'no' 'no' 'no']
['no' 'no' 'no' 'no' 'no' 'no' 'no' 'no' 'no' 'no']
['no' 'no' 'no' 'no' 'no' 'no' 'no' 'no']
['no' 'no' 'no' 'no' 'no' 'no' 'no' 'no' 'no' 'no']
{'count': 2691, 'truepos': 56, 'falseneg': 2, 'unknownyes': 4, 'falsepos': 56, 'unique': 1860}
18: Wahono.csv: machine3: 0, 0
5, 10
6, 20, 103
9, 30, 91
11, 40, 96
12, 50, 91
14, 60, 77
null
[]
16, 70, 63
18, 80, 55
18, 90, 55
18, 100, 49
19, 110, 46
20, 120, 45
null
['no']
20, 120, 45
21, 130, 44
24, 140, 45
25, 150, 55
25, 160, 53
25, 170, 48
null
[]
27, 180, 46
27, 190, 47
27, 200, 46
28, 210, 45
29, 220, 46
31, 230, 47
null
['no' 'no' 'no' 'no' 'no' 'no' 'no' 'no' 'no' 'no']
31, 230, 47
32, 240, 47
33, 250, 51
34, 260, 53
37, 270, 49
38, 280, 57
null
['no' 'no' 'no' 'no' 'yes' 'no' 'no' 'no' 'no' 'no']
38, 280, 57
39, 290, 56
40, 300, 59
40, 310, 58
41, 320, 55
42, 330, 56
null
['no' 'no' 'no' 'no' 'no' 'no' 'no' 'no' 'no' 'no']
42, 330, 56
44, 340, 55
44, 350, 61
45, 360, 60
45, 370, 65
46, 380, 57
null
['no' 'no' 'no' 'no' 'no' 'yes' 'no' 'no' 'no' 'no']
47, 380, 57
48, 390, 61
48, 400, 66
49, 410, 61
49, 420, 66
49, 430, 62
null
['no' 'no' 'yes' 'no' 'no' 'no' 'no' 'yes' 'no' 'no']
51, 430, 62
51, 440, 64
52, 450, 66
53, 460, 62
53, 470, 64
53, 480, 68
null
['no' 'no' 'no' 'no' 'no' 'no' 'no' 'no' 'no' 'no']
53, 480, 68
53, 490, 61
53, 500, 66
54, 510, 64
54, 520, 64
54, 530, 63
null
['no' 'no' 'no' 'no' 'no' 'no' 'no' 'no' 'no' 'no']
54, 530, 63
55, 540, 65
55, 550, 65
56, 560, 63
56, 570, 67
56, 580, 66
null
['no' 'no' 'no' 'no' 'no' 'no' 'no' 'no' 'no' 'no']
56, 580, 66
56, 590, 67
57, 600, 67
57, 610, 65
57, 620, 65
57, 630, 65
null
['no' 'no' 'no' 'no' 'no' 'no' 'no' 'no' 'no' 'no']
57, 630, 65
57, 640, 65
59, 650, 64
61, 660, 66
61, 670, 69
61, 680, 69
null
['no' 'no' 'no' 'no' 'no' 'no' 'no' 'no' 'no' 'no']
61, 680, 69
61, 690, 69
61, 700, 69
61, 710, 68
62, 720, 67
62, 730, 68
null
['no' 'no' 'no' 'no' 'no' 'no' 'no' 'no' 'no' 'no']
62, 730, 68
63, 740, 69
64, 750, 70
65, 760, 72
65, 770, 74
66, 780, 74
null
['no' 'no' 'no' 'no' 'no' 'no' 'no' 'no' 'no' 'no']
66, 780, 74
66, 790, 75
67, 800, 77
68, 810, 78
68, 820, 79
69, 830, 79
null
['no' 'no' 'yes' 'no' 'no' 'no' 'no' 'no' 'no' 'no']
70, 830, 79
71, 840, 83
71, 850, 85
74, 860, 82
74, 870, 93
74, 880, 89
null
['no' 'no' 'no' 'no' 'no' 'no' 'no' 'no' 'no' 'no']
74, 880, 89
74, 890, 86
75, 900, 86
75, 910, 87
75, 920, 88
75, 930, 87
null
['no' 'no' 'no' 'no' 'no' 'no' 'no' 'no' 'no' 'no']
75, 930, 87
75, 940, 89
75, 950, 87
76, 960, 85
76, 970, 87
76, 980, 86
null
['no' 'no' 'no' 'no' 'no' 'no' 'no' 'no' 'no' 'no']
76, 980, 86
77, 990, 85
77, 1000, 87
77, 1010, 87
77, 1020, 89
77, 1030, 87
null
['no' 'no' 'no' 'no' 'no' 'no' 'no' 'no' 'no' 'no']
77, 1030, 87
77, 1040, 88
77, 1050, 87
77, 1060, 88
77, 1070, 86
77, 1080, 85
null
['no' 'no' 'no' 'no' 'no' 'no' 'no' 'no' 'no' 'no']
77, 1080, 85
78, 1090, 84
79, 1100, 86
79, 1110, 87
79, 1120, 87
79, 1130, 87
null
['no' 'no' 'no' 'no' 'no' 'no' 'no' 'no' 'no' 'no']
79, 1130, 87
80, 1140, 86
80, 1150, 89
80, 1160, 88
80, 1170, 89
80, 1180, 86
null
['no' 'no' 'no' 'no' 'no' 'no' 'no' 'no' 'no' 'no']
80, 1180, 86
80, 1190, 88
81, 1200, 88
82, 1210, 88
82, 1220, 90
82, 1230, 90
null
['no' 'no' 'no' 'no' 'no' 'no' 'no' 'no' 'no' 'no']
82, 1230, 90
82, 1240, 90
82, 1250, 88
83, 1260, 88
83, 1270, 89
85, 1280, 89
null
['no' 'no' 'no' 'no' 'no' 'no' 'no' 'no' 'yes' 'no']
null
['no' 'no' 'no' 'no' 'no' 'no' 'no' 'no' 'no' 'no']
{'count': 1822, 'truepos': 55, 'falseneg': 3, 'unknownyes': 4, 'falsepos': 30, 'unique': 1280}
18: Danijel.csv: none: 0, 0
4, 10
5, 20, 120
8, 30, 102
10, 40, 114
12, 50, 108
15, 60, 99
18, 70, 95
21, 80, 94
24, 90, 95
25, 100, 95
28, 110, 86
30, 120, 86
33, 130, 78
34, 140, 78
35, 150, 80
35, 160, 64
37, 170, 67
39, 180, 73
41, 190, 64
42, 200, 69
44, 210, 75
47, 220, 76
50, 230, 75
52, 240, 84
55, 250, 91
55, 260, 85
55, 270, 102
57, 280, 83
58, 290, 93
61, 300, 92
62, 310, 90
63, 320, 87
66, 330, 94
68, 340, 102
72, 350, 104
73, 360, 115
73, 370, 107
75, 380, 98
78, 390, 102
79, 400, 101
79, 410, 105
80, 420, 100
81, 430, 108
82, 440, 106
84, 450, 103
86, 460, 109
89, 470, 106
89, 480, 104
91, 490, 110
92, 500, 106
93, 510, 107
97, 520, 116
97, 530, 115
99, 540, 123
99, 550, 125
99, 560, 120
100, 570, 120
100, 580, 123
100, 590, 119
101, 600, 118
103, 610, 118
106, 620, 120
107, 630, 124
108, 640, 132
108, 650, 126
109, 660, 122
109, 670, 128
109, 680, 133
110, 690, 126
110, 700, 130
111, 710, 124
112, 720, 134
115, 730, 135
116, 740, 145
116, 750, 138
117, 760, 143
117, 770, 149
119, 780, 142
122, 790, 144
122, 800, 145
124, 810, 150
127, 820, 157
129, 830, 155
130, 840, 159
130, 850, 167
132, 860, 160
133, 870, 158
133, 880, 159
133, 890, 155
135, 900, 157
136, 910, 164
136, 920, 169
139, 930, 165
140, 940, 181
140, 950, 174
141, 960, 174
142, 970, 173
142, 980, 174
144, 990, 172
145, 1000, 169
146, 1010, 170
146, 1020, 172
148, 1030, 170
149, 1040, 176
149, 1050, 180
149, 1060, 178
149, 1070, 175
151, 1080, 169
151, 1090, 178
151, 1100, 183
152, 1110, 177
152, 1120, 179
153, 1130, 173
154, 1140, 180
157, 1150, 178
158, 1160, 180
160, 1170, 178
163, 1180, 188
164, 1190, 189
164, 1200, 193
164, 1210, 193
166, 1220, 190
168, 1230, 190
168, 1240, 195
169, 1250, 195
169, 1260, 197
170, 1270, 197
171, 1280, 198
173, 1290, 199
173, 1300, 204
173, 1310, 196
175, 1320, 203
177, 1330, 200
177, 1340, 205
178, 1350, 205
179, 1360, 205
179, 1370, 205
180, 1380, 201
181, 1390, 204
183, 1400, 207
184, 1410, 206
185, 1420, 213
186, 1430, 207
187, 1440, 208
189, 1450, 209
190, 1460, 210
190, 1470, 212
191, 1480, 213
192, 1490, 210
194, 1500, 215
196, 1510, 218
197, 1520, 220
200, 1530, 217
201, 1540, 222
202, 1550, 225
203, 1560, 225
203, 1570, 232
203, 1580, 227
204, 1590, 225
206, 1600, 223
209, 1610, 229
211, 1620, 234
211, 1630, 232
211, 1640, 233
212, 1650, 233
213, 1660, 234
215, 1670, 234
216, 1680, 233
216, 1690, 238
217, 1700, 235
220, 1710, 240
221, 1720, 238
222, 1730, 241
222, 1740, 242
223, 1750, 243
225, 1760, 244
225, 1770, 246
226, 1780, 247
226, 1790, 244
226, 1800, 245
228, 1810, 245
228, 1820, 244
228, 1830, 247
231, 1840, 247
235, 1850, 252
236, 1860, 253
237, 1870, 253
238, 1880, 256
239, 1890, 255
240, 1900, 257
241, 1910, 260
243, 1920, 256
245, 1930, 260
245, 1940, 263
246, 1950, 263
246, 1960, 264
246, 1970, 266
246, 1980, 262
246, 1990, 263
246, 2000, 264
248, 2010, 265
248, 2020, 267
250, 2030, 265
252, 2040, 269
252, 2050, 270
255, 2060, 270
255, 2070, 273
256, 2080, 273
256, 2090, 277
258, 2100, 272
259, 2110, 274
259, 2120, 276
259, 2130, 274
260, 2140, 274
262, 2150, 276
262, 2160, 277
262, 2170, 280
262, 2180, 278
{'count': 2180, 'truepos': 40, 'falseneg': 5, 'unknownyes': 3, 'falsepos': 222, 'unique': 2180}
18: Danijel.csv: three: 0, 0
4, 10
4, 20, 127
6, 30, 92
9, 40, 83
9, 50, 83
12, 60, 64
13, 70, 59
16, 80, 58
17, 90, 61
19, 100, 55
24, 110, 54
26, 120, 62
29, 130, 61
29, 140, 55
31, 150, 51
33, 160, 55
33, 170, 53
34, 180, 50
36, 190, 49
36, 200, 54
37, 210, 53
37, 220, 50
42, 230, 50
44, 240, 60
46, 250, 57
47, 260, 61
47, 270, 63
47, 280, 61
48, 290, 57
49, 300, 59
49, 310, 61
51, 320, 61
51, 330, 62
53, 340, 63
53, 350, 62
53, 360, 62
53, 370, 65
53, 380, 65
54, 390, 62
54, 400, 64
54, 410, 64
54, 420, 62
54, 430, 63
54, 440, 61
54, 450, 61
54, 460, 64
54, 470, 60
54, 480, 64
54, 490, 61
54, 500, 61
55, 510, 60
55, 520, 66
55, 530, 62
55, 540, 62
55, 550, 62
55, 560, 60
55, 570, 62
55, 580, 63
56, 590, 61
56, 600, 61
56, 610, 61
56, 620, 61
57, 630, 63
58, 640, 64
58, 650, 66
58, 660, 64
58, 670, 63
58, 680, 64
59, 690, 62
60, 700, 64
60, 710, 66
60, 720, 66
60, 730, 68
60, 740, 65
61, 750, 65
61, 760, 67
61, 770, 65
61, 780, 66
61, 790, 66
61, 800, 66
61, 810, 65
61, 820, 66
61, 830, 66
{'count': 1822, 'truepos': 44, 'falseneg': 0, 'unknownyes': 4, 'falsepos': 17, 'unique': 830}
18: Danijel.csv: machine: 0, 0
4, 10
5, 20, 112
5, 30, 96
7, 40, 69
11, 50, 60
14, 60, 76
['no' 'yes' 'yes' 'yes' 'no' 'yes' 'yes' 'yes' 'no' 'yes']
[]
9, 60, 76
10, 70, 64
12, 80, 58
13, 90, 61
17, 100, 61
21, 110, 69
['no' 'yes' 'yes' 'yes' 'yes' 'no' 'no' 'yes' 'yes' 'yes']
[]
18, 110, 69
20, 120, 71
20, 130, 61
22, 140, 55
25, 150, 57
28, 160, 57
['no' 'yes' 'no' 'yes' 'no' 'yes' 'yes' 'no' 'no' 'no']
[]
22, 160, 57
24, 170, 52
24, 180, 52
25, 190, 49
27, 200, 49
29, 210, 51
['yes' 'yes' 'yes' 'no' 'yes' 'no' 'no' 'yes' 'no' 'no']
[]
25, 210, 51
28, 220, 48
31, 230, 49
31, 240, 52
34, 250, 55
36, 260, 57
['no' 'no' 'no' 'no' 'no' 'no' 'yes' 'no' 'no' 'no']
['no' 'yes' 'no' 'no' 'no' 'no' 'no' 'no' 'no' 'no']
28, 260, 57
31, 270, 46
33, 280, 42
35, 290, 47
36, 300, 48
38, 310, 49
['no' 'yes' 'no' 'no' 'yes' 'no' 'yes' 'no' 'no' 'no']
['no' 'no' 'no' 'no' 'no' 'no' 'no' 'no' 'no' 'no']
33, 310, 49
34, 320, 46
34, 330, 49
36, 340, 44
39, 350, 49
43, 360, 56
['yes' 'no' 'yes' 'no' 'yes' 'no' 'no' 'no' 'no' 'no']
['no' 'no' 'no' 'no' 'no' 'no' 'no' 'no' 'no' 'no']
38, 360, 56
38, 370, 52
39, 380, 51
40, 390, 55
42, 400, 54
43, 410, 62
['yes' 'no' 'no' 'no' 'no' 'no' 'yes' 'no' 'no' 'yes']
['yes' 'no' 'no' 'no' 'no' 'no' 'no' 'no' 'no' 'no']
38, 410, 62
40, 420, 48
40, 430, 50
41, 440, 53
42, 450, 53
44, 460, 55
['no' 'no' 'no' 'no' 'no' 'no' 'yes' 'no' 'no']
['no' 'no' 'no' 'no' 'no' 'no' 'no' 'no' 'no' 'no']
36, 460, 55
39, 470, 43
39, 480, 48
39, 490, 47
40, 500, 47
42, 510, 50
['no' 'yes' 'no' 'no' 'no' 'yes']
['no' 'yes' 'no' 'no' 'no' 'no' 'no' 'yes' 'no' 'no']
39, 510, 50
40, 520, 44
42, 530, 49
44, 540, 49
44, 550, 53
44, 560, 52
['no' 'yes' 'no' 'no' 'no' 'yes']
['no' 'no' 'no' 'no' 'no' 'no' 'no' 'no' 'no' 'no']
40, 560, 52
42, 570, 46
42, 580, 50
42, 590, 47
43, 600, 48
44, 610, 49
['no' 'no' 'no' 'no' 'no']
['no' 'no' 'no' 'no' 'no' 'no' 'yes' 'no' 'no' 'no']
41, 610, 49
43, 620, 45
43, 630, 50
43, 640, 49
44, 650, 48
44, 660, 48
['no' 'no' 'yes' 'no' 'no']
['no' 'no' 'no' 'no' 'no' 'no' 'no' 'no' 'no' 'no']
40, 660, 48
41, 670, 44
43, 680, 45
43, 690, 49
46, 700, 49
47, 710, 52
['no' 'no' 'no' 'no' 'no' 'no' 'no']
['no' 'no' 'no' 'no' 'no' 'no' 'no' 'no' 'no' 'no']
41, 710, 52
42, 720, 44
44, 730, 46
46, 740, 48
46, 750, 50
48, 760, 50
['no' 'no' 'yes' 'no' 'yes' 'no' 'no' 'yes']
['no' 'no' 'no' 'no' 'no' 'no' 'no' 'no' 'no' 'no']
['no' 'no' 'yes' 'no' 'yes' 'yes' 'no' 'no']
['no' 'no' 'no' 'no' 'no' 'no' 'no' 'no' 'no' 'no']
{'count': 996, 'truepos': 36, 'falseneg': 8, 'unknownyes': 4, 'falsepos': 8, 'unique': 760}
18: Danijel.csv: machine2: 0, 0
4, 10
6, 20, 121
6, 30, 107
9, 40, 95
11, 50, 97
15, 60, 84
['no' 'yes' 'no' 'no' 'yes' 'yes' 'yes' 'yes' 'yes' 'no']
[]
11, 60, 84
14, 70, 76
15, 80, 85
17, 90, 73
21, 100, 60
24, 110, 68
['yes' 'yes' 'no' 'no' 'no' 'yes' 'yes' 'yes' 'yes' 'no']
[]
22, 110, 68
26, 120, 73
28, 130, 77
29, 140, 73
31, 150, 71
34, 160, 62
['yes' 'no' 'yes' 'yes' 'yes' 'yes' 'no' 'no' 'yes' 'yes']
['no' 'no' 'no' 'no' 'no' 'no' 'no' 'yes' 'no' 'no']
34, 160, 62
38, 170, 57
40, 180, 62
41, 190, 70
44, 200, 63
46, 210, 66
['yes' 'yes' 'yes' 'yes' 'yes' 'no' 'yes' 'yes' 'no' 'no']
['no' 'no' 'no' 'no' 'no' 'no' 'yes' 'no' 'no' 'no']
46, 210, 66
48, 220, 64
51, 230, 70
52, 240, 78
54, 250, 69
55, 260, 73
['no' 'no' 'no' 'no' 'yes' 'no' 'yes' 'yes' 'yes' 'yes']
['no' 'no' 'no' 'no' 'no' 'no' 'no' 'no' 'no' 'no']
52, 260, 73
53, 270, 69
55, 280, 66
55, 290, 72
56, 300, 69
56, 310, 70
['yes' 'no' 'no' 'no' 'no' 'no' 'yes' 'no' 'no' 'no']
['yes' 'no' 'no' 'no' 'no' 'no' 'no' 'no' 'no' 'no']
49, 310, 70
50, 320, 59
51, 330, 58
51, 340, 62
51, 350, 59
52, 360, 58
['yes' 'yes' 'yes' 'yes' 'no' 'no' 'yes' 'yes' 'yes' 'yes']
['no' 'no' 'no' 'no' 'no' 'no' 'no' 'no' 'no' 'no']
53, 360, 58
53, 370, 61
55, 380, 59
56, 390, 66
57, 400, 65
57, 410, 67
['no' 'no' 'no' 'no' 'no' 'no' 'yes']
['no' 'no' 'no' 'no' 'no' 'no' 'no' 'no' 'no' 'no']
52, 410, 67
53, 420, 57
53, 430, 60
54, 440, 59
56, 450, 62
57, 460, 63
['yes' 'no' 'no' 'no' 'no' 'no']
['no' 'no' 'no' 'no' 'no' 'no' 'no' 'no' 'no' 'no']
55, 460, 63
57, 470, 62
58, 480, 64
60, 490, 64
61, 500, 66
62, 510, 68
['no' 'no' 'no' 'no' 'no' 'no' 'no' 'no' 'no' 'no']
['no' 'no' 'no' 'no' 'no' 'no' 'no' 'no' 'no' 'no']
53, 510, 68
54, 520, 57
55, 530, 58
56, 540, 61
57, 550, 61
58, 560, 61
['no' 'no' 'yes' 'no' 'no']
['no' 'no' 'no' 'no' 'no' 'no' 'no' 'no' 'no' 'no']
['yes' 'no' 'no' 'no' 'no']
['no' 'no' 'no' 'no' 'no' 'no' 'no' 'no' 'no' 'no']
{'count': 799, 'truepos': 43, 'falseneg': 2, 'unknownyes': 3, 'falsepos': 12, 'unique': 560}
18: Danijel.csv: machine3: 0, 0
3, 10
3, 20, 105
5, 30, 77
7, 40, 59
7, 50, 52
7, 60, 45
null
[]
9, 70, 41
10, 80, 45
12, 90, 43
16, 100, 45
17, 110, 54
23, 120, 48
null
[]
26, 130, 57
29, 140, 60
33, 150, 59
34, 160, 55
35, 170, 52
35, 180, 49
null
['no' 'no' 'no' 'no' 'no' 'no' 'no' 'no' 'no' 'no']
35, 180, 49
35, 190, 49
36, 200, 53
36, 210, 52
36, 220, 54
37, 230, 47
null
['no' 'no' 'no' 'no' 'yes' 'no' 'no' 'no' 'no' 'no']
38, 230, 47
38, 240, 50
39, 250, 48
40, 260, 50
40, 270, 54
40, 280, 50
null
['no' 'no' 'no' 'no' 'no' 'no' 'no' 'no' 'no' 'no']
40, 280, 50
40, 290, 49
42, 300, 49
42, 310, 54
42, 320, 52
42, 330, 54
null
['no' 'no' 'no' 'no' 'no' 'no' 'no' 'no' 'no' 'no']
43, 330, 54
43, 340, 54
44, 350, 53
44, 360, 52
46, 370, 52
46, 380, 57
null
['no' 'no' 'no' 'no' 'no' 'no' 'no' 'no' 'no' 'no']
46, 380, 57
46, 390, 53
46, 400, 56
47, 410, 53
47, 420, 57
47, 430, 56
null
['no' 'no' 'no' 'no' 'no' 'no' 'no' 'no' 'no' 'no']
47, 430, 56
47, 440, 55
49, 450, 54
50, 460, 55
51, 470, 56
51, 480, 57
null
['no' 'no' 'no' 'no' 'no' 'no' 'no' 'no' 'no' 'no']
51, 480, 57
51, 490, 56
51, 500, 55
51, 510, 59
51, 520, 56
52, 530, 56
null
['yes' 'no' 'no' 'no' 'no' 'no' 'no' 'no' 'no' 'no']
53, 530, 56
54, 540, 58
54, 550, 59
54, 560, 58
54, 570, 58
54, 580, 59
null
['no' 'no' 'no' 'no' 'no' 'no' 'no' 'no' 'no' 'no']
54, 580, 59
54, 590, 58
54, 600, 58
54, 610, 58
54, 620, 59
54, 630, 58
null
['no' 'no' 'no' 'no' 'no' 'no' 'no' 'no' 'no' 'no']
54, 630, 58
54, 640, 58
54, 650, 58
54, 660, 58
54, 670, 58
55, 680, 57
null
['no' 'no' 'no' 'no' 'no' 'no' 'no' 'no' 'no' 'no']
null
['no' 'no' 'no' 'no' 'no' 'no' 'no' 'no' 'no' 'no']
{'count': 962, 'truepos': 45, 'falseneg': 1, 'unknownyes': 2, 'falsepos': 10, 'unique': 680}
18: K_all3.csv: none: 0, 0
1, 10
2, 20, 92
3, 30, 63
4, 40, 59
6, 50, 48
7, 60, 48
8, 70, 44
10, 80, 42
12, 90, 44
15, 100, 44
17, 110, 45
20, 120, 46
22, 130, 50
23, 140, 50
24, 150, 49
25, 160, 49
28, 170, 47
29, 180, 50
31, 190, 49
35, 200, 49
36, 210, 52
36, 220, 51
38, 230, 48
40, 240, 49
44, 250, 53
46, 260, 56
49, 270, 56
50, 280, 61
53, 290, 62
54, 300, 65
57, 310, 69
57, 320, 79
58, 330, 71
60, 340, 70
61, 350, 81
64, 360, 77
65, 370, 83
65, 380, 83
68, 390, 80
70, 400, 83
70, 410, 82
70, 420, 83
70, 430, 80
72, 440, 78
74, 450, 81
74, 460, 83
75, 470, 85
75, 480, 82
76, 490, 83
77, 500, 84
78, 510, 88
80, 520, 85
84, 530, 89
85, 540, 93
85, 550, 97
86, 560, 92
89, 570, 93
91, 580, 98
93, 590, 100
94, 600, 101
94, 610, 101
94, 620, 103
94, 630, 101
96, 640, 101
97, 650, 105
97, 660, 106
97, 670, 105
98, 680, 105
98, 690, 105
100, 700, 105
101, 710, 108
101, 720, 108
101, 730, 110
101, 740, 107
{'count': 740, 'truepos': 36, 'falseneg': 3, 'unknownyes': 6, 'falsepos': 65, 'unique': 740}
18: K_all3.csv: three: 0, 0
1, 10
2, 20, 92
4, 30, 64
6, 40, 58
8, 50, 53
11, 60, 53
15, 70, 59
18, 80, 60
18, 90, 61
19, 100, 52
20, 110, 46
21, 120, 46
21, 130, 46
22, 140, 45
22, 150, 45
22, 160, 44
23, 170, 43
24, 180, 43
25, 190, 43
26, 200, 43
27, 210, 44
28, 220, 45
28, 230, 45
29, 240, 44
29, 250, 45
29, 260, 44
29, 270, 44
31, 280, 44
31, 290, 43
34, 300, 38
34, 310, 46
34, 320, 41
34, 330, 40
34, 340, 39
34, 350, 38
34, 360, 39
34, 370, 37
34, 380, 37
34, 390, 38
34, 400, 38
36, 410, 37
37, 420, 39
37, 430, 39
37, 440, 39
37, 450, 39
37, 460, 39
37, 470, 39
39, 480, 39
{'count': 1046, 'truepos': 32, 'falseneg': 3, 'unknownyes': 10, 'falsepos': 7, 'unique': 480}
18: K_all3.csv: machine: 0, 0
2, 10
4, 20, 72
6, 30, 69
10, 40, 68
10, 50, 68
14, 60, 65
['no' 'yes' 'yes' 'yes' 'no' 'no' 'no' 'no' 'yes' 'no']
['no' 'yes']
9, 60, 65
13, 70, 61
19, 80, 64
21, 90, 74
22, 100, 73
23, 110, 68
['yes' 'yes' 'yes' 'yes' 'yes' 'yes' 'no' 'no' 'yes' 'no']
['no']
19, 110, 68
21, 120, 58
24, 130, 59
30, 140, 60
31, 150, 47
33, 160, 43
['yes' 'yes' 'no' 'yes' 'yes' 'no' 'no' 'yes' 'yes' 'no']
['no' 'no' 'no' 'no' 'no' 'no' 'no' 'no' 'no' 'no']
30, 160, 43
33, 170, 43
37, 180, 49
37, 190, 55
37, 200, 55
38, 210, 51
['no' 'no' 'no' 'no' 'no' 'yes' 'yes' 'no' 'yes' 'yes']
['no' 'no' 'no' 'no' 'no' 'no' 'no' 'no' 'no' 'no']
32, 210, 51
33, 220, 42
35, 230, 42
35, 240, 45
37, 250, 43
39, 260, 46
['no' 'yes' 'yes' 'no' 'no' 'no' 'no' 'no' 'no' 'no']
['no' 'no' 'no' 'no' 'no' 'no' 'no' 'no' 'no' 'no']
32, 260, 46
33, 270, 41
34, 280, 39
35, 290, 41
36, 300, 41
39, 310, 40
['yes' 'no' 'no' 'yes' 'no' 'no' 'no' 'yes' 'no' 'no']
['no' 'no' 'no' 'no' 'no' 'no' 'no' 'no' 'no' 'no']
['no' 'no' 'yes' 'no' 'no' 'no' 'no' 'yes' 'no' 'yes']
['no' 'no' 'no' 'no' 'no' 'no' 'no' 'no' 'no' 'no']
{'count': 413, 'truepos': 27, 'falseneg': 3, 'unknownyes': 15, 'falsepos': 5, 'unique': 310}
18: K_all3.csv: machine2: 0, 0
1, 10
4, 20, 92
5, 30, 63
6, 40, 59
9, 50, 59
10, 60, 60
['no' 'no' 'yes' 'yes' 'yes' 'no' 'no' 'no' 'no' 'no']
[]
3, 60, 60
4, 70, 56
5, 80, 50
8, 90, 51
10, 100, 55
14, 110, 57
['no' 'no' 'yes' 'no' 'no' 'yes' 'no' 'yes' 'no' 'no']
[]
9, 110, 57
13, 120, 52
14, 130, 50
14, 140, 51
16, 150, 46
16, 160, 45
['yes' 'no' 'yes' 'yes' 'yes' 'no' 'yes' 'yes']
[]
16, 160, 45
18, 170, 44
19, 180, 47
20, 190, 46
24, 200, 46
25, 210, 51
['no' 'no' 'no' 'no' 'no' 'no' 'yes' 'no' 'yes']
['no']
20, 210, 51
22, 220, 45
23, 230, 46
23, 240, 46
24, 250, 45
25, 260, 45
['no' 'yes' 'no' 'no' 'yes']
[]
23, 260, 45
24, 270, 45
27, 280, 45
30, 290, 47
33, 300, 41
34, 310, 43
['yes' 'yes' 'yes' 'yes' 'yes' 'yes' 'no' 'yes' 'no' 'yes']
['no' 'no' 'no' 'no' 'no' 'no' 'no' 'no' 'no' 'no']
33, 310, 43
36, 320, 42
36, 330, 50
38, 340, 46
39, 350, 46
40, 360, 49
['yes' 'no' 'no' 'no' 'yes' 'no' 'no' 'no']
['no' 'no' 'no' 'no' 'no' 'no' 'no' 'no' 'no' 'no']
37, 360, 49
37, 370, 43
37, 380, 42
39, 390, 41
40, 400, 45
41, 410, 45
['no' 'yes' 'no' 'no' 'no']
['yes' 'no' 'no' 'no' 'no' 'no' 'no' 'no' 'no' 'no']
38, 410, 45
38, 420, 42
40, 430, 41
41, 440, 44
44, 450, 45
47, 460, 48
['yes' 'yes' 'yes' 'yes' 'no' 'no' 'no' 'no' 'yes' 'yes']
['no' 'no' 'yes' 'no' 'no' 'no' 'no' 'no' 'no' 'no']
['no' 'yes' 'yes' 'yes' 'no' 'yes' 'no' 'no' 'yes' 'yes']
['no' 'yes' 'no' 'no' 'no' 'no' 'no' 'no' 'no' 'no']
{'count': 610, 'truepos': 34, 'falseneg': 2, 'unknownyes': 9, 'falsepos': 13, 'unique': 460}
18: K_all3.csv: machine3: 0, 0
2, 10
5, 20, 70
5, 30, 81
7, 40, 67
10, 50, 62
11, 60, 59
null
[]
13, 70, 50
14, 80, 50
16, 90, 47
20, 100, 51
21, 110, 55
22, 120, 51
null
['no']
22, 120, 51
23, 130, 49
23, 140, 48
23, 150, 47
24, 160, 46
24, 170, 45
null
['no' 'no']
24, 170, 45
24, 180, 45
25, 190, 44
25, 200, 43
25, 210, 43
27, 220, 42
null
['yes' 'no']
28, 220, 42
29, 230, 45
31, 240, 47
32, 250, 43
33, 260, 46
34, 270, 42
null
['no' 'no' 'no' 'no' 'no' 'no' 'no' 'no' 'no' 'no']
34, 270, 42
35, 280, 43
35, 290, 46
35, 300, 44
36, 310, 41
37, 320, 43
null
['no' 'no' 'no' 'no' 'no' 'no' 'no' 'no' 'no' 'no']
38, 320, 43
38, 330, 47
38, 340, 44
39, 350, 44
39, 360, 43
39, 370, 44
null
['no' 'no' 'no' 'no' 'no' 'no' 'no' 'no' 'no' 'no']
39, 370, 44
41, 380, 43
41, 390, 45
41, 400, 45
null
['no' 'no' 'no' 'no' 'no' 'no' 'no' 'no' 'no' 'no']
{'count': 558, 'truepos': 31, 'falseneg': 1, 'unknownyes': 13, 'falsepos': 10, 'unique': 400}

------------------------------------------------------------
Sender: LSF System <lsfadmin@n2l3-3>
Subject: Job 269526: </share/tjmenzie/zyu9/miniconda2/bin/python2.7 runner.py error_hpcc 18> Done

Job </share/tjmenzie/zyu9/miniconda2/bin/python2.7 runner.py error_hpcc 18> was submitted from host <login01.hpc.ncsu.edu> by user <zyu9> in cluster <henry2>.
Job was executed on host(s) <2*n2l3-3>, in queue <single_chassis>, as user <zyu9> in cluster <henry2>.
</home/zyu9> was used as the home directory.
</home/zyu9/projects/MAR_HPC/Error/src> was used as the working directory.
Started at Thu Oct 19 15:36:40 2017
Results reported at Thu Oct 19 21:10:20 2017

Your job looked like:

------------------------------------------------------------
# LSBATCH: User input
/share/tjmenzie/zyu9/miniconda2/bin/python2.7 runner.py error_hpcc 18
------------------------------------------------------------

Successfully completed.

Resource usage summary:

    CPU time   :  21592.86 sec.
    Max Memory :       177 MB
    Max Swap   :      1127 MB

    Max Processes  :         3
    Max Threads    :         7

The output (if any) is above this job summary.



PS:

Read file <./err/18.err.269526> for stderr output of this job.

