18: Hall.csv: none: 0, 0
6, 10
6, 20, 111
8, 30, 97
12, 40, 89
14, 50, 93
16, 60, 81
17, 70, 78
21, 80, 61
26, 90, 52
26, 100, 58
27, 110, 51
28, 120, 50
32, 130, 50
35, 140, 56
37, 150, 61
40, 160, 63
44, 170, 60
45, 180, 69
48, 190, 71
48, 200, 67
50, 210, 67
53, 220, 67
55, 230, 71
55, 240, 80
56, 250, 70
58, 260, 74
59, 270, 68
59, 280, 75
59, 290, 73
59, 300, 73
61, 310, 68
63, 320, 72
66, 330, 73
67, 340, 75
67, 350, 77
67, 360, 76
67, 370, 80
69, 380, 80
69, 390, 76
69, 400, 76
69, 410, 76
69, 420, 76
69, 430, 78
69, 440, 75
70, 450, 74
70, 460, 76
70, 470, 76
70, 480, 76
70, 490, 78
70, 500, 75
70, 510, 76
70, 520, 77
70, 530, 76
70, 540, 76
70, 550, 75
70, 560, 75
70, 570, 75
71, 580, 74
71, 590, 75
71, 600, 75
71, 610, 75
71, 620, 77
71, 630, 75
71, 640, 75
71, 650, 75
71, 660, 75
71, 670, 75
71, 680, 75
71, 690, 76
{'count': 690, 'truepos': 66, 'falseneg': 36, 'correction': 0, 'unknownyes': 2, 'falsepos': 5, 'unique': 690}
18: Hall.csv: three: 0, 0
6, 10
7, 20, 102
12, 30, 105
13, 40, 124
15, 50, 113
18, 60, 115
21, 70, 118
26, 80, 83
30, 90, 88
34, 100, 96
39, 110, 95
41, 120, 90
43, 130, 96
44, 140, 88
47, 150, 78
50, 160, 85
54, 170, 91
59, 180, 85
63, 190, 91
63, 200, 102
66, 210, 91
69, 220, 94
71, 230, 95
72, 240, 88
73, 250, 89
75, 260, 92
77, 270, 96
77, 280, 99
78, 290, 100
81, 300, 98
81, 310, 101
81, 320, 97
82, 330, 98
82, 340, 98
82, 350, 101
82, 360, 95
82, 370, 95
82, 380, 97
82, 390, 96
82, 400, 94
82, 410, 94
82, 420, 93
82, 430, 92
82, 440, 91
83, 450, 92
83, 460, 93
83, 470, 91
83, 480, 92
83, 490, 93
83, 500, 91
83, 510, 91
83, 520, 90
83, 530, 92
83, 540, 91
83, 550, 91
83, 560, 90
83, 570, 90
83, 580, 91
83, 590, 90
83, 600, 89
83, 610, 91
83, 620, 89
83, 630, 89
83, 640, 89
83, 650, 88
{'count': 1351, 'truepos': 83, 'falseneg': 19, 'correction': 42, 'unknownyes': 2, 'falsepos': 0, 'unique': 650}
18: Hall.csv: machine: 0, 0
7, 10
9, 20, 112
12, 30, 108
16, 40, 107
18, 50, 108
20, 60, 118
23, 60, 118
29, 70, 76
35, 80, 82
37, 90, 89
39, 100, 79
42, 110, 76
48, 110, 76
50, 120, 89
54, 130, 82
58, 140, 87
61, 150, 88
64, 160, 86
66, 160, 86
66, 170, 98
70, 180, 85
72, 190, 88
73, 200, 90
76, 210, 85
78, 210, 85
79, 220, 95
80, 230, 93
82, 240, 97
86, 250, 93
86, 260, 104
86, 260, 104
87, 270, 99
89, 280, 98
89, 290, 102
89, 300, 99
89, 310, 100
90, 310, 100
90, 320, 104
90, 330, 101
91, 340, 98
92, 350, 99
92, 360, 100
93, 360, 100
93, 370, 100
93, 380, 102
94, 390, 100
94, 400, 105
95, 410, 102
95, 410, 102
95, 420, 103
95, 430, 106
95, 440, 104
95, 450, 103
95, 460, 102
95, 460, 102
{'count': 638, 'truepos': 94, 'falseneg': 7, 'correction': 15, 'unknownyes': 3, 'falsepos': 1, 'unique': 460}
18: Hall.csv: knee: 0, 0
6, 10
7, 20
9, 30
13, 40
14, 50
14, 60
16, 70
19, 80
22, 90
25, 100
27, 110
28, 120
33, 130
39, 140
41, 150
45, 160
46, 170
49, 180
52, 190
55, 200
57, 210
60, 220
60, 230
60, 240
60, 250
{'count': 410, 'truepos': 76, 'falseneg': 10, 'correction': 16, 'unknownyes': 18, 'falsepos': 0, 'unique': 250}
18: Wahono.csv: none: 0, 0
5, 10
6, 20, 104
8, 30, 89
10, 40, 96
12, 50, 93
14, 60, 79
16, 70, 76
18, 80, 62
19, 90, 54
19, 100, 55
20, 110, 49
20, 120, 39
22, 130, 37
23, 140, 41
25, 150, 43
27, 160, 47
28, 170, 53
31, 180, 50
32, 190, 57
32, 200, 60
33, 210, 54
35, 220, 60
35, 230, 63
35, 240, 59
35, 250, 60
35, 260, 53
35, 270, 54
35, 280, 53
35, 290, 53
36, 300, 51
37, 310, 56
38, 320, 54
38, 330, 54
38, 340, 57
38, 350, 53
38, 360, 54
39, 370, 51
40, 380, 52
41, 390, 54
41, 400, 56
41, 410, 56
42, 420, 53
42, 430, 54
43, 440, 55
43, 450, 55
43, 460, 58
43, 470, 56
45, 480, 54
45, 490, 56
45, 500, 57
45, 510, 57
45, 520, 57
45, 530, 56
45, 540, 56
45, 550, 56
45, 560, 55
45, 570, 56
45, 580, 56
45, 590, 56
45, 600, 55
45, 610, 53
46, 620, 56
46, 630, 56
46, 640, 56
46, 650, 55
46, 660, 55
46, 670, 55
46, 680, 55
46, 690, 54
46, 700, 55
46, 710, 54
46, 720, 54
46, 730, 54
46, 740, 54
46, 750, 55
46, 760, 55
46, 770, 53
46, 780, 54
46, 790, 54
46, 800, 54
46, 810, 54
46, 820, 52
47, 830, 53
47, 840, 55
47, 850, 55
47, 860, 55
47, 870, 54
47, 880, 53
47, 890, 54
47, 900, 54
48, 910, 54
48, 920, 55
48, 930, 55
48, 940, 54
48, 950, 55
49, 960, 54
49, 970, 56
49, 980, 56
49, 990, 55
49, 1000, 56
49, 1010, 56
49, 1020, 55
49, 1030, 54
49, 1040, 55
49, 1050, 54
49, 1060, 54
49, 1070, 55
49, 1080, 55
49, 1090, 55
49, 1100, 54
49, 1110, 55
49, 1120, 54
49, 1130, 54
49, 1140, 54
49, 1150, 54
49, 1160, 54
49, 1170, 54
49, 1180, 54
49, 1190, 53
49, 1200, 54
49, 1210, 54
49, 1220, 54
49, 1230, 54
49, 1240, 53
49, 1250, 53
49, 1260, 54
50, 1270, 53
50, 1280, 55
50, 1290, 55
50, 1300, 55
50, 1310, 55
50, 1320, 54
50, 1330, 54
50, 1340, 55
50, 1350, 54
50, 1360, 55
50, 1370, 54
50, 1380, 54
50, 1390, 54
50, 1400, 54
50, 1410, 54
50, 1420, 54
50, 1430, 54
50, 1440, 54
50, 1450, 54
50, 1460, 54
50, 1470, 54
50, 1480, 54
50, 1490, 53
50, 1500, 54
50, 1510, 53
50, 1520, 53
50, 1530, 53
50, 1540, 54
50, 1550, 53
50, 1560, 53
50, 1570, 53
50, 1580, 53
50, 1590, 53
50, 1600, 53
51, 1610, 53
51, 1620, 54
51, 1630, 54
51, 1640, 54
51, 1650, 54
51, 1660, 54
51, 1670, 54
{'count': 1670, 'truepos': 47, 'falseneg': 12, 'correction': 0, 'unknownyes': 3, 'falsepos': 4, 'unique': 1670}
18: Wahono.csv: three: 0, 0
5, 10
5, 20, 95
8, 30, 91
9, 40, 90
9, 50, 73
11, 60, 51
14, 70, 52
16, 80, 60
16, 90, 59
17, 100, 47
17, 110, 48
17, 120, 45
17, 130, 45
17, 140, 45
18, 150, 45
19, 160, 48
20, 170, 49
21, 180, 34
24, 190, 37
26, 200, 50
26, 210, 51
27, 220, 47
27, 230, 46
28, 240, 47
28, 250, 46
28, 260, 46
30, 270, 48
31, 280, 52
31, 290, 50
32, 300, 51
32, 310, 53
32, 320, 51
35, 330, 53
36, 340, 51
36, 350, 53
36, 360, 54
36, 370, 51
36, 380, 52
37, 390, 52
38, 400, 51
38, 410, 51
38, 420, 50
38, 430, 51
38, 440, 50
39, 450, 49
39, 460, 50
39, 470, 51
39, 480, 51
39, 490, 50
39, 500, 52
39, 510, 48
39, 520, 49
40, 530, 48
40, 540, 52
41, 550, 49
41, 560, 51
41, 570, 49
41, 580, 52
43, 590, 50
43, 600, 52
43, 610, 52
44, 620, 52
44, 630, 53
44, 640, 54
44, 650, 51
44, 660, 52
44, 670, 51
44, 680, 52
44, 690, 53
44, 700, 52
44, 710, 51
44, 720, 52
44, 730, 53
44, 740, 53
44, 750, 53
44, 760, 51
44, 770, 53
44, 780, 53
44, 790, 51
44, 800, 50
44, 810, 51
44, 820, 52
44, 830, 51
44, 840, 51
44, 850, 51
44, 860, 50
44, 870, 51
44, 880, 52
44, 890, 50
44, 900, 50
44, 910, 50
44, 920, 50
44, 930, 50
44, 940, 49
44, 950, 51
44, 960, 49
44, 970, 49
44, 980, 50
44, 990, 49
44, 1000, 49
44, 1010, 48
44, 1020, 49
44, 1030, 49
44, 1040, 50
44, 1050, 49
44, 1060, 49
44, 1070, 48
44, 1080, 49
44, 1090, 49
44, 1100, 49
44, 1110, 49
44, 1120, 48
44, 1130, 48
44, 1140, 49
44, 1150, 48
44, 1160, 48
44, 1170, 48
44, 1180, 48
44, 1190, 48
44, 1200, 48
44, 1210, 48
44, 1220, 48
45, 1230, 48
45, 1240, 49
45, 1250, 49
45, 1260, 48
45, 1270, 48
45, 1280, 48
45, 1290, 49
45, 1300, 49
45, 1310, 49
45, 1320, 49
45, 1330, 49
45, 1340, 48
45, 1350, 49
45, 1360, 49
45, 1370, 48
45, 1380, 48
45, 1390, 48
45, 1400, 48
45, 1410, 48
45, 1420, 48
45, 1430, 48
45, 1440, 48
45, 1450, 48
45, 1460, 48
45, 1470, 48
45, 1480, 49
45, 1490, 48
45, 1500, 48
45, 1510, 48
45, 1520, 48
45, 1530, 48
45, 1540, 48
45, 1550, 48
46, 1560, 48
46, 1570, 49
46, 1580, 49
46, 1590, 49
46, 1600, 49
46, 1610, 49
46, 1620, 49
46, 1630, 49
{'count': 3295, 'truepos': 46, 'falseneg': 14, 'correction': 29, 'unknownyes': 2, 'falsepos': 0, 'unique': 1630}
18: Wahono.csv: machine: 0, 0
3, 10
7, 20, 84
9, 30, 90
10, 40, 90
11, 50, 97
12, 60, 87
14, 70, 62
16, 80, 62
17, 90, 63
19, 100, 56
20, 110, 62
21, 120, 48
27, 120, 48
28, 130, 63
28, 140, 59
28, 150, 61
28, 160, 52
28, 170, 53
31, 170, 53
31, 180, 56
31, 190, 55
33, 200, 48
34, 210, 56
34, 220, 62
35, 220, 62
36, 230, 56
38, 240, 54
38, 250, 60
39, 260, 55
39, 270, 55
40, 270, 55
41, 280, 60
41, 290, 65
41, 300, 58
42, 310, 55
42, 320, 58
43, 320, 58
43, 330, 59
43, 340, 58
43, 350, 57
44, 360, 55
44, 370, 62
45, 370, 62
45, 380, 60
45, 390, 56
45, 400, 60
45, 410, 58
45, 420, 60
46, 420, 60
46, 430, 56
46, 440, 59
46, 450, 57
46, 460, 55
47, 470, 57
47, 470, 57
48, 480, 55
48, 490, 56
48, 500, 58
49, 510, 55
49, 520, 56
49, 520, 56
49, 530, 57
49, 540, 57
49, 550, 57
49, 560, 56
50, 570, 56
52, 570, 56
53, 580, 60
53, 590, 60
54, 600, 61
54, 610, 62
54, 620, 61
54, 620, 61
55, 630, 62
56, 640, 63
57, 650, 64
57, 660, 64
57, 670, 66
57, 670, 66
58, 680, 66
58, 690, 66
58, 700, 66
58, 710, 64
58, 720, 65
59, 720, 65
59, 730, 67
59, 740, 66
59, 750, 66
59, 760, 66
59, 770, 66
60, 770, 66
60, 780, 67
60, 790, 67
60, 800, 67
60, 810, 66
60, 820, 67
61, 820, 67
61, 830, 68
61, 840, 67
61, 850, 68
61, 860, 68
61, 870, 67
61, 870, 67
61, 880, 67
62, 890, 67
62, 900, 67
62, 910, 67
62, 920, 67
62, 920, 67
62, 930, 68
62, 940, 68
62, 950, 67
62, 960, 67
64, 970, 67
{'count': 1591, 'truepos': 56, 'falseneg': 4, 'correction': 16, 'unknownyes': 2, 'falsepos': 8, 'unique': 970}
18: Wahono.csv: knee: 0, 0
4, 10
5, 20
9, 30
9, 40
11, 50
13, 60
15, 70
16, 80
18, 90
22, 100
23, 110
25, 120
26, 130
28, 140
30, 150
30, 160
31, 170
31, 180
32, 190
32, 200
32, 210
32, 220
32, 230
33, 240
33, 250
34, 260
36, 270
37, 280
37, 290
37, 300
39, 310
40, 320
40, 330
40, 340
40, 350
40, 360
40, 370
41, 380
41, 390
41, 400
41, 410
41, 420
41, 430
41, 440
41, 450
41, 460
42, 470
43, 480
44, 490
44, 500
44, 510
44, 520
45, 530
46, 540
46, 550
46, 560
46, 570
46, 580
46, 590
46, 600
46, 610
46, 620
47, 630
47, 640
48, 650
48, 660
48, 670
48, 680
48, 690
48, 700
48, 710
48, 720
{'count': 858, 'truepos': 46, 'falseneg': 10, 'correction': 5, 'unknownyes': 6, 'falsepos': 2, 'unique': 720}
18: Danijel.csv: none: 0, 0
1, 10
2, 20, 124
3, 30, 78
6, 40, 61
10, 50, 67
10, 60, 79
12, 70, 58
13, 80, 53
14, 90, 47
14, 100, 44
15, 110, 42
17, 120, 42
17, 130, 45
17, 140, 44
18, 150, 43
20, 160, 45
20, 170, 34
20, 180, 34
20, 190, 32
20, 200, 33
21, 210, 32
22, 220, 32
24, 230, 33
24, 240, 36
25, 250, 34
28, 260, 35
28, 270, 37
28, 280, 38
28, 290, 37
28, 300, 37
29, 310, 37
30, 320, 39
30, 330, 39
31, 340, 38
31, 350, 40
31, 360, 42
31, 370, 38
32, 380, 39
32, 390, 40
32, 400, 39
32, 410, 40
32, 420, 40
32, 430, 40
32, 440, 44
32, 450, 40
32, 460, 41
32, 470, 40
32, 480, 38
32, 490, 37
32, 500, 38
32, 510, 37
32, 520, 39
32, 530, 37
32, 540, 37
32, 550, 37
32, 560, 36
32, 570, 36
32, 580, 36
32, 590, 38
32, 600, 38
32, 610, 36
32, 620, 38
32, 630, 36
32, 640, 36
32, 650, 36
32, 660, 36
32, 670, 36
32, 680, 36
32, 690, 36
33, 700, 35
33, 710, 36
34, 720, 37
34, 730, 37
34, 740, 37
34, 750, 37
34, 760, 38
34, 770, 37
34, 780, 37
34, 790, 37
34, 800, 37
34, 810, 37
34, 820, 37
34, 830, 37
34, 840, 37
35, 850, 37
35, 860, 38
35, 870, 37
35, 880, 37
35, 890, 37
35, 900, 37
35, 910, 37
35, 920, 37
35, 930, 37
35, 940, 37
35, 950, 37
35, 960, 38
35, 970, 37
35, 980, 37
35, 990, 37
35, 1000, 37
35, 1010, 37
{'count': 1010, 'truepos': 32, 'falseneg': 14, 'correction': 0, 'unknownyes': 2, 'falsepos': 3, 'unique': 1010}
18: Danijel.csv: three: 0, 0
4, 10
4, 20, 116
5, 30, 96
6, 40, 74
8, 50, 66
11, 60, 63
15, 70, 61
17, 80, 70
17, 90, 67
18, 100, 55
20, 110, 54
22, 120, 45
23, 130, 42
25, 140, 43
25, 150, 44
25, 160, 43
26, 170, 40
26, 180, 41
26, 190, 41
27, 200, 39
27, 210, 39
29, 220, 38
30, 230, 40
32, 240, 41
33, 250, 43
35, 260, 43
35, 270, 49
35, 280, 47
35, 290, 46
36, 300, 46
36, 310, 49
36, 320, 47
36, 330, 45
36, 340, 49
36, 350, 46
36, 360, 45
36, 370, 44
36, 380, 45
36, 390, 43
36, 400, 44
36, 410, 44
36, 420, 45
36, 430, 44
37, 440, 43
37, 450, 43
37, 460, 45
37, 470, 45
37, 480, 44
37, 490, 43
37, 500, 44
37, 510, 43
37, 520, 44
37, 530, 45
37, 540, 42
37, 550, 43
37, 560, 42
37, 570, 43
37, 580, 41
37, 590, 42
37, 600, 42
37, 610, 42
37, 620, 41
37, 630, 43
37, 640, 41
37, 650, 41
37, 660, 41
38, 670, 41
38, 680, 41
38, 690, 42
38, 700, 42
38, 710, 42
38, 720, 42
38, 730, 42
38, 740, 42
38, 750, 42
38, 760, 42
38, 770, 42
38, 780, 41
38, 790, 41
38, 800, 41
38, 810, 42
38, 820, 41
38, 830, 42
38, 840, 41
38, 850, 41
38, 860, 41
38, 870, 41
38, 880, 41
38, 890, 41
38, 900, 41
38, 910, 41
{'count': 1845, 'truepos': 38, 'falseneg': 8, 'correction': 22, 'unknownyes': 2, 'falsepos': 0, 'unique': 910}
18: Danijel.csv: machine: 0, 0
2, 10
2, 20, 97
3, 30, 67
5, 40, 56
5, 50, 56
6, 60, 50
7, 70, 53
7, 80, 49
8, 90, 47
10, 100, 50
13, 110, 49
16, 120, 51
19, 130, 54
20, 140, 53
21, 150, 38
21, 160, 43
23, 170, 36
24, 180, 36
28, 180, 36
29, 190, 44
31, 200, 44
31, 210, 44
32, 220, 43
33, 230, 45
34, 230, 45
34, 240, 47
34, 250, 45
34, 260, 45
34, 270, 46
34, 280, 45
37, 280, 45
38, 290, 50
38, 300, 49
38, 310, 48
38, 320, 47
39, 330, 46
39, 330, 46
39, 340, 48
39, 350, 48
39, 360, 47
39, 370, 45
39, 380, 46
40, 380, 46
41, 390, 49
41, 400, 52
41, 410, 50
41, 420, 50
41, 430, 48
41, 430, 48
41, 440, 51
41, 450, 48
41, 460, 47
41, 470, 48
41, 480, 49
41, 480, 49
41, 490, 48
41, 500, 47
41, 510, 48
41, 520, 48
41, 530, 47
41, 530, 47
41, 540, 46
41, 550, 47
41, 560, 47
41, 570, 47
41, 580, 47
41, 580, 47
41, 590, 46
41, 600, 45
41, 610, 46
41, 620, 46
42, 630, 45
42, 630, 45
42, 640, 46
42, 650, 46
42, 660, 46
42, 670, 46
42, 680, 46
44, 680, 46
44, 690, 48
44, 700, 48
44, 710, 49
44, 720, 48
44, 730, 48
44, 730, 48
44, 740, 49
44, 750, 48
44, 760, 48
44, 770, 48
44, 780, 48
44, 780, 48
44, 790, 48
44, 800, 47
44, 810, 47
44, 820, 47
44, 830, 48
44, 830, 48
44, 840, 49
44, 850, 47
44, 860, 47
44, 870, 48
44, 880, 47
44, 880, 47
44, 890, 47
{'count': 1418, 'truepos': 39, 'falseneg': 5, 'correction': 8, 'unknownyes': 4, 'falsepos': 5, 'unique': 890}
18: Danijel.csv: knee: 0, 0
4, 10
4, 20
5, 30
8, 40
8, 50
8, 60
10, 70
14, 80
15, 90
16, 100
18, 110
18, 120
19, 130
20, 140
21, 150
21, 160
21, 170
22, 180
24, 190
24, 200
24, 210
25, 220
27, 230
28, 240
29, 250
29, 260
29, 270
29, 280
29, 290
30, 300
31, 310
31, 320
31, 330
31, 340
31, 350
31, 360
31, 370
31, 380
32, 390
32, 400
32, 410
32, 420
32, 430
33, 440
33, 450
34, 460
34, 470
34, 480
34, 490
34, 500
35, 510
35, 520
35, 530
35, 540
35, 550
35, 560
35, 570
35, 580
35, 590
36, 600
36, 610
36, 620
36, 630
36, 640
36, 650
36, 660
36, 670
{'count': 898, 'truepos': 40, 'falseneg': 6, 'correction': 8, 'unknownyes': 2, 'falsepos': 0, 'unique': 670}
18: K_all3.csv: none: 0, 0
2, 10
3, 20, 71
5, 30, 63
7, 40, 53
11, 50, 47
12, 60, 55
14, 70, 46
16, 80, 49
16, 90, 49
16, 100, 42
17, 110, 40
17, 120, 41
17, 130, 39
17, 140, 39
17, 150, 38
17, 160, 38
17, 170, 38
19, 180, 38
21, 190, 39
21, 200, 32
22, 210, 30
22, 220, 32
22, 230, 30
22, 240, 30
23, 250, 29
24, 260, 28
24, 270, 30
24, 280, 31
24, 290, 29
24, 300, 28
24, 310, 29
24, 320, 29
25, 330, 27
25, 340, 30
25, 350, 29
25, 360, 28
25, 370, 28
28, 380, 27
28, 390, 31
29, 400, 30
29, 410, 31
30, 420, 31
31, 430, 33
31, 440, 33
31, 450, 33
31, 460, 33
32, 470, 33
32, 480, 34
32, 490, 34
32, 500, 34
{'count': 500, 'truepos': 27, 'falseneg': 11, 'correction': 0, 'unknownyes': 7, 'falsepos': 5, 'unique': 500}
18: K_all3.csv: three: 0, 0
1, 10
5, 20, 90
9, 30, 71
10, 40, 70
11, 50, 64
11, 60, 57
12, 70, 49
15, 80, 44
17, 90, 46
17, 100, 45
17, 110, 43
18, 120, 40
18, 130, 40
18, 140, 39
20, 150, 39
20, 160, 32
20, 170, 29
22, 180, 29
22, 190, 31
22, 200, 31
22, 210, 30
23, 220, 29
23, 230, 29
24, 240, 28
24, 250, 30
25, 260, 30
25, 270, 31
25, 280, 31
25, 290, 29
25, 300, 29
25, 310, 29
25, 320, 28
25, 330, 28
25, 340, 28
25, 350, 28
26, 360, 28
26, 370, 29
26, 380, 29
27, 390, 29
29, 400, 29
30, 410, 31
30, 420, 32
31, 430, 32
31, 440, 33
31, 450, 33
31, 460, 33
31, 470, 33
31, 480, 33
31, 490, 33
31, 500, 33
{'count': 1020, 'truepos': 31, 'falseneg': 10, 'correction': 18, 'unknownyes': 4, 'falsepos': 0, 'unique': 500}
18: K_all3.csv: machine: 0, 0
2, 10
4, 20, 70
6, 30, 64
10, 40, 56
12, 50, 61
12, 60, 59
13, 70, 47
15, 80, 45
17, 90, 46
17, 100, 45
20, 110, 41
20, 120, 36
21, 120, 36
21, 130, 34
21, 140, 31
23, 150, 30
23, 160, 34
23, 170, 33
26, 170, 33
28, 180, 37
28, 190, 37
29, 200, 36
29, 210, 39
30, 220, 34
30, 220, 34
30, 230, 37
30, 240, 36
30, 250, 35
30, 260, 34
30, 270, 36
30, 270, 36
31, 280, 34
31, 290, 34
31, 300, 34
31, 310, 35
31, 320, 34
31, 320, 34
31, 330, 34
32, 340, 34
32, 350, 34
33, 360, 35
34, 370, 35
{'count': 567, 'truepos': 31, 'falseneg': 4, 'correction': 3, 'unknownyes': 10, 'falsepos': 3, 'unique': 370}
18: K_all3.csv: knee: 0, 0
2, 10
3, 20
4, 30
4, 40
5, 50
5, 60
6, 70
8, 80
10, 90
11, 100
11, 110
11, 120
12, 130
13, 140
14, 150
15, 160
17, 170
18, 180
19, 190
19, 200
20, 210
20, 220
20, 230
21, 240
21, 250
22, 260
22, 270
22, 280
22, 290
22, 300
22, 310
22, 320
23, 330
23, 340
23, 350
24, 360
24, 370
24, 380
25, 390
25, 400
26, 410
26, 420
27, 430
27, 440
29, 450
29, 460
30, 470
30, 480
30, 490
30, 500
30, 510
30, 520
30, 530
31, 540
31, 550
32, 560
32, 570
32, 580
32, 590
32, 600
32, 610
32, 620
32, 630
32, 640
32, 650
32, 660
32, 670
32, 680
32, 690
33, 700
33, 710
33, 720
33, 730
33, 740
33, 750
33, 760
33, 770
33, 780
33, 790
33, 800
33, 810
33, 820
33, 830
33, 840
33, 850
33, 860
34, 870
34, 880
34, 890
34, 900
35, 910
35, 920
36, 930
36, 940
36, 950
36, 960
36, 970
36, 980
37, 990
37, 1000
37, 1010
37, 1020
39, 1030
39, 1040
39, 1050
39, 1060
39, 1070
39, 1080
39, 1090
39, 1100
39, 1110
39, 1120
39, 1130
40, 1140
40, 1150
41, 1160
41, 1170
41, 1180
41, 1190
41, 1200
41, 1210
41, 1220
41, 1230
41, 1240
41, 1250
41, 1260
41, 1270
41, 1280
41, 1290
41, 1300
41, 1310
41, 1320
41, 1330
42, 1340
42, 1350
42, 1360
42, 1370
42, 1380
42, 1390
42, 1400
43, 1410
43, 1420
43, 1430
43, 1440
43, 1450
43, 1460
44, 1470
44, 1480
44, 1490
44, 1500
44, 1510
44, 1520
44, 1530
44, 1540
44, 1550
44, 1560
44, 1570
44, 1580
44, 1590
44, 1600
45, 1610
45, 1620
45, 1630
45, 1640
46, 1650
46, 1660
46, 1670
46, 1680
46, 1690
46, 1700
46, 1704

------------------------------------------------------------
Sender: LSF System <lsfadmin@n2c2-7>
Subject: Job 629687: </share/tjmenzie/zyu9/miniconda2/bin/python2.7 runner.py error_hpcc 18> in cluster <henry2> Exited

Job </share/tjmenzie/zyu9/miniconda2/bin/python2.7 runner.py error_hpcc 18> was submitted from host <login01.hpc.ncsu.edu> by user <zyu9> in cluster <henry2> at Wed Jan 31 09:58:22 2018.
Job was executed on host(s) <2*n2c2-7>, in queue <single_chassis>, as user <zyu9> in cluster <henry2> at Wed Jan 31 09:58:27 2018.
</home/zyu9> was used as the home directory.
</home/zyu9/projects/MAR_HPC/Error/src> was used as the working directory.
Started at Wed Jan 31 09:58:27 2018.
Terminated at Wed Jan 31 10:48:10 2018.
Results reported at Wed Jan 31 10:48:10 2018.

Your job looked like:

------------------------------------------------------------
# LSBATCH: User input
/share/tjmenzie/zyu9/miniconda2/bin/python2.7 runner.py error_hpcc 18
------------------------------------------------------------

Exited with exit code 1.

Resource usage summary:

    CPU time :                                   3889.36 sec.
    Max Memory :                                 282.78 MB
    Average Memory :                             228.63 MB
    Total Requested Memory :                     -
    Delta Memory :                               -
    Max Swap :                                   1326 MB
    Max Processes :                              3
    Max Threads :                                8
    Run time :                                   2989 sec.
    Turnaround time :                            2988 sec.

The output (if any) is above this job summary.



PS:

Read file <./err/18.err.629687> for stderr output of this job.

