19: Hall.csv: none: 0, 0
8, 10
12, 20, 123
14, 30, 139
15, 40, 144
18, 50, 141
19, 60, 140
21, 70, 135
23, 80, 124
26, 90, 134
26, 100, 127
27, 110, 113
28, 120, 112
32, 130, 114
38, 140, 95
46, 150, 89
52, 160, 97
58, 170, 99
64, 180, 101
69, 190, 112
73, 200, 111
78, 210, 104
81, 220, 115
83, 230, 110
85, 240, 110
85, 250, 110
88, 260, 100
92, 270, 102
95, 280, 107
96, 290, 109
97, 300, 111
97, 310, 110
97, 320, 108
99, 330, 107
99, 340, 108
99, 350, 111
99, 360, 112
99, 370, 109
100, 380, 106
101, 390, 108
101, 400, 109
101, 410, 108
101, 420, 108
101, 430, 107
101, 440, 107
101, 450, 107
{'count': 450, 'truepos': 101, 'falseneg': 0, 'unknownyes': 5, 'falsepos': 0, 'unique': 450}
19: Hall.csv: three: 0, 0
8, 10
11, 20, 125
14, 30, 123
15, 40, 130
17, 50, 120
19, 60, 119
22, 70, 120
24, 80, 110
27, 90, 105
31, 100, 112
38, 110, 94
44, 120, 101
48, 130, 104
55, 140, 94
60, 150, 103
61, 160, 114
63, 170, 95
64, 180, 93
67, 190, 92
70, 200, 99
74, 210, 89
80, 220, 92
87, 230, 97
91, 240, 107
92, 250, 109
94, 260, 107
95, 270, 107
96, 280, 109
96, 290, 109
97, 300, 107
99, 310, 108
100, 320, 110
101, 330, 113
101, 340, 115
101, 350, 114
101, 360, 116
101, 370, 113
101, 380, 112
101, 390, 109
101, 400, 110
101, 410, 109
101, 420, 111
101, 430, 107
102, 440, 109
102, 450, 109
102, 460, 109
102, 470, 108
102, 480, 108
102, 490, 109
102, 500, 108
102, 510, 108
{'count': 1020, 'truepos': 102, 'falseneg': 0, 'unknownyes': 4, 'falsepos': 0, 'unique': 510}
19: Hall.csv: machine: 0, 0
8, 10
11, 20, 124
14, 30, 126
18, 40, 134
20, 50, 135
22, 60, 133
22, 70, 133
26, 80, 123
27, 90, 133
28, 100, 122
29, 110, 109
32, 120, 104
39, 130, 98
46, 140, 99
53, 150, 102
59, 160, 105
66, 170, 99
69, 180, 112
73, 190, 99
77, 200, 104
79, 210, 105
82, 220, 102
84, 230, 108
89, 240, 103
90, 250, 106
91, 260, 113
93, 270, 103
95, 280, 106
95, 290, 109
96, 300, 105
99, 310, 106
99, 320, 110
99, 330, 108
100, 340, 109
100, 350, 109
100, 360, 108
101, 370, 107
101, 380, 111
101, 390, 111
102, 400, 111
102, 410, 110
102, 420, 111
102, 430, 111
102, 440, 109
102, 450, 109
102, 460, 111
102, 470, 109
102, 480, 108
102, 490, 108
102, 500, 108
{'count': 510, 'truepos': 102, 'falseneg': 0, 'unknownyes': 4, 'falsepos': 0, 'unique': 510}
19: Hall.csv: machine2: 0, 0
8, 10
11, 20, 122
14, 30, 143
15, 40, 144
17, 50, 136
17, 60, 137
20, 70, 125
24, 80, 124
26, 90, 120
28, 100, 111
30, 110, 111
36, 120, 92
43, 130, 92
51, 140, 94
55, 150, 100
58, 160, 99
60, 170, 97
63, 180, 93
66, 190, 97
69, 200, 88
72, 210, 96
76, 220, 90
82, 230, 88
85, 240, 97
90, 250, 99
93, 260, 106
95, 270, 111
97, 280, 110
98, 290, 111
99, 300, 109
101, 310, 112
101, 320, 113
101, 330, 111
101, 340, 109
101, 350, 110
101, 360, 109
102, 370, 111
102, 380, 116
102, 390, 110
102, 400, 110
102, 410, 111
102, 420, 108
102, 430, 110
102, 440, 110
102, 450, 108
102, 460, 109
102, 470, 109
102, 480, 109
102, 490, 109
102, 500, 108
{'count': 510, 'truepos': 102, 'falseneg': 0, 'unknownyes': 4, 'falsepos': 0, 'unique': 510}
19: Hall.csv: machine3: 0, 0
8, 10
12, 20, 121
13, 30, 146
16, 40, 132
18, 50, 134
18, 60, 137
21, 70, 131
24, 80, 118
28, 90, 117
30, 100, 115
36, 110, 93
43, 120, 97
48, 130, 99
52, 140, 98
58, 150, 96
64, 160, 102
69, 170, 109
71, 180, 105
74, 190, 108
79, 200, 98
80, 210, 110
83, 220, 100
85, 230, 105
89, 240, 102
93, 250, 108
93, 260, 114
95, 270, 106
95, 280, 113
95, 290, 107
96, 300, 105
96, 310, 106
97, 320, 106
98, 330, 106
100, 340, 107
101, 350, 111
101, 360, 114
101, 370, 111
101, 380, 112
101, 390, 109
102, 400, 109
102, 410, 115
102, 420, 110
102, 430, 110
102, 440, 109
102, 450, 109
102, 460, 108
102, 470, 109
{'count': 582, 'truepos': 102, 'falseneg': 0, 'unknownyes': 4, 'falsepos': 0, 'unique': 480}
19: Wahono.csv: none: 0, 0
6, 10
6, 20, 101
9, 30, 92
9, 40, 96
12, 50, 63
17, 60, 56
19, 70, 64
20, 80, 65
20, 90, 58
21, 100, 51
24, 110, 50
28, 120, 55
28, 130, 65
29, 140, 56
31, 150, 54
32, 160, 61
33, 170, 60
34, 180, 57
36, 190, 60
36, 200, 65
38, 210, 55
38, 220, 65
38, 230, 63
39, 240, 55
41, 250, 55
43, 260, 59
43, 270, 58
43, 280, 63
45, 290, 59
46, 300, 63
46, 310, 61
47, 320, 59
48, 330, 62
48, 340, 72
48, 350, 61
48, 360, 60
48, 370, 58
48, 380, 64
48, 390, 61
48, 400, 61
49, 410, 59
50, 420, 60
50, 430, 63
50, 440, 59
50, 450, 60
50, 460, 63
50, 470, 62
50, 480, 57
50, 490, 58
50, 500, 60
52, 510, 57
53, 520, 62
54, 530, 63
55, 540, 64
55, 550, 64
55, 560, 63
58, 570, 63
58, 580, 67
58, 590, 67
58, 600, 71
58, 610, 68
58, 620, 67
58, 630, 68
58, 640, 68
58, 650, 68
58, 660, 66
58, 670, 66
58, 680, 66
58, 690, 67
58, 700, 67
58, 710, 67
58, 720, 64
58, 730, 65
58, 740, 65
58, 750, 65
58, 760, 64
58, 770, 64
58, 780, 65
58, 790, 65
58, 800, 65
58, 810, 63
58, 820, 64
58, 830, 64
58, 840, 64
59, 850, 63
59, 860, 64
59, 870, 66
59, 880, 66
59, 890, 63
59, 900, 64
59, 910, 64
59, 920, 65
59, 930, 64
59, 940, 64
59, 950, 65
59, 960, 64
59, 970, 64
59, 980, 65
59, 990, 65
59, 1000, 64
59, 1010, 64
59, 1020, 63
59, 1030, 63
59, 1040, 64
59, 1050, 64
59, 1060, 63
59, 1070, 64
59, 1080, 63
59, 1090, 63
59, 1100, 63
59, 1110, 63
59, 1120, 63
59, 1130, 63
59, 1140, 63
59, 1150, 63
59, 1160, 63
59, 1170, 63
59, 1180, 63
{'count': 1180, 'truepos': 59, 'falseneg': 0, 'unknownyes': 3, 'falsepos': 0, 'unique': 1180}
19: Wahono.csv: three: 0, 0
6, 10
6, 20, 103
8, 30, 98
10, 40, 100
12, 50, 93
14, 60, 80
17, 70, 68
19, 80, 61
21, 90, 58
23, 100, 57
24, 110, 55
26, 120, 51
28, 130, 51
28, 140, 55
29, 150, 52
31, 160, 52
34, 170, 54
37, 180, 69
39, 190, 70
39, 200, 70
40, 210, 72
40, 220, 67
40, 230, 70
40, 240, 62
41, 250, 67
43, 260, 63
45, 270, 64
45, 280, 72
46, 290, 69
46, 300, 71
47, 310, 64
48, 320, 66
48, 330, 73
49, 340, 65
50, 350, 63
51, 360, 65
51, 370, 64
51, 380, 72
51, 390, 64
51, 400, 63
51, 410, 64
51, 420, 63
51, 430, 62
51, 440, 62
51, 450, 62
51, 460, 60
51, 470, 62
51, 480, 62
51, 490, 60
51, 500, 60
51, 510, 59
51, 520, 59
53, 530, 58
55, 540, 62
56, 550, 65
56, 560, 67
56, 570, 65
57, 580, 65
58, 590, 68
58, 600, 67
58, 610, 69
58, 620, 66
58, 630, 68
58, 640, 67
58, 650, 66
58, 660, 67
58, 670, 67
58, 680, 66
58, 690, 66
58, 700, 66
58, 710, 66
58, 720, 66
58, 730, 65
58, 740, 65
58, 750, 65
58, 760, 65
58, 770, 64
58, 780, 65
58, 790, 64
58, 800, 64
58, 810, 65
58, 820, 65
58, 830, 64
58, 840, 64
58, 850, 65
58, 860, 64
59, 870, 65
59, 880, 65
59, 890, 65
59, 900, 66
59, 910, 65
59, 920, 65
59, 930, 65
59, 940, 65
59, 950, 64
59, 960, 64
59, 970, 64
59, 980, 64
59, 990, 65
59, 1000, 64
59, 1010, 63
59, 1020, 63
59, 1030, 64
59, 1040, 64
59, 1050, 63
59, 1060, 63
59, 1070, 64
59, 1080, 64
59, 1090, 63
59, 1100, 63
59, 1110, 64
59, 1120, 63
{'count': 2240, 'truepos': 59, 'falseneg': 0, 'unknownyes': 3, 'falsepos': 0, 'unique': 1120}
19: Wahono.csv: machine: 0, 0
6, 10
7, 20, 101
8, 30, 100
10, 40, 97
14, 50, 98
16, 60, 96
16, 70, 96
17, 80, 69
19, 90, 65
21, 100, 62
23, 110, 60
23, 120, 62
24, 130, 56
29, 140, 52
31, 150, 53
32, 160, 55
35, 170, 59
36, 180, 69
37, 190, 68
37, 200, 60
37, 210, 59
38, 220, 59
38, 230, 61
39, 240, 58
39, 250, 56
41, 260, 57
41, 270, 71
41, 280, 63
41, 290, 64
43, 300, 57
45, 310, 60
46, 320, 60
46, 330, 58
46, 340, 61
46, 350, 59
47, 360, 57
47, 370, 59
47, 380, 62
47, 390, 59
49, 400, 56
49, 410, 60
51, 420, 58
52, 430, 62
52, 440, 63
52, 450, 62
52, 460, 62
52, 470, 63
52, 480, 65
53, 490, 60
53, 500, 62
53, 510, 62
54, 520, 62
55, 530, 64
55, 540, 64
55, 550, 66
55, 560, 65
55, 570, 66
56, 580, 63
56, 590, 63
57, 600, 65
58, 610, 68
58, 620, 68
58, 630, 67
58, 640, 68
58, 650, 66
58, 660, 68
58, 670, 67
58, 680, 68
58, 690, 67
58, 700, 66
58, 710, 66
58, 720, 65
58, 730, 67
58, 740, 65
58, 750, 66
58, 760, 64
58, 770, 65
58, 780, 64
58, 790, 64
58, 800, 66
58, 810, 63
58, 820, 64
59, 830, 64
59, 840, 66
59, 850, 65
59, 860, 65
59, 870, 66
59, 880, 66
59, 890, 64
59, 900, 65
59, 910, 65
59, 920, 64
59, 930, 64
59, 940, 64
59, 950, 65
59, 960, 65
59, 970, 63
59, 980, 66
59, 990, 64
59, 1000, 64
59, 1010, 64
59, 1020, 64
59, 1030, 64
59, 1040, 63
59, 1050, 63
59, 1060, 63
59, 1070, 63
59, 1080, 63
59, 1090, 63
59, 1100, 63
59, 1110, 63
59, 1120, 63
59, 1130, 63
59, 1140, 63
59, 1150, 63
59, 1160, 63
59, 1170, 63
59, 1180, 63
59, 1190, 63
59, 1200, 63
59, 1210, 63
{'count': 1220, 'truepos': 59, 'falseneg': 0, 'unknownyes': 3, 'falsepos': 0, 'unique': 1220}
19: Wahono.csv: machine2: 0, 0
6, 10
8, 20, 101
8, 30, 108
10, 40, 97
11, 50, 98
14, 60, 88
16, 70, 72
17, 80, 70
18, 90, 58
21, 100, 55
23, 110, 53
24, 120, 54
24, 130, 54
25, 140, 51
26, 150, 52
28, 160, 52
30, 170, 54
33, 180, 55
36, 190, 63
38, 200, 65
38, 210, 69
38, 220, 64
39, 230, 60
40, 240, 66
42, 250, 60
42, 260, 64
43, 270, 63
43, 280, 71
44, 290, 65
47, 300, 62
48, 310, 66
48, 320, 68
50, 330, 69
52, 340, 65
52, 350, 70
52, 360, 68
52, 370, 68
52, 380, 70
53, 390, 65
53, 400, 65
53, 410, 70
53, 420, 65
53, 430, 65
54, 440, 64
54, 450, 67
55, 460, 65
56, 470, 66
56, 480, 70
57, 490, 67
57, 500, 68
57, 510, 70
57, 520, 67
57, 530, 70
58, 540, 67
58, 550, 67
58, 560, 69
58, 570, 68
58, 580, 67
58, 590, 69
58, 600, 69
58, 610, 69
58, 620, 69
58, 630, 68
58, 640, 68
58, 650, 68
58, 660, 67
58, 670, 68
58, 680, 65
58, 690, 67
58, 700, 66
58, 710, 65
58, 720, 66
58, 730, 66
58, 740, 66
58, 750, 65
58, 760, 65
58, 770, 66
58, 780, 64
58, 790, 66
58, 800, 66
58, 810, 66
58, 820, 65
58, 830, 64
58, 840, 65
58, 850, 64
59, 860, 64
59, 870, 65
59, 880, 65
59, 890, 65
59, 900, 65
59, 910, 65
59, 920, 65
59, 930, 64
59, 940, 64
59, 950, 65
59, 960, 64
59, 970, 64
59, 980, 65
59, 990, 64
59, 1000, 64
59, 1010, 64
59, 1020, 64
59, 1030, 64
59, 1040, 64
59, 1050, 63
59, 1060, 64
59, 1070, 64
59, 1080, 63
59, 1090, 63
59, 1100, 63
59, 1110, 63
59, 1120, 63
59, 1130, 64
59, 1140, 63
59, 1150, 63
59, 1160, 63
59, 1170, 63
59, 1180, 63
59, 1190, 63
59, 1200, 63
59, 1210, 63
{'count': 1220, 'truepos': 59, 'falseneg': 0, 'unknownyes': 3, 'falsepos': 0, 'unique': 1220}
19: Wahono.csv: machine3: 0, 0
6, 10
6, 20, 100
7, 30, 98
12, 40, 84
13, 50, 99
14, 60, 75
18, 70, 58
20, 80, 55
21, 90, 54
22, 100, 52
22, 110, 51
25, 120, 46
28, 130, 52
28, 140, 59
29, 150, 53
32, 160, 52
36, 170, 72
37, 180, 76
38, 190, 73
38, 200, 69
40, 210, 69
41, 220, 77
41, 230, 65
41, 240, 77
41, 250, 71
42, 260, 62
43, 270, 61
43, 280, 67
43, 290, 61
43, 300, 63
45, 310, 57
45, 320, 58
45, 330, 62
45, 340, 58
46, 350, 61
46, 360, 58
47, 370, 61
48, 380, 60
48, 390, 58
48, 400, 61
49, 410, 57
49, 420, 59
49, 430, 59
49, 440, 59
49, 450, 59
49, 460, 59
49, 470, 59
49, 480, 59
50, 490, 58
50, 500, 58
50, 510, 59
50, 520, 57
51, 530, 59
51, 540, 60
51, 550, 58
51, 560, 58
51, 570, 57
51, 580, 58
51, 590, 59
51, 600, 58
51, 610, 58
52, 620, 58
52, 630, 59
52, 640, 58
52, 650, 59
52, 660, 59
54, 670, 58
57, 680, 61
58, 690, 65
58, 700, 67
58, 710, 65
58, 720, 66
58, 730, 66
58, 740, 66
58, 750, 66
58, 760, 65
58, 770, 65
58, 780, 66
58, 790, 65
58, 800, 64
58, 810, 64
58, 820, 64
58, 830, 65
58, 840, 64
59, 850, 65
59, 860, 66
59, 870, 65
59, 880, 65
59, 890, 65
59, 900, 65
59, 910, 65
59, 920, 64
59, 930, 65
59, 940, 64
59, 950, 65
59, 960, 64
59, 970, 63
59, 980, 64
59, 990, 64
59, 1000, 64
59, 1010, 65
59, 1020, 64
59, 1030, 64
59, 1040, 63
59, 1050, 64
59, 1060, 65
59, 1070, 63
59, 1080, 64
59, 1090, 64
59, 1100, 64
59, 1110, 64
59, 1120, 64
59, 1130, 63
59, 1140, 63
59, 1150, 63
59, 1160, 64
59, 1170, 63
59, 1180, 63
59, 1190, 63
59, 1200, 63
59, 1210, 63
59, 1220, 63
{'count': 1289, 'truepos': 59, 'falseneg': 0, 'unknownyes': 3, 'falsepos': 0, 'unique': 1230}
19: Danijel.csv: none: 0, 0
4, 10
5, 20, 123
6, 30, 104
9, 40, 96
12, 50, 93
15, 60, 89
16, 70, 90
16, 80, 71
17, 90, 62
20, 100, 59
20, 110, 61
25, 120, 53
28, 130, 58
31, 140, 60
33, 150, 57
35, 160, 55
38, 170, 55
38, 180, 57
38, 190, 56
39, 200, 54
39, 210, 58
40, 220, 52
40, 230, 54
40, 240, 58
40, 250, 53
41, 260, 51
41, 270, 53
41, 280, 51
41, 290, 54
41, 300, 54
41, 310, 51
41, 320, 50
41, 330, 48
41, 340, 50
42, 350, 50
43, 360, 49
43, 370, 52
43, 380, 51
43, 390, 51
43, 400, 51
43, 410, 50
43, 420, 48
44, 430, 51
44, 440, 52
44, 450, 51
44, 460, 51
44, 470, 51
44, 480, 52
44, 490, 49
44, 500, 50
44, 510, 49
44, 520, 49
44, 530, 49
44, 540, 50
44, 550, 49
44, 560, 49
44, 570, 48
44, 580, 49
44, 590, 48
44, 600, 48
44, 610, 48
44, 620, 49
44, 630, 49
44, 640, 48
44, 650, 48
44, 660, 48
44, 670, 47
44, 680, 47
45, 690, 47
45, 700, 48
45, 710, 48
45, 720, 49
45, 730, 49
45, 740, 48
45, 750, 48
45, 760, 48
{'count': 760, 'truepos': 45, 'falseneg': 0, 'unknownyes': 3, 'falsepos': 0, 'unique': 760}
19: Danijel.csv: three: 0, 0
4, 10
5, 20, 113
6, 30, 103
9, 40, 93
10, 50, 110
11, 60, 76
13, 70, 67
16, 80, 61
16, 90, 67
19, 100, 58
23, 110, 64
23, 120, 64
23, 130, 54
25, 140, 50
27, 150, 52
29, 160, 51
32, 170, 54
35, 180, 52
36, 190, 53
36, 200, 59
38, 210, 54
39, 220, 59
39, 230, 57
40, 240, 53
41, 250, 55
41, 260, 56
41, 270, 56
41, 280, 54
41, 290, 52
42, 300, 51
42, 310, 55
42, 320, 52
42, 330, 59
42, 340, 51
42, 350, 51
42, 360, 49
42, 370, 49
42, 380, 49
42, 390, 51
43, 400, 48
43, 410, 51
43, 420, 51
43, 430, 52
43, 440, 49
44, 450, 49
44, 460, 51
44, 470, 50
44, 480, 51
44, 490, 51
44, 500, 51
44, 510, 50
44, 520, 49
45, 530, 50
45, 540, 50
45, 550, 50
45, 560, 50
45, 570, 49
45, 580, 49
45, 590, 50
45, 600, 49
45, 610, 49
45, 620, 49
45, 630, 50
45, 640, 48
45, 650, 49
45, 660, 49
45, 670, 48
45, 680, 49
45, 690, 49
45, 700, 48
45, 710, 48
45, 720, 48
45, 730, 48
45, 740, 48
45, 750, 48
{'count': 1500, 'truepos': 45, 'falseneg': 0, 'unknownyes': 3, 'falsepos': 0, 'unique': 750}
19: Danijel.csv: machine: 0, 0
4, 10
4, 20, 120
6, 30, 87
9, 40, 73
10, 50, 78
14, 60, 68
17, 70, 82
17, 80, 78
21, 90, 64
21, 100, 68
23, 110, 60
25, 120, 55
25, 130, 57
27, 140, 52
27, 150, 49
30, 160, 48
31, 170, 50
32, 180, 47
32, 190, 48
33, 200, 49
34, 210, 46
35, 220, 48
37, 230, 49
37, 240, 50
37, 250, 49
38, 260, 51
39, 270, 50
40, 280, 49
41, 290, 49
41, 300, 54
43, 310, 50
43, 320, 51
43, 330, 52
43, 340, 55
43, 350, 52
43, 360, 51
43, 370, 50
43, 380, 50
43, 390, 51
44, 400, 49
44, 410, 50
44, 420, 53
44, 430, 51
44, 440, 49
44, 450, 51
44, 460, 49
44, 470, 50
45, 480, 50
45, 490, 53
45, 500, 50
45, 510, 50
45, 520, 50
45, 530, 51
45, 540, 49
45, 550, 49
45, 560, 50
45, 570, 49
45, 580, 49
45, 590, 49
46, 600, 49
46, 610, 49
46, 620, 50
46, 630, 51
46, 640, 49
46, 650, 50
46, 660, 49
46, 670, 49
46, 680, 50
46, 690, 50
{'count': 700, 'truepos': 46, 'falseneg': 0, 'unknownyes': 2, 'falsepos': 0, 'unique': 700}
19: Danijel.csv: machine2: 0, 0
4, 10
4, 20, 110
6, 30, 98
9, 40, 80
9, 50, 80
10, 60, 63
10, 70, 57
13, 80, 48
17, 90, 54
18, 100, 61
21, 110, 52
23, 120, 54
25, 130, 57
27, 140, 52
28, 150, 51
30, 160, 50
34, 170, 47
34, 180, 50
34, 190, 49
34, 200, 48
36, 210, 46
36, 220, 49
37, 230, 46
37, 240, 48
38, 250, 50
40, 260, 50
40, 270, 51
40, 280, 50
40, 290, 50
41, 300, 49
41, 310, 53
41, 320, 49
41, 330, 51
41, 340, 49
41, 350, 50
41, 360, 49
41, 370, 47
41, 380, 48
41, 390, 50
41, 400, 49
41, 410, 47
41, 420, 47
41, 430, 47
43, 440, 46
43, 450, 48
44, 460, 50
44, 470, 52
44, 480, 50
44, 490, 50
44, 500, 49
44, 510, 51
44, 520, 48
44, 530, 50
44, 540, 50
44, 550, 49
44, 560, 48
44, 570, 48
44, 580, 49
44, 590, 49
44, 600, 47
44, 610, 49
44, 620, 48
45, 630, 48
45, 640, 49
45, 650, 49
45, 660, 49
45, 670, 48
45, 680, 48
45, 690, 49
45, 700, 48
45, 710, 48
45, 720, 48
45, 730, 48
45, 740, 48
{'count': 750, 'truepos': 46, 'falseneg': 0, 'unknownyes': 2, 'falsepos': 0, 'unique': 750}
19: Danijel.csv: machine3: 0, 0
4, 10
5, 20, 132
8, 30, 98
12, 40, 98
13, 50, 106
14, 60, 94
16, 70, 89
19, 80, 78
21, 90, 75
22, 100, 72
25, 110, 68
26, 120, 75
27, 130, 69
28, 140, 62
29, 150, 60
31, 160, 54
34, 170, 50
34, 180, 49
36, 190, 48
36, 200, 51
36, 210, 50
36, 220, 48
37, 230, 47
37, 240, 50
37, 250, 47
38, 260, 47
40, 270, 47
40, 280, 52
41, 290, 49
41, 300, 50
41, 310, 50
41, 320, 50
41, 330, 49
41, 340, 49
41, 350, 48
41, 360, 49
41, 370, 50
42, 380, 49
43, 390, 49
43, 400, 51
43, 410, 50
43, 420, 49
43, 430, 50
43, 440, 51
44, 450, 49
44, 460, 51
44, 470, 50
44, 480, 50
44, 490, 50
44, 500, 49
44, 510, 50
44, 520, 49
44, 530, 49
44, 540, 49
44, 550, 49
44, 560, 50
44, 570, 51
44, 580, 49
44, 590, 48
44, 600, 49
44, 610, 48
44, 620, 48
44, 630, 49
44, 640, 48
44, 650, 48
45, 660, 48
45, 670, 48
45, 680, 48
45, 690, 48
45, 700, 48
45, 710, 48
45, 720, 48
45, 730, 48
45, 740, 48
{'count': 795, 'truepos': 45, 'falseneg': 0, 'unknownyes': 3, 'falsepos': 0, 'unique': 750}
19: K_all3.csv: none: 0, 0
1, 10
2, 20, 93
2, 30, 62
4, 40, 54
8, 50, 48
12, 60, 49
13, 70, 62
15, 80, 55
18, 90, 54
19, 100, 56
21, 110, 50
21, 120, 49
22, 130, 45
22, 140, 45
22, 150, 44
23, 160, 42
24, 170, 43
24, 180, 44
25, 190, 43
26, 200, 44
27, 210, 44
27, 220, 45
27, 230, 44
27, 240, 44
27, 250, 43
27, 260, 43
27, 270, 43
27, 280, 43
27, 290, 43
27, 300, 43
27, 310, 43
27, 320, 43
28, 330, 42
29, 340, 43
33, 350, 44
34, 360, 40
34, 370, 40
34, 380, 39
34, 390, 39
34, 400, 39
34, 410, 38
34, 420, 37
34, 430, 38
34, 440, 36
34, 450, 36
35, 460, 37
35, 470, 37
35, 480, 37
36, 490, 37
{'count': 490, 'truepos': 36, 'falseneg': 0, 'unknownyes': 9, 'falsepos': 0, 'unique': 490}
19: K_all3.csv: three: 0, 0
1, 10
2, 20, 93
2, 30, 63
3, 40, 54
4, 50, 43
7, 60, 41
11, 70, 43
12, 80, 49
13, 90, 44
16, 100, 43
17, 110, 51
20, 120, 47
20, 130, 50
21, 140, 47
21, 150, 46
22, 160, 44
23, 170, 45
24, 180, 43
24, 190, 43
26, 200, 43
26, 210, 45
26, 220, 44
26, 230, 43
27, 240, 43
27, 250, 43
27, 260, 43
27, 270, 43
27, 280, 43
27, 290, 43
27, 300, 43
27, 310, 43
27, 320, 43
28, 330, 42
30, 340, 43
32, 350, 36
32, 360, 41
32, 370, 39
32, 380, 37
32, 390, 37
32, 400, 35
32, 410, 35
33, 420, 36
33, 430, 37
34, 440, 35
35, 450, 36
35, 460, 38
36, 470, 37
37, 480, 39
38, 490, 39
38, 500, 41
{'count': 1000, 'truepos': 38, 'falseneg': 0, 'unknownyes': 7, 'falsepos': 0, 'unique': 500}
19: K_all3.csv: machine: 0, 0
1, 10
2, 20, 93
3, 30, 62
5, 40, 49
6, 50, 44
8, 60, 43
10, 70, 44
13, 80, 44
15, 90, 49
19, 100, 48
21, 110, 53
21, 120, 52
21, 130, 48
21, 140, 46
22, 150, 44
23, 160, 44
23, 170, 45
23, 180, 45
24, 190, 44
25, 200, 45
25, 210, 45
26, 220, 44
26, 230, 45
26, 240, 44
27, 250, 43
27, 260, 43
27, 270, 43
27, 280, 43
27, 290, 43
27, 300, 43
27, 310, 43
27, 320, 43
28, 330, 43
29, 340, 43
33, 350, 44
34, 360, 40
34, 370, 41
34, 380, 39
34, 390, 40
34, 400, 39
34, 410, 39
34, 420, 38
34, 430, 39
34, 440, 36
35, 450, 36
35, 460, 39
36, 470, 38
36, 480, 38
38, 490, 38
{'count': 500, 'truepos': 38, 'falseneg': 0, 'unknownyes': 7, 'falsepos': 0, 'unique': 500}
19: K_all3.csv: machine2: 0, 0
1, 10
2, 20, 93
2, 30, 62
3, 40, 54
5, 50, 43
7, 60, 42
12, 70, 42
12, 80, 51
13, 90, 45
15, 100, 45
17, 110, 47
18, 120, 48
21, 130, 47
21, 140, 49
22, 150, 46
23, 160, 45
23, 170, 45
25, 180, 44
26, 190, 43
26, 200, 44
27, 210, 43
27, 220, 44
27, 230, 44
27, 240, 43
27, 250, 43
27, 260, 43
27, 270, 43
27, 280, 43
27, 290, 43
27, 300, 43
27, 310, 43
27, 320, 43
28, 330, 42
29, 340, 43
33, 350, 44
34, 360, 39
34, 370, 41
34, 380, 38
34, 390, 38
34, 400, 37
34, 410, 37
34, 420, 37
34, 430, 36
35, 440, 36
36, 450, 38
{'count': 460, 'truepos': 36, 'falseneg': 0, 'unknownyes': 9, 'falsepos': 0, 'unique': 460}
19: K_all3.csv: machine3: 0, 0
1, 10
2, 20, 94
2, 30, 62
3, 40, 54
5, 50, 43
7, 60, 42
12, 70, 42
12, 80, 51
13, 90, 45
15, 100, 45
17, 110, 47
18, 120, 48
21, 130, 47
21, 140, 49
22, 150, 46
23, 160, 45
23, 170, 45
25, 180, 44
27, 190, 43
27, 200, 45
27, 210, 45
27, 220, 44
27, 230, 44
27, 240, 43
27, 250, 43
27, 260, 43
27, 270, 43
27, 280, 43
27, 290, 43
27, 300, 43
27, 310, 43
27, 320, 43
28, 330, 42
29, 340, 43
33, 350, 44
34, 360, 40
34, 370, 39
34, 380, 39
34, 390, 40
34, 400, 39
34, 410, 38
34, 420, 37
34, 430, 37
34, 440, 37
34, 450, 37
35, 460, 36
36, 470, 37
36, 480, 38
36, 490, 38
37, 500, 38
{'count': 547, 'truepos': 37, 'falseneg': 0, 'unknownyes': 8, 'falsepos': 0, 'unique': 510}

------------------------------------------------------------
Sender: LSF System <lsfadmin@n2b3-10>
Subject: Job 270884: </share/tjmenzie/zyu9/miniconda2/bin/python2.7 runner.py error_hpcc 19> Done

Job </share/tjmenzie/zyu9/miniconda2/bin/python2.7 runner.py error_hpcc 19> was submitted from host <login01.hpc.ncsu.edu> by user <zyu9> in cluster <henry2>.
Job was executed on host(s) <2*n2b3-10>, in queue <single_chassis>, as user <zyu9> in cluster <henry2>.
</home/zyu9> was used as the home directory.
</home/zyu9/projects/MAR_HPC/Error/src> was used as the working directory.
Started at Sat Oct 21 09:24:08 2017
Results reported at Sat Oct 21 10:29:25 2017

Your job looked like:

------------------------------------------------------------
# LSBATCH: User input
/share/tjmenzie/zyu9/miniconda2/bin/python2.7 runner.py error_hpcc 19
------------------------------------------------------------

Successfully completed.

Resource usage summary:

    CPU time   :   5604.71 sec.
    Max Memory :       174 MB
    Max Swap   :      1192 MB

    Max Processes  :         3
    Max Threads    :         8

The output (if any) is above this job summary.



PS:

Read file <./err/19.err.270884> for stderr output of this job.

