19: Hall.csv: none: 0, 0
7, 10
10, 20, 114
16, 30, 129
20, 40, 106
25, 50, 98
31, 60, 95
34, 70, 80
38, 80, 80
38, 90, 88
41, 100, 76
48, 110, 77
49, 120, 99
52, 130, 85
55, 140, 93
57, 150, 99
64, 160, 91
67, 170, 117
69, 180, 115
74, 190, 111
76, 200, 111
79, 210, 111
82, 220, 106
85, 230, 109
90, 240, 111
94, 250, 129
97, 260, 126
100, 270, 123
104, 280, 120
106, 290, 121
108, 300, 123
111, 310, 125
112, 320, 134
114, 330, 132
115, 340, 145
116, 350, 141
117, 360, 136
119, 370, 138
123, 380, 144
127, 390, 146
129, 400, 147
130, 410, 161
131, 420, 158
132, 430, 157
134, 440, 152
134, 450, 166
136, 460, 156
137, 470, 160
138, 480, 168
138, 490, 160
139, 500, 162
141, 510, 163
141, 520, 169
141, 530, 164
142, 540, 157
142, 550, 171
143, 560, 168
143, 570, 159
143, 580, 161
144, 590, 158
145, 600, 161
145, 610, 161
146, 620, 161
146, 630, 163
146, 640, 165
147, 650, 162
147, 660, 164
147, 670, 163
148, 680, 164
149, 690, 168
150, 700, 172
154, 710, 172
155, 720, 184
158, 730, 185
158, 740, 187
159, 750, 181
159, 760, 192
161, 770, 186
162, 780, 197
163, 790, 188
166, 800, 194
167, 810, 200
169, 820, 198
169, 830, 197
171, 840, 202
172, 850, 201
174, 860, 209
176, 870, 204
177, 880, 210
177, 890, 215
177, 900, 217
178, 910, 212
178, 920, 210
178, 930, 210
180, 940, 215
182, 950, 216
182, 960, 229
184, 970, 224
184, 980, 223
184, 990, 221
184, 1000, 222
186, 1010, 218
187, 1020, 224
188, 1030, 220
188, 1040, 225
189, 1050, 220
190, 1060, 229
190, 1070, 226
192, 1080, 221
193, 1090, 231
194, 1100, 238
194, 1110, 241
195, 1120, 242
196, 1130, 233
197, 1140, 246
197, 1150, 241
198, 1160, 244
199, 1170, 240
200, 1180, 245
201, 1190, 249
201, 1200, 246
202, 1210, 243
203, 1220, 243
203, 1230, 237
205, 1240, 239
206, 1250, 248
208, 1260, 246
209, 1270, 247
211, 1280, 246
213, 1290, 255
215, 1300, 256
217, 1310, 263
219, 1320, 266
223, 1330, 269
224, 1340, 275
225, 1350, 268
226, 1360, 279
226, 1370, 278
229, 1380, 273
229, 1390, 285
229, 1400, 276
229, 1410, 267
230, 1420, 272
231, 1430, 283
232, 1440, 273
232, 1450, 268
232, 1460, 278
232, 1470, 279
234, 1480, 277
237, 1490, 284
237, 1500, 278
238, 1510, 276
238, 1520, 271
238, 1530, 278
238, 1540, 288
241, 1550, 283
241, 1560, 283
242, 1570, 273
243, 1580, 274
244, 1590, 287
244, 1600, 276
246, 1610, 280
247, 1620, 283
248, 1630, 289
248, 1640, 279
249, 1650, 284
250, 1660, 285
252, 1670, 286
253, 1680, 290
253, 1690, 293
253, 1700, 292
254, 1710, 300
254, 1720, 286
255, 1730, 288
257, 1740, 296
260, 1750, 300
262, 1760, 306
264, 1770, 310
264, 1780, 315
265, 1790, 316
267, 1800, 311
268, 1810, 315
268, 1820, 313
268, 1830, 314
269, 1840, 314
270, 1850, 315
271, 1860, 317
273, 1870, 312
273, 1880, 318
276, 1890, 318
276, 1900, 320
278, 1910, 314
279, 1920, 326
281, 1930, 323
281, 1940, 325
282, 1950, 322
284, 1960, 328
284, 1970, 330
285, 1980, 325
287, 1990, 328
287, 2000, 329
288, 2010, 324
291, 2020, 327
291, 2030, 332
294, 2040, 334
295, 2050, 333
295, 2060, 332
296, 2070, 337
297, 2080, 329
297, 2090, 339
297, 2100, 337
297, 2110, 331
299, 2120, 333
301, 2130, 338
303, 2140, 335
305, 2150, 341
305, 2160, 342
306, 2170, 345
310, 2180, 337
310, 2190, 349
311, 2200, 343
311, 2210, 349
312, 2220, 346
313, 2230, 344
316, 2240, 346
317, 2250, 353
317, 2260, 354
318, 2270, 352
321, 2280, 350
322, 2290, 360
323, 2300, 360
323, 2310, 358
323, 2320, 357
324, 2330, 356
325, 2340, 359
326, 2350, 357
326, 2360, 358
326, 2370, 358
326, 2380, 357
328, 2390, 355
329, 2400, 359
330, 2410, 361
331, 2420, 359
333, 2430, 362
335, 2440, 369
335, 2450, 373
336, 2460, 367
336, 2470, 369
338, 2480, 370
339, 2490, 369
340, 2500, 372
341, 2510, 376
345, 2520, 371
346, 2530, 378
346, 2540, 378
347, 2550, 377
348, 2560, 381
349, 2570, 378
349, 2580, 381
350, 2590, 379
350, 2600, 381
351, 2610, 382
351, 2620, 382
351, 2630, 379
353, 2640, 380
353, 2650, 386
355, 2660, 382
356, 2670, 388
359, 2680, 387
360, 2690, 389
363, 2700, 389
363, 2710, 400
365, 2720, 399
368, 2730, 397
372, 2740, 401
374, 2750, 407
375, 2760, 411
375, 2770, 409
376, 2780, 409
377, 2790, 406
378, 2800, 405
378, 2810, 405
380, 2820, 410
380, 2830, 411
382, 2840, 408
383, 2850, 415
385, 2860, 413
386, 2870, 413
388, 2880, 417
390, 2890, 418
390, 2900, 421
391, 2910, 421
392, 2920, 420
393, 2930, 420
395, 2940, 420
396, 2950, 426
396, 2960, 423
396, 2970, 429
397, 2980, 425
399, 2990, 425
399, 3000, 431
401, 3010, 429
403, 3020, 429
403, 3030, 434
405, 3040, 430
405, 3050, 433
406, 3060, 436
407, 3070, 436
409, 3080, 435
411, 3090, 437
414, 3100, 437
415, 3110, 443
417, 3120, 442
417, 3130, 444
417, 3140, 441
418, 3150, 445
418, 3160, 441
418, 3170, 444
420, 3180, 445
421, 3190, 445
421, 3200, 444
422, 3210, 445
{'count': 3210, 'truepos': 97, 'falseneg': 7, 'unknownyes': 2, 'falsepos': 325, 'unique': 3210}
19: Hall.csv: three: 0, 0
8, 10
12, 20, 125
16, 30, 144
18, 40, 102
23, 50, 99
28, 60, 96
31, 70, 96
37, 80, 73
41, 90, 79
44, 100, 83
45, 110, 85
48, 120, 80
56, 130, 80
60, 140, 91
63, 150, 109
68, 160, 99
72, 170, 93
75, 180, 94
81, 190, 94
84, 200, 103
85, 210, 115
90, 220, 109
95, 230, 107
95, 240, 141
95, 250, 117
97, 260, 111
99, 270, 113
99, 280, 119
100, 290, 116
101, 300, 117
101, 310, 121
101, 320, 115
102, 330, 115
102, 340, 115
102, 350, 113
103, 360, 118
103, 370, 114
104, 380, 112
104, 390, 117
104, 400, 113
106, 410, 113
106, 420, 118
107, 430, 115
107, 440, 116
108, 450, 118
108, 460, 118
109, 470, 116
109, 480, 123
109, 490, 121
109, 500, 118
109, 510, 119
109, 520, 118
109, 530, 117
109, 540, 117
{'count': 1186, 'truepos': 101, 'falseneg': 1, 'unknownyes': 4, 'falsepos': 8, 'unique': 540}
19: Hall.csv: machine: 0, 0
9, 10
12, 20, 145
18, 30, 150
22, 40, 119
24, 50, 102
31, 60, 94
['no' 'yes' 'yes' 'no' 'yes' 'yes' 'yes' 'yes' 'yes' 'yes']
['no' 'no' 'no' 'no' 'no' 'no' 'no' 'no' 'no' 'yes']
32, 60, 94
34, 70, 83
38, 80, 77
43, 90, 90
46, 100, 102
49, 110, 98
['no' 'yes' 'no' 'yes' 'yes' 'yes' 'yes' 'yes' 'yes' 'yes']
['no' 'no' 'no' 'no' 'no' 'no' 'no' 'no' 'no' 'no']
47, 110, 98
50, 120, 89
55, 130, 84
60, 140, 94
68, 150, 94
72, 160, 111
['yes' 'yes' 'yes' 'yes' 'yes' 'yes' 'yes' 'yes' 'yes' 'yes']
['no' 'no' 'no' 'no' 'no' 'no' 'no' 'no' 'no' 'no']
72, 160, 111
75, 170, 120
78, 180, 111
80, 190, 105
82, 200, 114
86, 210, 112
['yes' 'no' 'yes' 'yes' 'yes' 'yes' 'yes' 'no' 'yes' 'yes']
['no' 'no' 'no' 'no' 'no' 'no' 'no' 'no' 'no' 'no']
82, 210, 112
86, 220, 111
89, 230, 103
94, 240, 107
99, 250, 112
103, 260, 125
['no' 'no' 'no' 'no' 'no' 'yes' 'no' 'no' 'yes' 'yes']
['no' 'no' 'yes' 'no' 'no' 'no' 'no' 'no' 'no' 'no']
97, 260, 125
99, 270, 122
102, 280, 120
103, 290, 127
104, 300, 122
109, 310, 120
['no' 'no' 'yes' 'no' 'no' 'yes' 'no' 'yes' 'yes' 'yes']
['no' 'no' 'no' 'no' 'no' 'no' 'no' 'yes' 'no' 'yes']
107, 310, 120
107, 320, 125
110, 330, 122
112, 340, 128
114, 350, 131
115, 360, 130
['no' 'no' 'no' 'no' 'no' 'no' 'no' 'yes' 'yes' 'yes']
['no' 'no' 'no' 'no' 'no' 'no' 'no' 'no' 'no' 'no']
109, 360, 130
112, 370, 123
114, 380, 123
115, 390, 127
117, 400, 127
119, 410, 129
['no' 'no' 'no' 'no' 'yes' 'no' 'yes' 'yes' 'yes' 'yes']
['no' 'no' 'no' 'no' 'no' 'no' 'no' 'no' 'yes' 'no']
114, 410, 129
114, 420, 145
116, 430, 133
117, 440, 140
119, 450, 138
121, 460, 143
['no' 'yes' 'yes' 'no' 'no' 'no' 'no' 'yes' 'no' 'no']
['no' 'no' 'no' 'no' 'no' 'no' 'no' 'yes' 'no' 'no']
116, 460, 143
117, 470, 141
120, 480, 142
122, 490, 146
124, 500, 140
125, 510, 145
['no' 'no' 'no' 'no' 'no' 'no' 'no' 'no' 'no' 'no']
['no' 'no' 'no' 'no' 'no' 'no' 'no' 'no' 'no' 'no']
118, 510, 145
120, 520, 131
120, 530, 134
121, 540, 133
124, 550, 132
124, 560, 139
['no' 'no' 'no' 'no' 'no' 'no' 'yes' 'yes' 'no' 'no']
['yes' 'no' 'no' 'no' 'no' 'no' 'no' 'no' 'yes' 'no']
119, 560, 139
121, 570, 129
123, 580, 133
124, 590, 137
125, 600, 137
127, 610, 140
['no' 'no' 'no' 'no' 'no' 'no' 'yes' 'no' 'yes' 'yes']
['no' 'no' 'no' 'no' 'no' 'no' 'no' 'no' 'no' 'no']
121, 610, 140
121, 620, 133
122, 630, 130
122, 640, 132
122, 650, 133
123, 660, 134
['no' 'no' 'no' 'no' 'no' 'no' 'yes' 'yes' 'yes' 'yes']
['no' 'no' 'no' 'no' 'no' 'no' 'no' 'no' 'no' 'no']
119, 660, 134
120, 670, 129
121, 680, 131
121, 690, 129
121, 700, 129
121, 710, 130
['no' 'no' 'no' 'no' 'no' 'yes' 'yes' 'no' 'yes' 'no']
['yes' 'no' 'no' 'no' 'no' 'no' 'no' 'no' 'no' 'no']
119, 710, 130
120, 720, 128
121, 730, 128
121, 740, 129
122, 750, 129
123, 760, 131
['no' 'no' 'no' 'no' 'yes' 'yes' 'yes' 'no' 'yes' 'no']
['no' 'no' 'no' 'no' 'no' 'no' 'no' 'no' 'no' 'no']
116, 760, 131
118, 770, 123
121, 780, 126
124, 790, 132
125, 800, 140
127, 810, 138
['no' 'no' 'yes' 'no' 'no' 'yes' 'no' 'no' 'no' 'no']
['no' 'no' 'no' 'no' 'no' 'no' 'yes' 'no' 'no' 'no']
120, 810, 138
123, 820, 128
124, 830, 133
125, 840, 136
126, 850, 138
128, 860, 140
['no' 'no' 'no' 'no' 'no' 'no' 'yes' 'no' 'no' 'no']
['no' 'no' 'no' 'no' 'no' 'no' 'no' 'no' 'no' 'no']
120, 860, 140
120, 870, 127
122, 880, 127
123, 890, 130
124, 900, 131
124, 910, 131
['no' 'no' 'no' 'no' 'no' 'yes' 'no' 'no' 'no' 'no']
['no' 'no' 'no' 'no' 'no' 'no' 'no' 'no' 'no' 'no']
115, 910, 131
['no' 'no' 'yes' 'no' 'yes' 'no' 'yes' 'yes' 'yes' 'yes']
['no' 'no' 'no' 'no' 'no' 'no' 'yes' 'no' 'no' 'no']
{'count': 1290, 'truepos': 98, 'falseneg': 4, 'unknownyes': 4, 'falsepos': 17, 'unique': 910}
19: Hall.csv: machine2: 0, 0
7, 10
10, 20, 109
16, 30, 118
21, 40, 101
23, 50, 97
25, 60, 98
['yes' 'yes' 'yes' 'yes' 'yes' 'yes' 'yes' 'yes' 'yes' 'yes']
['no' 'no' 'no']
25, 60, 98
29, 70, 92
34, 80, 91
39, 90, 70
43, 100, 78
46, 110, 81
['no' 'yes' 'yes' 'yes' 'yes' 'yes' 'yes' 'yes' 'yes' 'yes']
['yes' 'no' 'yes' 'no' 'no' 'no' 'no' 'no' 'no' 'no']
48, 110, 81
54, 120, 81
58, 130, 91
60, 140, 94
64, 150, 96
68, 160, 98
['yes' 'yes' 'yes' 'no' 'yes' 'yes' 'no' 'yes' 'yes' 'yes']
['no' 'no' 'no' 'no' 'no' 'no' 'no' 'no' 'no' 'no']
66, 160, 98
68, 170, 94
71, 180, 96
77, 190, 89
82, 200, 94
87, 210, 107
['no' 'yes' 'no' 'yes' 'yes' 'yes' 'yes' 'no' 'yes' 'yes']
['no' 'no' 'no' 'no' 'no' 'yes' 'no' 'no' 'no' 'no']
86, 210, 107
88, 220, 104
92, 230, 106
93, 240, 124
96, 250, 111
98, 260, 118
['no' 'no' 'yes' 'no' 'yes' 'yes' 'yes' 'no' 'yes' 'yes']
['no' 'no' 'no' 'yes' 'no' 'no' 'no' 'no' 'no' 'no']
97, 260, 118
101, 270, 113
102, 280, 120
105, 290, 121
106, 300, 136
108, 310, 132
['yes' 'no' 'no' 'yes' 'yes' 'no' 'no' 'no' 'yes' 'yes']
['yes' 'no' 'no' 'no' 'no' 'no' 'no' 'no' 'yes' 'no']
109, 310, 132
110, 320, 124
110, 330, 127
112, 340, 126
113, 350, 125
116, 360, 135
['no' 'yes' 'no' 'no' 'no' 'yes' 'no' 'no' 'no' 'yes']
['no' 'no' 'no' 'no' 'no' 'no' 'no' 'no' 'no' 'no']
111, 360, 135
114, 370, 123
115, 380, 131
115, 390, 141
116, 400, 134
116, 410, 131
['no' 'yes' 'no' 'no' 'no' 'no' 'yes' 'no' 'no' 'yes']
['no' 'no' 'no' 'no' 'yes' 'no' 'no' 'no' 'no' 'no']
111, 410, 131
113, 420, 120
113, 430, 124
114, 440, 123
116, 450, 121
118, 460, 124
['no' 'yes' 'no' 'no' 'no' 'yes' 'yes' 'no' 'no' 'no']
['no' 'no' 'no' 'no' 'no' 'no' 'no' 'no' 'no' 'no']
['no' 'yes' 'no' 'no' 'no' 'no' 'yes' 'no' 'no' 'no']
['no' 'no' 'no' 'no' 'no' 'no' 'no' 'no' 'no' 'no']
{'count': 670, 'truepos': 98, 'falseneg': 3, 'unknownyes': 5, 'falsepos': 14, 'unique': 460}
19: Hall.csv: machine3: 0, 0
8, 10
10, 20, 127
15, 30, 124
19, 40, 103
22, 50, 94
27, 60, 90
null
['no' 'no' 'no']
27, 60, 90
30, 70, 95
33, 80, 73
37, 90, 74
39, 100, 76
45, 110, 77
null
['no' 'no' 'yes' 'no' 'no' 'no' 'no' 'no' 'no' 'no']
47, 110, 77
53, 120, 82
56, 130, 87
58, 140, 82
59, 150, 89
62, 160, 84
null
['no' 'no' 'no' 'no' 'no' 'no' 'no' 'no' 'no' 'no']
62, 160, 84
63, 170, 80
63, 180, 81
68, 190, 78
74, 200, 82
77, 210, 88
null
['no' 'no' 'no' 'no' 'yes' 'no' 'yes' 'no' 'yes' 'no']
80, 210, 88
82, 220, 98
87, 230, 95
90, 240, 103
95, 250, 104
96, 260, 122
null
['no' 'yes' 'no' 'no' 'yes' 'no' 'no' 'yes' 'no' 'no']
100, 260, 122
101, 270, 120
101, 280, 114
101, 290, 114
101, 300, 115
101, 310, 113
null
['no' 'no' 'no' 'no' 'no' 'no' 'no' 'yes' 'no' 'no']
102, 310, 113
103, 320, 112
103, 330, 115
105, 340, 111
106, 350, 115
106, 360, 118
null
['no' 'no' 'no' 'no' 'no' 'no' 'no' 'no' 'no' 'no']
106, 360, 118
107, 370, 117
107, 380, 118
107, 390, 117
108, 400, 116
108, 410, 116
null
['no' 'no' 'no' 'no' 'no' 'no' 'no' 'no' 'no' 'no']
108, 410, 116
108, 420, 116
108, 430, 115
108, 440, 115
108, 450, 116
109, 460, 115
null
['no' 'yes' 'no' 'no' 'no' 'no' 'no' 'no' 'no' 'no']
111, 460, 115
111, 470, 119
111, 480, 120
111, 490, 118
111, 500, 117
111, 510, 118
null
['no' 'no' 'no' 'no' 'no' 'no' 'no' 'no' 'no' 'no']
112, 510, 118
112, 520, 118
112, 530, 119
112, 540, 118
113, 550, 119
114, 560, 119
null
['no' 'no' 'no' 'no' 'no' 'no' 'no' 'no' 'no' 'no']
null
['no' 'no' 'no' 'no' 'no' 'no' 'no' 'no' 'no' 'no']
{'count': 866, 'truepos': 101, 'falseneg': 1, 'unknownyes': 4, 'falsepos': 13, 'unique': 560}
19: Wahono.csv: none: 0, 0
8, 10
11, 20, 124
13, 30, 137
19, 40, 104
21, 50, 97
25, 60, 92
26, 70, 99
28, 80, 94
31, 90, 95
34, 100, 75
35, 110, 95
38, 120, 70
40, 130, 94
41, 140, 80
42, 150, 85
45, 160, 85
47, 170, 83
51, 180, 100
52, 190, 124
52, 200, 102
53, 210, 101
55, 220, 91
56, 230, 101
57, 240, 96
58, 250, 103
58, 260, 96
59, 270, 94
62, 280, 85
64, 290, 93
66, 300, 92
66, 310, 97
67, 320, 97
69, 330, 94
71, 340, 100
73, 350, 104
76, 360, 109
79, 370, 119
79, 380, 118
81, 390, 111
84, 400, 127
87, 410, 129
87, 420, 136
88, 430, 124
88, 440, 123
90, 450, 122
93, 460, 119
97, 470, 135
99, 480, 132
101, 490, 130
101, 500, 137
106, 510, 134
107, 520, 162
107, 530, 158
109, 540, 145
110, 550, 150
110, 560, 153
111, 570, 152
112, 580, 140
113, 590, 151
114, 600, 147
115, 610, 150
115, 620, 156
116, 630, 144
116, 640, 150
116, 650, 147
116, 660, 144
117, 670, 146
118, 680, 146
119, 690, 150
120, 700, 155
122, 710, 146
123, 720, 155
125, 730, 156
128, 740, 156
130, 750, 163
132, 760, 164
133, 770, 169
133, 780, 164
133, 790, 167
136, 800, 167
136, 810, 174
136, 820, 174
136, 830, 168
137, 840, 165
138, 850, 167
139, 860, 165
141, 870, 168
142, 880, 173
142, 890, 165
143, 900, 170
144, 910, 172
146, 920, 175
147, 930, 176
148, 940, 180
148, 950, 183
148, 960, 181
148, 970, 185
150, 980, 184
150, 990, 183
150, 1000, 180
152, 1010, 181
155, 1020, 182
156, 1030, 182
157, 1040, 188
158, 1050, 186
159, 1060, 185
160, 1070, 188
162, 1080, 187
162, 1090, 194
164, 1100, 195
166, 1110, 196
166, 1120, 193
170, 1130, 193
171, 1140, 202
176, 1150, 203
176, 1160, 219
176, 1170, 208
178, 1180, 208
180, 1190, 212
181, 1200, 216
181, 1210, 229
181, 1220, 220
182, 1230, 222
183, 1240, 215
185, 1250, 216
186, 1260, 224
186, 1270, 218
187, 1280, 223
190, 1290, 224
192, 1300, 226
192, 1310, 240
193, 1320, 233
193, 1330, 226
193, 1340, 231
194, 1350, 229
195, 1360, 231
196, 1370, 226
196, 1380, 229
196, 1390, 230
196, 1400, 223
197, 1410, 226
200, 1420, 233
200, 1430, 237
201, 1440, 239
203, 1450, 239
203, 1460, 243
204, 1470, 237
205, 1480, 240
205, 1490, 241
206, 1500, 237
207, 1510, 241
208, 1520, 239
208, 1530, 238
209, 1540, 244
209, 1550, 238
210, 1560, 240
212, 1570, 241
214, 1580, 245
214, 1590, 247
215, 1600, 243
215, 1610, 244
217, 1620, 244
219, 1630, 249
220, 1640, 248
221, 1650, 253
222, 1660, 251
224, 1670, 251
224, 1680, 253
227, 1690, 254
227, 1700, 257
227, 1710, 258
227, 1720, 262
228, 1730, 255
229, 1740, 258
229, 1750, 261
231, 1760, 255
232, 1770, 258
234, 1780, 256
236, 1790, 260
236, 1800, 262
236, 1810, 263
240, 1820, 262
240, 1830, 264
240, 1840, 269
243, 1850, 267
244, 1860, 270
244, 1870, 270
246, 1880, 267
248, 1890, 272
250, 1900, 273
250, 1910, 277
251, 1920, 276
251, 1930, 275
252, 1940, 275
252, 1950, 277
254, 1960, 277
254, 1970, 273
254, 1980, 276
257, 1990, 279
258, 2000, 279
258, 2010, 280
261, 2020, 280
262, 2030, 282
262, 2040, 283
263, 2050, 280
263, 2060, 283
266, 2070, 285
266, 2080, 286
266, 2090, 285
267, 2100, 288
270, 2110, 287
271, 2120, 289
271, 2130, 289
272, 2140, 291
273, 2150, 293
273, 2160, 298
274, 2170, 294
275, 2180, 295
278, 2190, 297
278, 2200, 298
278, 2210, 297
279, 2220, 295
279, 2230, 298
281, 2240, 298
283, 2250, 303
283, 2260, 303
284, 2270, 300
284, 2280, 305
286, 2290, 304
287, 2300, 309
288, 2310, 305
289, 2320, 307
289, 2330, 307
289, 2340, 307
289, 2350, 307
292, 2360, 308
295, 2370, 311
297, 2380, 315
297, 2390, 320
300, 2400, 315
301, 2410, 317
302, 2420, 323
303, 2430, 323
303, 2440, 321
304, 2450, 324
305, 2460, 323
305, 2470, 324
308, 2480, 324
309, 2490, 331
310, 2500, 328
312, 2510, 328
313, 2520, 334
314, 2530, 334
315, 2540, 338
318, 2550, 333
318, 2560, 341
318, 2570, 340
318, 2580, 338
319, 2590, 337
321, 2600, 339
321, 2610, 342
322, 2620, 343
322, 2630, 342
322, 2640, 340
322, 2650, 342
323, 2660, 341
325, 2670, 343
327, 2680, 343
328, 2690, 348
329, 2700, 347
{'count': 2700, 'truepos': 56, 'falseneg': 3, 'unknownyes': 3, 'falsepos': 273, 'unique': 2700}
19: Wahono.csv: three: 0, 0
7, 10
8, 20, 112
8, 30, 109
11, 40, 93
16, 50, 91
17, 60, 86
19, 70, 68
21, 80, 65
23, 90, 63
25, 100, 64
28, 110, 63
28, 120, 66
30, 130, 56
34, 140, 59
34, 150, 73
36, 160, 59
38, 170, 64
39, 180, 67
40, 190, 71
41, 200, 67
43, 210, 65
44, 220, 67
45, 230, 67
46, 240, 81
46, 250, 75
47, 260, 72
50, 270, 68
51, 280, 79
52, 290, 74
52, 300, 76
52, 310, 72
52, 320, 77
53, 330, 77
55, 340, 78
55, 350, 92
55, 360, 90
55, 370, 93
55, 380, 90
55, 390, 85
56, 400, 79
56, 410, 78
56, 420, 81
57, 430, 80
57, 440, 78
57, 450, 78
57, 460, 74
58, 470, 79
59, 480, 81
59, 490, 84
60, 500, 81
60, 510, 80
61, 520, 76
62, 530, 80
63, 540, 82
64, 550, 81
64, 560, 84
64, 570, 81
65, 580, 84
66, 590, 82
67, 600, 80
68, 610, 78
69, 620, 80
69, 630, 80
69, 640, 81
69, 650, 81
69, 660, 87
69, 670, 85
70, 680, 83
70, 690, 83
70, 700, 83
71, 710, 83
71, 720, 85
72, 730, 82
72, 740, 83
73, 750, 85
73, 760, 86
73, 770, 84
73, 780, 86
73, 790, 85
73, 800, 84
73, 810, 83
74, 820, 85
74, 830, 83
75, 840, 84
75, 850, 83
75, 860, 88
75, 870, 84
75, 880, 83
75, 890, 86
77, 900, 88
77, 910, 87
77, 920, 85
77, 930, 85
77, 940, 86
77, 950, 86
77, 960, 87
78, 970, 83
78, 980, 86
79, 990, 84
79, 1000, 85
80, 1010, 86
81, 1020, 88
82, 1030, 89
82, 1040, 90
82, 1050, 90
82, 1060, 92
82, 1070, 90
82, 1080, 89
83, 1090, 90
83, 1100, 88
84, 1110, 89
84, 1120, 91
84, 1130, 92
84, 1140, 90
84, 1150, 91
84, 1160, 90
84, 1170, 90
85, 1180, 91
85, 1190, 92
85, 1200, 91
85, 1210, 92
85, 1220, 90
85, 1230, 92
85, 1240, 90
85, 1250, 91
85, 1260, 90
85, 1270, 90
85, 1280, 90
85, 1290, 90
85, 1300, 92
{'count': 2815, 'truepos': 47, 'falseneg': 3, 'unknownyes': 12, 'falsepos': 38, 'unique': 1300}
19: Wahono.csv: machine: 0, 0
6, 10
8, 20, 99
9, 30, 114
9, 40, 107
14, 50, 76
20, 60, 89
['no' 'no' 'yes' 'yes' 'yes' 'yes' 'no' 'no' 'yes' 'no']
['no']
14, 60, 89
16, 70, 62
17, 80, 62
17, 90, 49
22, 100, 45
24, 110, 59
['no' 'yes' 'yes' 'no' 'yes' 'no' 'yes' 'no' 'yes' 'yes']
[]
19, 110, 59
20, 120, 48
20, 130, 48
22, 140, 47
22, 150, 50
24, 160, 49
['no' 'yes' 'yes' 'yes' 'yes' 'yes' 'yes' 'no' 'no' 'yes']
[]
20, 160, 49
23, 170, 50
23, 180, 54
24, 190, 53
25, 200, 52
26, 210, 52
['yes' 'no' 'yes' 'no' 'no' 'yes' 'yes' 'yes' 'no' 'no']
['yes']
22, 210, 52
24, 220, 55
29, 230, 55
31, 240, 63
32, 250, 46
34, 260, 48
['no' 'no' 'no' 'no' 'no' 'no' 'yes' 'yes' 'yes' 'no']
['no' 'no' 'no' 'no' 'no' 'no' 'no' 'no' 'no' 'no']
27, 260, 48
29, 270, 59
30, 280, 59
34, 290, 43
36, 300, 52
40, 310, 54
['yes' 'no' 'yes' 'yes' 'yes' 'yes' 'yes' 'yes' 'no' 'yes']
['no' 'no' 'no' 'no' 'no' 'no' 'no' 'no' 'no' 'no']
41, 310, 54
42, 320, 62
43, 330, 62
44, 340, 64
45, 350, 64
46, 360, 61
['no' 'yes' 'no' 'no' 'yes' 'yes' 'yes' 'no' 'yes' 'yes']
['no' 'no' 'no' 'no' 'no' 'no' 'no' 'no' 'no' 'no']
43, 360, 61
43, 370, 65
46, 380, 62
48, 390, 65
50, 400, 70
51, 410, 70
['yes' 'no' 'yes' 'yes' 'yes' 'no' 'no' 'yes' 'yes' 'yes']
['yes' 'yes' 'yes' 'no' 'no' 'yes' 'no' 'no' 'no' 'no']
54, 410, 70
56, 420, 73
58, 430, 75
59, 440, 81
59, 450, 83
59, 460, 77
['no' 'no' 'yes' 'no' 'no' 'no' 'no' 'yes' 'no' 'no']
['no' 'no' 'no' 'no' 'no' 'no' 'no' 'no' 'no' 'no']
51, 460, 77
53, 470, 66
54, 480, 68
54, 490, 75
57, 500, 73
59, 510, 84
['no' 'no' 'no' 'no' 'no' 'no' 'no' 'no' 'no']
['no' 'no' 'no' 'no' 'no' 'no' 'no' 'no' 'no' 'no']
51, 510, 84
53, 520, 66
55, 530, 70
55, 540, 69
55, 550, 67
56, 560, 67
['no' 'no' 'no' 'yes' 'yes' 'no']
['no' 'no' 'no' 'no' 'no' 'no' 'no' 'no' 'no' 'no']
54, 560, 67
58, 570, 67
60, 580, 72
61, 590, 75
62, 600, 77
62, 610, 78
['no' 'no' 'no' 'no' 'no' 'no' 'no' 'no' 'no' 'no']
['no' 'no' 'no' 'no' 'no' 'no' 'no' 'no' 'no' 'no']
57, 610, 78
61, 620, 73
62, 630, 82
62, 640, 82
62, 650, 78
62, 660, 84
['no' 'no' 'no' 'no' 'no' 'no']
['no' 'no' 'no' 'no' 'no' 'no' 'no' 'no' 'no' 'no']
56, 660, 84
56, 670, 69
56, 680, 67
58, 690, 67
60, 700, 71
61, 710, 72
['no' 'no' 'yes' 'no' 'no']
['no' 'no' 'no' 'no' 'no' 'no' 'no' 'no' 'no' 'yes']
59, 710, 72
60, 720, 69
63, 730, 70
63, 740, 76
64, 750, 77
65, 760, 78
['no' 'no' 'no' 'no' 'no' 'no' 'yes' 'no']
['no' 'no' 'no' 'no' 'no' 'no' 'no' 'no' 'no' 'no']
61, 760, 78
63, 770, 73
63, 780, 78
65, 790, 76
66, 800, 81
68, 810, 90
['no' 'no' 'no' 'no' 'no' 'no' 'no' 'no']
['no' 'no' 'no' 'no' 'no' 'no' 'no' 'no' 'no' 'no']
61, 810, 90
61, 820, 70
61, 830, 70
61, 840, 70
61, 850, 71
61, 860, 70
['no']
['no' 'no' 'no' 'no' 'no' 'no' 'no' 'no' 'no' 'no']
61, 860, 70
62, 870, 71
63, 880, 72
64, 890, 72
64, 900, 74
65, 910, 73
['yes' 'no' 'no' 'no' 'no']
['no' 'no' 'no' 'no' 'no' 'no' 'no' 'no' 'yes' 'no']
63, 910, 73
64, 920, 70
65, 930, 70
67, 940, 73
68, 950, 76
69, 960, 75
['no' 'no' 'no' 'no' 'no' 'yes' 'no' 'no' 'no']
['no' 'no' 'no' 'no' 'no' 'no' 'no' 'no' 'no' 'no']
64, 960, 75
64, 970, 72
65, 980, 71
65, 990, 72
67, 1000, 72
69, 1010, 74
['no' 'no' 'no' 'no' 'no' 'no']
['no' 'no' 'no' 'no' 'no' 'no' 'yes' 'no' 'no' 'yes']
67, 1010, 74
67, 1020, 74
68, 1030, 74
68, 1040, 74
69, 1050, 75
70, 1060, 76
['no' 'no' 'no']
['no' 'no' 'no' 'no' 'no' 'no' 'no' 'no' 'no' 'no']
68, 1060, 76
68, 1070, 75
70, 1080, 74
73, 1090, 76
73, 1100, 79
73, 1110, 79
['no' 'no' 'no' 'no' 'no' 'no']
['no' 'no' 'no' 'no' 'no' 'no' 'no' 'no' 'no' 'no']
71, 1110, 79
73, 1120, 79
75, 1130, 81
76, 1140, 85
76, 1150, 84
77, 1160, 84
['no' 'no' 'no' 'no' 'no' 'no' 'no' 'no' 'no' 'no']
['no' 'no' 'no' 'no' 'no' 'no' 'no' 'no' 'no' 'no']
70, 1160, 84
72, 1170, 77
74, 1180, 80
74, 1190, 82
75, 1200, 82
77, 1210, 83
['no' 'no' 'yes' 'no' 'no' 'no' 'no' 'no']
['no' 'no' 'no' 'no' 'no' 'no' 'no' 'no' 'no' 'no']
73, 1210, 83
73, 1220, 81
73, 1230, 80
74, 1240, 82
77, 1250, 82
77, 1260, 88
['no' 'no' 'no' 'no']
['no' 'no' 'no' 'no' 'no' 'yes' 'no' 'no' 'no' 'no']
74, 1260, 88
74, 1270, 82
74, 1280, 81
79, 1290, 81
80, 1300, 90
81, 1310, 90
['no' 'no' 'yes' 'yes' 'no' 'no' 'no' 'no']
['no' 'no' 'no' 'no' 'no' 'no' 'no' 'no' 'no' 'no']
76, 1310, 90
77, 1320, 82
77, 1330, 86
77, 1340, 84
77, 1350, 84
78, 1360, 83
['no' 'no' 'no']
['no' 'no' 'no' 'yes' 'no' 'no' 'no' 'no' 'no' 'no']
77, 1360, 83
80, 1370, 83
82, 1380, 87
84, 1390, 91
85, 1400, 96
86, 1410, 95
['no' 'no' 'no' 'no' 'no' 'no' 'no' 'no' 'no' 'no']
['no' 'no' 'no' 'no' 'no' 'no' 'no' 'no' 'no' 'no']
78, 1410, 95
78, 1420, 84
80, 1430, 84
80, 1440, 86
82, 1450, 86
83, 1460, 89
['no' 'no' 'no' 'yes' 'no' 'no' 'no']
['no' 'no' 'no' 'no' 'no' 'no' 'no' 'no' 'no' 'no']
78, 1460, 89
81, 1470, 84
82, 1480, 88
84, 1490, 90
85, 1500, 92
85, 1510, 92
['no' 'no' 'no' 'no' 'no' 'no' 'no']
['no' 'no' 'no' 'no' 'no' 'no' 'no' 'no' 'no' 'no']
79, 1510, 92
80, 1520, 85
80, 1530, 85
82, 1540, 85
85, 1550, 88
86, 1560, 91
['no' 'no' 'no' 'no' 'no' 'no' 'no']
['no' 'no' 'no' 'no' 'no' 'no' 'no' 'no' 'no' 'no']
79, 1560, 91
79, 1570, 84
80, 1580, 85
81, 1590, 86
82, 1600, 87
83, 1610, 88
['no' 'no' 'no' 'no']
['no' 'no' 'no' 'no' 'no' 'no' 'no' 'no' 'no' 'no']
81, 1610, 88
81, 1620, 86
84, 1630, 86
87, 1640, 90
88, 1650, 93
88, 1660, 93
['no' 'no' 'no' 'no' 'no' 'no' 'no' 'no']
['no' 'no' 'no' 'no' 'no' 'no' 'no' 'no' 'no' 'no']
80, 1660, 93
80, 1670, 87
81, 1680, 85
81, 1690, 88
81, 1700, 87
81, 1710, 87
['no']
['no' 'no' 'no' 'no' 'no' 'no' 'no' 'no' 'no' 'no']
81, 1710, 87
82, 1720, 87
84, 1730, 89
84, 1740, 91
85, 1750, 90
85, 1760, 91
['no' 'no' 'no' 'no']
['no' 'no' 'no' 'no' 'no' 'no' 'no' 'no' 'no' 'no']
84, 1760, 91
85, 1770, 90
85, 1780, 90
87, 1790, 90
88, 1800, 94
89, 1810, 94
['no' 'no' 'no' 'no' 'no']
['no' 'no' 'no' 'no' 'no' 'no' 'no' 'no' 'no' 'no']
84, 1810, 94
null
['no' 'no' 'no' 'no' 'no' 'no' 'no' 'no' 'no' 'no']
{'count': 2400, 'truepos': 57, 'falseneg': 2, 'unknownyes': 3, 'falsepos': 27, 'unique': 1810}
19: Wahono.csv: machine2: 0, 0
5, 10
7, 20, 95
7, 30, 101
10, 40, 96
14, 50, 96
18, 60, 86
['no' 'yes' 'yes' 'no' 'yes' 'yes' 'yes' 'yes' 'yes' 'yes']
['no' 'no' 'yes']
19, 60, 86
21, 70, 91
24, 80, 92
26, 90, 87
26, 100, 70
29, 110, 62
['yes' 'yes' 'no' 'no' 'yes' 'yes' 'no' 'yes' 'yes' 'yes']
[]
27, 110, 62
30, 120, 62
32, 130, 55
36, 140, 53
38, 150, 59
40, 160, 57
['no' 'yes' 'yes' 'no' 'no' 'no' 'yes' 'no' 'no' 'yes']
['no' 'no' 'no' 'no' 'no' 'no' 'no' 'no' 'no' 'no']
34, 160, 57
37, 170, 56
40, 180, 65
42, 190, 71
44, 200, 69
47, 210, 76
['yes' 'yes' 'yes' 'yes' 'yes' 'no' 'yes' 'yes' 'no' 'yes']
['no' 'no' 'no' 'no' 'no' 'no' 'no' 'no' 'no' 'no']
46, 210, 76
48, 220, 74
51, 230, 80
52, 240, 90
53, 250, 87
54, 260, 87
['yes' 'yes' 'no' 'no' 'yes' 'yes' 'no' 'no' 'yes' 'yes']
['no' 'no' 'no' 'no' 'no' 'no' 'no' 'no' 'no' 'no']
50, 260, 87
50, 270, 77
51, 280, 66
51, 290, 73
53, 300, 70
54, 310, 70
['no' 'yes' 'no' 'no' 'yes' 'yes' 'no' 'yes' 'yes' 'yes']
['no' 'no' 'no' 'no' 'no' 'no' 'no' 'no' 'no' 'no']
51, 310, 70
52, 320, 67
56, 330, 70
58, 340, 74
61, 350, 77
62, 360, 82
['no' 'no' 'yes' 'no' 'no' 'yes' 'no' 'no' 'no' 'no']
['no' 'no' 'no' 'no' 'no' 'no' 'no' 'no' 'no' 'no']
58, 360, 82
59, 370, 74
59, 380, 77
59, 390, 74
62, 400, 79
65, 410, 87
['no' 'no' 'no' 'no' 'no' 'no' 'no' 'no' 'yes' 'yes']
['yes' 'no' 'no' 'no' 'no' 'no' 'no' 'no' 'no' 'no']
61, 410, 87
64, 420, 78
64, 430, 87
65, 440, 86
65, 450, 87
65, 460, 90
['yes' 'no' 'no' 'no' 'yes' 'yes' 'yes' 'no' 'no' 'yes']
['no' 'no' 'no' 'no' 'no' 'no' 'no' 'no' 'no' 'no']
61, 460, 90
63, 470, 73
63, 480, 83
64, 490, 76
64, 500, 79
66, 510, 78
['no' 'no' 'no' 'no' 'no' 'yes' 'no']
['no' 'no' 'no' 'no' 'no' 'no' 'no' 'no' 'no' 'no']
64, 510, 78
65, 520, 83
66, 530, 77
68, 540, 87
70, 550, 95
72, 560, 98
['no' 'no' 'no' 'no' 'no' 'no' 'no' 'no' 'no' 'no']
['no' 'no' 'no' 'no' 'no' 'no' 'no' 'no' 'no' 'no']
64, 560, 98
67, 570, 77
69, 580, 83
70, 590, 84
70, 600, 85
70, 610, 82
['no' 'no' 'no' 'no' 'no' 'yes' 'no']
['no' 'no' 'no' 'no' 'no' 'no' 'no' 'no' 'no' 'no']
67, 610, 82
67, 620, 77
68, 630, 77
71, 640, 79
73, 650, 84
75, 660, 89
['no' 'no' 'no' 'no' 'no' 'no' 'no' 'no']
['no' 'no' 'no' 'no' 'no' 'no' 'no' 'no' 'no' 'no']
68, 660, 89
69, 670, 84
69, 680, 85
70, 690, 82
70, 700, 85
70, 710, 82
['no' 'no']
['no' 'no' 'no' 'no' 'no' 'no' 'no' 'no' 'no' 'no']
69, 710, 82
71, 720, 81
71, 730, 85
72, 740, 82
72, 750, 82
73, 760, 81
['no' 'no' 'no' 'no' 'no']
['no' 'no' 'no' 'no' 'no' 'no' 'no' 'no' 'no' 'no']
68, 760, 81
68, 770, 78
69, 780, 76
69, 790, 77
69, 800, 76
70, 810, 76
['no' 'no']
['no' 'no' 'no' 'no' 'no' 'no' 'no' 'no' 'no' 'no']
71, 810, 76
71, 820, 79
71, 830, 79
71, 840, 79
71, 850, 79
71, 860, 79
['no' 'no' 'no']
['no' 'no' 'no' 'no' 'no' 'no' 'no' 'no' 'no' 'no']
69, 860, 79
70, 870, 76
70, 880, 77
72, 890, 77
72, 900, 80
75, 910, 80
['no' 'no' 'no' 'no' 'no' 'no' 'no']
['no' 'no' 'no' 'no' 'no' 'no' 'no' 'no' 'no' 'no']
70, 910, 80
73, 920, 78
73, 930, 80
74, 940, 82
74, 950, 83
75, 960, 84
['no' 'no' 'yes' 'no' 'no' 'no' 'no']
['no' 'no' 'no' 'no' 'no' 'no' 'no' 'no' 'no' 'no']
71, 960, 84
72, 970, 76
72, 980, 79
75, 990, 78
76, 1000, 82
77, 1010, 83
['no' 'no' 'no' 'no' 'no' 'no' 'no']
['no' 'no' 'no' 'no' 'no' 'no' 'no' 'no' 'no' 'no']
73, 1010, 83
74, 1020, 80
76, 1030, 80
78, 1040, 82
79, 1050, 84
80, 1060, 86
['no' 'no' 'yes' 'no' 'no' 'no' 'no' 'no']
['no' 'no' 'no' 'no' 'no' 'no' 'no' 'no' 'no' 'no']
75, 1060, 86
75, 1070, 79
79, 1080, 82
80, 1090, 86
80, 1100, 88
81, 1110, 88
['no' 'no' 'no' 'no' 'no' 'no' 'no']
['no' 'no' 'no' 'no' 'no' 'no' 'no' 'no' 'no' 'no']
76, 1110, 88
79, 1120, 81
79, 1130, 87
79, 1140, 86
79, 1150, 85
81, 1160, 85
['no' 'no' 'no' 'yes' 'no' 'no']
['no' 'no' 'no' 'no' 'no' 'no' 'no' 'no' 'no' 'no']
['no' 'no' 'no' 'no' 'no' 'yes']
['no' 'no' 'no' 'no' 'no' 'no' 'yes' 'no' 'no' 'no']
{'count': 1650, 'truepos': 54, 'falseneg': 0, 'unknownyes': 8, 'falsepos': 26, 'unique': 1160}
19: Wahono.csv: machine3: 0, 0
5, 10
5, 20, 98
9, 30, 88
11, 40, 87
15, 50, 87
15, 60, 84
null
['no']
15, 60, 84
16, 70, 58
17, 80, 51
18, 90, 50
20, 100, 47
23, 110, 50
null
[]
23, 120, 55
24, 130, 51
25, 140, 51
26, 150, 49
27, 160, 48
28, 170, 49
null
['no']
28, 170, 49
29, 180, 51
29, 190, 50
30, 200, 49
32, 210, 53
32, 220, 58
null
['no' 'no' 'no' 'no' 'no' 'no' 'no' 'yes' 'no' 'yes']
34, 220, 58
36, 230, 53
38, 240, 61
39, 250, 62
41, 260, 61
43, 270, 66
null
['no' 'no' 'no' 'no' 'no' 'no' 'no' 'no' 'no' 'no']
43, 270, 66
43, 280, 75
43, 290, 72
44, 300, 75
46, 310, 64
47, 320, 66
null
['no' 'no' 'no' 'no' 'no' 'yes' 'no' 'no' 'no' 'no']
48, 320, 66
48, 330, 71
49, 340, 70
51, 350, 69
51, 360, 77
51, 370, 72
null
['no' 'no' 'no' 'no' 'no' 'no' 'no' 'no' 'no' 'no']
51, 370, 72
51, 380, 73
53, 390, 67
53, 400, 72
53, 410, 70
53, 420, 68
null
['no' 'no' 'no' 'no' 'no' 'no' 'no' 'no' 'no' 'no']
53, 420, 68
54, 430, 65
54, 440, 69
55, 450, 71
55, 460, 75
55, 470, 72
null
['no' 'no' 'no' 'no' 'no' 'no' 'no' 'no' 'no' 'no']
55, 470, 72
55, 480, 76
56, 490, 75
56, 500, 77
56, 510, 76
56, 520, 72
null
['no' 'no' 'no' 'no' 'no' 'no' 'no' 'no' 'no' 'no']
56, 520, 72
56, 530, 71
56, 540, 74
56, 550, 70
57, 560, 69
57, 570, 70
null
['no' 'no' 'no' 'no' 'no' 'no' 'no' 'no' 'no' 'no']
57, 570, 70
57, 580, 73
58, 590, 71
58, 600, 74
58, 610, 76
58, 620, 72
null
['no' 'no' 'no' 'no' 'no' 'no' 'no' 'yes' 'no' 'no']
59, 620, 72
60, 630, 73
61, 640, 75
61, 650, 83
62, 660, 76
63, 670, 76
null
['no' 'no' 'no' 'no' 'no' 'no' 'no' 'no' 'no' 'no']
63, 670, 76
64, 680, 79
64, 690, 79
65, 700, 84
65, 710, 77
65, 720, 80
null
['no' 'no' 'no' 'no' 'no' 'no' 'no' 'no' 'no' 'no']
65, 720, 80
65, 730, 84
65, 740, 79
65, 750, 77
65, 760, 83
65, 770, 78
null
['no' 'no' 'no' 'no' 'no' 'no' 'no' 'no' 'no' 'no']
65, 770, 78
65, 780, 82
65, 790, 79
65, 800, 77
65, 810, 79
65, 820, 78
null
['no' 'no' 'no' 'no' 'no' 'no' 'no' 'no' 'no' 'no']
65, 820, 78
65, 830, 79
67, 840, 77
68, 850, 76
68, 860, 79
68, 870, 78
null
['no' 'no' 'no' 'no' 'no' 'no' 'no' 'no' 'no' 'no']
68, 870, 78
68, 880, 79
68, 890, 77
68, 900, 76
70, 910, 78
71, 920, 80
null
['no' 'no' 'no' 'no' 'no' 'no' 'no' 'no' 'no' 'no']
71, 920, 80
72, 930, 80
73, 940, 81
73, 950, 83
73, 960, 84
75, 970, 81
null
['no' 'no' 'no' 'no' 'no' 'no' 'no' 'no' 'no' 'no']
75, 970, 81
75, 980, 86
76, 990, 87
76, 1000, 85
76, 1010, 86
76, 1020, 86
null
['no' 'no' 'no' 'no' 'no' 'no' 'no' 'no' 'no' 'no']
76, 1020, 86
76, 1030, 86
76, 1040, 83
76, 1050, 84
76, 1060, 85
76, 1070, 84
null
['no' 'no' 'no' 'no' 'no' 'no' 'no' 'no' 'no' 'no']
76, 1070, 84
76, 1080, 84
77, 1090, 84
77, 1100, 86
77, 1110, 86
77, 1120, 84
null
['no' 'no' 'no' 'no' 'no' 'no' 'no' 'no' 'no' 'no']
77, 1120, 84
77, 1130, 85
77, 1140, 85
77, 1150, 86
77, 1160, 83
78, 1170, 83
null
['no' 'no' 'no' 'no' 'no' 'no' 'no' 'no' 'no' 'no']
78, 1170, 83
78, 1180, 85
78, 1190, 84
78, 1200, 87
78, 1210, 85
78, 1220, 84
null
['no' 'no' 'no' 'yes' 'no' 'no' 'no' 'no' 'no' 'no']
79, 1220, 84
79, 1230, 86
79, 1240, 85
80, 1250, 85
80, 1260, 87
80, 1270, 87
null
['no' 'no' 'no' 'no' 'no' 'no' 'no' 'no' 'no' 'no']
80, 1270, 87
80, 1280, 87
80, 1290, 86
80, 1300, 86
80, 1310, 85
80, 1320, 86
null
['no' 'no' 'no' 'no' 'no' 'no' 'no' 'no' 'no' 'no']
80, 1320, 86
80, 1330, 87
80, 1340, 85
80, 1350, 85
81, 1360, 85
81, 1370, 86
null
['no' 'no' 'no' 'no' 'no' 'no' 'no' 'no' 'no' 'no']
81, 1370, 86
82, 1380, 86
82, 1390, 89
82, 1400, 88
82, 1410, 87
82, 1420, 88
null
['no' 'no' 'no' 'no' 'no' 'no' 'no' 'no' 'no' 'no']
82, 1420, 88
82, 1430, 88
82, 1440, 88
82, 1450, 87
82, 1460, 89
82, 1470, 87
null
['no' 'no' 'no' 'no' 'no' 'no' 'no' 'no' 'no' 'no']
82, 1470, 87
83, 1480, 87
83, 1490, 89
83, 1500, 90
84, 1510, 89
84, 1520, 91
null
['no' 'no' 'no' 'no' 'no' 'no' 'no' 'no' 'no' 'no']
84, 1520, 91
85, 1530, 89
85, 1540, 90
85, 1550, 90
85, 1560, 90
86, 1570, 90
null
['no' 'no' 'no' 'no' 'no' 'no' 'no' 'no' 'no' 'no']
null
['no' 'no' 'no' 'no' 'no' 'no' 'no' 'no' 'no' 'no']
{'count': 2253, 'truepos': 55, 'falseneg': 2, 'unknownyes': 5, 'falsepos': 32, 'unique': 1570}
19: Danijel.csv: none: 0, 0
5, 10
8, 20, 106
9, 30, 110
11, 40, 104
11, 50, 105
16, 60, 87
17, 70, 91
18, 80, 83
21, 90, 66
24, 100, 64
28, 110, 62
29, 120, 69
31, 130, 61
33, 140, 49
33, 150, 52
33, 160, 50
33, 170, 46
34, 180, 47
35, 190, 47
35, 200, 48
36, 210, 46
37, 220, 51
38, 230, 50
39, 240, 50
39, 250, 52
40, 260, 49
43, 270, 50
46, 280, 53
49, 290, 55
49, 300, 57
50, 310, 59
50, 320, 61
50, 330, 62
50, 340, 58
52, 350, 59
54, 360, 64
57, 370, 64
59, 380, 70
61, 390, 80
61, 400, 76
62, 410, 72
62, 420, 74
63, 430, 74
64, 440, 78
64, 450, 77
65, 460, 81
66, 470, 82
67, 480, 85
67, 490, 80
68, 500, 92
70, 510, 83
71, 520, 86
71, 530, 89
72, 540, 88
73, 550, 83
75, 560, 89
76, 570, 93
78, 580, 88
78, 590, 93
79, 600, 92
80, 610, 93
81, 620, 95
81, 630, 94
81, 640, 93
82, 650, 97
84, 660, 93
86, 670, 99
88, 680, 100
89, 690, 100
92, 700, 101
93, 710, 104
93, 720, 109
94, 730, 105
94, 740, 110
95, 750, 110
97, 760, 112
97, 770, 109
97, 780, 111
98, 790, 110
98, 800, 109
99, 810, 109
100, 820, 109
100, 830, 111
101, 840, 111
101, 850, 111
104, 860, 111
106, 870, 113
107, 880, 114
107, 890, 115
107, 900, 114
109, 910, 115
112, 920, 117
115, 930, 121
115, 940, 124
118, 950, 126
119, 960, 128
119, 970, 135
120, 980, 130
121, 990, 133
123, 1000, 129
123, 1010, 134
124, 1020, 135
125, 1030, 135
126, 1040, 139
129, 1050, 135
129, 1060, 140
130, 1070, 141
130, 1080, 140
133, 1090, 139
133, 1100, 143
135, 1110, 143
135, 1120, 146
135, 1130, 146
138, 1140, 144
139, 1150, 147
141, 1160, 149
141, 1170, 153
143, 1180, 151
144, 1190, 154
145, 1200, 157
148, 1210, 161
148, 1220, 165
148, 1230, 163
150, 1240, 160
150, 1250, 162
151, 1260, 162
152, 1270, 165
153, 1280, 166
153, 1290, 164
153, 1300, 163
154, 1310, 165
155, 1320, 165
158, 1330, 168
158, 1340, 170
159, 1350, 169
159, 1360, 170
159, 1370, 170
160, 1380, 170
160, 1390, 170
161, 1400, 169
163, 1410, 171
164, 1420, 176
164, 1430, 177
164, 1440, 174
164, 1450, 176
165, 1460, 176
{'count': 1460, 'truepos': 40, 'falseneg': 7, 'unknownyes': 1, 'falsepos': 125, 'unique': 1460}
19: Danijel.csv: three: 0, 0
4, 10
4, 20, 129
7, 30, 92
8, 40, 93
12, 50, 75
15, 60, 83
21, 70, 81
22, 80, 88
22, 90, 83
24, 100, 68
24, 110, 73
26, 120, 57
27, 130, 58
30, 140, 55
34, 150, 50
35, 160, 55
35, 170, 55
37, 180, 55
38, 190, 59
38, 200, 59
38, 210, 64
39, 220, 55
40, 230, 58
41, 240, 67
43, 250, 58
44, 260, 60
44, 270, 61
46, 280, 61
46, 290, 61
47, 300, 61
47, 310, 64
48, 320, 62
48, 330, 63
48, 340, 61
49, 350, 61
50, 360, 61
52, 370, 63
52, 380, 66
52, 390, 68
52, 400, 68
52, 410, 64
52, 420, 62
52, 430, 64
54, 440, 62
54, 450, 65
54, 460, 65
54, 470, 64
56, 480, 65
56, 490, 69
59, 500, 66
59, 510, 73
59, 520, 71
60, 530, 73
60, 540, 73
60, 550, 70
60, 560, 69
60, 570, 74
60, 580, 68
60, 590, 67
63, 600, 71
64, 610, 74
64, 620, 76
64, 630, 76
64, 640, 74
64, 650, 76
64, 660, 75
64, 670, 74
65, 680, 74
66, 690, 79
66, 700, 80
66, 710, 78
67, 720, 73
67, 730, 78
68, 740, 78
69, 750, 79
70, 760, 85
71, 770, 88
72, 780, 81
74, 790, 87
74, 800, 86
75, 810, 89
76, 820, 87
77, 830, 86
77, 840, 87
77, 850, 87
77, 860, 89
77, 870, 87
77, 880, 85
77, 890, 86
77, 900, 88
77, 910, 86
77, 920, 86
77, 930, 87
77, 940, 83
78, 950, 86
78, 960, 86
78, 970, 86
78, 980, 85
78, 990, 86
79, 1000, 83
79, 1010, 86
79, 1020, 87
79, 1030, 86
79, 1040, 84
79, 1050, 85
79, 1060, 85
79, 1070, 85
79, 1080, 85
79, 1090, 86
79, 1100, 84
79, 1110, 84
80, 1120, 84
81, 1130, 86
81, 1140, 86
81, 1150, 86
81, 1160, 87
81, 1170, 86
81, 1180, 86
81, 1190, 86
{'count': 2584, 'truepos': 45, 'falseneg': 1, 'unknownyes': 2, 'falsepos': 36, 'unique': 1190}
19: Danijel.csv: machine: 0, 0
4, 10
4, 20, 118
6, 30, 97
8, 40, 80
11, 50, 74
11, 60, 83
['yes' 'yes' 'yes' 'no' 'yes' 'yes' 'yes' 'yes' 'no' 'yes']
[]
9, 60, 83
12, 70, 58
16, 80, 60
20, 90, 68
24, 100, 68
28, 110, 83
['yes' 'yes' 'no' 'yes' 'yes' 'no' 'yes' 'yes' 'yes' 'yes']
[]
26, 110, 83
26, 120, 77
28, 130, 62
30, 140, 61
32, 150, 55
33, 160, 55
['no' 'yes' 'yes' 'yes' 'yes' 'no' 'yes' 'yes' 'yes' 'yes']
['no' 'no' 'no' 'no' 'no' 'no' 'no' 'no' 'no' 'no']
32, 160, 55
35, 170, 54
36, 180, 55
38, 190, 57
40, 200, 55
40, 210, 58
['yes' 'no' 'no' 'no' 'no' 'no' 'yes' 'yes' 'yes' 'yes']
['no' 'no' 'no' 'yes' 'yes' 'no' 'no' 'no' 'no' 'no']
38, 210, 58
40, 220, 51
43, 230, 57
44, 240, 63
46, 250, 62
47, 260, 67
['no' 'no' 'no' 'yes' 'no' 'no' 'no' 'no' 'no' 'no']
['no' 'no' 'no' 'no' 'no' 'no' 'no' 'no' 'no' 'no']
41, 260, 67
43, 270, 53
44, 280, 53
44, 290, 62
45, 300, 60
47, 310, 62
['no' 'no' 'yes' 'no' 'yes' 'yes' 'no' 'no' 'yes' 'yes']
['no' 'no' 'no' 'no' 'no' 'no' 'no' 'no' 'no' 'no']
42, 310, 62
42, 320, 57
45, 330, 51
46, 340, 58
47, 350, 59
47, 360, 62
['no' 'no' 'yes' 'no' 'no' 'yes' 'yes' 'no' 'yes']
['no' 'yes' 'no' 'no' 'no' 'no' 'no' 'no' 'no' 'no']
46, 360, 62
49, 370, 56
49, 380, 60
50, 390, 61
52, 400, 61
53, 410, 61
['no' 'no' 'no' 'no' 'no' 'no' 'yes' 'yes' 'no' 'no']
['no' 'no' 'no' 'no' 'no' 'no' 'no' 'no' 'no' 'no']
47, 410, 61
47, 420, 57
48, 430, 55
49, 440, 58
50, 450, 57
51, 460, 60
['no' 'no' 'no' 'no' 'no']
['no' 'no' 'no' 'no' 'no' 'no' 'no' 'no' 'no' 'no']
46, 460, 60
48, 470, 53
50, 480, 56
50, 490, 59
50, 500, 61
53, 510, 57
['no' 'no' 'no' 'no' 'no' 'no' 'no']
['no' 'no' 'no' 'no' 'no' 'no' 'no' 'yes' 'no' 'no']
47, 510, 57
48, 520, 55
48, 530, 54
48, 540, 54
49, 550, 55
50, 560, 55
['no' 'no' 'yes' 'no']
['no' 'no' 'no' 'no' 'no' 'no' 'no' 'no' 'no' 'no']
47, 560, 55
49, 570, 52
52, 580, 54
53, 590, 61
55, 600, 62
57, 610, 66
['no' 'no' 'yes' 'no' 'no' 'no' 'no' 'no' 'no' 'no']
['no' 'no' 'no' 'no' 'no' 'no' 'no' 'no' 'no' 'no']
49, 610, 66
50, 620, 54
50, 630, 56
51, 640, 55
51, 650, 58
53, 660, 56
['no' 'no' 'no' 'no' 'no' 'no']
['no' 'no' 'no' 'no' 'no' 'no' 'no' 'no' 'no' 'no']
47, 660, 56
48, 670, 51
49, 680, 53
50, 690, 55
50, 700, 56
52, 710, 55
['no' 'no' 'no' 'no' 'no']
['no' 'no' 'no' 'no' 'no' 'no' 'no' 'no' 'no' 'no']
48, 710, 55
48, 720, 52
48, 730, 52
50, 740, 52
50, 750, 55
52, 760, 54
['no' 'no' 'no' 'no' 'no']
['no' 'no' 'no' 'no' 'no' 'no' 'no' 'no' 'no' 'no']
['no' 'no' 'no' 'no' 'no']
['no' 'no' 'no' 'no' 'no' 'no' 'no' 'no' 'no' 'no']
{'count': 1011, 'truepos': 41, 'falseneg': 4, 'unknownyes': 3, 'falsepos': 7, 'unique': 760}
19: Danijel.csv: machine2: 0, 0
4, 10
6, 20, 108
10, 30, 115
13, 40, 111
14, 50, 93
17, 60, 90
['yes' 'no' 'yes' 'no' 'yes' 'yes' 'no' 'no' 'no' 'yes']
[]
14, 60, 90
16, 70, 94
19, 80, 91
20, 90, 92
23, 100, 68
26, 110, 77
['no' 'no' 'yes' 'yes' 'no' 'no' 'yes' 'no' 'yes' 'yes']
[]
20, 110, 77
22, 120, 63
24, 130, 60
26, 140, 56
29, 150, 57
30, 160, 63
['no' 'yes' 'no' 'yes' 'no' 'no' 'yes' 'yes' 'yes' 'no']
['no' 'no' 'no' 'no' 'no' 'no' 'no' 'no' 'no' 'no']
31, 160, 63
32, 170, 60
34, 180, 62
34, 190, 61
37, 200, 55
38, 210, 62
['no' 'yes' 'yes' 'yes' 'no' 'no' 'yes' 'yes' 'no' 'yes']
['no' 'no' 'no' 'no' 'no' 'no' 'no' 'no' 'no' 'no']
35, 210, 62
35, 220, 56
35, 230, 54
37, 240, 52
37, 250, 51
39, 260, 54
['no' 'no' 'yes' 'no' 'no' 'yes' 'no' 'yes' 'yes' 'yes']
['no' 'no' 'no' 'no' 'no' 'no' 'no' 'no' 'no' 'no']
34, 260, 54
34, 270, 48
35, 280, 50
37, 290, 52
38, 300, 55
38, 310, 55
['no' 'no' 'no' 'no' 'yes' 'no' 'yes' 'no' 'no']
['no' 'no' 'no' 'no' 'no' 'no' 'no' 'no' 'no' 'no']
34, 310, 55
34, 320, 45
34, 330, 47
35, 340, 44
36, 350, 46
37, 360, 46
['yes' 'no' 'yes' 'no']
['no' 'no' 'no' 'no' 'no' 'no' 'no' 'no' 'no' 'no']
37, 360, 46
39, 370, 46
40, 380, 48
42, 390, 49
43, 400, 54
46, 410, 53
['yes' 'no' 'no' 'yes' 'no' 'yes' 'yes' 'no' 'no' 'no']
['no' 'no' 'yes' 'no' 'no' 'no' 'no' 'no' 'no' 'no']
42, 410, 53
42, 420, 50
42, 430, 50
43, 440, 52
45, 450, 54
46, 460, 58
['no' 'no' 'no' 'yes' 'yes' 'no']
['yes' 'no' 'no' 'no' 'no' 'no' 'yes' 'no' 'no' 'no']
46, 460, 58
48, 470, 54
48, 480, 57
49, 490, 56
49, 500, 56
50, 510, 58
['no' 'yes' 'yes' 'no' 'no' 'yes' 'yes']
['no' 'no' 'no' 'no' 'no' 'no' 'no' 'no' 'no' 'no']
50, 510, 58
50, 520, 58
52, 530, 57
54, 540, 59
55, 550, 63
57, 560, 65
['no' 'no' 'no' 'no' 'no' 'no' 'no' 'no' 'no']
['no' 'no' 'no' 'no' 'no' 'no' 'no' 'no' 'no' 'no']
48, 560, 65
50, 570, 56
50, 580, 60
51, 590, 57
54, 600, 59
55, 610, 63
['no' 'no' 'no' 'yes' 'no' 'no' 'no']
['no' 'no' 'no' 'no' 'no' 'no' 'no' 'no' 'no' 'no']
52, 610, 63
54, 620, 61
54, 630, 62
55, 640, 64
55, 650, 68
56, 660, 64
['no' 'no' 'no' 'no' 'no']
['no' 'no' 'no' 'no' 'no' 'no' 'no' 'no' 'no' 'no']
52, 660, 64
53, 670, 60
54, 680, 60
56, 690, 63
57, 700, 64
58, 710, 66
['no' 'yes' 'no' 'no' 'no' 'no' 'no']
['no' 'no' 'no' 'no' 'no' 'no' 'no' 'no' 'no' 'no']
53, 710, 66
55, 720, 60
56, 730, 60
56, 740, 61
56, 750, 61
60, 760, 66
['no' 'no' 'no' 'no' 'no' 'no' 'no' 'no']
['yes' 'no' 'no' 'no' 'no' 'no' 'no' 'no' 'no' 'no']
54, 760, 66
54, 770, 62
55, 780, 60
55, 790, 60
55, 800, 61
57, 810, 63
['no' 'no' 'no' 'yes']
['no' 'no' 'no' 'no' 'no' 'no' 'no' 'no' 'no' 'no']
55, 810, 63
56, 820, 62
57, 830, 63
59, 840, 64
60, 850, 65
60, 860, 73
['no' 'no' 'no' 'no' 'no' 'no']
['no' 'no' 'no' 'no' 'no' 'no' 'no' 'no' 'no' 'no']
54, 860, 73
54, 870, 60
54, 880, 58
54, 890, 59
55, 900, 58
56, 910, 61
['no' 'no']
['no' 'no' 'no' 'no' 'no' 'no' 'no' 'no' 'no' 'no']
55, 910, 61
55, 920, 61
55, 930, 59
57, 940, 58
['yes' 'no' 'no']
['no' 'no' 'no' 'no' 'no' 'no' 'no' 'no' 'no' 'no']
{'count': 1327, 'truepos': 43, 'falseneg': 3, 'unknownyes': 2, 'falsepos': 13, 'unique': 940}
19: Danijel.csv: machine3: 0, 0
3, 10
4, 20, 101
6, 30, 88
8, 40, 88
10, 50, 84
10, 60, 86
null
[]
11, 70, 70
12, 80, 56
13, 90, 54
14, 100, 54
19, 110, 50
21, 120, 60
null
[]
23, 130, 61
24, 140, 59
25, 150, 53
25, 160, 52
25, 170, 49
26, 180, 47
null
[]
29, 190, 48
30, 200, 52
30, 210, 46
32, 220, 47
32, 230, 48
32, 240, 50
null
['no' 'yes' 'no' 'no' 'no' 'no' 'no' 'no' 'no' 'no']
33, 240, 50
33, 250, 47
34, 260, 45
35, 270, 46
36, 280, 45
36, 290, 48
null
['no' 'no' 'yes' 'no' 'yes' 'no' 'no' 'no' 'no' 'no']
38, 290, 48
38, 300, 50
39, 310, 48
39, 320, 51
39, 330, 50
40, 340, 49
null
['yes' 'no' 'no' 'no' 'no' 'no' 'no' 'no' 'no' 'no']
41, 340, 49
41, 350, 52
43, 360, 51
44, 370, 55
44, 380, 57
44, 390, 58
null
['yes' 'no' 'no' 'no' 'no' 'no' 'no' 'no' 'no' 'no']
45, 390, 58
45, 400, 62
45, 410, 56
46, 420, 59
48, 430, 56
49, 440, 64
null
['no' 'no' 'no' 'no' 'no' 'no' 'no' 'no' 'yes' 'no']
51, 440, 64
51, 450, 64
51, 460, 62
51, 470, 64
51, 480, 62
51, 490, 63
null
['no' 'no' 'no' 'no' 'no' 'no' 'no' 'no' 'no' 'no']
51, 490, 63
52, 500, 61
52, 510, 61
52, 520, 60
53, 530, 60
54, 540, 62
null
['no' 'no' 'no' 'no' 'no' 'no' 'no' 'no' 'no' 'no']
54, 540, 62
54, 550, 64
54, 560, 62
54, 570, 62
55, 580, 61
55, 590, 62
null
['no' 'no' 'no' 'no' 'no' 'no' 'no' 'no' 'no' 'no']
55, 590, 62
55, 600, 62
56, 610, 62
56, 620, 63
57, 630, 64
57, 640, 65
null
['yes' 'no' 'no' 'no' 'no' 'no' 'no' 'no' 'no' 'no']
58, 640, 65
58, 650, 67
58, 660, 65
58, 670, 66
58, 680, 64
58, 690, 63
null
['no' 'no' 'no' 'no' 'no' 'no' 'no' 'no' 'no' 'no']
58, 690, 63
58, 700, 64
60, 710, 62
61, 720, 65
62, 730, 67
62, 740, 67
null
['no' 'no' 'no' 'no' 'no' 'no' 'no' 'no' 'no' 'no']
62, 740, 67
63, 750, 67
63, 760, 70
63, 770, 71
63, 780, 70
63, 790, 67
null
['no' 'no' 'no' 'no' 'no' 'no' 'no' 'no' 'no' 'no']
63, 790, 67
63, 800, 70
63, 810, 69
63, 820, 70
64, 830, 68
64, 840, 69
null
['no' 'no' 'no' 'no' 'no' 'no' 'no' 'no' 'no' 'no']
64, 840, 69
64, 850, 69
64, 860, 69
64, 870, 68
64, 880, 69
64, 890, 68
null
['no' 'no' 'no' 'no' 'no' 'no' 'no' 'no' 'no' 'no']
64, 890, 68
65, 900, 69
65, 910, 69
66, 920, 70
67, 930, 74
67, 940, 77
null
['no' 'no' 'no' 'no' 'no' 'no' 'no' 'no' 'no' 'no']
67, 940, 77
67, 950, 73
67, 960, 74
67, 970, 74
67, 980, 74
67, 990, 72
null
['no' 'no' 'no' 'no' 'no' 'no' 'no' 'no' 'no' 'no']
67, 990, 72
67, 1000, 73
67, 1010, 72
67, 1020, 72
67, 1030, 71
67, 1040, 72
null
['no' 'no' 'no' 'no' 'no' 'no' 'no' 'no' 'no' 'no']
68, 1040, 72
69, 1050, 73
70, 1060, 74
70, 1070, 76
70, 1080, 75
71, 1090, 75
null
['no' 'no' 'no' 'no' 'no' 'no' 'no' 'no' 'no' 'no']
71, 1090, 75
71, 1100, 76
72, 1110, 76
73, 1120, 77
73, 1130, 77
73, 1140, 78
null
['no' 'no' 'no' 'no' 'no' 'no' 'no' 'no' 'no' 'no']
73, 1140, 78
74, 1150, 77
null
['no' 'no' 'no' 'no' 'no' 'no' 'no' 'no' 'no' 'no']
{'count': 1634, 'truepos': 46, 'falseneg': 0, 'unknownyes': 2, 'falsepos': 28, 'unique': 1150}
19: K_all3.csv: none: 0, 0
3, 10
5, 20, 75
5, 30, 68
8, 40, 62
8, 50, 70
10, 60, 61
10, 70, 61
11, 80, 54
13, 90, 53
14, 100, 53
15, 110, 51
16, 120, 49
18, 130, 48
18, 140, 50
20, 150, 48
22, 160, 49
23, 170, 49
23, 180, 49
25, 190, 48
28, 200, 52
29, 210, 51
30, 220, 51
31, 230, 41
31, 240, 42
34, 250, 39
37, 260, 43
38, 270, 47
39, 280, 47
41, 290, 48
44, 300, 51
44, 310, 59
45, 320, 50
46, 330, 51
49, 340, 54
50, 350, 58
53, 360, 60
54, 370, 63
55, 380, 61
56, 390, 66
59, 400, 62
59, 410, 66
61, 420, 66
62, 430, 69
63, 440, 72
65, 450, 70
69, 460, 72
71, 470, 77
73, 480, 79
77, 490, 80
79, 500, 85
82, 510, 86
82, 520, 88
83, 530, 90
87, 540, 89
90, 550, 93
92, 560, 97
92, 570, 99
93, 580, 98
94, 590, 98
95, 600, 99
{'count': 600, 'truepos': 35, 'falseneg': 4, 'unknownyes': 6, 'falsepos': 60, 'unique': 600}
19: K_all3.csv: three: 0, 0
1, 10
3, 20, 92
3, 30, 65
4, 40, 52
5, 50, 49
10, 60, 45
12, 70, 53
12, 80, 53
13, 90, 47
15, 100, 44
15, 110, 45
16, 120, 41
16, 130, 42
17, 140, 39
21, 150, 41
22, 160, 41
22, 170, 42
23, 180, 41
24, 190, 42
25, 200, 42
25, 210, 43
27, 220, 43
27, 230, 45
27, 240, 45
28, 250, 44
28, 260, 45
28, 270, 45
31, 280, 44
31, 290, 43
33, 300, 43
33, 310, 46
33, 320, 46
33, 330, 40
35, 340, 42
35, 350, 44
35, 360, 42
35, 370, 46
36, 380, 42
36, 390, 44
36, 400, 45
36, 410, 43
36, 420, 43
36, 430, 41
37, 440, 40
39, 450, 42
40, 460, 42
{'count': 1003, 'truepos': 31, 'falseneg': 3, 'unknownyes': 11, 'falsepos': 9, 'unique': 460}
19: K_all3.csv: machine: 0, 0
4, 10
5, 20, 83
7, 30, 75
9, 40, 65
12, 50, 65
14, 60, 68
['yes' 'yes' 'no' 'no' 'no' 'yes' 'no' 'yes' 'no' 'yes']
[]
9, 60, 68
10, 70, 60
12, 80, 51
15, 90, 50
17, 100, 52
19, 110, 49
['yes' 'yes' 'no' 'yes' 'yes' 'yes' 'no' 'no' 'yes' 'no']
['no' 'no']
14, 110, 49
18, 120, 44
21, 130, 50
22, 140, 47
25, 150, 47
27, 160, 51
['no' 'no' 'no' 'no' 'no' 'no' 'yes' 'yes' 'no' 'no']
['no']
19, 160, 51
20, 170, 45
24, 180, 44
27, 190, 49
28, 200, 50
30, 210, 49
['yes' 'yes' 'no' 'yes' 'no' 'yes' 'no' 'yes' 'no' 'no']
['no' 'no' 'no' 'no' 'no' 'no' 'no' 'no' 'no' 'no']
25, 210, 49
27, 220, 43
27, 230, 43
29, 240, 42
31, 250, 44
31, 260, 43
['no' 'yes' 'no' 'no' 'no' 'no' 'no' 'no' 'yes' 'no']
['no' 'no' 'no' 'no' 'no' 'no' 'no' 'no' 'no' 'no']
24, 260, 43
26, 270, 41
31, 280, 43
31, 290, 39
33, 300, 38
34, 310, 39
['no' 'no' 'yes' 'yes' 'no' 'no' 'yes' 'yes' 'no' 'yes']
['no' 'no' 'no' 'no' 'no' 'no' 'no' 'no' 'no' 'no']
30, 310, 39
31, 320, 35
32, 330, 36
33, 340, 38
35, 350, 40
35, 360, 42
['no' 'yes' 'no' 'no' 'no' 'no' 'no' 'yes' 'yes' 'no']
['no' 'no' 'no' 'no' 'no' 'no' 'no' 'no' 'no' 'no']
30, 360, 42
32, 370, 34
34, 380, 36
35, 390, 38
36, 400, 39
36, 410, 40
['no' 'no' 'no' 'no' 'no' 'no' 'no']
['no' 'no' 'no' 'no' 'no' 'no' 'no' 'no' 'no' 'yes']
34, 410, 40
36, 420, 37
37, 430, 39
38, 440, 40
38, 450, 41
38, 460, 41
['no' 'no' 'no' 'no' 'no']
['no' 'no' 'no' 'no' 'no' 'no' 'no' 'no' 'no' 'no']
33, 460, 41
34, 470, 35
35, 480, 36
38, 490, 37
['no' 'yes' 'no' 'no' 'no']
['no' 'no' 'no' 'no' 'no' 'no' 'no' 'no' 'no' 'no']
{'count': 650, 'truepos': 27, 'falseneg': 4, 'unknownyes': 14, 'falsepos': 8, 'unique': 490}
19: K_all3.csv: machine2: 0, 0
3, 10
4, 20, 74
6, 30, 69
6, 40, 61
7, 50, 62
8, 60, 55
['no' 'yes' 'yes' 'no' 'no' 'no' 'no' 'no']
[]
3, 60, 55
8, 70, 50
9, 80, 59
12, 90, 54
15, 100, 57
16, 110, 56
['yes' 'yes' 'no' 'yes' 'yes' 'yes' 'yes' 'yes' 'yes' 'no']
['no']
13, 110, 56
16, 120, 45
21, 130, 45
25, 140, 54
27, 150, 59
28, 160, 57
['yes' 'yes' 'yes' 'yes' 'yes' 'yes' 'no' 'yes' 'no' 'no']
['no' 'no']
25, 160, 57
25, 170, 50
28, 180, 47
29, 190, 50
29, 200, 50
29, 210, 48
['no' 'no' 'yes' 'no' 'yes' 'yes' 'no' 'no' 'no' 'no']
[]
22, 210, 48
24, 220, 44
25, 230, 45
28, 240, 45
31, 250, 48
34, 260, 39
['yes' 'no' 'yes' 'no' 'yes' 'yes' 'no' 'yes' 'no' 'no']
['no' 'no' 'no' 'no' 'no' 'yes' 'no' 'no' 'yes' 'no']
32, 260, 39
35, 270, 44
39, 280, 49
39, 290, 54
41, 300, 50
41, 310, 51
['yes' 'no' 'no' 'no' 'no' 'no' 'no' 'no' 'yes' 'no']
['no' 'no' 'no' 'no' 'no' 'no' 'no' 'no' 'no' 'no']
34, 310, 51
36, 320, 43
39, 330, 42
40, 340, 47
42, 350, 48
42, 360, 53
['no' 'yes' 'no' 'no' 'no' 'no' 'yes' 'yes' 'no' 'no']
['no' 'no' 'no' 'no' 'no' 'no' 'no' 'no' 'no' 'no']
41, 360, 53
42, 370, 48
45, 380, 49
47, 390, 52
47, 400, 53
48, 410, 53
['no' 'no' 'no' 'no' 'no' 'no' 'yes' 'yes' 'yes' 'no']
['no' 'no' 'no' 'no' 'no' 'no' 'no' 'no' 'no' 'no']
43, 410, 53
43, 420, 49
45, 430, 48
46, 440, 50
47, 450, 51
49, 460, 53
['no' 'no' 'no' 'no' 'yes' 'yes' 'no' 'no' 'no' 'yes']
['no' 'no' 'no' 'no' 'no' 'no' 'no' 'no' 'no' 'no']
44, 460, 53
45, 470, 47
48, 480, 49
50, 490, 51
52, 500, 53
['no' 'yes' 'yes' 'yes' 'no' 'no' 'no' 'no' 'no' 'no']
['yes' 'no' 'no' 'no' 'no' 'no' 'no' 'no' 'no' 'no']
{'count': 713, 'truepos': 38, 'falseneg': 2, 'unknownyes': 5, 'falsepos': 9, 'unique': 500}
19: K_all3.csv: machine3: 0, 0
1, 10
2, 20, 93
2, 30, 63
3, 40, 54
4, 50, 50
4, 60, 46
null
[]
6, 70, 43
8, 80, 48
9, 90, 48
12, 100, 44
15, 110, 48
17, 120, 46
null
['no' 'no']
17, 120, 46
19, 130, 45
20, 140, 46
21, 150, 45
24, 160, 46
25, 170, 49
null
[]
28, 180, 48
28, 190, 49
28, 200, 47
28, 210, 46
29, 220, 45
29, 230, 44
null
['no']
29, 230, 44
29, 240, 44
29, 250, 44
30, 260, 43
30, 270, 39
31, 280, 37
null
['yes' 'no' 'no' 'no' 'no' 'no' 'no' 'no' 'no' 'no']
32, 280, 37
33, 290, 39
33, 300, 39
33, 310, 38
33, 320, 38
34, 330, 37
null
['no' 'no' 'no' 'no' 'no' 'no' 'no' 'no' 'no' 'no']
34, 330, 37
34, 340, 39
34, 350, 38
34, 360, 38
35, 370, 37
36, 380, 38
null
['no' 'no' 'no' 'no' 'no' 'no' 'no' 'no' 'no' 'no']
36, 380, 38
36, 390, 39
37, 400, 40
38, 410, 40
38, 420, 42
38, 430, 41
null
['no' 'no' 'no' 'no' 'no' 'no' 'no' 'no' 'no' 'no']
38, 430, 41
39, 440, 41
39, 450, 43
41, 460, 42
42, 470, 44
42, 480, 45
null
['no' 'no' 'no' 'no' 'no' 'no' 'no' 'no' 'no' 'no']
42, 480, 45
43, 490, 45
45, 500, 46
45, 510, 48
null
['no' 'no' 'no' 'no' 'no' 'no' 'no' 'no' 'no' 'no']
{'count': 721, 'truepos': 34, 'falseneg': 3, 'unknownyes': 8, 'falsepos': 11, 'unique': 510}

------------------------------------------------------------
Sender: LSF System <lsfadmin@n2b3-8>
Subject: Job 267553: </share/tjmenzie/zyu9/miniconda2/bin/python2.7 runner.py error_hpcc 19> Done

Job </share/tjmenzie/zyu9/miniconda2/bin/python2.7 runner.py error_hpcc 19> was submitted from host <login01.hpc.ncsu.edu> by user <zyu9> in cluster <henry2>.
Job was executed on host(s) <2*n2b3-8>, in queue <single_chassis>, as user <zyu9> in cluster <henry2>.
</home/zyu9> was used as the home directory.
</home/zyu9/projects/MAR_HPC/Error/src> was used as the working directory.
Started at Wed Oct 18 09:16:20 2017
Results reported at Wed Oct 18 13:20:55 2017

Your job looked like:

------------------------------------------------------------
# LSBATCH: User input
/share/tjmenzie/zyu9/miniconda2/bin/python2.7 runner.py error_hpcc 19
------------------------------------------------------------

Successfully completed.

Resource usage summary:

    CPU time   :  16813.47 sec.
    Max Memory :       171 MB
    Max Swap   :      1188 MB

    Max Processes  :         3
    Max Threads    :         8

The output (if any) is above this job summary.



PS:

Read file <./err/19.err.267553> for stderr output of this job.

