2: Hall.csv: none: 0, 0
6, 10
8, 20, 105
8, 30, 105
11, 40, 99
13, 50, 102
17, 60, 82
19, 70, 85
23, 80, 81
25, 90, 78
25, 100, 79
26, 110, 68
31, 120, 60
37, 130, 59
39, 140, 68
42, 150, 70
43, 160, 67
47, 170, 64
48, 180, 71
48, 190, 72
49, 200, 68
53, 210, 65
56, 220, 77
58, 230, 81
58, 240, 83
60, 250, 77
60, 260, 85
61, 270, 78
61, 280, 79
61, 290, 81
61, 300, 77
62, 310, 73
62, 320, 77
64, 330, 76
65, 340, 78
66, 350, 85
69, 360, 82
71, 370, 84
71, 380, 84
71, 390, 88
71, 400, 84
71, 410, 86
73, 420, 84
74, 430, 88
74, 440, 90
74, 450, 87
74, 460, 85
74, 470, 85
74, 480, 85
74, 490, 87
74, 500, 86
74, 510, 86
74, 520, 85
74, 530, 85
74, 540, 85
74, 550, 84
74, 560, 84
74, 570, 85
74, 580, 84
74, 590, 86
74, 600, 82
74, 610, 83
74, 620, 82
74, 630, 82
74, 640, 82
74, 650, 82
75, 660, 83
75, 670, 83
75, 680, 83
75, 690, 83
75, 700, 81
75, 710, 83
75, 720, 82
75, 730, 83
75, 740, 82
75, 750, 82
75, 760, 82
75, 770, 82
75, 780, 82
75, 790, 81
75, 800, 82
75, 810, 81
75, 820, 82
75, 830, 82
75, 840, 81
75, 850, 81
75, 860, 81
75, 870, 81
76, 880, 81
76, 890, 82
76, 900, 82
76, 910, 82
76, 920, 82
{'count': 920, 'truepos': 72, 'falseneg': 30, 'correction': 0, 'unknownyes': 2, 'falsepos': 4, 'unique': 920}
2: Hall.csv: three: 0, 0
5, 10
7, 20, 101
9, 30, 96
11, 40, 95
15, 50, 98
21, 60, 93
25, 70, 96
29, 80, 90
32, 90, 91
36, 100, 67
38, 110, 70
40, 120, 67
42, 130, 63
42, 140, 70
45, 150, 60
48, 160, 65
49, 170, 72
52, 180, 70
54, 190, 75
59, 200, 72
62, 210, 77
65, 220, 81
67, 230, 82
68, 240, 80
69, 250, 82
69, 260, 84
70, 270, 82
74, 280, 82
75, 290, 93
75, 300, 92
76, 310, 90
76, 320, 91
76, 330, 90
76, 340, 89
76, 350, 92
76, 360, 89
78, 370, 87
80, 380, 89
80, 390, 91
80, 400, 91
80, 410, 90
80, 420, 89
80, 430, 89
80, 440, 89
80, 450, 96
80, 460, 94
80, 470, 92
80, 480, 91
80, 490, 91
80, 500, 89
80, 510, 89
81, 520, 87
81, 530, 89
81, 540, 89
81, 550, 88
81, 560, 90
81, 570, 87
81, 580, 87
81, 590, 86
81, 600, 86
81, 610, 87
81, 620, 87
81, 630, 86
81, 640, 86
81, 650, 87
81, 660, 87
{'count': 1357, 'truepos': 81, 'falseneg': 21, 'correction': 32, 'unknownyes': 2, 'falsepos': 0, 'unique': 660}
2: Hall.csv: machine: 0, 0
3, 10
3, 20, 109
4, 30, 102
8, 40, 63
12, 50, 67
15, 60, 86
['yes']
['no' 'no' 'no' 'no' 'yes' 'no' 'no' 'yes' 'no' 'yes' 'no' 'no' 'no' 'no'
 'no' 'no' 'no' 'no' 'yes']
18, 60, 86
21, 70, 92
24, 80, 82
30, 90, 78
33, 100, 59
34, 110, 63
['yes']
['yes' 'yes' 'no' 'yes' 'no' 'no' 'yes' 'yes' 'no' 'no' 'no' 'yes' 'no'
 'no' 'no' 'yes' 'no' 'yes' 'no']
39, 110, 63
40, 120, 69
43, 130, 64
44, 140, 67
48, 150, 64
52, 160, 72
['yes']
['yes' 'no' 'no' 'no' 'no' 'no' 'no' 'no' 'no' 'yes' 'no' 'no' 'no' 'yes'
 'no' 'yes' 'no' 'no' 'no']
54, 160, 72
56, 170, 87
58, 180, 91
61, 190, 80
64, 200, 79
66, 210, 83
['yes']
['no' 'no' 'no' 'no' 'yes' 'no' 'no' 'no' 'no' 'no' 'no' 'no' 'no' 'no'
 'yes' 'yes' 'no' 'no' 'no']
68, 210, 83
70, 220, 90
73, 230, 82
74, 240, 88
77, 250, 86
80, 260, 87
['yes']
['no' 'no' 'yes' 'no' 'no' 'no' 'yes' 'no' 'no' 'no' 'no' 'yes' 'no' 'yes'
 'no' 'no' 'no' 'no' 'yes']
84, 260, 87
85, 270, 103
86, 280, 101
87, 290, 101
88, 300, 103
88, 310, 102
['yes']
['no' 'no' 'no' 'no' 'no' 'no' 'no' 'no' 'no' 'no' 'yes' 'no' 'no' 'no'
 'yes' 'no' 'no' 'no' 'no']
89, 310, 102
89, 320, 103
89, 330, 103
90, 340, 101
91, 350, 104
91, 360, 106
['yes']
['no' 'no' 'no' 'no' 'no' 'no' 'no' 'no' 'no' 'no' 'no' 'no' 'no' 'no'
 'no' 'no' 'no' 'no' 'no']
91, 360, 106
91, 370, 105
91, 380, 105
91, 390, 103
91, 400, 103
91, 410, 101
['yes']
['no' 'no' 'no' 'no' 'no' 'no' 'no' 'no' 'no' 'no' 'no' 'no' 'no' 'no'
 'no' 'no' 'no' 'no' 'no']
91, 410, 101
91, 420, 102
92, 430, 105
92, 440, 102
92, 450, 102
92, 460, 102
['yes']
['no' 'no' 'no' 'no' 'no' 'no' 'no' 'no' 'no' 'no' 'no' 'no' 'no' 'no'
 'no' 'no' 'yes' 'no' 'no']
93, 460, 102
93, 470, 102
93, 480, 102
93, 490, 103
93, 500, 102
93, 510, 100
['no']
['no' 'no' 'no' 'no' 'no' 'no' 'no' 'no' 'no' 'no' 'no' 'no' 'no' 'no'
 'no' 'no' 'no' 'no' 'no']
92, 510, 100
92, 520, 98
92, 530, 98
92, 540, 97
92, 550, 98
92, 560, 97
['yes']
['no' 'no' 'no' 'no' 'no' 'no' 'no' 'no' 'no' 'no' 'no' 'no' 'no' 'no'
 'no' 'no' 'no' 'no' 'no']
92, 560, 97
92, 570, 97
92, 580, 97
{'count': 804, 'truepos': 91, 'falseneg': 11, 'correction': 21, 'unknownyes': 2, 'falsepos': 1, 'unique': 580}
2: Hall.csv: knee: 0, 0
6, 10
8, 20
10, 30
12, 40
16, 50
22, 60
24, 70
27, 80
31, 90
33, 100
36, 110
38, 120
42, 130
45, 140
50, 150
51, 160
51, 170
54, 180
57, 190
61, 200
61, 210
63, 220
65, 230
66, 240
67, 250
67, 260
67, 270
70, 280
72, 290
73, 300
74, 310
74, 320
74, 330
74, 340
75, 350
76, 360
76, 370
76, 380
76, 390
76, 400
77, 410
77, 420
77, 430
77, 440
77, 450
77, 460
77, 470
77, 480
77, 490
77, 500
77, 510
77, 520
77, 530
77, 540
{'count': 698, 'truepos': 89, 'falseneg': 13, 'correction': 16, 'unknownyes': 2, 'falsepos': 2, 'unique': 540}
2: Wahono.csv: none: 0, 0
3, 10
3, 20, 117
5, 30, 63
6, 40, 52
8, 50, 47
10, 60, 46
10, 70, 44
11, 80, 41
14, 90, 41
14, 100, 46
16, 110, 43
17, 120, 47
19, 130, 44
20, 140, 48
21, 150, 46
23, 160, 46
24, 170, 50
26, 180, 47
26, 190, 48
27, 200, 47
27, 210, 48
27, 220, 46
30, 230, 45
31, 240, 46
31, 250, 50
32, 260, 51
33, 270, 51
34, 280, 54
36, 290, 55
36, 300, 58
36, 310, 52
36, 320, 58
37, 330, 54
37, 340, 54
37, 350, 57
37, 360, 58
37, 370, 52
37, 380, 53
37, 390, 50
38, 400, 49
39, 410, 49
39, 420, 52
39, 430, 52
39, 440, 52
39, 450, 51
40, 460, 51
40, 470, 50
40, 480, 50
40, 490, 50
40, 500, 49
40, 510, 50
40, 520, 48
41, 530, 48
41, 540, 50
41, 550, 50
41, 560, 52
42, 570, 48
42, 580, 51
42, 590, 50
42, 600, 51
42, 610, 49
42, 620, 51
42, 630, 50
42, 640, 50
42, 650, 51
42, 660, 50
42, 670, 51
42, 680, 48
42, 690, 48
42, 700, 49
43, 710, 48
43, 720, 48
44, 730, 49
44, 740, 50
44, 750, 51
44, 760, 51
44, 770, 49
44, 780, 51
44, 790, 50
44, 800, 50
44, 810, 50
44, 820, 50
44, 830, 49
44, 840, 49
44, 850, 50
44, 860, 49
45, 870, 49
45, 880, 49
45, 890, 50
45, 900, 49
45, 910, 50
45, 920, 49
45, 930, 50
45, 940, 49
45, 950, 50
45, 960, 50
45, 970, 49
45, 980, 49
45, 990, 49
46, 1000, 50
48, 1010, 50
48, 1020, 53
48, 1030, 52
48, 1040, 54
48, 1050, 53
48, 1060, 52
48, 1070, 52
48, 1080, 54
48, 1090, 52
48, 1100, 54
48, 1110, 52
48, 1120, 53
48, 1130, 52
48, 1140, 53
48, 1150, 51
48, 1160, 52
48, 1170, 51
48, 1180, 52
48, 1190, 52
48, 1200, 51
48, 1210, 52
49, 1220, 52
49, 1230, 54
49, 1240, 53
49, 1250, 53
49, 1260, 53
50, 1270, 53
50, 1280, 54
50, 1290, 54
50, 1300, 55
50, 1310, 54
50, 1320, 53
50, 1330, 54
50, 1340, 54
50, 1350, 54
50, 1360, 53
50, 1370, 54
50, 1380, 54
50, 1390, 54
50, 1400, 54
50, 1410, 54
50, 1420, 54
50, 1430, 53
50, 1440, 53
50, 1450, 53
51, 1460, 53
51, 1470, 55
51, 1480, 54
51, 1490, 54
51, 1500, 54
51, 1510, 55
51, 1520, 54
51, 1530, 54
51, 1540, 54
51, 1550, 54
51, 1560, 54
51, 1570, 54
51, 1580, 54
51, 1590, 54
51, 1600, 54
51, 1610, 54
51, 1620, 55
51, 1630, 54
51, 1640, 53
51, 1650, 54
51, 1660, 54
51, 1670, 54
51, 1680, 54
51, 1690, 54
51, 1700, 53
51, 1710, 54
51, 1720, 54
51, 1730, 54
{'count': 1730, 'truepos': 43, 'falseneg': 17, 'correction': 0, 'unknownyes': 2, 'falsepos': 8, 'unique': 1730}
2: Wahono.csv: three: 0, 0
4, 10
8, 20, 95
9, 30, 95
9, 40, 100
10, 50, 93
14, 60, 75
15, 70, 73
16, 80, 59
17, 90, 51
20, 100, 48
22, 110, 53
23, 120, 51
24, 130, 51
25, 140, 46
29, 150, 47
30, 160, 60
32, 170, 61
33, 180, 60
34, 190, 60
35, 200, 60
35, 210, 63
35, 220, 57
37, 230, 57
37, 240, 59
37, 250, 57
37, 260, 59
37, 270, 55
37, 280, 56
37, 290, 56
37, 300, 55
37, 310, 53
38, 320, 50
38, 330, 52
38, 340, 53
38, 350, 51
38, 360, 51
39, 370, 51
39, 380, 55
39, 390, 52
39, 400, 52
39, 410, 51
39, 420, 52
39, 430, 51
39, 440, 50
39, 450, 49
39, 460, 49
39, 470, 49
39, 480, 48
39, 490, 48
39, 500, 49
39, 510, 49
39, 520, 48
39, 530, 49
39, 540, 47
39, 550, 46
40, 560, 47
41, 570, 47
41, 580, 49
41, 590, 47
42, 600, 47
42, 610, 49
42, 620, 48
42, 630, 48
42, 640, 48
42, 650, 49
43, 660, 47
43, 670, 49
43, 680, 48
44, 690, 49
45, 700, 50
46, 710, 52
47, 720, 52
47, 730, 55
47, 740, 54
48, 750, 54
48, 760, 55
48, 770, 54
48, 780, 55
48, 790, 54
48, 800, 55
48, 810, 54
48, 820, 55
48, 830, 54
48, 840, 54
48, 850, 54
48, 860, 53
48, 870, 53
48, 880, 54
48, 890, 53
48, 900, 53
48, 910, 54
48, 920, 53
48, 930, 53
48, 940, 52
48, 950, 53
48, 960, 53
48, 970, 53
48, 980, 53
48, 990, 52
48, 1000, 52
48, 1010, 53
48, 1020, 52
48, 1030, 53
48, 1040, 53
48, 1050, 52
48, 1060, 52
48, 1070, 52
48, 1080, 52
48, 1090, 51
48, 1100, 52
48, 1110, 52
48, 1120, 52
48, 1130, 52
48, 1140, 52
48, 1150, 52
48, 1160, 53
48, 1170, 52
48, 1180, 52
48, 1190, 51
48, 1200, 52
48, 1210, 51
48, 1220, 52
48, 1230, 51
48, 1240, 51
48, 1250, 51
48, 1260, 51
48, 1270, 51
48, 1280, 51
48, 1290, 51
48, 1300, 51
48, 1310, 51
48, 1320, 51
48, 1330, 51
48, 1340, 51
48, 1350, 51
48, 1360, 51
48, 1370, 51
48, 1380, 51
48, 1390, 50
48, 1400, 51
48, 1410, 51
48, 1420, 51
{'count': 2874, 'truepos': 48, 'falseneg': 11, 'correction': 31, 'unknownyes': 3, 'falsepos': 0, 'unique': 1420}
2: Wahono.csv: machine: 0, 0
4, 10
6, 20, 93
6, 30, 94
8, 40, 77
11, 50, 64
13, 60, 62
['yes']
['no' 'no' 'no' 'yes' 'yes' 'no' 'no' 'no' 'no' 'no' 'no' 'no' 'no' 'no'
 'yes' 'no' 'no' 'no' 'no']
16, 60, 62
17, 70, 68
18, 80, 56
19, 90, 48
20, 100, 47
20, 110, 47
['yes']
['no' 'yes' 'no' 'no' 'no' 'no' 'no' 'no' 'no' 'no' 'no' 'yes' 'no' 'no'
 'no' 'no' 'no' 'no' 'no']
21, 110, 47
22, 120, 45
23, 130, 45
24, 140, 48
25, 150, 49
26, 160, 48
['yes']
['no' 'no' 'yes' 'no' 'no' 'no' 'no' 'no' 'no' 'no' 'no' 'no' 'no' 'no'
 'no' 'no' 'no' 'no' 'no']
27, 160, 48
27, 170, 48
27, 180, 47
27, 190, 46
28, 200, 46
29, 210, 46
['yes']
['no' 'no' 'no' 'no' 'no' 'no' 'no' 'no' 'no' 'no' 'yes' 'no' 'no' 'no'
 'no' 'no' 'no' 'no' 'no']
30, 210, 46
32, 220, 44
32, 230, 53
32, 240, 51
32, 250, 49
33, 260, 48
['yes']
['no' 'yes' 'no' 'no' 'yes' 'no' 'yes' 'no' 'no' 'no' 'no' 'no' 'no' 'no'
 'no' 'yes' 'no' 'no' 'no']
35, 260, 48
35, 270, 52
35, 280, 49
36, 290, 54
37, 300, 52
37, 310, 52
['yes']
['no' 'no' 'no' 'no' 'no' 'no' 'no' 'no' 'no' 'no' 'no' 'yes' 'no' 'yes'
 'no' 'no' 'no' 'no' 'no']
39, 310, 52
41, 320, 58
41, 330, 57
41, 340, 61
41, 350, 57
41, 360, 57
['yes']
['no' 'no' 'no' 'no' 'no' 'no' 'no' 'no' 'no' 'no' 'no' 'no' 'no' 'no'
 'no' 'no' 'no' 'no' 'no']
40, 360, 57
40, 370, 53
40, 380, 55
40, 390, 53
41, 400, 51
41, 410, 56
['yes']
['no' 'no' 'no' 'no' 'no' 'no' 'no' 'no' 'no' 'no' 'no' 'no' 'no' 'no'
 'no' 'no' 'no' 'no' 'no']
41, 410, 56
42, 420, 51
42, 430, 52
42, 440, 51
42, 450, 51
42, 460, 50
['yes']
['no' 'no' 'no' 'no' 'no' 'no' 'no' 'no' 'no' 'no' 'no' 'no' 'no' 'no'
 'no' 'no' 'no' 'no' 'no']
42, 460, 50
42, 470, 53
42, 480, 50
42, 490, 49
42, 500, 50
42, 510, 50
['yes']
['no' 'no' 'no' 'no' 'no' 'no' 'no' 'no' 'no' 'no' 'no' 'yes' 'no' 'no'
 'no' 'no' 'no' 'no' 'no']
42, 510, 50
42, 520, 49
42, 530, 48
42, 540, 50
42, 550, 49
45, 560, 49
['yes']
['no' 'no' 'no' 'no' 'no' 'no' 'no' 'no' 'no' 'no' 'no' 'no' 'no' 'no'
 'no' 'no' 'no' 'no' 'no']
45, 560, 49
46, 570, 53
46, 580, 55
48, 590, 54
48, 600, 55
49, 610, 56
['yes']
['no' 'no' 'no' 'yes' 'no' 'no' 'no' 'no' 'no' 'no' 'no' 'no' 'no' 'no'
 'no' 'no' 'no' 'no' 'no']
49, 610, 56
49, 620, 58
49, 630, 56
49, 640, 57
49, 650, 58
49, 660, 57
['yes']
['no' 'no' 'no' 'no' 'no' 'no' 'no' 'no' 'no' 'no' 'no' 'no' 'no' 'no'
 'no' 'no' 'no' 'no' 'no']
48, 660, 57
48, 670, 56
48, 680, 56
48, 690, 53
48, 700, 55
48, 710, 55
['yes']
['no' 'no' 'no' 'no' 'no' 'no' 'no' 'no' 'no' 'no' 'no' 'no' 'no' 'no'
 'no' 'no' 'no' 'no' 'no']
48, 710, 55
48, 720, 55
48, 730, 54
48, 740, 53
48, 750, 54
48, 760, 54
['yes']
['no' 'no' 'no' 'no' 'no' 'no' 'no' 'no' 'no' 'no' 'no' 'no' 'no' 'no'
 'no' 'no' 'no' 'no' 'no']
48, 760, 54
48, 770, 53
48, 780, 54
48, 790, 54
48, 800, 54
48, 810, 54
['yes']
['no' 'no' 'no' 'no' 'no' 'no' 'no' 'no' 'no' 'no' 'yes' 'no' 'no' 'no'
 'no' 'no' 'no' 'no' 'no']
49, 810, 54
50, 820, 54
50, 830, 55
50, 840, 55
50, 850, 55
50, 860, 56
['no']
['no' 'no' 'no' 'no' 'no' 'no' 'no' 'no' 'no' 'no' 'no' 'no' 'no' 'no'
 'no' 'no' 'no' 'no' 'no']
49, 860, 56
49, 870, 54
49, 880, 54
49, 890, 54
49, 900, 54
49, 910, 53
['yes']
['no' 'no' 'no' 'no' 'no' 'no' 'no' 'no' 'no' 'no' 'no' 'no' 'no' 'no'
 'no' 'no' 'no' 'no' 'no']
48, 910, 53
48, 920, 52
49, 930, 52
49, 940, 54
49, 950, 54
49, 960, 53
['yes']
['no' 'yes' 'no' 'no' 'no' 'no' 'no' 'no' 'no' 'no' 'no' 'no' 'no' 'no'
 'no' 'no' 'no' 'no' 'no']
50, 960, 53
50, 970, 54
50, 980, 54
50, 990, 54
50, 1000, 56
50, 1010, 54
['yes']
['no' 'no' 'no' 'no' 'no' 'no' 'no' 'no' 'no' 'no' 'no' 'no' 'no' 'no'
 'no' 'no' 'no' 'no' 'no']
50, 1010, 54
50, 1020, 55
50, 1030, 54
50, 1040, 55
50, 1050, 54
50, 1060, 54
['yes']
['no' 'no' 'no' 'no' 'no' 'no' 'no' 'no' 'no' 'no' 'no' 'no' 'no' 'no'
 'no' 'no' 'no' 'no' 'no']
50, 1060, 54
50, 1070, 55
50, 1080, 54
50, 1090, 54
50, 1100, 54
50, 1110, 54
['yes']
['no' 'no' 'no' 'no' 'no' 'no' 'no' 'no' 'no' 'no' 'no' 'no' 'no' 'no'
 'no' 'no' 'no' 'no' 'no']
49, 1110, 54
49, 1120, 53
49, 1130, 53
49, 1140, 53
49, 1150, 52
49, 1160, 53
['yes']
['no' 'no' 'no' 'no' 'no' 'no' 'no' 'no' 'no' 'no' 'no' 'no' 'no' 'no'
 'no' 'no' 'no' 'no' 'no']
48, 1160, 53
48, 1170, 51
49, 1180, 51
49, 1190, 52
49, 1200, 53
49, 1210, 53
['yes']
['no' 'no' 'no' 'no' 'no' 'no' 'no' 'no' 'no' 'no' 'no' 'no' 'no' 'no'
 'no' 'no' 'no' 'no' 'no']
49, 1210, 53
49, 1220, 52
49, 1230, 52
49, 1240, 52
49, 1250, 52
49, 1260, 52
['no']
['no' 'no' 'no' 'no' 'no' 'no' 'no' 'no' 'no' 'no' 'no' 'no' 'no' 'no'
 'no' 'no' 'no' 'no' 'no']
48, 1260, 52
48, 1270, 50
{'count': 1782, 'truepos': 48, 'falseneg': 11, 'correction': 22, 'unknownyes': 3, 'falsepos': 0, 'unique': 1270}
2: Wahono.csv: knee: 0, 0
5, 10
6, 20
6, 30
10, 40
13, 50
16, 60
17, 70
19, 80
20, 90
22, 100
24, 110
25, 120
27, 130
27, 140
28, 150
29, 160
29, 170
30, 180
31, 190
32, 200
33, 210
33, 220
33, 230
34, 240
35, 250
35, 260
36, 270
36, 280
36, 290
36, 300
36, 310
36, 320
36, 330
38, 340
38, 350
38, 360
40, 370
40, 380
40, 390
40, 400
41, 410
42, 420
42, 430
42, 440
42, 450
42, 460
42, 470
42, 480
42, 490
42, 500
42, 510
42, 520
42, 530
42, 540
42, 550
42, 560
42, 570
42, 580
43, 590
43, 600
43, 610
43, 620
43, 630
{'count': 823, 'truepos': 43, 'falseneg': 8, 'correction': 9, 'unknownyes': 11, 'falsepos': 1, 'unique': 630}
2: Danijel.csv: none: 0, 0
3, 10
3, 20, 108
3, 30, 86
3, 40, 54
5, 50, 49
5, 60, 58
8, 70, 50
9, 80, 55
11, 90, 51
13, 100, 51
17, 110, 52
18, 120, 53
18, 130, 49
19, 140, 46
20, 150, 44
23, 160, 43
24, 170, 48
25, 180, 47
26, 190, 47
29, 200, 48
30, 210, 50
30, 220, 47
30, 230, 48
31, 240, 42
32, 250, 44
33, 260, 44
33, 270, 47
33, 280, 47
33, 290, 45
33, 300, 43
34, 310, 43
34, 320, 44
34, 330, 43
35, 340, 43
35, 350, 45
35, 360, 42
35, 370, 44
35, 380, 47
35, 390, 45
35, 400, 42
35, 410, 42
35, 420, 42
35, 430, 42
35, 440, 42
35, 450, 42
36, 460, 42
36, 470, 42
36, 480, 43
36, 490, 42
36, 500, 42
36, 510, 42
36, 520, 42
36, 530, 41
36, 540, 42
36, 550, 41
36, 560, 41
36, 570, 42
36, 580, 41
37, 590, 40
37, 600, 42
37, 610, 42
37, 620, 41
37, 630, 41
37, 640, 41
37, 650, 41
37, 660, 41
37, 670, 41
37, 680, 41
37, 690, 40
37, 700, 41
37, 710, 41
37, 720, 40
37, 730, 40
37, 740, 41
37, 750, 40
37, 760, 40
37, 770, 40
37, 780, 40
37, 790, 40
37, 800, 40
37, 810, 40
37, 820, 40
37, 830, 41
37, 840, 39
37, 850, 40
37, 860, 39
37, 870, 39
37, 880, 40
38, 890, 40
38, 900, 41
38, 910, 42
38, 920, 41
{'count': 920, 'truepos': 37, 'falseneg': 8, 'correction': 0, 'unknownyes': 3, 'falsepos': 1, 'unique': 920}
2: Danijel.csv: three: 0, 0
4, 10
4, 20, 119
6, 30, 97
9, 40, 81
10, 50, 83
11, 60, 64
12, 70, 56
14, 80, 49
16, 90, 52
17, 100, 52
18, 110, 50
20, 120, 47
22, 130, 49
25, 140, 49
25, 150, 53
27, 160, 47
27, 170, 48
28, 180, 46
28, 190, 45
28, 200, 44
29, 210, 43
29, 220, 45
29, 230, 44
30, 240, 44
31, 250, 43
31, 260, 46
32, 270, 44
33, 280, 48
35, 290, 45
36, 300, 46
36, 310, 48
36, 320, 44
36, 330, 45
36, 340, 44
36, 350, 43
36, 360, 43
36, 370, 44
36, 380, 45
36, 390, 42
36, 400, 44
36, 410, 42
36, 420, 43
36, 430, 43
37, 440, 43
37, 450, 44
38, 460, 43
38, 470, 44
38, 480, 44
38, 490, 44
38, 500, 44
38, 510, 46
38, 520, 43
38, 530, 44
39, 540, 43
40, 550, 44
40, 560, 45
40, 570, 45
40, 580, 44
40, 590, 44
40, 600, 45
40, 610, 45
40, 620, 44
40, 630, 44
40, 640, 46
40, 650, 44
40, 660, 44
40, 670, 44
40, 680, 44
40, 690, 43
40, 700, 44
40, 710, 43
40, 720, 43
40, 730, 43
40, 740, 43
40, 750, 43
40, 760, 43
40, 770, 43
40, 780, 43
41, 790, 43
{'count': 1594, 'truepos': 41, 'falseneg': 5, 'correction': 12, 'unknownyes': 2, 'falsepos': 0, 'unique': 790}
2: Danijel.csv: machine: 0, 0
2, 10
3, 20, 100
3, 30, 101
4, 40, 65
6, 50, 64
8, 60, 63
['yes']
['no' 'no' 'yes' 'no' 'no' 'no' 'no' 'no' 'no' 'no' 'yes' 'no' 'yes' 'no'
 'yes' 'no' 'no' 'no' 'no']
9, 60, 63
12, 70, 63
13, 80, 67
16, 90, 57
20, 100, 59
20, 110, 67
['yes']
['no' 'no' 'yes' 'yes' 'no' 'no' 'no' 'no' 'no' 'no' 'no' 'no' 'no' 'no'
 'no' 'no' 'no' 'no' 'no']
22, 110, 67
22, 120, 59
24, 130, 53
25, 140, 55
25, 150, 54
25, 160, 50
['yes']
['yes' 'no' 'no' 'yes' 'no' 'no' 'no' 'no' 'no' 'no' 'no' 'no' 'no' 'no'
 'no' 'no' 'no' 'no' 'no']
26, 160, 50
26, 170, 48
27, 180, 47
27, 190, 47
28, 200, 45
28, 210, 46
['yes']
['no' 'no' 'no' 'no' 'no' 'no' 'no' 'no' 'no' 'no' 'no' 'no' 'yes' 'no'
 'no' 'no' 'no' 'no' 'no']
29, 210, 46
29, 220, 45
30, 230, 45
30, 240, 45
32, 250, 43
32, 260, 46
['yes']
['yes' 'no' 'no' 'no' 'no' 'no' 'no' 'no' 'no' 'no' 'no' 'no' 'no' 'no'
 'no' 'no' 'no' 'no' 'no']
32, 260, 46
32, 270, 47
32, 280, 43
33, 290, 45
33, 300, 46
33, 310, 43
['yes']
['no' 'no' 'no' 'no' 'no' 'no' 'no' 'no' 'no' 'no' 'no' 'no' 'no' 'no'
 'no' 'no' 'no' 'no' 'no']
33, 310, 43
33, 320, 42
33, 330, 45
33, 340, 42
34, 350, 43
35, 360, 43
['yes']
['no' 'no' 'no' 'no' 'no' 'yes' 'no' 'no' 'no' 'no' 'no' 'no' 'no' 'no'
 'no' 'no' 'no' 'no' 'no']
36, 360, 43
36, 370, 46
36, 380, 46
36, 390, 45
36, 400, 45
36, 410, 44
['yes']
['no' 'no' 'no' 'no' 'no' 'no' 'no' 'no' 'no' 'no' 'no' 'no' 'no' 'no'
 'no' 'no' 'no' 'no' 'no']
36, 410, 44
36, 420, 45
36, 430, 43
36, 440, 44
36, 450, 43
36, 460, 43
['yes']
['no' 'no' 'no' 'no' 'no' 'no' 'yes' 'no' 'no' 'no' 'no' 'no' 'no' 'no'
 'no' 'no' 'no' 'no' 'no']
37, 460, 43
37, 470, 43
37, 480, 43
38, 490, 43
38, 500, 46
38, 510, 45
['yes']
['no' 'no' 'no' 'no' 'no' 'no' 'no' 'no' 'no' 'no' 'no' 'no' 'no' 'no'
 'no' 'no' 'no' 'no' 'no']
38, 510, 45
38, 520, 46
38, 530, 44
38, 540, 43
38, 550, 45
38, 560, 44
['yes']
['no' 'no' 'no' 'no' 'no' 'no' 'no' 'no' 'no' 'no' 'no' 'no' 'no' 'no'
 'no' 'no' 'no' 'no' 'no']
38, 560, 44
38, 570, 43
38, 580, 43
38, 590, 43
38, 600, 43
38, 610, 43
['yes']
['no' 'no' 'no' 'no' 'no' 'no' 'no' 'no' 'no' 'no' 'no' 'no' 'no' 'no'
 'no' 'no' 'no' 'no' 'no']
37, 610, 43
37, 620, 42
37, 630, 42
37, 640, 43
37, 650, 41
37, 660, 41
['yes']
['no' 'no' 'no' 'no' 'no' 'no' 'no' 'no' 'no' 'no' 'no' 'no' 'no' 'no'
 'no' 'no' 'no' 'no' 'no']
37, 660, 41
37, 670, 42
37, 680, 42
37, 690, 41
37, 700, 41
37, 710, 41
['yes']
['no' 'no' 'no' 'no' 'no' 'no' 'no' 'no' 'no' 'no' 'no' 'no' 'no' 'no'
 'no' 'no' 'no' 'no' 'no']
37, 710, 41
37, 720, 41
37, 730, 40
37, 740, 42
37, 750, 41
37, 760, 40
['yes']
['no' 'no' 'no' 'no' 'no' 'no' 'no' 'no' 'no' 'no' 'no' 'no' 'no' 'no'
 'no' 'no' 'no' 'no' 'no']
37, 760, 40
37, 770, 40
37, 780, 40
37, 790, 40
37, 800, 40
37, 810, 41
['yes']
['no' 'no' 'no' 'no' 'no' 'no' 'no' 'no' 'no' 'no' 'no' 'no' 'no' 'no'
 'no' 'no' 'no' 'no' 'no']
37, 810, 41
37, 820, 40
37, 830, 40
37, 840, 40
37, 850, 40
37, 860, 40
['yes']
['no' 'no' 'no' 'no' 'no' 'no' 'no' 'no' 'no' 'no' 'no' 'no' 'no' 'no'
 'no' 'no' 'no' 'no' 'no']
36, 860, 40
37, 870, 39
37, 880, 40
37, 890, 40
37, 900, 40
37, 910, 40
['yes']
['no' 'no' 'no' 'no' 'no' 'no' 'no' 'no' 'no' 'no' 'no' 'no' 'no' 'no'
 'no' 'no' 'no' 'no' 'no']
37, 910, 40
37, 920, 39
37, 930, 40
37, 940, 40
37, 950, 40
37, 960, 39
['yes']
['no' 'no' 'no' 'no' 'no' 'no' 'no' 'no' 'no' 'no' 'no' 'no' 'no' 'no'
 'no' 'no' 'no' 'no' 'no']
37, 960, 39
37, 970, 39
37, 980, 39
37, 990, 39
37, 1000, 40
37, 1010, 40
['no']
['no' 'no' 'no' 'no' 'no' 'no' 'no' 'no' 'no' 'no' 'no' 'no' 'no' 'no'
 'no' 'no' 'no' 'no' 'no']
36, 1010, 40
36, 1020, 38
36, 1030, 38
36, 1040, 38
36, 1050, 38
36, 1060, 38
['yes']
['no' 'no' 'no' 'no' 'no' 'no' 'no' 'no' 'no' 'no' 'no' 'no' 'no' 'no'
 'no' 'no' 'no' 'no' 'no']
37, 1060, 38
37, 1070, 39
37, 1080, 39
38, 1090, 39
{'count': 1515, 'truepos': 36, 'falseneg': 11, 'correction': 10, 'unknownyes': 1, 'falsepos': 2, 'unique': 1090}
2: Danijel.csv: knee: 0, 0
3, 10
4, 20
4, 30
4, 40
6, 50
8, 60
9, 70
10, 80
10, 90
11, 100
13, 110
13, 120
14, 130
15, 140
19, 150
20, 160
20, 170
20, 180
22, 190
23, 200
24, 210
25, 220
26, 230
26, 240
26, 250
27, 260
27, 270
28, 280
28, 290
28, 300
28, 310
29, 320
29, 330
29, 340
29, 350
29, 360
30, 370
31, 380
31, 390
31, 400
31, 410
31, 420
32, 430
33, 440
33, 450
33, 460
33, 470
33, 480
33, 490
33, 500
33, 510
34, 520
35, 530
35, 540
35, 550
35, 560
35, 570
35, 580
35, 590
35, 600
35, 610
35, 620
35, 630
35, 640
35, 650
35, 660
35, 670
35, 680
35, 690
35, 700
35, 710
35, 720
36, 730
36, 740
36, 750
36, 760
36, 770
36, 780
36, 790
36, 800
36, 810
36, 820
{'count': 1037, 'truepos': 41, 'falseneg': 5, 'correction': 10, 'unknownyes': 2, 'falsepos': 0, 'unique': 820}
2: K_all3.csv: none: 0, 0
1, 10
2, 20, 94
3, 30, 59
3, 40, 46
3, 50, 38
3, 60, 38
3, 70, 39
3, 80, 39
3, 90, 38
3, 100, 37
4, 110, 37
5, 120, 37
6, 130, 38
6, 140, 37
7, 150, 35
8, 160, 33
9, 170, 33
9, 180, 33
12, 190, 32
14, 200, 34
15, 210, 35
16, 220, 36
18, 230, 36
20, 240, 38
24, 250, 39
27, 260, 43
29, 270, 45
29, 280, 46
29, 290, 45
29, 300, 44
30, 310, 44
31, 320, 38
31, 330, 44
31, 340, 38
31, 350, 37
31, 360, 35
31, 370, 36
31, 380, 36
31, 390, 36
32, 400, 36
32, 410, 37
32, 420, 36
33, 430, 35
33, 440, 36
33, 450, 38
33, 460, 36
33, 470, 36
34, 480, 35
34, 490, 36
34, 500, 36
35, 510, 36
35, 520, 38
35, 530, 37
{'count': 530, 'truepos': 28, 'falseneg': 9, 'correction': 0, 'unknownyes': 8, 'falsepos': 7, 'unique': 530}
2: K_all3.csv: three: 0, 0
1, 10
1, 20, 94
1, 30, 62
1, 40, 51
1, 50, 48
1, 60, 46
1, 70, 44
1, 80, 43
2, 90, 42
4, 100, 43
6, 110, 49
8, 120, 45
9, 130, 46
12, 140, 44
14, 150, 47
18, 160, 48
19, 170, 51
23, 180, 49
23, 190, 55
23, 200, 51
25, 210, 48
25, 220, 50
27, 230, 47
27, 240, 49
28, 250, 47
29, 260, 47
29, 270, 47
30, 280, 46
31, 290, 39
31, 300, 38
32, 310, 38
33, 320, 41
33, 330, 43
33, 340, 41
33, 350, 40
33, 360, 40
33, 370, 40
33, 380, 38
33, 390, 37
34, 400, 37
34, 410, 39
34, 420, 38
34, 430, 38
34, 440, 37
34, 450, 37
34, 460, 37
34, 470, 37
34, 480, 36
35, 490, 36
35, 500, 37
36, 510, 37
36, 520, 39
36, 530, 38
36, 540, 38
36, 550, 38
37, 560, 38
37, 570, 39
37, 580, 39
{'count': 1189, 'truepos': 37, 'falseneg': 6, 'correction': 27, 'unknownyes': 2, 'falsepos': 0, 'unique': 580}
2: K_all3.csv: machine: 0, 0
1, 10
1, 20, 94
1, 30, 61
1, 40, 51
1, 50, 48
1, 60, 46
['yes']
['no' 'no' 'no' 'no' 'no' 'no' 'no' 'no' 'no' 'no' 'no' 'no' 'no' 'no'
 'no' 'no' 'no' 'no' 'no']
1, 60, 46
1, 70, 44
1, 80, 43
2, 90, 42
4, 100, 43
4, 110, 49
['yes']
['no' 'no' 'no' 'no' 'no' 'no' 'no' 'no' 'no' 'no' 'yes' 'no' 'no' 'no'
 'no' 'no' 'no' 'no' 'no']
4, 110, 49
5, 120, 46
7, 130, 45
7, 140, 42
10, 150, 41
10, 160, 44
['yes']
['yes' 'no' 'no' 'no' 'no' 'no' 'no' 'no' 'no' 'no' 'no' 'no' 'no' 'no'
 'no' 'no' 'no' 'no' 'no']
11, 160, 44
12, 170, 43
14, 180, 44
14, 190, 45
14, 200, 43
14, 210, 42
['yes']
['no' 'no' 'yes' 'no' 'no' 'no' 'no' 'no' 'no' 'no' 'no' 'no' 'no' 'no'
 'no' 'no' 'no' 'no' 'no']
15, 210, 42
17, 220, 42
19, 230, 43
20, 240, 44
20, 250, 44
20, 260, 43
['yes']
['yes' 'no' 'no' 'no' 'no' 'no' 'no' 'no' 'no' 'no' 'no' 'no' 'no' 'no'
 'no' 'no' 'no' 'no' 'no']
21, 260, 43
24, 270, 43
26, 280, 44
26, 290, 45
26, 300, 44
26, 310, 44
['yes']
['no' 'no' 'no' 'no' 'no' 'no' 'no' 'no' 'yes' 'no' 'no' 'no' 'no' 'no'
 'no' 'no' 'no' 'no' 'no']
26, 310, 44
27, 320, 44
27, 330, 44
27, 340, 44
27, 350, 44
27, 360, 43
['yes']
['no' 'no' 'no' 'no' 'no' 'no' 'no' 'no' 'no' 'no' 'no' 'no' 'no' 'no'
 'no' 'no' 'no' 'no' 'no']
27, 360, 43
27, 370, 43
27, 380, 43
27, 390, 43
27, 400, 43
27, 410, 43
['no']
['no' 'no' 'no' 'no' 'no' 'no' 'no' 'no' 'no' 'no' 'no' 'no' 'no' 'no'
 'no' 'no' 'no' 'yes' 'no']
27, 410, 43
29, 420, 43
29, 430, 45
31, 440, 45
31, 450, 39
31, 460, 37
['no']
['no' 'no' 'no' 'no' 'no' 'no' 'no' 'no' 'no' 'no' 'no' 'no' 'no' 'no'
 'no' 'no' 'no' 'no' 'no']
31, 460, 37
32, 470, 39
32, 480, 39
33, 490, 37
34, 500, 38
34, 510, 38
['yes']
['no' 'no' 'no' 'yes' 'no' 'no' 'no' 'no' 'no' 'no' 'no' 'no' 'no' 'no'
 'no' 'no' 'no' 'no' 'yes']
36, 510, 38
36, 520, 42
37, 530, 40
37, 540, 42
37, 550, 41
38, 560, 40
['yes']
['no' 'yes' 'no' 'no' 'no' 'no' 'no' 'no' 'no' 'no' 'no' 'no' 'no' 'no'
 'no' 'no' 'no' 'no' 'no']
38, 560, 40
39, 570, 41
40, 580, 43
41, 590, 43
41, 600, 45
42, 610, 45
['yes']
['no' 'no' 'no' 'no' 'no' 'no' 'no' 'no' 'no' 'no' 'no' 'no' 'no' 'no'
 'no' 'no' 'no' 'no' 'no']
42, 610, 45
42, 620, 45
42, 630, 45
{'count': 875, 'truepos': 38, 'falseneg': 4, 'correction': 11, 'unknownyes': 3, 'falsepos': 4, 'unique': 630}
2: K_all3.csv: knee: 0, 0
1, 10
1, 20
1, 30
1, 40
1, 50
1, 60
1, 70
1, 80
1, 90
1, 100
1, 110
2, 120
3, 130
3, 140
3, 150
3, 160
4, 170
7, 180
8, 190
8, 200
9, 210
9, 220
10, 230
11, 240
15, 250
16, 260
17, 270
20, 280
20, 290
20, 300
20, 310
21, 320
23, 330
23, 340
24, 350
24, 360
24, 370
24, 380
25, 390
25, 400
25, 410
25, 420
25, 430
26, 440
26, 450
26, 460
26, 470
27, 480
27, 490
27, 500
27, 510
27, 520
27, 530
27, 540
27, 550
27, 560
27, 570
27, 580
27, 590
28, 600
28, 610
28, 620
29, 630
29, 640
29, 650
29, 660
30, 670
31, 680
32, 690
32, 700
32, 710
33, 720
33, 730
34, 740
34, 750
34, 760
35, 770
35, 780
35, 790
35, 800
35, 810
36, 820
36, 830
36, 840
36, 850
36, 860
36, 870
36, 880
36, 890
36, 900
36, 910
36, 920
36, 930
36, 940
36, 950
36, 960
36, 970
36, 980
36, 990
36, 1000
36, 1010
36, 1020
36, 1030
36, 1040
37, 1050
37, 1060
37, 1070
37, 1080
37, 1090
37, 1100
37, 1110
37, 1120
37, 1130
37, 1140
37, 1150
38, 1160
38, 1170
38, 1180
38, 1190
38, 1200
38, 1210
38, 1220
38, 1230
38, 1240
38, 1250
38, 1260
38, 1270
38, 1280
38, 1290
38, 1300
38, 1310
38, 1320
38, 1330
38, 1340
38, 1350
38, 1360
38, 1370
38, 1380
38, 1390
38, 1400
38, 1410
38, 1420
38, 1430
38, 1440
38, 1450
38, 1460
38, 1470
38, 1480
38, 1490
38, 1500
38, 1510
38, 1520
38, 1530
38, 1540
38, 1550
38, 1560
38, 1570
40, 1580
{'count': 2324, 'truepos': 42, 'falseneg': 3, 'correction': 14, 'unknownyes': 0, 'falsepos': 12, 'unique': 1580}

------------------------------------------------------------
Sender: LSF System <lsfadmin@n2e1-1>
Subject: Job 759519: </share/tjmenzie/zyu9/miniconda2/bin/python2.7 runner.py error_hpcc 2> in cluster <henry2> Done

Job </share/tjmenzie/zyu9/miniconda2/bin/python2.7 runner.py error_hpcc 2> was submitted from host <login01.hpc.ncsu.edu> by user <zyu9> in cluster <henry2> at Sat Feb 24 16:17:36 2018.
Job was executed on host(s) <2*n2e1-1>, in queue <single_chassis>, as user <zyu9> in cluster <henry2> at Sat Feb 24 16:17:42 2018.
</home/zyu9> was used as the home directory.
</home/zyu9/projects/MAR_HPC/Error/src> was used as the working directory.
Started at Sat Feb 24 16:17:42 2018.
Terminated at Sat Feb 24 17:21:50 2018.
Results reported at Sat Feb 24 17:21:50 2018.

Your job looked like:

------------------------------------------------------------
# LSBATCH: User input
/share/tjmenzie/zyu9/miniconda2/bin/python2.7 runner.py error_hpcc 2
------------------------------------------------------------

Successfully completed.

Resource usage summary:

    CPU time :                                   4975.27 sec.
    Max Memory :                                 284.75 MB
    Average Memory :                             228.30 MB
    Total Requested Memory :                     -
    Delta Memory :                               -
    Max Swap :                                   1330 MB
    Max Processes :                              3
    Max Threads :                                8
    Run time :                                   3859 sec.
    Turnaround time :                            3854 sec.

The output (if any) is above this job summary.



PS: The stderr output (if any) follows:



PS:

Fail to open stderr file ./err/2.err.759519: No such file or directory.
The stderr output is included in this report.

