20: Hall.csv: none: 0, 0
4, 10
5, 20, 95
10, 30, 98
10, 40, 95
14, 50, 89
17, 60, 91
20, 70, 91
26, 80, 52
30, 90, 58
34, 100, 59
37, 110, 64
42, 120, 64
42, 130, 70
43, 140, 63
46, 150, 64
47, 160, 67
48, 170, 66
51, 180, 62
54, 190, 69
57, 200, 72
59, 210, 78
60, 220, 73
63, 230, 81
68, 240, 79
68, 250, 91
69, 260, 86
72, 270, 87
72, 280, 96
73, 290, 91
73, 300, 92
74, 310, 88
75, 320, 90
75, 330, 95
75, 340, 93
75, 350, 92
76, 360, 90
76, 370, 92
76, 380, 90
77, 390, 89
77, 400, 91
77, 410, 92
77, 420, 90
77, 430, 90
77, 440, 89
77, 450, 89
77, 460, 87
77, 470, 86
78, 480, 86
78, 490, 90
78, 500, 90
78, 510, 86
78, 520, 87
78, 530, 88
78, 540, 87
78, 550, 88
78, 560, 90
78, 570, 87
78, 580, 86
78, 590, 87
78, 600, 87
78, 610, 86
78, 620, 86
78, 630, 86
78, 640, 85
78, 650, 85
78, 660, 84
78, 670, 85
78, 680, 84
78, 690, 85
78, 700, 85
78, 710, 85
78, 720, 85
78, 730, 88
78, 740, 83
78, 750, 85
78, 760, 83
78, 770, 83
78, 780, 84
78, 790, 83
78, 800, 83
78, 810, 83
79, 820, 83
79, 830, 85
79, 840, 85
79, 850, 85
79, 860, 85
79, 870, 85
79, 880, 85
79, 890, 84
79, 900, 85
79, 910, 84
79, 920, 85
79, 930, 84
79, 940, 84
79, 950, 84
79, 960, 85
79, 970, 84
79, 980, 84
{'count': 980, 'truepos': 77, 'falseneg': 25, 'correction': 0, 'unknownyes': 2, 'falsepos': 2, 'unique': 980}
20: Hall.csv: three: 0, 0
7, 10
7, 20, 114
10, 30, 103
12, 40, 105
14, 50, 103
19, 60, 92
20, 70, 97
22, 80, 63
25, 90, 61
30, 100, 60
33, 110, 67
35, 120, 72
38, 130, 65
42, 140, 71
45, 150, 73
51, 160, 81
52, 170, 82
54, 180, 82
55, 190, 87
58, 200, 81
62, 210, 77
63, 220, 87
65, 230, 85
69, 240, 90
72, 250, 92
75, 260, 99
75, 270, 98
75, 280, 95
75, 290, 103
75, 300, 95
75, 310, 93
75, 320, 92
76, 330, 91
76, 340, 94
76, 350, 91
76, 360, 89
76, 370, 91
76, 380, 92
76, 390, 90
76, 400, 91
76, 410, 88
76, 420, 89
77, 430, 87
77, 440, 89
77, 450, 89
77, 460, 90
77, 470, 89
77, 480, 91
77, 490, 90
77, 500, 87
77, 510, 88
77, 520, 86
77, 530, 86
77, 540, 87
77, 550, 85
77, 560, 85
77, 570, 84
77, 580, 84
77, 590, 84
77, 600, 85
77, 610, 85
77, 620, 85
77, 630, 85
77, 640, 85
77, 650, 86
77, 660, 84
77, 670, 84
77, 680, 84
77, 690, 84
77, 700, 83
77, 710, 84
77, 720, 84
77, 730, 84
77, 740, 83
77, 750, 84
77, 760, 82
77, 770, 83
77, 780, 83
77, 790, 83
77, 800, 82
77, 810, 83
77, 820, 82
77, 830, 82
77, 840, 82
77, 850, 83
77, 860, 82
77, 870, 82
77, 880, 82
77, 890, 82
77, 900, 83
{'count': 1851, 'truepos': 77, 'falseneg': 26, 'correction': 40, 'unknownyes': 1, 'falsepos': 0, 'unique': 900}
20: Hall.csv: machine: 0, 0
3, 10
6, 20, 104
7, 30, 103
9, 40, 109
11, 50, 105
13, 60, 101
17, 70, 83
19, 80, 87
21, 90, 83
26, 100, 53
32, 110, 56
34, 120, 67
48, 120, 67
51, 130, 97
51, 140, 94
54, 150, 84
56, 160, 87
59, 170, 82
64, 170, 82
64, 180, 94
66, 190, 89
67, 200, 93
68, 210, 85
68, 220, 90
73, 220, 90
77, 230, 90
78, 240, 98
78, 250, 95
79, 260, 91
81, 270, 95
83, 270, 95
85, 280, 97
87, 290, 100
88, 300, 102
89, 310, 101
89, 320, 103
90, 320, 103
93, 330, 103
94, 340, 109
94, 350, 111
94, 360, 107
94, 370, 107
95, 370, 107
95, 380, 106
96, 390, 106
96, 400, 107
96, 410, 109
96, 420, 108
97, 420, 108
97, 430, 106
97, 440, 108
97, 450, 107
98, 460, 106
98, 470, 108
98, 470, 108
98, 480, 106
98, 490, 105
98, 500, 105
98, 510, 104
98, 520, 105
98, 520, 105
98, 530, 104
98, 540, 106
98, 550, 104
98, 560, 104
{'count': 783, 'truepos': 95, 'falseneg': 7, 'correction': 29, 'unknownyes': 2, 'falsepos': 3, 'unique': 560}
20: Hall.csv: knee: 0, 0
6, 10
8, 20
10, 30
12, 40
14, 50
17, 60
19, 70
21, 80
27, 90
28, 100
34, 110
35, 120
39, 130
43, 140
48, 150
50, 160
51, 170
52, 180
55, 190
57, 200
58, 210
58, 220
59, 230
60, 240
62, 250
63, 260
65, 270
65, 280
67, 290
68, 300
69, 310
71, 320
72, 330
72, 340
72, 350
73, 360
74, 370
74, 380
75, 390
75, 400
76, 410
76, 420
76, 430
76, 440
76, 450
76, 460
76, 470
76, 480
76, 490
76, 500
76, 510
76, 520
76, 530
76, 540
76, 550
77, 560
77, 570
77, 580
77, 590
77, 600
77, 610
77, 620
77, 630
77, 640
77, 650
{'count': 813, 'truepos': 87, 'falseneg': 15, 'correction': 18, 'unknownyes': 2, 'falsepos': 2, 'unique': 650}
20: Wahono.csv: none: 0, 0
5, 10
6, 20, 99
8, 30, 98
8, 40, 84
8, 50, 68
10, 60, 49
10, 70, 46
10, 80, 38
11, 90, 37
13, 100, 40
13, 110, 43
13, 120, 42
13, 130, 41
13, 140, 42
13, 150, 42
13, 160, 42
14, 170, 42
17, 180, 42
19, 190, 47
20, 200, 50
20, 210, 42
20, 220, 38
21, 230, 33
21, 240, 39
21, 250, 37
22, 260, 32
23, 270, 36
23, 280, 37
23, 290, 36
23, 300, 36
23, 310, 32
23, 320, 35
23, 330, 31
23, 340, 32
25, 350, 34
27, 360, 35
28, 370, 37
28, 380, 39
28, 390, 40
28, 400, 40
28, 410, 37
29, 420, 40
30, 430, 43
31, 440, 44
31, 450, 40
32, 460, 43
32, 470, 44
32, 480, 43
32, 490, 44
33, 500, 42
33, 510, 42
33, 520, 41
33, 530, 41
33, 540, 41
33, 550, 43
33, 560, 43
33, 570, 42
34, 580, 40
34, 590, 42
34, 600, 44
35, 610, 41
35, 620, 42
35, 630, 42
35, 640, 41
35, 650, 42
37, 660, 42
37, 670, 44
37, 680, 45
37, 690, 44
37, 700, 43
37, 710, 43
37, 720, 43
37, 730, 43
37, 740, 44
37, 750, 43
37, 760, 43
37, 770, 43
37, 780, 42
37, 790, 42
37, 800, 43
37, 810, 44
37, 820, 43
37, 830, 43
37, 840, 43
37, 850, 42
37, 860, 42
37, 870, 41
37, 880, 41
37, 890, 41
37, 900, 42
37, 910, 43
37, 920, 42
37, 930, 43
37, 940, 42
37, 950, 43
37, 960, 42
37, 970, 42
37, 980, 42
37, 990, 41
37, 1000, 41
37, 1010, 41
37, 1020, 41
37, 1030, 41
37, 1040, 41
38, 1050, 42
38, 1060, 43
38, 1070, 42
38, 1080, 42
38, 1090, 42
38, 1100, 42
38, 1110, 42
38, 1120, 41
38, 1130, 42
38, 1140, 42
38, 1150, 42
38, 1160, 41
38, 1170, 42
39, 1180, 41
39, 1190, 43
39, 1200, 42
39, 1210, 42
39, 1220, 43
39, 1230, 42
39, 1240, 43
39, 1250, 42
39, 1260, 42
39, 1270, 42
39, 1280, 42
39, 1290, 42
39, 1300, 42
39, 1310, 42
39, 1320, 42
39, 1330, 42
{'count': 1330, 'truepos': 35, 'falseneg': 24, 'correction': 0, 'unknownyes': 3, 'falsepos': 4, 'unique': 1330}
20: Wahono.csv: three: 0, 0
4, 10
6, 20, 95
8, 30, 91
10, 40, 93
10, 50, 93
10, 60, 68
12, 70, 54
13, 80, 52
15, 90, 52
16, 100, 58
17, 110, 56
18, 120, 52
18, 130, 52
19, 140, 49
20, 150, 51
21, 160, 37
24, 170, 45
24, 180, 48
24, 190, 46
24, 200, 51
24, 210, 42
24, 220, 43
24, 230, 42
24, 240, 45
24, 250, 40
25, 260, 37
26, 270, 41
27, 280, 43
28, 290, 45
31, 300, 45
31, 310, 49
31, 320, 44
32, 330, 47
33, 340, 45
35, 350, 52
36, 360, 50
36, 370, 51
36, 380, 51
36, 390, 51
36, 400, 49
37, 410, 50
37, 420, 52
37, 430, 50
37, 440, 51
37, 450, 48
37, 460, 50
37, 470, 49
37, 480, 50
37, 490, 47
37, 500, 46
37, 510, 49
38, 520, 47
38, 530, 47
38, 540, 49
38, 550, 48
39, 560, 46
39, 570, 49
39, 580, 47
39, 590, 49
39, 600, 48
39, 610, 49
39, 620, 47
39, 630, 47
39, 640, 48
39, 650, 48
39, 660, 48
39, 670, 46
39, 680, 45
39, 690, 46
39, 700, 47
39, 710, 46
39, 720, 46
39, 730, 46
39, 740, 46
39, 750, 46
39, 760, 46
39, 770, 46
39, 780, 45
40, 790, 45
40, 800, 48
40, 810, 45
40, 820, 46
40, 830, 46
40, 840, 46
40, 850, 46
40, 860, 45
40, 870, 45
40, 880, 46
40, 890, 46
40, 900, 46
40, 910, 45
41, 920, 45
41, 930, 45
41, 940, 46
41, 950, 46
41, 960, 47
41, 970, 46
41, 980, 46
41, 990, 46
41, 1000, 46
41, 1010, 45
41, 1020, 46
41, 1030, 46
41, 1040, 44
41, 1050, 45
41, 1060, 45
41, 1070, 45
41, 1080, 45
41, 1090, 45
41, 1100, 45
41, 1110, 45
41, 1120, 45
41, 1130, 45
41, 1140, 45
41, 1150, 45
41, 1160, 44
41, 1170, 45
41, 1180, 45
41, 1190, 44
41, 1200, 44
41, 1210, 44
41, 1220, 45
41, 1230, 45
41, 1240, 44
41, 1250, 44
41, 1260, 44
41, 1270, 44
41, 1280, 44
41, 1290, 44
41, 1300, 44
41, 1310, 44
41, 1320, 45
41, 1330, 44
41, 1340, 44
41, 1350, 44
41, 1360, 44
41, 1370, 44
41, 1380, 44
41, 1390, 44
41, 1400, 44
41, 1410, 44
41, 1420, 44
41, 1430, 44
41, 1440, 44
{'count': 2914, 'truepos': 41, 'falseneg': 18, 'correction': 28, 'unknownyes': 3, 'falsepos': 0, 'unique': 1440}
20: Wahono.csv: machine: 0, 0
3, 10
3, 20, 100
4, 30, 70
8, 40, 65
9, 50, 72
10, 60, 60
10, 70, 55
10, 80, 48
12, 90, 47
12, 100, 49
12, 110, 47
12, 120, 46
12, 130, 46
12, 140, 47
12, 150, 47
12, 160, 47
12, 170, 48
12, 180, 48
13, 190, 48
14, 200, 50
14, 210, 50
14, 220, 50
14, 230, 50
14, 240, 50
14, 250, 50
14, 260, 51
14, 270, 51
14, 280, 51
14, 290, 51
14, 300, 51
14, 310, 52
16, 320, 52
18, 330, 53
20, 340, 55
21, 350, 33
21, 360, 35
25, 360, 35
27, 370, 37
28, 380, 46
28, 390, 45
28, 400, 44
28, 410, 41
34, 410, 41
35, 420, 51
35, 430, 49
36, 440, 53
36, 450, 53
37, 460, 51
38, 460, 51
40, 470, 54
40, 480, 60
40, 490, 61
41, 500, 56
41, 510, 56
43, 510, 56
43, 520, 59
43, 530, 60
43, 540, 57
43, 550, 58
43, 560, 58
43, 560, 58
43, 570, 56
43, 580, 60
44, 590, 56
44, 600, 59
44, 610, 55
44, 610, 55
44, 620, 56
44, 630, 55
44, 640, 56
44, 650, 56
45, 660, 54
45, 660, 54
45, 670, 55
45, 680, 58
45, 690, 57
45, 700, 55
46, 710, 54
47, 710, 54
47, 720, 55
47, 730, 56
48, 740, 56
48, 750, 57
48, 760, 56
48, 760, 56
48, 770, 57
48, 780, 56
48, 790, 56
48, 800, 56
48, 810, 56
48, 810, 56
48, 820, 55
48, 830, 55
48, 840, 56
48, 850, 54
48, 860, 54
48, 860, 54
49, 870, 54
49, 880, 55
49, 890, 56
49, 900, 54
49, 910, 55
49, 910, 55
51, 920, 55
51, 930, 58
51, 940, 57
51, 950, 57
51, 960, 57
53, 960, 57
53, 970, 60
53, 980, 60
54, 990, 60
54, 1000, 61
54, 1010, 61
55, 1010, 61
55, 1020, 62
55, 1030, 62
55, 1040, 62
55, 1050, 62
55, 1060, 62
56, 1060, 62
56, 1070, 63
56, 1080, 63
56, 1090, 63
56, 1100, 63
56, 1110, 63
56, 1110, 63
56, 1120, 63
56, 1130, 64
56, 1140, 63
56, 1150, 63
56, 1160, 62
56, 1160, 62
56, 1170, 63
56, 1180, 63
56, 1190, 61
56, 1200, 62
57, 1210, 61
57, 1210, 61
57, 1220, 62
57, 1230, 63
57, 1240, 62
57, 1250, 62
57, 1260, 62
57, 1260, 62
58, 1270, 62
58, 1280, 63
58, 1290, 64
58, 1300, 64
58, 1310, 63
58, 1310, 63
58, 1320, 63
58, 1330, 63
58, 1340, 63
58, 1350, 63
58, 1360, 63
58, 1360, 63
58, 1370, 62
58, 1380, 63
58, 1390, 62
58, 1400, 63
58, 1410, 62
58, 1410, 62
58, 1420, 63
58, 1430, 63
58, 1440, 62
58, 1450, 62
58, 1460, 62
58, 1460, 62
58, 1470, 62
58, 1480, 62
58, 1490, 62
58, 1500, 62
58, 1510, 62
58, 1510, 62
58, 1520, 62
59, 1530, 62
59, 1540, 63
60, 1550, 63
60, 1560, 64
60, 1560, 64
60, 1570, 64
60, 1580, 64
60, 1590, 64
{'count': 2533, 'truepos': 54, 'falseneg': 6, 'correction': 14, 'unknownyes': 2, 'falsepos': 6, 'unique': 1590}
20: Wahono.csv: knee: 0, 0
4, 10
5, 20
5, 30
7, 40
9, 50
10, 60
12, 70
12, 80
12, 90
14, 100
16, 110
17, 120
19, 130
19, 140
19, 150
19, 160
20, 170
20, 180
20, 190
20, 200
20, 210
21, 220
24, 230
24, 240
25, 250
26, 260
26, 270
27, 280
29, 290
29, 300
29, 310
30, 320
31, 330
31, 340
31, 350
31, 360
31, 370
31, 380
32, 390
32, 400
32, 410
33, 420
35, 430
37, 440
37, 450
38, 460
38, 470
38, 480
38, 490
38, 500
38, 510
38, 520
38, 530
39, 540
40, 550
40, 560
40, 570
40, 580
40, 590
40, 600
40, 610
40, 620
40, 630
40, 640
41, 650
42, 660
42, 670
42, 680
42, 690
42, 700
42, 710
43, 720
43, 730
43, 740
43, 750
43, 760
43, 770
43, 780
43, 790
43, 800
43, 810
43, 820
43, 830
43, 840
43, 850
43, 860
43, 870
43, 880
44, 890
44, 900
44, 910
44, 920
44, 930
44, 940
44, 950
44, 960
44, 970
{'count': 1398, 'truepos': 48, 'falseneg': 10, 'correction': 11, 'unknownyes': 4, 'falsepos': 3, 'unique': 970}
20: Danijel.csv: none: 0, 0
2, 10
2, 20, 99
3, 30, 77
4, 40, 64
4, 50, 63
4, 60, 57
6, 70, 54
7, 80, 61
8, 90, 59
8, 100, 53
8, 110, 51
8, 120, 50
8, 130, 50
9, 140, 51
11, 150, 51
14, 160, 52
15, 170, 56
17, 180, 53
18, 190, 54
19, 200, 53
21, 210, 53
21, 220, 47
22, 230, 41
22, 240, 42
23, 250, 40
23, 260, 37
23, 270, 41
23, 280, 37
23, 290, 36
23, 300, 36
24, 310, 37
25, 320, 34
25, 330, 39
25, 340, 41
26, 350, 36
27, 360, 36
27, 370, 39
27, 380, 37
28, 390, 35
28, 400, 37
29, 410, 37
31, 420, 36
31, 430, 39
31, 440, 40
31, 450, 39
31, 460, 38
31, 470, 38
31, 480, 39
31, 490, 37
31, 500, 39
31, 510, 38
31, 520, 38
31, 530, 37
31, 540, 36
31, 550, 36
32, 560, 37
32, 570, 38
32, 580, 37
32, 590, 38
33, 600, 36
33, 610, 38
33, 620, 38
33, 630, 41
33, 640, 39
33, 650, 39
33, 660, 38
33, 670, 37
33, 680, 37
33, 690, 37
33, 700, 37
33, 710, 37
34, 720, 37
34, 730, 38
34, 740, 37
34, 750, 38
34, 760, 37
34, 770, 37
34, 780, 39
34, 790, 39
34, 800, 38
34, 810, 38
34, 820, 37
34, 830, 37
34, 840, 38
34, 850, 37
34, 860, 37
34, 870, 37
34, 880, 37
34, 890, 39
34, 900, 37
34, 910, 37
34, 920, 36
34, 930, 38
34, 940, 36
34, 950, 37
34, 960, 36
34, 970, 37
34, 980, 37
34, 990, 37
34, 1000, 36
34, 1010, 37
34, 1020, 38
34, 1030, 37
34, 1040, 36
34, 1050, 36
34, 1060, 36
34, 1070, 36
34, 1080, 36
34, 1090, 37
34, 1100, 36
34, 1110, 36
34, 1120, 36
34, 1130, 37
34, 1140, 36
34, 1150, 36
34, 1160, 36
34, 1170, 36
34, 1180, 36
34, 1190, 36
34, 1200, 36
34, 1210, 36
{'count': 1210, 'truepos': 32, 'falseneg': 14, 'correction': 0, 'unknownyes': 2, 'falsepos': 2, 'unique': 1210}
20: Danijel.csv: three: 0, 0
2, 10
3, 20, 121
6, 30, 101
8, 40, 98
9, 50, 98
9, 60, 82
12, 70, 60
14, 80, 65
15, 90, 65
15, 100, 54
16, 110, 46
19, 120, 45
21, 130, 49
22, 140, 42
22, 150, 39
23, 160, 36
24, 170, 36
25, 180, 36
25, 190, 39
25, 200, 36
25, 210, 36
25, 220, 37
25, 230, 36
26, 240, 35
27, 250, 35
28, 260, 35
28, 270, 39
28, 280, 36
28, 290, 35
28, 300, 35
28, 310, 35
29, 320, 35
30, 330, 36
32, 340, 37
32, 350, 40
32, 360, 39
32, 370, 40
32, 380, 42
32, 390, 40
32, 400, 40
32, 410, 39
32, 420, 39
32, 430, 39
32, 440, 38
32, 450, 37
32, 460, 37
32, 470, 39
32, 480, 38
32, 490, 37
32, 500, 38
32, 510, 36
32, 520, 37
32, 530, 37
32, 540, 36
32, 550, 38
33, 560, 36
33, 570, 38
33, 580, 37
33, 590, 38
34, 600, 37
34, 610, 38
34, 620, 38
34, 630, 38
34, 640, 39
34, 650, 38
34, 660, 38
34, 670, 38
34, 680, 38
34, 690, 37
34, 700, 38
34, 710, 38
34, 720, 37
35, 730, 38
35, 740, 39
35, 750, 39
35, 760, 38
35, 770, 38
35, 780, 38
35, 790, 37
35, 800, 38
36, 810, 39
36, 820, 39
36, 830, 39
36, 840, 39
36, 850, 39
36, 860, 40
36, 870, 39
36, 880, 40
36, 890, 38
36, 900, 38
36, 910, 39
36, 920, 39
36, 930, 38
36, 940, 39
36, 950, 39
36, 960, 39
36, 970, 39
36, 980, 39
36, 990, 38
36, 1000, 38
36, 1010, 38
36, 1020, 38
36, 1030, 38
36, 1040, 38
36, 1050, 38
36, 1060, 38
36, 1070, 38
36, 1080, 38
36, 1090, 38
36, 1100, 38
36, 1110, 38
36, 1120, 38
36, 1130, 38
{'count': 2280, 'truepos': 36, 'falseneg': 10, 'correction': 17, 'unknownyes': 2, 'falsepos': 0, 'unique': 1130}
20: Danijel.csv: machine: 0, 0
3, 10
3, 20, 105
5, 30, 76
7, 40, 71
9, 50, 67
11, 60, 63
11, 70, 64
12, 80, 50
16, 90, 48
16, 100, 58
20, 110, 51
22, 120, 40
26, 120, 40
26, 130, 56
27, 140, 46
28, 150, 43
28, 160, 46
28, 170, 45
30, 170, 45
30, 180, 46
31, 190, 44
34, 200, 43
34, 210, 47
34, 220, 45
34, 220, 45
35, 230, 46
35, 240, 47
36, 250, 46
36, 260, 46
36, 270, 45
37, 270, 45
37, 280, 48
37, 290, 48
37, 300, 46
37, 310, 47
38, 320, 46
40, 320, 46
40, 330, 49
40, 340, 50
40, 350, 50
40, 360, 49
40, 370, 50
40, 370, 50
40, 380, 48
41, 390, 48
41, 400, 50
41, 410, 50
41, 420, 49
44, 420, 49
44, 430, 55
44, 440, 53
44, 450, 52
44, 460, 53
44, 470, 54
44, 470, 54
44, 480, 52
44, 490, 50
44, 500, 51
44, 510, 50
44, 520, 51
44, 520, 51
44, 530, 54
44, 540, 51
44, 550, 52
44, 560, 51
44, 570, 52
45, 570, 52
45, 580, 50
45, 590, 53
45, 600, 52
45, 610, 52
45, 620, 51
45, 620, 51
45, 630, 51
45, 640, 50
45, 650, 50
45, 660, 52
45, 670, 49
45, 670, 49
45, 680, 49
45, 690, 50
45, 700, 49
45, 710, 48
45, 720, 48
45, 720, 48
45, 730, 49
45, 740, 50
45, 750, 49
45, 760, 48
46, 770, 48
{'count': 1323, 'truepos': 41, 'falseneg': 4, 'correction': 9, 'unknownyes': 3, 'falsepos': 5, 'unique': 770}
20: Danijel.csv: knee: 0, 0
2, 10
3, 20
3, 30
6, 40
7, 50
8, 60
9, 70
9, 80
11, 90
11, 100
14, 110
14, 120
15, 130
15, 140
16, 150
16, 160
17, 170
17, 180
19, 190
19, 200
19, 210
20, 220
20, 230
20, 240
20, 250
21, 260
21, 270
21, 280
21, 290
21, 300
22, 310
22, 320
22, 330
23, 340
23, 350
23, 360
23, 370
23, 380
23, 390
23, 400
23, 410
23, 420
23, 430
24, 440
24, 450
24, 460
25, 470
25, 480
25, 490
25, 500
25, 510
28, 520
29, 530
30, 540
30, 550
30, 560
31, 570
31, 580
31, 590
31, 600
31, 610
31, 620
31, 630
31, 640
31, 650
31, 660
31, 670
31, 680
31, 690
31, 700
31, 710
31, 720
31, 730
31, 740
31, 750
31, 760
31, 770
31, 780
31, 790
31, 800
31, 810
31, 820
31, 830
31, 840
31, 850
31, 860
31, 870
31, 880
31, 890
31, 900
31, 910
31, 920
31, 930
32, 940
32, 950
32, 960
32, 970
32, 980
32, 990
32, 1000
32, 1010
32, 1020
{'count': 1560, 'truepos': 37, 'falseneg': 7, 'correction': 11, 'unknownyes': 4, 'falsepos': 7, 'unique': 1020}
20: K_all3.csv: none: 0, 0
1, 10
2, 20, 92
6, 30, 54
7, 40, 63
8, 50, 55
10, 60, 45
10, 70, 46
12, 80, 39
14, 90, 41
15, 100, 41
15, 110, 38
15, 120, 35
15, 130, 34
16, 140, 33
18, 150, 34
18, 160, 37
19, 170, 36
19, 180, 37
19, 190, 36
19, 200, 36
19, 210, 36
19, 220, 36
20, 230, 36
20, 240, 30
22, 250, 27
22, 260, 30
24, 270, 29
24, 280, 30
24, 290, 29
24, 300, 29
24, 310, 29
24, 320, 29
24, 330, 28
25, 340, 28
26, 350, 30
26, 360, 29
26, 370, 30
26, 380, 29
27, 390, 30
28, 400, 30
28, 410, 32
29, 420, 31
29, 430, 31
29, 440, 31
29, 450, 32
29, 460, 31
29, 470, 31
29, 480, 31
29, 490, 31
29, 500, 31
29, 510, 31
29, 520, 31
{'count': 520, 'truepos': 25, 'falseneg': 13, 'correction': 0, 'unknownyes': 7, 'falsepos': 4, 'unique': 520}
20: K_all3.csv: three: 0, 0
2, 10
5, 20, 70
6, 30, 64
11, 40, 54
14, 50, 64
15, 60, 63
16, 70, 59
16, 80, 48
17, 90, 43
19, 100, 42
20, 110, 45
20, 120, 36
20, 130, 32
21, 140, 31
22, 150, 32
24, 160, 30
24, 170, 33
25, 180, 33
25, 190, 35
25, 200, 32
25, 210, 32
25, 220, 32
25, 230, 31
25, 240, 31
27, 250, 30
27, 260, 32
27, 270, 33
30, 280, 32
30, 290, 34
30, 300, 35
30, 310, 35
30, 320, 34
30, 330, 33
31, 340, 33
31, 350, 34
31, 360, 33
31, 370, 35
31, 380, 34
32, 390, 33
32, 400, 34
32, 410, 34
33, 420, 34
34, 430, 37
35, 440, 37
35, 450, 37
35, 460, 38
35, 470, 37
35, 480, 37
35, 490, 37
36, 500, 37
36, 510, 38
36, 520, 38
37, 530, 38
{'count': 1085, 'truepos': 37, 'falseneg': 5, 'correction': 24, 'unknownyes': 3, 'falsepos': 0, 'unique': 530}
20: K_all3.csv: machine: 0, 0
2, 10
5, 20, 72
6, 30, 61
10, 40, 54
12, 50, 59
14, 60, 56
15, 70, 53
15, 80, 46
15, 90, 40
16, 100, 37
17, 110, 38
18, 120, 39
19, 130, 39
19, 140, 40
20, 150, 38
20, 160, 32
22, 170, 30
22, 180, 33
23, 180, 33
23, 190, 32
23, 200, 31
24, 210, 29
24, 220, 31
25, 230, 30
25, 230, 30
25, 240, 31
25, 250, 32
26, 260, 30
26, 270, 30
26, 280, 30
29, 280, 30
29, 290, 35
30, 300, 33
30, 310, 34
30, 320, 34
31, 330, 35
31, 330, 35
32, 340, 34
33, 350, 36
34, 360, 36
34, 370, 37
35, 380, 37
38, 380, 37
38, 390, 42
39, 400, 42
39, 410, 43
39, 420, 43
39, 430, 42
39, 430, 42
39, 440, 42
39, 450, 42
40, 460, 42
41, 470, 43
{'count': 739, 'truepos': 35, 'falseneg': 5, 'correction': 4, 'unknownyes': 5, 'falsepos': 6, 'unique': 470}
20: K_all3.csv: knee: 0, 0
1, 10
4, 20
8, 30
9, 40
10, 50
10, 60
11, 70
13, 80
14, 90
15, 100
16, 110
16, 120
17, 130
18, 140
19, 150
20, 160
20, 170
20, 180
22, 190
22, 200
22, 210
24, 220
24, 230
24, 240
24, 250
24, 260
24, 270
24, 280
24, 290
26, 300
27, 310
28, 320
29, 330
29, 340
29, 350
29, 360
29, 370
30, 380
30, 390
30, 400
30, 410
30, 420
31, 430
32, 440
32, 450
32, 460
32, 470
32, 480
34, 490
35, 500
35, 510
35, 520
36, 530
37, 540
37, 550
37, 560
38, 570
38, 580
38, 590
38, 600
38, 610
38, 620
38, 630
38, 640
38, 650
38, 660
39, 670
39, 680
39, 690
39, 700
39, 710
39, 720
39, 730
40, 740
40, 750
40, 760
40, 770
40, 780
40, 790
40, 800
40, 810
40, 820
41, 830
41, 840
41, 850
41, 860
41, 870
41, 880
41, 890
41, 900
41, 910
41, 920
41, 930
41, 940
41, 950
41, 960
41, 970
42, 980
42, 990
42, 1000
42, 1010
42, 1020
42, 1030
42, 1040
42, 1050
42, 1060
43, 1070
43, 1080
44, 1090
44, 1100
45, 1110
45, 1120
45, 1130
45, 1140
45, 1150
45, 1160
45, 1170
45, 1180
45, 1190
45, 1200
45, 1210
45, 1220
46, 1230
46, 1240
47, 1250
47, 1260
47, 1270
47, 1280
47, 1290
47, 1300
47, 1310
48, 1320
48, 1330
48, 1340
48, 1350
48, 1360
48, 1370
48, 1380
48, 1390
48, 1400
48, 1410
48, 1420
48, 1430
48, 1440
48, 1450
48, 1460
48, 1470
48, 1480
48, 1490
48, 1500
48, 1510
48, 1520
49, 1530
51, 1540
51, 1550
51, 1560
51, 1570
51, 1580
51, 1590
51, 1600
51, 1610
51, 1620
51, 1630
51, 1640
51, 1650
51, 1660
51, 1670
51, 1680
51, 1690
51, 1700
51, 1704

------------------------------------------------------------
Sender: LSF System <lsfadmin@n2c3-9>
Subject: Job 629689: </share/tjmenzie/zyu9/miniconda2/bin/python2.7 runner.py error_hpcc 20> in cluster <henry2> Exited

Job </share/tjmenzie/zyu9/miniconda2/bin/python2.7 runner.py error_hpcc 20> was submitted from host <login01.hpc.ncsu.edu> by user <zyu9> in cluster <henry2> at Wed Jan 31 09:58:22 2018.
Job was executed on host(s) <2*n2c3-9>, in queue <single_chassis>, as user <zyu9> in cluster <henry2> at Wed Jan 31 09:58:27 2018.
</home/zyu9> was used as the home directory.
</home/zyu9/projects/MAR_HPC/Error/src> was used as the working directory.
Started at Wed Jan 31 09:58:27 2018.
Terminated at Wed Jan 31 10:58:07 2018.
Results reported at Wed Jan 31 10:58:07 2018.

Your job looked like:

------------------------------------------------------------
# LSBATCH: User input
/share/tjmenzie/zyu9/miniconda2/bin/python2.7 runner.py error_hpcc 20
------------------------------------------------------------

Exited with exit code 1.

Resource usage summary:

    CPU time :                                   4731.08 sec.
    Max Memory :                                 287.79 MB
    Average Memory :                             232.55 MB
    Total Requested Memory :                     -
    Delta Memory :                               -
    Max Swap :                                   1312 MB
    Max Processes :                              3
    Max Threads :                                8
    Run time :                                   3590 sec.
    Turnaround time :                            3585 sec.

The output (if any) is above this job summary.



PS:

Read file <./err/20.err.629689> for stderr output of this job.

