20: Hall.csv: none: 0, 0
6, 10
8, 20, 107
12, 30, 110
13, 40, 120
18, 50, 117
19, 60, 131
23, 70, 119
27, 80, 121
31, 90, 126
36, 100, 117
41, 110, 125
45, 120, 140
50, 130, 135
53, 140, 137
55, 150, 132
58, 160, 137
62, 170, 124
66, 180, 115
67, 190, 131
68, 200, 120
72, 210, 99
76, 220, 115
82, 230, 111
85, 240, 131
91, 250, 123
91, 260, 127
92, 270, 127
95, 280, 118
96, 290, 123
99, 300, 120
102, 310, 121
104, 320, 122
107, 330, 125
109, 340, 128
110, 350, 129
112, 360, 131
112, 370, 132
112, 380, 133
112, 390, 132
114, 400, 129
114, 410, 130
116, 420, 133
117, 430, 139
118, 440, 139
118, 450, 142
118, 460, 140
120, 470, 135
121, 480, 138
123, 490, 151
124, 500, 147
124, 510, 149
127, 520, 147
129, 530, 161
129, 540, 158
131, 550, 157
133, 560, 161
134, 570, 160
134, 580, 167
134, 590, 162
136, 600, 157
136, 610, 155
136, 620, 159
137, 630, 155
138, 640, 155
139, 650, 162
139, 660, 159
140, 670, 168
140, 680, 169
142, 690, 166
142, 700, 167
143, 710, 171
145, 720, 170
147, 730, 169
148, 740, 176
150, 750, 183
150, 760, 190
152, 770, 184
152, 780, 190
154, 790, 183
157, 800, 182
158, 810, 193
158, 820, 188
161, 830, 195
161, 840, 195
162, 850, 190
163, 860, 195
164, 870, 195
165, 880, 196
165, 890, 197
166, 900, 198
167, 910, 199
168, 920, 199
169, 930, 199
172, 940, 199
173, 950, 204
173, 960, 201
175, 970, 201
175, 980, 204
176, 990, 202
177, 1000, 202
178, 1010, 203
180, 1020, 201
182, 1030, 208
183, 1040, 215
183, 1050, 213
186, 1060, 207
188, 1070, 216
188, 1080, 215
189, 1090, 215
189, 1100, 215
192, 1110, 213
192, 1120, 220
192, 1130, 219
194, 1140, 216
198, 1150, 219
198, 1160, 221
200, 1170, 228
200, 1180, 226
200, 1190, 229
200, 1200, 226
200, 1210, 224
200, 1220, 221
200, 1230, 218
201, 1240, 221
203, 1250, 227
203, 1260, 228
205, 1270, 223
206, 1280, 231
206, 1290, 230
207, 1300, 230
211, 1310, 230
213, 1320, 238
214, 1330, 239
214, 1340, 246
216, 1350, 242
217, 1360, 246
217, 1370, 248
217, 1380, 246
220, 1390, 244
222, 1400, 254
222, 1410, 250
223, 1420, 248
223, 1430, 252
224, 1440, 251
226, 1450, 252
227, 1460, 254
227, 1470, 257
227, 1480, 254
229, 1490, 255
229, 1500, 258
229, 1510, 256
229, 1520, 255
229, 1530, 253
229, 1540, 255
230, 1550, 256
231, 1560, 254
232, 1570, 256
233, 1580, 256
236, 1590, 256
236, 1600, 262
236, 1610, 265
237, 1620, 259
239, 1630, 263
240, 1640, 264
241, 1650, 268
242, 1660, 267
242, 1670, 263
242, 1680, 266
243, 1690, 265
246, 1700, 268
247, 1710, 275
247, 1720, 276
248, 1730, 273
249, 1740, 276
252, 1750, 274
253, 1760, 277
256, 1770, 276
257, 1780, 285
258, 1790, 288
260, 1800, 283
263, 1810, 292
264, 1820, 296
264, 1830, 296
265, 1840, 294
265, 1850, 297
266, 1860, 293
266, 1870, 295
267, 1880, 295
267, 1890, 296
268, 1900, 298
268, 1910, 298
270, 1920, 293
270, 1930, 300
270, 1940, 301
272, 1950, 298
274, 1960, 298
275, 1970, 305
275, 1980, 301
275, 1990, 303
275, 2000, 302
276, 2010, 302
279, 2020, 304
281, 2030, 309
283, 2040, 312
285, 2050, 314
285, 2060, 314
285, 2070, 312
285, 2080, 311
286, 2090, 312
286, 2100, 312
286, 2110, 314
286, 2120, 310
288, 2130, 311
290, 2140, 315
291, 2150, 316
291, 2160, 321
292, 2170, 317
294, 2180, 319
294, 2190, 324
297, 2200, 320
297, 2210, 329
297, 2220, 325
298, 2230, 327
298, 2240, 327
300, 2250, 324
301, 2260, 327
303, 2270, 329
305, 2280, 333
307, 2290, 335
308, 2300, 339
308, 2310, 341
310, 2320, 338
311, 2330, 339
313, 2340, 342
316, 2350, 346
317, 2360, 348
317, 2370, 349
321, 2380, 349
321, 2390, 354
322, 2400, 357
323, 2410, 355
323, 2420, 353
324, 2430, 358
324, 2440, 357
326, 2450, 356
327, 2460, 358
327, 2470, 356
329, 2480, 355
330, 2490, 359
331, 2500, 357
331, 2510, 359
331, 2520, 360
331, 2530, 358
333, 2540, 361
333, 2550, 361
333, 2560, 361
333, 2570, 360
335, 2580, 361
336, 2590, 361
336, 2600, 362
336, 2610, 366
338, 2620, 362
339, 2630, 366
340, 2640, 371
341, 2650, 370
343, 2660, 368
343, 2670, 370
346, 2680, 368
347, 2690, 373
347, 2700, 371
347, 2710, 375
347, 2720, 373
347, 2730, 371
349, 2740, 371
349, 2750, 373
349, 2760, 374
350, 2770, 371
351, 2780, 374
352, 2790, 375
352, 2800, 376
353, 2810, 376
353, 2820, 376
354, 2830, 376
354, 2840, 378
354, 2850, 376
354, 2860, 380
355, 2870, 377
355, 2880, 377
356, 2890, 377
359, 2900, 378
361, 2910, 386
363, 2920, 385
364, 2930, 386
368, 2940, 389
368, 2950, 395
370, 2960, 393
371, 2970, 395
373, 2980, 395
375, 2990, 402
377, 3000, 403
377, 3010, 405
378, 3020, 404
380, 3030, 406
380, 3040, 405
382, 3050, 404
383, 3060, 407
383, 3070, 410
384, 3080, 413
385, 3090, 414
385, 3100, 412
388, 3110, 410
389, 3120, 417
389, 3130, 417
389, 3140, 415
391, 3150, 417
392, 3160, 419
393, 3170, 420
397, 3180, 422
398, 3190, 426
398, 3200, 426
399, 3210, 425
401, 3220, 426
401, 3230, 430
401, 3240, 430
404, 3250, 428
404, 3260, 433
405, 3270, 429
405, 3280, 429
405, 3290, 431
407, 3300, 429
409, 3310, 431
410, 3320, 436
410, 3330, 439
410, 3340, 435
414, 3350, 437
415, 3360, 440
416, 3370, 443
417, 3380, 445
419, 3390, 444
420, 3400, 449
420, 3410, 450
421, 3420, 446
422, 3430, 450
424, 3440, 449
424, 3450, 454
426, 3460, 454
427, 3470, 453
429, 3480, 455
430, 3490, 456
431, 3500, 458
432, 3510, 459
432, 3520, 459
433, 3530, 457
435, 3540, 458
437, 3550, 463
438, 3560, 463
440, 3570, 463
441, 3580, 473
441, 3590, 470
442, 3600, 468
442, 3610, 470
443, 3620, 468
446, 3630, 468
447, 3640, 473
450, 3650, 475
454, 3660, 476
457, 3670, 481
457, 3680, 485
457, 3690, 484
458, 3700, 483
460, 3710, 485
463, 3720, 489
464, 3730, 491
464, 3740, 492
464, 3750, 493
464, 3760, 492
465, 3770, 491
465, 3780, 494
465, 3790, 490
467, 3800, 492
467, 3810, 495
467, 3820, 495
470, 3830, 494
471, 3840, 496
472, 3850, 498
472, 3860, 497
473, 3870, 497
474, 3880, 498
474, 3890, 499
475, 3900, 499
476, 3910, 501
{'count': 3910, 'truepos': 91, 'falseneg': 11, 'unknownyes': 4, 'falsepos': 385, 'unique': 3910}
20: Hall.csv: three: 0, 0
8, 10
11, 20, 124
15, 30, 134
16, 40, 147
19, 50, 135
23, 60, 139
24, 70, 146
24, 80, 139
29, 90, 121
30, 100, 125
36, 110, 100
43, 120, 99
47, 130, 102
51, 140, 104
54, 150, 105
56, 160, 103
62, 170, 93
67, 180, 102
70, 190, 107
72, 200, 104
76, 210, 95
79, 220, 100
81, 230, 110
85, 240, 95
87, 250, 102
89, 260, 99
92, 270, 105
95, 280, 107
98, 290, 108
101, 300, 112
105, 310, 113
105, 320, 117
105, 330, 115
105, 340, 117
106, 350, 115
106, 360, 114
107, 370, 119
108, 380, 118
108, 390, 117
108, 400, 119
108, 410, 118
108, 420, 116
108, 430, 115
108, 440, 115
109, 450, 116
109, 460, 119
111, 470, 117
111, 480, 121
111, 490, 120
111, 500, 121
113, 510, 119
113, 520, 121
113, 530, 122
113, 540, 121
113, 550, 122
113, 560, 121
114, 570, 120
115, 580, 121
115, 590, 123
115, 600, 122
115, 610, 122
115, 620, 124
116, 630, 122
116, 640, 123
117, 650, 125
118, 660, 128
118, 670, 128
118, 680, 130
118, 690, 129
118, 700, 130
118, 710, 128
118, 720, 130
118, 730, 129
118, 740, 129
118, 750, 127
118, 760, 128
118, 770, 128
118, 780, 125
119, 790, 126
119, 800, 128
119, 810, 128
119, 820, 127
121, 830, 126
121, 840, 129
121, 850, 131
121, 860, 128
121, 870, 130
122, 880, 129
122, 890, 132
122, 900, 130
122, 910, 130
122, 920, 130
122, 930, 130
122, 940, 130
123, 950, 130
123, 960, 130
123, 970, 132
123, 980, 130
123, 990, 130
124, 1000, 131
124, 1010, 132
{'count': 2186, 'truepos': 100, 'falseneg': 2, 'unknownyes': 4, 'falsepos': 24, 'unique': 1010}
20: Hall.csv: machine: 0, 0
7, 10
7, 20, 118
9, 30, 105
14, 40, 95
15, 50, 103
19, 60, 89
['yes' 'yes' 'yes' 'no' 'yes' 'yes' 'yes' 'no' 'yes' 'no']
['no' 'no']
16, 60, 89
20, 70, 91
23, 80, 100
31, 90, 104
37, 100, 84
42, 110, 86
['no' 'yes' 'yes' 'yes' 'yes' 'yes' 'yes' 'yes' 'yes' 'yes']
['no' 'no' 'yes' 'no' 'no' 'yes' 'yes' 'no' 'no' 'no']
44, 110, 86
47, 120, 97
48, 130, 96
53, 140, 91
59, 150, 89
62, 160, 111
['no' 'no' 'yes' 'yes' 'yes' 'no' 'yes' 'yes' 'no' 'yes']
['yes' 'no' 'no' 'no' 'no' 'yes' 'no' 'no' 'yes' 'no']
62, 160, 111
66, 170, 109
67, 180, 103
68, 190, 94
74, 200, 94
78, 210, 107
['no' 'yes' 'yes' 'yes' 'no' 'no' 'yes' 'yes' 'yes' 'yes']
['yes' 'yes' 'yes' 'no' 'no' 'no' 'no' 'no' 'no' 'no']
77, 210, 107
78, 220, 100
84, 230, 93
88, 240, 103
91, 250, 102
95, 260, 104
['no' 'yes' 'yes' 'yes' 'no' 'yes' 'yes' 'yes' 'yes' 'yes']
['no' 'no' 'no' 'no' 'yes' 'no' 'no' 'yes' 'no' 'no']
94, 260, 104
96, 270, 113
97, 280, 114
99, 290, 112
101, 300, 117
103, 310, 121
['no' 'no' 'no' 'yes' 'no' 'no' 'no' 'no' 'yes' 'yes']
['no' 'yes' 'no' 'yes' 'no' 'no' 'no' 'no' 'no' 'no']
101, 310, 121
102, 320, 112
103, 330, 113
105, 340, 114
107, 350, 116
108, 360, 116
['no' 'no' 'no' 'yes' 'yes' 'no' 'no' 'yes' 'yes' 'no']
['no' 'no' 'no' 'no' 'no' 'yes' 'no' 'no' 'no' 'no']
107, 360, 116
109, 370, 114
110, 380, 116
111, 390, 116
113, 400, 118
115, 410, 122
['no' 'no' 'no' 'yes' 'yes' 'no' 'yes' 'yes' 'yes' 'no']
['no' 'no' 'no' 'no' 'no' 'no' 'no' 'no' 'no' 'no']
112, 410, 122
114, 420, 119
115, 430, 121
116, 440, 123
116, 450, 123
118, 460, 123
['no' 'no' 'no' 'yes' 'no' 'no' 'yes' 'yes' 'yes' 'yes']
['no' 'no' 'no' 'no' 'yes' 'no' 'yes' 'no' 'no' 'no']
['no' 'no' 'no' 'yes' 'no' 'no' 'no' 'yes' 'yes' 'no']
['yes' 'no' 'no' 'no' 'no' 'no' 'no' 'no' 'no' 'no']
{'count': 632, 'truepos': 93, 'falseneg': 6, 'unknownyes': 7, 'falsepos': 21, 'unique': 460}
20: Hall.csv: machine2: 0, 0
9, 10
12, 20, 139
15, 30, 134
18, 40, 126
20, 50, 135
22, 60, 135
['yes' 'yes' 'yes' 'yes' 'yes' 'yes' 'no' 'no' 'yes' 'yes']
['no' 'no']
20, 60, 135
23, 70, 123
26, 80, 118
28, 90, 110
33, 100, 108
39, 110, 98
['yes' 'yes' 'yes' 'yes' 'yes' 'yes' 'yes' 'yes' 'yes' 'yes']
['no' 'no' 'no' 'no' 'no' 'no' 'no' 'no' 'no' 'no']
40, 110, 98
47, 120, 100
54, 130, 102
60, 140, 104
67, 150, 105
71, 160, 110
['yes' 'yes' 'yes' 'yes' 'yes' 'yes' 'yes' 'yes' 'yes' 'no']
['no' 'no' 'no' 'no' 'no' 'no' 'no' 'no' 'no' 'no']
72, 160, 110
76, 170, 110
78, 180, 108
82, 190, 105
83, 200, 107
87, 210, 103
['yes' 'yes' 'yes' 'no' 'yes' 'yes' 'yes' 'yes' 'yes' 'yes']
['no' 'yes' 'no' 'no' 'no' 'no' 'no' 'no' 'no' 'yes']
87, 210, 103
92, 220, 101
94, 230, 113
98, 240, 109
98, 250, 113
100, 260, 109
['no' 'no' 'yes' 'no' 'no' 'no' 'no' 'yes' 'yes' 'yes']
['no' 'no' 'no' 'no' 'no' 'no' 'no' 'no' 'no' 'no']
96, 260, 109
97, 270, 110
98, 280, 109
100, 290, 110
104, 300, 109
105, 310, 112
['yes' 'no' 'yes' 'no' 'no' 'no' 'yes' 'yes' 'no' 'yes']
['no' 'no' 'no' 'no' 'no' 'no' 'no' 'no' 'no' 'no']
102, 310, 112
104, 320, 109
106, 330, 111
108, 340, 116
110, 350, 122
110, 360, 128
['yes' 'no' 'yes' 'yes' 'yes' 'yes' 'no' 'yes' 'no' 'yes']
['no' 'no' 'no' 'no' 'no' 'no' 'no' 'no' 'no' 'no']
108, 360, 128
111, 370, 115
112, 380, 119
114, 390, 120
114, 400, 123
114, 410, 123
['no' 'no' 'no' 'yes' 'no' 'yes' 'yes' 'yes' 'no' 'yes']
['no' 'no' 'no' 'no' 'no' 'no' 'no' 'no' 'no' 'no']
115, 410, 123
115, 420, 128
118, 430, 126
121, 440, 130
122, 450, 138
125, 460, 135
['no' 'no' 'no' 'no' 'no' 'no' 'no' 'no' 'no' 'yes']
['no' 'no' 'no' 'no' 'no' 'no' 'yes' 'no' 'no' 'no']
120, 460, 135
122, 470, 151
122, 480, 162
123, 490, 142
125, 500, 155
126, 510, 150
['yes' 'no' 'no' 'no' 'no' 'yes' 'yes' 'no' 'yes' 'no']
['no' 'no' 'no' 'no' 'no' 'no' 'no' 'no' 'no' 'no']
124, 510, 150
124, 520, 143
124, 530, 137
126, 540, 137
126, 550, 137
126, 560, 142
['no' 'no' 'no' 'no' 'no' 'no' 'no' 'no' 'no' 'no']
['no' 'no' 'no' 'no' 'yes' 'no' 'no' 'no' 'no' 'no']
122, 560, 142
122, 570, 133
122, 580, 131
124, 590, 131
['no' 'no' 'no' 'yes' 'no' 'yes' 'no' 'no' 'yes' 'yes']
['no' 'no' 'no' 'no' 'no' 'no' 'no' 'no' 'no' 'no']
{'count': 867, 'truepos': 99, 'falseneg': 3, 'unknownyes': 4, 'falsepos': 20, 'unique': 590}
20: Hall.csv: machine3: 0, 0
8, 10
11, 20, 129
12, 30, 138
13, 40, 130
15, 50, 124
16, 60, 127
null
['no']
16, 60, 127
20, 70, 104
22, 80, 111
27, 90, 106
29, 100, 118
31, 110, 103
null
['no' 'no' 'no' 'no' 'no' 'no' 'yes' 'no' 'no' 'no']
32, 110, 103
36, 120, 92
42, 130, 96
43, 140, 99
47, 150, 88
49, 160, 96
null
['no' 'no' 'yes' 'no' 'no' 'no' 'no' 'no' 'no' 'no']
49, 160, 96
53, 170, 80
56, 180, 87
59, 190, 85
64, 200, 85
67, 210, 88
null
['no' 'no' 'no' 'no' 'no' 'yes' 'no' 'no' 'no' 'no']
68, 210, 88
70, 220, 86
74, 230, 94
76, 240, 92
78, 250, 94
80, 260, 95
null
['no' 'yes' 'no' 'yes' 'yes' 'no' 'yes' 'no' 'yes' 'yes']
85, 260, 95
86, 270, 97
86, 280, 101
87, 290, 101
87, 300, 103
89, 310, 101
null
['no' 'no' 'no' 'no' 'no' 'no' 'no' 'no' 'no' 'yes']
89, 310, 101
89, 320, 102
89, 330, 101
90, 340, 103
90, 350, 102
90, 360, 103
null
['no' 'no' 'no' 'no' 'no' 'no' 'no' 'no' 'no' 'no']
90, 360, 103
91, 370, 105
91, 380, 102
92, 390, 104
94, 400, 101
95, 410, 105
null
['no' 'no' 'no' 'no' 'no' 'yes' 'no' 'no' 'no' 'no']
97, 410, 105
97, 420, 107
97, 430, 106
97, 440, 106
97, 450, 105
99, 460, 107
null
['no' 'no' 'no' 'no' 'no' 'no' 'no' 'no' 'no' 'no']
99, 460, 107
99, 470, 109
99, 480, 106
99, 490, 106
99, 500, 105
null
['no' 'no' 'no' 'no' 'no' 'no' 'no' 'no' 'no' 'no']
{'count': 770, 'truepos': 93, 'falseneg': 9, 'unknownyes': 4, 'falsepos': 6, 'unique': 500}
20: Wahono.csv: none: 0, 0
5, 10
8, 20, 94
11, 30, 116
12, 40, 116
15, 50, 105
17, 60, 117
17, 70, 112
19, 80, 89
23, 90, 83
25, 100, 91
27, 110, 88
28, 120, 90
28, 130, 83
31, 140, 74
33, 150, 75
37, 160, 85
40, 170, 74
44, 180, 87
45, 190, 93
47, 200, 85
50, 210, 89
51, 220, 96
53, 230, 79
54, 240, 85
57, 250, 89
60, 260, 101
62, 270, 95
65, 280, 94
68, 290, 102
68, 300, 127
70, 310, 115
71, 320, 111
74, 330, 107
75, 340, 108
75, 350, 110
76, 360, 105
77, 370, 110
77, 380, 117
77, 390, 105
77, 400, 106
81, 410, 108
82, 420, 109
83, 430, 104
84, 440, 111
85, 450, 110
86, 460, 120
87, 470, 114
89, 480, 118
91, 490, 125
92, 500, 121
94, 510, 118
96, 520, 130
96, 530, 124
97, 540, 122
97, 550, 127
97, 560, 124
98, 570, 120
99, 580, 126
99, 590, 123
99, 600, 122
99, 610, 118
99, 620, 125
101, 630, 117
103, 640, 120
104, 650, 125
105, 660, 127
105, 670, 122
105, 680, 128
105, 690, 125
105, 700, 129
106, 710, 124
107, 720, 125
108, 730, 129
108, 740, 129
110, 750, 128
112, 760, 127
113, 770, 136
113, 780, 135
113, 790, 133
113, 800, 132
116, 810, 136
116, 820, 140
117, 830, 136
118, 840, 136
119, 850, 141
119, 860, 138
119, 870, 138
120, 880, 135
121, 890, 141
122, 900, 140
125, 910, 139
127, 920, 143
127, 930, 149
129, 940, 151
129, 950, 153
129, 960, 157
131, 970, 156
132, 980, 156
132, 990, 159
133, 1000, 157
135, 1010, 160
137, 1020, 161
140, 1030, 168
140, 1040, 175
141, 1050, 167
142, 1060, 166
143, 1070, 172
143, 1080, 173
144, 1090, 175
145, 1100, 173
146, 1110, 168
147, 1120, 178
149, 1130, 175
150, 1140, 182
152, 1150, 186
152, 1160, 191
152, 1170, 189
152, 1180, 196
153, 1190, 183
156, 1200, 195
156, 1210, 198
156, 1220, 195
156, 1230, 190
156, 1240, 189
157, 1250, 194
157, 1260, 191
157, 1270, 188
157, 1280, 188
158, 1290, 186
161, 1300, 189
162, 1310, 190
162, 1320, 197
164, 1330, 192
165, 1340, 192
166, 1350, 198
167, 1360, 193
169, 1370, 198
172, 1380, 199
172, 1390, 204
173, 1400, 203
173, 1410, 207
174, 1420, 203
175, 1430, 203
175, 1440, 208
178, 1450, 208
178, 1460, 208
179, 1470, 208
179, 1480, 210
181, 1490, 211
183, 1500, 211
184, 1510, 218
185, 1520, 216
187, 1530, 216
189, 1540, 218
189, 1550, 221
189, 1560, 222
189, 1570, 220
190, 1580, 220
191, 1590, 220
191, 1600, 223
193, 1610, 221
195, 1620, 223
195, 1630, 231
196, 1640, 224
198, 1650, 230
199, 1660, 229
200, 1670, 230
201, 1680, 229
203, 1690, 232
204, 1700, 231
206, 1710, 229
208, 1720, 238
209, 1730, 234
210, 1740, 234
210, 1750, 238
211, 1760, 235
212, 1770, 232
212, 1780, 232
212, 1790, 233
214, 1800, 231
214, 1810, 236
214, 1820, 235
215, 1830, 236
215, 1840, 236
215, 1850, 234
216, 1860, 238
217, 1870, 237
218, 1880, 237
219, 1890, 240
220, 1900, 239
220, 1910, 241
221, 1920, 238
222, 1930, 241
224, 1940, 244
225, 1950, 246
227, 1960, 247
228, 1970, 250
229, 1980, 254
232, 1990, 251
232, 2000, 251
233, 2010, 252
235, 2020, 253
235, 2030, 257
235, 2040, 257
236, 2050, 255
238, 2060, 255
240, 2070, 258
241, 2080, 263
242, 2090, 268
242, 2100, 267
242, 2110, 267
245, 2120, 265
245, 2130, 271
246, 2140, 267
248, 2150, 268
248, 2160, 273
249, 2170, 273
250, 2180, 276
251, 2190, 274
252, 2200, 279
255, 2210, 282
256, 2220, 290
256, 2230, 288
256, 2240, 285
258, 2250, 287
258, 2260, 287
258, 2270, 287
261, 2280, 289
263, 2290, 288
263, 2300, 293
264, 2310, 291
264, 2320, 295
265, 2330, 291
266, 2340, 292
266, 2350, 294
267, 2360, 295
267, 2370, 297
268, 2380, 293
268, 2390, 294
270, 2400, 298
271, 2410, 298
271, 2420, 299
272, 2430, 298
275, 2440, 297
277, 2450, 305
277, 2460, 305
278, 2470, 308
279, 2480, 306
279, 2490, 306
280, 2500, 307
280, 2510, 308
282, 2520, 307
284, 2530, 306
285, 2540, 311
285, 2550, 315
285, 2560, 314
286, 2570, 315
287, 2580, 313
288, 2590, 313
291, 2600, 312
291, 2610, 319
294, 2620, 319
295, 2630, 324
295, 2640, 322
297, 2650, 326
297, 2660, 326
298, 2670, 325
299, 2680, 324
299, 2690, 327
300, 2700, 326
300, 2710, 326
300, 2720, 326
301, 2730, 329
302, 2740, 330
302, 2750, 330
303, 2760, 331
303, 2770, 331
303, 2780, 330
303, 2790, 329
304, 2800, 332
304, 2810, 333
305, 2820, 330
306, 2830, 332
306, 2840, 333
308, 2850, 330
309, 2860, 333
311, 2870, 338
311, 2880, 334
312, 2890, 335
312, 2900, 337
314, 2910, 336
316, 2920, 337
316, 2930, 339
319, 2940, 340
320, 2950, 343
322, 2960, 345
322, 2970, 345
324, 2980, 345
325, 2990, 347
326, 3000, 348
327, 3010, 352
327, 3020, 351
332, 3030, 353
333, 3040, 360
333, 3050, 363
336, 3060, 362
337, 3070, 364
337, 3080, 365
338, 3090, 365
339, 3100, 365
341, 3110, 364
341, 3120, 369
341, 3130, 369
343, 3140, 369
344, 3150, 371
344, 3160, 372
347, 3170, 369
348, 3180, 375
348, 3190, 376
348, 3200, 376
349, 3210, 375
349, 3220, 375
351, 3230, 374
353, 3240, 377
354, 3250, 380
355, 3260, 381
356, 3270, 379
356, 3280, 382
358, 3290, 383
358, 3300, 383
360, 3310, 385
360, 3320, 388
360, 3330, 385
362, 3340, 383
362, 3350, 385
363, 3360, 385
363, 3370, 388
364, 3380, 386
366, 3390, 385
366, 3400, 388
366, 3410, 387
368, 3420, 389
370, 3430, 390
370, 3440, 392
371, 3450, 393
371, 3460, 393
373, 3470, 396
374, 3480, 396
374, 3490, 396
374, 3500, 398
376, 3510, 394
376, 3520, 400
377, 3530, 397
377, 3540, 398
378, 3550, 398
{'count': 3550, 'truepos': 58, 'falseneg': 4, 'unknownyes': 0, 'falsepos': 320, 'unique': 3550}
20: Wahono.csv: three: 0, 0
6, 10
7, 20, 100
11, 30, 102
12, 40, 108
12, 50, 106
14, 60, 88
17, 70, 69
18, 80, 74
21, 90, 67
22, 100, 69
26, 110, 63
27, 120, 60
28, 130, 57
28, 140, 59
28, 150, 55
28, 160, 52
30, 170, 52
36, 180, 51
38, 190, 63
39, 200, 62
40, 210, 62
41, 220, 63
44, 230, 64
48, 240, 67
48, 250, 71
50, 260, 74
51, 270, 83
51, 280, 73
52, 290, 71
53, 300, 75
53, 310, 73
55, 320, 70
59, 330, 72
61, 340, 80
61, 350, 77
61, 360, 78
62, 370, 75
62, 380, 79
63, 390, 76
64, 400, 78
66, 410, 82
67, 420, 83
69, 430, 85
69, 440, 86
70, 450, 86
70, 460, 86
70, 470, 86
70, 480, 87
70, 490, 88
70, 500, 87
71, 510, 83
71, 520, 80
71, 530, 82
71, 540, 82
71, 550, 87
71, 560, 85
72, 570, 83
73, 580, 83
74, 590, 84
76, 600, 85
76, 610, 87
76, 620, 88
76, 630, 87
78, 640, 89
79, 650, 93
80, 660, 93
80, 670, 94
81, 680, 92
81, 690, 94
81, 700, 95
81, 710, 94
82, 720, 93
83, 730, 93
83, 740, 93
84, 750, 95
84, 760, 95
84, 770, 94
84, 780, 96
85, 790, 93
85, 800, 95
85, 810, 94
85, 820, 95
86, 830, 94
86, 840, 93
86, 850, 93
86, 860, 94
88, 870, 94
89, 880, 96
90, 890, 98
90, 900, 99
90, 910, 102
91, 920, 101
91, 930, 101
91, 940, 101
91, 950, 102
91, 960, 100
91, 970, 101
91, 980, 98
92, 990, 100
92, 1000, 100
93, 1010, 101
93, 1020, 105
93, 1030, 103
94, 1040, 103
94, 1050, 102
94, 1060, 103
95, 1070, 103
95, 1080, 105
95, 1090, 103
95, 1100, 104
95, 1110, 104
96, 1120, 104
96, 1130, 105
97, 1140, 104
97, 1150, 106
97, 1160, 107
97, 1170, 105
98, 1180, 106
98, 1190, 108
99, 1200, 109
99, 1210, 109
99, 1220, 109
100, 1230, 107
100, 1240, 108
100, 1250, 108
100, 1260, 109
100, 1270, 107
101, 1280, 108
102, 1290, 109
103, 1300, 109
104, 1310, 111
105, 1320, 112
105, 1330, 112
107, 1340, 113
107, 1350, 117
108, 1360, 115
108, 1370, 117
108, 1380, 116
109, 1390, 116
110, 1400, 117
110, 1410, 118
111, 1420, 118
111, 1430, 118
112, 1440, 118
112, 1450, 119
112, 1460, 119
113, 1470, 118
114, 1480, 120
{'count': 3275, 'truepos': 60, 'falseneg': 1, 'unknownyes': 1, 'falsepos': 54, 'unique': 1480}
20: Wahono.csv: machine: 0, 0
6, 10
8, 20, 98
11, 30, 99
13, 40, 98
18, 50, 98
20, 60, 112
['yes' 'yes' 'yes' 'no' 'yes' 'no' 'yes' 'no' 'no' 'yes']
['no']
14, 60, 112
16, 70, 93
19, 80, 88
23, 90, 87
23, 100, 96
26, 110, 75
['no' 'yes' 'yes' 'yes' 'yes' 'yes' 'yes' 'yes' 'yes' 'no']
['no']
23, 110, 75
27, 120, 65
31, 130, 62
34, 140, 59
38, 150, 66
41, 160, 69
['yes' 'no' 'no' 'no' 'yes' 'no' 'yes' 'yes' 'yes' 'yes']
['no' 'no' 'no' 'no' 'no' 'no' 'no' 'no' 'no' 'no']
39, 160, 69
43, 170, 79
46, 180, 86
49, 190, 88
49, 200, 112
51, 210, 94
['yes' 'no' 'no' 'yes' 'no' 'yes' 'no' 'yes' 'yes' 'yes']
['no' 'no' 'no' 'no' 'no' 'no' 'no' 'yes' 'no' 'no']
50, 210, 94
51, 220, 80
53, 230, 84
54, 240, 82
55, 250, 88
57, 260, 85
['yes' 'yes' 'no' 'yes' 'yes' 'no' 'yes' 'yes' 'yes' 'no']
['no' 'no' 'no' 'yes' 'no' 'no' 'no' 'no' 'no' 'no']
56, 260, 85
57, 270, 79
57, 280, 82
57, 290, 78
58, 300, 77
60, 310, 76
['yes' 'yes' 'yes' 'no' 'yes' 'no' 'no' 'yes' 'no' 'no']
['no' 'no' 'no' 'no' 'no' 'no' 'no' 'no' 'no' 'no']
55, 310, 76
58, 320, 69
58, 330, 78
60, 340, 74
61, 350, 84
62, 360, 84
['yes' 'no' 'no' 'no' 'no' 'yes' 'no' 'no' 'no' 'yes']
['no' 'no' 'no' 'no' 'no' 'no' 'no' 'no' 'no' 'no']
55, 360, 84
56, 370, 65
56, 380, 67
57, 390, 67
59, 400, 67
60, 410, 68
['no' 'yes' 'yes' 'yes' 'no' 'no' 'no' 'no' 'no' 'yes']
['no' 'no' 'no' 'no' 'no' 'yes' 'no' 'no' 'no' 'no']
56, 410, 68
58, 420, 64
59, 430, 68
59, 440, 69
59, 450, 69
59, 460, 68
['no' 'yes' 'no' 'yes' 'no' 'no' 'no' 'yes' 'yes' 'no']
['no' 'yes' 'no' 'no' 'no' 'no' 'no' 'no' 'no' 'no']
54, 460, 68
55, 470, 62
56, 480, 63
56, 490, 65
57, 500, 64
58, 510, 67
['no' 'no' 'no' 'no' 'no' 'yes' 'yes' 'no' 'no' 'no']
['no' 'no' 'no' 'no' 'no' 'no' 'no' 'no' 'no' 'no']
53, 510, 67
55, 520, 60
57, 530, 64
59, 540, 67
61, 550, 72
62, 560, 77
['no' 'no' 'no' 'no' 'no' 'no' 'no' 'no' 'no' 'no']
['no' 'yes' 'no' 'no' 'no' 'no' 'no' 'no' 'no' 'no']
54, 560, 77
55, 570, 63
57, 580, 62
58, 590, 67
60, 600, 71
62, 610, 70
['no' 'no' 'no' 'no' 'no' 'no' 'no' 'no' 'no' 'no']
['no' 'no' 'no' 'no' 'no' 'no' 'no' 'no' 'no' 'no']
52, 610, 70
52, 620, 58
54, 630, 58
55, 640, 60
56, 650, 63
56, 660, 64
['no' 'yes' 'yes' 'no']
['no' 'no' 'no' 'no' 'no' 'no' 'no' 'no' 'no' 'no']
54, 660, 64
55, 670, 60
58, 680, 59
59, 690, 66
60, 700, 66
60, 710, 68
['yes' 'no' 'yes' 'no' 'no' 'no']
['no' 'no' 'no' 'no' 'no' 'no' 'no' 'no' 'no' 'no']
57, 710, 68
58, 720, 63
58, 730, 64
58, 740, 64
58, 750, 64
58, 760, 63
['no' 'no']
['no' 'no' 'no' 'no' 'no' 'no' 'no' 'no' 'no' 'no']
56, 760, 63
56, 770, 61
58, 780, 61
60, 790, 63
60, 800, 67
62, 810, 67
['no' 'no' 'no' 'no' 'yes' 'no']
['no' 'no' 'no' 'no' 'no' 'no' 'no' 'no' 'no' 'no']
58, 810, 67
61, 820, 64
61, 830, 69
62, 840, 69
64, 850, 72
64, 860, 72
['no' 'no' 'no' 'yes' 'yes' 'no']
['no' 'no' 'no' 'no' 'no' 'no' 'no' 'no' 'no' 'no']
62, 860, 72
63, 870, 69
63, 880, 71
65, 890, 70
66, 900, 74
67, 910, 75
['yes' 'no' 'no' 'no' 'no' 'no']
['no' 'no' 'no' 'no' 'yes' 'no' 'no' 'no' 'no' 'no']
66, 910, 75
69, 920, 73
70, 930, 76
71, 940, 78
72, 950, 80
73, 960, 80
['no' 'no' 'no' 'no' 'no' 'no' 'no' 'no']
['no' 'no' 'no' 'no' 'no' 'no' 'no' 'no' 'no' 'no']
67, 960, 80
67, 970, 73
67, 980, 74
68, 990, 74
69, 1000, 76
70, 1010, 76
['no' 'no' 'no' 'no' 'no']
['no' 'no' 'no' 'no' 'no' 'no' 'yes' 'no' 'no' 'no']
69, 1010, 76
70, 1020, 77
71, 1030, 77
72, 1040, 78
73, 1050, 80
73, 1060, 82
['no' 'no' 'no' 'no' 'no']
['no' 'no' 'no' 'no' 'no' 'no' 'no' 'no' 'no' 'no']
68, 1060, 82
69, 1070, 74
70, 1080, 77
71, 1090, 77
72, 1100, 78
72, 1110, 80
['no' 'no' 'no' 'no']
['no' 'no' 'no' 'no' 'no' 'no' 'no' 'no' 'no' 'no']
69, 1110, 80
69, 1120, 74
70, 1130, 74
72, 1140, 75
72, 1150, 77
73, 1160, 77
['no' 'no' 'no' 'no' 'no']
['no' 'no' 'no' 'no' 'no' 'no' 'no' 'no' 'no' 'no']
70, 1160, 77
71, 1170, 75
72, 1180, 77
73, 1190, 78
74, 1200, 79
75, 1210, 80
['no' 'no' 'no' 'no' 'no' 'no']
['no' 'no' 'no' 'no' 'no' 'no' 'no' 'no' 'no' 'no']
72, 1210, 80
74, 1220, 78
75, 1230, 81
76, 1240, 82
78, 1250, 83
78, 1260, 86
['no' 'no' 'no' 'no' 'no' 'no' 'no']
['no' 'no' 'no' 'no' 'no' 'no' 'no' 'no' 'no' 'no']
73, 1260, 86
73, 1270, 79
74, 1280, 78
75, 1290, 80
76, 1300, 82
76, 1310, 82
['no' 'no' 'no' 'no']
['no' 'no' 'no' 'no' 'no' 'no' 'no' 'no' 'yes' 'no']
74, 1310, 82
76, 1320, 78
76, 1330, 81
77, 1340, 82
78, 1350, 82
78, 1360, 84
['no' 'no' 'no' 'no' 'no']
['no' 'no' 'no' 'no' 'no' 'no' 'no' 'no' 'no' 'no']
73, 1360, 84
74, 1370, 78
74, 1380, 78
74, 1390, 79
74, 1400, 78
76, 1410, 79
['no' 'no' 'no']
['no' 'no' 'no' 'no' 'no' 'no' 'no' 'no' 'no' 'no']
['no' 'no' 'no']
['no' 'no' 'no' 'no' 'no' 'no' 'no' 'no' 'no' 'no']
{'count': 1874, 'truepos': 58, 'falseneg': 1, 'unknownyes': 3, 'falsepos': 16, 'unique': 1410}
20: Wahono.csv: machine2: 0, 0
5, 10
8, 20, 103
9, 30, 114
9, 40, 109
11, 50, 98
17, 60, 81
['yes' 'no' 'yes' 'yes' 'yes' 'no' 'no' 'yes' 'yes' 'no']
[]
13, 60, 81
17, 70, 69
20, 80, 71
23, 90, 72
26, 100, 84
29, 110, 80
['yes' 'yes' 'yes' 'no' 'yes' 'no' 'no' 'no' 'no' 'no']
['no']
24, 110, 80
26, 120, 58
29, 130, 60
29, 140, 62
32, 150, 57
35, 160, 57
['no' 'no' 'yes' 'yes' 'yes' 'yes' 'yes' 'no' 'yes' 'yes']
['no' 'no' 'no' 'no' 'no' 'no' 'no' 'no' 'no' 'no']
33, 160, 57
36, 170, 64
38, 180, 65
39, 190, 70
42, 200, 63
44, 210, 69
['yes' 'yes' 'yes' 'yes' 'yes' 'no' 'no' 'yes' 'yes' 'yes']
['no' 'no' 'no' 'no' 'no' 'no' 'no' 'no' 'no' 'no']
41, 210, 69
42, 220, 69
42, 230, 69
44, 240, 65
45, 250, 66
46, 260, 66
['no' 'no' 'yes' 'no' 'no' 'yes' 'yes' 'yes' 'no' 'yes']
['yes' 'no' 'no' 'no' 'yes' 'no' 'no' 'no' 'no' 'no']
44, 260, 66
46, 270, 63
48, 280, 67
50, 290, 67
51, 300, 73
52, 310, 75
['no' 'yes' 'no' 'yes' 'no' 'no' 'yes' 'no' 'no' 'no']
['no' 'no' 'no' 'no' 'no' 'no' 'no' 'no' 'no' 'no']
46, 310, 75
47, 320, 64
47, 330, 68
48, 340, 68
48, 350, 67
51, 360, 61
['yes' 'no' 'yes' 'yes' 'no' 'no' 'yes' 'no' 'no' 'yes']
['no' 'no' 'no' 'no' 'no' 'no' 'no' 'no' 'no' 'no']
49, 360, 61
52, 370, 64
54, 380, 67
55, 390, 71
57, 400, 70
59, 410, 74
['no' 'yes' 'no' 'yes' 'no' 'no' 'no' 'no' 'yes' 'no']
['no' 'no' 'no' 'no' 'no' 'no' 'no' 'no' 'no' 'no']
54, 410, 74
55, 420, 72
56, 430, 65
57, 440, 70
58, 450, 79
58, 460, 76
['no' 'no' 'no' 'no' 'no' 'yes' 'yes' 'yes' 'no' 'yes']
['no' 'no' 'no' 'no' 'no' 'no' 'no' 'no' 'no' 'no']
52, 460, 76
55, 470, 60
57, 480, 67
57, 490, 70
57, 500, 68
59, 510, 69
['no' 'yes' 'no' 'no' 'no' 'no' 'no' 'yes' 'yes' 'no']
['no' 'no' 'no' 'no' 'no' 'no' 'no' 'no' 'no' 'no']
53, 510, 69
53, 520, 63
53, 530, 63
55, 540, 61
55, 550, 64
55, 560, 64
['no' 'yes']
['no' 'no' 'no' 'no' 'no' 'no' 'no' 'no' 'no' 'no']
57, 560, 64
57, 570, 64
57, 580, 67
59, 590, 65
64, 600, 66
66, 610, 75
['no' 'yes' 'no' 'no' 'no' 'no' 'yes' 'yes' 'no' 'no']
['no' 'no' 'no' 'no' 'yes' 'no' 'no' 'no' 'no' 'no']
63, 610, 75
64, 620, 73
64, 630, 75
65, 640, 74
66, 650, 74
68, 660, 76
['yes' 'yes' 'yes' 'no' 'yes' 'no' 'yes' 'no']
['no' 'no' 'no' 'no' 'no' 'no' 'no' 'no' 'no' 'no']
66, 660, 76
66, 670, 77
66, 680, 77
67, 690, 77
69, 700, 78
70, 710, 80
['no' 'no' 'no' 'no']
['no' 'no' 'no' 'no' 'no' 'no' 'no' 'no' 'no' 'no']
66, 710, 80
66, 720, 77
68, 730, 76
72, 740, 80
72, 750, 84
73, 760, 85
['no' 'no' 'no' 'no' 'no' 'no' 'no']
['no' 'no' 'no' 'no' 'no' 'no' 'no' 'no' 'no' 'no']
68, 760, 85
71, 770, 77
72, 780, 79
72, 790, 84
72, 800, 84
72, 810, 83
['no' 'no' 'no' 'no' 'no' 'no']
['no' 'no' 'no' 'no' 'no' 'no' 'no' 'no' 'no' 'no']
69, 810, 83
71, 820, 79
72, 830, 81
72, 840, 81
73, 850, 81
74, 860, 83
['no' 'no' 'no' 'no' 'no' 'no']
['no' 'no' 'no' 'no' 'no' 'no' 'no' 'no' 'no' 'no']
73, 860, 83
73, 870, 82
73, 880, 81
75, 890, 81
75, 900, 85
77, 910, 83
['no' 'no' 'no' 'no' 'no' 'no' 'no']
['no' 'no' 'no' 'no' 'no' 'no' 'no' 'no' 'no' 'no']
70, 910, 83
71, 920, 78
71, 930, 80
71, 940, 80
72, 950, 79
72, 960, 82
['no' 'no']
['no' 'no' 'no' 'no' 'no' 'no' 'no' 'no' 'no' 'no']
72, 960, 82
72, 970, 80
73, 980, 79
73, 990, 80
75, 1000, 80
75, 1010, 82
['no' 'no' 'no' 'no' 'no']
['no' 'no' 'no' 'no' 'no' 'no' 'no' 'no' 'no' 'no']
71, 1010, 82
71, 1020, 76
74, 1030, 78
75, 1040, 82
76, 1050, 83
78, 1060, 85
['no' 'no' 'no' 'no' 'no' 'no' 'no' 'no']
['no' 'no' 'no' 'no' 'no' 'no' 'no' 'no' 'no' 'no']
75, 1060, 85
75, 1070, 81
77, 1080, 81
79, 1090, 84
81, 1100, 87
83, 1110, 89
['yes' 'no' 'no' 'no' 'no' 'no' 'no' 'no' 'no']
['no' 'no' 'no' 'no' 'no' 'no' 'no' 'no' 'no' 'no']
75, 1110, 89
77, 1120, 81
77, 1130, 83
77, 1140, 84
79, 1150, 84
82, 1160, 84
['no' 'no' 'no' 'no' 'no' 'no' 'no']
['no' 'no' 'no' 'no' 'no' 'no' 'no' 'no' 'no' 'no']
['no' 'no' 'no' 'no' 'no' 'no' 'no']
['no' 'no' 'no' 'no' 'no' 'no' 'no' 'no' 'no' 'no']
{'count': 1654, 'truepos': 57, 'falseneg': 2, 'unknownyes': 3, 'falsepos': 20, 'unique': 1160}
20: Wahono.csv: machine3: 0, 0
6, 10
7, 20, 101
7, 30, 111
9, 40, 84
13, 50, 69
15, 60, 72
null
['no']
15, 60, 72
16, 70, 65
18, 80, 55
19, 90, 55
21, 100, 52
21, 110, 56
null
[]
22, 120, 47
24, 130, 46
27, 140, 49
27, 150, 54
27, 160, 49
28, 170, 48
null
['no']
28, 170, 48
29, 180, 50
30, 190, 50
32, 200, 50
32, 210, 53
32, 220, 53
null
['no' 'no' 'no' 'no' 'no' 'no' 'no' 'no' 'no' 'no']
33, 220, 53
34, 230, 49
37, 240, 47
39, 250, 53
40, 260, 56
42, 270, 60
null
['no' 'no' 'no' 'no' 'no' 'no' 'no' 'no' 'no' 'no']
42, 270, 60
43, 280, 62
43, 290, 61
45, 300, 60
46, 310, 61
47, 320, 62
null
['no' 'no' 'no' 'no' 'no' 'no' 'no' 'no' 'no' 'no']
47, 320, 62
47, 330, 61
48, 340, 64
48, 350, 62
49, 360, 63
50, 370, 62
null
['no' 'no' 'yes' 'no' 'no' 'no' 'yes' 'yes' 'no' 'no']
53, 370, 62
53, 380, 66
54, 390, 63
55, 400, 62
55, 410, 66
55, 420, 71
null
['no' 'no' 'no' 'no' 'no' 'no' 'no' 'no' 'no' 'no']
55, 420, 71
55, 430, 67
55, 440, 65
55, 450, 67
56, 460, 64
56, 470, 65
null
['no' 'no' 'no' 'no' 'no' 'no' 'no' 'no' 'no' 'no']
56, 470, 65
58, 480, 65
58, 490, 68
58, 500, 69
58, 510, 67
58, 520, 67
null
['no' 'no' 'no' 'no' 'no' 'no' 'no' 'no' 'no' 'no']
58, 520, 67
59, 530, 66
59, 540, 67
62, 550, 69
62, 560, 70
63, 570, 69
null
['no' 'no' 'no' 'no' 'no' 'no' 'no' 'no' 'no' 'no']
64, 570, 69
64, 580, 74
64, 590, 73
64, 600, 72
64, 610, 71
64, 620, 73
null
['no' 'no' 'no' 'no' 'no' 'no' 'no' 'no' 'no' 'no']
64, 620, 73
64, 630, 72
64, 640, 73
64, 650, 72
64, 660, 72
64, 670, 73
null
['no' 'no' 'no' 'no' 'no' 'no' 'no' 'no' 'no' 'no']
65, 670, 73
66, 680, 73
66, 690, 74
66, 700, 75
66, 710, 74
66, 720, 73
null
['no' 'no' 'no' 'no' 'no' 'no' 'no' 'no' 'no' 'no']
67, 720, 73
67, 730, 74
67, 740, 75
67, 750, 74
67, 760, 73
67, 770, 74
null
['no' 'no' 'no' 'no' 'no' 'no' 'no' 'no' 'no' 'no']
67, 770, 74
67, 780, 74
67, 790, 74
67, 800, 72
67, 810, 73
67, 820, 74
null
['no' 'no' 'no' 'no' 'no' 'no' 'no' 'no' 'no' 'no']
67, 820, 74
68, 830, 74
68, 840, 75
68, 850, 75
68, 860, 78
68, 870, 75
null
['no' 'no' 'no' 'no' 'no' 'no' 'no' 'no' 'no' 'no']
68, 870, 75
69, 880, 74
69, 890, 75
69, 900, 76
70, 910, 75
70, 920, 75
null
['no' 'no' 'no' 'no' 'no' 'no' 'no' 'no' 'no' 'no']
71, 920, 75
71, 930, 77
71, 940, 77
71, 950, 77
71, 960, 77
71, 970, 76
null
['no' 'no' 'no' 'no' 'no' 'no' 'no' 'no' 'no' 'no']
71, 970, 76
71, 980, 77
71, 990, 76
71, 1000, 76
71, 1010, 75
71, 1020, 76
null
['no' 'no' 'no' 'no' 'no' 'no' 'no' 'no' 'no' 'no']
71, 1020, 76
71, 1030, 75
71, 1040, 76
71, 1050, 76
71, 1060, 76
71, 1070, 75
null
['no' 'no' 'no' 'no' 'no' 'no' 'no' 'no' 'no' 'no']
71, 1070, 75
71, 1080, 76
71, 1090, 76
71, 1100, 75
71, 1110, 76
71, 1120, 75
null
['no' 'no' 'no' 'no' 'no' 'no' 'no' 'no' 'no' 'no']
71, 1120, 75
71, 1130, 75
71, 1140, 75
71, 1150, 75
71, 1160, 75
71, 1170, 75
null
['no' 'no' 'no' 'no' 'no' 'no' 'no' 'no' 'no' 'no']
71, 1170, 75
72, 1180, 75
72, 1190, 76
72, 1200, 76
null
['no' 'no' 'no' 'no' 'no' 'no' 'no' 'no' 'no' 'no']
{'count': 1687, 'truepos': 57, 'falseneg': 1, 'unknownyes': 4, 'falsepos': 15, 'unique': 1200}
20: Danijel.csv: none: 0, 0
4, 10
6, 20, 113
11, 30, 105
13, 40, 106
17, 50, 109
17, 60, 110
19, 70, 105
19, 80, 106
21, 90, 83
22, 100, 82
24, 110, 72
24, 120, 67
27, 130, 62
29, 140, 58
33, 150, 57
36, 160, 61
37, 170, 65
39, 180, 58
41, 190, 62
42, 200, 63
44, 210, 64
44, 220, 67
46, 230, 65
46, 240, 71
47, 250, 63
51, 260, 70
52, 270, 84
53, 280, 73
53, 290, 73
56, 300, 69
58, 310, 73
58, 320, 73
60, 330, 72
60, 340, 76
62, 350, 73
62, 360, 75
62, 370, 76
65, 380, 72
65, 390, 76
67, 400, 76
67, 410, 78
68, 420, 78
70, 430, 81
70, 440, 87
70, 450, 81
71, 460, 82
71, 470, 84
72, 480, 80
74, 490, 80
75, 500, 82
76, 510, 83
78, 520, 85
78, 530, 86
79, 540, 85
81, 550, 86
83, 560, 90
85, 570, 91
86, 580, 94
87, 590, 94
87, 600, 96
88, 610, 93
90, 620, 97
91, 630, 97
93, 640, 98
93, 650, 102
93, 660, 99
94, 670, 101
94, 680, 104
95, 690, 102
95, 700, 104
96, 710, 104
98, 720, 104
98, 730, 107
99, 740, 107
100, 750, 108
101, 760, 109
102, 770, 109
104, 780, 114
105, 790, 114
105, 800, 119
105, 810, 114
107, 820, 115
107, 830, 116
107, 840, 114
108, 850, 115
109, 860, 118
110, 870, 122
110, 880, 119
110, 890, 121
110, 900, 117
111, 910, 118
114, 920, 120
114, 930, 123
114, 940, 123
115, 950, 121
116, 960, 122
118, 970, 123
{'count': 970, 'truepos': 41, 'falseneg': 2, 'unknownyes': 5, 'falsepos': 77, 'unique': 970}
20: Danijel.csv: three: 0, 0
4, 10
4, 20, 118
5, 30, 96
8, 40, 67
9, 50, 70
10, 60, 60
11, 70, 59
15, 80, 64
19, 90, 69
20, 100, 68
22, 110, 60
24, 120, 57
26, 130, 53
28, 140, 53
31, 150, 53
34, 160, 58
34, 170, 57
35, 180, 53
35, 190, 54
35, 200, 55
36, 210, 52
36, 220, 52
36, 230, 51
36, 240, 54
37, 250, 50
37, 260, 51
38, 270, 49
38, 280, 50
39, 290, 49
39, 300, 50
40, 310, 49
42, 320, 49
44, 330, 51
44, 340, 56
44, 350, 56
44, 360, 58
44, 370, 51
45, 380, 52
45, 390, 54
45, 400, 58
46, 410, 53
46, 420, 53
47, 430, 52
47, 440, 54
47, 450, 53
47, 460, 55
47, 470, 54
48, 480, 54
48, 490, 56
48, 500, 55
48, 510, 55
48, 520, 58
48, 530, 54
48, 540, 56
48, 550, 55
48, 560, 55
49, 570, 54
49, 580, 55
49, 590, 55
49, 600, 54
50, 610, 53
50, 620, 56
50, 630, 54
50, 640, 57
51, 650, 54
51, 660, 55
51, 670, 56
52, 680, 55
52, 690, 56
54, 700, 56
54, 710, 60
55, 720, 58
55, 730, 60
55, 740, 60
55, 750, 59
55, 760, 61
55, 770, 59
55, 780, 64
56, 790, 60
56, 800, 60
56, 810, 61
56, 820, 59
56, 830, 59
56, 840, 60
56, 850, 60
56, 860, 60
56, 870, 60
56, 880, 59
57, 890, 60
57, 900, 62
58, 910, 61
{'count': 1997, 'truepos': 43, 'falseneg': 3, 'unknownyes': 2, 'falsepos': 15, 'unique': 910}
20: Danijel.csv: machine: 0, 0
3, 10
6, 20, 120
6, 30, 138
6, 40, 110
7, 50, 82
9, 60, 73
['no' 'yes' 'yes' 'no' 'yes' 'yes' 'yes' 'no' 'yes']
[]
6, 60, 73
7, 70, 72
10, 80, 64
12, 90, 69
15, 100, 62
17, 110, 68
['yes' 'yes' 'no' 'no' 'yes' 'no' 'yes' 'no' 'no' 'yes']
[]
11, 110, 68
13, 120, 62
13, 130, 57
15, 140, 51
19, 150, 50
22, 160, 56
['yes' 'no' 'yes' 'yes' 'yes' 'no' 'no' 'no' 'yes' 'no']
[]
17, 160, 56
23, 170, 49
25, 180, 61
28, 190, 57
30, 200, 59
32, 210, 58
['no' 'no' 'yes' 'yes' 'no' 'yes' 'no' 'yes' 'yes' 'no']
['no' 'no' 'no' 'no' 'yes' 'no' 'no' 'yes' 'no' 'no']
32, 210, 58
32, 220, 53
33, 230, 50
35, 240, 51
36, 250, 50
38, 260, 53
['yes' 'yes' 'yes' 'yes' 'yes' 'yes' 'no' 'no' 'no' 'no']
['no' 'no' 'no' 'no' 'no' 'no' 'no' 'no' 'no' 'no']
35, 260, 53
37, 270, 49
38, 280, 54
39, 290, 54
41, 300, 55
43, 310, 59
['no' 'no' 'no' 'no' 'no' 'no' 'no' 'no' 'no' 'yes']
['no' 'no' 'no' 'no' 'no' 'no' 'no' 'no' 'no' 'no']
36, 310, 59
38, 320, 47
39, 330, 50
40, 340, 51
43, 350, 53
45, 360, 59
['yes' 'yes' 'no' 'yes' 'no' 'no' 'no' 'no' 'yes' 'no']
['yes' 'no' 'no' 'no' 'no' 'no' 'no' 'no' 'no' 'no']
41, 360, 59
42, 370, 50
42, 380, 52
43, 390, 52
45, 400, 52
47, 410, 54
['no' 'yes' 'no' 'yes' 'no' 'no' 'no' 'yes' 'no' 'no']
['no' 'no' 'no' 'no' 'no' 'no' 'no' 'no' 'no' 'no']
42, 410, 54
43, 420, 51
45, 430, 52
46, 440, 53
46, 450, 54
48, 460, 53
['no' 'no' 'yes' 'no' 'no' 'no' 'no' 'no' 'no' 'no']
['no' 'no' 'no' 'no' 'no' 'no' 'no' 'no' 'no' 'yes']
43, 460, 53
43, 470, 50
46, 480, 49
49, 490, 52
49, 500, 56
49, 510, 55
['yes' 'no' 'no' 'no' 'no' 'no' 'no' 'yes' 'yes' 'yes']
['no' 'no' 'no' 'no' 'no' 'no' 'no' 'no' 'no' 'yes']
44, 510, 55
45, 520, 50
46, 530, 51
47, 540, 52
50, 550, 53
52, 560, 62
['no' 'no' 'no' 'no' 'no' 'no' 'no' 'no' 'no' 'yes']
['no' 'yes' 'no' 'yes' 'no' 'no' 'no' 'no' 'no' 'no']
46, 560, 62
47, 570, 52
48, 580, 54
48, 590, 54
50, 600, 54
50, 610, 57
['no' 'no' 'no' 'no' 'yes']
['no' 'no' 'no' 'no' 'no' 'no' 'no' 'no' 'no' 'no']
50, 610, 57
53, 620, 54
56, 630, 60
56, 640, 69
57, 650, 65
58, 660, 67
['no' 'no' 'no' 'no' 'yes' 'no' 'no' 'no' 'yes' 'no']
['no' 'no' 'no' 'no' 'no' 'no' 'no' 'no' 'no' 'no']
53, 660, 67
53, 670, 59
57, 680, 58
58, 690, 64
58, 700, 65
60, 710, 63
['no' 'no' 'no' 'no' 'no' 'no' 'no' 'no' 'no' 'no']
['no' 'no' 'no' 'no' 'no' 'no' 'no' 'no' 'no' 'no']
['no' 'no' 'no' 'no' 'no' 'no' 'no' 'no' 'no' 'no']
['no' 'no' 'no' 'no' 'no' 'no' 'no' 'no' 'no' 'no']
{'count': 954, 'truepos': 43, 'falseneg': 1, 'unknownyes': 4, 'falsepos': 9, 'unique': 710}
20: Danijel.csv: machine2: 0, 0
4, 10
5, 20, 93
5, 30, 93
7, 40, 76
8, 50, 65
9, 60, 50
['yes' 'no' 'yes' 'yes' 'yes' 'no' 'yes' 'no' 'yes']
[]
6, 60, 50
8, 70, 46
11, 80, 45
13, 90, 52
16, 100, 53
22, 110, 58
['no' 'yes' 'yes' 'yes' 'yes' 'yes' 'no' 'no' 'yes' 'no']
[]
19, 110, 58
20, 120, 76
24, 130, 67
26, 140, 76
28, 150, 64
30, 160, 60
['yes' 'yes' 'yes' 'no' 'yes' 'no' 'no' 'no' 'yes' 'yes']
['no' 'no' 'no' 'no' 'no' 'no' 'no' 'no' 'no' 'no']
26, 160, 60
29, 170, 54
30, 180, 61
31, 190, 53
31, 200, 49
37, 210, 48
['no' 'yes' 'no' 'no' 'yes' 'yes' 'no' 'no' 'no' 'yes']
['no' 'no' 'no' 'no' 'no' 'no' 'no' 'no' 'no' 'no']
33, 210, 48
33, 220, 58
33, 230, 54
34, 240, 49
35, 250, 52
35, 260, 52
['no' 'yes' 'yes' 'no' 'no' 'yes' 'no' 'yes' 'yes' 'yes']
['no' 'no' 'yes' 'no' 'no' 'no' 'no' 'no' 'no' 'no']
33, 260, 52
33, 270, 45
37, 280, 45
40, 290, 48
43, 300, 54
44, 310, 56
['no' 'no' 'yes' 'yes' 'yes' 'yes' 'yes' 'yes' 'yes' 'no']
['no' 'no' 'no' 'no' 'no' 'no' 'no' 'no' 'no' 'no']
43, 310, 56
45, 320, 55
45, 330, 59
45, 340, 58
46, 350, 56
48, 360, 55
['no' 'no' 'yes' 'no' 'no' 'no' 'yes']
['no' 'no' 'no' 'no' 'no' 'no' 'no' 'no' 'no' 'no']
45, 360, 55
48, 370, 57
50, 380, 60
51, 390, 71
52, 400, 67
53, 410, 68
['no' 'no' 'no' 'no' 'no' 'no' 'no' 'no' 'no' 'no']
['no' 'no' 'no' 'no' 'no' 'no' 'no' 'no' 'no' 'no']
46, 410, 68
47, 420, 55
48, 430, 54
49, 440, 56
52, 450, 58
55, 460, 63
['yes' 'yes' 'yes' 'no' 'no' 'no' 'yes' 'yes' 'no' 'no']
['no' 'no' 'no' 'no' 'no' 'no' 'no' 'no' 'no' 'no']
51, 460, 63
51, 470, 61
55, 480, 63
57, 490, 69
57, 500, 71
57, 510, 72
['no' 'no' 'no' 'no' 'no' 'no' 'no']
['no' 'yes' 'no' 'no' 'no' 'no' 'no' 'no' 'no' 'no']
55, 510, 72
57, 520, 64
58, 530, 71
60, 540, 70
60, 550, 79
61, 560, 73
['no' 'no' 'no' 'no' 'no' 'no' 'no' 'no' 'yes']
['no' 'no' 'no' 'no' 'no' 'no' 'no' 'no' 'no' 'no']
54, 560, 73
54, 570, 64
55, 580, 61
57, 590, 65
57, 600, 73
59, 610, 70
['no' 'no' 'no' 'no' 'no']
['no' 'no' 'no' 'no' 'no' 'no' 'no' 'no' 'no' 'no']
58, 610, 70
58, 620, 69
61, 630, 66
61, 640, 71
62, 650, 70
62, 660, 71
['no' 'no' 'no' 'no' 'no' 'no' 'no']
['no' 'no' 'no' 'no' 'no' 'no' 'no' 'no' 'no' 'no']
58, 660, 71
59, 670, 68
59, 680, 69
60, 690, 67
61, 700, 68
61, 710, 71
['no' 'no' 'no' 'no']
['no' 'no' 'no' 'no' 'no' 'no' 'no' 'no' 'yes' 'no']
58, 710, 71
61, 720, 65
63, 730, 69
64, 740, 70
66, 750, 73
68, 760, 77
['no' 'no' 'no' 'no' 'no' 'no' 'yes' 'no' 'no' 'no']
['no' 'no' 'no' 'no' 'no' 'no' 'no' 'no' 'no' 'no']
62, 760, 77
63, 770, 70
65, 780, 77
67, 790, 73
68, 800, 77
68, 810, 80
['no' 'no' 'no' 'no' 'yes' 'no' 'no']
['no' 'no' 'no' 'no' 'no' 'no' 'no' 'no' 'no' 'no']
65, 810, 80
68, 820, 72
69, 830, 76
70, 840, 84
72, 850, 82
72, 860, 84
['no' 'no' 'no' 'no' 'no' 'no' 'no' 'no' 'no' 'no']
['no' 'no' 'no' 'no' 'no' 'no' 'no' 'no' 'no' 'no']
63, 860, 84
63, 870, 69
64, 880, 70
64, 890, 71
64, 900, 72
65, 910, 72
['no' 'no']
['no' 'no' 'no' 'no' 'no' 'no' 'no' 'no' 'no' 'no']
63, 910, 72
63, 920, 69
64, 930, 68
64, 940, 69
64, 950, 71
65, 960, 72
['no' 'no']
['no' 'no' 'no' 'no' 'no' 'no' 'no' 'no' 'no' 'no']
65, 960, 72
67, 970, 72
68, 980, 74
68, 990, 72
69, 1000, 74
70, 1010, 75
['no' 'no' 'no' 'no' 'no' 'no']
['no' 'no' 'no' 'no' 'no' 'no' 'no' 'no' 'no' 'no']
66, 1010, 75
66, 1020, 74
67, 1030, 74
67, 1040, 77
69, 1050, 72
['no' 'no' 'no']
['no' 'no' 'no' 'no' 'no' 'no' 'no' 'no' 'no' 'no']
{'count': 1495, 'truepos': 44, 'falseneg': 1, 'unknownyes': 3, 'falsepos': 22, 'unique': 1050}
20: Danijel.csv: machine3: 0, 0
4, 10
4, 20, 121
6, 30, 96
9, 40, 77
10, 50, 80
13, 60, 64
null
[]
15, 70, 64
16, 80, 65
17, 90, 58
18, 100, 55
22, 110, 49
24, 120, 59
null
[]
26, 130, 54
29, 140, 54
30, 150, 59
33, 160, 48
34, 170, 52
34, 180, 51
null
['no' 'no' 'no' 'no' 'no' 'no' 'no' 'no' 'no' 'no']
35, 180, 51
37, 190, 51
37, 200, 50
37, 210, 49
38, 220, 48
39, 230, 50
null
['no' 'no' 'no' 'no' 'no' 'no' 'no' 'no' 'no' 'no']
39, 230, 50
40, 240, 51
40, 250, 51
41, 260, 52
42, 270, 55
43, 280, 54
null
['no' 'no' 'no' 'no' 'no' 'no' 'no' 'no' 'no' 'no']
43, 280, 54
44, 290, 56
44, 300, 56
45, 310, 56
45, 320, 59
46, 330, 59
null
['no' 'no' 'no' 'no' 'no' 'no' 'no' 'no' 'no' 'no']
46, 330, 59
46, 340, 59
46, 350, 56
46, 360, 54
47, 370, 55
47, 380, 57
null
['no' 'no' 'no' 'no' 'no' 'no' 'no' 'no' 'no' 'no']
47, 380, 57
47, 390, 59
48, 400, 57
48, 410, 59
48, 420, 58
49, 430, 59
null
['no' 'no' 'no' 'no' 'no' 'no' 'no' 'no' 'no' 'no']
49, 430, 59
49, 440, 60
50, 450, 59
50, 460, 58
50, 470, 59
50, 480, 56
null
['no' 'no' 'no' 'no' 'no' 'no' 'no' 'no' 'no' 'no']
50, 480, 56
51, 490, 57
51, 500, 58
51, 510, 61
51, 520, 59
51, 530, 59
null
['no' 'no' 'no' 'no' 'no' 'no' 'no' 'no' 'no' 'no']
51, 530, 59
51, 540, 59
52, 550, 57
52, 560, 59
52, 570, 62
54, 580, 59
null
['no' 'no' 'no' 'no' 'no' 'no' 'no' 'no' 'no' 'no']
54, 580, 59
54, 590, 59
54, 600, 61
54, 610, 60
54, 620, 60
55, 630, 59
null
['no' 'no' 'no' 'no' 'no' 'no' 'no' 'no' 'no' 'no']
55, 630, 59
55, 640, 60
56, 650, 61
57, 660, 61
57, 670, 62
57, 680, 61
null
['no' 'no' 'no' 'no' 'no' 'no' 'no' 'yes' 'no' 'no']
58, 680, 61
58, 690, 62
58, 700, 63
null
['no' 'no' 'no' 'no' 'no' 'no' 'no' 'no' 'no' 'no']
{'count': 971, 'truepos': 44, 'falseneg': 1, 'unknownyes': 3, 'falsepos': 14, 'unique': 700}
20: K_all3.csv: none: 0, 0
2, 10
7, 20, 73
9, 30, 83
11, 40, 78
14, 50, 72
14, 60, 74
19, 70, 67
20, 80, 67
23, 90, 65
28, 100, 60
31, 110, 64
31, 120, 48
36, 130, 45
37, 140, 52
38, 150, 54
40, 160, 49
42, 170, 52
42, 180, 54
46, 190, 53
46, 200, 62
47, 210, 59
47, 220, 58
47, 230, 56
47, 240, 60
48, 250, 55
49, 260, 54
50, 270, 55
51, 280, 57
53, 290, 63
54, 300, 63
55, 310, 62
56, 320, 63
57, 330, 64
59, 340, 69
61, 350, 66
65, 360, 67
68, 370, 70
71, 380, 72
72, 390, 75
{'count': 390, 'truepos': 31, 'falseneg': 0, 'unknownyes': 14, 'falsepos': 41, 'unique': 390}
20: K_all3.csv: three: 0, 0
1, 10
2, 20, 93
4, 30, 64
7, 40, 59
10, 50, 53
12, 60, 60
14, 70, 58
16, 80, 54
17, 90, 52
19, 100, 48
21, 110, 49
21, 120, 50
22, 130, 47
22, 140, 45
23, 150, 44
23, 160, 44
23, 170, 43
25, 180, 42
27, 190, 45
28, 200, 46
28, 210, 47
28, 220, 46
30, 230, 45
30, 240, 41
30, 250, 40
32, 260, 37
33, 270, 41
34, 280, 40
35, 290, 41
36, 300, 41
38, 310, 44
39, 320, 45
39, 330, 46
39, 340, 46
40, 350, 45
41, 360, 48
41, 370, 46
43, 380, 45
44, 390, 46
47, 400, 48
48, 410, 51
48, 420, 51
48, 430, 52
49, 440, 51
50, 450, 52
51, 460, 53
51, 470, 54
{'count': 1024, 'truepos': 38, 'falseneg': 1, 'unknownyes': 6, 'falsepos': 13, 'unique': 470}
20: K_all3.csv: machine: 0, 0
2, 10
4, 20, 72
5, 30, 66
5, 40, 61
5, 50, 48
5, 60, 40
['yes' 'yes' 'no' 'no' 'no']
['no']
3, 60, 40
7, 70, 43
11, 80, 48
14, 90, 57
16, 100, 59
18, 110, 58
['no' 'yes' 'yes' 'yes' 'no' 'yes' 'yes' 'yes' 'no' 'yes']
['no']
15, 110, 58
17, 120, 52
17, 130, 57
19, 140, 51
21, 150, 51
23, 160, 50
['no' 'yes' 'yes' 'no' 'yes' 'yes' 'no' 'no' 'no' 'yes']
[]
19, 160, 50
19, 170, 52
22, 180, 48
22, 190, 52
25, 200, 49
26, 210, 53
['yes' 'yes' 'no' 'no' 'no' 'no' 'no' 'no' 'yes' 'yes']
[]
20, 210, 53
21, 220, 45
24, 230, 45
28, 240, 48
30, 250, 52
35, 260, 42
['no' 'no' 'no' 'no' 'yes' 'no' 'yes' 'no' 'yes' 'yes']
['no' 'no' 'no' 'no' 'no' 'no' 'no' 'yes' 'no' 'no']
33, 260, 42
34, 270, 48
35, 280, 46
39, 290, 47
41, 300, 54
42, 310, 55
['no' 'yes' 'no' 'no' 'yes' 'yes' 'no' 'yes' 'no' 'yes']
['no' 'no' 'no' 'no' 'no' 'no' 'no' 'no' 'no' 'no']
37, 310, 55
39, 320, 47
41, 330, 46
41, 340, 50
41, 350, 48
43, 360, 48
['yes' 'no' 'yes' 'no' 'no' 'yes' 'no' 'no' 'yes' 'no']
['no' 'no' 'yes' 'no' 'no' 'no' 'no' 'no' 'no' 'no']
40, 360, 48
42, 370, 45
42, 380, 49
42, 390, 48
42, 400, 46
43, 410, 46
['no' 'no' 'no' 'no' 'yes' 'yes' 'no' 'yes' 'no' 'no']
['no' 'no' 'no' 'no' 'no' 'no' 'no' 'no' 'no' 'no']
36, 410, 46
37, 420, 40
38, 430, 40
39, 440, 41
['no' 'yes' 'no']
['no' 'yes' 'no' 'no' 'no' 'no' 'no' 'no' 'no' 'no']
{'count': 570, 'truepos': 33, 'falseneg': 3, 'unknownyes': 9, 'falsepos': 5, 'unique': 440}
20: K_all3.csv: machine2: 0, 0
1, 10
2, 20, 92
3, 30, 63
6, 40, 50
8, 50, 53
11, 60, 51
['yes' 'yes' 'yes' 'yes' 'yes' 'yes' 'yes' 'no' 'no' 'yes']
[]
10, 60, 51
14, 70, 49
18, 80, 54
21, 90, 61
21, 100, 60
23, 110, 52
['no' 'no' 'yes' 'yes' 'yes' 'yes' 'yes' 'yes' 'yes' 'yes']
['no']
21, 110, 52
24, 120, 48
25, 130, 53
27, 140, 52
28, 150, 51
29, 160, 51
['no' 'yes' 'yes' 'yes' 'yes' 'no' 'yes' 'no' 'no' 'no']
['no' 'no']
28, 160, 51
29, 170, 49
30, 180, 48
32, 190, 43
33, 200, 43
34, 210, 44
['no' 'no' 'yes' 'no' 'no' 'no' 'yes' 'yes' 'no']
['no' 'no' 'no' 'no' 'no' 'no' 'no' 'no' 'no' 'no']
28, 210, 44
30, 220, 45
33, 230, 36
34, 240, 38
36, 250, 40
39, 260, 44
['no' 'no' 'no' 'yes' 'yes' 'no' 'yes' 'no' 'no' 'yes']
['no' 'no' 'no' 'no' 'no' 'no' 'no' 'no' 'no' 'no']
36, 260, 44
36, 270, 45
39, 280, 43
39, 290, 48
41, 300, 47
41, 310, 48
['no' 'no' 'no' 'no' 'no' 'no' 'no']
['no' 'no' 'no' 'no' 'no' 'no' 'no' 'no' 'no' 'no']
40, 310, 48
42, 320, 48
44, 330, 53
46, 340, 53
46, 350, 57
48, 360, 56
['no' 'no' 'no' 'no' 'no' 'no' 'no' 'no' 'no' 'no']
['no' 'no' 'no' 'no' 'no' 'no' 'no' 'no' 'no' 'no']
38, 360, 56
39, 370, 43
41, 380, 43
41, 390, 45
42, 400, 45
45, 410, 46
['yes' 'no' 'no' 'no' 'no' 'yes' 'no' 'no']
['no' 'no' 'no' 'no' 'no' 'no' 'no' 'no' 'no' 'no']
['no' 'yes' 'yes' 'no' 'no' 'no' 'no' 'no']
['no' 'no' 'no' 'no' 'no' 'no' 'no' 'no' 'no' 'no']
{'count': 577, 'truepos': 30, 'falseneg': 1, 'unknownyes': 14, 'falsepos': 9, 'unique': 410}
20: K_all3.csv: machine3: 0, 0
2, 10
2, 20, 72
5, 30, 64
5, 40, 67
7, 50, 60
7, 60, 59
null
[]
10, 70, 48
12, 80, 54
14, 90, 53
17, 100, 52
17, 110, 51
18, 120, 47
null
[]
18, 130, 46
20, 140, 44
22, 150, 48
23, 160, 50
23, 170, 49
23, 180, 48
null
[]
23, 190, 47
25, 200, 46
25, 210, 46
26, 220, 45
27, 230, 46
27, 240, 46
null
['no' 'no' 'no' 'no']
27, 240, 46
28, 250, 45
28, 260, 46
28, 270, 45
28, 280, 45
28, 290, 45
null
['yes']
29, 290, 45
30, 300, 45
30, 310, 35
31, 320, 34
31, 330, 36
32, 340, 35
null
['no' 'no' 'no' 'no' 'yes' 'no' 'no' 'no' 'yes' 'no']
34, 340, 35
35, 350, 38
35, 360, 39
36, 370, 39
36, 380, 42
36, 390, 40
null
['no' 'no' 'no' 'no' 'no' 'no' 'no' 'no' 'no' 'no']
36, 390, 40
36, 400, 39
39, 410, 39
40, 420, 42
40, 430, 44
40, 440, 43
null
['no' 'no' 'yes' 'no' 'no' 'no' 'no' 'no' 'no' 'no']
40, 440, 43
null
['no' 'no' 'no' 'no' 'no' 'no' 'no' 'yes' 'no' 'no']
{'count': 600, 'truepos': 32, 'falseneg': 4, 'unknownyes': 9, 'falsepos': 9, 'unique': 440}

------------------------------------------------------------
Sender: LSF System <lsfadmin@n2e5-2>
Subject: Job 269528: </share/tjmenzie/zyu9/miniconda2/bin/python2.7 runner.py error_hpcc 20> Done

Job </share/tjmenzie/zyu9/miniconda2/bin/python2.7 runner.py error_hpcc 20> was submitted from host <login01.hpc.ncsu.edu> by user <zyu9> in cluster <henry2>.
Job was executed on host(s) <1*n2e5-2>, in queue <single_chassis>, as user <zyu9> in cluster <henry2>.
                            <1*n2e5-13>
</home/zyu9> was used as the home directory.
</home/zyu9/projects/MAR_HPC/Error/src> was used as the working directory.
Started at Thu Oct 19 15:37:15 2017
Results reported at Thu Oct 19 21:52:15 2017

Your job looked like:

------------------------------------------------------------
# LSBATCH: User input
/share/tjmenzie/zyu9/miniconda2/bin/python2.7 runner.py error_hpcc 20
------------------------------------------------------------

Successfully completed.

Resource usage summary:

    CPU time   :  24977.59 sec.
    Max Memory :       188 MB
    Max Swap   :      1207 MB

    Max Processes  :         3
    Max Threads    :         8

The output (if any) is above this job summary.



PS:

Read file <./err/20.err.269528> for stderr output of this job.

