21: Hall.csv: none: 0, 0
8, 10
10, 20, 124
12, 30, 124
14, 40, 129
15, 50, 125
20, 60, 115
25, 70, 81
29, 80, 82
34, 90, 79
40, 100, 84
42, 110, 98
43, 120, 93
50, 130, 83
54, 140, 87
59, 150, 88
61, 160, 104
65, 170, 102
69, 180, 96
70, 190, 102
73, 200, 91
77, 210, 88
82, 220, 95
83, 230, 102
86, 240, 98
89, 250, 100
91, 260, 103
95, 270, 103
97, 280, 113
97, 290, 115
98, 300, 114
100, 310, 111
100, 320, 112
100, 330, 111
100, 340, 111
100, 350, 115
100, 360, 112
100, 370, 112
100, 380, 110
101, 390, 111
101, 400, 110
101, 410, 109
101, 420, 109
101, 430, 108
101, 440, 108
101, 450, 107
101, 460, 108
{'count': 460, 'truepos': 101, 'falseneg': 0, 'correction': 0, 'unknownyes': 3, 'falsepos': 0, 'unique': 460}
21: Hall.csv: three: 0, 0
8, 10
12, 20, 125
13, 30, 132
15, 40, 123
16, 50, 122
19, 60, 112
22, 70, 112
27, 80, 82
33, 90, 85
38, 100, 85
44, 110, 89
47, 120, 92
54, 130, 98
58, 140, 102
62, 150, 104
65, 160, 108
67, 170, 118
68, 180, 109
68, 190, 112
71, 200, 93
72, 210, 96
76, 220, 93
80, 230, 90
83, 240, 98
86, 250, 99
89, 260, 105
94, 270, 101
96, 280, 112
98, 290, 113
98, 300, 112
98, 310, 112
99, 320, 110
100, 330, 112
101, 340, 111
101, 350, 116
101, 360, 111
101, 370, 111
101, 380, 109
101, 390, 108
101, 400, 110
101, 410, 110
101, 420, 113
101, 430, 110
101, 440, 108
101, 450, 109
101, 460, 107
101, 470, 108
{'count': 940, 'truepos': 101, 'falseneg': 0, 'correction': 0, 'unknownyes': 3, 'falsepos': 0, 'unique': 470}
21: Hall.csv: machine: 0, 0
8, 10
12, 20, 123
14, 30, 146
15, 40, 149
20, 50, 138
26, 60, 92
26, 60, 92
31, 70, 99
38, 80, 95
40, 90, 103
44, 100, 101
50, 110, 90
50, 110, 90
56, 120, 100
59, 130, 107
63, 140, 114
64, 150, 98
66, 160, 101
66, 160, 101
69, 170, 91
74, 180, 89
76, 190, 92
81, 200, 94
81, 210, 113
81, 210, 113
84, 220, 98
86, 230, 99
88, 240, 98
89, 250, 100
93, 260, 102
93, 260, 102
95, 270, 107
96, 280, 108
97, 290, 111
97, 300, 114
99, 310, 108
99, 310, 108
100, 320, 111
100, 330, 112
101, 340, 110
101, 350, 113
101, 360, 115
101, 360, 115
101, 370, 113
102, 380, 111
102, 390, 114
102, 400, 111
102, 410, 112
102, 410, 112
102, 420, 112
102, 430, 109
102, 440, 112
102, 450, 110
102, 460, 110
102, 460, 110
102, 470, 111
102, 480, 109
102, 490, 110
102, 500, 108
102, 510, 108
102, 510, 108
102, 520, 108
102, 530, 108
{'count': 694, 'truepos': 102, 'falseneg': 0, 'correction': 0, 'unknownyes': 2, 'falsepos': 0, 'unique': 530}
21: Hall.csv: knee: 0, 0
8, 10
12, 20
12, 30
{'count': 38, 'truepos': 12, 'falseneg': 0, 'correction': 0, 'unknownyes': 92, 'falsepos': 0, 'unique': 30}
21: Wahono.csv: none: 0, 0
6, 10
6, 20, 99
7, 30, 94
10, 40, 88
12, 50, 75
15, 60, 60
16, 70, 63
17, 80, 51
19, 90, 48
21, 100, 51
24, 110, 42
27, 120, 50
30, 130, 59
31, 140, 63
32, 150, 58
34, 160, 59
35, 170, 59
36, 180, 64
37, 190, 61
37, 200, 68
37, 210, 59
38, 220, 56
40, 230, 60
41, 240, 56
42, 250, 58
43, 260, 62
46, 270, 62
46, 280, 71
46, 290, 70
46, 300, 68
46, 310, 61
46, 320, 65
46, 330, 59
46, 340, 60
47, 350, 59
47, 360, 59
47, 370, 62
47, 380, 63
47, 390, 60
48, 400, 58
48, 410, 60
49, 420, 58
49, 430, 60
50, 440, 58
50, 450, 58
50, 460, 60
51, 470, 59
51, 480, 62
51, 490, 61
51, 500, 59
51, 510, 61
51, 520, 58
51, 530, 59
51, 540, 60
52, 550, 59
53, 560, 59
53, 570, 62
54, 580, 59
55, 590, 62
55, 600, 64
56, 610, 62
56, 620, 64
56, 630, 65
57, 640, 64
58, 650, 64
58, 660, 68
58, 670, 66
58, 680, 67
58, 690, 66
58, 700, 66
58, 710, 66
58, 720, 65
58, 730, 66
58, 740, 65
58, 750, 64
58, 760, 64
58, 770, 64
58, 780, 65
58, 790, 64
58, 800, 65
58, 810, 65
58, 820, 65
58, 830, 63
58, 840, 64
58, 850, 64
58, 860, 64
58, 870, 63
58, 880, 63
58, 890, 64
58, 900, 64
58, 910, 63
58, 920, 64
58, 930, 64
58, 940, 63
58, 950, 63
58, 960, 64
58, 970, 63
58, 980, 62
59, 990, 64
59, 1000, 64
59, 1010, 64
59, 1020, 65
59, 1030, 64
59, 1040, 63
59, 1050, 63
59, 1060, 64
59, 1070, 64
59, 1080, 64
59, 1090, 63
59, 1100, 63
59, 1110, 63
59, 1120, 63
59, 1130, 63
59, 1140, 63
59, 1150, 63
59, 1160, 63
59, 1170, 63
59, 1180, 63
{'count': 1180, 'truepos': 59, 'falseneg': 0, 'correction': 0, 'unknownyes': 3, 'falsepos': 0, 'unique': 1180}
21: Wahono.csv: three: 0, 0
6, 10
7, 20, 100
7, 30, 95
9, 40, 94
13, 50, 67
14, 60, 66
17, 70, 55
18, 80, 59
19, 90, 51
21, 100, 49
24, 110, 41
26, 120, 51
28, 130, 54
29, 140, 55
31, 150, 56
33, 160, 59
34, 170, 55
35, 180, 55
36, 190, 63
36, 200, 57
37, 210, 54
38, 220, 62
39, 230, 60
40, 240, 64
42, 250, 58
43, 260, 65
43, 270, 62
43, 280, 64
44, 290, 63
45, 300, 60
45, 310, 70
45, 320, 60
47, 330, 60
47, 340, 65
47, 350, 58
48, 360, 59
48, 370, 60
48, 380, 61
49, 390, 62
49, 400, 61
49, 410, 59
49, 420, 59
49, 430, 58
50, 440, 60
50, 450, 60
50, 460, 61
50, 470, 60
50, 480, 61
50, 490, 60
50, 500, 59
51, 510, 59
51, 520, 59
51, 530, 59
51, 540, 61
51, 550, 61
52, 560, 59
53, 570, 58
54, 580, 60
56, 590, 63
56, 600, 65
56, 610, 66
56, 620, 65
57, 630, 64
58, 640, 64
58, 650, 66
58, 660, 67
58, 670, 67
58, 680, 65
58, 690, 67
58, 700, 66
58, 710, 65
58, 720, 66
58, 730, 65
58, 740, 66
58, 750, 65
58, 760, 65
58, 770, 65
58, 780, 65
58, 790, 65
58, 800, 64
58, 810, 65
58, 820, 64
58, 830, 64
58, 840, 64
58, 850, 63
58, 860, 63
58, 870, 63
58, 880, 63
58, 890, 64
58, 900, 64
59, 910, 63
59, 920, 65
59, 930, 64
59, 940, 65
59, 950, 64
59, 960, 64
59, 970, 64
59, 980, 64
59, 990, 64
59, 1000, 65
59, 1010, 63
59, 1020, 64
59, 1030, 63
59, 1040, 63
59, 1050, 63
59, 1060, 63
59, 1070, 63
59, 1080, 63
59, 1090, 63
59, 1100, 63
59, 1110, 63
59, 1120, 63
59, 1130, 63
59, 1140, 64
{'count': 2280, 'truepos': 59, 'falseneg': 0, 'correction': 0, 'unknownyes': 3, 'falsepos': 0, 'unique': 1140}
21: Wahono.csv: machine: 0, 0
6, 10
7, 20, 100
8, 30, 101
9, 40, 92
11, 50, 74
15, 60, 57
18, 70, 59
20, 80, 67
22, 90, 44
25, 100, 41
28, 110, 56
29, 120, 62
29, 120, 62
30, 130, 62
31, 140, 59
33, 150, 56
34, 160, 55
34, 170, 57
34, 170, 57
35, 180, 53
36, 190, 58
39, 200, 57
39, 210, 62
40, 220, 57
40, 220, 57
41, 230, 61
41, 240, 59
41, 250, 63
43, 260, 56
43, 270, 59
43, 270, 59
46, 280, 59
46, 290, 66
46, 300, 67
46, 310, 61
46, 320, 61
46, 320, 61
46, 330, 60
47, 340, 58
48, 350, 59
48, 360, 66
48, 370, 62
48, 370, 62
48, 380, 59
48, 390, 60
49, 400, 58
49, 410, 61
50, 420, 60
50, 420, 60
50, 430, 61
50, 440, 61
50, 450, 60
51, 460, 60
52, 470, 60
52, 470, 60
52, 480, 62
52, 490, 62
52, 500, 62
52, 510, 60
52, 520, 63
52, 520, 63
52, 530, 60
52, 540, 60
53, 550, 60
53, 560, 64
54, 570, 61
54, 570, 61
54, 580, 63
55, 590, 62
57, 600, 65
58, 610, 67
58, 620, 69
58, 620, 69
58, 630, 67
58, 640, 68
58, 650, 67
58, 660, 67
58, 670, 66
58, 670, 66
58, 680, 66
58, 690, 66
58, 700, 66
58, 710, 65
58, 720, 65
58, 720, 65
58, 730, 66
58, 740, 64
58, 750, 65
58, 760, 64
58, 770, 64
58, 770, 64
58, 780, 65
58, 790, 64
58, 800, 65
58, 810, 65
59, 820, 65
59, 820, 65
59, 830, 66
59, 840, 65
59, 850, 65
59, 860, 64
59, 870, 64
59, 870, 64
59, 880, 66
59, 890, 65
59, 900, 66
59, 910, 65
59, 920, 65
59, 920, 65
59, 930, 65
59, 940, 66
59, 950, 64
59, 960, 64
59, 970, 64
59, 970, 64
59, 980, 64
59, 990, 64
59, 1000, 63
59, 1010, 64
59, 1020, 64
59, 1020, 64
59, 1030, 64
59, 1040, 63
59, 1050, 63
59, 1060, 63
59, 1070, 63
59, 1070, 63
59, 1080, 63
59, 1090, 63
59, 1100, 63
59, 1110, 63
59, 1120, 63
59, 1120, 63
{'count': 1667, 'truepos': 59, 'falseneg': 0, 'correction': 0, 'unknownyes': 3, 'falsepos': 0, 'unique': 1120}
21: Wahono.csv: knee: 0, 0
6, 10
7, 20
8, 30
8, 40
{'count': 46, 'truepos': 8, 'falseneg': 0, 'correction': 0, 'unknownyes': 54, 'falsepos': 0, 'unique': 40}
21: Danijel.csv: none: 0, 0
4, 10
4, 20, 125
5, 30, 94
6, 40, 71
8, 50, 57
10, 60, 53
14, 70, 56
16, 80, 65
19, 90, 62
22, 100, 64
24, 110, 46
28, 120, 43
31, 130, 47
32, 140, 51
33, 150, 49
34, 160, 49
35, 170, 49
35, 180, 50
35, 190, 47
35, 200, 46
35, 210, 46
36, 220, 46
39, 230, 46
39, 240, 51
39, 250, 48
39, 260, 49
41, 270, 49
41, 280, 53
41, 290, 52
41, 300, 50
41, 310, 49
41, 320, 50
41, 330, 48
41, 340, 49
41, 350, 49
41, 360, 48
41, 370, 49
41, 380, 48
41, 390, 47
41, 400, 48
41, 410, 48
41, 420, 47
42, 430, 46
42, 440, 47
42, 450, 47
42, 460, 48
43, 470, 46
43, 480, 47
43, 490, 49
43, 500, 47
43, 510, 48
43, 520, 47
43, 530, 47
43, 540, 47
43, 550, 48
43, 560, 47
43, 570, 48
44, 580, 47
45, 590, 48
45, 600, 50
45, 610, 49
45, 620, 50
45, 630, 49
45, 640, 49
45, 650, 49
45, 660, 49
45, 670, 49
45, 680, 48
45, 690, 49
45, 700, 48
45, 710, 48
45, 720, 49
45, 730, 48
45, 740, 48
45, 750, 48
45, 760, 48
{'count': 760, 'truepos': 45, 'falseneg': 0, 'correction': 0, 'unknownyes': 3, 'falsepos': 0, 'unique': 760}
21: Danijel.csv: three: 0, 0
4, 10
4, 20, 121
6, 30, 97
9, 40, 77
9, 50, 85
9, 60, 58
11, 70, 51
13, 80, 51
16, 90, 48
21, 100, 52
25, 110, 44
28, 120, 47
29, 130, 51
29, 140, 51
29, 150, 48
29, 160, 48
32, 170, 44
33, 180, 48
34, 190, 47
35, 200, 48
35, 210, 49
36, 220, 49
37, 230, 48
37, 240, 49
39, 250, 48
40, 260, 51
41, 270, 51
41, 280, 51
41, 290, 54
41, 300, 52
41, 310, 48
41, 320, 50
41, 330, 51
41, 340, 51
41, 350, 49
41, 360, 48
41, 370, 48
42, 380, 48
42, 390, 50
42, 400, 48
42, 410, 49
42, 420, 49
42, 430, 48
42, 440, 49
42, 450, 48
42, 460, 47
42, 470, 47
43, 480, 47
43, 490, 49
44, 500, 48
44, 510, 50
44, 520, 48
44, 530, 50
44, 540, 49
44, 550, 48
44, 560, 49
44, 570, 50
44, 580, 49
44, 590, 48
44, 600, 48
44, 610, 49
44, 620, 47
45, 630, 48
45, 640, 50
45, 650, 50
45, 660, 49
45, 670, 49
45, 680, 49
45, 690, 49
45, 700, 48
45, 710, 48
45, 720, 48
45, 730, 48
45, 740, 48
45, 750, 48
{'count': 1500, 'truepos': 45, 'falseneg': 0, 'correction': 0, 'unknownyes': 3, 'falsepos': 0, 'unique': 750}
21: Danijel.csv: machine: 0, 0
4, 10
4, 20, 117
6, 30, 97
9, 40, 78
9, 50, 82
9, 60, 57
10, 70, 50
14, 80, 49
16, 90, 54
21, 100, 53
24, 110, 45
26, 120, 48
26, 120, 48
28, 130, 48
28, 140, 50
29, 150, 46
29, 160, 47
29, 170, 46
29, 170, 46
29, 180, 46
30, 190, 44
30, 200, 43
30, 210, 41
32, 220, 42
32, 220, 42
32, 230, 43
33, 240, 43
35, 250, 42
37, 260, 45
38, 270, 47
38, 270, 47
38, 280, 49
38, 290, 52
39, 300, 48
40, 310, 48
40, 320, 48
40, 320, 48
40, 330, 51
41, 340, 48
42, 350, 48
42, 360, 50
42, 370, 50
42, 370, 50
42, 380, 49
42, 390, 50
42, 400, 49
42, 410, 48
42, 420, 47
42, 420, 47
42, 430, 49
43, 440, 48
43, 450, 49
43, 460, 49
43, 470, 49
43, 470, 49
43, 480, 48
44, 490, 48
44, 500, 51
45, 510, 49
45, 520, 51
45, 520, 51
45, 530, 49
45, 540, 50
45, 550, 49
45, 560, 50
45, 570, 50
45, 570, 50
45, 580, 50
45, 590, 49
45, 600, 49
45, 610, 49
45, 620, 49
45, 620, 49
45, 630, 48
45, 640, 49
45, 650, 48
45, 660, 49
45, 670, 48
45, 670, 48
45, 680, 48
45, 690, 48
45, 700, 48
45, 710, 49
45, 720, 49
45, 720, 49
45, 730, 48
45, 740, 48
45, 750, 48
45, 760, 48
45, 770, 48
45, 770, 48
45, 780, 48
45, 790, 48
{'count': 1294, 'truepos': 45, 'falseneg': 0, 'correction': 0, 'unknownyes': 3, 'falsepos': 0, 'unique': 790}
21: Danijel.csv: knee: 0, 0
4, 10
5, 20
7, 30
10, 40
10, 50
12, 60
14, 70
16, 80
17, 90
18, 100
20, 110
24, 120
24, 130
26, 140
26, 150
26, 160
27, 170
27, 180
29, 190
30, 200
30, 210
32, 220
35, 230
36, 240
36, 250
37, 260
37, 270
40, 280
41, 290
41, 300
41, 310
41, 320
41, 330
41, 340
42, 350
42, 360
42, 370
43, 380
43, 390
43, 400
43, 410
43, 420
44, 430
44, 440
44, 450
44, 460
{'count': 712, 'truepos': 44, 'falseneg': 0, 'correction': 0, 'unknownyes': 4, 'falsepos': 0, 'unique': 460}
21: K_all3.csv: none: 0, 0
2, 10
5, 20, 70
6, 30, 62
11, 40, 54
13, 50, 64
15, 60, 59
17, 70, 58
17, 80, 57
20, 90, 46
20, 100, 35
22, 110, 30
22, 120, 31
23, 130, 32
24, 140, 34
25, 150, 35
25, 160, 33
25, 170, 32
28, 180, 34
29, 190, 34
29, 200, 39
29, 210, 36
29, 220, 37
30, 230, 36
30, 240, 36
30, 250, 36
31, 260, 35
32, 270, 36
33, 280, 37
33, 290, 38
33, 300, 37
34, 310, 37
34, 320, 38
34, 330, 37
34, 340, 37
34, 350, 37
34, 360, 37
36, 370, 37
37, 380, 38
38, 390, 40
40, 400, 41
40, 410, 43
40, 420, 43
{'count': 420, 'truepos': 40, 'falseneg': 0, 'correction': 0, 'unknownyes': 5, 'falsepos': 0, 'unique': 420}
21: K_all3.csv: three: 0, 0
2, 10
5, 20, 71
6, 30, 63
11, 40, 55
13, 50, 64
15, 60, 61
18, 70, 60
19, 80, 60
20, 90, 53
20, 100, 34
21, 110, 31
23, 120, 31
23, 130, 33
23, 140, 31
24, 150, 31
26, 160, 32
26, 170, 35
27, 180, 39
27, 190, 36
28, 200, 34
29, 210, 36
29, 220, 34
31, 230, 34
31, 240, 37
31, 250, 36
31, 260, 36
31, 270, 35
31, 280, 35
31, 290, 36
32, 300, 36
33, 310, 36
33, 320, 36
34, 330, 36
35, 340, 37
36, 350, 38
37, 360, 39
38, 370, 40
{'count': 740, 'truepos': 38, 'falseneg': 0, 'correction': 0, 'unknownyes': 7, 'falsepos': 0, 'unique': 370}
21: K_all3.csv: machine: 0, 0
2, 10
5, 20, 71
6, 30, 61
11, 40, 57
11, 50, 65
12, 60, 50
14, 70, 47
16, 80, 45
21, 90, 44
21, 100, 38
21, 110, 36
21, 120, 35
21, 120, 35
22, 130, 30
23, 140, 30
24, 150, 32
24, 160, 35
27, 170, 32
27, 170, 32
27, 180, 36
27, 190, 36
28, 200, 35
29, 210, 35
29, 220, 35
29, 220, 35
29, 230, 35
31, 240, 34
31, 250, 36
31, 260, 36
32, 270, 35
32, 270, 35
34, 280, 37
34, 290, 39
34, 300, 38
34, 310, 38
34, 320, 38
34, 320, 38
35, 330, 37
36, 340, 38
36, 350, 39
37, 360, 38
39, 370, 39
{'count': 589, 'truepos': 39, 'falseneg': 0, 'correction': 0, 'unknownyes': 6, 'falsepos': 0, 'unique': 370}
21: K_all3.csv: knee: 0, 0
2, 10
5, 20
6, 30
11, 40
13, 50
15, 60
17, 70
17, 80
20, 90
21, 100
21, 110
23, 120
23, 130
25, 140
26, 150
27, 160
28, 170
29, 180
29, 190
29, 200
30, 210
30, 220
30, 230
31, 240
31, 250
31, 260
32, 270
32, 280
33, 290
34, 300
35, 310
35, 320
36, 330
39, 340
39, 350
39, 360
39, 370
39, 380
39, 390
40, 400
40, 410
40, 420
40, 430
40, 440
41, 450
41, 460
41, 470
42, 480
42, 490
42, 500
42, 510
42, 520
42, 530
42, 540
42, 550
42, 560
42, 570
42, 580
42, 590
42, 600
42, 610
42, 620
42, 630
43, 640
43, 650
43, 660
43, 670
43, 680
43, 690
{'count': 995, 'truepos': 43, 'falseneg': 0, 'correction': 0, 'unknownyes': 2, 'falsepos': 0, 'unique': 690}

------------------------------------------------------------
Sender: LSF System <lsfadmin@n2d1-1>
Subject: Job 629157: </share/tjmenzie/zyu9/miniconda2/bin/python2.7 runner.py error_hpcc 21> in cluster <henry2> Done

Job </share/tjmenzie/zyu9/miniconda2/bin/python2.7 runner.py error_hpcc 21> was submitted from host <login01.hpc.ncsu.edu> by user <zyu9> in cluster <henry2> at Tue Jan 30 18:08:16 2018.
Job was executed on host(s) <2*n2d1-1>, in queue <single_chassis>, as user <zyu9> in cluster <henry2> at Tue Jan 30 18:08:18 2018.
</home/zyu9> was used as the home directory.
</home/zyu9/projects/MAR_HPC/Error/src> was used as the working directory.
Started at Tue Jan 30 18:08:18 2018.
Terminated at Tue Jan 30 18:45:13 2018.
Results reported at Tue Jan 30 18:45:13 2018.

Your job looked like:

------------------------------------------------------------
# LSBATCH: User input
/share/tjmenzie/zyu9/miniconda2/bin/python2.7 runner.py error_hpcc 21
------------------------------------------------------------

Successfully completed.

Resource usage summary:

    CPU time :                                   3030.94 sec.
    Max Memory :                                 287.16 MB
    Average Memory :                             227.73 MB
    Total Requested Memory :                     -
    Delta Memory :                               -
    Max Swap :                                   1332 MB
    Max Processes :                              3
    Max Threads :                                8
    Run time :                                   2218 sec.
    Turnaround time :                            2217 sec.

The output (if any) is above this job summary.



PS:

Read file <./err/21.err.629157> for stderr output of this job.

