21: Hall.csv: none: 0, 0
6, 10
8, 20, 105
10, 30, 108
14, 40, 101
18, 50, 96
21, 60, 95
26, 70, 88
30, 80, 93
33, 90, 74
33, 100, 74
35, 110, 66
39, 120, 60
40, 130, 67
41, 140, 68
43, 150, 60
46, 160, 61
49, 170, 67
50, 180, 69
52, 190, 66
52, 200, 75
52, 210, 72
53, 220, 72
54, 230, 76
54, 240, 82
55, 250, 71
55, 260, 70
57, 270, 69
57, 280, 76
60, 290, 71
62, 300, 71
65, 310, 73
66, 320, 80
66, 330, 85
66, 340, 81
67, 350, 81
68, 360, 82
68, 370, 81
68, 380, 81
68, 390, 84
69, 400, 81
69, 410, 83
69, 420, 82
69, 430, 81
69, 440, 83
71, 450, 82
71, 460, 81
71, 470, 85
71, 480, 86
72, 490, 83
72, 500, 81
72, 510, 84
72, 520, 82
72, 530, 80
72, 540, 82
72, 550, 81
72, 560, 81
72, 570, 80
72, 580, 79
72, 590, 82
72, 600, 79
72, 610, 79
72, 620, 80
72, 630, 80
72, 640, 80
72, 650, 80
72, 660, 79
72, 670, 81
72, 680, 80
72, 690, 79
72, 700, 80
72, 710, 79
72, 720, 79
72, 730, 79
72, 740, 80
72, 750, 78
72, 760, 79
72, 770, 78
72, 780, 79
72, 790, 78
72, 800, 78
73, 810, 77
73, 820, 79
73, 830, 79
73, 840, 79
73, 850, 80
73, 860, 79
73, 870, 79
73, 880, 79
74, 890, 79
74, 900, 80
74, 910, 80
74, 920, 80
74, 930, 81
74, 940, 80
74, 950, 81
74, 960, 80
74, 970, 81
74, 980, 80
74, 990, 81
74, 1000, 80
74, 1010, 80
74, 1020, 80
74, 1030, 80
74, 1040, 79
74, 1050, 79
74, 1060, 80
74, 1070, 80
74, 1080, 80
74, 1090, 80
74, 1100, 79
74, 1110, 79
74, 1120, 79
74, 1130, 78
74, 1140, 79
74, 1150, 78
74, 1160, 78
74, 1170, 78
74, 1180, 78
74, 1190, 78
74, 1200, 79
74, 1210, 78
74, 1220, 78
74, 1230, 79
74, 1240, 78
74, 1250, 77
74, 1260, 77
74, 1270, 78
74, 1280, 77
74, 1290, 77
74, 1300, 78
74, 1310, 77
74, 1320, 77
75, 1330, 77
75, 1340, 79
75, 1350, 79
75, 1360, 80
75, 1370, 79
75, 1380, 79
75, 1390, 79
76, 1400, 79
76, 1410, 80
76, 1420, 80
76, 1430, 80
76, 1440, 80
76, 1450, 80
76, 1460, 80
76, 1470, 79
76, 1480, 80
76, 1490, 80
76, 1500, 80
76, 1510, 79
76, 1520, 79
76, 1530, 80
76, 1540, 80
76, 1550, 80
76, 1560, 80
76, 1570, 79
76, 1580, 79
76, 1590, 79
76, 1600, 79
76, 1610, 79
76, 1620, 79
76, 1630, 79
76, 1640, 79
76, 1650, 79
76, 1660, 79
76, 1670, 79
76, 1680, 79
76, 1690, 79
76, 1700, 79
76, 1710, 79
76, 1720, 79
76, 1730, 79
76, 1740, 79
76, 1750, 79
76, 1760, 79
76, 1770, 79
76, 1780, 79
76, 1790, 79
76, 1800, 79
76, 1810, 79
76, 1820, 79
76, 1830, 78
76, 1840, 78
76, 1850, 79
76, 1860, 79
76, 1870, 79
76, 1880, 78
76, 1890, 78
76, 1900, 78
76, 1910, 78
76, 1920, 78
76, 1930, 78
76, 1940, 78
76, 1950, 78
76, 1960, 78
76, 1970, 78
76, 1980, 78
76, 1990, 78
76, 2000, 78
76, 2010, 78
76, 2020, 78
76, 2030, 78
76, 2040, 78
76, 2050, 78
76, 2060, 78
76, 2070, 78
76, 2080, 78
76, 2090, 78
76, 2100, 78
76, 2110, 78
76, 2120, 78
76, 2130, 78
76, 2140, 78
{'count': 2140, 'truepos': 71, 'falseneg': 32, 'correction': 0, 'unknownyes': 1, 'falsepos': 5, 'unique': 2140}
21: Hall.csv: three: 0, 0
7, 10
10, 20, 109
13, 30, 109
16, 40, 91
19, 50, 87
24, 60, 86
27, 70, 89
30, 80, 92
36, 90, 74
39, 100, 88
43, 110, 91
43, 120, 104
48, 130, 88
51, 140, 85
54, 150, 82
56, 160, 95
58, 170, 84
63, 180, 82
65, 190, 89
70, 200, 90
72, 210, 90
75, 220, 90
79, 230, 99
79, 240, 100
80, 250, 95
82, 260, 97
82, 270, 97
83, 280, 96
83, 290, 97
84, 300, 95
85, 310, 99
86, 320, 99
86, 330, 99
86, 340, 97
86, 350, 106
87, 360, 99
87, 370, 98
87, 380, 101
87, 390, 98
87, 400, 99
87, 410, 96
87, 420, 101
87, 430, 97
88, 440, 99
88, 450, 98
88, 460, 98
88, 470, 97
88, 480, 97
88, 490, 96
88, 500, 95
88, 510, 94
88, 520, 96
88, 530, 95
88, 540, 96
88, 550, 94
88, 560, 93
88, 570, 94
88, 580, 94
88, 590, 93
88, 600, 93
88, 610, 94
88, 620, 93
89, 630, 93
89, 640, 93
89, 650, 94
89, 660, 93
89, 670, 93
89, 680, 93
89, 690, 93
89, 700, 93
89, 710, 93
89, 720, 95
89, 730, 94
89, 740, 94
89, 750, 93
89, 760, 94
89, 770, 94
89, 780, 94
89, 790, 94
89, 800, 92
89, 810, 93
89, 820, 92
89, 830, 92
89, 840, 92
89, 850, 93
89, 860, 93
89, 870, 93
89, 880, 93
89, 890, 92
89, 900, 92
89, 910, 92
89, 920, 92
89, 930, 92
89, 940, 92
89, 950, 92
89, 960, 92
89, 970, 92
89, 980, 92
89, 990, 92
89, 1000, 92
89, 1010, 92
89, 1020, 92
89, 1030, 92
89, 1040, 92
89, 1050, 92
89, 1060, 92
89, 1070, 92
89, 1080, 91
89, 1090, 92
89, 1100, 92
89, 1110, 92
89, 1120, 92
89, 1130, 91
89, 1140, 92
89, 1150, 92
89, 1160, 92
89, 1170, 91
89, 1180, 92
89, 1190, 91
89, 1200, 92
89, 1210, 92
89, 1220, 92
89, 1230, 91
89, 1240, 92
89, 1250, 92
89, 1260, 92
89, 1270, 91
89, 1280, 91
89, 1290, 92
89, 1300, 91
89, 1310, 91
89, 1320, 91
89, 1330, 91
{'count': 2709, 'truepos': 89, 'falseneg': 14, 'correction': 45, 'unknownyes': 1, 'falsepos': 0, 'unique': 1330}
21: Hall.csv: machine: 0, 0
3, 10
3, 20, 97
7, 30, 80
11, 40, 98
13, 50, 91
16, 60, 86
['yes']
['no' 'no' 'no' 'no' 'no' 'yes' 'no' 'no' 'yes' 'no' 'yes' 'no' 'yes' 'no'
 'no' 'no' 'no' 'no' 'yes']
20, 60, 86
22, 70, 91
24, 80, 84
25, 90, 84
29, 100, 72
34, 110, 70
['yes']
['yes' 'no' 'yes' 'no' 'yes' 'no' 'yes' 'yes' 'yes' 'no' 'no' 'yes' 'no'
 'no' 'no' 'no' 'yes' 'no' 'no']
39, 110, 70
41, 120, 75
44, 130, 76
46, 140, 76
49, 150, 76
51, 160, 80
['yes']
['no' 'no' 'no' 'yes' 'no' 'no' 'yes' 'no' 'no' 'no' 'no' 'no' 'no' 'no'
 'no' 'no' 'no' 'no' 'no']
53, 160, 80
56, 170, 75
59, 180, 78
62, 190, 81
63, 200, 84
64, 210, 82
['yes']
['no' 'yes' 'yes' 'no' 'no' 'yes' 'no' 'yes' 'no' 'no' 'no' 'yes' 'no'
 'no' 'no' 'no' 'no' 'no' 'no']
67, 210, 82
69, 220, 82
70, 230, 81
71, 240, 87
73, 250, 82
76, 260, 86
['yes']
['yes' 'yes' 'no' 'yes' 'no' 'no' 'no' 'no' 'yes' 'no' 'yes' 'no' 'no'
 'no' 'yes' 'no' 'no' 'no' 'no']
82, 260, 86
85, 270, 96
86, 280, 98
87, 290, 102
88, 300, 100
88, 310, 100
['yes']
['no' 'yes' 'no' 'no' 'no' 'no' 'no' 'no' 'no' 'no' 'no' 'no' 'no' 'no'
 'no' 'no' 'no' 'yes' 'no']
90, 310, 100
90, 320, 102
90, 330, 99
90, 340, 101
91, 350, 100
91, 360, 108
['yes']
['no' 'no' 'no' 'no' 'yes' 'no' 'no' 'no' 'no' 'no' 'no' 'no' 'no' 'no'
 'yes' 'no' 'no' 'no' 'no']
92, 360, 108
93, 370, 105
93, 380, 107
93, 390, 104
93, 400, 103
93, 410, 102
['yes']
['no' 'no' 'no' 'no' 'no' 'no' 'no' 'no' 'no' 'no' 'no' 'no' 'no' 'no'
 'no' 'no' 'no' 'no' 'no']
93, 410, 102
93, 420, 103
93, 430, 101
94, 440, 99
94, 450, 101
96, 460, 101
['no']
['yes' 'no' 'no' 'no' 'no' 'no' 'no' 'no' 'no' 'no' 'no' 'no' 'no' 'no'
 'no' 'no' 'no' 'no' 'no']
96, 460, 101
96, 470, 103
96, 480, 102
96, 490, 102
96, 500, 103
96, 510, 102
['no']
['no' 'no' 'no' 'no' 'no' 'no' 'no' 'no' 'no' 'no' 'no' 'no' 'no' 'no'
 'no' 'no' 'no' 'no' 'no']
95, 510, 102
95, 520, 101
95, 530, 101
95, 540, 101
95, 550, 100
{'count': 753, 'truepos': 94, 'falseneg': 8, 'correction': 27, 'unknownyes': 2, 'falsepos': 1, 'unique': 550}
21: Hall.csv: knee: 0, 0
5, 10
9, 20
11, 30
13, 40
16, 50
19, 60
25, 70
32, 80
33, 90
34, 100
39, 110
41, 120
43, 130
44, 140
48, 150
48, 160
50, 170
52, 180
56, 190
58, 200
60, 210
61, 220
63, 230
65, 240
65, 250
65, 260
65, 270
65, 280
66, 290
66, 300
66, 310
66, 320
66, 330
66, 340
66, 350
66, 360
{'count': 521, 'truepos': 83, 'falseneg': 15, 'correction': 23, 'unknownyes': 6, 'falsepos': 0, 'unique': 360}
21: Wahono.csv: none: 0, 0
1, 10
2, 20, 128
7, 30, 68
10, 40, 87
14, 50, 91
17, 60, 92
17, 70, 101
17, 80, 82
17, 90, 62
17, 100, 57
18, 110, 50
18, 120, 50
19, 130, 46
22, 140, 46
22, 150, 52
23, 160, 48
24, 170, 50
27, 180, 49
29, 190, 56
30, 200, 56
30, 210, 62
32, 220, 53
32, 230, 60
32, 240, 56
32, 250, 52
32, 260, 49
32, 270, 50
33, 280, 50
33, 290, 51
33, 300, 50
33, 310, 45
33, 320, 51
33, 330, 49
33, 340, 46
34, 350, 48
34, 360, 53
34, 370, 52
34, 380, 47
34, 390, 50
34, 400, 46
34, 410, 47
34, 420, 46
34, 430, 47
34, 440, 46
34, 450, 46
34, 460, 46
34, 470, 45
34, 480, 46
34, 490, 45
34, 500, 45
34, 510, 45
34, 520, 43
34, 530, 45
35, 540, 41
35, 550, 47
35, 560, 43
35, 570, 42
35, 580, 44
35, 590, 44
35, 600, 45
35, 610, 45
35, 620, 44
35, 630, 43
35, 640, 43
35, 650, 42
35, 660, 42
35, 670, 42
36, 680, 42
37, 690, 45
37, 700, 45
37, 710, 44
39, 720, 43
40, 730, 45
40, 740, 46
40, 750, 46
41, 760, 46
42, 770, 48
42, 780, 49
42, 790, 48
42, 800, 49
43, 810, 48
43, 820, 49
43, 830, 50
43, 840, 50
43, 850, 50
43, 860, 49
43, 870, 50
43, 880, 49
43, 890, 49
43, 900, 49
43, 910, 49
43, 920, 48
43, 930, 48
44, 940, 48
44, 950, 50
44, 960, 50
44, 970, 51
44, 980, 50
44, 990, 50
44, 1000, 50
44, 1010, 49
44, 1020, 49
44, 1030, 49
44, 1040, 49
44, 1050, 49
44, 1060, 49
44, 1070, 49
44, 1080, 49
44, 1090, 49
44, 1100, 49
44, 1110, 49
44, 1120, 48
44, 1130, 48
44, 1140, 48
45, 1150, 49
45, 1160, 49
45, 1170, 50
45, 1180, 49
45, 1190, 49
45, 1200, 49
45, 1210, 49
46, 1220, 49
46, 1230, 50
46, 1240, 50
46, 1250, 50
46, 1260, 50
46, 1270, 50
47, 1280, 50
47, 1290, 51
47, 1300, 51
47, 1310, 51
47, 1320, 51
47, 1330, 51
47, 1340, 51
47, 1350, 51
47, 1360, 50
47, 1370, 51
47, 1380, 51
47, 1390, 50
47, 1400, 50
47, 1410, 50
47, 1420, 50
47, 1430, 50
49, 1440, 50
49, 1450, 53
49, 1460, 52
49, 1470, 52
49, 1480, 53
49, 1490, 52
49, 1500, 53
49, 1510, 52
49, 1520, 52
49, 1530, 52
49, 1540, 52
49, 1550, 52
49, 1560, 53
49, 1570, 52
49, 1580, 52
49, 1590, 52
50, 1600, 52
50, 1610, 53
50, 1620, 53
50, 1630, 53
50, 1640, 53
50, 1650, 53
50, 1660, 53
{'count': 1660, 'truepos': 43, 'falseneg': 16, 'correction': 0, 'unknownyes': 3, 'falsepos': 7, 'unique': 1660}
21: Wahono.csv: three: 0, 0
6, 10
6, 20, 100
8, 30, 93
11, 40, 90
12, 50, 81
16, 60, 60
17, 70, 69
19, 80, 55
20, 90, 60
21, 100, 53
21, 110, 51
21, 120, 45
21, 130, 44
21, 140, 43
23, 150, 42
25, 160, 45
27, 170, 48
28, 180, 55
30, 190, 52
31, 200, 57
32, 210, 58
32, 220, 60
32, 230, 55
32, 240, 56
32, 250, 51
32, 260, 53
33, 270, 48
33, 280, 48
33, 290, 51
33, 300, 46
34, 310, 47
35, 320, 49
37, 330, 48
39, 340, 51
39, 350, 52
40, 360, 53
40, 370, 55
40, 380, 51
40, 390, 54
40, 400, 52
41, 410, 49
42, 420, 51
42, 430, 51
42, 440, 53
42, 450, 53
42, 460, 52
43, 470, 53
44, 480, 51
44, 490, 54
44, 500, 55
44, 510, 52
45, 520, 53
45, 530, 55
45, 540, 55
47, 550, 53
47, 560, 54
47, 570, 56
48, 580, 55
48, 590, 57
48, 600, 58
48, 610, 57
48, 620, 58
48, 630, 56
48, 640, 57
48, 650, 55
49, 660, 55
49, 670, 56
49, 680, 57
49, 690, 57
49, 700, 57
49, 710, 56
49, 720, 57
49, 730, 56
49, 740, 55
49, 750, 56
49, 760, 55
49, 770, 57
49, 780, 55
49, 790, 56
49, 800, 57
49, 810, 55
49, 820, 55
49, 830, 56
49, 840, 55
49, 850, 55
49, 860, 56
49, 870, 55
49, 880, 54
49, 890, 55
49, 900, 54
49, 910, 54
49, 920, 55
49, 930, 54
49, 940, 54
49, 950, 54
49, 960, 54
49, 970, 54
49, 980, 54
49, 990, 54
49, 1000, 54
50, 1010, 54
50, 1020, 54
50, 1030, 54
50, 1040, 55
50, 1050, 54
50, 1060, 54
50, 1070, 54
50, 1080, 54
50, 1090, 54
50, 1100, 55
50, 1110, 54
50, 1120, 54
50, 1130, 53
50, 1140, 53
50, 1150, 53
50, 1160, 54
50, 1170, 53
50, 1180, 54
50, 1190, 54
50, 1200, 53
50, 1210, 53
50, 1220, 54
50, 1230, 54
50, 1240, 54
50, 1250, 54
50, 1260, 54
50, 1270, 54
50, 1280, 54
50, 1290, 53
50, 1300, 53
50, 1310, 54
50, 1320, 53
50, 1330, 53
50, 1340, 53
50, 1350, 53
50, 1360, 53
50, 1370, 53
50, 1380, 53
50, 1390, 53
50, 1400, 53
50, 1410, 53
50, 1420, 53
50, 1430, 53
50, 1440, 53
50, 1450, 53
50, 1460, 52
50, 1470, 52
50, 1480, 52
50, 1490, 52
50, 1500, 52
50, 1510, 52
50, 1520, 52
50, 1530, 52
{'count': 3092, 'truepos': 50, 'falseneg': 9, 'correction': 29, 'unknownyes': 3, 'falsepos': 0, 'unique': 1530}
21: Wahono.csv: machine: 0, 0
3, 10
6, 20, 86
7, 30, 93
9, 40, 83
11, 50, 69
12, 60, 66
['yes']
['no' 'yes' 'no' 'yes' 'yes' 'no' 'no' 'yes' 'no' 'no' 'no' 'no' 'yes'
 'no' 'no' 'no' 'no' 'no' 'no']
14, 60, 66
14, 70, 64
14, 80, 48
15, 90, 44
18, 100, 47
20, 110, 51
['yes']
['yes' 'no' 'no' 'no' 'no' 'no' 'no' 'no' 'no' 'no' 'no' 'no' 'no' 'no'
 'no' 'no' 'no' 'no' 'no']
20, 110, 51
22, 120, 54
22, 130, 57
22, 140, 53
25, 150, 49
26, 160, 55
['yes']
['no' 'no' 'no' 'no' 'no' 'no' 'no' 'yes' 'no' 'no' 'no' 'no' 'no' 'no'
 'no' 'no' 'no' 'no' 'no']
28, 160, 55
28, 170, 61
30, 180, 56
32, 190, 50
34, 200, 54
37, 210, 56
['yes']
['no' 'no' 'no' 'no' 'no' 'no' 'no' 'no' 'no' 'no' 'no' 'no' 'no' 'no'
 'no' 'no' 'no' 'no' 'yes']
38, 210, 56
39, 220, 72
40, 230, 68
41, 240, 66
41, 250, 64
42, 260, 62
['yes']
['no' 'no' 'no' 'no' 'no' 'yes' 'no' 'no' 'no' 'no' 'no' 'no' 'no' 'no'
 'no' 'no' 'no' 'no' 'no']
43, 260, 62
43, 270, 67
43, 280, 67
43, 290, 60
43, 300, 64
43, 310, 60
['yes']
['no' 'no' 'no' 'no' 'yes' 'no' 'no' 'no' 'no' 'no' 'no' 'no' 'no' 'no'
 'no' 'no' 'no' 'no' 'no']
44, 310, 60
45, 320, 59
45, 330, 63
46, 340, 59
46, 350, 61
46, 360, 61
['yes']
['no' 'no' 'no' 'no' 'no' 'no' 'yes' 'no' 'no' 'no' 'no' 'no' 'no' 'no'
 'no' 'no' 'no' 'no' 'no']
46, 360, 61
46, 370, 62
46, 380, 61
46, 390, 63
46, 400, 58
46, 410, 60
['yes']
['no' 'no' 'no' 'no' 'no' 'no' 'no' 'no' 'no' 'no' 'no' 'no' 'no' 'no'
 'no' 'no' 'no' 'no' 'no']
46, 410, 60
46, 420, 61
47, 430, 57
48, 440, 59
48, 450, 58
49, 460, 58
['yes']
['no' 'no' 'no' 'no' 'no' 'no' 'yes' 'no' 'no' 'no' 'no' 'no' 'no' 'no'
 'no' 'no' 'no' 'no' 'no']
49, 460, 58
49, 470, 60
50, 480, 59
50, 490, 60
50, 500, 61
50, 510, 60
['no']
['no' 'no' 'no' 'no' 'no' 'no' 'no' 'no' 'no' 'no' 'no' 'no' 'no' 'no'
 'no' 'no' 'no' 'no' 'no']
51, 510, 60
51, 520, 62
51, 530, 61
51, 540, 60
51, 550, 61
51, 560, 60
['yes']
['no' 'no' 'no' 'no' 'no' 'no' 'no' 'no' 'no' 'no' 'no' 'no' 'no' 'no'
 'no' 'no' 'no' 'no' 'no']
51, 560, 60
52, 570, 60
52, 580, 63
52, 590, 61
53, 600, 61
53, 610, 62
['yes']
['no' 'no' 'no' 'no' 'no' 'no' 'no' 'no' 'no' 'no' 'no' 'no' 'no' 'no'
 'no' 'no' 'no' 'no' 'no']
53, 610, 62
53, 620, 61
53, 630, 61
53, 640, 61
53, 650, 60
53, 660, 61
['yes']
['no' 'no' 'no' 'no' 'no' 'no' 'no' 'no' 'no' 'no' 'no' 'no' 'no' 'no'
 'no' 'no' 'no' 'no' 'no']
53, 660, 61
53, 670, 61
53, 680, 61
53, 690, 60
53, 700, 61
53, 710, 61
['yes']
['no' 'no' 'no' 'no' 'no' 'no' 'no' 'no' 'no' 'no' 'no' 'no' 'no' 'no'
 'no' 'no' 'no' 'no' 'no']
53, 710, 61
53, 720, 59
53, 730, 59
53, 740, 60
53, 750, 60
54, 760, 60
['no']
['no' 'no' 'no' 'no' 'no' 'no' 'no' 'no' 'no' 'no' 'no' 'no' 'no' 'no'
 'no' 'no' 'no' 'no' 'no']
53, 760, 60
53, 770, 59
53, 780, 60
53, 790, 59
53, 800, 59
53, 810, 59
['yes']
['no' 'no' 'no' 'no' 'no' 'no' 'no' 'no' 'no' 'no' 'no' 'no' 'no' 'no'
 'no' 'no' 'no' 'no' 'no']
53, 810, 59
53, 820, 59
53, 830, 59
53, 840, 58
53, 850, 58
53, 860, 58
['yes']
['no' 'no' 'no' 'no' 'no' 'no' 'no' 'no' 'no' 'no' 'no' 'no' 'no' 'no'
 'no' 'no' 'no' 'no' 'no']
53, 860, 58
53, 870, 58
53, 880, 58
53, 890, 58
53, 900, 58
53, 910, 58
['yes']
['no' 'no' 'no' 'no' 'no' 'no' 'no' 'no' 'no' 'no' 'no' 'no' 'no' 'no'
 'no' 'no' 'no' 'no' 'no']
53, 910, 58
53, 920, 59
53, 930, 57
53, 940, 58
53, 950, 58
53, 960, 58
['yes']
['no' 'no' 'no' 'no' 'no' 'no' 'no' 'no' 'no' 'no' 'no' 'no' 'no' 'no'
 'no' 'no' 'no' 'no' 'no']
53, 960, 58
53, 970, 57
53, 980, 57
53, 990, 57
53, 1000, 57
53, 1010, 57
['yes']
['no' 'no' 'no' 'no' 'no' 'no' 'no' 'no' 'no' 'no' 'no' 'no' 'no' 'no'
 'no' 'no' 'no' 'no' 'no']
53, 1010, 57
53, 1020, 58
53, 1030, 57
53, 1040, 57
53, 1050, 57
53, 1060, 57
['yes']
['no' 'no' 'no' 'no' 'yes' 'no' 'no' 'no' 'no' 'no' 'no' 'no' 'no' 'no'
 'no' 'no' 'no' 'no' 'no']
54, 1060, 57
54, 1070, 58
54, 1080, 58
54, 1090, 58
54, 1100, 57
54, 1110, 58
['yes']
['no' 'no' 'no' 'no' 'no' 'no' 'no' 'no' 'no' 'no' 'no' 'no' 'no' 'no'
 'no' 'no' 'no' 'no' 'no']
53, 1110, 58
53, 1120, 57
53, 1130, 57
54, 1140, 57
55, 1150, 57
55, 1160, 59
['no']
['no' 'no' 'no' 'no' 'no' 'no' 'no' 'no' 'no' 'no' 'no' 'no' 'no' 'no'
 'no' 'no' 'no' 'no' 'no']
54, 1160, 59
54, 1170, 57
54, 1180, 57
54, 1190, 57
54, 1200, 57
54, 1210, 57
['yes']
['no' 'no' 'no' 'no' 'no' 'no' 'no' 'no' 'no' 'no' 'no' 'no' 'no' 'no'
 'no' 'no' 'no' 'no' 'no']
54, 1210, 57
54, 1220, 57
54, 1230, 57
54, 1240, 57
54, 1250, 57
54, 1260, 57
['yes']
['no' 'no' 'no' 'no' 'yes' 'no' 'no' 'no' 'no' 'no' 'no' 'no' 'no' 'no'
 'no' 'no' 'no' 'no' 'no']
54, 1260, 57
54, 1270, 57
54, 1280, 57
54, 1290, 57
54, 1300, 57
54, 1310, 57
['yes']
['no' 'no' 'no' 'no' 'yes' 'no' 'no' 'no' 'no' 'no' 'no' 'no' 'no' 'no'
 'no' 'no' 'no' 'no' 'no']
54, 1310, 57
54, 1320, 57
54, 1330, 57
54, 1340, 57
54, 1350, 57
54, 1360, 57
['yes']
['no' 'no' 'no' 'no' 'no' 'no' 'no' 'no' 'no' 'no' 'no' 'no' 'no' 'no'
 'no' 'yes' 'no' 'no' 'no']
54, 1360, 57
{'count': 1909, 'truepos': 49, 'falseneg': 10, 'correction': 17, 'unknownyes': 3, 'falsepos': 5, 'unique': 1360}
21: Wahono.csv: knee: 0, 0
4, 10
5, 20
9, 30
9, 40
10, 50
12, 60
12, 70
13, 80
14, 90
16, 100
16, 110
17, 120
17, 130
18, 140
18, 150
19, 160
19, 170
19, 180
21, 190
21, 200
23, 210
23, 220
23, 230
23, 240
23, 250
24, 260
26, 270
27, 280
27, 290
28, 300
28, 310
28, 320
28, 330
28, 340
29, 350
30, 360
32, 370
35, 380
36, 390
36, 400
37, 410
39, 420
39, 430
39, 440
39, 450
39, 460
39, 470
39, 480
39, 490
39, 500
40, 510
40, 520
40, 530
40, 540
40, 550
40, 560
{'count': 942, 'truepos': 49, 'falseneg': 6, 'correction': 9, 'unknownyes': 7, 'falsepos': 1, 'unique': 560}
21: Danijel.csv: none: 0, 0
2, 10
2, 20, 123
3, 30, 81
4, 40, 67
6, 50, 62
8, 60, 59
12, 70, 59
13, 80, 67
13, 90, 62
16, 100, 53
16, 110, 52
16, 120, 48
16, 130, 45
16, 140, 43
17, 150, 41
17, 160, 42
19, 170, 41
19, 180, 44
20, 190, 43
20, 200, 44
21, 210, 43
22, 220, 44
22, 230, 44
22, 240, 44
22, 250, 44
22, 260, 44
23, 270, 44
25, 280, 44
27, 290, 46
31, 300, 48
31, 310, 44
31, 320, 42
31, 330, 41
32, 340, 45
32, 350, 44
32, 360, 45
32, 370, 44
33, 380, 41
33, 390, 43
33, 400, 41
33, 410, 43
33, 420, 41
33, 430, 42
33, 440, 43
34, 450, 41
34, 460, 42
34, 470, 43
34, 480, 41
35, 490, 40
35, 500, 42
35, 510, 43
36, 520, 42
36, 530, 44
36, 540, 43
36, 550, 43
36, 560, 44
36, 570, 42
36, 580, 43
36, 590, 43
36, 600, 42
36, 610, 43
36, 620, 41
36, 630, 42
36, 640, 41
36, 650, 41
36, 660, 41
36, 670, 40
36, 680, 41
36, 690, 41
36, 700, 40
36, 710, 40
37, 720, 41
37, 730, 41
37, 740, 41
37, 750, 41
37, 760, 41
37, 770, 42
37, 780, 41
37, 790, 41
37, 800, 41
37, 810, 42
37, 820, 41
37, 830, 41
37, 840, 41
38, 850, 41
38, 860, 42
38, 870, 42
38, 880, 41
39, 890, 41
39, 900, 43
39, 910, 42
39, 920, 43
39, 930, 42
39, 940, 42
39, 950, 42
40, 960, 42
40, 970, 43
40, 980, 43
40, 990, 43
40, 1000, 43
40, 1010, 43
40, 1020, 43
41, 1030, 43
41, 1040, 44
{'count': 1040, 'truepos': 35, 'falseneg': 11, 'correction': 0, 'unknownyes': 2, 'falsepos': 6, 'unique': 1040}
21: Danijel.csv: three: 0, 0
2, 10
2, 20, 99
3, 30, 66
4, 40, 55
4, 50, 52
6, 60, 47
6, 70, 56
6, 80, 51
7, 90, 50
8, 100, 49
8, 110, 51
11, 120, 49
13, 130, 52
15, 140, 52
17, 150, 51
19, 160, 51
21, 170, 52
23, 180, 52
24, 190, 52
24, 200, 51
24, 210, 47
25, 220, 46
25, 230, 46
25, 240, 46
26, 250, 46
28, 260, 47
28, 270, 49
28, 280, 48
28, 290, 47
28, 300, 47
28, 310, 47
28, 320, 47
28, 330, 47
29, 340, 48
29, 350, 47
29, 360, 47
31, 370, 48
31, 380, 40
31, 390, 38
31, 400, 40
31, 410, 39
31, 420, 40
31, 430, 38
31, 440, 38
32, 450, 38
32, 460, 40
32, 470, 40
33, 480, 37
33, 490, 39
33, 500, 39
33, 510, 38
33, 520, 39
33, 530, 38
33, 540, 39
33, 550, 38
34, 560, 38
34, 570, 40
34, 580, 40
34, 590, 40
34, 600, 40
34, 610, 40
34, 620, 39
34, 630, 39
34, 640, 39
34, 650, 39
34, 660, 38
34, 670, 39
34, 680, 39
34, 690, 38
34, 700, 38
34, 710, 38
34, 720, 38
34, 730, 38
34, 740, 38
34, 750, 39
34, 760, 38
34, 770, 38
34, 780, 38
34, 790, 38
34, 800, 37
34, 810, 38
34, 820, 38
34, 830, 37
34, 840, 37
34, 850, 37
34, 860, 37
34, 870, 37
34, 880, 37
34, 890, 37
34, 900, 36
34, 910, 37
34, 920, 37
34, 930, 38
34, 940, 37
34, 950, 36
34, 960, 36
34, 970, 37
34, 980, 37
34, 990, 36
34, 1000, 37
35, 1010, 37
35, 1020, 38
35, 1030, 38
35, 1040, 38
35, 1050, 38
35, 1060, 38
35, 1070, 37
35, 1080, 38
35, 1090, 38
35, 1100, 37
35, 1110, 38
35, 1120, 38
35, 1130, 37
35, 1140, 37
35, 1150, 37
35, 1160, 37
35, 1170, 38
35, 1180, 37
35, 1190, 37
35, 1200, 37
35, 1210, 37
35, 1220, 38
35, 1230, 37
35, 1240, 37
35, 1250, 37
35, 1260, 37
35, 1270, 37
35, 1280, 37
35, 1290, 37
35, 1300, 37
35, 1310, 37
35, 1320, 37
35, 1330, 37
35, 1340, 37
35, 1350, 37
35, 1360, 37
35, 1370, 37
35, 1380, 37
35, 1390, 37
35, 1400, 37
35, 1410, 36
35, 1420, 37
35, 1430, 36
35, 1440, 36
35, 1450, 36
35, 1460, 36
35, 1470, 36
35, 1480, 36
35, 1490, 36
35, 1500, 36
35, 1510, 37
35, 1520, 37
35, 1530, 37
35, 1540, 36
35, 1550, 36
35, 1560, 37
36, 1570, 36
36, 1580, 39
36, 1590, 38
36, 1600, 38
36, 1610, 38
36, 1620, 38
{'count': 3266, 'truepos': 36, 'falseneg': 12, 'correction': 23, 'unknownyes': 0, 'falsepos': 0, 'unique': 1620}
21: Danijel.csv: machine: 0, 0
4, 10
4, 20, 127
5, 30, 94
5, 40, 71
5, 50, 64
6, 60, 48
['yes']
['no' 'no' 'no' 'no' 'no' 'no' 'no' 'no' 'no' 'no' 'no' 'no' 'no' 'no'
 'no' 'no' 'no' 'no' 'no']
6, 60, 48
11, 70, 43
13, 80, 59
14, 90, 54
14, 100, 45
16, 110, 42
['yes']
['yes' 'no' 'no' 'no' 'no' 'no' 'yes' 'no' 'no' 'no' 'no' 'no' 'no' 'no'
 'no' 'no' 'no' 'no' 'yes']
19, 110, 42
20, 120, 48
20, 130, 46
21, 140, 43
22, 150, 43
22, 160, 43
['yes']
['yes' 'no' 'no' 'no' 'no' 'no' 'no' 'no' 'no' 'no' 'no' 'no' 'no' 'yes'
 'yes' 'no' 'no' 'no' 'no']
22, 160, 43
23, 170, 43
23, 180, 46
23, 190, 43
23, 200, 42
23, 210, 41
['yes']
['no' 'no' 'no' 'no' 'no' 'no' 'no' 'no' 'no' 'no' 'no' 'no' 'no' 'no'
 'no' 'yes' 'no' 'no' 'yes']
25, 210, 41
25, 220, 44
26, 230, 43
27, 240, 45
30, 250, 45
30, 260, 45
['yes']
['no' 'no' 'no' 'no' 'yes' 'no' 'no' 'no' 'no' 'no' 'no' 'no' 'no' 'no'
 'no' 'no' 'no' 'no' 'no']
32, 260, 45
32, 270, 48
32, 280, 43
32, 290, 46
32, 300, 42
33, 310, 43
['yes']
['no' 'no' 'no' 'no' 'yes' 'no' 'no' 'no' 'no' 'no' 'no' 'no' 'no' 'no'
 'no' 'no' 'no' 'no' 'no']
33, 310, 43
33, 320, 44
33, 330, 42
33, 340, 41
33, 350, 42
33, 360, 41
['yes']
['no' 'no' 'no' 'no' 'no' 'no' 'no' 'no' 'no' 'no' 'no' 'no' 'no' 'no'
 'no' 'no' 'no' 'no' 'no']
34, 360, 41
34, 370, 46
35, 380, 46
35, 390, 45
35, 400, 46
35, 410, 45
['yes']
['no' 'no' 'no' 'no' 'no' 'no' 'no' 'no' 'no' 'no' 'no' 'no' 'no' 'no'
 'no' 'no' 'no' 'no' 'no']
34, 410, 45
34, 420, 45
34, 430, 42
34, 440, 42
35, 450, 43
35, 460, 42
['yes']
['no' 'no' 'no' 'no' 'no' 'no' 'no' 'no' 'no' 'no' 'no' 'no' 'no' 'no'
 'no' 'no' 'no' 'no' 'no']
35, 460, 42
35, 470, 43
35, 480, 43
35, 490, 41
35, 500, 42
35, 510, 41
['yes']
['no' 'no' 'no' 'no' 'no' 'no' 'no' 'no' 'no' 'no' 'no' 'no' 'no' 'no'
 'no' 'no' 'no' 'no' 'no']
35, 510, 41
35, 520, 42
35, 530, 42
35, 540, 41
35, 550, 40
35, 560, 40
['yes']
['no' 'no' 'no' 'no' 'no' 'no' 'no' 'no' 'no' 'no' 'no' 'no' 'no' 'no'
 'no' 'yes' 'no' 'no' 'no']
36, 560, 40
36, 570, 42
36, 580, 42
36, 590, 42
36, 600, 41
36, 610, 41
['yes']
['no' 'no' 'no' 'no' 'no' 'no' 'no' 'no' 'no' 'no' 'no' 'no' 'no' 'no'
 'no' 'no' 'no' 'no' 'no']
35, 610, 41
35, 620, 39
35, 630, 40
35, 640, 39
35, 650, 39
35, 660, 39
['yes']
['no' 'no' 'no' 'no' 'no' 'no' 'no' 'no' 'no' 'no' 'no' 'no' 'no' 'no'
 'no' 'no' 'no' 'no' 'no']
35, 660, 39
35, 670, 39
35, 680, 39
35, 690, 39
36, 700, 38
36, 710, 39
['yes']
['no' 'no' 'no' 'no' 'no' 'no' 'no' 'no' 'no' 'no' 'no' 'no' 'no' 'no'
 'no' 'no' 'no' 'no' 'no']
35, 710, 39
35, 720, 38
35, 730, 38
35, 740, 38
36, 750, 38
36, 760, 39
['yes']
['no' 'no' 'no' 'no' 'no' 'no' 'no' 'no' 'no' 'no' 'no' 'no' 'no' 'no'
 'no' 'no' 'no' 'no' 'no']
36, 760, 39
36, 770, 38
36, 780, 39
36, 790, 39
36, 800, 38
36, 810, 39
['no']
['no' 'no' 'no' 'no' 'no' 'no' 'no' 'no' 'no' 'no' 'no' 'no' 'yes' 'no'
 'no' 'no' 'no' 'no' 'no']
35, 810, 39
35, 820, 37
35, 830, 37
35, 840, 37
36, 850, 37
36, 860, 38
['yes']
['no' 'no' 'no' 'no' 'no' 'no' 'no' 'no' 'no' 'no' 'no' 'no' 'no' 'no'
 'no' 'no' 'no' 'no' 'no']
36, 860, 38
36, 870, 38
36, 880, 38
36, 890, 39
36, 900, 38
36, 910, 38
['yes']
['no' 'no' 'no' 'no' 'no' 'no' 'no' 'no' 'no' 'no' 'no' 'no' 'no' 'no'
 'no' 'no' 'no' 'no' 'no']
38, 910, 38
{'count': 1275, 'truepos': 33, 'falseneg': 11, 'correction': 11, 'unknownyes': 4, 'falsepos': 5, 'unique': 910}
21: Danijel.csv: knee: 0, 0
3, 10
3, 20
5, 30
5, 40
8, 50
9, 60
10, 70
14, 80
15, 90
16, 100
16, 110
17, 120
19, 130
20, 140
20, 150
20, 160
21, 170
22, 180
22, 190
24, 200
25, 210
26, 220
26, 230
26, 240
26, 250
27, 260
28, 270
28, 280
28, 290
28, 300
28, 310
29, 320
29, 330
29, 340
29, 350
29, 360
29, 370
29, 380
30, 390
30, 400
31, 410
31, 420
31, 430
31, 440
31, 450
31, 460
31, 470
31, 480
31, 490
31, 500
31, 510
32, 520
32, 530
32, 540
32, 550
32, 560
33, 570
33, 580
33, 590
33, 600
33, 610
33, 620
34, 630
34, 640
34, 650
34, 660
34, 670
34, 680
{'count': 885, 'truepos': 38, 'falseneg': 5, 'correction': 11, 'unknownyes': 5, 'falsepos': 1, 'unique': 680}
21: K_all3.csv: none: 0, 0
1, 10
1, 20, 94
1, 30, 61
1, 40, 51
1, 50, 48
1, 60, 46
1, 70, 44
1, 80, 43
1, 90, 42
2, 100, 42
2, 110, 40
2, 120, 39
2, 130, 38
2, 140, 38
2, 150, 38
2, 160, 37
2, 170, 37
3, 180, 37
4, 190, 38
7, 200, 39
9, 210, 42
11, 220, 41
13, 230, 41
17, 240, 41
19, 250, 46
19, 260, 46
21, 270, 44
22, 280, 45
24, 290, 45
24, 300, 46
24, 310, 45
24, 320, 45
25, 330, 44
25, 340, 44
25, 350, 44
25, 360, 44
25, 370, 43
25, 380, 43
25, 390, 43
26, 400, 43
27, 410, 44
28, 420, 45
28, 430, 45
28, 440, 45
29, 450, 45
29, 460, 45
29, 470, 45
30, 480, 45
31, 490, 35
31, 500, 38
31, 510, 36
31, 520, 36
31, 530, 36
32, 540, 33
32, 550, 37
33, 560, 35
34, 570, 35
34, 580, 36
34, 590, 37
34, 600, 37
35, 610, 36
35, 620, 37
36, 630, 37
36, 640, 38
36, 650, 38
36, 660, 38
36, 670, 38
{'count': 670, 'truepos': 30, 'falseneg': 11, 'correction': 0, 'unknownyes': 4, 'falsepos': 6, 'unique': 670}
21: K_all3.csv: three: 0, 0
1, 10
1, 20, 92
1, 30, 61
1, 40, 51
1, 50, 48
1, 60, 46
1, 70, 44
1, 80, 43
2, 90, 42
3, 100, 43
4, 110, 46
6, 120, 45
7, 130, 41
8, 140, 41
11, 150, 40
14, 160, 42
17, 170, 43
17, 180, 45
18, 190, 42
19, 200, 42
22, 210, 41
23, 220, 43
25, 230, 43
25, 240, 44
25, 250, 43
25, 260, 42
25, 270, 42
25, 280, 42
25, 290, 41
25, 300, 41
25, 310, 41
25, 320, 41
25, 330, 41
25, 340, 41
25, 350, 40
25, 360, 40
25, 370, 40
25, 380, 40
25, 390, 40
25, 400, 40
26, 410, 40
26, 420, 41
27, 430, 41
27, 440, 41
28, 450, 41
29, 460, 42
29, 470, 42
29, 480, 42
29, 490, 42
29, 500, 42
30, 510, 42
30, 520, 34
31, 530, 33
31, 540, 34
31, 550, 33
31, 560, 33
32, 570, 33
32, 580, 35
32, 590, 35
33, 600, 34
33, 610, 35
33, 620, 35
34, 630, 35
34, 640, 36
34, 650, 36
34, 660, 36
34, 670, 36
34, 680, 36
34, 690, 36
{'count': 1407, 'truepos': 34, 'falseneg': 9, 'correction': 23, 'unknownyes': 2, 'falsepos': 0, 'unique': 690}
21: K_all3.csv: machine: 0, 0
0, 10
2, 20
2, 30, 69
4, 40, 61
4, 50, 54
4, 60, 45
4, 70, 42
['yes']
['no' 'no' 'no' 'yes' 'no' 'yes' 'no' 'no' 'no' 'no' 'no' 'no' 'no' 'no'
 'no' 'no' 'no' 'no' 'no']
5, 70, 42
6, 80, 42
7, 90, 41
7, 100, 42
8, 110, 40
9, 120, 40
['yes']
['no' 'no' 'no' 'no' 'no' 'no' 'no' 'no' 'no' 'no' 'yes' 'no' 'no' 'no'
 'no' 'no' 'no' 'no' 'no']
10, 120, 40
11, 130, 43
13, 140, 42
15, 150, 42
16, 160, 42
17, 170, 43
['yes']
['no' 'yes' 'no' 'yes' 'no' 'no' 'no' 'no' 'no' 'yes' 'no' 'no' 'yes' 'no'
 'no' 'no' 'no' 'no' 'no']
21, 170, 43
25, 180, 47
26, 190, 50
26, 200, 49
26, 210, 47
27, 220, 45
['yes']
['no' 'no' 'no' 'no' 'no' 'no' 'no' 'no' 'no' 'no' 'no' 'no' 'no' 'no'
 'no' 'no' 'yes' 'no' 'no']
28, 220, 45
30, 230, 48
30, 240, 40
32, 250, 38
34, 260, 41
35, 270, 44
['yes']
['no' 'no' 'no' 'no' 'no' 'no' 'no' 'no' 'no' 'no' 'no' 'no' 'no' 'no'
 'no' 'no' 'no' 'no' 'yes']
36, 270, 44
36, 280, 45
36, 290, 46
36, 300, 44
36, 310, 44
37, 320, 42
['no']
['no' 'no' 'no' 'no' 'no' 'no' 'no' 'no' 'no' 'no' 'no' 'no' 'no' 'no'
 'no' 'no' 'no' 'no' 'no']
36, 320, 42
37, 330, 42
38, 340, 42
39, 350, 45
39, 360, 44
40, 370, 44
['yes']
['no' 'no' 'no' 'no' 'no' 'no' 'no' 'no' 'no' 'no' 'no' 'no' 'no' 'no'
 'no' 'no' 'no' 'no' 'no']
40, 370, 44
40, 380, 45
40, 390, 44
41, 400, 43
41, 410, 44
41, 420, 44
['yes']
['no' 'no' 'no' 'no' 'no' 'no' 'no' 'no' 'no' 'no' 'no' 'no' 'no' 'no'
 'no' 'no' 'no' 'no' 'no']
42, 420, 44
42, 430, 45
42, 440, 45
{'count': 602, 'truepos': 38, 'falseneg': 3, 'correction': 10, 'unknownyes': 4, 'falsepos': 4, 'unique': 440}
21: K_all3.csv: knee: 0, 0
1, 10
1, 20
1, 30
1, 40
1, 50
1, 60
1, 70
1, 80
2, 90
4, 100
7, 110
9, 120
10, 130
11, 140
12, 150
13, 160
15, 170
16, 180
18, 190
20, 200
21, 210
22, 220
24, 230
24, 240
24, 250
25, 260
26, 270
26, 280
26, 290
26, 300
26, 310
26, 320
26, 330
26, 340
27, 350
27, 360
27, 370
27, 380
27, 390
27, 400
27, 410
27, 420
28, 430
28, 440
28, 450
28, 460
28, 470
28, 480
28, 490
28, 500
28, 510
28, 520
28, 530
28, 540
28, 550
28, 560
28, 570
28, 580
28, 590
28, 600
28, 610
28, 620
28, 630
28, 640
29, 650
29, 660
29, 670
29, 680
29, 690
29, 700
29, 710
29, 720
29, 730
29, 740
29, 750
29, 760
30, 770
{'count': 1022, 'truepos': 30, 'falseneg': 11, 'correction': 6, 'unknownyes': 4, 'falsepos': 4, 'unique': 770}

------------------------------------------------------------
Sender: LSF System <lsfadmin@n2c1-13>
Subject: Job 759538: </share/tjmenzie/zyu9/miniconda2/bin/python2.7 runner.py error_hpcc 21> in cluster <henry2> Done

Job </share/tjmenzie/zyu9/miniconda2/bin/python2.7 runner.py error_hpcc 21> was submitted from host <login01.hpc.ncsu.edu> by user <zyu9> in cluster <henry2> at Sat Feb 24 16:17:36 2018.
Job was executed on host(s) <2*n2c1-13>, in queue <single_chassis>, as user <zyu9> in cluster <henry2> at Sat Feb 24 16:17:42 2018.
</home/zyu9> was used as the home directory.
</home/zyu9/projects/MAR_HPC/Error/src> was used as the working directory.
Started at Sat Feb 24 16:17:42 2018.
Terminated at Sat Feb 24 17:35:06 2018.
Results reported at Sat Feb 24 17:35:06 2018.

Your job looked like:

------------------------------------------------------------
# LSBATCH: User input
/share/tjmenzie/zyu9/miniconda2/bin/python2.7 runner.py error_hpcc 21
------------------------------------------------------------

Successfully completed.

Resource usage summary:

    CPU time :                                   5872.23 sec.
    Max Memory :                                 283.36 MB
    Average Memory :                             219.23 MB
    Total Requested Memory :                     -
    Delta Memory :                               -
    Max Swap :                                   1328 MB
    Max Processes :                              3
    Max Threads :                                8
    Run time :                                   4648 sec.
    Turnaround time :                            4650 sec.

The output (if any) is above this job summary.



PS: The stderr output (if any) follows:



PS:

Fail to open stderr file ./err/21.err.759538: No such file or directory.
The stderr output is included in this report.

