21: Hall.csv: none: 0, 0
5, 10
9, 20, 95
9, 30, 107
12, 40, 102
15, 50, 103
20, 60, 104
22, 70, 104
24, 80, 107
26, 90, 98
29, 100, 95
33, 110, 87
38, 120, 82
44, 130, 93
48, 140, 98
52, 150, 99
53, 160, 104
56, 170, 89
57, 180, 93
58, 190, 88
62, 200, 84
62, 210, 100
63, 220, 92
68, 230, 83
69, 240, 95
70, 250, 95
70, 260, 92
70, 270, 88
70, 280, 90
71, 290, 87
75, 300, 84
75, 310, 90
77, 320, 88
77, 330, 91
77, 340, 90
77, 350, 90
77, 360, 89
77, 370, 87
77, 380, 90
78, 390, 88
78, 400, 90
78, 410, 92
78, 420, 88
79, 430, 87
79, 440, 88
79, 450, 93
79, 460, 89
79, 470, 88
79, 480, 88
79, 490, 88
79, 500, 87
79, 510, 87
79, 520, 87
79, 530, 86
79, 540, 85
79, 550, 87
79, 560, 86
80, 570, 87
80, 580, 87
80, 590, 87
80, 600, 87
80, 610, 88
80, 620, 86
80, 630, 87
80, 640, 87
80, 650, 86
80, 660, 87
80, 670, 86
80, 680, 86
80, 690, 85
80, 700, 86
80, 710, 85
80, 720, 85
80, 730, 85
80, 740, 86
80, 750, 85
80, 760, 85
{'count': 760, 'truepos': 79, 'falseneg': 23, 'correction': 0, 'unknownyes': 2, 'falsepos': 1, 'unique': 760}
21: Hall.csv: three: 0, 0
7, 10
9, 20, 115
12, 30, 110
15, 40, 115
17, 50, 110
20, 60, 108
22, 70, 113
23, 80, 110
28, 90, 97
32, 100, 104
38, 110, 86
44, 120, 92
53, 130, 97
56, 140, 106
58, 150, 93
60, 160, 95
61, 170, 92
66, 180, 88
69, 190, 90
71, 200, 87
74, 210, 93
75, 220, 106
75, 230, 100
75, 240, 96
77, 250, 92
78, 260, 89
79, 270, 94
81, 280, 90
81, 290, 94
81, 300, 91
81, 310, 93
83, 320, 94
83, 330, 95
84, 340, 91
84, 350, 94
84, 360, 98
84, 370, 93
84, 380, 91
84, 390, 94
84, 400, 94
84, 410, 93
84, 420, 90
84, 430, 91
84, 440, 90
84, 450, 90
84, 460, 90
84, 470, 91
84, 480, 89
84, 490, 89
84, 500, 89
{'count': 1039, 'truepos': 84, 'falseneg': 18, 'correction': 31, 'unknownyes': 2, 'falsepos': 0, 'unique': 500}
21: Hall.csv: machine: 0, 0
1, 10
1, 20, 131
4, 30, 112
7, 40, 109
9, 50, 89
10, 60, 85
[]
['no' 'no' 'no' 'yes']
10, 60, 77
11, 70, 77
12, 80, 64
16, 90, 56
19, 100, 64
24, 110, 63
[]
['yes' 'no' 'no' 'no' 'no' 'no' 'no' 'yes' 'no' 'yes' 'no' 'yes' 'no'
 'yes']
27, 110, 77
29, 120, 80
32, 130, 71
39, 140, 64
40, 150, 77
42, 160, 74
['yes']
['no' 'yes' 'yes' 'yes' 'yes' 'yes' 'no' 'yes' 'yes' 'no' 'no' 'no' 'yes'
 'yes' 'no' 'no' 'yes' 'no' 'no' 'no' 'no' 'yes' 'no' 'yes' 'no' 'no' 'no'
 'yes' 'yes' 'no' 'no' 'no' 'no' 'no' 'no' 'no' 'no' 'no' 'no' 'no' 'yes'
 'no' 'no' 'no' 'yes' 'no' 'yes' 'no' 'no' 'yes']
54, 160, 73
57, 170, 85
59, 180, 83
60, 190, 88
61, 200, 86
62, 210, 84
['yes']
['yes' 'no' 'no' 'no' 'no' 'no' 'no' 'no' 'no' 'no' 'no' 'no' 'no' 'no'
 'yes' 'no' 'no' 'no' 'no' 'no' 'no' 'no' 'no' 'no' 'no' 'no' 'no' 'yes'
 'no' 'no' 'no' 'yes' 'no' 'no' 'no' 'no' 'no' 'no' 'no' 'no' 'no' 'no'
 'yes' 'no' 'no' 'no' 'no' 'no' 'yes']
66, 210, 87
67, 220, 94
68, 230, 91
70, 240, 84
72, 250, 91
72, 260, 94
['yes']
['no' 'no' 'no' 'no' 'no' 'no' 'no' 'yes' 'no' 'no' 'no' 'no' 'no' 'no'
 'no' 'no' 'no' 'no' 'no' 'no' 'no' 'no' 'no' 'no' 'no' 'no' 'no' 'no'
 'no' 'no' 'no']
72, 260, 92
72, 270, 91
73, 280, 90
75, 290, 86
75, 300, 90
78, 310, 88
['yes']
['no' 'no' 'no' 'no' 'no' 'no' 'no' 'no']
78, 310, 88
80, 320, 90
82, 330, 92
82, 340, 94
83, 350, 93
84, 360, 94
['yes']
['no' 'no' 'no' 'no' 'no' 'no' 'no' 'no' 'no' 'no' 'no' 'no' 'no' 'no']
84, 360, 95
84, 370, 93
84, 380, 94
84, 390, 92
84, 400, 91
84, 410, 93
['yes']
['no' 'no']
84, 410, 90
84, 420, 90
84, 430, 92
84, 440, 90
84, 450, 91
84, 460, 92
['yes']
[]
83, 460, 89
83, 470, 89
83, 480, 89
83, 490, 88
83, 500, 89
85, 510, 88
['no']
['no' 'no' 'no' 'no' 'yes']
86, 510, 90
86, 520, 92
87, 530, 93
87, 540, 94
87, 550, 93
87, 560, 93
['yes']
[]
87, 560, 92
87, 570, 93
87, 580, 92
87, 590, 92
87, 600, 92
{'count': 786, 'truepos': 86, 'falseneg': 17, 'correction': 22, 'unknownyes': 1, 'falsepos': 1, 'unique': 600}
21: Hall.csv: knee: 0, 0
5, 10
9, 20
10, 30
11, 40
12, 50
15, 60
15, 70
17, 80
19, 90
22, 100
25, 110
29, 120
33, 130
34, 140
35, 150
37, 160
37, 170
37, 180
38, 190
43, 200
46, 210
48, 220
49, 230
52, 240
55, 250
55, 260
56, 270
60, 280
60, 290
60, 300
61, 310
61, 320
61, 330
61, 340
61, 350
61, 360
62, 370
62, 380
{'count': 602, 'truepos': 85, 'falseneg': 14, 'correction': 24, 'unknownyes': 5, 'falsepos': 1, 'unique': 380}
21: Wahono.csv: none: 0, 0
4, 10
4, 20, 91
6, 30, 87
7, 40, 73
9, 50, 51
11, 60, 52
13, 70, 51
15, 80, 55
16, 90, 57
16, 100, 52
17, 110, 46
17, 120, 45
17, 130, 43
18, 140, 42
19, 150, 44
19, 160, 44
20, 170, 43
21, 180, 44
21, 190, 44
22, 200, 43
24, 210, 43
24, 220, 45
24, 230, 44
26, 240, 43
26, 250, 47
28, 260, 45
30, 270, 47
30, 280, 47
31, 290, 50
31, 300, 55
31, 310, 47
32, 320, 48
32, 330, 48
32, 340, 48
32, 350, 48
33, 360, 44
33, 370, 44
33, 380, 46
33, 390, 45
34, 400, 44
35, 410, 44
35, 420, 46
35, 430, 49
36, 440, 46
36, 450, 48
36, 460, 47
36, 470, 46
36, 480, 47
36, 490, 46
37, 500, 45
37, 510, 45
37, 520, 46
37, 530, 46
37, 540, 45
37, 550, 46
37, 560, 45
37, 570, 45
37, 580, 44
37, 590, 44
37, 600, 43
37, 610, 43
37, 620, 43
37, 630, 43
37, 640, 45
37, 650, 44
37, 660, 43
38, 670, 43
39, 680, 44
40, 690, 44
40, 700, 47
40, 710, 47
40, 720, 46
40, 730, 46
40, 740, 47
40, 750, 46
40, 760, 46
40, 770, 46
40, 780, 46
40, 790, 46
40, 800, 46
40, 810, 46
40, 820, 45
40, 830, 45
40, 840, 45
40, 850, 45
40, 860, 45
40, 870, 46
40, 880, 45
40, 890, 45
40, 900, 45
40, 910, 44
40, 920, 45
40, 930, 44
40, 940, 44
40, 950, 44
40, 960, 45
40, 970, 44
40, 980, 44
40, 990, 44
40, 1000, 44
40, 1010, 44
40, 1020, 44
40, 1030, 44
40, 1040, 44
40, 1050, 44
40, 1060, 44
40, 1070, 44
40, 1080, 44
40, 1090, 43
41, 1100, 44
41, 1110, 45
41, 1120, 46
41, 1130, 45
41, 1140, 45
41, 1150, 45
41, 1160, 45
41, 1170, 45
41, 1180, 45
41, 1190, 44
41, 1200, 45
41, 1210, 44
41, 1220, 44
41, 1230, 45
41, 1240, 44
41, 1250, 44
41, 1260, 44
41, 1270, 44
41, 1280, 44
41, 1290, 44
41, 1300, 44
41, 1310, 44
41, 1320, 44
42, 1330, 44
42, 1340, 45
42, 1350, 45
42, 1360, 45
42, 1370, 46
42, 1380, 45
42, 1390, 45
42, 1400, 45
42, 1410, 45
42, 1420, 45
42, 1430, 45
42, 1440, 45
42, 1450, 45
42, 1460, 45
42, 1470, 45
42, 1480, 45
42, 1490, 45
{'count': 1490, 'truepos': 40, 'falseneg': 21, 'correction': 0, 'unknownyes': 1, 'falsepos': 2, 'unique': 1490}
21: Wahono.csv: three: 0, 0
5, 10
6, 20, 104
6, 30, 93
10, 40, 70
12, 50, 78
13, 60, 56
15, 70, 43
15, 80, 47
15, 90, 42
16, 100, 39
16, 110, 41
16, 120, 41
18, 130, 40
19, 140, 43
19, 150, 44
20, 160, 44
20, 170, 45
21, 180, 45
21, 190, 46
21, 200, 46
23, 210, 46
24, 220, 49
26, 230, 48
27, 240, 51
27, 250, 51
27, 260, 49
27, 270, 49
29, 280, 48
31, 290, 52
33, 300, 48
33, 310, 50
34, 320, 55
34, 330, 55
35, 340, 52
35, 350, 53
36, 360, 54
36, 370, 60
36, 380, 53
38, 390, 53
38, 400, 54
40, 410, 54
41, 420, 57
43, 430, 59
43, 440, 57
44, 450, 57
44, 460, 61
44, 470, 58
44, 480, 58
44, 490, 54
44, 500, 56
44, 510, 56
44, 520, 55
44, 530, 56
44, 540, 55
44, 550, 54
44, 560, 54
44, 570, 54
44, 580, 55
45, 590, 51
45, 600, 52
45, 610, 54
45, 620, 54
45, 630, 53
45, 640, 52
45, 650, 54
45, 660, 53
45, 670, 52
45, 680, 52
45, 690, 51
45, 700, 50
45, 710, 52
45, 720, 51
45, 730, 52
45, 740, 51
45, 750, 51
45, 760, 51
45, 770, 51
45, 780, 51
45, 790, 51
45, 800, 51
45, 810, 51
45, 820, 50
45, 830, 51
45, 840, 50
45, 850, 51
45, 860, 49
45, 870, 51
45, 880, 51
45, 890, 49
45, 900, 50
45, 910, 51
45, 920, 49
45, 930, 50
45, 940, 49
45, 950, 50
45, 960, 50
46, 970, 49
46, 980, 50
46, 990, 50
46, 1000, 50
46, 1010, 50
46, 1020, 50
46, 1030, 50
46, 1040, 50
46, 1050, 50
46, 1060, 50
46, 1070, 50
46, 1080, 50
46, 1090, 50
46, 1100, 50
46, 1110, 49
46, 1120, 49
46, 1130, 50
46, 1140, 50
46, 1150, 50
46, 1160, 49
46, 1170, 50
46, 1180, 50
46, 1190, 49
46, 1200, 49
46, 1210, 49
46, 1220, 50
46, 1230, 49
46, 1240, 49
46, 1250, 49
46, 1260, 49
46, 1270, 49
46, 1280, 49
46, 1290, 50
46, 1300, 49
{'count': 2629, 'truepos': 46, 'falseneg': 14, 'correction': 27, 'unknownyes': 2, 'falsepos': 0, 'unique': 1300}
21: Wahono.csv: machine: 0, 0
3, 10
4, 20, 96
6, 30, 87
7, 40, 87
10, 50, 87
11, 60, 82
[]
['yes' 'yes' 'yes' 'no' 'no']
13, 60, 63
16, 70, 74
18, 80, 75
21, 90, 64
21, 100, 70
23, 110, 58
[]
['no' 'no' 'no' 'yes' 'no' 'no' 'no' 'no' 'no' 'no' 'no']
24, 110, 62
25, 120, 63
26, 130, 52
28, 140, 51
30, 150, 55
31, 160, 64
['yes']
['no' 'no' 'no' 'no' 'no' 'no' 'no' 'no' 'no' 'no' 'no' 'no' 'no' 'no'
 'no' 'no' 'no' 'no' 'no' 'no' 'yes' 'no' 'no' 'no' 'no' 'no' 'no' 'no'
 'no' 'no' 'no' 'no' 'no' 'no' 'no' 'no' 'yes' 'no' 'no' 'no' 'no' 'no'
 'no' 'no' 'no' 'no' 'no' 'no' 'no' 'no']
33, 160, 61
36, 170, 63
37, 180, 72
38, 190, 69
38, 200, 70
38, 210, 69
['yes']
['no' 'no' 'no' 'no' 'no' 'no' 'no' 'yes' 'no' 'no' 'no' 'no' 'no' 'no'
 'no' 'no' 'no' 'no' 'no' 'no' 'no' 'no' 'no' 'no' 'no' 'no' 'no' 'no'
 'no' 'no' 'no' 'no' 'yes' 'no' 'no' 'no' 'no' 'no' 'no']
40, 210, 64
40, 220, 73
40, 230, 69
40, 240, 63
40, 250, 61
41, 260, 59
['yes']
['no' 'no' 'no' 'no' 'no' 'no' 'no' 'no' 'no' 'no' 'no']
41, 260, 61
41, 270, 56
41, 280, 59
42, 290, 55
42, 300, 57
42, 310, 60
['yes']
['no' 'no' 'no']
42, 310, 55
42, 320, 58
42, 330, 56
43, 340, 55
43, 350, 56
43, 360, 58
['yes']
['no' 'no' 'no']
43, 360, 55
44, 370, 54
44, 380, 56
44, 390, 55
45, 400, 54
46, 410, 56
['yes']
['no' 'no' 'no' 'no' 'no' 'no' 'no' 'no' 'no']
46, 410, 57
46, 420, 56
46, 430, 56
46, 440, 57
46, 450, 56
46, 460, 55
['yes']
['no' 'no' 'no' 'no' 'no']
45, 460, 56
45, 470, 55
45, 480, 53
45, 490, 54
45, 500, 54
45, 510, 53
['yes']
['no' 'no']
44, 510, 54
46, 520, 51
46, 530, 56
46, 540, 54
46, 550, 55
48, 560, 54
['yes']
['no' 'no' 'no' 'no' 'yes' 'no']
48, 560, 56
48, 570, 56
48, 580, 57
48, 590, 57
48, 600, 58
48, 610, 55
['yes']
['no' 'no' 'no']
48, 610, 55
49, 620, 56
49, 630, 59
49, 640, 57
49, 650, 56
49, 660, 58
['yes']
['no' 'no' 'no' 'no' 'no' 'no' 'no']
48, 660, 56
48, 670, 55
48, 680, 55
48, 690, 54
48, 700, 54
48, 710, 54
['yes']
['no']
47, 710, 55
47, 720, 53
47, 730, 52
47, 740, 53
47, 750, 52
48, 760, 53
['yes']
['no' 'no' 'yes' 'no' 'no' 'no' 'no' 'no' 'no']
49, 760, 53
49, 770, 55
49, 780, 54
49, 790, 55
49, 800, 55
49, 810, 54
['yes']
['no']
48, 810, 54
48, 820, 54
48, 830, 53
48, 840, 52
48, 850, 52
48, 860, 54
['yes']
['no' 'no']
48, 860, 52
48, 870, 52
48, 880, 52
48, 890, 53
48, 900, 52
49, 910, 52
['no']
['no' 'no' 'no' 'no']
48, 910, 54
48, 920, 52
49, 930, 52
49, 940, 53
49, 950, 53
49, 960, 53
['no']
[]
48, 960, 54
50, 970, 52
50, 980, 55
50, 990, 55
50, 1000, 55
50, 1010, 54
['no']
['no']
49, 1010, 55
49, 1020, 53
49, 1030, 54
49, 1040, 53
49, 1050, 53
49, 1060, 53
['no']
['no' 'no']
48, 1060, 52
{'count': 1253, 'truepos': 48, 'falseneg': 10, 'correction': 12, 'unknownyes': 4, 'falsepos': 0, 'unique': 1060}
21: Wahono.csv: knee: 0, 0
5, 10
6, 20
7, 30
10, 40
13, 50
15, 60
15, 70
16, 80
16, 90
16, 100
16, 110
{'count': 156, 'truepos': 17, 'falseneg': 4, 'correction': 1, 'unknownyes': 41, 'falsepos': 0, 'unique': 110}
21: Danijel.csv: none: 0, 0
3, 10
5, 20, 98
6, 30, 87
6, 40, 89
7, 50, 61
7, 60, 55
8, 70, 45
11, 80, 45
15, 90, 49
17, 100, 60
17, 110, 63
18, 120, 56
20, 130, 47
22, 140, 48
23, 150, 47
26, 160, 45
27, 170, 46
28, 180, 46
28, 190, 47
28, 200, 45
28, 210, 45
28, 220, 44
28, 230, 44
29, 240, 44
29, 250, 46
29, 260, 46
29, 270, 46
29, 280, 46
29, 290, 46
29, 300, 46
29, 310, 47
31, 320, 47
31, 330, 40
32, 340, 40
33, 350, 41
33, 360, 41
33, 370, 41
33, 380, 40
34, 390, 42
34, 400, 44
35, 410, 41
35, 420, 41
35, 430, 42
35, 440, 41
35, 450, 42
35, 460, 41
35, 470, 41
35, 480, 40
36, 490, 41
36, 500, 44
36, 510, 44
36, 520, 42
36, 530, 41
37, 540, 42
37, 550, 42
37, 560, 42
37, 570, 42
37, 580, 42
37, 590, 43
37, 600, 42
37, 610, 42
37, 620, 42
37, 630, 41
37, 640, 41
37, 650, 42
37, 660, 41
37, 670, 41
37, 680, 42
37, 690, 42
37, 700, 41
37, 710, 40
37, 720, 40
37, 730, 40
37, 740, 41
37, 750, 41
38, 760, 40
38, 770, 41
38, 780, 41
38, 790, 41
38, 800, 41
38, 810, 41
38, 820, 41
{'count': 820, 'truepos': 37, 'falseneg': 9, 'correction': 0, 'unknownyes': 2, 'falsepos': 1, 'unique': 820}
21: Danijel.csv: three: 0, 0
4, 10
5, 20, 119
8, 30, 102
8, 40, 96
9, 50, 72
11, 60, 60
13, 70, 65
16, 80, 61
16, 90, 59
19, 100, 53
20, 110, 50
21, 120, 46
22, 130, 47
24, 140, 46
25, 150, 50
25, 160, 46
25, 170, 44
26, 180, 43
26, 190, 43
26, 200, 43
27, 210, 43
28, 220, 43
28, 230, 43
28, 240, 43
28, 250, 43
28, 260, 43
28, 270, 43
30, 280, 43
31, 290, 43
31, 300, 41
31, 310, 42
31, 320, 40
32, 330, 41
32, 340, 41
32, 350, 40
32, 360, 40
32, 370, 39
32, 380, 42
32, 390, 40
32, 400, 39
32, 410, 38
32, 420, 39
32, 430, 38
32, 440, 40
32, 450, 38
32, 460, 38
32, 470, 38
32, 480, 39
32, 490, 37
32, 500, 37
32, 510, 37
32, 520, 37
33, 530, 36
33, 540, 37
34, 550, 38
34, 560, 39
34, 570, 39
34, 580, 40
34, 590, 39
34, 600, 39
34, 610, 38
34, 620, 38
34, 630, 38
34, 640, 38
34, 650, 38
34, 660, 38
34, 670, 37
34, 680, 38
34, 690, 38
34, 700, 37
34, 710, 37
34, 720, 38
34, 730, 38
34, 740, 37
34, 750, 37
34, 760, 37
34, 770, 38
34, 780, 37
35, 790, 37
35, 800, 39
35, 810, 38
35, 820, 38
35, 830, 38
35, 840, 39
35, 850, 38
35, 860, 39
35, 870, 38
35, 880, 38
35, 890, 38
35, 900, 37
35, 910, 38
35, 920, 37
35, 930, 37
36, 940, 37
36, 950, 38
36, 960, 38
36, 970, 39
36, 980, 38
36, 990, 38
36, 1000, 38
36, 1010, 38
36, 1020, 38
36, 1030, 38
36, 1040, 38
36, 1050, 38
36, 1060, 39
36, 1070, 38
36, 1080, 38
36, 1090, 38
36, 1100, 38
36, 1110, 38
36, 1120, 38
36, 1130, 38
36, 1140, 38
36, 1150, 38
36, 1160, 38
36, 1170, 38
36, 1180, 38
36, 1190, 38
{'count': 2403, 'truepos': 36, 'falseneg': 10, 'correction': 21, 'unknownyes': 2, 'falsepos': 0, 'unique': 1190}
21: Danijel.csv: machine: 0, 0
3, 10
5, 20, 103
6, 30, 97
7, 40, 85
7, 50, 66
8, 60, 50
[]
['no' 'no' 'no' 'no' 'no']
8, 60, 49
9, 70, 49
10, 80, 45
12, 90, 43
13, 100, 48
13, 110, 46
[]
['no' 'no' 'no' 'yes']
13, 110, 45
15, 120, 45
15, 130, 49
15, 140, 45
16, 150, 44
18, 160, 44
[]
['no' 'no' 'yes' 'yes' 'no' 'no' 'no' 'no' 'no']
20, 160, 46
22, 170, 48
24, 180, 47
26, 190, 48
26, 200, 51
26, 210, 48
[]
['no' 'no' 'no' 'no' 'no' 'no']
26, 210, 46
27, 220, 46
27, 230, 46
27, 240, 45
28, 250, 45
28, 260, 47
[]
['no' 'yes' 'no']
29, 260, 47
29, 270, 47
30, 280, 47
31, 290, 42
32, 300, 43
33, 310, 43
['yes']
['no' 'no' 'yes' 'no' 'no' 'no' 'no' 'no' 'no' 'no' 'yes' 'no' 'no' 'no'
 'no' 'no' 'no' 'no' 'no' 'no' 'no' 'no' 'no' 'no' 'no' 'no' 'no' 'no'
 'no' 'no' 'no' 'no' 'no' 'no' 'yes' 'no' 'no' 'no' 'no' 'no' 'no' 'no'
 'no' 'no' 'no' 'no' 'no' 'no' 'no' 'no']
36, 310, 44
36, 320, 48
36, 330, 47
37, 340, 47
37, 350, 46
37, 360, 46
['yes']
['no' 'no' 'no' 'no' 'no' 'no' 'no' 'no' 'no' 'no' 'no' 'no' 'yes' 'no'
 'yes' 'no' 'no' 'no' 'no' 'no' 'no' 'no' 'no' 'no' 'no' 'no' 'no']
38, 360, 46
38, 370, 48
38, 380, 45
38, 390, 47
38, 400, 44
38, 410, 46
['no']
['no' 'no' 'no' 'no' 'no' 'no' 'no' 'no' 'no' 'no' 'no' 'no' 'no']
37, 410, 47
37, 420, 45
37, 430, 43
37, 440, 43
37, 450, 43
37, 460, 42
['yes']
['no' 'no' 'no' 'no' 'no' 'no' 'no' 'no' 'no']
37, 460, 46
37, 470, 44
37, 480, 43
38, 490, 43
38, 500, 42
38, 510, 43
['yes']
['no' 'no' 'no']
38, 510, 43
38, 520, 44
38, 530, 43
38, 540, 42
38, 550, 42
38, 560, 42
['yes']
['no']
37, 560, 44
37, 570, 41
37, 580, 41
37, 590, 41
38, 600, 41
39, 610, 41
['yes']
['yes' 'no' 'no' 'no' 'no' 'no' 'no' 'no' 'no' 'no' 'no']
40, 610, 43
40, 620, 45
40, 630, 44
40, 640, 44
40, 650, 44
40, 660, 44
['yes']
['no' 'no' 'no' 'no' 'no']
39, 660, 44
39, 670, 42
39, 680, 42
39, 690, 42
39, 700, 42
39, 710, 42
['yes']
[]
38, 710, 42
38, 720, 41
39, 730, 41
39, 740, 42
{'count': 895, 'truepos': 37, 'falseneg': 8, 'correction': 9, 'unknownyes': 3, 'falsepos': 2, 'unique': 740}
21: Danijel.csv: knee: 0, 0
3, 10
4, 20
6, 30
8, 40
10, 50
12, 60
14, 70
15, 80
15, 90
16, 100
16, 110
16, 120
16, 130
17, 140
17, 150
18, 160
20, 170
21, 180
22, 190
22, 200
22, 210
22, 220
23, 230
23, 240
23, 250
23, 260
23, 270
23, 280
23, 290
23, 300
23, 310
23, 320
23, 330
23, 340
24, 350
24, 360
24, 370
24, 380
{'count': 550, 'truepos': 30, 'falseneg': 9, 'correction': 7, 'unknownyes': 9, 'falsepos': 1, 'unique': 380}
21: K_all3.csv: none: 0, 0
2, 10
3, 20, 69
5, 30, 59
6, 40, 56
8, 50, 49
8, 60, 48
10, 70, 40
11, 80, 43
12, 90, 40
14, 100, 40
15, 110, 40
15, 120, 40
15, 130, 38
15, 140, 37
16, 150, 36
18, 160, 37
19, 170, 39
20, 180, 39
20, 190, 39
20, 200, 38
20, 210, 38
21, 220, 38
22, 230, 39
23, 240, 39
23, 250, 40
23, 260, 40
24, 270, 40
24, 280, 40
24, 290, 40
24, 300, 40
25, 310, 39
25, 320, 40
25, 330, 40
25, 340, 40
25, 350, 40
25, 360, 40
25, 370, 40
25, 380, 40
26, 390, 40
26, 400, 41
26, 410, 41
26, 420, 41
28, 430, 41
28, 440, 44
28, 450, 43
28, 460, 43
28, 470, 42
28, 480, 42
28, 490, 42
29, 500, 42
29, 510, 43
29, 520, 43
29, 530, 42
29, 540, 42
30, 550, 42
31, 560, 34
32, 570, 36
32, 580, 35
32, 590, 34
33, 600, 34
33, 610, 36
34, 620, 35
34, 630, 36
35, 640, 36
36, 650, 37
36, 660, 38
36, 670, 38
36, 680, 38
{'count': 680, 'truepos': 30, 'falseneg': 12, 'correction': 0, 'unknownyes': 3, 'falsepos': 6, 'unique': 680}
21: K_all3.csv: three: 0, 0
2, 10
5, 20, 70
6, 30, 63
10, 40, 55
11, 50, 60
13, 60, 54
14, 70, 51
14, 80, 44
17, 90, 39
20, 100, 43
22, 110, 46
22, 120, 46
23, 130, 42
23, 140, 43
23, 150, 41
23, 160, 40
24, 170, 39
25, 180, 40
25, 190, 42
25, 200, 41
26, 210, 41
26, 220, 42
28, 230, 42
28, 240, 43
28, 250, 43
28, 260, 43
28, 270, 42
30, 280, 42
30, 290, 38
30, 300, 37
31, 310, 36
31, 320, 38
31, 330, 37
31, 340, 36
31, 350, 35
31, 360, 35
31, 370, 34
32, 380, 34
32, 390, 36
32, 400, 35
32, 410, 34
32, 420, 34
33, 430, 34
34, 440, 35
34, 450, 36
34, 460, 36
34, 470, 36
34, 480, 37
34, 490, 36
34, 500, 36
34, 510, 36
34, 520, 36
{'count': 1069, 'truepos': 34, 'falseneg': 6, 'correction': 26, 'unknownyes': 5, 'falsepos': 0, 'unique': 520}
21: K_all3.csv: machine: 0, 0
2, 10
3, 20, 70
3, 30, 58
6, 40, 45
7, 50, 55
8, 60, 46
[]
['yes' 'no' 'no']
9, 60, 41
9, 70, 41
9, 80, 38
10, 90, 36
10, 100, 37
12, 110, 37
[]
['no' 'no' 'no' 'no']
12, 110, 39
14, 120, 39
14, 130, 38
15, 140, 37
16, 150, 38
16, 160, 38
[]
['no' 'no' 'no']
16, 160, 38
16, 170, 38
17, 180, 38
18, 190, 38
19, 200, 38
20, 210, 38
[]
['yes' 'no' 'no' 'no']
21, 210, 39
22, 220, 39
23, 230, 40
24, 240, 41
25, 250, 42
25, 260, 42
[]
['no' 'yes' 'no' 'no' 'yes' 'no' 'no' 'no' 'yes' 'no' 'no']
28, 260, 41
28, 270, 43
29, 280, 43
29, 290, 43
29, 300, 43
29, 310, 43
[]
['no' 'no' 'no' 'no']
29, 310, 43
29, 320, 43
29, 330, 43
29, 340, 43
29, 350, 43
30, 360, 43
['yes']
['no' 'no' 'no' 'no' 'no' 'no' 'no' 'no' 'no' 'no' 'no' 'no' 'no' 'no'
 'no' 'no' 'no' 'no' 'no' 'yes' 'no' 'no' 'no' 'no' 'no' 'no' 'no' 'no'
 'no' 'no' 'no']
31, 360, 35
31, 370, 37
31, 380, 35
32, 390, 34
33, 400, 35
35, 410, 37
['yes']
['no' 'yes' 'no' 'no' 'no' 'no' 'no' 'no' 'yes' 'no' 'no' 'no' 'no' 'no'
 'no' 'no' 'no' 'no' 'no' 'no']
35, 410, 39
35, 420, 41
35, 430, 41
35, 440, 40
35, 450, 38
36, 460, 38
['no']
['no' 'no' 'no' 'no' 'no' 'no' 'no' 'no' 'no' 'no' 'no' 'no' 'no' 'no'
 'no' 'no' 'no' 'no' 'no' 'no' 'no' 'no' 'no' 'no' 'no' 'no' 'no' 'no'
 'no' 'no' 'no' 'no']
36, 460, 41
36, 470, 40
36, 480, 41
36, 490, 40
36, 500, 39
36, 510, 38
['yes']
['no' 'no' 'no' 'no']
35, 510, 39
35, 520, 37
35, 530, 37
{'count': 650, 'truepos': 32, 'falseneg': 5, 'correction': 7, 'unknownyes': 8, 'falsepos': 3, 'unique': 530}
21: K_all3.csv: knee: 0, 0
2, 10
4, 20
7, 30
8, 40
10, 50
12, 60
12, 70
13, 80
14, 90
15, 100
16, 110
17, 120
17, 130
18, 140
18, 150
18, 160
21, 170
21, 180
22, 190
23, 200
24, 210
25, 220
25, 230
25, 240
25, 250
25, 260
25, 270
26, 280
27, 290
30, 300
30, 310
31, 320
32, 330
32, 340
32, 350
32, 360
32, 370
32, 380
32, 390
32, 400
32, 410
33, 420
33, 430
33, 440
33, 450
33, 460
33, 470
33, 480
33, 490
33, 500
33, 510
33, 520
{'count': 819, 'truepos': 34, 'falseneg': 5, 'correction': 6, 'unknownyes': 6, 'falsepos': 7, 'unique': 520}

------------------------------------------------------------
Sender: LSF System <lsfadmin@n2c2-11>
Subject: Job 639682: </share/tjmenzie/zyu9/miniconda2/bin/python2.7 runner.py error_hpcc 21> in cluster <henry2> Done

Job </share/tjmenzie/zyu9/miniconda2/bin/python2.7 runner.py error_hpcc 21> was submitted from host <login01.hpc.ncsu.edu> by user <zyu9> in cluster <henry2> at Thu Feb  1 12:17:34 2018.
Job was executed on host(s) <2*n2c2-11>, in queue <single_chassis>, as user <zyu9> in cluster <henry2> at Thu Feb  1 12:17:40 2018.
</home/zyu9> was used as the home directory.
</home/zyu9/projects/MAR_HPC/Error/src> was used as the working directory.
Started at Thu Feb  1 12:17:40 2018.
Terminated at Thu Feb  1 13:12:34 2018.
Results reported at Thu Feb  1 13:12:34 2018.

Your job looked like:

------------------------------------------------------------
# LSBATCH: User input
/share/tjmenzie/zyu9/miniconda2/bin/python2.7 runner.py error_hpcc 21
------------------------------------------------------------

Successfully completed.

Resource usage summary:

    CPU time :                                   4446.62 sec.
    Max Memory :                                 284.91 MB
    Average Memory :                             228.20 MB
    Total Requested Memory :                     -
    Delta Memory :                               -
    Max Swap :                                   1330 MB
    Max Processes :                              3
    Max Threads :                                8
    Run time :                                   3306 sec.
    Turnaround time :                            3300 sec.

The output (if any) is above this job summary.



PS: The stderr output (if any) follows:



PS:

Fail to open stderr file ./err/21.err.639682: No such file or directory.
The stderr output is included in this report.

