22: Hall.csv: none: 0, 0
7, 10
11, 20, 109
17, 30, 124
18, 40, 150
21, 50, 146
24, 60, 149
25, 70, 159
28, 80, 158
29, 90, 167
30, 100, 161
35, 110, 130
40, 120, 136
43, 130, 132
46, 140, 122
53, 150, 123
57, 160, 135
62, 170, 138
64, 180, 129
65, 190, 122
71, 200, 125
75, 210, 124
80, 220, 133
82, 230, 132
86, 240, 125
90, 250, 136
92, 260, 137
94, 270, 145
96, 280, 134
100, 290, 133
102, 300, 145
105, 310, 146
107, 320, 157
108, 330, 149
108, 340, 167
110, 350, 142
110, 360, 149
111, 370, 141
112, 380, 143
115, 390, 142
115, 400, 142
116, 410, 139
118, 420, 143
121, 430, 150
121, 440, 154
122, 450, 148
124, 460, 146
124, 470, 157
127, 480, 153
128, 490, 158
129, 500, 163
130, 510, 156
131, 520, 167
133, 530, 166
134, 540, 174
136, 550, 161
137, 560, 167
139, 570, 163
141, 580, 175
144, 590, 187
145, 600, 182
146, 610, 185
147, 620, 184
148, 630, 184
148, 640, 199
148, 650, 191
151, 660, 184
152, 670, 187
152, 680, 188
152, 690, 185
153, 700, 183
154, 710, 189
154, 720, 188
154, 730, 193
154, 740, 192
156, 750, 182
156, 760, 199
156, 770, 188
156, 780, 191
158, 790, 185
160, 800, 190
162, 810, 195
162, 820, 200
163, 830, 199
164, 840, 196
164, 850, 195
165, 860, 193
165, 870, 196
166, 880, 192
167, 890, 199
167, 900, 198
167, 910, 194
168, 920, 197
168, 930, 195
170, 940, 193
170, 950, 198
171, 960, 199
172, 970, 198
173, 980, 199
175, 990, 201
178, 1000, 207
179, 1010, 211
180, 1020, 219
180, 1030, 219
180, 1040, 212
181, 1050, 215
184, 1060, 212
184, 1070, 221
187, 1080, 213
188, 1090, 225
188, 1100, 221
189, 1110, 219
189, 1120, 218
190, 1130, 226
190, 1140, 220
190, 1150, 225
190, 1160, 221
190, 1170, 220
192, 1180, 221
193, 1190, 226
194, 1200, 226
194, 1210, 224
194, 1220, 226
194, 1230, 226
194, 1240, 227
195, 1250, 230
198, 1260, 228
199, 1270, 239
199, 1280, 237
200, 1290, 234
200, 1300, 236
201, 1310, 240
202, 1320, 234
203, 1330, 235
204, 1340, 234
205, 1350, 235
206, 1360, 236
207, 1370, 238
209, 1380, 234
209, 1390, 245
210, 1400, 239
211, 1410, 245
211, 1420, 247
212, 1430, 243
212, 1440, 246
212, 1450, 243
213, 1460, 246
214, 1470, 244
215, 1480, 244
215, 1490, 248
215, 1500, 243
217, 1510, 246
217, 1520, 252
217, 1530, 244
218, 1540, 249
219, 1550, 249
220, 1560, 252
222, 1570, 251
224, 1580, 252
224, 1590, 254
225, 1600, 251
226, 1610, 255
227, 1620, 260
229, 1630, 254
231, 1640, 260
235, 1650, 262
237, 1660, 265
240, 1670, 272
241, 1680, 271
241, 1690, 274
242, 1700, 275
243, 1710, 273
244, 1720, 274
244, 1730, 274
244, 1740, 275
244, 1750, 277
244, 1760, 274
244, 1770, 272
245, 1780, 275
247, 1790, 273
249, 1800, 278
251, 1810, 280
251, 1820, 284
252, 1830, 285
253, 1840, 282
254, 1850, 283
255, 1860, 288
257, 1870, 288
259, 1880, 296
262, 1890, 293
262, 1900, 298
263, 1910, 294
265, 1920, 296
265, 1930, 299
267, 1940, 294
268, 1950, 304
268, 1960, 303
269, 1970, 303
270, 1980, 304
270, 1990, 305
271, 2000, 309
274, 2010, 308
274, 2020, 311
276, 2030, 312
276, 2040, 314
277, 2050, 309
278, 2060, 312
278, 2070, 315
279, 2080, 312
279, 2090, 310
279, 2100, 314
279, 2110, 312
280, 2120, 311
284, 2130, 311
286, 2140, 313
287, 2150, 322
287, 2160, 327
287, 2170, 324
288, 2180, 322
290, 2190, 325
290, 2200, 332
291, 2210, 328
292, 2220, 332
292, 2230, 328
293, 2240, 327
293, 2250, 328
296, 2260, 333
298, 2270, 335
298, 2280, 337
298, 2290, 335
298, 2300, 338
299, 2310, 331
302, 2320, 338
306, 2330, 341
307, 2340, 345
307, 2350, 349
308, 2360, 350
308, 2370, 352
312, 2380, 353
312, 2390, 352
313, 2400, 353
313, 2410, 352
314, 2420, 351
316, 2430, 356
319, 2440, 360
321, 2450, 366
322, 2460, 366
323, 2470, 369
323, 2480, 373
324, 2490, 374
326, 2500, 372
329, 2510, 375
330, 2520, 371
331, 2530, 379
331, 2540, 380
334, 2550, 376
334, 2560, 381
335, 2570, 377
336, 2580, 385
337, 2590, 382
338, 2600, 386
340, 2610, 382
341, 2620, 386
341, 2630, 384
345, 2640, 385
346, 2650, 389
347, 2660, 387
349, 2670, 395
351, 2680, 395
353, 2690, 401
353, 2700, 399
353, 2710, 397
353, 2720, 398
355, 2730, 397
355, 2740, 402
356, 2750, 399
356, 2760, 401
356, 2770, 398
357, 2780, 399
358, 2790, 405
358, 2800, 404
359, 2810, 404
361, 2820, 402
362, 2830, 408
363, 2840, 408
363, 2850, 409
363, 2860, 406
363, 2870, 403
364, 2880, 409
366, 2890, 409
368, 2900, 409
368, 2910, 415
368, 2920, 418
369, 2930, 415
369, 2940, 418
372, 2950, 421
372, 2960, 426
373, 2970, 420
373, 2980, 423
375, 2990, 422
377, 3000, 425
378, 3010, 433
378, 3020, 430
380, 3030, 427
384, 3040, 426
385, 3050, 435
387, 3060, 436
387, 3070, 432
389, 3080, 436
390, 3090, 438
391, 3100, 440
391, 3110, 440
392, 3120, 435
394, 3130, 439
394, 3140, 439
394, 3150, 439
395, 3160, 443
396, 3170, 440
399, 3180, 440
403, 3190, 443
404, 3200, 445
406, 3210, 451
409, 3220, 450
409, 3230, 452
410, 3240, 451
411, 3250, 453
412, 3260, 460
412, 3270, 455
412, 3280, 456
412, 3290, 455
412, 3300, 456
412, 3310, 453
412, 3320, 454
413, 3330, 452
414, 3340, 456
415, 3350, 457
415, 3360, 454
416, 3370, 455
417, 3380, 458
417, 3390, 460
418, 3400, 457
420, 3410, 456
423, 3420, 461
423, 3430, 468
424, 3440, 464
425, 3450, 465
426, 3460, 466
427, 3470, 469
428, 3480, 475
431, 3490, 472
431, 3500, 473
431, 3510, 478
432, 3520, 472
433, 3530, 479
434, 3540, 474
437, 3550, 474
437, 3560, 485
439, 3570, 477
441, 3580, 482
443, 3590, 486
444, 3600, 490
444, 3610, 488
445, 3620, 489
445, 3630, 489
446, 3640, 485
447, 3650, 488
448, 3660, 492
449, 3670, 493
450, 3680, 487
451, 3690, 491
452, 3700, 493
455, 3710, 495
455, 3720, 499
456, 3730, 501
456, 3740, 500
456, 3750, 501
457, 3760, 501
457, 3770, 501
459, 3780, 500
459, 3790, 501
461, 3800, 499
461, 3810, 505
461, 3820, 506
462, 3830, 507
462, 3840, 508
462, 3850, 508
462, 3860, 505
463, 3870, 505
463, 3880, 507
463, 3890, 504
464, 3900, 507
465, 3910, 506
467, 3920, 506
467, 3930, 507
469, 3940, 507
470, 3950, 512
470, 3960, 511
472, 3970, 511
473, 3980, 512
474, 3990, 513
475, 4000, 516
475, 4010, 516
475, 4020, 520
475, 4030, 515
476, 4040, 513
478, 4050, 516
479, 4060, 517
481, 4070, 517
482, 4080, 520
482, 4090, 524
482, 4100, 523
483, 4110, 519
484, 4120, 522
485, 4130, 524
487, 4140, 526
488, 4150, 529
491, 4160, 529
493, 4170, 531
495, 4180, 534
495, 4190, 539
498, 4200, 535
498, 4210, 540
499, 4220, 538
499, 4230, 540
501, 4240, 538
501, 4250, 540
504, 4260, 542
505, 4270, 543
506, 4280, 546
507, 4290, 545
507, 4300, 546
508, 4310, 544
509, 4320, 544
511, 4330, 549
511, 4340, 547
511, 4350, 544
511, 4360, 547
512, 4370, 546
514, 4380, 546
515, 4390, 547
515, 4400, 550
515, 4410, 549
516, 4420, 548
518, 4430, 549
518, 4440, 551
520, 4450, 550
521, 4460, 554
524, 4470, 556
525, 4480, 560
527, 4490, 562
528, 4500, 559
530, 4510, 562
530, 4520, 566
530, 4530, 566
530, 4540, 565
531, 4550, 564
531, 4560, 565
531, 4570, 564
533, 4580, 562
533, 4590, 566
533, 4600, 568
536, 4610, 565
537, 4620, 569
540, 4630, 570
541, 4640, 578
542, 4650, 577
542, 4660, 577
544, 4670, 577
544, 4680, 580
545, 4690, 582
547, 4700, 580
548, 4710, 585
549, 4720, 586
549, 4730, 583
551, 4740, 582
551, 4750, 586
551, 4760, 586
553, 4770, 587
554, 4780, 586
555, 4790, 586
558, 4800, 589
559, 4810, 590
559, 4820, 592
559, 4830, 591
560, 4840, 592
560, 4850, 591
560, 4860, 591
561, 4870, 590
561, 4880, 591
562, 4890, 591
564, 4900, 593
564, 4910, 597
565, 4920, 594
566, 4930, 595
566, 4940, 596
567, 4950, 596
567, 4960, 597
{'count': 4960, 'truepos': 92, 'falseneg': 11, 'unknownyes': 3, 'falsepos': 475, 'unique': 4960}
22: Hall.csv: three: 0, 0
8, 10
8, 20, 123
15, 30, 112
17, 40, 134
18, 50, 131
20, 60, 126
22, 70, 128
24, 80, 119
28, 90, 111
30, 100, 118
38, 110, 100
44, 120, 110
48, 130, 108
54, 140, 105
58, 150, 115
64, 160, 102
67, 170, 105
70, 180, 108
70, 190, 111
75, 200, 98
78, 210, 102
82, 220, 101
84, 230, 101
90, 240, 99
95, 250, 109
97, 260, 113
99, 270, 117
101, 280, 118
102, 290, 118
103, 300, 116
104, 310, 115
104, 320, 119
104, 330, 116
104, 340, 117
104, 350, 116
104, 360, 112
104, 370, 112
105, 380, 113
105, 390, 114
106, 400, 113
106, 410, 116
106, 420, 115
107, 430, 114
108, 440, 118
109, 450, 118
109, 460, 118
109, 470, 116
109, 480, 116
109, 490, 115
109, 500, 118
110, 510, 116
110, 520, 118
110, 530, 117
110, 540, 117
110, 550, 117
{'count': 1207, 'truepos': 101, 'falseneg': 1, 'unknownyes': 4, 'falsepos': 9, 'unique': 550}
22: Hall.csv: machine: 0, 0
8, 10
9, 20, 127
14, 30, 118
14, 40, 135
19, 50, 123
23, 60, 126
['yes' 'yes' 'yes' 'yes' 'no' 'yes' 'yes' 'yes' 'yes' 'yes']
['no' 'no']
22, 60, 126
24, 70, 138
27, 80, 123
30, 90, 120
37, 100, 100
42, 110, 109
['yes' 'yes' 'no' 'yes' 'yes' 'no' 'yes' 'yes' 'yes' 'yes']
['no' 'yes' 'no' 'no' 'no' 'no' 'no' 'no' 'no' 'no']
40, 110, 109
45, 120, 91
50, 130, 90
54, 140, 98
57, 150, 103
61, 160, 97
['no' 'yes' 'yes' 'yes' 'yes' 'yes' 'yes' 'yes' 'yes' 'yes']
['no' 'no' 'no' 'no' 'no' 'no' 'no' 'no' 'no' 'no']
60, 160, 97
62, 170, 106
66, 180, 103
69, 190, 100
75, 200, 101
77, 210, 127
['yes' 'yes' 'yes' 'yes' 'yes' 'yes' 'yes' 'no' 'no' 'yes']
['no' 'no' 'no' 'no' 'no' 'no' 'no' 'no' 'no' 'no']
75, 210, 127
79, 220, 122
83, 230, 129
88, 240, 139
92, 250, 144
94, 260, 145
['yes' 'yes' 'yes' 'yes' 'no' 'yes' 'yes' 'no' 'yes' 'no']
['no' 'no' 'no' 'no' 'no' 'no' 'no' 'no' 'no' 'no']
91, 260, 145
94, 270, 130
97, 280, 119
99, 290, 120
101, 300, 125
102, 310, 129
['no' 'yes' 'no' 'yes' 'no' 'no' 'yes' 'no' 'yes' 'no']
['no' 'yes' 'no' 'no' 'no' 'no' 'no' 'no' 'no' 'no']
100, 310, 129
102, 320, 115
103, 330, 119
105, 340, 118
106, 350, 124
109, 360, 124
['no' 'yes' 'no' 'yes' 'yes' 'no' 'no' 'no' 'yes' 'no']
['no' 'no' 'yes' 'no' 'yes' 'no' 'no' 'no' 'no' 'yes']
106, 360, 124
111, 370, 122
112, 380, 132
115, 390, 130
116, 400, 139
118, 410, 141
['no' 'no' 'no' 'no' 'no' 'no' 'no' 'no' 'yes' 'yes']
['yes' 'no' 'no' 'yes' 'no' 'no' 'no' 'no' 'no' 'no']
112, 410, 141
113, 420, 128
115, 430, 128
115, 440, 131
116, 450, 130
118, 460, 133
['no' 'no' 'no' 'no' 'no' 'yes' 'no' 'no' 'no' 'no']
['no' 'no' 'no' 'no' 'no' 'no' 'no' 'no' 'yes' 'no']
109, 460, 133
110, 470, 122
112, 480, 124
113, 490, 125
114, 500, 124
116, 510, 126
['no' 'no' 'no' 'yes' 'no' 'no' 'no' 'yes' 'yes' 'no']
['no' 'no' 'no' 'no' 'yes' 'no' 'no' 'yes' 'no' 'no']
114, 510, 126
115, 520, 126
116, 530, 133
117, 540, 134
118, 550, 134
118, 560, 135
['no' 'yes' 'no' 'no' 'no' 'no' 'yes' 'yes' 'no' 'yes']
['no' 'yes' 'no' 'no' 'no' 'no' 'no' 'no' 'no' 'no']
113, 560, 135
115, 570, 120
115, 580, 124
119, 590, 123
119, 600, 130
120, 610, 130
['no' 'no' 'no' 'no' 'no' 'no' 'no' 'no' 'no' 'no']
['no' 'no' 'no' 'no' 'no' 'no' 'no' 'no' 'no' 'no']
112, 610, 130
112, 620, 123
113, 630, 123
115, 640, 125
115, 650, 131
116, 660, 128
['no' 'no' 'no' 'yes' 'yes' 'no' 'yes' 'no' 'no' 'no']
['no' 'no' 'no' 'no' 'no' 'no' 'no' 'no' 'no' 'no']
110, 660, 128
110, 670, 117
111, 680, 117
114, 690, 118
115, 700, 123
115, 710, 124
['no' 'no' 'no' 'no' 'yes' 'no' 'no' 'no' 'yes' 'no']
['no' 'no' 'no' 'no' 'no' 'no' 'no' 'no' 'no' 'no']
109, 710, 124
110, 720, 115
110, 730, 116
110, 740, 116
112, 750, 116
['no' 'no' 'yes' 'yes' 'yes' 'no' 'yes' 'yes' 'yes' 'yes']
['no' 'no' 'no' 'no' 'no' 'no' 'no' 'no' 'no' 'no']
{'count': 1042, 'truepos': 97, 'falseneg': 5, 'unknownyes': 4, 'falsepos': 13, 'unique': 750}
22: Hall.csv: machine2: 0, 0
7, 10
12, 20, 113
17, 30, 133
21, 40, 161
26, 50, 164
27, 60, 189
['no' 'yes' 'yes' 'no' 'yes' 'no' 'yes' 'yes' 'yes' 'yes']
['no' 'no' 'yes']
25, 60, 189
27, 70, 220
29, 80, 216
30, 90, 223
36, 100, 152
41, 110, 174
['yes' 'no' 'yes' 'yes' 'no' 'yes' 'yes' 'yes' 'yes' 'no']
['no' 'no' 'no' 'no' 'no' 'no' 'no' 'no' 'no' 'no']
39, 110, 174
44, 120, 139
48, 130, 136
52, 140, 139
56, 150, 124
61, 160, 125
['no' 'no' 'no' 'no' 'yes' 'yes' 'yes' 'no' 'yes' 'yes']
['no' 'no' 'no' 'no' 'no' 'no' 'no' 'yes' 'no' 'no']
56, 160, 125
61, 170, 98
68, 180, 99
73, 190, 110
77, 200, 110
80, 210, 115
['yes' 'no' 'yes' 'yes' 'yes' 'yes' 'no' 'yes' 'yes' 'no']
['no' 'no' 'no' 'no' 'no' 'no' 'no' 'yes' 'no' 'no']
79, 210, 115
82, 220, 112
84, 230, 110
87, 240, 110
90, 250, 106
91, 260, 114
['no' 'yes' 'yes' 'yes' 'yes' 'yes' 'yes' 'yes' 'no' 'yes']
['no' 'no' 'no' 'no' 'yes' 'no' 'no' 'no' 'no' 'no']
91, 260, 114
92, 270, 108
95, 280, 107
97, 290, 111
103, 300, 111
104, 310, 124
['yes' 'yes' 'no' 'yes' 'yes' 'no' 'yes' 'yes' 'yes' 'no']
['yes' 'no' 'no' 'no' 'no' 'no' 'no' 'no' 'no' 'no']
103, 310, 124
104, 320, 115
105, 330, 116
106, 340, 119
106, 350, 119
109, 360, 120
['yes' 'no' 'no' 'no' 'no' 'no' 'yes' 'yes' 'yes' 'no']
['no' 'no' 'no' 'no' 'no' 'no' 'no' 'no' 'no' 'no']
106, 360, 120
109, 370, 118
110, 380, 123
111, 390, 122
113, 400, 123
116, 410, 124
['no' 'yes' 'yes' 'no' 'no' 'no' 'no' 'yes' 'no' 'yes']
['no' 'no' 'no' 'no' 'no' 'no' 'no' 'no' 'no' 'no']
113, 410, 124
115, 420, 127
115, 430, 129
120, 440, 125
122, 450, 127
122, 460, 130
['no' 'no' 'no' 'no' 'no' 'no' 'yes' 'yes' 'yes' 'yes']
['no' 'no' 'no' 'no' 'no' 'no' 'no' 'no' 'no' 'no']
120, 460, 130
121, 470, 127
123, 480, 134
125, 490, 131
126, 500, 132
128, 510, 141
['no' 'no' 'no' 'yes' 'no' 'yes' 'yes' 'yes' 'no' 'no']
['no' 'no' 'no' 'no' 'no' 'yes' 'no' 'no' 'no' 'no']
125, 510, 141
125, 520, 140
125, 530, 141
126, 540, 137
127, 550, 136
128, 560, 140
['no' 'no' 'no' 'no' 'yes' 'no' 'no' 'yes' 'no' 'no']
['no' 'no' 'no' 'no' 'no' 'no' 'no' 'no' 'no' 'no']
122, 560, 140
123, 570, 132
125, 580, 131
125, 590, 135
127, 600, 134
127, 610, 136
['no' 'no' 'no' 'no' 'no' 'no' 'yes' 'yes' 'no' 'no']
['no' 'no' 'no' 'no' 'no' 'no' 'no' 'no' 'no' 'no']
120, 610, 136
['yes' 'yes' 'no' 'no' 'yes' 'yes' 'yes' 'yes' 'yes' 'yes']
['no' 'no' 'yes' 'no' 'no' 'no' 'no' 'no' 'no' 'no']
{'count': 925, 'truepos': 101, 'falseneg': 1, 'unknownyes': 4, 'falsepos': 18, 'unique': 610}
22: Hall.csv: machine3: 0, 0
7, 10
10, 20, 109
12, 30, 129
13, 40, 128
18, 50, 126
21, 60, 133
null
[]
24, 70, 141
28, 80, 151
33, 90, 142
38, 100, 133
45, 110, 155
46, 120, 160
null
['yes' 'no' 'no' 'no' 'yes' 'no' 'no' 'no' 'no' 'no']
48, 120, 160
49, 130, 157
54, 140, 128
59, 150, 123
62, 160, 134
65, 170, 124
null
['no' 'no' 'no' 'no' 'no' 'no' 'no' 'no' 'no' 'no']
65, 170, 124
68, 180, 157
72, 190, 122
76, 200, 106
80, 210, 110
84, 220, 105
null
['no' 'no' 'no' 'no' 'no' 'no' 'no' 'no' 'no' 'no']
84, 220, 105
87, 230, 114
89, 240, 108
92, 250, 116
93, 260, 116
94, 270, 121
null
['no' 'no' 'yes' 'no' 'no' 'no' 'yes' 'no' 'no' 'yes']
98, 270, 121
99, 280, 118
99, 290, 124
100, 300, 120
100, 310, 116
101, 320, 117
null
['no' 'no' 'no' 'yes' 'no' 'yes' 'no' 'yes' 'no' 'no']
102, 320, 117
103, 330, 117
103, 340, 121
103, 350, 118
104, 360, 118
105, 370, 125
null
['no' 'no' 'no' 'no' 'no' 'no' 'no' 'no' 'no' 'no']
106, 370, 125
106, 380, 125
106, 390, 123
107, 400, 121
107, 410, 124
108, 420, 120
null
['no' 'yes' 'no' 'no' 'no' 'no' 'no' 'no' 'no' 'no']
109, 420, 120
109, 430, 121
109, 440, 120
109, 450, 122
109, 460, 123
109, 470, 121
null
['no' 'no' 'no' 'no' 'no' 'no' 'no' 'no' 'no' 'no']
109, 470, 121
110, 480, 120
110, 490, 121
111, 500, 119
111, 510, 124
112, 520, 122
null
['no' 'yes' 'no' 'no' 'no' 'no' 'no' 'no' 'no' 'no']
113, 520, 122
113, 530, 125
113, 540, 126
114, 550, 125
114, 560, 125
114, 570, 124
null
['no' 'no' 'no' 'no' 'no' 'no' 'no' 'no' 'no' 'no']
114, 570, 124
114, 580, 124
114, 590, 124
114, 600, 122
114, 610, 122
114, 620, 122
null
['no' 'no' 'no' 'no' 'no' 'no' 'no' 'no' 'no' 'no']
114, 620, 122
114, 630, 122
114, 640, 123
114, 650, 121
114, 660, 121
114, 670, 121
null
['no' 'no' 'no' 'no' 'no' 'no' 'no' 'no' 'no' 'no']
114, 670, 121
null
['no' 'no' 'no' 'no' 'no' 'no' 'no' 'no' 'no' 'no']
{'count': 1028, 'truepos': 98, 'falseneg': 4, 'unknownyes': 4, 'falsepos': 16, 'unique': 670}
22: Wahono.csv: none: 0, 0
5, 10
6, 20, 91
9, 30, 97
9, 40, 104
15, 50, 90
15, 60, 97
17, 70, 77
19, 80, 69
22, 90, 69
26, 100, 70
27, 110, 78
30, 120, 71
36, 130, 66
40, 140, 70
43, 150, 82
47, 160, 78
51, 170, 93
55, 180, 85
55, 190, 100
55, 200, 93
56, 210, 87
56, 220, 93
57, 230, 87
61, 240, 85
62, 250, 87
63, 260, 87
63, 270, 96
63, 280, 94
63, 290, 92
64, 300, 83
67, 310, 85
68, 320, 100
69, 330, 92
69, 340, 104
69, 350, 89
72, 360, 89
75, 370, 91
76, 380, 96
77, 390, 95
78, 400, 96
79, 410, 99
79, 420, 98
80, 430, 98
82, 440, 99
84, 450, 96
86, 460, 102
87, 470, 105
88, 480, 105
90, 490, 107
92, 500, 110
93, 510, 112
95, 520, 120
95, 530, 117
96, 540, 114
98, 550, 116
99, 560, 122
102, 570, 121
102, 580, 125
103, 590, 123
104, 600, 128
105, 610, 131
106, 620, 134
107, 630, 136
108, 640, 128
109, 650, 134
109, 660, 134
110, 670, 128
110, 680, 129
110, 690, 130
111, 700, 123
112, 710, 126
113, 720, 128
114, 730, 130
118, 740, 133
118, 750, 136
118, 760, 139
118, 770, 137
118, 780, 139
118, 790, 134
118, 800, 132
118, 810, 131
120, 820, 131
121, 830, 137
125, 840, 135
126, 850, 143
127, 860, 143
128, 870, 145
128, 880, 144
129, 890, 144
130, 900, 143
132, 910, 145
132, 920, 146
134, 930, 148
135, 940, 151
137, 950, 150
137, 960, 153
138, 970, 151
138, 980, 150
139, 990, 152
141, 1000, 152
143, 1010, 156
144, 1020, 159
145, 1030, 161
146, 1040, 164
147, 1050, 163
151, 1060, 167
152, 1070, 168
153, 1080, 169
153, 1090, 172
153, 1100, 167
153, 1110, 171
153, 1120, 167
153, 1130, 168
153, 1140, 167
153, 1150, 168
154, 1160, 166
156, 1170, 168
158, 1180, 172
158, 1190, 173
159, 1200, 173
160, 1210, 174
161, 1220, 173
162, 1230, 174
163, 1240, 176
163, 1250, 176
164, 1260, 177
165, 1270, 176
166, 1280, 177
166, 1290, 176
167, 1300, 177
167, 1310, 177
168, 1320, 179
168, 1330, 182
168, 1340, 180
172, 1350, 179
176, 1360, 186
177, 1370, 193
179, 1380, 191
180, 1390, 194
181, 1400, 196
183, 1410, 198
184, 1420, 201
186, 1430, 202
186, 1440, 204
188, 1450, 204
189, 1460, 209
189, 1470, 210
189, 1480, 209
189, 1490, 212
192, 1500, 211
192, 1510, 213
193, 1520, 213
193, 1530, 212
193, 1540, 214
193, 1550, 214
196, 1560, 211
196, 1570, 214
197, 1580, 218
197, 1590, 220
199, 1600, 218
203, 1610, 229
207, 1620, 230
207, 1630, 233
209, 1640, 233
210, 1650, 233
214, 1660, 241
215, 1670, 236
217, 1680, 242
217, 1690, 245
217, 1700, 242
218, 1710, 241
219, 1720, 243
221, 1730, 242
222, 1740, 248
222, 1750, 249
223, 1760, 254
225, 1770, 247
225, 1780, 250
227, 1790, 251
229, 1800, 254
229, 1810, 254
229, 1820, 253
231, 1830, 251
231, 1840, 253
231, 1850, 256
232, 1860, 253
235, 1870, 255
236, 1880, 259
236, 1890, 259
237, 1900, 257
238, 1910, 260
238, 1920, 259
238, 1930, 260
239, 1940, 257
239, 1950, 264
240, 1960, 258
240, 1970, 260
242, 1980, 260
242, 1990, 260
242, 2000, 257
242, 2010, 259
244, 2020, 262
245, 2030, 263
247, 2040, 264
250, 2050, 262
251, 2060, 266
252, 2070, 268
253, 2080, 268
253, 2090, 274
254, 2100, 275
255, 2110, 274
256, 2120, 273
257, 2130, 277
258, 2140, 273
260, 2150, 278
261, 2160, 280
262, 2170, 280
264, 2180, 280
266, 2190, 282
268, 2200, 286
269, 2210, 285
269, 2220, 288
270, 2230, 290
270, 2240, 292
270, 2250, 290
270, 2260, 288
270, 2270, 288
270, 2280, 290
273, 2290, 288
274, 2300, 291
275, 2310, 295
277, 2320, 295
280, 2330, 302
281, 2340, 303
281, 2350, 302
284, 2360, 303
284, 2370, 311
286, 2380, 307
286, 2390, 313
286, 2400, 310
286, 2410, 312
287, 2420, 308
287, 2430, 312
288, 2440, 309
289, 2450, 316
289, 2460, 312
290, 2470, 315
290, 2480, 316
290, 2490, 314
292, 2500, 315
293, 2510, 314
294, 2520, 312
295, 2530, 313
297, 2540, 315
300, 2550, 319
300, 2560, 322
300, 2570, 319
301, 2580, 321
301, 2590, 321
302, 2600, 318
304, 2610, 320
307, 2620, 322
309, 2630, 330
313, 2640, 332
315, 2650, 332
315, 2660, 336
315, 2670, 338
316, 2680, 336
317, 2690, 333
317, 2700, 336
317, 2710, 336
319, 2720, 336
320, 2730, 340
321, 2740, 340
321, 2750, 341
322, 2760, 341
323, 2770, 342
323, 2780, 343
323, 2790, 343
{'count': 2790, 'truepos': 50, 'falseneg': 9, 'unknownyes': 3, 'falsepos': 273, 'unique': 2790}
22: Wahono.csv: three: 0, 0
6, 10
8, 20, 103
9, 30, 104
9, 40, 101
10, 50, 88
15, 60, 64
15, 70, 78
17, 80, 56
19, 90, 56
19, 100, 61
24, 110, 52
26, 120, 62
28, 130, 61
29, 140, 63
29, 150, 60
31, 160, 59
33, 170, 53
34, 180, 53
35, 190, 55
35, 200, 55
35, 210, 54
35, 220, 50
36, 230, 52
38, 240, 51
39, 250, 54
39, 260, 56
39, 270, 54
41, 280, 56
43, 290, 61
43, 300, 63
43, 310, 67
43, 320, 59
45, 330, 60
47, 340, 58
47, 350, 67
49, 360, 64
51, 370, 67
52, 380, 73
56, 390, 72
58, 400, 77
62, 410, 80
63, 420, 90
64, 430, 89
64, 440, 90
65, 450, 92
66, 460, 90
67, 470, 90
68, 480, 91
70, 490, 92
71, 500, 92
72, 510, 96
74, 520, 101
76, 530, 102
77, 540, 109
77, 550, 107
77, 560, 108
77, 570, 106
77, 580, 108
77, 590, 100
80, 600, 104
80, 610, 106
80, 620, 109
81, 630, 103
81, 640, 105
81, 650, 106
81, 660, 106
81, 670, 102
81, 680, 103
82, 690, 103
82, 700, 106
82, 710, 105
83, 720, 103
83, 730, 107
85, 740, 105
85, 750, 106
85, 760, 104
85, 770, 105
85, 780, 106
85, 790, 106
85, 800, 103
86, 810, 103
86, 820, 104
87, 830, 101
87, 840, 104
88, 850, 102
89, 860, 100
89, 870, 103
89, 880, 102
89, 890, 101
89, 900, 104
89, 910, 103
89, 920, 102
90, 930, 101
90, 940, 102
90, 950, 103
90, 960, 102
90, 970, 102
91, 980, 103
91, 990, 106
91, 1000, 106
91, 1010, 104
91, 1020, 103
91, 1030, 104
92, 1040, 102
92, 1050, 104
92, 1060, 104
92, 1070, 103
92, 1080, 104
92, 1090, 103
92, 1100, 105
92, 1110, 103
92, 1120, 102
92, 1130, 102
93, 1140, 103
93, 1150, 103
94, 1160, 104
94, 1170, 105
94, 1180, 105
94, 1190, 105
94, 1200, 104
94, 1210, 104
94, 1220, 103
94, 1230, 105
94, 1240, 103
94, 1250, 103
94, 1260, 104
94, 1270, 104
94, 1280, 103
94, 1290, 103
94, 1300, 102
94, 1310, 102
94, 1320, 104
94, 1330, 103
94, 1340, 103
94, 1350, 103
94, 1360, 103
94, 1370, 102
94, 1380, 103
94, 1390, 102
94, 1400, 102
94, 1410, 102
94, 1420, 101
95, 1430, 102
95, 1440, 103
95, 1450, 102
96, 1460, 102
96, 1470, 104
96, 1480, 104
96, 1490, 103
96, 1500, 103
96, 1510, 103
96, 1520, 102
96, 1530, 103
96, 1540, 103
96, 1550, 103
{'count': 3366, 'truepos': 60, 'falseneg': 0, 'unknownyes': 2, 'falsepos': 36, 'unique': 1550}
22: Wahono.csv: machine: 0, 0
5, 10
8, 20, 101
9, 30, 108
12, 40, 113
12, 50, 114
15, 60, 87
['yes' 'yes' 'no' 'no' 'yes' 'yes' 'no' 'yes' 'yes' 'yes']
[]
11, 60, 87
14, 70, 69
15, 80, 78
16, 90, 69
21, 100, 64
22, 110, 68
['yes' 'yes' 'yes' 'no' 'no' 'no' 'no' 'yes' 'yes' 'yes']
[]
17, 110, 68
20, 120, 59
20, 130, 60
23, 140, 58
26, 150, 61
29, 160, 63
['no' 'no' 'yes' 'yes' 'yes' 'yes' 'no' 'yes' 'no' 'yes']
[]
25, 160, 63
27, 170, 54
28, 180, 55
32, 190, 54
33, 200, 74
34, 210, 77
['no' 'no' 'yes' 'yes' 'yes' 'yes' 'yes' 'yes' 'no' 'no']
['no' 'no' 'no' 'no' 'no' 'no' 'no' 'yes' 'no' 'no']
33, 210, 77
35, 220, 67
35, 230, 68
38, 240, 63
38, 250, 67
40, 260, 66
['no' 'yes' 'yes' 'yes' 'yes' 'yes' 'no' 'yes' 'no' 'no']
['no' 'yes' 'no' 'no' 'yes' 'no' 'no' 'no' 'no' 'no']
40, 260, 66
41, 270, 58
42, 280, 64
45, 290, 62
46, 300, 68
48, 310, 66
['no' 'no' 'yes' 'yes' 'no' 'yes' 'no' 'yes' 'no' 'yes']
['no' 'no' 'no' 'no' 'no' 'no' 'no' 'no' 'no' 'no']
43, 310, 66
43, 320, 58
44, 330, 59
44, 340, 60
45, 350, 57
48, 360, 65
['no' 'no' 'no' 'no' 'no' 'yes' 'no' 'yes' 'yes' 'yes']
['no' 'no' 'no' 'no' 'no' 'no' 'no' 'yes' 'no' 'no']
43, 360, 65
44, 370, 58
45, 380, 62
45, 390, 62
46, 400, 57
46, 410, 61
['yes' 'yes' 'no' 'no' 'yes' 'no']
['no' 'no' 'no' 'no' 'no' 'no' 'no' 'yes' 'no' 'no']
48, 410, 61
49, 420, 62
50, 430, 65
50, 440, 70
52, 450, 63
55, 460, 63
['no' 'no' 'yes' 'no' 'no' 'no' 'no' 'no' 'no']
['no' 'no' 'no' 'no' 'no' 'no' 'no' 'no' 'no' 'no']
49, 460, 63
50, 470, 58
52, 480, 60
53, 490, 63
53, 500, 65
54, 510, 63
['no' 'no' 'no' 'no' 'no' 'no']
['no' 'no' 'no' 'no' 'no' 'no' 'no' 'no' 'no' 'no']
52, 510, 63
54, 520, 65
55, 530, 69
57, 540, 68
57, 550, 70
57, 560, 74
['no' 'no' 'no' 'yes' 'no' 'no' 'no']
['no' 'no' 'no' 'no' 'no' 'no' 'no' 'no' 'no' 'no']
52, 560, 74
53, 570, 65
53, 580, 68
54, 590, 66
56, 600, 68
56, 610, 66
['no' 'no' 'no' 'no']
['no' 'no' 'yes' 'no' 'no' 'no' 'no' 'no' 'no' 'no']
52, 610, 66
52, 620, 61
54, 630, 61
55, 640, 64
56, 650, 64
57, 660, 66
['no' 'yes' 'yes' 'no' 'no']
['no' 'no' 'no' 'no' 'no' 'no' 'no' 'no' 'no' 'no']
55, 660, 66
55, 670, 64
56, 680, 62
59, 690, 65
59, 700, 68
59, 710, 69
['no' 'no' 'no' 'no' 'no']
['no' 'no' 'no' 'no' 'no' 'no' 'no' 'no' 'no' 'no']
55, 710, 69
56, 720, 63
56, 730, 63
56, 740, 63
57, 750, 64
59, 760, 64
['no' 'no' 'no' 'no' 'no']
['no' 'no' 'no' 'no' 'no' 'no' 'no' 'no' 'no' 'no']
55, 760, 64
56, 770, 61
58, 780, 61
59, 790, 63
60, 800, 66
63, 810, 67
['no' 'no' 'no' 'no' 'no' 'no' 'no' 'yes' 'no']
['no' 'no' 'no' 'no' 'no' 'no' 'no' 'no' 'no' 'no']
56, 810, 67
57, 820, 60
59, 830, 63
60, 840, 65
60, 850, 65
61, 860, 65
['no' 'no' 'no' 'yes' 'no' 'no']
['no' 'no' 'no' 'no' 'no' 'no' 'no' 'no' 'no' 'no']
60, 860, 65
61, 870, 64
62, 880, 65
65, 890, 66
66, 900, 71
67, 910, 72
['no' 'no' 'yes' 'no' 'no' 'no' 'no' 'no' 'no']
['no' 'no' 'no' 'no' 'no' 'no' 'no' 'no' 'no' 'no']
60, 910, 72
61, 920, 64
62, 930, 65
65, 940, 68
67, 950, 72
69, 960, 75
['yes' 'no' 'no' 'no' 'no' 'no' 'no' 'no' 'yes' 'yes']
['no' 'no' 'no' 'no' 'no' 'no' 'no' 'no' 'no' 'no']
65, 960, 75
65, 970, 72
65, 980, 73
66, 990, 70
66, 1000, 71
67, 1010, 72
['no' 'no']
['no' 'no' 'no' 'no' 'no' 'no' 'no' 'no' 'no' 'no']
66, 1010, 72
67, 1020, 71
68, 1030, 73
68, 1040, 75
70, 1050, 75
70, 1060, 78
['no' 'no' 'no' 'no']
['no' 'no' 'yes' 'no' 'no' 'no' 'no' 'no' 'no' 'no']
68, 1060, 78
68, 1070, 74
68, 1080, 74
69, 1090, 73
73, 1100, 74
74, 1110, 79
['no' 'no' 'no' 'no' 'no' 'no' 'yes']
['no' 'no' 'no' 'no' 'no' 'no' 'no' 'no' 'no' 'no']
69, 1110, 79
70, 1120, 74
71, 1130, 75
71, 1140, 76
71, 1150, 76
71, 1160, 76
['no' 'no' 'no']
['no' 'no' 'no' 'no' 'no' 'no' 'no' 'no' 'no' 'no']
69, 1160, 76
71, 1170, 73
71, 1180, 75
73, 1190, 75
74, 1200, 77
76, 1210, 79
['no' 'no' 'no' 'no' 'no' 'no' 'no' 'no']
['no' 'no' 'no' 'no' 'no' 'no' 'no' 'no' 'no' 'no']
['no' 'no' 'no' 'no' 'no' 'no' 'no' 'no']
['no' 'no' 'no' 'no' 'no' 'no' 'no' 'no' 'no' 'no']
{'count': 1595, 'truepos': 52, 'falseneg': 6, 'unknownyes': 4, 'falsepos': 19, 'unique': 1210}
22: Wahono.csv: machine2: 0, 0
7, 10
8, 20, 105
11, 30, 101
14, 40, 98
15, 50, 106
17, 60, 102
['yes' 'no' 'no' 'no' 'yes' 'yes' 'no' 'yes' 'yes' 'yes']
[]
13, 60, 102
14, 70, 90
19, 80, 81
21, 90, 79
24, 100, 75
24, 110, 80
['no' 'yes' 'yes' 'yes' 'yes' 'yes' 'yes' 'yes' 'no' 'yes']
['no']
23, 110, 80
26, 120, 67
28, 130, 65
29, 140, 60
32, 150, 58
36, 160, 59
['yes' 'yes' 'no' 'yes' 'no' 'no' 'yes' 'yes' 'no' 'no']
['no' 'no' 'no' 'no' 'no' 'no' 'no' 'no' 'no' 'no']
31, 160, 59
34, 170, 61
38, 180, 62
41, 190, 70
44, 200, 73
44, 210, 79
['yes' 'no' 'no' 'yes' 'no' 'no' 'yes' 'no' 'yes' 'yes']
['no' 'no' 'no' 'no' 'no' 'no' 'no' 'no' 'no' 'no']
42, 210, 79
43, 220, 69
45, 230, 67
46, 240, 70
46, 250, 65
46, 260, 65
['no' 'yes' 'no' 'yes' 'yes' 'no' 'yes' 'yes' 'yes' 'no']
['no' 'no' 'no' 'no' 'no' 'no' 'no' 'no' 'no' 'no']
42, 260, 65
44, 270, 59
44, 280, 61
46, 290, 63
46, 300, 67
48, 310, 64
['no' 'yes' 'no' 'yes' 'no' 'yes' 'yes' 'no' 'yes' 'yes']
['no' 'no' 'no' 'no' 'no' 'no' 'no' 'no' 'no' 'no']
45, 310, 64
48, 320, 56
49, 330, 61
49, 340, 64
51, 350, 63
53, 360, 65
['no' 'no' 'no' 'no' 'yes' 'no' 'no' 'no' 'no' 'yes']
['no' 'no' 'no' 'no' 'no' 'no' 'no' 'no' 'no' 'no']
45, 360, 65
46, 370, 55
48, 380, 57
49, 390, 61
52, 400, 62
53, 410, 63
['no' 'no' 'no' 'yes' 'no' 'no' 'no' 'yes' 'yes' 'no']
['no' 'no' 'no' 'no' 'no' 'no' 'no' 'no' 'no' 'no']
48, 410, 63
49, 420, 57
50, 430, 59
52, 440, 59
54, 450, 65
56, 460, 64
['yes' 'no' 'no' 'yes' 'yes' 'yes' 'yes' 'no' 'no' 'yes']
['no' 'no' 'yes' 'no' 'no' 'no' 'yes' 'no' 'no' 'no']
56, 460, 64
58, 470, 67
59, 480, 71
60, 490, 71
62, 500, 76
62, 510, 76
['no' 'no' 'no' 'no' 'no' 'no' 'no' 'no' 'yes' 'no']
['no' 'no' 'no' 'no' 'no' 'no' 'no' 'no' 'no' 'no']
53, 510, 76
54, 520, 64
54, 530, 64
54, 540, 66
54, 550, 64
55, 560, 63
['yes' 'no' 'no' 'yes']
['no' 'no' 'no' 'yes' 'no' 'no' 'no' 'no' 'no' 'no']
57, 560, 63
57, 570, 67
59, 580, 67
61, 590, 69
63, 600, 73
67, 610, 74
['no' 'no' 'yes' 'yes' 'no' 'no' 'yes' 'no' 'no' 'no']
['no' 'no' 'no' 'no' 'no' 'no' 'no' 'no' 'no' 'no']
62, 610, 74
64, 620, 74
66, 630, 77
66, 640, 82
66, 650, 79
67, 660, 81
['no' 'no' 'yes' 'no' 'no' 'no' 'no' 'no' 'no' 'no']
['no' 'no' 'no' 'no' 'no' 'no' 'no' 'no' 'no' 'no']
59, 660, 81
62, 670, 69
62, 680, 74
64, 690, 73
64, 700, 77
65, 710, 75
['no' 'no' 'no' 'no' 'no' 'no' 'no']
['no' 'no' 'no' 'no' 'no' 'no' 'no' 'no' 'no' 'no']
61, 710, 75
62, 720, 70
62, 730, 73
64, 740, 72
65, 750, 73
65, 760, 75
['no' 'no' 'no' 'yes' 'no']
['no' 'no' 'no' 'no' 'no' 'no' 'no' 'no' 'no' 'no']
64, 760, 75
66, 770, 73
67, 780, 77
68, 790, 77
70, 800, 78
71, 810, 80
['no' 'no' 'no' 'no' 'no' 'no' 'no']
['no' 'no' 'no' 'no' 'no' 'no' 'no' 'no' 'no' 'no']
67, 810, 80
67, 820, 75
69, 830, 75
71, 840, 78
71, 850, 80
73, 860, 80
['no' 'no' 'no' 'no' 'no' 'no' 'no' 'no']
['no' 'no' 'yes' 'no' 'no' 'no' 'no' 'no' 'no' 'no']
66, 860, 80
68, 870, 74
68, 880, 77
68, 890, 77
70, 900, 75
74, 910, 79
['no' 'no' 'no' 'yes' 'no' 'yes' 'no' 'no' 'no']
['no' 'no' 'no' 'no' 'no' 'no' 'no' 'no' 'no' 'no']
68, 910, 79
69, 920, 77
70, 930, 78
71, 940, 79
74, 950, 81
75, 960, 85
['no' 'no' 'no' 'no' 'no' 'no' 'no' 'no']
['no' 'no' 'no' 'no' 'no' 'no' 'no' 'no' 'no' 'no']
71, 960, 85
71, 970, 80
72, 980, 81
73, 990, 80
73, 1000, 83
74, 1010, 83
['no' 'no' 'yes' 'no']
['no' 'no' 'no' 'no' 'no' 'no' 'no' 'no' 'no' 'no']
72, 1010, 83
72, 1020, 79
73, 1030, 79
74, 1040, 81
75, 1050, 82
76, 1060, 81
['no' 'no' 'no' 'no' 'no']
['no' 'no' 'no' 'no' 'no' 'no' 'no' 'no' 'no' 'no']
73, 1060, 81
74, 1070, 79
75, 1080, 81
76, 1090, 84
77, 1100, 87
77, 1110, 85
['no' 'no' 'no' 'no']
['no' 'no' 'no' 'no' 'no' 'no' 'no' 'no' 'no' 'no']
75, 1110, 85
76, 1120, 82
77, 1130, 83
79, 1140, 84
79, 1150, 87
83, 1160, 87
['no' 'no' 'no' 'no' 'no' 'no' 'no' 'no' 'no' 'no']
['no' 'no' 'no' 'no' 'no' 'no' 'no' 'no' 'no' 'no']
['no' 'no' 'no' 'no' 'no' 'no' 'no' 'no' 'no' 'no']
['no' 'no' 'no' 'no' 'no' 'no' 'no' 'no' 'no' 'no']
{'count': 1669, 'truepos': 57, 'falseneg': 2, 'unknownyes': 3, 'falsepos': 21, 'unique': 1160}
22: Wahono.csv: machine3: 0, 0
7, 10
8, 20, 107
10, 30, 108
11, 40, 109
13, 50, 95
15, 60, 94
null
[]
15, 70, 94
19, 80, 70
20, 90, 80
22, 100, 74
23, 110, 68
26, 120, 65
null
[]
27, 130, 65
27, 140, 64
28, 150, 57
30, 160, 55
32, 170, 58
34, 180, 56
null
['no' 'no' 'no' 'no' 'no' 'no' 'no' 'no' 'no' 'no']
34, 180, 56
34, 190, 62
36, 200, 62
36, 210, 62
37, 220, 56
38, 230, 55
null
['no' 'no' 'no' 'no' 'no' 'no' 'no' 'no' 'no' 'no']
38, 230, 55
38, 240, 62
39, 250, 57
42, 260, 58
43, 270, 65
44, 280, 60
null
['no' 'no' 'no' 'no' 'no' 'no' 'no' 'no' 'no' 'no']
44, 280, 60
44, 290, 71
45, 300, 59
46, 310, 69
46, 320, 65
46, 330, 66
null
['no' 'no' 'no' 'no' 'no' 'no' 'no' 'no' 'no' 'no']
47, 330, 66
47, 340, 72
48, 350, 67
48, 360, 66
48, 370, 66
48, 380, 72
null
['no' 'no' 'no' 'no' 'no' 'no' 'no' 'no' 'no' 'no']
48, 380, 72
48, 390, 72
48, 400, 64
48, 410, 63
49, 420, 62
49, 430, 60
null
['no' 'no' 'no' 'no' 'no' 'no' 'no' 'no' 'no' 'no']
49, 430, 60
49, 440, 66
49, 450, 62
50, 460, 64
50, 470, 64
50, 480, 64
null
['no' 'no' 'yes' 'no' 'no' 'no' 'no' 'no' 'no' 'no']
52, 480, 64
54, 490, 65
54, 500, 69
54, 510, 69
54, 520, 70
54, 530, 67
null
['no' 'no' 'no' 'no' 'no' 'no' 'no' 'no' 'no' 'no']
54, 530, 67
55, 540, 65
56, 550, 66
57, 560, 73
57, 570, 73
58, 580, 72
null
['no' 'no' 'no' 'no' 'no' 'no' 'no' 'no' 'no' 'no']
59, 580, 72
59, 590, 70
59, 600, 76
59, 610, 72
59, 620, 75
59, 630, 72
null
['no' 'no' 'no' 'no' 'no' 'no' 'no' 'no' 'no' 'no']
59, 630, 72
60, 640, 78
60, 650, 71
60, 660, 75
61, 670, 69
62, 680, 71
null
['no' 'no' 'no' 'no' 'no' 'no' 'no' 'no' 'no' 'no']
63, 680, 71
65, 690, 72
65, 700, 75
66, 710, 74
67, 720, 74
68, 730, 76
null
['no' 'yes' 'no' 'no' 'no' 'no' 'no' 'no' 'no' 'no']
69, 730, 76
69, 740, 77
69, 750, 77
70, 760, 78
70, 770, 77
70, 780, 78
null
['no' 'no' 'no' 'no' 'no' 'no' 'no' 'no' 'no' 'no']
70, 780, 78
71, 790, 79
71, 800, 80
71, 810, 79
71, 820, 78
71, 830, 78
null
['no' 'no' 'no' 'no' 'no' 'no' 'no' 'no' 'no' 'no']
71, 830, 78
71, 840, 79
71, 850, 79
71, 860, 79
72, 870, 76
72, 880, 79
null
['no' 'no' 'no' 'no' 'no' 'no' 'yes' 'no' 'no' 'no']
73, 880, 79
74, 890, 79
75, 900, 81
75, 910, 81
75, 920, 82
76, 930, 81
null
['no' 'no' 'no' 'no' 'no' 'no' 'no' 'no' 'no' 'no']
76, 930, 81
76, 940, 83
76, 950, 82
76, 960, 84
76, 970, 83
76, 980, 82
null
['no' 'no' 'no' 'no' 'no' 'no' 'no' 'no' 'no' 'no']
76, 980, 82
77, 990, 83
77, 1000, 83
77, 1010, 83
78, 1020, 83
79, 1030, 85
null
['no' 'no' 'yes' 'no' 'no' 'no' 'no' 'no' 'no' 'no']
80, 1030, 85
81, 1040, 88
81, 1050, 91
81, 1060, 89
81, 1070, 91
81, 1080, 88
null
['no' 'no' 'no' 'no' 'no' 'no' 'no' 'no' 'no' 'no']
82, 1080, 88
82, 1090, 90
82, 1100, 90
82, 1110, 89
82, 1120, 89
82, 1130, 89
null
['no' 'no' 'no' 'no' 'no' 'no' 'no' 'no' 'no' 'no']
82, 1130, 89
82, 1140, 90
83, 1150, 88
83, 1160, 90
83, 1170, 90
83, 1180, 90
null
['no' 'no' 'no' 'no' 'no' 'no' 'no' 'no' 'no' 'no']
83, 1180, 90
83, 1190, 90
84, 1200, 89
85, 1210, 92
85, 1220, 92
85, 1230, 91
null
['no' 'no' 'no' 'no' 'no' 'no' 'no' 'no' 'no' 'no']
86, 1230, 91
87, 1240, 93
88, 1250, 94
88, 1260, 94
88, 1270, 94
88, 1280, 94
null
['no' 'no' 'no' 'no' 'no' 'no' 'no' 'no' 'no' 'no']
88, 1280, 94
88, 1290, 94
88, 1300, 94
89, 1310, 94
89, 1320, 97
89, 1330, 95
null
['no' 'no' 'no' 'no' 'no' 'no' 'no' 'no' 'no' 'no']
89, 1330, 95
89, 1340, 95
89, 1350, 95
90, 1360, 95
90, 1370, 97
90, 1380, 96
null
['no' 'no' 'no' 'no' 'no' 'no' 'no' 'no' 'no' 'no']
90, 1380, 96
91, 1390, 95
91, 1400, 98
91, 1410, 97
92, 1420, 98
92, 1430, 98
null
['no' 'no' 'no' 'no' 'no' 'no' 'no' 'no' 'no' 'no']
92, 1430, 98
92, 1440, 98
92, 1450, 98
92, 1460, 99
92, 1470, 99
92, 1480, 98
null
['no' 'no' 'no' 'no' 'no' 'no' 'no' 'no' 'no' 'no']
92, 1480, 98
92, 1490, 98
92, 1500, 97
92, 1510, 98
92, 1520, 97
92, 1530, 97
null
['no' 'no' 'no' 'no' 'no' 'no' 'no' 'no' 'no' 'no']
92, 1530, 97
92, 1540, 98
93, 1550, 98
93, 1560, 98
93, 1570, 98
93, 1580, 98
null
['no' 'no' 'no' 'no' 'no' 'no' 'no' 'no' 'no' 'no']
93, 1580, 98
93, 1590, 99
null
['no' 'no' 'no' 'no' 'no' 'no' 'no' 'no' 'no' 'no']
{'count': 2261, 'truepos': 56, 'falseneg': 4, 'unknownyes': 2, 'falsepos': 38, 'unique': 1590}
22: Danijel.csv: none: 0, 0
4, 10
5, 20, 125
7, 30, 99
11, 40, 94
12, 50, 97
15, 60, 107
17, 70, 113
17, 80, 106
19, 90, 95
20, 100, 98
22, 110, 86
24, 120, 89
24, 130, 88
27, 140, 73
28, 150, 73
30, 160, 72
31, 170, 62
32, 180, 61
35, 190, 56
39, 200, 60
40, 210, 74
43, 220, 67
43, 230, 70
43, 240, 67
45, 250, 64
45, 260, 65
48, 270, 66
50, 280, 68
52, 290, 72
54, 300, 76
56, 310, 77
57, 320, 83
59, 330, 84
60, 340, 92
65, 350, 90
66, 360, 94
66, 370, 99
69, 380, 93
70, 390, 101
74, 400, 103
75, 410, 122
77, 420, 112
78, 430, 109
79, 440, 108
79, 450, 108
81, 460, 107
81, 470, 112
82, 480, 110
84, 490, 112
85, 500, 114
85, 510, 110
85, 520, 109
87, 530, 110
89, 540, 113
90, 550, 119
93, 560, 118
94, 570, 118
98, 580, 127
100, 590, 137
101, 600, 163
102, 610, 140
102, 620, 150
103, 630, 156
104, 640, 147
106, 650, 150
107, 660, 144
108, 670, 158
110, 680, 148
111, 690, 149
111, 700, 157
111, 710, 157
112, 720, 151
113, 730, 157
116, 740, 147
118, 750, 153
120, 760, 163
122, 770, 156
125, 780, 160
127, 790, 156
127, 800, 161
128, 810, 158
129, 820, 162
131, 830, 165
132, 840, 169
134, 850, 165
134, 860, 171
136, 870, 163
137, 880, 169
137, 890, 168
138, 900, 166
140, 910, 171
140, 920, 168
141, 930, 169
142, 940, 168
143, 950, 172
145, 960, 170
145, 970, 171
145, 980, 169
146, 990, 170
146, 1000, 172
148, 1010, 176
149, 1020, 175
149, 1030, 180
149, 1040, 177
149, 1050, 176
150, 1060, 172
152, 1070, 178
154, 1080, 182
155, 1090, 184
155, 1100, 184
155, 1110, 181
157, 1120, 181
158, 1130, 188
159, 1140, 187
162, 1150, 187
163, 1160, 195
163, 1170, 195
165, 1180, 188
166, 1190, 191
169, 1200, 190
170, 1210, 200
171, 1220, 200
172, 1230, 205
172, 1240, 209
172, 1250, 205
173, 1260, 203
174, 1270, 199
177, 1280, 198
177, 1290, 204
177, 1300, 201
178, 1310, 205
179, 1320, 203
180, 1330, 203
181, 1340, 211
182, 1350, 208
182, 1360, 209
183, 1370, 206
185, 1380, 207
187, 1390, 208
188, 1400, 212
189, 1410, 215
189, 1420, 217
189, 1430, 213
191, 1440, 219
191, 1450, 218
192, 1460, 220
193, 1470, 219
194, 1480, 223
194, 1490, 231
194, 1500, 219
196, 1510, 226
197, 1520, 221
199, 1530, 228
200, 1540, 234
202, 1550, 230
202, 1560, 233
202, 1570, 231
202, 1580, 230
203, 1590, 226
205, 1600, 232
206, 1610, 233
206, 1620, 232
206, 1630, 236
211, 1640, 233
212, 1650, 238
213, 1660, 242
214, 1670, 242
216, 1680, 242
218, 1690, 244
219, 1700, 250
219, 1710, 249
219, 1720, 253
220, 1730, 249
224, 1740, 253
227, 1750, 252
231, 1760, 261
233, 1770, 263
234, 1780, 261
235, 1790, 264
237, 1800, 265
238, 1810, 269
239, 1820, 269
240, 1830, 271
241, 1840, 271
243, 1850, 273
247, 1860, 275
249, 1870, 282
249, 1880, 289
250, 1890, 287
251, 1900, 289
252, 1910, 291
255, 1920, 293
257, 1930, 294
257, 1940, 297
259, 1950, 294
259, 1960, 297
261, 1970, 295
261, 1980, 298
262, 1990, 299
262, 2000, 295
262, 2010, 292
262, 2020, 295
262, 2030, 295
265, 2040, 296
266, 2050, 299
267, 2060, 297
267, 2070, 300
268, 2080, 298
269, 2090, 297
271, 2100, 301
271, 2110, 305
272, 2120, 305
273, 2130, 301
275, 2140, 304
276, 2150, 307
277, 2160, 305
277, 2170, 308
278, 2180, 307
278, 2190, 308
279, 2200, 309
280, 2210, 308
281, 2220, 313
281, 2230, 311
283, 2240, 310
284, 2250, 313
285, 2260, 312
287, 2270, 313
287, 2280, 317
288, 2290, 314
289, 2300, 318
289, 2310, 319
292, 2320, 314
293, 2330, 326
293, 2340, 321
293, 2350, 324
294, 2360, 324
296, 2370, 325
297, 2380, 330
297, 2390, 331
298, 2400, 328
298, 2410, 327
298, 2420, 327
299, 2430, 330
301, 2440, 327
302, 2450, 328
304, 2460, 330
304, 2470, 335
304, 2480, 331
304, 2490, 330
305, 2500, 331
306, 2510, 332
306, 2520, 335
308, 2530, 331
309, 2540, 335
310, 2550, 334
311, 2560, 337
312, 2570, 337
312, 2580, 339
312, 2590, 337
312, 2600, 338
313, 2610, 337
313, 2620, 340
315, 2630, 338
315, 2640, 338
315, 2650, 338
317, 2660, 338
317, 2670, 341
318, 2680, 337
320, 2690, 344
320, 2700, 341
321, 2710, 342
321, 2720, 342
322, 2730, 342
322, 2740, 345
323, 2750, 343
324, 2760, 344
325, 2770, 346
326, 2780, 346
326, 2790, 345
326, 2800, 345
327, 2810, 346
327, 2820, 345
328, 2830, 346
329, 2840, 347
330, 2850, 349
332, 2860, 351
333, 2870, 354
334, 2880, 352
334, 2890, 352
335, 2900, 354
337, 2910, 353
337, 2920, 357
339, 2930, 358
339, 2940, 361
339, 2950, 359
340, 2960, 361
343, 2970, 362
344, 2980, 365
345, 2990, 364
345, 3000, 364
347, 3010, 366
348, 3020, 369
348, 3030, 368
349, 3040, 369
350, 3050, 369
352, 3060, 372
352, 3070, 372
353, 3080, 374
353, 3090, 373
356, 3100, 373
357, 3110, 375
357, 3120, 377
357, 3130, 376
358, 3140, 377
359, 3150, 377
361, 3160, 378
{'count': 3160, 'truepos': 41, 'falseneg': 5, 'unknownyes': 2, 'falsepos': 320, 'unique': 3160}
22: Danijel.csv: three: 0, 0
4, 10
4, 20, 121
7, 30, 95
8, 40, 87
9, 50, 74
10, 60, 64
12, 70, 55
16, 80, 53
18, 90, 57
20, 100, 57
24, 110, 58
27, 120, 59
27, 130, 64
28, 140, 55
30, 150, 54
32, 160, 54
32, 170, 53
32, 180, 52
32, 190, 49
33, 200, 45
33, 210, 46
35, 220, 46
36, 230, 50
39, 240, 50
43, 250, 54
43, 260, 62
44, 270, 58
45, 280, 61
46, 290, 57
47, 300, 58
48, 310, 58
48, 320, 59
48, 330, 58
48, 340, 56
48, 350, 55
49, 360, 56
49, 370, 58
49, 380, 56
49, 390, 56
49, 400, 57
50, 410, 57
50, 420, 58
51, 430, 58
52, 440, 58
52, 450, 58
52, 460, 57
52, 470, 61
52, 480, 57
52, 490, 57
53, 500, 59
54, 510, 61
55, 520, 61
56, 530, 63
56, 540, 63
56, 550, 64
57, 560, 63
57, 570, 65
57, 580, 63
57, 590, 62
57, 600, 63
58, 610, 62
58, 620, 64
58, 630, 63
58, 640, 64
59, 650, 65
59, 660, 65
59, 670, 66
60, 680, 63
60, 690, 65
61, 700, 65
61, 710, 67
61, 720, 66
62, 730, 65
62, 740, 67
62, 750, 67
62, 760, 67
62, 770, 67
62, 780, 67
62, 790, 67
{'count': 1723, 'truepos': 44, 'falseneg': 1, 'unknownyes': 3, 'falsepos': 18, 'unique': 790}
22: Danijel.csv: machine: 0, 0
4, 10
4, 20, 125
8, 30, 93
15, 40, 90
17, 50, 108
19, 60, 110
['yes' 'yes' 'no' 'yes' 'yes' 'yes' 'no' 'no' 'no' 'yes']
['no']
15, 60, 110
16, 70, 94
18, 80, 85
23, 90, 81
27, 100, 87
29, 110, 101
['no' 'yes' 'no' 'yes' 'yes' 'yes' 'yes' 'no' 'yes' 'yes']
[]
27, 110, 101
28, 120, 85
29, 130, 82
30, 140, 73
32, 150, 57
35, 160, 55
['no' 'yes' 'yes' 'no' 'no' 'yes' 'yes' 'yes' 'no' 'no']
['no' 'no' 'no' 'no' 'no' 'no' 'no' 'no' 'no' 'no']
31, 160, 55
35, 170, 49
39, 180, 51
40, 190, 56
42, 200, 58
44, 210, 58
['yes' 'no' 'yes' 'no' 'yes' 'no' 'no' 'yes' 'yes' 'no']
['no' 'no' 'no' 'no' 'no' 'no' 'no' 'no' 'no' 'no']
40, 210, 58
43, 220, 57
46, 230, 59
47, 240, 69
50, 250, 65
50, 260, 67
['yes' 'no' 'no' 'no' 'no' 'no' 'no' 'no' 'no' 'yes']
['yes' 'no' 'no' 'no' 'no' 'no' 'no' 'no' 'no' 'no']
44, 260, 67
45, 270, 55
46, 280, 56
49, 290, 57
51, 300, 63
54, 310, 64
['no' 'no' 'yes' 'yes' 'yes' 'yes' 'yes' 'no' 'no' 'yes']
['no' 'no' 'no' 'no' 'no' 'no' 'no' 'no' 'no' 'no']
51, 310, 64
51, 320, 69
53, 330, 66
55, 340, 69
55, 350, 77
56, 360, 70
['no' 'no' 'no' 'yes' 'no' 'no' 'no' 'no' 'no' 'no']
['no' 'no' 'no' 'yes' 'no' 'no' 'no' 'no' 'no' 'no']
49, 360, 70
50, 370, 58
50, 380, 57
51, 390, 58
52, 400, 57
53, 410, 59
['no' 'no' 'no' 'no' 'no' 'no' 'no' 'no' 'no' 'yes']
['no' 'no' 'no' 'no' 'no' 'no' 'no' 'no' 'no' 'no']
48, 410, 59
52, 420, 55
54, 430, 61
56, 440, 65
60, 450, 65
61, 460, 79
['no' 'yes' 'no' 'no' 'no' 'no' 'no' 'yes' 'no' 'no']
['no' 'no' 'no' 'no' 'no' 'no' 'no' 'no' 'no' 'no']
52, 460, 79
52, 470, 62
52, 480, 59
52, 490, 59
53, 500, 59
54, 510, 59
['yes' 'no' 'no' 'yes' 'no' 'no' 'yes' 'no' 'yes' 'yes']
['no' 'no' 'no' 'no' 'no' 'no' 'no' 'no' 'no' 'no']
49, 510, 59
49, 520, 54
50, 530, 53
50, 540, 56
50, 550, 55
50, 560, 55
['no' 'no' 'yes' 'no' 'yes']
['yes' 'no' 'no' 'no' 'no' 'no' 'no' 'no' 'no' 'no']
49, 560, 55
49, 570, 53
50, 580, 53
51, 590, 54
53, 600, 55
54, 610, 57
['no' 'no' 'no' 'no' 'no' 'no']
['no' 'yes' 'no' 'no' 'no' 'no' 'no' 'no' 'no' 'no']
49, 610, 57
50, 620, 53
51, 630, 54
51, 640, 56
52, 650, 54
52, 660, 56
['no' 'no' 'yes' 'no']
['no' 'no' 'no' 'no' 'no' 'no' 'no' 'no' 'no' 'no']
49, 660, 56
51, 670, 52
51, 680, 54
51, 690, 54
53, 700, 56
54, 710, 57
['no' 'no' 'no' 'no' 'no']
['no' 'no' 'no' 'no' 'no' 'no' 'no' 'no' 'no' 'no']
51, 710, 57
52, 720, 55
54, 730, 56
56, 740, 61
56, 750, 63
58, 760, 63
['no' 'no' 'no' 'no' 'no' 'no' 'no' 'no']
['no' 'no' 'no' 'no' 'no' 'no' 'yes' 'no' 'no' 'no']
52, 760, 63
52, 770, 56
53, 780, 55
53, 790, 56
54, 800, 57
56, 810, 58
['no' 'no' 'no' 'no' 'no']
['no' 'no' 'no' 'no' 'no' 'no' 'no' 'no' 'no' 'no']
['no' 'no' 'no' 'no' 'no']
['no' 'no' 'no' 'no' 'no' 'no' 'no' 'no' 'no' 'no']
{'count': 1084, 'truepos': 42, 'falseneg': 3, 'unknownyes': 3, 'falsepos': 10, 'unique': 810}
22: Danijel.csv: machine2: 0, 0
4, 10
7, 20, 117
9, 30, 118
10, 40, 131
11, 50, 109
12, 60, 105
['no' 'yes' 'yes' 'yes' 'no' 'no' 'yes' 'no' 'no' 'yes']
[]
9, 60, 105
12, 70, 90
13, 80, 92
15, 90, 82
19, 100, 72
23, 110, 77
['yes' 'no' 'no' 'yes' 'no' 'no' 'no' 'yes' 'yes' 'yes']
['no']
19, 110, 77
21, 120, 74
22, 130, 76
25, 140, 64
28, 150, 69
31, 160, 70
['no' 'yes' 'yes' 'yes' 'yes' 'yes' 'no' 'yes' 'yes' 'no']
['yes' 'no' 'no' 'no' 'no' 'no' 'no' 'no' 'no' 'no']
30, 160, 70
36, 170, 59
38, 180, 64
39, 190, 62
40, 200, 65
41, 210, 63
['yes' 'no' 'yes' 'yes' 'no' 'yes' 'no' 'yes' 'yes' 'no']
['no' 'no' 'no' 'no' 'no' 'no' 'no' 'no' 'no' 'no']
37, 210, 63
39, 220, 53
40, 230, 57
40, 240, 59
40, 250, 59
41, 260, 55
['yes' 'yes' 'yes' 'no' 'no' 'yes' 'yes' 'yes' 'yes' 'yes']
['no' 'no' 'no' 'no' 'no' 'no' 'no' 'no' 'no' 'no']
40, 260, 55
40, 270, 52
41, 280, 52
44, 290, 53
46, 300, 55
47, 310, 58
['yes' 'no' 'yes' 'yes' 'no' 'no' 'no' 'no' 'no' 'yes']
['no' 'no' 'no' 'no' 'no' 'no' 'no' 'no' 'no' 'no']
43, 310, 58
45, 320, 53
46, 330, 57
46, 340, 56
47, 350, 56
49, 360, 56
['yes' 'no' 'no' 'no' 'yes' 'yes' 'no' 'no' 'yes' 'yes']
['no' 'no' 'no' 'no' 'no' 'no' 'no' 'no' 'no' 'no']
45, 360, 56
45, 370, 53
46, 380, 54
46, 390, 54
46, 400, 57
47, 410, 53
['yes' 'no' 'no']
['no' 'no' 'no' 'no' 'no' 'no' 'no' 'no' 'no' 'yes']
48, 410, 53
48, 420, 61
50, 430, 58
51, 440, 60
52, 450, 61
55, 460, 63
['no' 'no' 'yes' 'no' 'yes' 'no' 'no' 'yes' 'no']
['no' 'no' 'no' 'no' 'no' 'no' 'no' 'no' 'no' 'no']
50, 460, 63
50, 470, 64
51, 480, 60
51, 490, 61
51, 500, 61
53, 510, 61
['no' 'no' 'no']
['no' 'no' 'no' 'no' 'no' 'no' 'no' 'no' 'no' 'no']
52, 510, 61
52, 520, 60
53, 530, 62
54, 540, 63
56, 550, 65
58, 560, 67
['no' 'no' 'no' 'no' 'no' 'no' 'no' 'no']
['no' 'no' 'no' 'no' 'no' 'no' 'no' 'no' 'no' 'no']
50, 560, 67
51, 570, 57
52, 580, 57
53, 590, 62
53, 600, 63
54, 610, 63
['no' 'no' 'no' 'no']
['no' 'no' 'no' 'no' 'no' 'no' 'no' 'no' 'no' 'no']
52, 610, 63
53, 620, 61
54, 630, 59
55, 640, 62
55, 650, 66
55, 660, 65
['no' 'no' 'no']
['no' 'no' 'no' 'no' 'no' 'no' 'no' 'no' 'no' 'no']
52, 660, 65
53, 670, 58
55, 680, 59
55, 690, 64
57, 700, 64
59, 710, 67
['no' 'no' 'no' 'no' 'no' 'no' 'no']
['no' 'no' 'no' 'no' 'no' 'no' 'no' 'no' 'no' 'no']
54, 710, 67
56, 720, 61
57, 730, 63
59, 740, 64
59, 750, 64
59, 760, 65
['no' 'no' 'no' 'no' 'no' 'no']
['no' 'no' 'no' 'no' 'no' 'no' 'no' 'no' 'no' 'no']
56, 760, 65
57, 770, 61
57, 780, 61
57, 790, 61
58, 800, 61
58, 810, 63
['no' 'no' 'no']
['no' 'no' 'no' 'no' 'no' 'no' 'no' 'no' 'no' 'no']
57, 810, 63
59, 820, 63
60, 830, 67
61, 840, 65
62, 850, 69
62, 860, 69
['no' 'no' 'no' 'no' 'no' 'no' 'no']
['no' 'no' 'no' 'no' 'no' 'no' 'no' 'no' 'no' 'no']
55, 860, 69
56, 870, 59
57, 880, 62
57, 890, 62
58, 900, 61
59, 910, 62
['no' 'no' 'no' 'no']
['no' 'no' 'no' 'no' 'no' 'no' 'no' 'no' 'no' 'no']
['no' 'no' 'no' 'no']
['no' 'no' 'no' 'no' 'no' 'no' 'no' 'no' 'no' 'no']
{'count': 1269, 'truepos': 43, 'falseneg': 3, 'unknownyes': 2, 'falsepos': 16, 'unique': 910}
22: Danijel.csv: machine3: 0, 0
4, 10
5, 20, 117
5, 30, 98
8, 40, 81
9, 50, 85
10, 60, 62
null
[]
10, 70, 51
12, 80, 47
14, 90, 49
16, 100, 48
21, 110, 49
21, 120, 56
null
[]
21, 130, 49
23, 140, 46
27, 150, 47
29, 160, 52
30, 170, 51
31, 180, 47
null
['no' 'no' 'no' 'no' 'yes' 'no' 'no' 'no' 'no' 'no']
32, 180, 47
32, 190, 47
33, 200, 47
34, 210, 49
34, 220, 49
34, 230, 46
null
['no' 'no' 'no' 'no' 'no' 'no' 'no' 'no' 'no' 'no']
34, 230, 46
34, 240, 48
34, 250, 44
35, 260, 45
36, 270, 47
36, 280, 49
null
['no' 'no' 'no' 'no' 'no' 'no' 'no' 'no' 'no' 'no']
36, 280, 49
37, 290, 47
40, 300, 48
41, 310, 53
42, 320, 55
44, 330, 53
null
['no' 'no' 'no' 'no' 'no' 'yes' 'no' 'no' 'no' 'no']
45, 330, 53
45, 340, 60
45, 350, 57
45, 360, 58
47, 370, 56
47, 380, 61
null
['no' 'no' 'no' 'no' 'no' 'no' 'no' 'no' 'no' 'no']
48, 380, 61
48, 390, 61
49, 400, 60
49, 410, 62
49, 420, 63
49, 430, 63
null
['no' 'no' 'no' 'no' 'no' 'no' 'no' 'no' 'no' 'no']
49, 430, 63
49, 440, 59
52, 450, 60
53, 460, 62
53, 470, 63
53, 480, 64
null
['no' 'no' 'no' 'no' 'no' 'no' 'no' 'no' 'no' 'no']
53, 480, 64
53, 490, 63
53, 500, 62
53, 510, 62
53, 520, 63
53, 530, 63
null
['no' 'no' 'no' 'no' 'no' 'no' 'no' 'no' 'no' 'no']
53, 530, 63
53, 540, 61
53, 550, 63
54, 560, 62
54, 570, 60
54, 580, 60
null
['no' 'no' 'no' 'no' 'no' 'no' 'no' 'no' 'no' 'no']
54, 580, 60
55, 590, 63
55, 600, 62
55, 610, 62
55, 620, 63
55, 630, 61
null
['no' 'no' 'no' 'no' 'no' 'no' 'no' 'no' 'no' 'no']
55, 630, 61
55, 640, 62
55, 650, 62
55, 660, 61
56, 670, 61
56, 680, 65
null
['no' 'no' 'no' 'no' 'no' 'no' 'no' 'no' 'no' 'no']
56, 680, 65
56, 690, 65
56, 700, 61
56, 710, 61
56, 720, 61
56, 730, 61
null
['no' 'no' 'no' 'no' 'no' 'no' 'yes' 'no' 'no' 'no']
57, 730, 61
57, 740, 61
59, 750, 61
59, 760, 63
59, 770, 63
null
['no' 'no' 'no' 'no' 'no' 'no' 'no' 'no' 'no' 'no']
{'count': 1092, 'truepos': 43, 'falseneg': 1, 'unknownyes': 4, 'falsepos': 16, 'unique': 770}
22: K_all3.csv: none: 0, 0
0, 10
3, 20
6, 30, 73
8, 40, 77
8, 50, 73
8, 60, 66
9, 70, 60
13, 80, 55
15, 90, 61
16, 100, 58
18, 110, 54
22, 120, 55
23, 130, 54
24, 140, 52
24, 150, 51
25, 160, 49
27, 170, 50
28, 180, 51
31, 190, 50
33, 200, 41
34, 210, 44
34, 220, 43
35, 230, 43
35, 240, 44
36, 250, 44
39, 260, 43
39, 270, 48
41, 280, 46
41, 290, 50
41, 300, 48
43, 310, 48
46, 320, 55
46, 330, 58
47, 340, 57
48, 350, 56
48, 360, 59
50, 370, 55
50, 380, 58
51, 390, 56
52, 400, 57
54, 410, 59
55, 420, 59
59, 430, 60
59, 440, 65
63, 450, 65
65, 460, 67
65, 470, 70
{'count': 470, 'truepos': 30, 'falseneg': 4, 'unknownyes': 11, 'falsepos': 35, 'unique': 470}
22: K_all3.csv: three: 0, 0
1, 10
3, 20, 92
5, 30, 65
8, 40, 60
9, 50, 53
11, 60, 45
12, 70, 46
13, 80, 46
17, 90, 43
17, 100, 52
19, 110, 46
21, 120, 45
23, 130, 47
25, 140, 48
26, 150, 48
26, 160, 48
27, 170, 46
28, 180, 46
28, 190, 46
29, 200, 46
30, 210, 46
30, 220, 42
30, 230, 39
30, 240, 39
31, 250, 37
31, 260, 38
31, 270, 39
31, 280, 37
32, 290, 37
33, 300, 37
34, 310, 38
34, 320, 42
35, 330, 39
36, 340, 43
36, 350, 43
37, 360, 43
37, 370, 48
40, 380, 42
40, 390, 46
41, 400, 43
41, 410, 44
{'count': 909, 'truepos': 30, 'falseneg': 2, 'unknownyes': 13, 'falsepos': 11, 'unique': 410}
22: K_all3.csv: machine: 0, 0
1, 10
2, 20, 91
5, 30, 63
10, 40, 60
12, 50, 65
14, 60, 61
['yes' 'yes' 'no' 'yes' 'yes' 'yes' 'no' 'no' 'yes' 'yes']
[]
10, 60, 61
11, 70, 54
15, 80, 47
17, 90, 58
20, 100, 57
23, 110, 58
['yes' 'yes' 'no' 'no' 'yes' 'no' 'yes' 'yes' 'yes' 'yes']
['no' 'no']
20, 110, 58
23, 120, 52
24, 130, 54
24, 140, 51
26, 150, 47
30, 160, 51
['no' 'yes' 'yes' 'no' 'yes' 'yes' 'yes' 'yes' 'no' 'no']
['no' 'no' 'no' 'no' 'no' 'no' 'no' 'no' 'no' 'no']
27, 160, 51
28, 170, 50
30, 180, 49
31, 190, 44
31, 200, 41
33, 210, 41
['no' 'yes' 'no' 'yes' 'no' 'no' 'no' 'yes' 'no' 'yes']
['no' 'no' 'no' 'no' 'no' 'no' 'no' 'no' 'no' 'no']
27, 210, 41
30, 220, 48
30, 230, 38
30, 240, 39
31, 250, 38
31, 260, 39
['no' 'yes' 'no' 'no' 'yes' 'yes' 'yes']
['no' 'no' 'no' 'no' 'no' 'no' 'yes' 'no' 'no' 'no']
29, 260, 39
30, 270, 47
33, 280, 35
34, 290, 41
34, 300, 40
35, 310, 43
['no' 'no' 'yes' 'no' 'yes' 'no']
['no' 'no' 'no' 'no' 'no' 'no' 'no' 'no' 'no' 'no']
33, 310, 43
35, 320, 38
36, 330, 40
38, 340, 42
44, 350, 43
46, 360, 49
['no' 'no' 'no' 'no' 'yes' 'yes' 'no' 'no' 'no' 'no']
['no' 'no' 'no' 'no' 'no' 'no' 'no' 'no' 'no' 'no']
40, 360, 49
40, 370, 45
44, 380, 44
44, 390, 48
45, 400, 47
46, 410, 48
['yes' 'yes' 'yes' 'no' 'no' 'yes' 'no' 'no' 'no' 'no']
['no' 'no' 'no' 'no' 'no' 'no' 'no' 'no' 'no' 'no']
['no' 'yes' 'no' 'no' 'yes' 'yes' 'no' 'yes' 'no' 'no']
['no' 'no' 'no' 'no' 'no' 'no' 'no' 'no' 'no' 'no']
{'count': 545, 'truepos': 35, 'falseneg': 2, 'unknownyes': 8, 'falsepos': 6, 'unique': 410}
22: K_all3.csv: machine2: 0, 0
1, 10
3, 20, 94
6, 30, 71
9, 40, 66
11, 50, 67
12, 60, 63
['yes' 'no' 'yes' 'no' 'no' 'no' 'yes' 'no' 'no' 'no']
[]
6, 60, 63
8, 70, 61
13, 80, 58
16, 90, 63
19, 100, 63
19, 110, 64
['yes' 'no' 'yes' 'yes' 'yes' 'no' 'no' 'yes' 'yes' 'yes']
[]
16, 110, 64
16, 120, 49
19, 130, 44
20, 140, 51
22, 150, 48
22, 160, 50
['yes' 'no' 'no' 'no' 'yes' 'yes' 'no' 'no' 'no' 'no']
['no' 'no']
19, 160, 50
19, 170, 49
22, 180, 46
25, 190, 51
27, 200, 52
29, 210, 53
['yes' 'yes' 'no' 'yes' 'no' 'no' 'yes' 'no' 'yes' 'no']
['no']
24, 210, 53
27, 220, 50
30, 230, 54
30, 240, 40
36, 250, 39
38, 260, 48
['no' 'no' 'no' 'no' 'no' 'yes' 'yes' 'yes' 'no' 'yes']
['no' 'no' 'no' 'no' 'no' 'no' 'no' 'no' 'no' 'no']
33, 260, 48
35, 270, 46
35, 280, 46
37, 290, 44
39, 300, 45
41, 310, 47
['no' 'no' 'yes' 'no' 'yes' 'no' 'yes' 'yes' 'no' 'yes']
['no' 'no' 'no' 'no' 'no' 'no' 'no' 'no' 'no' 'no']
41, 310, 47
43, 320, 51
43, 330, 53
44, 340, 50
45, 350, 51
47, 360, 50
['yes' 'no' 'yes' 'no' 'no' 'yes' 'no' 'yes' 'no' 'no']
['no' 'no' 'no' 'no' 'no' 'no' 'no' 'no' 'no' 'no']
43, 360, 50
43, 370, 48
45, 380, 47
47, 390, 49
48, 400, 52
48, 410, 52
['no' 'no' 'no' 'no' 'no' 'no' 'no' 'no' 'no']
['no' 'no' 'no' 'no' 'no' 'no' 'no' 'no' 'no' 'no']
41, 410, 52
42, 420, 44
42, 430, 46
44, 440, 45
45, 450, 48
['no' 'yes' 'yes' 'no']
['no' 'no' 'no' 'no' 'no' 'no' 'no' 'no' 'no' 'no']
{'count': 626, 'truepos': 32, 'falseneg': 3, 'unknownyes': 10, 'falsepos': 13, 'unique': 450}
22: K_all3.csv: machine3: 0, 0
2, 10
4, 20, 73
6, 30, 65
10, 40, 64
11, 50, 65
11, 60, 61
null
[]
13, 70, 57
17, 80, 52
18, 90, 59
22, 100, 52
22, 110, 56
22, 120, 51
null
['no']
22, 120, 51
22, 130, 48
25, 140, 45
26, 150, 50
26, 160, 49
27, 170, 47
null
['no']
27, 170, 47
27, 180, 48
27, 190, 47
27, 200, 46
27, 210, 46
27, 220, 44
null
['no']
27, 220, 44
29, 230, 44
30, 240, 45
30, 250, 36
30, 260, 35
31, 270, 35
null
['no' 'no' 'no' 'no' 'no' 'no' 'no' 'no' 'no' 'no']
31, 270, 35
31, 280, 36
32, 290, 36
33, 300, 41
34, 310, 37
34, 320, 40
null
['no' 'no' 'no' 'no' 'no' 'no' 'no' 'no' 'no' 'no']
34, 320, 40
34, 330, 40
34, 340, 41
35, 350, 39
36, 360, 39
36, 370, 45
null
['no' 'no' 'no' 'no' 'no' 'no' 'no' 'no' 'no' 'no']
36, 370, 45
36, 380, 40
36, 390, 40
36, 400, 39
36, 410, 38
36, 420, 39
null
['no' 'no' 'no' 'no' 'no' 'no' 'no' 'no' 'no' 'no']
36, 420, 39
36, 430, 39
37, 440, 39
37, 450, 39
37, 460, 39
38, 470, 39
null
['no' 'no' 'no' 'no' 'no' 'no' 'no' 'no' 'no' 'no']
null
['no' 'no' 'no' 'no' 'no' 'no' 'no' 'no' 'no' 'no']
{'count': 646, 'truepos': 34, 'falseneg': 1, 'unknownyes': 10, 'falsepos': 4, 'unique': 470}

------------------------------------------------------------
Sender: LSF System <lsfadmin@n2l3-7>
Subject: Job 269530: </share/tjmenzie/zyu9/miniconda2/bin/python2.7 runner.py error_hpcc 22> Done

Job </share/tjmenzie/zyu9/miniconda2/bin/python2.7 runner.py error_hpcc 22> was submitted from host <login01.hpc.ncsu.edu> by user <zyu9> in cluster <henry2>.
Job was executed on host(s) <1*n2l3-7>, in queue <single_chassis>, as user <zyu9> in cluster <henry2>.
                            <1*n2l3-8>
</home/zyu9> was used as the home directory.
</home/zyu9/projects/MAR_HPC/Error/src> was used as the working directory.
Started at Thu Oct 19 15:37:15 2017
Results reported at Fri Oct 20 05:43:25 2017

Your job looked like:

------------------------------------------------------------
# LSBATCH: User input
/share/tjmenzie/zyu9/miniconda2/bin/python2.7 runner.py error_hpcc 22
------------------------------------------------------------

Successfully completed.

Resource usage summary:

    CPU time   :  53501.97 sec.
    Max Memory :       224 MB
    Max Swap   :      1173 MB

    Max Processes  :         3
    Max Threads    :         7

The output (if any) is above this job summary.



PS:

Read file <./err/22.err.269530> for stderr output of this job.

