22: Hall.csv: none: 0, 0
7, 10
11, 20, 108
16, 30, 115
21, 40, 100
24, 50, 94
28, 60, 94
32, 70, 92
36, 80, 76
38, 90, 82
43, 100, 76
48, 110, 89
51, 120, 98
57, 130, 97
59, 140, 104
60, 150, 109
62, 160, 98
65, 170, 106
66, 180, 118
73, 190, 96
78, 200, 99
81, 210, 101
86, 220, 106
90, 230, 113
93, 240, 133
93, 250, 125
94, 260, 116
97, 270, 119
98, 280, 131
99, 290, 127
101, 300, 133
103, 310, 130
104, 320, 130
105, 330, 126
107, 340, 140
108, 350, 150
110, 360, 144
110, 370, 148
111, 380, 146
111, 390, 145
111, 400, 145
112, 410, 142
114, 420, 145
114, 430, 141
116, 440, 143
117, 450, 141
119, 460, 142
120, 470, 148
123, 480, 146
124, 490, 148
127, 500, 150
128, 510, 158
128, 520, 161
129, 530, 160
130, 540, 160
131, 550, 159
131, 560, 162
133, 570, 162
134, 580, 167
135, 590, 162
137, 600, 166
137, 610, 165
138, 620, 173
139, 630, 162
140, 640, 169
141, 650, 175
142, 660, 169
144, 670, 168
145, 680, 183
146, 690, 182
146, 700, 177
147, 710, 178
149, 720, 178
150, 730, 182
151, 740, 184
151, 750, 181
151, 760, 183
153, 770, 184
153, 780, 188
154, 790, 180
156, 800, 182
157, 810, 188
157, 820, 193
157, 830, 186
159, 840, 190
161, 850, 191
161, 860, 195
162, 870, 186
164, 880, 197
164, 890, 205
164, 900, 188
164, 910, 199
166, 920, 190
167, 930, 200
170, 940, 193
171, 950, 205
173, 960, 196
173, 970, 201
173, 980, 204
175, 990, 206
176, 1000, 199
176, 1010, 202
180, 1020, 205
181, 1030, 206
182, 1040, 206
183, 1050, 206
183, 1060, 208
184, 1070, 205
186, 1080, 208
188, 1090, 214
189, 1100, 214
190, 1110, 215
191, 1120, 214
191, 1130, 217
192, 1140, 214
192, 1150, 212
193, 1160, 214
194, 1170, 217
195, 1180, 219
195, 1190, 222
197, 1200, 224
198, 1210, 216
199, 1220, 223
200, 1230, 223
203, 1240, 226
205, 1250, 228
205, 1260, 230
205, 1270, 227
207, 1280, 233
207, 1290, 231
208, 1300, 232
209, 1310, 235
210, 1320, 231
210, 1330, 235
214, 1340, 234
216, 1350, 236
216, 1360, 244
218, 1370, 244
218, 1380, 243
218, 1390, 246
220, 1400, 242
221, 1410, 247
222, 1420, 249
223, 1430, 248
225, 1440, 253
226, 1450, 255
227, 1460, 260
227, 1470, 255
227, 1480, 262
228, 1490, 264
228, 1500, 260
228, 1510, 268
228, 1520, 264
230, 1530, 259
230, 1540, 265
230, 1550, 262
232, 1560, 267
232, 1570, 265
234, 1580, 267
236, 1590, 268
239, 1600, 272
240, 1610, 281
243, 1620, 278
243, 1630, 292
243, 1640, 284
247, 1650, 286
250, 1660, 285
250, 1670, 285
252, 1680, 287
253, 1690, 294
253, 1700, 295
256, 1710, 294
256, 1720, 296
256, 1730, 291
257, 1740, 292
257, 1750, 296
259, 1760, 290
259, 1770, 290
260, 1780, 285
261, 1790, 296
262, 1800, 293
263, 1810, 291
264, 1820, 289
265, 1830, 294
265, 1840, 296
266, 1850, 297
267, 1860, 296
267, 1870, 305
268, 1880, 301
269, 1890, 297
271, 1900, 296
271, 1910, 303
274, 1920, 298
274, 1930, 302
275, 1940, 306
275, 1950, 304
277, 1960, 301
279, 1970, 311
280, 1980, 312
282, 1990, 313
283, 2000, 313
283, 2010, 316
285, 2020, 312
288, 2030, 318
289, 2040, 323
289, 2050, 320
291, 2060, 318
292, 2070, 324
292, 2080, 327
293, 2090, 327
294, 2100, 332
294, 2110, 326
296, 2120, 322
297, 2130, 333
297, 2140, 328
299, 2150, 342
300, 2160, 337
301, 2170, 338
304, 2180, 347
306, 2190, 350
308, 2200, 348
309, 2210, 347
310, 2220, 347
312, 2230, 345
313, 2240, 355
314, 2250, 351
314, 2260, 353
315, 2270, 358
318, 2280, 356
320, 2290, 366
320, 2300, 359
322, 2310, 366
323, 2320, 361
324, 2330, 364
324, 2340, 365
326, 2350, 364
327, 2360, 364
327, 2370, 368
330, 2380, 372
331, 2390, 369
331, 2400, 372
331, 2410, 373
332, 2420, 371
333, 2430, 370
333, 2440, 377
333, 2450, 378
336, 2460, 376
338, 2470, 380
340, 2480, 381
341, 2490, 392
343, 2500, 387
343, 2510, 392
343, 2520, 389
344, 2530, 388
345, 2540, 389
347, 2550, 386
348, 2560, 395
348, 2570, 390
349, 2580, 393
350, 2590, 392
350, 2600, 393
351, 2610, 394
351, 2620, 391
354, 2630, 394
355, 2640, 392
356, 2650, 395
357, 2660, 398
357, 2670, 391
358, 2680, 395
359, 2690, 398
361, 2700, 399
362, 2710, 401
362, 2720, 407
364, 2730, 401
364, 2740, 403
365, 2750, 398
366, 2760, 403
367, 2770, 400
369, 2780, 401
369, 2790, 401
370, 2800, 401
371, 2810, 403
371, 2820, 404
372, 2830, 407
373, 2840, 402
374, 2850, 404
374, 2860, 404
375, 2870, 403
376, 2880, 405
376, 2890, 409
376, 2900, 407
376, 2910, 406
376, 2920, 403
376, 2930, 406
377, 2940, 404
377, 2950, 406
379, 2960, 406
380, 2970, 406
381, 2980, 411
382, 2990, 411
382, 3000, 413
383, 3010, 411
384, 3020, 410
386, 3030, 412
386, 3040, 417
386, 3050, 417
386, 3060, 413
387, 3070, 417
387, 3080, 414
387, 3090, 414
389, 3100, 413
391, 3110, 416
393, 3120, 419
395, 3130, 424
396, 3140, 426
398, 3150, 428
400, 3160, 429
402, 3170, 430
402, 3180, 431
403, 3190, 437
406, 3200, 435
406, 3210, 434
407, 3220, 439
407, 3230, 436
407, 3240, 439
407, 3250, 437
407, 3260, 437
407, 3270, 437
410, 3280, 437
411, 3290, 442
412, 3300, 439
413, 3310, 440
414, 3320, 440
415, 3330, 441
417, 3340, 442
417, 3350, 444
417, 3360, 446
420, 3370, 443
421, 3380, 448
422, 3390, 448
422, 3400, 451
424, 3410, 451
425, 3420, 455
425, 3430, 452
428, 3440, 452
428, 3450, 453
430, 3460, 451
431, 3470, 456
431, 3480, 455
{'count': 3480, 'truepos': 84, 'falseneg': 20, 'unknownyes': 2, 'falsepos': 347, 'unique': 3480}
22: Hall.csv: three: 0, 0
8, 10
10, 20, 122
15, 30, 116
17, 40, 99
23, 50, 94
29, 60, 92
33, 70, 101
38, 80, 88
41, 90, 90
43, 100, 94
47, 110, 86
51, 120, 84
55, 130, 93
61, 140, 87
65, 150, 88
67, 160, 104
69, 170, 98
73, 180, 89
76, 190, 95
81, 200, 91
83, 210, 99
88, 220, 102
92, 230, 109
92, 240, 112
94, 250, 108
97, 260, 108
97, 270, 110
98, 280, 110
99, 290, 111
99, 300, 109
100, 310, 111
100, 320, 111
100, 330, 110
102, 340, 111
103, 350, 113
104, 360, 110
105, 370, 115
105, 380, 114
106, 390, 112
106, 400, 119
108, 410, 113
109, 420, 119
109, 430, 117
109, 440, 119
109, 450, 116
109, 460, 118
109, 470, 118
109, 480, 117
109, 490, 116
109, 500, 118
109, 510, 116
{'count': 1112, 'truepos': 98, 'falseneg': 4, 'unknownyes': 4, 'falsepos': 11, 'unique': 510}
22: Hall.csv: machine: 0, 0
9, 10
10, 20, 139
15, 30, 127
22, 40, 101
29, 50, 103
33, 60, 105
['yes' 'no' 'yes' 'yes' 'yes' 'yes' 'yes' 'yes' 'yes' 'yes']
['no' 'no' 'no' 'no' 'no' 'no' 'no' 'no' 'no' 'no']
33, 60, 105
37, 70, 83
41, 80, 87
42, 90, 91
46, 100, 80
50, 110, 83
['yes' 'yes' 'yes' 'yes' 'yes' 'yes' 'no' 'yes' 'yes' 'yes']
['no' 'no' 'no' 'no' 'no' 'no' 'no' 'no' 'no' 'no']
47, 110, 83
52, 120, 79
56, 130, 87
58, 140, 89
62, 150, 94
67, 160, 93
['no' 'no' 'no' 'no' 'no' 'yes' 'yes' 'yes' 'yes' 'no']
['yes' 'no' 'no' 'no' 'no' 'no' 'no' 'no' 'no' 'no']
62, 160, 93
68, 170, 82
71, 180, 91
75, 190, 87
82, 200, 90
85, 210, 101
['no' 'yes' 'yes' 'yes' 'no' 'yes' 'no' 'yes' 'no' 'yes']
['no' 'no' 'no' 'yes' 'no' 'no' 'yes' 'no' 'no' 'no']
82, 210, 101
84, 220, 100
89, 230, 96
91, 240, 109
93, 250, 107
98, 260, 111
['no' 'no' 'no' 'no' 'yes' 'yes' 'yes' 'yes' 'no' 'no']
['no' 'no' 'yes' 'no' 'no' 'yes' 'no' 'no' 'no' 'no']
94, 260, 111
97, 270, 109
97, 280, 112
100, 290, 111
104, 300, 119
107, 310, 125
['no' 'no' 'yes' 'yes' 'no' 'yes' 'yes' 'yes' 'no' 'yes']
['no' 'no' 'no' 'yes' 'no' 'no' 'no' 'no' 'no' 'no']
106, 310, 125
107, 320, 126
108, 330, 123
109, 340, 124
109, 350, 125
110, 360, 122
['no' 'no' 'yes' 'no' 'yes' 'no' 'yes' 'yes' 'no' 'no']
['no' 'no' 'no' 'yes' 'no' 'no' 'no' 'no' 'no' 'no']
106, 360, 122
107, 370, 115
108, 380, 118
111, 390, 116
113, 400, 126
115, 410, 128
['no' 'no' 'no' 'yes' 'no' 'no' 'yes' 'no' 'no' 'yes']
['no' 'no' 'no' 'no' 'no' 'yes' 'yes' 'no' 'no' 'no']
110, 410, 128
112, 420, 122
114, 430, 128
118, 440, 132
119, 450, 147
120, 460, 144
['no' 'yes' 'no' 'yes' 'no' 'no' 'yes' 'yes' 'no' 'yes']
['no' 'no' 'no' 'no' 'no' 'no' 'no' 'no' 'no' 'no']
116, 460, 144
116, 470, 137
116, 480, 133
117, 490, 131
117, 500, 132
117, 510, 128
['no' 'no' 'no' 'no' 'no' 'no' 'yes' 'no' 'yes' 'yes']
['no' 'no' 'no' 'no' 'no' 'no' 'no' 'no' 'no' 'no']
112, 510, 128
113, 520, 120
115, 530, 122
115, 540, 124
115, 550, 124
117, 560, 122
['no' 'no' 'no' 'no' 'no' 'no' 'yes' 'yes' 'no' 'yes']
['no' 'no' 'no' 'no' 'no' 'no' 'no' 'no' 'yes' 'no']
['no' 'no' 'no' 'no' 'no' 'no' 'yes' 'yes' 'yes' 'yes']
['no' 'no' 'no' 'no' 'no' 'no' 'no' 'no' 'no' 'no']
{'count': 780, 'truepos': 96, 'falseneg': 5, 'unknownyes': 5, 'falsepos': 17, 'unique': 560}
22: Hall.csv: machine2: 0, 0
8, 10
10, 20, 124
17, 30, 116
22, 40, 117
26, 50, 106
28, 60, 99
['no' 'yes' 'yes' 'no' 'yes' 'yes' 'no' 'yes' 'yes' 'yes']
['no' 'no' 'no' 'no']
26, 60, 99
29, 70, 91
35, 80, 92
42, 90, 83
47, 100, 89
49, 110, 99
['yes' 'yes' 'yes' 'no' 'yes' 'no' 'no' 'no' 'yes' 'yes']
['no' 'no' 'no' 'no' 'no' 'no' 'no' 'yes' 'no' 'no']
47, 110, 99
51, 120, 83
53, 130, 92
57, 140, 90
63, 150, 89
63, 160, 96
['yes' 'yes' 'yes' 'yes' 'yes' 'no' 'yes' 'no' 'no' 'yes']
['no' 'no' 'no' 'no' 'no' 'yes' 'no' 'no' 'no' 'no']
61, 160, 96
63, 170, 89
68, 180, 85
70, 190, 105
72, 200, 99
74, 210, 90
['yes' 'yes' 'yes' 'yes' 'yes' 'no' 'yes' 'yes' 'yes' 'yes']
['no' 'no' 'no' 'no' 'no' 'no' 'no' 'no' 'no' 'no']
74, 210, 90
77, 220, 90
82, 230, 98
86, 240, 108
89, 250, 103
93, 260, 100
['no' 'no' 'no' 'yes' 'yes' 'no' 'yes' 'yes' 'yes' 'no']
['no' 'no' 'no' 'no' 'no' 'no' 'no' 'no' 'no' 'no']
88, 260, 100
92, 270, 101
94, 280, 104
96, 290, 107
99, 300, 111
99, 310, 144
['no' 'no' 'yes' 'no' 'yes' 'yes' 'yes' 'yes' 'yes' 'yes']
['no' 'no' 'yes' 'no' 'no' 'yes' 'no' 'no' 'yes' 'yes']
102, 310, 144
102, 320, 117
103, 330, 115
106, 340, 115
107, 350, 119
109, 360, 121
['no' 'yes' 'no' 'yes' 'yes' 'yes' 'yes' 'no' 'yes' 'yes']
['no' 'yes' 'no' 'no' 'no' 'no' 'no' 'no' 'no' 'no']
108, 360, 121
108, 370, 118
109, 380, 115
111, 390, 115
112, 400, 119
112, 410, 120
['no' 'yes' 'no' 'yes' 'no' 'yes' 'yes' 'no' 'no' 'yes']
['no' 'no' 'no' 'no' 'no' 'no' 'no' 'no' 'no' 'yes']
110, 410, 120
111, 420, 122
111, 430, 123
111, 440, 122
111, 450, 120
111, 460, 121
['no' 'no' 'yes' 'yes' 'yes' 'yes' 'yes' 'yes' 'yes' 'yes']
['no' 'no' 'no' 'no' 'no' 'no' 'no' 'no' 'no' 'no']
110, 460, 121
111, 470, 121
114, 480, 122
114, 490, 127
114, 500, 124
114, 510, 124
['no' 'no' 'no' 'yes' 'yes' 'no' 'yes' 'no' 'no' 'no']
['no' 'no' 'no' 'no' 'no' 'no' 'no' 'no' 'no' 'no']
111, 510, 124
111, 520, 120
111, 530, 120
114, 540, 118
115, 550, 121
118, 560, 122
['no' 'yes' 'no' 'no' 'no' 'no' 'no' 'yes' 'no' 'no']
['no' 'no' 'no' 'yes' 'no' 'no' 'no' 'no' 'no' 'no']
['no' 'no' 'yes' 'no' 'yes' 'no' 'no' 'no' 'no' 'no']
['no' 'no' 'no' 'yes' 'no' 'no' 'no' 'no' 'no' 'no']
{'count': 814, 'truepos': 101, 'falseneg': 1, 'unknownyes': 4, 'falsepos': 13, 'unique': 560}
22: Hall.csv: machine3: 0, 0
6, 10
9, 20, 104
12, 30, 118
17, 40, 123
24, 50, 103
29, 60, 103
null
['no' 'yes' 'no']
30, 60, 103
34, 70, 92
37, 80, 93
39, 90, 88
42, 100, 85
44, 110, 90
null
['no' 'no' 'yes' 'yes' 'no' 'no' 'no' 'no' 'no' 'no']
45, 110, 90
47, 120, 86
54, 130, 73
57, 140, 86
60, 150, 92
63, 160, 81
null
['no' 'no' 'no' 'no' 'no' 'no' 'no' 'no' 'no' 'no']
63, 160, 81
64, 170, 88
70, 180, 83
73, 190, 87
77, 200, 88
79, 210, 97
null
['no' 'no' 'no' 'no' 'no' 'no' 'no' 'no' 'no' 'no']
80, 210, 97
80, 220, 99
81, 230, 94
85, 240, 92
87, 250, 97
88, 260, 99
null
['no' 'no' 'no' 'no' 'no' 'no' 'no' 'no' 'no' 'no']
88, 260, 99
89, 270, 98
92, 280, 100
93, 290, 101
93, 300, 102
94, 310, 101
null
['no' 'yes' 'no' 'no' 'no' 'no' 'no' 'no' 'no' 'no']
94, 310, 101
94, 320, 105
94, 330, 104
94, 340, 102
94, 350, 102
94, 360, 101
null
['no' 'no' 'no' 'no' 'no' 'no' 'no' 'yes' 'no' 'no']
95, 360, 101
95, 370, 103
null
['no' 'no' 'yes' 'no' 'no' 'no' 'no' 'no' 'no' 'no']
{'count': 606, 'truepos': 92, 'falseneg': 7, 'unknownyes': 7, 'falsepos': 4, 'unique': 370}
22: Wahono.csv: none: 0, 0
7, 10
10, 20, 105
14, 30, 112
18, 40, 92
23, 50, 96
27, 60, 96
30, 70, 103
32, 80, 79
33, 90, 75
34, 100, 67
35, 110, 71
39, 120, 69
43, 130, 85
46, 140, 97
47, 150, 112
50, 160, 91
52, 170, 103
55, 180, 104
57, 190, 107
58, 200, 112
60, 210, 117
60, 220, 119
61, 230, 99
62, 240, 107
62, 250, 105
62, 260, 100
63, 270, 100
63, 280, 90
63, 290, 95
63, 300, 94
63, 310, 92
65, 320, 90
69, 330, 92
69, 340, 102
72, 350, 95
73, 360, 100
77, 370, 96
78, 380, 106
78, 390, 106
79, 400, 108
80, 410, 111
80, 420, 113
82, 430, 108
85, 440, 108
89, 450, 114
90, 460, 117
90, 470, 112
92, 480, 135
93, 490, 123
93, 500, 126
95, 510, 120
98, 520, 119
99, 530, 122
100, 540, 123
101, 550, 129
102, 560, 130
103, 570, 136
103, 580, 129
103, 590, 132
104, 600, 125
105, 610, 127
105, 620, 134
106, 630, 128
108, 640, 127
109, 650, 137
111, 660, 128
112, 670, 138
112, 680, 143
112, 690, 135
112, 700, 138
112, 710, 132
114, 720, 132
116, 730, 134
116, 740, 138
117, 750, 133
119, 760, 142
119, 770, 142
120, 780, 139
120, 790, 146
121, 800, 141
123, 810, 142
124, 820, 146
126, 830, 145
127, 840, 147
128, 850, 154
130, 860, 153
131, 870, 154
132, 880, 156
132, 890, 160
132, 900, 158
133, 910, 155
135, 920, 156
136, 930, 161
137, 940, 158
140, 950, 165
140, 960, 170
141, 970, 166
141, 980, 177
141, 990, 174
143, 1000, 174
145, 1010, 169
145, 1020, 171
145, 1030, 172
147, 1040, 168
148, 1050, 172
149, 1060, 182
150, 1070, 174
151, 1080, 182
151, 1090, 185
151, 1100, 182
153, 1110, 182
153, 1120, 193
153, 1130, 181
154, 1140, 176
154, 1150, 190
155, 1160, 184
157, 1170, 183
158, 1180, 189
158, 1190, 184
160, 1200, 182
160, 1210, 186
161, 1220, 186
161, 1230, 189
162, 1240, 195
162, 1250, 194
162, 1260, 196
163, 1270, 192
163, 1280, 185
165, 1290, 190
165, 1300, 189
165, 1310, 190
165, 1320, 186
166, 1330, 186
167, 1340, 191
168, 1350, 193
170, 1360, 199
171, 1370, 202
172, 1380, 202
172, 1390, 200
172, 1400, 199
173, 1410, 201
174, 1420, 204
174, 1430, 199
175, 1440, 197
176, 1450, 202
178, 1460, 202
178, 1470, 203
178, 1480, 203
178, 1490, 203
178, 1500, 199
179, 1510, 208
180, 1520, 209
181, 1530, 208
182, 1540, 213
184, 1550, 213
185, 1560, 215
187, 1570, 216
188, 1580, 219
192, 1590, 228
192, 1600, 232
192, 1610, 232
192, 1620, 227
195, 1630, 231
195, 1640, 233
196, 1650, 232
198, 1660, 231
200, 1670, 231
202, 1680, 235
203, 1690, 241
203, 1700, 239
205, 1710, 239
206, 1720, 240
206, 1730, 245
207, 1740, 248
207, 1750, 250
207, 1760, 247
208, 1770, 244
208, 1780, 249
210, 1790, 247
210, 1800, 254
212, 1810, 249
214, 1820, 254
217, 1830, 255
218, 1840, 260
220, 1850, 259
221, 1860, 265
224, 1870, 277
224, 1880, 277
226, 1890, 275
228, 1900, 277
228, 1910, 275
228, 1920, 277
228, 1930, 274
229, 1940, 281
229, 1950, 276
229, 1960, 274
232, 1970, 275
232, 1980, 277
234, 1990, 280
234, 2000, 280
235, 2010, 280
237, 2020, 279
239, 2030, 282
240, 2040, 281
240, 2050, 287
240, 2060, 282
240, 2070, 279
241, 2080, 279
243, 2090, 285
243, 2100, 288
243, 2110, 289
244, 2120, 290
244, 2130, 289
245, 2140, 291
246, 2150, 289
246, 2160, 292
249, 2170, 291
250, 2180, 299
251, 2190, 300
251, 2200, 301
251, 2210, 293
252, 2220, 301
253, 2230, 297
253, 2240, 298
257, 2250, 300
257, 2260, 306
257, 2270, 300
258, 2280, 305
259, 2290, 303
260, 2300, 307
261, 2310, 306
261, 2320, 308
261, 2330, 305
264, 2340, 304
264, 2350, 308
266, 2360, 306
267, 2370, 310
268, 2380, 312
272, 2390, 312
273, 2400, 322
273, 2410, 316
275, 2420, 320
275, 2430, 318
278, 2440, 320
278, 2450, 323
278, 2460, 322
281, 2470, 322
284, 2480, 324
285, 2490, 328
287, 2500, 330
287, 2510, 332
287, 2520, 330
287, 2530, 332
287, 2540, 327
287, 2550, 325
289, 2560, 330
289, 2570, 332
291, 2580, 333
291, 2590, 333
293, 2600, 333
294, 2610, 335
295, 2620, 334
296, 2630, 336
297, 2640, 334
298, 2650, 331
299, 2660, 338
299, 2670, 337
300, 2680, 337
302, 2690, 338
302, 2700, 341
303, 2710, 338
305, 2720, 341
308, 2730, 344
309, 2740, 343
310, 2750, 345
310, 2760, 345
311, 2770, 346
312, 2780, 350
313, 2790, 348
313, 2800, 352
314, 2810, 351
315, 2820, 355
315, 2830, 356
317, 2840, 352
317, 2850, 354
318, 2860, 353
318, 2870, 355
322, 2880, 355
322, 2890, 358
323, 2900, 358
323, 2910, 357
323, 2920, 359
325, 2930, 359
326, 2940, 362
327, 2950, 359
327, 2960, 358
328, 2970, 357
330, 2980, 361
332, 2990, 362
332, 3000, 370
332, 3010, 364
333, 3020, 366
333, 3030, 366
333, 3040, 365
333, 3050, 365
334, 3060, 365
334, 3070, 367
336, 3080, 366
338, 3090, 366
338, 3100, 369
338, 3110, 367
339, 3120, 367
339, 3130, 371
340, 3140, 369
340, 3150, 372
342, 3160, 368
342, 3170, 373
343, 3180, 370
344, 3190, 374
345, 3200, 377
347, 3210, 377
349, 3220, 379
351, 3230, 378
351, 3240, 387
352, 3250, 385
354, 3260, 383
356, 3270, 387
357, 3280, 386
358, 3290, 389
360, 3300, 390
362, 3310, 391
363, 3320, 396
363, 3330, 396
363, 3340, 396
363, 3350, 391
363, 3360, 392
365, 3370, 391
366, 3380, 393
366, 3390, 393
366, 3400, 396
366, 3410, 395
369, 3420, 396
370, 3430, 398
370, 3440, 398
370, 3450, 400
370, 3460, 397
371, 3470, 397
373, 3480, 398
374, 3490, 399
375, 3500, 402
376, 3510, 402
376, 3520, 404
377, 3530, 404
380, 3540, 407
381, 3550, 408
381, 3560, 408
381, 3570, 408
382, 3580, 410
384, 3590, 410
385, 3600, 412
385, 3610, 412
385, 3620, 412
385, 3630, 413
386, 3640, 413
387, 3650, 412
388, 3660, 413
389, 3670, 415
391, 3680, 414
393, 3690, 416
393, 3700, 422
396, 3710, 419
399, 3720, 421
402, 3730, 424
404, 3740, 427
404, 3750, 427
404, 3760, 430
405, 3770, 427
406, 3780, 429
406, 3790, 430
406, 3800, 430
408, 3810, 430
409, 3820, 430
412, 3830, 431
413, 3840, 435
413, 3850, 436
{'count': 3850, 'truepos': 56, 'falseneg': 5, 'unknownyes': 1, 'falsepos': 357, 'unique': 3850}
22: Wahono.csv: three: 0, 0
6, 10
6, 20, 99
7, 30, 99
8, 40, 97
13, 50, 56
15, 60, 59
17, 70, 55
18, 80, 56
22, 90, 52
24, 100, 58
24, 110, 59
27, 120, 51
28, 130, 59
29, 140, 59
33, 150, 57
36, 160, 71
38, 170, 67
39, 180, 82
39, 190, 81
39, 200, 79
42, 210, 68
43, 220, 70
45, 230, 69
48, 240, 73
48, 250, 77
49, 260, 78
49, 270, 83
50, 280, 80
52, 290, 77
53, 300, 86
53, 310, 104
54, 320, 83
54, 330, 75
54, 340, 84
54, 350, 73
55, 360, 80
55, 370, 79
55, 380, 79
55, 390, 77
55, 400, 76
55, 410, 79
56, 420, 75
56, 430, 80
58, 440, 74
58, 450, 82
58, 460, 77
59, 470, 73
59, 480, 80
60, 490, 78
60, 500, 78
60, 510, 78
61, 520, 74
61, 530, 74
61, 540, 76
61, 550, 79
61, 560, 73
61, 570, 73
62, 580, 71
62, 590, 78
62, 600, 78
63, 610, 73
65, 620, 75
67, 630, 76
68, 640, 79
69, 650, 78
70, 660, 80
72, 670, 81
72, 680, 85
73, 690, 84
74, 700, 86
75, 710, 86
76, 720, 88
76, 730, 90
76, 740, 89
76, 750, 86
77, 760, 85
78, 770, 88
78, 780, 88
78, 790, 91
78, 800, 91
78, 810, 90
78, 820, 87
78, 830, 88
78, 840, 88
78, 850, 88
80, 860, 89
80, 870, 91
80, 880, 90
80, 890, 92
80, 900, 91
82, 910, 90
82, 920, 92
82, 930, 96
83, 940, 94
83, 950, 93
83, 960, 93
86, 970, 96
86, 980, 103
86, 990, 101
86, 1000, 99
86, 1010, 103
87, 1020, 99
87, 1030, 98
87, 1040, 97
87, 1050, 96
87, 1060, 99
87, 1070, 102
88, 1080, 101
89, 1090, 98
89, 1100, 100
89, 1110, 100
89, 1120, 100
89, 1130, 99
90, 1140, 100
91, 1150, 102
91, 1160, 102
91, 1170, 102
91, 1180, 101
92, 1190, 100
92, 1200, 105
93, 1210, 103
93, 1220, 103
94, 1230, 103
94, 1240, 105
94, 1250, 107
94, 1260, 106
94, 1270, 105
94, 1280, 105
94, 1290, 105
94, 1300, 104
94, 1310, 103
95, 1320, 103
95, 1330, 104
95, 1340, 103
95, 1350, 104
95, 1360, 103
95, 1370, 103
96, 1380, 103
97, 1390, 104
97, 1400, 106
98, 1410, 106
99, 1420, 106
99, 1430, 107
99, 1440, 106
99, 1450, 106
100, 1460, 107
101, 1470, 107
102, 1480, 108
102, 1490, 110
102, 1500, 110
103, 1510, 109
103, 1520, 111
103, 1530, 110
103, 1540, 110
103, 1550, 110
103, 1560, 111
103, 1570, 110
105, 1580, 110
105, 1590, 114
105, 1600, 112
105, 1610, 113
105, 1620, 113
106, 1630, 113
107, 1640, 114
107, 1650, 115
108, 1660, 115
108, 1670, 117
108, 1680, 116
109, 1690, 116
110, 1700, 118
112, 1710, 118
113, 1720, 121
114, 1730, 123
114, 1740, 124
114, 1750, 124
114, 1760, 125
114, 1770, 123
115, 1780, 124
115, 1790, 128
115, 1800, 128
115, 1810, 128
116, 1820, 126
116, 1830, 127
116, 1840, 128
116, 1850, 127
116, 1860, 127
116, 1870, 128
116, 1880, 127
117, 1890, 126
117, 1900, 125
118, 1910, 127
120, 1920, 126
120, 1930, 131
120, 1940, 130
121, 1950, 130
121, 1960, 131
121, 1970, 131
121, 1980, 130
122, 1990, 129
122, 2000, 131
122, 2010, 131
122, 2020, 129
123, 2030, 129
124, 2040, 130
124, 2050, 131
124, 2060, 132
124, 2070, 131
124, 2080, 132
{'count': 4513, 'truepos': 60, 'falseneg': 1, 'unknownyes': 1, 'falsepos': 64, 'unique': 2080}
22: Wahono.csv: machine: 0, 0
5, 10
7, 20, 94
8, 30, 99
11, 40, 100
16, 50, 107
18, 60, 101
['yes' 'no' 'no' 'yes' 'yes' 'yes' 'yes' 'no' 'yes' 'yes']
['no']
13, 60, 101
14, 70, 63
15, 80, 59
18, 90, 50
21, 100, 53
24, 110, 60
['yes' 'no' 'yes' 'yes' 'no' 'no' 'yes' 'yes' 'no' 'yes']
[]
20, 110, 60
23, 120, 56
23, 130, 59
23, 140, 51
25, 150, 51
26, 160, 51
['yes' 'yes' 'no' 'yes' 'yes' 'yes' 'yes' 'yes' 'yes' 'no']
[]
23, 160, 51
25, 170, 51
27, 180, 51
27, 190, 54
28, 200, 50
31, 210, 48
['no' 'yes' 'yes' 'yes' 'yes' 'no' 'no' 'yes' 'yes' 'yes']
['no' 'no' 'no' 'no' 'no' 'no' 'no' 'no' 'no' 'yes']
28, 210, 48
30, 220, 47
32, 230, 60
34, 240, 59
34, 250, 67
34, 260, 68
['no' 'no' 'yes' 'no' 'yes' 'no' 'yes' 'yes' 'yes']
['no' 'yes' 'no' 'no' 'no' 'no' 'no' 'no' 'no' 'no']
32, 260, 68
36, 270, 49
37, 280, 54
38, 290, 55
39, 300, 63
41, 310, 64
['yes' 'no' 'no' 'yes' 'yes' 'yes' 'no' 'yes' 'no' 'yes']
['no' 'no' 'no' 'no' 'no' 'no' 'no' 'no' 'no' 'no']
36, 310, 64
36, 320, 54
37, 330, 53
39, 340, 55
39, 350, 57
41, 360, 60
['no' 'no' 'no' 'no' 'no' 'no']
['no' 'no' 'no' 'no' 'no' 'no' 'no' 'no' 'no' 'no']
36, 360, 60
37, 370, 51
37, 380, 53
37, 390, 53
39, 400, 50
42, 410, 54
['no' 'no' 'no' 'yes' 'yes' 'no' 'no']
['no' 'no' 'no' 'yes' 'no' 'no' 'no' 'no' 'no' 'no']
42, 410, 54
42, 420, 58
45, 430, 54
47, 440, 63
47, 450, 65
49, 460, 64
['no' 'no' 'no' 'no' 'no' 'no' 'yes' 'no' 'no' 'no']
['no' 'no' 'no' 'no' 'no' 'no' 'yes' 'no' 'no' 'no']
45, 460, 64
45, 470, 58
45, 480, 56
46, 490, 56
49, 500, 57
51, 510, 61
['no' 'no' 'no' 'no' 'yes' 'no' 'no' 'no' 'yes']
['no' 'no' 'no' 'no' 'no' 'no' 'no' 'no' 'yes' 'no']
44, 510, 61
45, 520, 56
46, 530, 62
46, 540, 61
48, 550, 61
49, 560, 70
['no' 'no' 'no' 'no' 'no']
['no' 'no' 'no' 'no' 'no' 'no' 'no' 'no' 'no' 'no']
44, 560, 70
45, 570, 53
46, 580, 54
47, 590, 53
51, 600, 55
54, 610, 61
['no' 'no' 'no' 'no' 'no' 'no' 'no' 'no' 'yes' 'yes']
['no' 'no' 'no' 'no' 'no' 'no' 'no' 'no' 'no' 'no']
49, 610, 61
51, 620, 57
51, 630, 59
52, 640, 60
54, 650, 61
56, 660, 65
['yes' 'no' 'no' 'no' 'no' 'no' 'no']
['no' 'no' 'no' 'no' 'no' 'no' 'no' 'no' 'no' 'no']
52, 660, 65
52, 670, 62
52, 680, 62
55, 690, 60
55, 700, 63
56, 710, 62
['no' 'no' 'no' 'no']
['no' 'no' 'no' 'no' 'no' 'no' 'no' 'no' 'no' 'no']
53, 710, 62
55, 720, 59
56, 730, 62
56, 740, 64
56, 750, 64
57, 760, 65
['no' 'yes' 'no' 'yes' 'no']
['no' 'no' 'no' 'no' 'no' 'yes' 'no' 'no' 'no' 'no']
55, 760, 65
56, 770, 63
57, 780, 63
58, 790, 65
58, 800, 65
60, 810, 65
['yes' 'no' 'yes' 'no' 'no']
['no' 'no' 'no' 'no' 'no' 'no' 'no' 'no' 'no' 'no']
60, 810, 65
63, 820, 67
65, 830, 71
66, 840, 76
67, 850, 77
68, 860, 81
['no' 'no' 'yes' 'no' 'no' 'no' 'no' 'no' 'no' 'no']
['no' 'no' 'no' 'no' 'no' 'no' 'no' 'no' 'no' 'no']
62, 860, 81
63, 870, 70
65, 880, 73
67, 890, 77
68, 900, 77
68, 910, 79
['no' 'no' 'no' 'yes' 'no' 'no' 'no']
['no' 'no' 'yes' 'no' 'no' 'no' 'no' 'no' 'no' 'no']
64, 910, 79
66, 920, 72
66, 930, 76
66, 940, 75
69, 950, 76
69, 960, 80
['no' 'no' 'no' 'no' 'no' 'no' 'yes']
['no' 'no' 'no' 'no' 'no' 'no' 'no' 'no' 'no' 'no']
68, 960, 80
70, 970, 77
70, 980, 79
71, 990, 78
71, 1000, 80
73, 1010, 79
['no' 'no' 'no' 'no' 'no' 'no' 'no']
['no' 'no' 'no' 'no' 'no' 'no' 'no' 'no' 'no' 'no']
68, 1010, 79
70, 1020, 76
72, 1030, 77
73, 1040, 80
73, 1050, 80
74, 1060, 80
['no' 'no' 'no' 'yes' 'no' 'no' 'no']
['no' 'no' 'no' 'no' 'no' 'no' 'no' 'no' 'no' 'no']
70, 1060, 80
71, 1070, 77
71, 1080, 79
74, 1090, 79
74, 1100, 84
74, 1110, 82
['yes' 'no' 'no' 'no' 'no' 'no']
['no' 'no' 'yes' 'no' 'no' 'no' 'no' 'no' 'no' 'no']
71, 1110, 82
72, 1120, 78
72, 1130, 78
75, 1140, 79
76, 1150, 83
79, 1160, 86
['no' 'no' 'no' 'no' 'no' 'no' 'no' 'no' 'no']
['no' 'no' 'no' 'no' 'no' 'no' 'no' 'no' 'no' 'no']
70, 1160, 86
70, 1170, 77
70, 1180, 76
70, 1190, 75
72, 1200, 76
72, 1210, 78
['no' 'no']
['no' 'no' 'no' 'yes' 'no' 'no' 'no' 'no' 'no' 'no']
71, 1210, 78
71, 1220, 76
74, 1230, 76
75, 1240, 79
77, 1250, 82
77, 1260, 84
['no' 'no' 'no' 'no' 'no' 'no']
['no' 'no' 'no' 'no' 'no' 'no' 'no' 'no' 'no' 'no']
72, 1260, 84
72, 1270, 77
75, 1280, 77
75, 1290, 80
75, 1300, 81
75, 1310, 80
['no' 'no' 'no']
['no' 'no' 'no' 'yes' 'no' 'no' 'no' 'no' 'no' 'no']
74, 1310, 80
74, 1320, 78
75, 1330, 78
76, 1340, 79
['no' 'no' 'no']
['no' 'no' 'no' 'no' 'no' 'no' 'no' 'no' 'no' 'no']
{'count': 1775, 'truepos': 54, 'falseneg': 6, 'unknownyes': 2, 'falsepos': 20, 'unique': 1340}
22: Wahono.csv: machine2: 0, 0
5, 10
7, 20, 95
10, 30, 95
12, 40, 111
16, 50, 90
18, 60, 85
['yes' 'yes' 'no' 'no' 'yes' 'no' 'yes' 'yes' 'yes' 'yes']
[]
16, 60, 85
19, 70, 82
19, 80, 81
21, 90, 66
22, 100, 71
24, 110, 60
['yes' 'no' 'yes' 'no' 'yes' 'no' 'yes' 'yes' 'yes' 'yes']
[]
22, 110, 60
23, 120, 51
25, 130, 50
27, 140, 54
29, 150, 59
32, 160, 60
['no' 'yes' 'no' 'no' 'yes' 'no' 'yes' 'yes' 'yes' 'yes']
['no' 'no' 'no' 'no' 'no' 'no' 'no' 'yes' 'no' 'no']
33, 160, 60
35, 170, 62
35, 180, 64
38, 190, 58
38, 200, 61
41, 210, 60
['no' 'yes' 'yes' 'yes' 'no' 'yes' 'yes' 'yes' 'yes' 'yes']
['no' 'no' 'no' 'no' 'no' 'no' 'no' 'yes' 'no' 'no']
41, 210, 60
41, 220, 65
42, 230, 60
44, 240, 60
44, 250, 64
45, 260, 66
['yes' 'no' 'no' 'no' 'no' 'yes' 'yes' 'no' 'yes' 'yes']
['no' 'no' 'no' 'no' 'no' 'no' 'no' 'no' 'no' 'no']
42, 260, 66
44, 270, 65
45, 280, 66
47, 290, 74
47, 300, 74
47, 310, 72
['no' 'no' 'no' 'no' 'no' 'no' 'no' 'no' 'yes' 'no']
['no' 'no' 'no' 'no' 'no' 'no' 'no' 'no' 'no' 'yes']
40, 310, 72
44, 320, 54
45, 330, 64
47, 340, 62
48, 350, 66
48, 360, 65
['yes' 'no' 'yes' 'yes' 'no' 'no' 'yes' 'yes' 'no']
['no' 'no' 'no' 'no' 'no' 'no' 'no' 'no' 'no' 'yes']
44, 360, 65
47, 370, 54
49, 380, 59
51, 390, 62
52, 400, 66
53, 410, 67
['yes' 'no' 'yes' 'yes' 'no' 'yes' 'yes' 'no' 'no' 'yes']
['no' 'no' 'no' 'no' 'no' 'no' 'no' 'no' 'no' 'no']
49, 410, 67
49, 420, 60
49, 430, 59
52, 440, 59
55, 450, 61
56, 460, 68
['no' 'no' 'no' 'no' 'yes' 'no' 'no']
['no' 'no' 'no' 'no' 'no' 'no' 'no' 'no' 'no' 'no']
51, 460, 68
53, 470, 62
56, 480, 64
57, 490, 67
57, 500, 68
57, 510, 67
['no' 'no' 'no' 'no' 'no' 'no']
['no' 'no' 'no' 'no' 'no' 'no' 'no' 'no' 'no' 'no']
52, 510, 67
52, 520, 61
53, 530, 60
54, 540, 63
56, 550, 63
57, 560, 66
['no' 'yes' 'yes' 'no' 'no']
['no' 'no' 'no' 'no' 'no' 'no' 'no' 'no' 'no' 'no']
57, 560, 66
59, 570, 67
61, 580, 69
62, 590, 72
63, 600, 71
65, 610, 76
['no' 'no' 'no' 'no' 'no' 'no' 'no' 'no' 'no' 'no']
['no' 'no' 'no' 'no' 'no' 'no' 'no' 'no' 'no' 'no']
55, 610, 76
57, 620, 63
57, 630, 64
59, 640, 65
63, 650, 68
63, 660, 74
['no' 'yes' 'no' 'no' 'no' 'no' 'no' 'no']
['no' 'no' 'no' 'no' 'no' 'no' 'no' 'no' 'no' 'no']
58, 660, 74
58, 670, 65
60, 680, 66
61, 690, 68
61, 700, 69
61, 710, 70
['no' 'no' 'no' 'no' 'no']
['no' 'no' 'no' 'no' 'no' 'no' 'no' 'no' 'no' 'no']
57, 710, 70
57, 720, 63
59, 730, 63
61, 740, 66
63, 750, 68
65, 760, 71
['no' 'no' 'yes' 'no' 'yes' 'no' 'no' 'no' 'yes']
['no' 'no' 'no' 'no' 'no' 'no' 'no' 'no' 'no' 'no']
60, 760, 71
63, 770, 68
63, 780, 71
63, 790, 70
64, 800, 70
67, 810, 72
['yes' 'no' 'no' 'yes' 'no' 'no' 'no']
['no' 'no' 'no' 'no' 'no' 'no' 'no' 'no' 'no' 'no']
64, 810, 72
67, 820, 72
68, 830, 75
70, 840, 76
72, 850, 77
72, 860, 80
['no' 'no' 'no' 'no' 'no' 'no' 'no' 'no' 'no']
['no' 'no' 'no' 'no' 'no' 'no' 'no' 'yes' 'no' 'no']
67, 860, 80
69, 870, 75
70, 880, 77
70, 890, 77
72, 900, 77
73, 910, 81
['no' 'no' 'no' 'yes' 'yes' 'no' 'no']
['no' 'no' 'no' 'no' 'no' 'no' 'no' 'no' 'no' 'no']
68, 910, 81
69, 920, 76
69, 930, 77
71, 940, 76
72, 950, 78
75, 960, 79
['no' 'no' 'yes' 'no' 'no' 'no' 'no']
['no' 'no' 'no' 'no' 'no' 'no' 'no' 'no' 'no' 'no']
71, 960, 79
71, 970, 77
72, 980, 77
74, 990, 77
75, 1000, 80
77, 1010, 81
['no' 'no' 'no' 'no' 'no' 'no' 'no']
['no' 'no' 'no' 'no' 'no' 'yes' 'no' 'no' 'no' 'no']
['no' 'no' 'no' 'no' 'no' 'no' 'no']
['no' 'no' 'no' 'no' 'no' 'no' 'no' 'no' 'no' 'no']
{'count': 1447, 'truepos': 56, 'falseneg': 4, 'unknownyes': 2, 'falsepos': 16, 'unique': 1010}
22: Wahono.csv: machine3: 0, 0
5, 10
8, 20, 93
9, 30, 96
9, 40, 101
11, 50, 90
15, 60, 83
null
['no']
15, 60, 83
18, 70, 77
23, 80, 72
24, 90, 76
24, 100, 65
26, 110, 59
null
[]
27, 120, 64
29, 130, 61
30, 140, 63
31, 150, 58
33, 160, 53
35, 170, 59
null
['no' 'yes' 'no' 'no' 'no' 'no' 'no' 'no' 'no' 'no']
36, 170, 59
37, 180, 58
38, 190, 56
38, 200, 65
38, 210, 64
38, 220, 57
null
['no' 'no' 'no' 'no' 'no' 'no' 'no' 'no' 'no' 'no']
38, 220, 57
40, 230, 55
44, 240, 60
46, 250, 67
48, 260, 73
48, 270, 74
null
['no' 'no' 'yes' 'no' 'no' 'no' 'no' 'no' 'no' 'no']
49, 270, 74
50, 280, 72
50, 290, 72
50, 300, 69
51, 310, 72
51, 320, 84
null
['no' 'no' 'no' 'no' 'no' 'no' 'no' 'no' 'no' 'no']
51, 320, 84
51, 330, 75
52, 340, 72
52, 350, 71
52, 360, 79
53, 370, 72
null
['no' 'no' 'no' 'no' 'no' 'no' 'no' 'no' 'no' 'no']
55, 370, 72
55, 380, 77
55, 390, 77
55, 400, 76
55, 410, 78
55, 420, 78
null
['no' 'no' 'no' 'no' 'no' 'no' 'no' 'yes' 'no' 'no']
55, 420, 78
55, 430, 74
55, 440, 74
55, 450, 72
55, 460, 73
55, 470, 69
null
['no' 'no' 'no' 'no' 'no' 'no' 'no' 'no' 'no' 'no']
55, 470, 69
56, 480, 73
57, 490, 73
57, 500, 71
58, 510, 73
58, 520, 71
null
['no' 'no' 'yes' 'no' 'yes' 'no' 'no' 'no' 'no' 'no']
59, 520, 71
60, 530, 78
60, 540, 74
60, 550, 77
60, 560, 77
60, 570, 74
null
['no' 'no' 'no' 'no' 'no' 'no' 'no' 'no' 'no' 'no']
60, 570, 74
60, 580, 79
60, 590, 75
60, 600, 72
60, 610, 73
60, 620, 71
null
['no' 'no' 'no' 'no' 'no' 'no' 'no' 'no' 'no' 'no']
60, 620, 71
60, 630, 74
60, 640, 72
60, 650, 71
60, 660, 72
60, 670, 72
null
['no' 'no' 'no' 'no' 'no' 'no' 'no' 'no' 'no' 'no']
60, 670, 72
61, 680, 70
61, 690, 69
62, 700, 70
63, 710, 71
63, 720, 73
null
['no' 'no' 'no' 'no' 'no' 'no' 'no' 'no' 'no' 'no']
64, 720, 73
64, 730, 72
64, 740, 72
64, 750, 72
65, 760, 72
67, 770, 73
null
['no' 'no' 'no' 'no' 'no' 'no' 'no' 'no' 'no' 'no']
68, 770, 73
68, 780, 79
68, 790, 78
68, 800, 77
68, 810, 77
68, 820, 77
null
['no' 'no' 'no' 'no' 'no' 'no' 'no' 'no' 'no' 'no']
68, 820, 77
68, 830, 76
68, 840, 77
68, 850, 77
68, 860, 76
69, 870, 76
null
['no' 'no' 'no' 'no' 'no' 'no' 'no' 'no' 'no' 'no']
69, 870, 76
69, 880, 79
69, 890, 79
69, 900, 78
70, 910, 78
70, 920, 80
null
['no' 'no' 'no' 'no' 'no' 'no' 'no' 'no' 'no' 'no']
70, 920, 80
70, 930, 79
71, 940, 79
71, 950, 80
71, 960, 79
72, 970, 80
null
['no' 'no' 'no' 'no' 'no' 'no' 'no' 'no' 'no' 'no']
72, 970, 80
72, 980, 81
72, 990, 81
74, 1000, 80
75, 1010, 83
75, 1020, 85
null
['no' 'no' 'no' 'no' 'no' 'no' 'yes' 'no' 'no' 'no']
76, 1020, 85
76, 1030, 86
77, 1040, 87
78, 1050, 86
78, 1060, 89
78, 1070, 90
null
['no' 'no' 'no' 'no' 'no' 'no' 'no' 'no' 'no' 'no']
78, 1070, 90
78, 1080, 87
78, 1090, 87
78, 1100, 87
78, 1110, 87
78, 1120, 88
null
['no' 'no' 'no' 'no' 'no' 'no' 'no' 'no' 'no' 'no']
78, 1120, 88
78, 1130, 87
78, 1140, 86
78, 1150, 86
79, 1160, 86
79, 1170, 87
null
['no' 'no' 'no' 'no' 'no' 'no' 'no' 'no' 'no' 'no']
79, 1170, 87
79, 1180, 88
79, 1190, 87
79, 1200, 87
79, 1210, 87
79, 1220, 86
null
['no' 'no' 'no' 'no' 'no' 'no' 'no' 'no' 'no' 'no']
79, 1220, 86
79, 1230, 87
79, 1240, 87
80, 1250, 86
80, 1260, 87
80, 1270, 88
null
['no' 'no' 'no' 'no' 'no' 'no' 'yes' 'no' 'no' 'no']
81, 1270, 88
82, 1280, 88
82, 1290, 88
82, 1300, 89
82, 1310, 89
82, 1320, 89
null
['no' 'no' 'no' 'no' 'no' 'no' 'no' 'no' 'no' 'no']
82, 1320, 89
82, 1330, 89
82, 1340, 88
82, 1350, 88
82, 1360, 88
82, 1370, 88
null
['no' 'no' 'no' 'no' 'no' 'no' 'no' 'no' 'no' 'no']
82, 1370, 88
82, 1380, 87
82, 1390, 87
82, 1400, 88
82, 1410, 87
82, 1420, 88
null
['no' 'no' 'no' 'no' 'no' 'no' 'no' 'no' 'no' 'no']
82, 1420, 88
82, 1430, 87
82, 1440, 87
82, 1450, 87
82, 1460, 87
82, 1470, 87
null
['no' 'no' 'no' 'no' 'no' 'no' 'no' 'no' 'no' 'no']
82, 1470, 87
82, 1480, 87
82, 1490, 87
83, 1500, 87
84, 1510, 88
84, 1520, 89
null
['no' 'no' 'no' 'no' 'no' 'no' 'no' 'no' 'no' 'no']
84, 1520, 89
84, 1530, 89
84, 1540, 89
84, 1550, 89
85, 1560, 89
85, 1570, 90
null
['no' 'no' 'no' 'no' 'no' 'no' 'no' 'no' 'no' 'no']
86, 1570, 90
86, 1580, 91
86, 1590, 91
86, 1600, 91
86, 1610, 91
86, 1620, 91
null
['no' 'no' 'no' 'no' 'no' 'no' 'no' 'no' 'no' 'no']
86, 1620, 91
86, 1630, 91
null
['no' 'no' 'no' 'no' 'no' 'no' 'no' 'no' 'no' 'no']
{'count': 2290, 'truepos': 58, 'falseneg': 2, 'unknownyes': 2, 'falsepos': 28, 'unique': 1630}
22: Danijel.csv: none: 0, 0
4, 10
4, 20, 126
8, 30, 96
8, 40, 94
11, 50, 70
15, 60, 64
17, 70, 76
20, 80, 75
21, 90, 80
26, 100, 67
29, 110, 78
31, 120, 74
33, 130, 67
34, 140, 58
36, 150, 60
38, 160, 64
40, 170, 65
40, 180, 68
43, 190, 75
45, 200, 72
48, 210, 68
49, 220, 75
50, 230, 71
50, 240, 73
53, 250, 75
56, 260, 81
59, 270, 81
60, 280, 88
61, 290, 86
62, 300, 84
62, 310, 87
63, 320, 89
63, 330, 86
64, 340, 82
66, 350, 81
69, 360, 102
70, 370, 90
70, 380, 91
72, 390, 94
74, 400, 99
77, 410, 95
79, 420, 98
81, 430, 104
81, 440, 107
82, 450, 110
82, 460, 105
85, 470, 99
85, 480, 105
87, 490, 109
91, 500, 104
91, 510, 111
92, 520, 106
94, 530, 109
94, 540, 108
96, 550, 109
98, 560, 108
102, 570, 111
103, 580, 113
104, 590, 119
106, 600, 117
107, 610, 118
108, 620, 121
109, 630, 125
110, 640, 123
111, 650, 124
111, 660, 127
111, 670, 123
111, 680, 126
112, 690, 127
114, 700, 127
116, 710, 130
116, 720, 128
116, 730, 129
117, 740, 126
119, 750, 130
121, 760, 138
125, 770, 139
125, 780, 144
126, 790, 147
127, 800, 148
129, 810, 146
129, 820, 151
131, 830, 146
132, 840, 151
133, 850, 149
133, 860, 153
135, 870, 151
139, 880, 155
140, 890, 162
141, 900, 161
141, 910, 163
141, 920, 162
142, 930, 160
143, 940, 162
144, 950, 158
145, 960, 162
147, 970, 166
149, 980, 167
149, 990, 169
150, 1000, 168
151, 1010, 169
154, 1020, 173
157, 1030, 174
157, 1040, 181
159, 1050, 179
161, 1060, 185
163, 1070, 182
163, 1080, 182
164, 1090, 184
165, 1100, 187
166, 1110, 182
168, 1120, 182
169, 1130, 187
170, 1140, 191
171, 1150, 192
173, 1160, 199
173, 1170, 196
176, 1180, 191
179, 1190, 200
179, 1200, 208
182, 1210, 195
182, 1220, 205
182, 1230, 199
184, 1240, 203
185, 1250, 205
186, 1260, 207
188, 1270, 203
188, 1280, 210
188, 1290, 207
188, 1300, 208
189, 1310, 215
189, 1320, 209
190, 1330, 212
191, 1340, 209
191, 1350, 216
191, 1360, 210
192, 1370, 212
192, 1380, 209
192, 1390, 209
195, 1400, 210
196, 1410, 217
200, 1420, 217
201, 1430, 223
202, 1440, 226
202, 1450, 225
204, 1460, 223
204, 1470, 225
205, 1480, 223
206, 1490, 224
208, 1500, 227
208, 1510, 233
209, 1520, 231
209, 1530, 230
210, 1540, 230
214, 1550, 232
215, 1560, 240
217, 1570, 239
219, 1580, 237
220, 1590, 244
221, 1600, 241
221, 1610, 245
222, 1620, 243
223, 1630, 243
224, 1640, 245
226, 1650, 243
226, 1660, 248
228, 1670, 244
228, 1680, 249
229, 1690, 246
230, 1700, 249
230, 1710, 249
231, 1720, 252
231, 1730, 251
232, 1740, 248
233, 1750, 251
234, 1760, 251
237, 1770, 253
238, 1780, 260
240, 1790, 257
241, 1800, 263
241, 1810, 260
242, 1820, 259
243, 1830, 261
244, 1840, 261
245, 1850, 262
246, 1860, 265
247, 1870, 264
247, 1880, 265
247, 1890, 266
248, 1900, 266
249, 1910, 267
249, 1920, 268
251, 1930, 268
253, 1940, 271
254, 1950, 274
257, 1960, 276
257, 1970, 276
261, 1980, 280
263, 1990, 284
264, 2000, 285
266, 2010, 287
267, 2020, 288
268, 2030, 290
269, 2040, 288
270, 2050, 288
271, 2060, 288
272, 2070, 291
273, 2080, 297
275, 2090, 291
276, 2100, 296
276, 2110, 297
277, 2120, 296
279, 2130, 295
281, 2140, 297
281, 2150, 300
283, 2160, 301
283, 2170, 305
283, 2180, 302
285, 2190, 303
287, 2200, 305
289, 2210, 305
289, 2220, 311
291, 2230, 309
294, 2240, 313
295, 2250, 317
296, 2260, 315
297, 2270, 316
298, 2280, 322
298, 2290, 317
298, 2300, 319
298, 2310, 318
299, 2320, 316
300, 2330, 320
300, 2340, 322
301, 2350, 319
301, 2360, 319
301, 2370, 320
304, 2380, 324
304, 2390, 324
305, 2400, 324
306, 2410, 326
307, 2420, 327
307, 2430, 328
308, 2440, 329
308, 2450, 330
310, 2460, 330
311, 2470, 331
314, 2480, 335
316, 2490, 338
317, 2500, 341
317, 2510, 342
319, 2520, 338
320, 2530, 346
321, 2540, 341
321, 2550, 341
324, 2560, 343
326, 2570, 345
326, 2580, 349
326, 2590, 349
327, 2600, 348
329, 2610, 350
329, 2620, 352
329, 2630, 351
330, 2640, 351
331, 2650, 351
331, 2660, 353
335, 2670, 354
336, 2680, 354
336, 2690, 358
338, 2700, 356
339, 2710, 357
339, 2720, 360
340, 2730, 361
340, 2740, 361
340, 2750, 359
{'count': 2750, 'truepos': 42, 'falseneg': 2, 'unknownyes': 4, 'falsepos': 298, 'unique': 2750}
22: Danijel.csv: three: 0, 0
3, 10
4, 20, 105
5, 30, 103
7, 40, 72
8, 50, 66
11, 60, 63
12, 70, 63
13, 80, 54
16, 90, 50
18, 100, 55
22, 110, 52
26, 120, 56
28, 130, 61
29, 140, 56
30, 150, 54
31, 160, 53
31, 170, 53
32, 180, 51
33, 190, 50
35, 200, 50
35, 210, 52
35, 220, 50
35, 230, 49
37, 240, 51
38, 250, 54
39, 260, 56
40, 270, 56
41, 280, 60
43, 290, 62
43, 300, 62
43, 310, 69
44, 320, 61
44, 330, 68
44, 340, 65
45, 350, 63
45, 360, 63
47, 370, 59
49, 380, 62
49, 390, 63
49, 400, 63
50, 410, 63
51, 420, 65
51, 430, 63
51, 440, 62
51, 450, 62
51, 460, 62
51, 470, 62
51, 480, 61
51, 490, 63
51, 500, 60
52, 510, 60
52, 520, 63
53, 530, 61
54, 540, 65
56, 550, 70
56, 560, 72
56, 570, 71
56, 580, 69
57, 590, 71
57, 600, 71
57, 610, 71
57, 620, 69
57, 630, 71
57, 640, 67
57, 650, 69
58, 660, 69
58, 670, 70
58, 680, 72
58, 690, 71
59, 700, 75
59, 710, 74
59, 720, 71
59, 730, 72
59, 740, 74
59, 750, 72
59, 760, 73
60, 770, 70
60, 780, 72
61, 790, 72
61, 800, 74
62, 810, 74
62, 820, 71
62, 830, 72
63, 840, 73
65, 850, 75
65, 860, 76
67, 870, 77
67, 880, 79
67, 890, 79
67, 900, 78
68, 910, 80
68, 920, 78
68, 930, 78
69, 940, 78
69, 950, 81
69, 960, 81
70, 970, 78
70, 980, 79
70, 990, 78
70, 1000, 81
71, 1010, 78
71, 1020, 80
71, 1030, 82
72, 1040, 79
72, 1050, 80
72, 1060, 82
72, 1070, 84
73, 1080, 79
73, 1090, 79
74, 1100, 79
74, 1110, 84
75, 1120, 84
75, 1130, 88
75, 1140, 87
75, 1150, 85
75, 1160, 85
75, 1170, 87
75, 1180, 84
75, 1190, 83
75, 1200, 84
75, 1210, 83
75, 1220, 83
75, 1230, 84
75, 1240, 83
75, 1250, 82
75, 1260, 81
75, 1270, 81
75, 1280, 81
75, 1290, 82
75, 1300, 83
75, 1310, 83
76, 1320, 82
79, 1330, 82
{'count': 2886, 'truepos': 43, 'falseneg': 2, 'unknownyes': 3, 'falsepos': 36, 'unique': 1330}
22: Danijel.csv: machine: 0, 0
3, 10
3, 20, 108
5, 30, 79
5, 40, 71
6, 50, 50
8, 60, 45
['yes' 'yes' 'no' 'yes' 'yes' 'no' 'yes' 'no']
[]
5, 60, 45
9, 70, 42
11, 80, 58
16, 90, 59
17, 100, 71
20, 110, 63
['yes' 'no' 'no' 'no' 'yes' 'no' 'yes' 'yes' 'no' 'no']
[]
12, 110, 63
15, 120, 51
19, 130, 53
21, 140, 56
22, 150, 51
26, 160, 51
['no' 'yes' 'yes' 'yes' 'no' 'yes' 'yes' 'yes' 'yes' 'yes']
[]
23, 160, 51
25, 170, 60
26, 180, 57
28, 190, 54
31, 200, 55
34, 210, 48
['yes' 'yes' 'no' 'yes' 'yes' 'no' 'yes' 'yes' 'yes' 'yes']
['no' 'yes' 'no' 'no' 'no' 'no' 'no' 'no' 'no' 'yes']
34, 210, 48
36, 220, 51
37, 230, 57
38, 240, 52
38, 250, 60
43, 260, 60
['no' 'no' 'yes' 'no' 'no' 'no' 'no' 'yes' 'yes' 'no']
['no' 'no' 'no' 'no' 'no' 'no' 'no' 'no' 'no' 'no']
38, 260, 60
43, 270, 51
46, 280, 59
48, 290, 64
48, 300, 68
50, 310, 68
['no' 'no' 'no' 'yes' 'no' 'no' 'no' 'yes' 'no' 'no']
['no' 'no' 'no' 'no' 'no' 'no' 'no' 'no' 'yes' 'no']
42, 310, 68
43, 320, 54
44, 330, 55
45, 340, 61
47, 350, 59
48, 360, 63
['yes' 'no' 'yes' 'no' 'no' 'yes' 'yes' 'no' 'no' 'yes']
['no' 'no' 'no' 'no' 'no' 'no' 'no' 'no' 'no' 'no']
45, 360, 63
46, 370, 55
48, 380, 61
51, 390, 67
51, 400, 66
51, 410, 67
['no' 'yes' 'no' 'no' 'yes' 'no' 'no' 'no' 'no' 'no']
['no' 'no' 'no' 'no' 'no' 'no' 'no' 'no' 'no' 'no']
45, 410, 67
45, 420, 55
45, 430, 55
46, 440, 58
46, 450, 56
49, 460, 54
['no' 'no' 'no' 'no' 'no' 'no' 'no' 'no' 'no' 'yes']
['no' 'no' 'no' 'no' 'no' 'no' 'no' 'no' 'no' 'no']
43, 460, 54
44, 470, 48
45, 480, 50
47, 490, 50
48, 500, 54
52, 510, 55
['no' 'no' 'yes' 'yes' 'no' 'no' 'yes' 'no' 'no' 'yes']
['no' 'no' 'no' 'yes' 'no' 'no' 'no' 'no' 'no' 'no']
48, 510, 55
50, 520, 53
52, 530, 57
53, 540, 59
55, 550, 62
57, 560, 69
['no' 'no' 'yes' 'no' 'no' 'no' 'no' 'no' 'no' 'no']
['no' 'no' 'no' 'no' 'no' 'no' 'no' 'no' 'no' 'no']
50, 560, 69
52, 570, 56
52, 580, 59
55, 590, 58
55, 600, 64
55, 610, 62
['no' 'no' 'no' 'no' 'yes' 'no' 'no' 'no' 'no' 'yes']
['no' 'no' 'no' 'no' 'no' 'no' 'no' 'no' 'no' 'no']
48, 610, 62
48, 620, 52
51, 630, 52
52, 640, 57
53, 650, 57
54, 660, 58
['no' 'no' 'no' 'no' 'no' 'no']
['no' 'no' 'no' 'no' 'no' 'no' 'no' 'no' 'no' 'no']
49, 660, 58
49, 670, 52
50, 680, 52
50, 690, 53
51, 700, 53
53, 710, 55
['no' 'no' 'no' 'no' 'no']
['no' 'no' 'no' 'no' 'no' 'no' 'no' 'no' 'no' 'yes']
['no' 'no' 'no' 'no' 'no']
['no' 'no' 'no' 'no' 'no' 'yes' 'no' 'no' 'no' 'no']
{'count': 949, 'truepos': 43, 'falseneg': 2, 'unknownyes': 3, 'falsepos': 7, 'unique': 710}
22: Danijel.csv: machine2: 0, 0
5, 10
8, 20, 109
11, 30, 105
15, 40, 115
20, 50, 99
23, 60, 102
['yes' 'yes' 'yes' 'yes' 'no' 'yes' 'yes' 'no' 'yes' 'no']
[]
20, 60, 102
22, 70, 97
26, 80, 102
27, 90, 109
28, 100, 91
30, 110, 83
['yes' 'no' 'no' 'yes' 'yes' 'yes' 'no' 'yes' 'yes' 'no']
['no' 'no' 'no' 'no' 'no' 'no' 'no' 'yes' 'no' 'no']
30, 110, 83
33, 120, 55
35, 130, 56
37, 140, 58
38, 150, 58
40, 160, 55
['no' 'no' 'yes' 'yes' 'yes' 'yes' 'no' 'yes' 'yes' 'yes']
['no' 'no' 'no' 'no' 'no' 'no' 'yes' 'no' 'no' 'no']
39, 160, 55
40, 170, 57
42, 180, 56
45, 190, 57
45, 200, 60
48, 210, 58
['yes' 'no' 'no' 'yes' 'no' 'no' 'no' 'no' 'yes' 'yes']
['no' 'no' 'no' 'no' 'no' 'no' 'no' 'no' 'no' 'no']
45, 210, 58
45, 220, 62
45, 230, 58
46, 240, 59
47, 250, 58
48, 260, 59
['no' 'no' 'no' 'yes' 'no' 'no' 'yes' 'no' 'yes' 'no']
['no' 'no' 'no' 'no' 'no' 'no' 'no' 'no' 'no' 'no']
43, 260, 59
43, 270, 50
46, 280, 48
46, 290, 52
49, 300, 52
52, 310, 61
['yes' 'no' 'no' 'yes' 'no' 'no' 'yes' 'yes' 'yes' 'yes']
['no' 'no' 'no' 'no' 'no' 'no' 'no' 'no' 'no' 'no']
50, 310, 61
51, 320, 57
53, 330, 60
53, 340, 67
55, 350, 62
57, 360, 64
['no' 'no' 'no' 'no' 'no' 'yes' 'yes' 'no' 'no' 'no']
['no' 'no' 'no' 'no' 'no' 'no' 'no' 'no' 'yes' 'no']
54, 360, 64
57, 370, 63
59, 380, 67
60, 390, 72
60, 400, 70
60, 410, 71
['no' 'no' 'no' 'yes' 'no' 'no' 'no' 'no' 'yes' 'yes']
['no' 'no' 'no' 'no' 'no' 'no' 'no' 'no' 'no' 'no']
56, 410, 71
58, 420, 64
59, 430, 68
60, 440, 72
61, 450, 75
62, 460, 75
['no' 'no' 'no' 'no' 'no' 'no' 'no' 'no' 'no' 'yes']
['no' 'no' 'no' 'no' 'no' 'no' 'no' 'no' 'no' 'no']
55, 460, 75
56, 470, 63
57, 480, 66
58, 490, 65
58, 500, 68
59, 510, 64
['no' 'no' 'no' 'no' 'yes' 'yes']
['no' 'no' 'no' 'no' 'no' 'no' 'no' 'no' 'no' 'no']
58, 510, 64
60, 520, 69
62, 530, 70
62, 540, 73
62, 550, 75
64, 560, 75
['no' 'no' 'no' 'no' 'no' 'no' 'no' 'no']
['no' 'no' 'no' 'no' 'no' 'no' 'no' 'no' 'no' 'no']
59, 560, 75
61, 570, 64
63, 580, 65
65, 590, 68
67, 600, 71
68, 610, 73
['no' 'no' 'no' 'no' 'no' 'yes' 'no' 'no' 'no' 'no']
['no' 'no' 'no' 'no' 'no' 'no' 'no' 'no' 'no' 'no']
60, 610, 73
60, 620, 67
61, 630, 66
61, 640, 67
62, 650, 65
63, 660, 72
['no' 'no' 'no' 'no']
['no' 'no' 'no' 'no' 'no' 'no' 'no' 'no' 'no' 'no']
61, 660, 72
62, 670, 65
63, 680, 66
64, 690, 67
64, 700, 69
['no' 'no' 'no' 'no' 'no']
['no' 'no' 'no' 'no' 'no' 'no' 'no' 'no' 'no' 'no']
{'count': 1016, 'truepos': 42, 'falseneg': 2, 'unknownyes': 4, 'falsepos': 22, 'unique': 700}
22: Danijel.csv: machine3: 0, 0
3, 10
4, 20, 114
6, 30, 102
7, 40, 90
9, 50, 88
9, 60, 81
null
[]
10, 70, 61
14, 80, 56
17, 90, 66
21, 100, 77
21, 110, 79
22, 120, 64
null
[]
23, 130, 53
23, 140, 51
24, 150, 45
24, 160, 46
24, 170, 43
25, 180, 42
null
[]
28, 190, 43
28, 200, 45
30, 210, 44
30, 220, 49
30, 230, 46
31, 240, 46
null
['no' 'no' 'no' 'no' 'no' 'no' 'no' 'no' 'no' 'no']
31, 240, 46
31, 250, 50
32, 260, 46
33, 270, 45
34, 280, 45
34, 290, 52
null
['no' 'no' 'no' 'no' 'no' 'no' 'no' 'no' 'no' 'no']
34, 290, 52
34, 300, 47
36, 310, 46
37, 320, 48
38, 330, 48
39, 340, 49
null
['no' 'no' 'no' 'no' 'no' 'no' 'no' 'no' 'no' 'no']
40, 340, 49
41, 350, 53
42, 360, 50
42, 370, 53
42, 380, 51
42, 390, 55
null
['no' 'no' 'no' 'no' 'no' 'no' 'no' 'no' 'no' 'no']
42, 390, 55
42, 400, 51
42, 410, 52
42, 420, 53
43, 430, 49
44, 440, 53
null
['no' 'no' 'no' 'no' 'no' 'no' 'no' 'no' 'no' 'no']
44, 440, 53
44, 450, 55
44, 460, 54
44, 470, 50
44, 480, 53
44, 490, 52
null
['no' 'no' 'no' 'no' 'no' 'no' 'no' 'no' 'no' 'no']
44, 490, 52
44, 500, 51
44, 510, 51
44, 520, 51
45, 530, 49
46, 540, 52
null
['no' 'no' 'no' 'no' 'no' 'no' 'no' 'no' 'no' 'no']
46, 540, 52
47, 550, 53
47, 560, 53
47, 570, 54
47, 580, 54
47, 590, 53
null
['no' 'no' 'no' 'no' 'no' 'no' 'no' 'no' 'no' 'no']
47, 590, 53
49, 600, 52
49, 610, 54
49, 620, 54
50, 630, 54
51, 640, 57
null
['no' 'no' 'no' 'no' 'no' 'no' 'no' 'no' 'no' 'no']
51, 640, 57
51, 650, 56
51, 660, 58
51, 670, 57
52, 680, 59
52, 690, 59
null
['no' 'no' 'no' 'no' 'no' 'no' 'no' 'no' 'no' 'no']
52, 690, 59
52, 700, 63
52, 710, 61
52, 720, 59
52, 730, 57
52, 740, 60
null
['no' 'no' 'no' 'no' 'no' 'no' 'no' 'no' 'no' 'no']
52, 740, 60
52, 750, 61
52, 760, 59
52, 770, 56
52, 780, 58
52, 790, 58
null
['no' 'no' 'no' 'no' 'no' 'yes' 'no' 'no' 'no' 'no']
53, 790, 58
53, 800, 59
53, 810, 59
53, 820, 57
53, 830, 58
53, 840, 59
null
['no' 'no' 'no' 'no' 'no' 'no' 'no' 'no' 'no' 'no']
54, 840, 59
54, 850, 60
54, 860, 58
55, 870, 59
55, 880, 60
55, 890, 60
null
['no' 'no' 'no' 'no' 'no' 'no' 'no' 'no' 'no' 'no']
55, 890, 60
56, 900, 59
56, 910, 59
57, 920, 62
57, 930, 62
null
['no' 'no' 'no' 'no' 'no' 'no' 'no' 'no' 'no' 'no']
{'count': 1335, 'truepos': 38, 'falseneg': 4, 'unknownyes': 6, 'falsepos': 20, 'unique': 930}
22: K_all3.csv: none: 0, 0
1, 10
4, 20, 92
5, 30, 66
8, 40, 59
9, 50, 52
13, 60, 42
14, 70, 55
18, 80, 47
23, 90, 53
24, 100, 65
26, 110, 58
26, 120, 60
27, 130, 52
29, 140, 51
30, 150, 51
34, 160, 42
35, 170, 55
35, 180, 50
37, 190, 48
38, 200, 53
39, 210, 50
39, 220, 52
39, 230, 53
42, 240, 50
42, 250, 54
43, 260, 54
44, 270, 56
44, 280, 54
46, 290, 52
46, 300, 51
47, 310, 56
48, 320, 53
51, 330, 53
51, 340, 59
57, 350, 55
58, 360, 62
59, 370, 62
62, 380, 64
62, 390, 66
63, 400, 66
{'count': 400, 'truepos': 30, 'falseneg': 2, 'unknownyes': 13, 'falsepos': 33, 'unique': 400}
22: K_all3.csv: three: 0, 0
1, 10
2, 20, 92
4, 30, 62
6, 40, 59
7, 50, 62
12, 60, 52
17, 70, 64
17, 80, 63
19, 90, 53
20, 100, 53
21, 110, 51
21, 120, 51
23, 130, 47
24, 140, 49
24, 150, 47
24, 160, 46
26, 170, 44
29, 180, 45
29, 190, 47
31, 200, 46
32, 210, 44
32, 220, 46
32, 230, 48
33, 240, 39
34, 250, 43
35, 260, 50
37, 270, 45
37, 280, 47
37, 290, 44
37, 300, 43
37, 310, 46
37, 320, 45
37, 330, 43
38, 340, 42
38, 350, 45
39, 360, 46
39, 370, 45
40, 380, 43
40, 390, 44
40, 400, 45
42, 410, 45
43, 420, 47
44, 430, 47
44, 440, 47
44, 450, 47
{'count': 993, 'truepos': 34, 'falseneg': 2, 'unknownyes': 9, 'falsepos': 10, 'unique': 450}
22: K_all3.csv: machine: 0, 0
2, 10
4, 20, 70
5, 30, 67
6, 40, 63
7, 50, 57
9, 60, 52
['no' 'yes' 'no' 'no' 'no' 'no' 'no' 'yes' 'no']
[]
0, 60, 52
2, 70, 52
3, 80, 73
5, 90, 67
7, 100, 57
9, 110, 58
10, 120, 58
['yes' 'no' 'yes' 'no' 'no' 'yes' 'no' 'no' 'yes' 'no']
[]
3, 120, 58
6, 130, 54
8, 140, 51
14, 150, 51
16, 160, 60
18, 170, 60
['no' 'yes' 'yes' 'yes' 'no' 'no' 'no' 'no' 'yes' 'no']
[]
12, 170, 60
13, 180, 50
13, 190, 50
14, 200, 47
15, 210, 47
16, 220, 46
['yes' 'no' 'no' 'no' 'no' 'no' 'yes' 'yes' 'yes']
['yes']
12, 220, 46
13, 230, 43
16, 240, 44
17, 250, 47
18, 260, 47
21, 270, 45
['yes' 'yes' 'yes' 'yes' 'no' 'yes' 'yes' 'no' 'yes' 'no']
['no' 'no']
18, 270, 45
20, 280, 46
22, 290, 47
23, 300, 46
23, 310, 46
23, 320, 46
['no' 'no' 'yes' 'no' 'no']
['no']
20, 320, 46
21, 330, 43
23, 340, 43
26, 350, 44
26, 360, 45
26, 370, 44
['yes' 'yes' 'no' 'no' 'no' 'yes']
[]
23, 370, 44
24, 380, 43
24, 390, 44
25, 400, 43
27, 410, 44
27, 420, 46
['yes' 'no' 'no' 'yes']
['no' 'no']
25, 420, 46
26, 430, 44
27, 440, 44
28, 450, 45
31, 460, 46
33, 470, 36
['no' 'no' 'no' 'yes' 'yes' 'no' 'no' 'no']
['no' 'no' 'no' 'yes' 'no' 'no' 'no' 'yes' 'yes' 'no']
31, 470, 36
31, 480, 36
31, 490, 35
32, 500, 34
32, 510, 37
35, 520, 35
['no' 'yes' 'yes' 'yes' 'no']
['no' 'no' 'no' 'no' 'no' 'no' 'no' 'no' 'no' 'no']
['yes' 'yes' 'yes' 'no' 'no']
['no' 'no' 'no' 'no' 'no' 'no' 'no' 'no' 'no' 'no']
{'count': 622, 'truepos': 31, 'falseneg': 4, 'unknownyes': 10, 'falsepos': 3, 'unique': 520}
22: K_all3.csv: machine2: 0, 0
1, 10
3, 20, 92
5, 30, 66
7, 40, 63
8, 50, 58
9, 60, 55
['yes' 'no' 'no' 'yes' 'no' 'yes' 'no' 'no' 'yes']
[]
4, 60, 55
8, 70, 55
9, 80, 67
10, 90, 57
13, 100, 52
15, 110, 52
['no' 'yes' 'no' 'no' 'yes' 'yes' 'yes' 'no' 'no' 'no']
[]
9, 110, 52
14, 120, 44
18, 130, 54
21, 140, 58
21, 150, 57
21, 160, 52
['no' 'no' 'yes' 'yes' 'no' 'yes' 'yes' 'no' 'no' 'yes']
['no' 'no']
20, 160, 52
20, 170, 47
22, 180, 43
22, 190, 45
27, 200, 43
31, 210, 49
['no' 'no' 'yes' 'yes' 'no' 'yes' 'no' 'yes' 'no' 'yes']
['no' 'no' 'yes' 'no' 'no' 'no' 'no' 'no' 'no' 'no']
28, 210, 49
29, 220, 52
30, 230, 49
33, 240, 41
33, 250, 47
34, 260, 41
['yes' 'no' 'yes' 'no' 'no' 'no' 'no' 'no' 'no' 'yes']
['no' 'no' 'no' 'no' 'no' 'no' 'no' 'no' 'no' 'no']
32, 260, 41
32, 270, 41
33, 280, 37
35, 290, 38
35, 300, 44
36, 310, 40
['no' 'no' 'no' 'no' 'yes' 'no' 'yes']
['no' 'no' 'no' 'no' 'no' 'no' 'no' 'no' 'no' 'no']
33, 310, 40
34, 320, 40
36, 330, 40
38, 340, 41
38, 350, 42
40, 360, 44
['no' 'yes' 'no' 'no' 'no' 'no' 'no' 'no']
['no' 'no' 'no' 'no' 'no' 'no' 'no' 'no' 'no' 'no']
36, 360, 44
38, 370, 41
41, 380, 43
43, 390, 45
45, 400, 46
45, 410, 48
['no' 'no' 'yes' 'no' 'no' 'no' 'yes' 'no' 'no' 'no']
['no' 'no' 'no' 'no' 'no' 'no' 'no' 'no' 'no' 'no']
39, 410, 48
null
['no' 'no' 'no' 'no' 'no' 'no' 'no' 'no' 'no' 'no']
{'count': 584, 'truepos': 25, 'falseneg': 5, 'unknownyes': 15, 'falsepos': 14, 'unique': 410}
22: K_all3.csv: machine3: 0, 0
1, 10
2, 20, 91
6, 30, 64
7, 40, 65
10, 50, 59
11, 60, 63
null
['yes']
12, 60, 63
13, 70, 53
14, 80, 50
18, 90, 46
19, 100, 57
20, 110, 50
null
['no']
20, 110, 50
21, 120, 51
22, 130, 49
23, 140, 48
23, 150, 47
23, 160, 46
null
[]
23, 170, 45
23, 180, 44
24, 190, 43
24, 200, 45
25, 210, 44
27, 220, 45
null
[]
28, 230, 47
29, 240, 46
30, 250, 47
31, 260, 38
32, 270, 40
32, 280, 41
null
['no' 'no' 'no' 'no' 'no' 'no' 'no' 'yes' 'no' 'no']
34, 280, 41
34, 290, 42
34, 300, 40
34, 310, 40
34, 320, 40
35, 330, 40
null
['no' 'no' 'no' 'no' 'no' 'no' 'no' 'no' 'no' 'no']
36, 330, 40
36, 340, 41
36, 350, 41
37, 360, 41
37, 370, 42
37, 380, 41
null
['no' 'no' 'no' 'no' 'no' 'no' 'no' 'no' 'no' 'no']
37, 380, 41
37, 390, 40
37, 400, 40
37, 410, 40
37, 420, 40
38, 430, 39
null
['no' 'no' 'no' 'no' 'no' 'no' 'no' 'no' 'no' 'yes']
null
['no' 'no' 'no' 'no' 'no' 'no' 'yes' 'no' 'no' 'no']
{'count': 580, 'truepos': 31, 'falseneg': 3, 'unknownyes': 11, 'falsepos': 8, 'unique': 430}

------------------------------------------------------------
Sender: LSF System <lsfadmin@n2b3-7>
Subject: Job 267556: </share/tjmenzie/zyu9/miniconda2/bin/python2.7 runner.py error_hpcc 22> Done

Job </share/tjmenzie/zyu9/miniconda2/bin/python2.7 runner.py error_hpcc 22> was submitted from host <login01.hpc.ncsu.edu> by user <zyu9> in cluster <henry2>.
Job was executed on host(s) <2*n2b3-7>, in queue <single_chassis>, as user <zyu9> in cluster <henry2>.
</home/zyu9> was used as the home directory.
</home/zyu9/projects/MAR_HPC/Error/src> was used as the working directory.
Started at Wed Oct 18 09:16:20 2017
Results reported at Wed Oct 18 15:48:35 2017

Your job looked like:

------------------------------------------------------------
# LSBATCH: User input
/share/tjmenzie/zyu9/miniconda2/bin/python2.7 runner.py error_hpcc 22
------------------------------------------------------------

Successfully completed.

Resource usage summary:

    CPU time   :  25867.64 sec.
    Max Memory :       191 MB
    Max Swap   :      1209 MB

    Max Processes  :         3
    Max Threads    :         8

The output (if any) is above this job summary.



PS:

Read file <./err/22.err.267556> for stderr output of this job.

