22: Hall.csv: none: 0, 0
5, 10
6, 20, 102
11, 30, 99
15, 40, 109
18, 50, 97
24, 60, 88
27, 70, 90
31, 80, 88
34, 90, 65
38, 100, 65
43, 110, 74
50, 120, 79
56, 130, 98
58, 140, 103
60, 150, 102
62, 160, 103
63, 170, 102
66, 180, 108
68, 190, 107
72, 200, 117
74, 210, 115
78, 220, 100
83, 230, 101
86, 240, 107
87, 250, 117
92, 260, 112
94, 270, 118
100, 280, 119
103, 290, 160
104, 300, 156
104, 310, 141
105, 320, 160
106, 330, 136
107, 340, 149
110, 350, 132
110, 360, 145
111, 370, 133
113, 380, 136
113, 390, 141
113, 400, 134
114, 410, 146
115, 420, 143
116, 430, 147
118, 440, 145
119, 450, 154
120, 460, 153
121, 470, 161
124, 480, 166
125, 490, 193
125, 500, 188
126, 510, 175
128, 520, 162
129, 530, 180
129, 540, 169
130, 550, 161
130, 560, 172
130, 570, 161
131, 580, 163
132, 590, 162
133, 600, 165
133, 610, 170
134, 620, 162
134, 630, 168
134, 640, 165
137, 650, 164
138, 660, 168
139, 670, 189
139, 680, 178
140, 690, 171
143, 700, 169
143, 710, 176
143, 720, 174
143, 730, 171
144, 740, 175
146, 750, 177
146, 760, 190
147, 770, 175
149, 780, 188
152, 790, 187
154, 800, 198
155, 810, 193
155, 820, 194
155, 830, 192
156, 840, 191
156, 850, 196
156, 860, 195
158, 870, 187
160, 880, 193
161, 890, 192
161, 900, 188
162, 910, 199
163, 920, 193
163, 930, 191
163, 940, 192
164, 950, 193
166, 960, 194
166, 970, 192
167, 980, 195
167, 990, 198
169, 1000, 196
169, 1010, 194
169, 1020, 194
169, 1030, 193
170, 1040, 195
171, 1050, 196
172, 1060, 202
173, 1070, 201
173, 1080, 201
175, 1090, 205
175, 1100, 205
176, 1110, 200
177, 1120, 204
177, 1130, 204
178, 1140, 200
179, 1150, 206
181, 1160, 205
182, 1170, 207
182, 1180, 206
182, 1190, 207
182, 1200, 210
183, 1210, 204
183, 1220, 204
185, 1230, 207
185, 1240, 209
186, 1250, 207
186, 1260, 213
186, 1270, 206
186, 1280, 211
188, 1290, 208
189, 1300, 216
189, 1310, 209
189, 1320, 211
189, 1330, 210
190, 1340, 210
190, 1350, 212
191, 1360, 213
191, 1370, 210
192, 1380, 211
194, 1390, 212
194, 1400, 224
195, 1410, 216
195, 1420, 222
197, 1430, 222
197, 1440, 224
197, 1450, 216
199, 1460, 223
199, 1470, 225
201, 1480, 222
202, 1490, 226
202, 1500, 227
204, 1510, 228
204, 1520, 233
205, 1530, 239
206, 1540, 232
207, 1550, 236
207, 1560, 233
210, 1570, 234
211, 1580, 240
211, 1590, 242
211, 1600, 242
213, 1610, 239
213, 1620, 241
213, 1630, 237
215, 1640, 238
215, 1650, 243
217, 1660, 241
217, 1670, 242
217, 1680, 247
218, 1690, 242
218, 1700, 244
218, 1710, 247
220, 1720, 243
220, 1730, 245
220, 1740, 251
221, 1750, 242
222, 1760, 250
223, 1770, 254
225, 1780, 251
226, 1790, 256
229, 1800, 256
230, 1810, 253
230, 1820, 259
231, 1830, 261
232, 1840, 261
234, 1850, 263
234, 1860, 265
237, 1870, 261
238, 1880, 275
238, 1890, 275
238, 1900, 270
239, 1910, 275
239, 1920, 271
239, 1930, 267
240, 1940, 267
240, 1950, 272
240, 1960, 267
241, 1970, 268
241, 1980, 276
241, 1990, 270
242, 2000, 272
243, 2010, 273
244, 2020, 284
244, 2030, 274
246, 2040, 274
249, 2050, 282
250, 2060, 285
252, 2070, 281
253, 2080, 282
255, 2090, 281
256, 2100, 284
256, 2110, 290
257, 2120, 287
257, 2130, 286
258, 2140, 286
259, 2150, 286
259, 2160, 291
259, 2170, 289
261, 2180, 291
262, 2190, 288
262, 2200, 286
262, 2210, 286
263, 2220, 284
264, 2230, 289
264, 2240, 292
266, 2250, 286
266, 2260, 287
268, 2270, 290
270, 2280, 288
271, 2290, 290
272, 2300, 295
272, 2310, 299
274, 2320, 299
275, 2330, 297
276, 2340, 301
277, 2350, 300
279, 2360, 298
279, 2370, 303
279, 2380, 303
279, 2390, 303
280, 2400, 303
281, 2410, 307
283, 2420, 300
285, 2430, 307
286, 2440, 310
288, 2450, 313
288, 2460, 312
288, 2470, 313
289, 2480, 314
289, 2490, 317
291, 2500, 313
293, 2510, 314
293, 2520, 316
294, 2530, 313
294, 2540, 318
296, 2550, 318
297, 2560, 320
299, 2570, 319
300, 2580, 323
300, 2590, 328
301, 2600, 326
301, 2610, 325
301, 2620, 328
302, 2630, 322
304, 2640, 329
304, 2650, 326
305, 2660, 330
306, 2670, 327
308, 2680, 334
308, 2690, 335
311, 2700, 333
314, 2710, 333
315, 2720, 340
315, 2730, 343
315, 2740, 346
316, 2750, 340
316, 2760, 343
319, 2770, 342
319, 2780, 345
321, 2790, 344
322, 2800, 345
324, 2810, 351
325, 2820, 354
326, 2830, 355
327, 2840, 353
328, 2850, 355
329, 2860, 356
329, 2870, 354
331, 2880, 356
333, 2890, 356
334, 2900, 362
335, 2910, 360
336, 2920, 367
336, 2930, 365
336, 2940, 368
338, 2950, 365
339, 2960, 372
340, 2970, 369
340, 2980, 368
340, 2990, 366
340, 3000, 367
340, 3010, 369
341, 3020, 364
341, 3030, 364
342, 3040, 364
343, 3050, 366
346, 3060, 365
346, 3070, 369
346, 3080, 369
349, 3090, 369
350, 3100, 373
351, 3110, 373
352, 3120, 378
353, 3130, 375
354, 3140, 377
356, 3150, 378
356, 3160, 379
358, 3170, 381
358, 3180, 383
358, 3190, 380
361, 3200, 381
361, 3210, 384
361, 3220, 384
361, 3230, 385
361, 3240, 381
362, 3250, 382
362, 3260, 385
364, 3270, 383
364, 3280, 385
366, 3290, 386
367, 3300, 391
368, 3310, 391
371, 3320, 389
371, 3330, 395
371, 3340, 396
372, 3350, 393
{'count': 3350, 'truepos': 88, 'falseneg': 15, 'unknownyes': 3, 'falsepos': 284, 'unique': 3350}
22: Hall.csv: three: 0, 0
8, 10
10, 20, 125
14, 30, 122
19, 40, 101
22, 50, 93
27, 60, 93
33, 70, 93
39, 80, 75
43, 90, 87
47, 100, 88
51, 110, 91
55, 120, 94
57, 130, 90
61, 140, 86
64, 150, 82
65, 160, 87
72, 170, 81
74, 180, 91
76, 190, 95
79, 200, 92
83, 210, 93
86, 220, 96
91, 230, 97
92, 240, 104
93, 250, 104
96, 260, 105
97, 270, 109
99, 280, 109
99, 290, 110
99, 300, 112
99, 310, 111
99, 320, 108
100, 330, 107
102, 340, 113
102, 350, 113
102, 360, 113
102, 370, 113
103, 380, 112
103, 390, 114
103, 400, 116
103, 410, 113
103, 420, 112
103, 430, 113
103, 440, 112
103, 450, 112
103, 460, 112
103, 470, 110
103, 480, 112
103, 490, 111
103, 500, 109
103, 510, 110
103, 520, 109
104, 530, 110
104, 540, 112
105, 550, 111
105, 560, 111
{'count': 1221, 'truepos': 99, 'falseneg': 3, 'unknownyes': 4, 'falsepos': 6, 'unique': 560}
22: Hall.csv: machine: 0, 0
7, 10
10, 20, 111
15, 30, 123
19, 40, 105
22, 50, 99
27, 60, 99
['no' 'yes' 'yes' 'no' 'yes' 'yes' 'yes' 'no' 'yes' 'yes']
['no' 'no' 'no']
23, 60, 99
28, 70, 89
32, 80, 93
35, 90, 69
39, 100, 69
46, 110, 73
['yes' 'yes' 'yes' 'yes' 'yes' 'yes' 'yes' 'yes' 'no' 'yes']
['no' 'yes' 'no' 'yes' 'yes' 'yes' 'yes' 'no' 'no' 'no']
47, 110, 73
49, 120, 82
54, 130, 80
58, 140, 85
62, 150, 93
67, 160, 92
['yes' 'yes' 'no' 'no' 'yes' 'no' 'yes' 'yes' 'yes' 'yes']
['yes' 'yes' 'no' 'yes' 'no' 'yes' 'yes' 'no' 'yes' 'no']
70, 160, 92
74, 170, 95
76, 180, 101
80, 190, 95
83, 200, 96
87, 210, 98
['yes' 'yes' 'yes' 'no' 'yes' 'yes' 'yes' 'yes' 'yes' 'no']
['no' 'no' 'no' 'no' 'no' 'no' 'no' 'yes' 'no' 'no']
85, 210, 98
91, 220, 97
93, 230, 104
96, 240, 107
97, 250, 110
98, 260, 109
['no' 'yes' 'yes' 'yes' 'yes' 'yes' 'yes' 'yes' 'yes' 'yes']
['no' 'no' 'no' 'no' 'no' 'no' 'no' 'yes' 'no' 'no']
100, 260, 109
104, 270, 111
106, 280, 119
107, 290, 115
108, 300, 117
109, 310, 121
['yes' 'yes' 'no' 'yes' 'no' 'no' 'no' 'no' 'yes' 'yes']
['no' 'no' 'no' 'no' 'no' 'no' 'no' 'no' 'no' 'no']
106, 310, 121
108, 320, 119
110, 330, 119
111, 340, 121
114, 350, 121
115, 360, 126
['no' 'no' 'yes' 'yes' 'no' 'no' 'no' 'no' 'no' 'no']
['no' 'no' 'no' 'no' 'no' 'no' 'no' 'yes' 'no' 'no']
109, 360, 126
112, 370, 118
112, 380, 125
115, 390, 123
115, 400, 128
116, 410, 127
['no' 'no' 'no' 'no' 'no' 'no' 'yes' 'yes' 'no' 'yes']
['no' 'no' 'no' 'no' 'no' 'no' 'no' 'no' 'no' 'no']
109, 410, 127
110, 420, 118
112, 430, 121
113, 440, 126
113, 450, 124
114, 460, 123
['no' 'no' 'no' 'no' 'yes' 'no' 'yes' 'no' 'yes' 'yes']
['no' 'no' 'no' 'no' 'no' 'no' 'no' 'no' 'no' 'no']
108, 460, 123
['no' 'yes' 'no' 'yes' 'no' 'yes' 'yes' 'no' 'yes' 'yes']
['no' 'no' 'no' 'yes' 'yes' 'no' 'yes' 'no' 'no' 'no']
{'count': 653, 'truepos': 98, 'falseneg': 3, 'unknownyes': 5, 'falsepos': 8, 'unique': 460}
22: Hall.csv: machine2: 0, 0
8, 10
11, 20, 123
15, 30, 119
22, 40, 100
25, 50, 99
30, 60, 96
['yes' 'no' 'yes' 'yes' 'yes' 'yes' 'yes' 'yes' 'yes' 'yes']
['yes' 'no' 'no' 'yes' 'no' 'no' 'no' 'no' 'no' 'no']
32, 60, 96
35, 70, 85
38, 80, 83
43, 90, 83
46, 100, 95
49, 110, 92
['yes' 'no' 'no' 'yes' 'yes' 'no' 'yes' 'yes' 'yes' 'yes']
['no' 'yes' 'yes' 'no' 'no' 'no' 'no' 'no' 'no' 'no']
48, 110, 92
49, 120, 93
53, 130, 83
57, 140, 86
62, 150, 86
65, 160, 92
['yes' 'yes' 'yes' 'no' 'yes' 'yes' 'yes' 'yes' 'yes' 'yes']
['no' 'no' 'no' 'no' 'yes' 'no' 'no' 'no' 'no' 'no']
66, 160, 92
69, 170, 99
71, 180, 99
76, 190, 97
81, 200, 93
85, 210, 97
['no' 'no' 'yes' 'yes' 'no' 'yes' 'yes' 'no' 'yes' 'yes']
['no' 'no' 'no' 'no' 'no' 'no' 'no' 'no' 'no' 'no']
82, 210, 97
86, 220, 96
88, 230, 100
92, 240, 101
95, 250, 108
99, 260, 111
['yes' 'no' 'yes' 'yes' 'no' 'yes' 'yes' 'yes' 'yes' 'yes']
['no' 'no' 'no' 'no' 'no' 'no' 'no' 'no' 'no' 'no']
99, 260, 111
101, 270, 122
103, 280, 124
103, 290, 123
104, 300, 123
106, 310, 119
['no' 'no' 'no' 'no' 'yes' 'yes' 'no' 'no' 'yes' 'yes']
['no' 'no' 'no' 'no' 'no' 'no' 'no' 'no' 'no' 'no']
101, 310, 119
103, 320, 119
105, 330, 117
108, 340, 122
110, 350, 124
113, 360, 127
['no' 'no' 'yes' 'no' 'yes' 'no' 'no' 'no' 'no' 'yes']
['no' 'no' 'no' 'no' 'no' 'no' 'yes' 'no' 'yes' 'no']
110, 360, 127
111, 370, 128
111, 380, 125
111, 390, 122
112, 400, 118
112, 410, 121
['no' 'no' 'yes' 'no' 'no' 'no' 'yes' 'yes' 'yes' 'no']
['yes' 'no' 'no' 'no' 'no' 'no' 'no' 'no' 'no' 'no']
110, 410, 121
113, 420, 117
114, 430, 124
115, 440, 123
115, 450, 123
['yes' 'yes' 'yes' 'no' 'yes' 'no' 'yes' 'yes' 'yes' 'no']
['no' 'no' 'no' 'no' 'no' 'no' 'no' 'no' 'no' 'no']
{'count': 665, 'truepos': 99, 'falseneg': 2, 'unknownyes': 5, 'falsepos': 14, 'unique': 450}
22: Hall.csv: machine3: 0, 0
8, 10
11, 20, 126
16, 30, 133
19, 40, 107
22, 50, 100
25, 60, 97
null
['no' 'no']
25, 60, 97
29, 70, 93
33, 80, 91
35, 90, 73
37, 100, 69
39, 110, 73
null
['no' 'yes' 'no' 'no' 'yes' 'no' 'no' 'no' 'no' 'no']
41, 110, 73
45, 120, 67
50, 130, 72
53, 140, 82
56, 150, 83
58, 160, 83
null
['no' 'no' 'no' 'no' 'no' 'no' 'no' 'yes' 'no' 'no']
59, 160, 83
61, 170, 80
63, 180, 84
67, 190, 77
70, 200, 81
71, 210, 85
null
['yes' 'no' 'no' 'no' 'yes' 'no' 'no' 'no' 'no' 'no']
73, 210, 85
76, 220, 85
81, 230, 91
84, 240, 97
88, 250, 99
88, 260, 110
null
['yes' 'no' 'yes' 'no' 'yes' 'no' 'no' 'no' 'no' 'no']
91, 260, 110
91, 270, 104
92, 280, 102
92, 290, 102
93, 300, 101
94, 310, 105
null
['no' 'no' 'no' 'no' 'no' 'no' 'no' 'no' 'no' 'no']
94, 310, 105
94, 320, 104
95, 330, 104
95, 340, 106
96, 350, 103
98, 360, 105
null
['no' 'no' 'yes' 'no' 'no' 'no' 'no' 'no' 'no' 'no']
99, 360, 105
99, 370, 111
99, 380, 109
99, 390, 112
99, 400, 109
99, 410, 109
null
['no' 'no' 'no' 'no' 'no' 'no' 'yes' 'no' 'no' 'no']
99, 410, 109
99, 420, 111
99, 430, 108
99, 440, 109
99, 450, 109
99, 460, 107
null
['no' 'yes' 'no' 'no' 'no' 'no' 'yes' 'no' 'no' 'no']
102, 460, 107
102, 470, 114
102, 480, 112
102, 490, 111
103, 500, 111
103, 510, 113
null
['no' 'no' 'no' 'no' 'no' 'no' 'no' 'no' 'no' 'no']
103, 510, 113
104, 520, 112
104, 530, 114
105, 540, 113
105, 550, 114
105, 560, 115
null
['no' 'no' 'no' 'no' 'no' 'no' 'no' 'no' 'no' 'no']
105, 560, 115
105, 570, 114
105, 580, 115
105, 590, 113
106, 600, 113
107, 610, 116
null
['no' 'no' 'no' 'no' 'no' 'no' 'no' 'no' 'no' 'no']
107, 610, 116
107, 620, 119
107, 630, 117
107, 640, 117
107, 650, 116
107, 660, 116
null
['no' 'no' 'no' 'no' 'no' 'no' 'no' 'no' 'no' 'no']
107, 660, 116
108, 670, 115
108, 680, 119
108, 690, 119
109, 700, 118
109, 710, 118
null
['no' 'yes' 'no' 'no' 'no' 'no' 'no' 'no' 'no' 'no']
110, 710, 118
112, 720, 120
113, 730, 123
113, 740, 124
113, 750, 124
113, 760, 123
null
['no' 'no' 'no' 'yes' 'no' 'no' 'no' 'no' 'no' 'no']
114, 760, 123
114, 770, 123
114, 780, 124
115, 790, 122
115, 800, 125
115, 810, 124
null
['no' 'no' 'no' 'no' 'no' 'no' 'no' 'no' 'no' 'no']
115, 810, 124
115, 820, 125
115, 830, 125
115, 840, 124
115, 850, 125
115, 860, 124
null
['no' 'no' 'no' 'no' 'no' 'no' 'no' 'no' 'no' 'no']
115, 860, 124
115, 870, 123
115, 880, 123
115, 890, 125
116, 900, 123
116, 910, 125
null
['no' 'no' 'no' 'no' 'yes' 'no' 'no' 'no' 'no' 'no']
117, 910, 125
118, 920, 124
118, 930, 125
119, 940, 127
119, 950, 131
120, 960, 130
null
['no' 'no' 'no' 'no' 'no' 'no' 'no' 'no' 'no' 'no']
120, 960, 130
120, 970, 130
120, 980, 131
120, 990, 131
120, 1000, 130
121, 1010, 129
null
['no' 'no' 'no' 'no' 'no' 'no' 'no' 'no' 'no' 'no']
121, 1010, 129
122, 1020, 132
122, 1030, 133
122, 1040, 133
122, 1050, 134
122, 1060, 132
null
['no' 'no' 'no' 'no' 'no' 'no' 'no' 'no' 'no' 'no']
122, 1060, 132
123, 1070, 133
123, 1080, 133
123, 1090, 133
123, 1100, 133
123, 1110, 134
null
['no' 'no' 'no' 'no' 'no' 'no' 'no' 'no' 'no' 'no']
123, 1110, 134
123, 1120, 132
123, 1130, 132
123, 1140, 132
123, 1150, 132
123, 1160, 132
null
['no' 'no' 'no' 'no' 'no' 'no' 'no' 'no' 'no' 'no']
123, 1160, 132
123, 1170, 131
123, 1180, 132
123, 1190, 132
123, 1200, 131
123, 1210, 132
null
['no' 'no' 'no' 'no' 'no' 'no' 'no' 'no' 'no' 'no']
124, 1210, 132
124, 1220, 132
125, 1230, 131
126, 1240, 132
126, 1250, 133
126, 1260, 134
null
['no' 'no' 'no' 'no' 'no' 'no' 'no' 'no' 'no' 'no']
126, 1260, 134
126, 1270, 133
126, 1280, 135
126, 1290, 133
126, 1300, 134
126, 1310, 133
null
['no' 'no' 'no' 'no' 'no' 'no' 'no' 'no' 'no' 'no']
126, 1310, 133
126, 1320, 133
126, 1330, 133
null
['no' 'no' 'no' 'no' 'no' 'no' 'no' 'no' 'no' 'no']
{'count': 1854, 'truepos': 102, 'falseneg': 1, 'unknownyes': 3, 'falsepos': 24, 'unique': 1330}
22: Wahono.csv: none: 0, 0
7, 10
8, 20, 106
9, 30, 107
11, 40, 102
12, 50, 97
18, 60, 85
22, 70, 85
25, 80, 84
28, 90, 85
31, 100, 84
33, 110, 63
36, 120, 65
39, 130, 79
43, 140, 79
44, 150, 96
45, 160, 90
47, 170, 86
48, 180, 94
50, 190, 85
50, 200, 83
51, 210, 85
53, 220, 84
54, 230, 92
55, 240, 88
56, 250, 89
56, 260, 95
56, 270, 86
58, 280, 82
59, 290, 82
60, 300, 84
62, 310, 83
63, 320, 90
64, 330, 91
66, 340, 84
68, 350, 88
68, 360, 89
69, 370, 88
70, 380, 87
73, 390, 89
75, 400, 93
77, 410, 95
78, 420, 96
78, 430, 101
79, 440, 105
82, 450, 103
83, 460, 103
83, 470, 108
86, 480, 104
86, 490, 109
88, 500, 104
88, 510, 113
88, 520, 107
90, 530, 105
90, 540, 114
91, 550, 112
91, 560, 117
93, 570, 112
95, 580, 109
96, 590, 117
98, 600, 117
101, 610, 120
101, 620, 122
103, 630, 124
105, 640, 132
106, 650, 132
109, 660, 136
109, 670, 144
111, 680, 143
111, 690, 143
113, 700, 146
114, 710, 148
116, 720, 145
117, 730, 144
118, 740, 147
120, 750, 147
122, 760, 147
122, 770, 154
124, 780, 154
126, 790, 158
127, 800, 162
129, 810, 159
130, 820, 171
130, 830, 169
130, 840, 168
131, 850, 167
131, 860, 161
132, 870, 167
132, 880, 168
133, 890, 167
134, 900, 167
135, 910, 167
135, 920, 173
135, 930, 168
135, 940, 169
135, 950, 169
136, 960, 170
136, 970, 165
139, 980, 167
143, 990, 170
145, 1000, 188
145, 1010, 183
145, 1020, 184
146, 1030, 179
148, 1040, 186
149, 1050, 187
150, 1060, 188
150, 1070, 184
151, 1080, 185
151, 1090, 188
152, 1100, 182
153, 1110, 181
153, 1120, 180
153, 1130, 177
153, 1140, 183
155, 1150, 178
155, 1160, 182
156, 1170, 178
158, 1180, 180
159, 1190, 186
160, 1200, 186
160, 1210, 184
161, 1220, 183
161, 1230, 185
163, 1240, 189
163, 1250, 190
163, 1260, 189
164, 1270, 189
165, 1280, 189
166, 1290, 192
167, 1300, 190
169, 1310, 190
169, 1320, 199
171, 1330, 197
173, 1340, 199
173, 1350, 198
174, 1360, 205
177, 1370, 205
177, 1380, 214
178, 1390, 207
179, 1400, 207
179, 1410, 209
179, 1420, 208
180, 1430, 213
182, 1440, 207
183, 1450, 214
185, 1460, 214
185, 1470, 216
186, 1480, 214
186, 1490, 215
186, 1500, 219
187, 1510, 216
187, 1520, 218
189, 1530, 218
189, 1540, 222
190, 1550, 223
192, 1560, 221
192, 1570, 220
194, 1580, 223
196, 1590, 222
196, 1600, 234
198, 1610, 230
201, 1620, 233
202, 1630, 236
202, 1640, 241
203, 1650, 237
204, 1660, 238
205, 1670, 244
206, 1680, 239
207, 1690, 245
207, 1700, 238
208, 1710, 242
210, 1720, 245
212, 1730, 245
212, 1740, 251
212, 1750, 249
212, 1760, 249
213, 1770, 243
214, 1780, 244
216, 1790, 249
216, 1800, 257
216, 1810, 254
216, 1820, 253
217, 1830, 252
217, 1840, 258
219, 1850, 256
220, 1860, 257
223, 1870, 252
223, 1880, 260
226, 1890, 257
226, 1900, 270
229, 1910, 264
229, 1920, 272
229, 1930, 261
230, 1940, 265
231, 1950, 262
233, 1960, 263
234, 1970, 272
234, 1980, 267
235, 1990, 267
236, 2000, 269
237, 2010, 272
238, 2020, 276
241, 2030, 273
242, 2040, 283
242, 2050, 277
244, 2060, 280
245, 2070, 280
245, 2080, 280
246, 2090, 279
246, 2100, 281
247, 2110, 281
247, 2120, 280
249, 2130, 279
249, 2140, 281
249, 2150, 284
250, 2160, 282
251, 2170, 286
252, 2180, 287
254, 2190, 287
254, 2200, 289
255, 2210, 291
256, 2220, 287
257, 2230, 292
257, 2240, 292
258, 2250, 289
260, 2260, 291
261, 2270, 294
262, 2280, 298
264, 2290, 298
267, 2300, 298
268, 2310, 303
268, 2320, 307
271, 2330, 302
272, 2340, 311
273, 2350, 313
276, 2360, 320
276, 2370, 315
276, 2380, 319
280, 2390, 315
284, 2400, 322
284, 2410, 324
285, 2420, 325
287, 2430, 323
287, 2440, 330
292, 2450, 330
296, 2460, 334
296, 2470, 339
297, 2480, 338
299, 2490, 333
301, 2500, 342
301, 2510, 340
303, 2520, 340
304, 2530, 343
304, 2540, 344
305, 2550, 340
306, 2560, 338
307, 2570, 338
307, 2580, 340
309, 2590, 342
309, 2600, 346
311, 2610, 345
311, 2620, 344
313, 2630, 347
314, 2640, 348
315, 2650, 352
316, 2660, 349
317, 2670, 352
317, 2680, 353
318, 2690, 355
318, 2700, 355
318, 2710, 350
318, 2720, 351
319, 2730, 350
319, 2740, 349
321, 2750, 349
321, 2760, 353
323, 2770, 350
325, 2780, 355
327, 2790, 361
327, 2800, 364
330, 2810, 359
332, 2820, 363
332, 2830, 368
332, 2840, 366
333, 2850, 366
336, 2860, 365
337, 2870, 369
338, 2880, 370
339, 2890, 371
339, 2900, 369
340, 2910, 369
340, 2920, 373
340, 2930, 371
342, 2940, 369
343, 2950, 370
344, 2960, 371
344, 2970, 374
346, 2980, 371
347, 2990, 374
348, 3000, 378
350, 3010, 376
352, 3020, 382
352, 3030, 381
352, 3040, 380
352, 3050, 384
354, 3060, 380
357, 3070, 385
357, 3080, 386
358, 3090, 385
358, 3100, 393
359, 3110, 385
362, 3120, 390
364, 3130, 393
364, 3140, 397
365, 3150, 393
365, 3160, 395
365, 3170, 395
367, 3180, 394
371, 3190, 395
371, 3200, 400
371, 3210, 398
372, 3220, 399
375, 3230, 402
376, 3240, 405
378, 3250, 405
379, 3260, 406
380, 3270, 404
381, 3280, 406
381, 3290, 410
384, 3300, 412
384, 3310, 413
385, 3320, 416
387, 3330, 414
388, 3340, 412
391, 3350, 415
393, 3360, 420
395, 3370, 421
396, 3380, 426
397, 3390, 424
397, 3400, 427
398, 3410, 425
398, 3420, 429
400, 3430, 427
400, 3440, 427
402, 3450, 427
402, 3460, 428
406, 3470, 428
406, 3480, 434
406, 3490, 433
406, 3500, 432
407, 3510, 433
407, 3520, 437
409, 3530, 432
409, 3540, 435
410, 3550, 436
411, 3560, 435
412, 3570, 438
412, 3580, 437
412, 3590, 439
413, 3600, 436
414, 3610, 438
416, 3620, 440
417, 3630, 443
420, 3640, 442
420, 3650, 449
422, 3660, 448
424, 3670, 449
425, 3680, 452
426, 3690, 452
426, 3700, 453
428, 3710, 453
429, 3720, 455
433, 3730, 456
433, 3740, 461
434, 3750, 460
436, 3760, 461
438, 3770, 464
438, 3780, 468
439, 3790, 464
442, 3800, 463
443, 3810, 473
443, 3820, 472
445, 3830, 470
445, 3840, 475
445, 3850, 474
446, 3860, 473
447, 3870, 472
447, 3880, 475
447, 3890, 474
448, 3900, 474
448, 3910, 475
451, 3920, 473
453, 3930, 479
453, 3940, 479
453, 3950, 477
454, 3960, 480
455, 3970, 479
455, 3980, 480
455, 3990, 480
455, 4000, 480
{'count': 4000, 'truepos': 57, 'falseneg': 5, 'unknownyes': 0, 'falsepos': 398, 'unique': 4000}
22: Wahono.csv: three: 0, 0
6, 10
6, 20, 99
6, 30, 90
12, 40, 72
14, 50, 89
16, 60, 79
19, 70, 78
22, 80, 72
25, 90, 64
26, 100, 73
27, 110, 65
28, 120, 61
30, 130, 54
32, 140, 71
34, 150, 63
36, 160, 70
37, 170, 77
37, 180, 66
37, 190, 67
39, 200, 61
40, 210, 64
41, 220, 64
41, 230, 65
43, 240, 58
45, 250, 64
48, 260, 67
48, 270, 74
48, 280, 69
50, 290, 67
50, 300, 70
51, 310, 65
51, 320, 70
52, 330, 64
52, 340, 65
54, 350, 69
54, 360, 72
54, 370, 73
54, 380, 73
55, 390, 69
55, 400, 68
58, 410, 69
59, 420, 74
60, 430, 76
60, 440, 72
60, 450, 73
60, 460, 73
60, 470, 73
61, 480, 75
61, 490, 73
61, 500, 73
62, 510, 73
62, 520, 74
63, 530, 73
63, 540, 74
63, 550, 73
63, 560, 73
64, 570, 72
64, 580, 73
65, 590, 72
65, 600, 74
65, 610, 74
65, 620, 74
66, 630, 73
69, 640, 74
69, 650, 78
72, 660, 80
74, 670, 84
75, 680, 87
75, 690, 87
75, 700, 88
76, 710, 88
76, 720, 88
78, 730, 88
78, 740, 93
78, 750, 90
78, 760, 90
78, 770, 91
78, 780, 89
79, 790, 91
79, 800, 90
79, 810, 89
79, 820, 91
79, 830, 89
81, 840, 90
82, 850, 90
84, 860, 96
85, 870, 95
85, 880, 98
86, 890, 98
86, 900, 99
86, 910, 100
86, 920, 97
87, 930, 97
87, 940, 99
88, 950, 99
88, 960, 98
88, 970, 99
89, 980, 99
89, 990, 106
89, 1000, 104
89, 1010, 99
90, 1020, 101
90, 1030, 103
90, 1040, 99
90, 1050, 100
91, 1060, 99
91, 1070, 102
92, 1080, 100
93, 1090, 103
94, 1100, 103
95, 1110, 104
95, 1120, 103
96, 1130, 104
96, 1140, 105
96, 1150, 105
96, 1160, 105
96, 1170, 104
96, 1180, 103
96, 1190, 104
97, 1200, 104
97, 1210, 106
97, 1220, 104
97, 1230, 106
97, 1240, 104
97, 1250, 105
97, 1260, 104
98, 1270, 104
99, 1280, 106
99, 1290, 105
101, 1300, 108
101, 1310, 109
101, 1320, 109
101, 1330, 109
101, 1340, 107
101, 1350, 107
101, 1360, 107
102, 1370, 107
102, 1380, 108
{'count': 3000, 'truepos': 60, 'falseneg': 2, 'unknownyes': 0, 'falsepos': 42, 'unique': 1380}
22: Wahono.csv: machine: 0, 0
6, 10
7, 20, 104
10, 30, 101
14, 40, 101
17, 50, 89
18, 60, 88
['no' 'yes' 'yes' 'yes' 'yes' 'yes' 'yes' 'yes' 'yes' 'yes']
['no']
16, 60, 88
18, 70, 81
22, 80, 80
23, 90, 87
24, 100, 77
27, 110, 67
['no' 'yes' 'yes' 'no' 'yes' 'yes' 'no' 'no' 'no' 'yes']
[]
21, 110, 67
23, 120, 60
24, 130, 60
25, 140, 58
27, 150, 56
31, 160, 58
['yes' 'no' 'yes' 'yes' 'yes' 'no' 'yes' 'no' 'no' 'no']
['no' 'no' 'no' 'no' 'no' 'no' 'no' 'yes' 'no' 'no']
30, 160, 58
31, 170, 51
34, 180, 50
38, 190, 56
41, 200, 65
41, 210, 77
['no' 'yes' 'no' 'no' 'no' 'no' 'no' 'yes' 'yes' 'no']
['yes' 'no' 'no' 'no' 'no' 'no' 'no' 'no' 'no' 'no']
35, 210, 77
38, 220, 53
42, 230, 65
43, 240, 73
45, 250, 85
46, 260, 85
['yes' 'no' 'no' 'no' 'no' 'no' 'yes' 'no' 'yes' 'yes']
['no' 'no' 'no' 'no' 'no' 'no' 'no' 'no' 'no' 'no']
42, 260, 85
44, 270, 74
47, 280, 77
47, 290, 82
49, 300, 77
49, 310, 79
['no' 'yes' 'no' 'yes' 'no' 'no' 'yes' 'no' 'no' 'no']
['no' 'no' 'no' 'yes' 'no' 'no' 'no' 'no' 'no' 'no']
42, 310, 79
43, 320, 65
44, 330, 66
45, 340, 68
48, 350, 69
51, 360, 76
['no' 'yes' 'no' 'no' 'no' 'yes' 'no' 'no' 'no' 'yes']
['no' 'no' 'no' 'yes' 'no' 'no' 'no' 'no' 'no' 'no']
48, 360, 76
50, 370, 70
50, 380, 81
53, 390, 78
54, 400, 83
55, 410, 87
['no' 'no' 'no' 'yes' 'no' 'no' 'no' 'no' 'yes' 'yes']
['no' 'no' 'no' 'no' 'no' 'no' 'no' 'no' 'no' 'no']
49, 410, 87
51, 420, 69
53, 430, 71
54, 440, 74
54, 450, 81
57, 460, 71
['no' 'no' 'no' 'no' 'yes' 'yes' 'no' 'yes' 'yes' 'no']
['no' 'no' 'no' 'no' 'no' 'no' 'no' 'no' 'no' 'no']
51, 460, 71
51, 470, 64
52, 480, 66
54, 490, 71
54, 500, 73
54, 510, 70
['no' 'no' 'no' 'yes' 'no' 'no' 'yes' 'yes' 'yes' 'no']
['no' 'no' 'no' 'no' 'no' 'no' 'no' 'no' 'no' 'no']
47, 510, 70
48, 520, 63
50, 530, 63
51, 540, 64
52, 550, 65
53, 560, 68
['no' 'no' 'no' 'no' 'no' 'no' 'yes' 'no' 'yes']
['no' 'yes' 'no' 'no' 'no' 'no' 'no' 'no' 'no' 'no']
50, 560, 68
51, 570, 66
53, 580, 69
55, 590, 73
57, 600, 74
58, 610, 77
['no' 'yes' 'no' 'no' 'no' 'no' 'no' 'no' 'yes' 'no']
['no' 'no' 'no' 'no' 'no' 'no' 'no' 'no' 'no' 'no']
52, 610, 77
54, 620, 63
55, 630, 66
56, 640, 67
57, 650, 69
58, 660, 68
['no' 'no' 'no' 'no' 'no' 'no' 'no']
['no' 'no' 'no' 'no' 'no' 'no' 'no' 'no' 'no' 'no']
52, 660, 68
52, 670, 63
53, 680, 65
54, 690, 64
56, 700, 65
57, 710, 71
['no' 'no' 'no' 'no' 'no' 'no']
['no' 'no' 'no' 'no' 'no' 'no' 'no' 'no' 'no' 'no']
52, 710, 71
53, 720, 60
54, 730, 61
55, 740, 64
57, 750, 68
59, 760, 72
['no' 'no' 'no' 'no' 'no' 'no' 'no' 'no']
['no' 'no' 'no' 'no' 'no' 'no' 'no' 'no' 'no' 'no']
53, 760, 72
53, 770, 63
53, 780, 63
55, 790, 61
56, 800, 63
56, 810, 66
['no' 'yes' 'no' 'no']
['no' 'no' 'no' 'no' 'no' 'no' 'no' 'no' 'no' 'no']
53, 810, 66
54, 820, 61
56, 830, 64
57, 840, 63
59, 850, 65
62, 860, 67
['no' 'no' 'no' 'no' 'no' 'no' 'no' 'yes' 'no']
['no' 'no' 'no' 'no' 'no' 'yes' 'no' 'no' 'no' 'no']
55, 860, 67
56, 870, 61
57, 880, 62
60, 890, 64
61, 900, 71
61, 910, 72
['no' 'no' 'yes' 'no' 'no' 'no' 'yes']
['no' 'no' 'no' 'no' 'no' 'no' 'yes' 'no' 'no' 'no']
56, 910, 72
57, 920, 63
59, 930, 64
61, 940, 65
62, 950, 69
62, 960, 71
['no' 'no' 'no' 'no' 'no' 'yes']
['no' 'no' 'no' 'no' 'no' 'no' 'no' 'no' 'no' 'no']
57, 960, 71
57, 970, 62
58, 980, 62
60, 990, 64
61, 1000, 68
62, 1010, 68
['no' 'no' 'no' 'no' 'no']
['no' 'no' 'no' 'no' 'no' 'no' 'no' 'no' 'no' 'yes']
59, 1010, 68
59, 1020, 65
60, 1030, 64
62, 1040, 66
62, 1050, 69
62, 1060, 69
['no' 'no' 'no' 'yes']
['no' 'no' 'no' 'no' 'yes' 'no' 'no' 'no' 'no' 'no']
61, 1060, 69
62, 1070, 67
63, 1080, 68
63, 1090, 68
63, 1100, 70
63, 1110, 70
['no' 'no' 'no' 'yes']
['no' 'no' 'yes' 'no' 'no' 'no' 'no' 'no' 'no' 'no']
62, 1110, 70
66, 1120, 67
66, 1130, 75
66, 1140, 74
69, 1150, 75
70, 1160, 80
['no' 'no' 'no' 'no' 'no' 'no' 'yes' 'no' 'no']
['no' 'no' 'no' 'no' 'no' 'no' 'no' 'no' 'no' 'no']
63, 1160, 80
65, 1170, 68
67, 1180, 70
67, 1190, 73
68, 1200, 73
69, 1210, 74
['no' 'no' 'no' 'no' 'no' 'yes']
['no' 'no' 'no' 'no' 'no' 'no' 'no' 'no' 'no' 'no']
66, 1210, 74
67, 1220, 71
68, 1230, 72
68, 1240, 74
68, 1250, 74
72, 1260, 73
['no' 'no' 'no' 'no' 'no' 'no' 'no']
['no' 'no' 'no' 'no' 'no' 'no' 'no' 'no' 'no' 'no']
['no' 'no' 'no' 'no' 'no' 'no' 'no']
['no' 'no' 'no' 'no' 'no' 'no' 'no' 'no' 'no' 'no']
{'count': 1692, 'truepos': 53, 'falseneg': 5, 'unknownyes': 4, 'falsepos': 13, 'unique': 1260}
22: Wahono.csv: machine2: 0, 0
5, 10
6, 20, 93
10, 30, 85
12, 40, 95
15, 50, 83
20, 60, 81
['yes' 'yes' 'yes' 'no' 'yes' 'yes' 'yes' 'yes' 'yes' 'yes']
['no']
20, 60, 81
25, 70, 83
28, 80, 93
28, 90, 93
29, 100, 82
31, 110, 78
['yes' 'yes' 'no' 'yes' 'yes' 'yes' 'yes' 'no' 'no' 'yes']
['no' 'no' 'no' 'no' 'yes' 'yes' 'no' 'no' 'no' 'no']
30, 110, 78
34, 120, 56
37, 130, 72
38, 140, 90
41, 150, 85
44, 160, 78
['yes' 'yes' 'no' 'no' 'yes' 'no' 'no' 'no' 'no' 'yes']
['no' 'no' 'no' 'no' 'no' 'no' 'no' 'no' 'yes' 'no']
42, 160, 78
45, 170, 82
47, 180, 79
49, 190, 88
49, 200, 91
50, 210, 80
['no' 'yes' 'yes' 'no' 'no' 'yes' 'yes' 'yes' 'yes' 'no']
['no' 'no' 'no' 'yes' 'no' 'no' 'no' 'no' 'no' 'no']
46, 210, 80
48, 220, 67
49, 230, 71
50, 240, 80
51, 250, 77
52, 260, 82
['yes' 'no' 'yes' 'yes' 'no' 'no' 'yes' 'no' 'no' 'no']
['no' 'no' 'no' 'no' 'no' 'no' 'no' 'no' 'no' 'no']
47, 260, 82
48, 270, 71
48, 280, 62
48, 290, 68
52, 300, 66
55, 310, 76
['no' 'no' 'no' 'no' 'no' 'no' 'yes' 'no' 'yes' 'yes']
['no' 'no' 'no' 'no' 'no' 'no' 'no' 'no' 'no' 'no']
53, 310, 76
53, 320, 74
55, 330, 69
55, 340, 74
55, 350, 68
56, 360, 71
['yes' 'no' 'no' 'no' 'no' 'no' 'yes' 'yes' 'no' 'no']
['no' 'no' 'no' 'no' 'no' 'no' 'no' 'no' 'no' 'no']
50, 360, 71
50, 370, 68
51, 380, 64
52, 390, 69
54, 400, 65
54, 410, 73
['no' 'no' 'no' 'no' 'yes' 'yes' 'yes' 'yes' 'yes' 'no']
['no' 'no' 'no' 'no' 'no' 'no' 'no' 'no' 'no' 'no']
53, 410, 73
55, 420, 66
57, 430, 70
59, 440, 75
60, 450, 83
61, 460, 90
['no' 'no' 'yes' 'no' 'no' 'no' 'no' 'no' 'no' 'no']
['no' 'no' 'no' 'no' 'no' 'no' 'no' 'no' 'no' 'no']
54, 460, 90
54, 470, 74
56, 480, 72
58, 490, 70
59, 500, 73
60, 510, 76
['yes' 'no' 'no' 'yes' 'no' 'no']
['no' 'no' 'no' 'no' 'no' 'no' 'no' 'no' 'no' 'no']
60, 510, 76
61, 520, 77
62, 530, 75
62, 540, 77
63, 550, 78
66, 560, 79
['no' 'no' 'no' 'no' 'no' 'no' 'yes' 'no']
['yes' 'no' 'no' 'no' 'no' 'no' 'no' 'no' 'no' 'no']
64, 560, 79
65, 570, 78
66, 580, 79
68, 590, 82
68, 600, 85
69, 610, 83
['no' 'yes' 'no' 'no' 'no' 'no' 'no' 'yes']
['no' 'no' 'no' 'no' 'no' 'no' 'no' 'no' 'no' 'no']
63, 610, 83
65, 620, 74
66, 630, 83
66, 640, 79
67, 650, 77
67, 660, 81
['no' 'no' 'no' 'no']
['no' 'no' 'yes' 'no' 'no' 'no' 'no' 'no' 'no' 'no']
64, 660, 81
65, 670, 74
67, 680, 75
68, 690, 78
70, 700, 78
72, 710, 83
['yes' 'no' 'yes' 'no' 'no' 'no' 'yes' 'no' 'yes']
['no' 'no' 'no' 'no' 'no' 'no' 'no' 'no' 'no' 'no']
67, 710, 83
67, 720, 76
68, 730, 79
69, 740, 80
71, 750, 81
72, 760, 82
['no' 'no' 'no' 'no' 'no']
['no' 'no' 'no' 'no' 'no' 'no' 'no' 'no' 'no' 'no']
68, 760, 82
69, 770, 78
70, 780, 77
72, 790, 80
74, 800, 84
75, 810, 89
['no' 'no' 'no' 'no' 'no' 'no' 'yes' 'no']
['no' 'no' 'no' 'no' 'no' 'no' 'no' 'no' 'no' 'no']
71, 810, 89
71, 820, 81
74, 830, 80
75, 840, 85
77, 850, 86
78, 860, 86
['no' 'no' 'no' 'no' 'no' 'no' 'no' 'no' 'no']
['no' 'no' 'no' 'no' 'no' 'no' 'no' 'no' 'no' 'no']
70, 860, 86
70, 870, 79
72, 880, 79
73, 890, 80
74, 900, 83
76, 910, 83
['no' 'no' 'no' 'no' 'no' 'no']
['no' 'no' 'no' 'no' 'no' 'no' 'no' 'no' 'no' 'no']
73, 910, 83
75, 920, 82
75, 930, 87
78, 940, 84
78, 950, 93
79, 960, 89
['no' 'no' 'yes' 'no' 'no' 'no' 'no' 'no']
['no' 'no' 'no' 'no' 'no' 'no' 'no' 'no' 'no' 'no']
74, 960, 89
75, 970, 81
75, 980, 83
77, 990, 83
78, 1000, 88
79, 1010, 91
['no' 'no' 'no' 'yes' 'no' 'yes' 'no']
['no' 'no' 'no' 'no' 'no' 'no' 'no' 'no' 'no' 'no']
76, 1010, 91
78, 1020, 86
78, 1030, 89
80, 1040, 90
80, 1050, 92
82, 1060, 92
['no' 'no' 'no' 'no' 'no' 'no' 'no']
['no' 'no' 'no' 'no' 'no' 'no' 'no' 'no' 'no' 'no']
78, 1060, 92
78, 1070, 88
80, 1080, 87
81, 1090, 90
82, 1100, 93
84, 1110, 95
['no' 'no' 'no' 'no' 'no' 'no' 'no']
['no' 'no' 'no' 'no' 'no' 'no' 'no' 'no' 'no' 'no']
80, 1110, 95
80, 1120, 90
80, 1130, 89
82, 1140, 90
83, 1150, 92
83, 1160, 95
['no' 'no' 'yes' 'no']
['no' 'no' 'no' 'no' 'no' 'no' 'no' 'no' 'no' 'no']
81, 1160, 95
82, 1170, 90
82, 1180, 91
82, 1190, 91
83, 1200, 91
83, 1210, 92
['no' 'no' 'no']
['no' 'no' 'no' 'no' 'no' 'no' 'no' 'no' 'no' 'no']
83, 1210, 92
83, 1220, 91
83, 1230, 91
84, 1240, 91
84, 1250, 93
84, 1260, 92
['no' 'no' 'no']
['no' 'no' 'no' 'yes' 'no' 'no' 'no' 'no' 'no' 'no']
84, 1260, 92
86, 1270, 93
86, 1280, 96
87, 1290, 96
89, 1300, 98
89, 1310, 102
['no' 'no' 'no' 'no' 'yes' 'no' 'no']
['no' 'no' 'no' 'no' 'no' 'no' 'no' 'no' 'no' 'no']
83, 1310, 102
83, 1320, 92
84, 1330, 91
86, 1340, 91
86, 1350, 93
88, 1360, 94
['no' 'yes' 'no' 'no' 'no']
['no' 'no' 'no' 'no' 'no' 'no' 'no' 'no' 'no' 'no']
86, 1360, 94
86, 1370, 94
88, 1380, 94
90, 1390, 99
91, 1400, 104
91, 1410, 104
['no' 'no' 'no' 'no' 'no' 'no']
['no' 'no' 'no' 'no' 'no' 'no' 'no' 'no' 'no' 'no']
87, 1410, 104
87, 1420, 95
88, 1430, 94
89, 1440, 96
91, 1450, 99
91, 1460, 103
['no' 'no' 'no' 'no' 'no']
['no' 'no' 'no' 'no' 'no' 'no' 'no' 'no' 'no' 'no']
88, 1460, 103
90, 1470, 99
90, 1480, 101
91, 1490, 100
93, 1500, 101
94, 1510, 105
['no' 'no' 'no' 'no' 'no' 'no' 'no']
['no' 'no' 'no' 'no' 'no' 'no' 'no' 'no' 'no' 'no']
88, 1510, 105
88, 1520, 96
89, 1530, 96
89, 1540, 98
89, 1550, 97
89, 1560, 97
['no']
['no' 'no' 'no' 'no' 'no' 'no' 'no' 'no' 'no' 'no']
89, 1560, 97
89, 1570, 95
90, 1580, 96
91, 1590, 98
91, 1600, 99
92, 1610, 100
['no' 'no' 'no' 'no']
['no' 'no' 'no' 'no' 'no' 'no' 'no' 'no' 'no' 'no']
89, 1610, 100
90, 1620, 96
92, 1630, 97
93, 1640, 100
94, 1650, 101
95, 1660, 102
['no' 'no' 'no' 'no' 'no' 'no']
['no' 'no' 'no' 'no' 'no' 'no' 'no' 'no' 'no' 'no']
91, 1660, 102
93, 1670, 99
93, 1680, 102
93, 1690, 102
95, 1700, 102
96, 1710, 104
['no' 'no' 'no' 'no' 'no' 'no']
['no' 'no' 'no' 'no' 'no' 'no' 'no' 'no' 'no' 'no']
92, 1710, 104
92, 1720, 100
92, 1730, 99
95, 1740, 99
97, 1750, 102
99, 1760, 105
['no' 'no' 'no' 'no' 'no' 'no' 'no' 'no']
['no' 'no' 'no' 'no' 'no' 'no' 'no' 'no' 'no' 'no']
93, 1760, 105
96, 1770, 100
98, 1780, 104
98, 1790, 107
99, 1800, 107
99, 1810, 109
['no' 'no' 'no' 'no' 'no' 'no']
['no' 'no' 'no' 'no' 'no' 'no' 'no' 'no' 'no' 'no']
96, 1810, 109
96, 1820, 103
96, 1830, 103
98, 1840, 102
98, 1850, 104
99, 1860, 105
['no' 'no' 'no' 'no' 'no']
['no' 'no' 'no' 'no' 'no' 'no' 'no' 'no' 'no' 'no']
96, 1860, 105
98, 1870, 102
98, 1880, 104
99, 1890, 105
100, 1900, 105
100, 1910, 108
['no' 'no' 'no' 'no' 'no' 'no']
['no' 'no' 'no' 'no' 'no' 'no' 'no' 'no' 'no' 'no']
97, 1910, 108
99, 1920, 103
99, 1930, 107
100, 1940, 106
101, 1950, 108
101, 1960, 109
['no' 'no' 'no' 'no' 'no']
['no' 'no' 'no' 'no' 'no' 'no' 'no' 'no' 'no' 'no']
98, 1960, 109
101, 1970, 104
101, 1980, 108
101, 1990, 108
101, 2000, 108
101, 2010, 107
['no' 'no' 'no' 'no']
['no' 'no' 'no' 'no' 'no' 'no' 'no' 'no' 'no' 'no']
97, 2010, 107
98, 2020, 103
['no']
['no' 'no' 'no' 'no' 'no' 'no' 'no' 'no' 'no' 'no']
{'count': 2865, 'truepos': 58, 'falseneg': 2, 'unknownyes': 2, 'falsepos': 41, 'unique': 2020}
22: Wahono.csv: machine3: 0, 0
5, 10
5, 20, 95
7, 30, 90
10, 40, 88
12, 50, 88
14, 60, 83
null
[]
17, 70, 79
18, 80, 77
19, 90, 70
20, 100, 57
21, 110, 55
21, 120, 52
null
[]
22, 130, 48
23, 140, 50
24, 150, 49
24, 160, 50
24, 170, 48
24, 180, 47
null
['no' 'no']
24, 180, 47
25, 190, 47
25, 200, 48
26, 210, 47
27, 220, 47
28, 230, 47
null
[]
29, 240, 49
30, 250, 49
30, 260, 48
30, 270, 49
31, 280, 45
32, 290, 48
null
['no' 'no' 'no' 'no' 'no' 'no' 'no' 'no' 'no' 'no']
32, 290, 48
33, 300, 49
33, 310, 51
35, 320, 48
35, 330, 57
37, 340, 53
null
['yes' 'no' 'yes' 'no' 'no' 'yes' 'no' 'no' 'no' 'yes']
41, 340, 53
42, 350, 61
43, 360, 61
45, 370, 64
45, 380, 73
45, 390, 65
null
['no' 'no' 'no' 'no' 'yes' 'no' 'no' 'no' 'no' 'no']
46, 390, 65
47, 400, 70
47, 410, 64
48, 420, 62
48, 430, 63
48, 440, 61
null
['no' 'no' 'no' 'no' 'no' 'no' 'no' 'no' 'no' 'no']
48, 440, 61
48, 450, 61
48, 460, 63
48, 470, 60
48, 480, 59
48, 490, 60
null
['no' 'no' 'no' 'no' 'no' 'no' 'no' 'no' 'no' 'no']
48, 490, 60
48, 500, 59
48, 510, 59
49, 520, 56
49, 530, 58
49, 540, 58
null
['no' 'no' 'no' 'no' 'no' 'no' 'no' 'no' 'no' 'no']
49, 540, 58
49, 550, 60
49, 560, 58
49, 570, 58
49, 580, 60
49, 590, 57
null
['no' 'no' 'no' 'no' 'no' 'no' 'no' 'yes' 'no' 'no']
49, 590, 57
49, 600, 57
49, 610, 59
49, 620, 58
49, 630, 58
49, 640, 56
null
['no' 'no' 'no' 'no' 'no' 'no' 'no' 'no' 'no' 'no']
49, 640, 56
49, 650, 55
49, 660, 55
49, 670, 57
49, 680, 57
50, 690, 55
null
['no' 'no' 'no' 'no' 'no' 'no' 'no' 'no' 'no' 'no']
50, 690, 55
51, 700, 57
51, 710, 57
52, 720, 58
52, 730, 58
52, 740, 58
null
['no' 'no' 'no' 'no' 'no' 'no' 'no' 'no' 'no' 'no']
53, 740, 58
53, 750, 59
53, 760, 59
53, 770, 58
53, 780, 58
54, 790, 59
null
['no' 'no' 'no' 'no' 'no' 'no' 'no' 'no' 'yes' 'no']
56, 790, 59
56, 800, 62
56, 810, 62
57, 820, 63
57, 830, 63
57, 840, 63
null
['no' 'no' 'no' 'no' 'no' 'no' 'no' 'no' 'no' 'no']
57, 840, 63
58, 850, 64
59, 860, 65
59, 870, 66
59, 880, 66
59, 890, 66
null
['no' 'no' 'no' 'no' 'no' 'yes' 'no' 'no' 'no' 'no']
61, 890, 66
61, 900, 68
61, 910, 67
61, 920, 67
61, 930, 67
61, 940, 66
null
['no' 'no' 'no' 'no' 'no' 'no' 'no' 'no' 'no' 'no']
61, 940, 66
61, 950, 66
61, 960, 67
61, 970, 67
61, 980, 67
61, 990, 67
null
['no' 'no' 'no' 'no' 'no' 'no' 'no' 'no' 'no' 'no']
61, 990, 67
62, 1000, 67
62, 1010, 68
62, 1020, 68
62, 1030, 67
62, 1040, 67
null
['no' 'no' 'no' 'no' 'no' 'no' 'no' 'no' 'no' 'no']
63, 1040, 67
63, 1050, 69
63, 1060, 68
63, 1070, 68
63, 1080, 68
63, 1090, 68
null
['no' 'no' 'no' 'no' 'no' 'no' 'no' 'no' 'no' 'no']
63, 1090, 68
63, 1100, 69
63, 1110, 68
63, 1120, 68
63, 1130, 67
63, 1140, 67
null
['no' 'no' 'no' 'no' 'no' 'no' 'no' 'no' 'no' 'no']
63, 1140, 67
63, 1150, 68
63, 1160, 67
63, 1170, 68
63, 1180, 67
63, 1190, 68
null
['no' 'no' 'no' 'no' 'no' 'no' 'no' 'no' 'no' 'no']
63, 1190, 68
63, 1200, 67
63, 1210, 67
63, 1220, 67
64, 1230, 67
64, 1240, 68
null
['no' 'no' 'no' 'no' 'no' 'no' 'no' 'no' 'no' 'no']
64, 1240, 68
64, 1250, 68
64, 1260, 68
66, 1270, 68
66, 1280, 71
68, 1290, 70
null
['no' 'no' 'no' 'no' 'no' 'no' 'no' 'no' 'no' 'no']
null
['no' 'no' 'no' 'no' 'no' 'no' 'no' 'no' 'no' 'no']
{'count': 1685, 'truepos': 55, 'falseneg': 4, 'unknownyes': 3, 'falsepos': 13, 'unique': 1290}
22: Danijel.csv: none: 0, 0
5, 10
7, 20, 116
11, 30, 137
13, 40, 138
14, 50, 103
15, 60, 91
19, 70, 88
24, 80, 93
27, 90, 99
30, 100, 96
31, 110, 65
32, 120, 67
36, 130, 60
38, 140, 68
38, 150, 68
39, 160, 64
39, 170, 65
41, 180, 59
41, 190, 63
44, 200, 61
45, 210, 65
46, 220, 64
48, 230, 64
50, 240, 67
50, 250, 70
54, 260, 68
55, 270, 76
57, 280, 75
58, 290, 78
58, 300, 79
59, 310, 75
62, 320, 77
64, 330, 79
68, 340, 78
68, 350, 82
71, 360, 86
72, 370, 84
73, 380, 86
75, 390, 87
75, 400, 92
76, 410, 87
77, 420, 91
78, 430, 96
79, 440, 93
81, 450, 92
81, 460, 93
83, 470, 94
84, 480, 97
85, 490, 96
85, 500, 101
86, 510, 100
86, 520, 102
88, 530, 102
91, 540, 99
94, 550, 105
94, 560, 111
94, 570, 114
95, 580, 110
96, 590, 110
96, 600, 112
96, 610, 111
99, 620, 112
101, 630, 112
101, 640, 117
103, 650, 114
103, 660, 117
103, 670, 115
105, 680, 115
105, 690, 117
105, 700, 118
106, 710, 121
106, 720, 124
106, 730, 118
108, 740, 116
110, 750, 120
112, 760, 125
114, 770, 125
115, 780, 128
116, 790, 127
117, 800, 129
119, 810, 131
121, 820, 134
121, 830, 138
121, 840, 138
123, 850, 135
124, 860, 141
125, 870, 142
127, 880, 143
128, 890, 147
129, 900, 150
130, 910, 150
131, 920, 149
132, 930, 151
134, 940, 150
135, 950, 155
136, 960, 165
137, 970, 159
137, 980, 158
137, 990, 155
137, 1000, 160
138, 1010, 156
138, 1020, 156
139, 1030, 157
140, 1040, 157
140, 1050, 159
141, 1060, 158
144, 1070, 160
146, 1080, 166
148, 1090, 172
148, 1100, 174
150, 1110, 172
152, 1120, 175
152, 1130, 177
153, 1140, 182
155, 1150, 175
155, 1160, 181
156, 1170, 178
158, 1180, 184
158, 1190, 192
158, 1200, 188
160, 1210, 186
161, 1220, 191
161, 1230, 193
163, 1240, 187
165, 1250, 191
165, 1260, 194
166, 1270, 196
168, 1280, 191
169, 1290, 194
169, 1300, 197
169, 1310, 194
170, 1320, 197
171, 1330, 194
171, 1340, 195
172, 1350, 196
175, 1360, 199
175, 1370, 205
177, 1380, 209
179, 1390, 209
180, 1400, 212
182, 1410, 212
186, 1420, 210
186, 1430, 219
187, 1440, 222
187, 1450, 222
188, 1460, 222
190, 1470, 221
191, 1480, 227
192, 1490, 231
192, 1500, 227
193, 1510, 229
194, 1520, 225
194, 1530, 228
196, 1540, 223
197, 1550, 232
198, 1560, 233
199, 1570, 240
199, 1580, 237
200, 1590, 234
200, 1600, 237
200, 1610, 240
200, 1620, 236
200, 1630, 237
203, 1640, 235
203, 1650, 234
203, 1660, 237
203, 1670, 239
204, 1680, 235
204, 1690, 238
207, 1700, 243
208, 1710, 239
209, 1720, 248
210, 1730, 244
213, 1740, 247
214, 1750, 251
215, 1760, 250
215, 1770, 251
216, 1780, 251
218, 1790, 254
219, 1800, 256
219, 1810, 255
222, 1820, 255
222, 1830, 260
223, 1840, 260
224, 1850, 259
225, 1860, 265
226, 1870, 265
226, 1880, 268
227, 1890, 265
228, 1900, 267
229, 1910, 263
229, 1920, 269
230, 1930, 265
232, 1940, 267
233, 1950, 268
233, 1960, 269
235, 1970, 265
237, 1980, 266
237, 1990, 272
237, 2000, 271
240, 2010, 270
240, 2020, 274
242, 2030, 271
245, 2040, 274
247, 2050, 279
250, 2060, 278
251, 2070, 281
251, 2080, 280
253, 2090, 279
254, 2100, 282
254, 2110, 281
254, 2120, 283
255, 2130, 282
256, 2140, 284
257, 2150, 285
262, 2160, 287
262, 2170, 293
262, 2180, 299
262, 2190, 294
262, 2200, 295
263, 2210, 296
263, 2220, 301
264, 2230, 301
266, 2240, 300
267, 2250, 301
267, 2260, 305
268, 2270, 299
269, 2280, 301
271, 2290, 303
272, 2300, 306
272, 2310, 308
272, 2320, 308
272, 2330, 302
274, 2340, 304
275, 2350, 304
276, 2360, 308
276, 2370, 305
276, 2380, 305
279, 2390, 304
279, 2400, 309
279, 2410, 313
279, 2420, 309
279, 2430, 303
282, 2440, 306
282, 2450, 309
282, 2460, 308
285, 2470, 311
286, 2480, 314
287, 2490, 316
288, 2500, 317
289, 2510, 314
291, 2520, 317
291, 2530, 318
291, 2540, 319
291, 2550, 320
291, 2560, 313
294, 2570, 317
296, 2580, 318
297, 2590, 319
299, 2600, 323
299, 2610, 324
299, 2620, 325
301, 2630, 323
301, 2640, 323
302, 2650, 324
304, 2660, 325
305, 2670, 327
306, 2680, 328
306, 2690, 332
308, 2700, 333
309, 2710, 336
309, 2720, 333
310, 2730, 334
312, 2740, 335
312, 2750, 337
312, 2760, 335
313, 2770, 335
313, 2780, 337
313, 2790, 339
313, 2800, 337
314, 2810, 336
315, 2820, 335
316, 2830, 339
318, 2840, 337
320, 2850, 340
320, 2860, 343
320, 2870, 342
320, 2880, 341
321, 2890, 343
322, 2900, 344
324, 2910, 345
327, 2920, 346
327, 2930, 352
328, 2940, 351
329, 2950, 351
329, 2960, 352
331, 2970, 353
331, 2980, 355
331, 2990, 353
332, 3000, 353
333, 3010, 355
333, 3020, 358
334, 3030, 354
335, 3040, 357
336, 3050, 357
336, 3060, 360
336, 3070, 357
336, 3080, 358
336, 3090, 357
340, 3100, 358
343, 3110, 362
344, 3120, 368
345, 3130, 369
345, 3140, 372
345, 3150, 374
347, 3160, 368
348, 3170, 373
348, 3180, 373
348, 3190, 373
348, 3200, 373
349, 3210, 373
350, 3220, 375
350, 3230, 375
351, 3240, 372
353, 3250, 375
354, 3260, 379
354, 3270, 377
356, 3280, 379
356, 3290, 379
357, 3300, 380
357, 3310, 382
358, 3320, 380
362, 3330, 380
363, 3340, 383
364, 3350, 386
365, 3360, 386
366, 3370, 387
367, 3380, 388
368, 3390, 389
369, 3400, 391
370, 3410, 393
372, 3420, 392
372, 3430, 398
374, 3440, 399
376, 3450, 400
377, 3460, 403
379, 3470, 402
380, 3480, 403
381, 3490, 407
382, 3500, 406
382, 3510, 406
382, 3520, 408
384, 3530, 406
387, 3540, 407
387, 3550, 411
392, 3560, 411
395, 3570, 413
396, 3580, 421
396, 3590, 421
397, 3600, 422
399, 3610, 420
400, 3620, 425
402, 3630, 423
{'count': 3630, 'truepos': 44, 'falseneg': 4, 'unknownyes': 0, 'falsepos': 358, 'unique': 3630}
22: Danijel.csv: three: 0, 0
4, 10
4, 20, 118
7, 30, 95
7, 40, 90
9, 50, 68
9, 60, 61
9, 70, 52
12, 80, 49
13, 90, 60
16, 100, 52
20, 110, 56
22, 120, 57
24, 130, 54
26, 140, 52
27, 150, 50
27, 160, 49
29, 170, 45
32, 180, 49
33, 190, 46
33, 200, 47
34, 210, 44
35, 220, 46
37, 230, 48
37, 240, 49
40, 250, 49
40, 260, 55
40, 270, 52
42, 280, 51
42, 290, 52
42, 300, 51
44, 310, 55
44, 320, 59
44, 330, 62
44, 340, 56
46, 350, 53
46, 360, 59
46, 370, 59
47, 380, 58
47, 390, 62
49, 400, 62
49, 410, 66
49, 420, 64
49, 430, 64
49, 440, 63
50, 450, 66
50, 460, 64
50, 470, 64
50, 480, 65
50, 490, 69
50, 500, 62
51, 510, 63
52, 520, 62
52, 530, 65
53, 540, 62
53, 550, 64
54, 560, 62
55, 570, 65
55, 580, 65
55, 590, 66
56, 600, 65
58, 610, 66
58, 620, 69
58, 630, 68
58, 640, 69
58, 650, 68
58, 660, 68
58, 670, 69
58, 680, 68
59, 690, 67
59, 700, 69
59, 710, 68
59, 720, 67
59, 730, 68
59, 740, 66
59, 750, 67
59, 760, 67
59, 770, 67
59, 780, 66
59, 790, 65
59, 800, 67
60, 810, 66
60, 820, 67
61, 830, 66
61, 840, 69
61, 850, 67
62, 860, 67
62, 870, 70
62, 880, 71
62, 890, 70
62, 900, 70
63, 910, 69
63, 920, 70
63, 930, 70
63, 940, 70
63, 950, 70
63, 960, 70
63, 970, 70
63, 980, 70
64, 990, 70
64, 1000, 70
64, 1010, 70
64, 1020, 71
64, 1030, 68
65, 1040, 70
67, 1050, 70
68, 1060, 72
69, 1070, 75
70, 1080, 78
71, 1090, 77
71, 1100, 79
71, 1110, 78
71, 1120, 79
71, 1130, 80
71, 1140, 78
72, 1150, 79
72, 1160, 79
72, 1170, 79
72, 1180, 80
72, 1190, 78
72, 1200, 78
73, 1210, 77
73, 1220, 80
73, 1230, 81
73, 1240, 79
73, 1250, 79
74, 1260, 79
74, 1270, 81
74, 1280, 80
74, 1290, 79
75, 1300, 79
75, 1310, 81
76, 1320, 81
76, 1330, 81
76, 1340, 81
77, 1350, 81
77, 1360, 84
77, 1370, 83
77, 1380, 83
78, 1390, 82
78, 1400, 84
{'count': 3076, 'truepos': 44, 'falseneg': 2, 'unknownyes': 2, 'falsepos': 34, 'unique': 1400}
22: Danijel.csv: machine: 0, 0
4, 10
5, 20, 106
8, 30, 98
10, 40, 100
12, 50, 98
18, 60, 86
['yes' 'no' 'no' 'yes' 'yes' 'yes' 'yes' 'yes' 'yes' 'no']
[]
15, 60, 86
18, 70, 85
22, 80, 82
25, 90, 88
28, 100, 93
30, 110, 95
['no' 'no' 'no' 'yes' 'yes' 'yes' 'yes' 'yes' 'yes' 'yes']
['yes' 'no' 'no' 'no' 'no' 'no' 'no' 'no' 'no' 'no']
29, 110, 95
34, 120, 76
35, 130, 65
37, 140, 62
40, 150, 63
45, 160, 69
['no' 'no' 'no' 'yes' 'yes' 'yes' 'no' 'yes' 'yes' 'no']
['no' 'no' 'no' 'no' 'no' 'no' 'no' 'no' 'no' 'yes']
38, 160, 69
40, 170, 66
43, 180, 68
45, 190, 74
47, 200, 74
48, 210, 74
['no' 'yes' 'no' 'yes' 'no' 'no' 'no' 'yes' 'yes' 'no']
['no' 'no' 'no' 'no' 'no' 'yes' 'no' 'no' 'no' 'no']
45, 210, 74
45, 220, 65
46, 230, 62
46, 240, 63
46, 250, 62
50, 260, 60
['no' 'no' 'yes' 'yes' 'no' 'yes' 'no' 'no' 'no' 'no']
['no' 'no' 'no' 'no' 'yes' 'no' 'no' 'no' 'yes' 'no']
46, 260, 60
46, 270, 65
48, 280, 62
49, 290, 65
49, 300, 66
50, 310, 66
['no' 'no' 'no' 'no' 'no' 'no' 'yes' 'no' 'no' 'no']
['no' 'no' 'no' 'no' 'no' 'no' 'no' 'no' 'no' 'no']
42, 310, 66
45, 320, 53
46, 330, 58
47, 340, 58
47, 350, 61
47, 360, 59
['yes' 'yes' 'no' 'no' 'yes' 'no' 'yes' 'yes' 'yes' 'no']
['no' 'no' 'no' 'no' 'no' 'no' 'no' 'no' 'no' 'no']
45, 360, 59
46, 370, 55
48, 380, 55
49, 390, 59
50, 400, 62
50, 410, 59
['yes' 'yes' 'no' 'no' 'no' 'no' 'no' 'no' 'no' 'yes']
['no' 'no' 'no' 'no' 'no' 'no' 'no' 'no' 'no' 'no']
44, 410, 59
48, 420, 54
49, 430, 61
49, 440, 63
49, 450, 65
50, 460, 63
['no' 'yes' 'no' 'no' 'no' 'no' 'yes' 'yes' 'no' 'yes']
['yes' 'yes' 'no' 'no' 'no' 'no' 'no' 'no' 'no' 'no']
47, 460, 63
48, 470, 57
48, 480, 57
50, 490, 58
50, 500, 61
52, 510, 63
['no' 'no' 'no' 'no' 'no' 'no' 'yes' 'yes' 'no']
['no' 'no' 'no' 'no' 'no' 'no' 'no' 'no' 'no' 'no']
47, 510, 63
50, 520, 53
51, 530, 57
53, 540, 59
55, 550, 60
56, 560, 61
['no' 'no' 'yes' 'no' 'no' 'no' 'no' 'no' 'no']
['no' 'no' 'no' 'no' 'no' 'no' 'no' 'no' 'no' 'no']
52, 560, 61
53, 570, 58
54, 580, 58
55, 590, 59
56, 600, 62
56, 610, 63
['no' 'no' 'no' 'no' 'yes' 'no']
['yes' 'no' 'no' 'no' 'no' 'no' 'no' 'no' 'no' 'no']
53, 610, 63
54, 620, 59
54, 630, 60
56, 640, 61
58, 650, 64
58, 660, 67
['no' 'no' 'no' 'no' 'no' 'no']
['no' 'no' 'no' 'no' 'no' 'no' 'no' 'no' 'no' 'no']
56, 660, 67
56, 670, 61
58, 680, 63
58, 690, 63
60, 700, 63
61, 710, 64
['no' 'no' 'no' 'no' 'no' 'no' 'no' 'no' 'no']
['no' 'no' 'no' 'no' 'no' 'no' 'no' 'no' 'no' 'no']
['no' 'no' 'no' 'no' 'no' 'no' 'no' 'no' 'no']
['no' 'no' 'no' 'no' 'no' 'no' 'no' 'no' 'no' 'no']
{'count': 969, 'truepos': 42, 'falseneg': 3, 'unknownyes': 3, 'falsepos': 12, 'unique': 710}
22: Danijel.csv: machine2: 0, 0
5, 10
5, 20, 123
7, 30, 92
11, 40, 97
15, 50, 100
22, 60, 91
['yes' 'yes' 'yes' 'yes' 'no' 'no' 'yes' 'yes' 'yes' 'no']
[]
19, 60, 91
23, 70, 100
24, 80, 103
28, 90, 84
28, 100, 88
29, 110, 74
['yes' 'yes' 'yes' 'no' 'yes' 'yes' 'yes' 'no' 'yes' 'yes']
[]
27, 110, 74
28, 120, 60
30, 130, 57
32, 140, 50
39, 150, 51
41, 160, 62
['yes' 'no' 'no' 'yes' 'yes' 'yes' 'yes' 'no' 'no' 'yes']
['no' 'no' 'no' 'no' 'no' 'no' 'yes' 'no' 'no' 'no']
41, 160, 62
42, 170, 61
44, 180, 61
45, 190, 61
48, 200, 66
48, 210, 66
['yes' 'yes' 'no' 'no' 'yes' 'yes' 'no' 'yes' 'no' 'yes']
['no' 'no' 'no' 'no' 'no' 'no' 'no' 'no' 'no' 'no']
45, 210, 66
46, 220, 64
48, 230, 64
50, 240, 64
50, 250, 64
50, 260, 64
['no' 'no' 'no' 'no' 'no' 'yes' 'no' 'no' 'yes' 'no']
['no' 'no' 'no' 'no' 'no' 'no' 'no' 'no' 'no' 'no']
42, 260, 64
43, 270, 51
44, 280, 53
44, 290, 52
45, 300, 52
46, 310, 57
['yes' 'no' 'yes' 'yes' 'no' 'no' 'no' 'yes' 'yes' 'no']
['no' 'no' 'no' 'no' 'no' 'no' 'no' 'no' 'no' 'no']
42, 310, 57
44, 320, 50
44, 330, 53
48, 340, 54
51, 350, 64
53, 360, 74
['yes' 'no' 'no' 'no' 'no' 'no' 'no' 'no' 'no' 'no']
['no' 'no' 'no' 'no' 'no' 'no' 'no' 'no' 'no' 'no']
44, 360, 74
45, 370, 52
45, 380, 57
47, 390, 51
49, 400, 55
50, 410, 59
['no' 'no' 'no' 'no' 'no' 'no' 'yes' 'no' 'no' 'no']
['no' 'no' 'no' 'no' 'no' 'no' 'no' 'no' 'no' 'no']
44, 410, 59
45, 420, 51
47, 430, 52
49, 440, 58
50, 450, 61
51, 460, 63
['no' 'no' 'no' 'no' 'no' 'no' 'no' 'no' 'yes' 'yes']
['no' 'no' 'no' 'no' 'yes' 'no' 'no' 'no' 'no' 'no']
47, 460, 63
47, 470, 54
49, 480, 54
50, 490, 58
51, 500, 58
53, 510, 59
['no' 'no' 'yes' 'no' 'yes' 'no' 'no' 'no' 'yes']
['no' 'no' 'no' 'no' 'no' 'no' 'no' 'no' 'no' 'no']
49, 510, 59
52, 520, 56
53, 530, 62
55, 540, 61
55, 550, 67
55, 560, 67
['no' 'no' 'no' 'no' 'no' 'no' 'no']
['no' 'no' 'no' 'no' 'no' 'no' 'no' 'no' 'no' 'no']
48, 560, 67
48, 570, 54
51, 580, 54
51, 590, 60
53, 600, 59
53, 610, 62
['no' 'no' 'no' 'no' 'no']
['no' 'no' 'no' 'no' 'no' 'no' 'no' 'no' 'no' 'no']
49, 610, 62
50, 620, 54
52, 630, 55
56, 640, 58
57, 650, 66
58, 660, 68
['no' 'no' 'no' 'no' 'no' 'no' 'no' 'no' 'no']
['no' 'no' 'no' 'no' 'no' 'no' 'no' 'no' 'no' 'no']
51, 660, 68
51, 670, 56
51, 680, 57
54, 690, 55
54, 700, 60
56, 710, 59
['no' 'no' 'no' 'no' 'no']
['no' 'no' 'no' 'no' 'no' 'no' 'no' 'no' 'no' 'no']
53, 710, 59
56, 720, 58
59, 730, 64
59, 740, 70
60, 750, 67
61, 760, 69
['no' 'no' 'no' 'no' 'no' 'no' 'no' 'no' 'no']
['no' 'no' 'no' 'no' 'no' 'no' 'no' 'no' 'no' 'no']
56, 760, 69
57, 770, 62
57, 780, 65
58, 790, 64
58, 800, 65
58, 810, 65
['no' 'no' 'no' 'no']
['no' 'no' 'no' 'no' 'no' 'no' 'no' 'no' 'no' 'no']
54, 810, 65
56, 820, 58
56, 830, 61
57, 840, 61
58, 850, 62
59, 860, 63
['no' 'no' 'no' 'no' 'yes']
['no' 'no' 'no' 'no' 'no' 'no' 'no' 'no' 'no' 'no']
56, 860, 63
59, 870, 61
59, 880, 65
60, 890, 64
60, 900, 66
61, 910, 64
['no' 'no' 'no' 'no' 'no']
['no' 'no' 'no' 'no' 'no' 'no' 'no' 'no' 'no' 'no']
['no' 'no' 'no' 'no' 'no']
['no' 'no' 'no' 'no' 'no' 'no' 'no' 'no' 'no' 'no']
{'count': 1309, 'truepos': 42, 'falseneg': 2, 'unknownyes': 4, 'falsepos': 15, 'unique': 910}
22: Danijel.csv: machine3: 0, 0
3, 10
4, 20, 118
4, 30, 100
4, 40, 76
4, 50, 50
6, 60, 49
null
[]
9, 70, 49
11, 80, 59
11, 90, 56
13, 100, 53
16, 110, 52
18, 120, 50
null
[]
21, 130, 50
25, 140, 52
26, 150, 59
27, 160, 55
28, 170, 54
28, 180, 52
null
[]
32, 190, 50
33, 200, 51
34, 210, 50
34, 220, 53
35, 230, 48
36, 240, 51
null
['no' 'yes' 'no' 'no' 'no' 'no' 'yes' 'yes' 'no' 'no']
38, 240, 51
38, 250, 53
39, 260, 51
39, 270, 51
40, 280, 50
40, 290, 51
null
['no' 'no' 'no' 'no' 'no' 'no' 'no' 'no' 'no' 'no']
40, 290, 51
41, 300, 51
41, 310, 52
41, 320, 54
41, 330, 50
41, 340, 51
null
['no' 'no' 'no' 'no' 'no' 'no' 'no' 'no' 'no' 'no']
41, 340, 51
41, 350, 51
41, 360, 50
42, 370, 50
43, 380, 49
43, 390, 53
null
['no' 'no' 'no' 'no' 'no' 'no' 'no' 'no' 'no' 'no']
43, 390, 53
43, 400, 51
43, 410, 50
43, 420, 51
43, 430, 51
44, 440, 50
null
['no' 'no' 'no' 'no' 'yes' 'no' 'no' 'no' 'no' 'no']
45, 440, 50
45, 450, 53
45, 460, 51
45, 470, 51
45, 480, 51
45, 490, 52
null
['no' 'no' 'no' 'no' 'no' 'no' 'no' 'no' 'no' 'no']
46, 490, 52
46, 500, 53
46, 510, 53
46, 520, 52
46, 530, 51
46, 540, 53
null
['no' 'no' 'no' 'yes' 'no' 'no' 'no' 'no' 'no' 'no']
47, 540, 53
47, 550, 52
47, 560, 52
47, 570, 51
47, 580, 52
47, 590, 52
null
['no' 'no' 'no' 'no' 'no' 'no' 'no' 'no' 'no' 'no']
48, 590, 52
48, 600, 53
48, 610, 52
48, 620, 53
49, 630, 52
49, 640, 52
null
['no' 'no' 'no' 'no' 'no' 'no' 'no' 'no' 'no' 'no']
49, 640, 52
49, 650, 52
49, 660, 54
49, 670, 54
49, 680, 53
49, 690, 54
null
['no' 'no' 'no' 'no' 'no' 'no' 'no' 'no' 'no' 'no']
50, 690, 54
50, 700, 53
50, 710, 53
50, 720, 54
51, 730, 54
51, 740, 55
null
['no' 'no' 'no' 'no' 'no' 'no' 'no' 'no' 'no' 'no']
51, 740, 55
51, 750, 54
51, 760, 54
51, 770, 54
51, 780, 55
null
['no' 'no' 'no' 'no' 'no' 'no' 'no' 'no' 'no' 'no']
{'count': 1017, 'truepos': 39, 'falseneg': 6, 'unknownyes': 3, 'falsepos': 12, 'unique': 780}
22: K_all3.csv: none: 0, 0
4, 10
8, 20, 82
11, 30, 76
14, 40, 73
17, 50, 82
19, 60, 75
21, 70, 72
22, 80, 68
26, 90, 64
28, 100, 70
29, 110, 67
32, 120, 65
34, 130, 53
35, 140, 51
38, 150, 52
39, 160, 54
41, 170, 49
43, 180, 52
44, 190, 53
45, 200, 55
47, 210, 54
49, 220, 54
50, 230, 58
52, 240, 57
52, 250, 58
53, 260, 58
53, 270, 59
54, 280, 58
57, 290, 59
58, 300, 63
60, 310, 66
63, 320, 67
65, 330, 69
66, 340, 75
66, 350, 72
67, 360, 72
67, 370, 72
68, 380, 71
70, 390, 75
72, 400, 75
74, 410, 76
74, 420, 78
{'count': 420, 'truepos': 28, 'falseneg': 3, 'unknownyes': 14, 'falsepos': 46, 'unique': 420}
22: K_all3.csv: three: 0, 0
2, 10
4, 20, 72
4, 30, 64
4, 40, 54
5, 50, 42
8, 60, 40
10, 70, 44
13, 80, 43
15, 90, 46
15, 100, 46
16, 110, 43
20, 120, 43
25, 130, 50
26, 140, 50
27, 150, 49
28, 160, 47
33, 170, 48
33, 180, 43
36, 190, 42
37, 200, 53
37, 210, 49
37, 220, 46
38, 230, 43
38, 240, 47
38, 250, 44
39, 260, 43
39, 270, 44
40, 280, 44
40, 290, 45
40, 300, 46
41, 310, 43
41, 320, 45
41, 330, 45
41, 340, 44
42, 350, 44
43, 360, 45
44, 370, 46
45, 380, 48
45, 390, 48
45, 400, 48
{'count': 876, 'truepos': 33, 'falseneg': 1, 'unknownyes': 11, 'falsepos': 12, 'unique': 400}
22: K_all3.csv: machine: 0, 0
3, 10
5, 20, 76
8, 30, 68
10, 40, 69
11, 50, 68
13, 60, 66
['no' 'yes' 'yes' 'yes' 'yes' 'no' 'no' 'yes' 'no' 'yes']
[]
7, 60, 66
10, 70, 57
12, 80, 61
15, 90, 55
17, 100, 56
18, 110, 56
['yes' 'no' 'no' 'yes' 'no' 'yes' 'no' 'yes' 'yes' 'no']
[]
13, 110, 56
15, 120, 47
15, 130, 48
19, 140, 45
22, 150, 52
23, 160, 50
['no' 'yes' 'no' 'no' 'yes' 'yes' 'no' 'yes' 'yes' 'yes']
['no' 'no' 'no']
19, 160, 50
23, 170, 50
24, 180, 54
27, 190, 51
28, 200, 55
29, 210, 53
['yes' 'no' 'yes' 'yes' 'yes' 'yes' 'no' 'no' 'no' 'no']
['no']
26, 210, 53
28, 220, 49
29, 230, 51
31, 240, 50
33, 250, 53
35, 260, 48
['no' 'no' 'no' 'no' 'yes' 'yes' 'no' 'yes' 'yes' 'no']
['no' 'no' 'no' 'no' 'no' 'no' 'yes' 'no' 'yes' 'no']
32, 260, 48
35, 270, 41
35, 280, 45
36, 290, 44
36, 300, 45
39, 310, 45
['yes' 'yes' 'no' 'no' 'no' 'no' 'no' 'yes' 'yes' 'no']
['no' 'no' 'no' 'no' 'no' 'no' 'no' 'no' 'no' 'no']
34, 310, 45
34, 320, 39
36, 330, 39
36, 340, 42
36, 350, 40
40, 360, 40
['yes' 'no' 'no' 'yes' 'no' 'no' 'no' 'no' 'no']
['no' 'no' 'no' 'no' 'no' 'no' 'no' 'no' 'no' 'no']
['yes' 'yes' 'no' 'no' 'no' 'no' 'no' 'no' 'no']
['no' 'no' 'no' 'no' 'no' 'no' 'no' 'no' 'no' 'no']
{'count': 463, 'truepos': 27, 'falseneg': 5, 'unknownyes': 13, 'falsepos': 8, 'unique': 360}
22: K_all3.csv: machine2: 0, 0
1, 10
3, 20, 92
7, 30, 65
7, 40, 68
9, 50, 61
11, 60, 59
['yes' 'yes' 'yes' 'yes' 'yes' 'yes' 'yes' 'no' 'yes' 'no']
[]
9, 60, 59
10, 70, 57
12, 80, 50
15, 90, 47
15, 100, 50
15, 110, 46
['yes' 'no' 'yes' 'yes' 'yes' 'no' 'no']
[]
12, 110, 46
14, 120, 41
15, 130, 42
18, 140, 42
20, 150, 44
21, 160, 45
['yes' 'no' 'no' 'yes' 'no' 'no' 'no' 'no' 'no']
['no']
17, 160, 45
19, 170, 42
20, 180, 44
20, 190, 44
21, 200, 43
22, 210, 44
['no' 'no' 'yes' 'no' 'yes']
[]
19, 210, 44
21, 220, 41
23, 230, 44
26, 240, 47
28, 250, 47
29, 260, 48
['no' 'yes' 'no' 'yes' 'yes' 'yes' 'yes' 'yes' 'yes' 'yes']
[]
26, 260, 48
28, 270, 46
28, 280, 48
29, 290, 47
31, 300, 47
31, 310, 41
['yes' 'no' 'yes' 'no' 'yes']
['no' 'no' 'no' 'no' 'no' 'no' 'no' 'no' 'no' 'no']
31, 310, 41
31, 320, 40
33, 330, 37
33, 340, 42
33, 350, 38
33, 360, 39
['yes' 'no' 'no' 'no']
['no' 'no' 'no' 'no' 'no' 'no' 'no' 'no' 'no' 'yes']
33, 360, 39
34, 370, 39
35, 380, 39
35, 390, 40
37, 400, 39
38, 410, 44
['no' 'no' 'no' 'no' 'no' 'yes' 'no' 'no']
['no' 'no' 'no' 'no' 'no' 'no' 'yes' 'no' 'no' 'no']
35, 410, 44
36, 420, 39
37, 430, 39
37, 440, 41
39, 450, 40
['no' 'no' 'no' 'yes' 'no' 'yes' 'no']
['no' 'no' 'no' 'no' 'no' 'no' 'no' 'no' 'no' 'no']
{'count': 586, 'truepos': 30, 'falseneg': 5, 'unknownyes': 10, 'falsepos': 6, 'unique': 450}
22: K_all3.csv: machine3: 0, 0
1, 10
2, 20, 92
4, 30, 63
6, 40, 59
9, 50, 53
9, 60, 59
null
[]
13, 70, 49
15, 80, 59
16, 90, 57
17, 100, 51
17, 110, 48
18, 120, 44
null
['yes']
18, 120, 44
18, 130, 44
20, 140, 42
20, 150, 45
20, 160, 43
20, 170, 42
null
['no']
20, 170, 42
20, 180, 41
20, 190, 41
20, 200, 41
21, 210, 40
21, 220, 41
null
[]
21, 230, 41
22, 240, 41
23, 250, 41
23, 260, 42
23, 270, 41
23, 280, 41
null
['no']
23, 280, 41
23, 290, 41
23, 300, 41
24, 310, 41
25, 320, 41
25, 330, 42
null
[]
25, 340, 42
25, 350, 41
26, 360, 41
26, 370, 42
26, 380, 42
27, 390, 42
null
[]
27, 400, 42
28, 410, 42
29, 420, 43
29, 430, 43
29, 440, 43
29, 450, 43
null
['yes']
30, 450, 43
31, 460, 35
31, 470, 36
31, 480, 36
31, 490, 34
31, 500, 35
null
['no' 'no' 'no' 'no' 'no' 'no' 'no' 'no' 'no' 'no']
31, 500, 35
31, 510, 34
32, 520, 34
32, 530, 35
32, 540, 35
33, 550, 34
null
['no' 'no' 'no' 'no' 'no' 'no' 'no' 'no' 'no' 'no']
null
['no' 'no' 'no' 'no' 'no' 'no' 'no' 'no' 'no' 'no']
{'count': 660, 'truepos': 30, 'falseneg': 6, 'unknownyes': 9, 'falsepos': 3, 'unique': 550}

------------------------------------------------------------
Sender: LSF System <lsfadmin@n2e1-2>
Subject: Job 266962: </share/tjmenzie/zyu9/miniconda2/bin/python2.7 runner.py error_hpcc 22> Done

Job </share/tjmenzie/zyu9/miniconda2/bin/python2.7 runner.py error_hpcc 22> was submitted from host <login01.hpc.ncsu.edu> by user <zyu9> in cluster <henry2>.
Job was executed on host(s) <2*n2e1-2>, in queue <single_chassis>, as user <zyu9> in cluster <henry2>.
</home/zyu9> was used as the home directory.
</home/zyu9/projects/MAR_HPC/Error/src> was used as the working directory.
Started at Tue Oct 17 11:28:46 2017
Results reported at Tue Oct 17 19:57:07 2017

Your job looked like:

------------------------------------------------------------
# LSBATCH: User input
/share/tjmenzie/zyu9/miniconda2/bin/python2.7 runner.py error_hpcc 22
------------------------------------------------------------

Successfully completed.

Resource usage summary:

    CPU time   :  33253.53 sec.
    Max Memory :       200 MB
    Max Swap   :      1218 MB

    Max Processes  :         3
    Max Threads    :         8

The output (if any) is above this job summary.



PS:

Read file <./err/22.err.266962> for stderr output of this job.

