23: Hall.csv: none: 0, 0
4, 10
6, 20, 108
6, 30, 107
9, 40, 97
12, 50, 73
15, 60, 86
17, 70, 70
22, 80, 69
27, 90, 53
28, 100, 62
30, 110, 54
32, 120, 57
37, 130, 56
39, 140, 60
42, 150, 67
45, 160, 69
45, 170, 71
48, 180, 65
48, 190, 77
51, 200, 68
54, 210, 74
56, 220, 79
59, 230, 73
60, 240, 78
62, 250, 77
63, 260, 77
63, 270, 80
63, 280, 80
63, 290, 75
63, 300, 75
63, 310, 82
64, 320, 75
65, 330, 74
65, 340, 79
66, 350, 76
66, 360, 82
66, 370, 79
66, 380, 82
66, 390, 80
66, 400, 78
66, 410, 79
67, 420, 75
67, 430, 76
67, 440, 74
67, 450, 78
67, 460, 77
67, 470, 75
67, 480, 74
67, 490, 75
67, 500, 76
68, 510, 74
68, 520, 77
68, 530, 76
69, 540, 74
69, 550, 75
69, 560, 74
69, 570, 75
69, 580, 74
69, 590, 75
69, 600, 77
69, 610, 73
69, 620, 74
69, 630, 76
69, 640, 74
69, 650, 74
69, 660, 73
69, 670, 74
69, 680, 74
69, 690, 74
69, 700, 75
69, 710, 74
70, 720, 73
70, 730, 75
70, 740, 75
70, 750, 75
70, 760, 74
70, 770, 74
70, 780, 74
70, 790, 74
70, 800, 74
70, 810, 74
70, 820, 76
70, 830, 76
70, 840, 74
71, 850, 74
71, 860, 75
71, 870, 76
71, 880, 75
71, 890, 75
71, 900, 75
71, 910, 75
{'count': 910, 'truepos': 69, 'falseneg': 34, 'correction': 0, 'unknownyes': 2, 'falsepos': 2, 'unique': 910}
23: Hall.csv: three: 0, 0
5, 10
6, 20, 95
10, 30, 101
11, 40, 97
12, 50, 94
15, 60, 83
19, 70, 90
23, 80, 86
28, 90, 61
31, 100, 62
34, 110, 65
36, 120, 62
40, 130, 64
42, 140, 65
43, 150, 64
44, 160, 65
46, 170, 62
48, 180, 61
48, 190, 66
50, 200, 61
52, 210, 64
58, 220, 67
62, 230, 76
66, 240, 77
66, 250, 84
67, 260, 81
68, 270, 84
69, 280, 82
69, 290, 83
70, 300, 81
70, 310, 82
72, 320, 82
73, 330, 86
73, 340, 85
74, 350, 84
74, 360, 84
74, 370, 84
74, 380, 85
74, 390, 87
74, 400, 84
74, 410, 81
74, 420, 82
74, 430, 83
74, 440, 83
74, 450, 83
75, 460, 82
75, 470, 83
75, 480, 82
75, 490, 82
75, 500, 82
75, 510, 83
75, 520, 81
75, 530, 82
75, 540, 82
75, 550, 82
75, 560, 82
75, 570, 80
75, 580, 81
75, 590, 80
75, 600, 81
75, 610, 81
75, 620, 80
75, 630, 81
75, 640, 80
75, 650, 79
75, 660, 80
75, 670, 79
75, 680, 80
75, 690, 79
75, 700, 79
75, 710, 79
75, 720, 79
75, 730, 80
75, 740, 79
75, 750, 79
75, 760, 80
75, 770, 79
75, 780, 79
75, 790, 79
75, 800, 79
75, 810, 79
{'count': 1674, 'truepos': 75, 'falseneg': 27, 'correction': 48, 'unknownyes': 3, 'falsepos': 0, 'unique': 810}
23: Hall.csv: machine: 0, 0
4, 10
8, 20, 100
10, 30, 102
11, 40, 103
12, 50, 104
14, 60, 88
18, 70, 88
20, 80, 106
23, 90, 63
29, 100, 70
31, 110, 76
33, 120, 77
42, 120, 77
46, 130, 87
49, 140, 79
54, 150, 80
55, 160, 88
56, 170, 80
65, 170, 80
68, 180, 88
70, 190, 99
74, 200, 93
76, 210, 98
77, 220, 96
81, 220, 96
83, 230, 97
83, 240, 100
83, 250, 100
83, 260, 102
85, 270, 98
88, 270, 98
89, 280, 102
90, 290, 102
90, 300, 104
90, 310, 100
90, 320, 105
90, 320, 105
90, 330, 102
90, 340, 103
90, 350, 102
91, 360, 102
92, 370, 100
92, 370, 100
92, 380, 111
92, 390, 103
93, 400, 103
93, 410, 103
94, 420, 101
94, 420, 101
94, 430, 104
94, 440, 102
94, 450, 103
94, 460, 103
94, 470, 101
94, 470, 101
94, 480, 101
94, 490, 100
94, 500, 99
94, 510, 99
94, 520, 100
94, 530, 100
94, 540, 99
{'count': 754, 'truepos': 92, 'falseneg': 10, 'correction': 24, 'unknownyes': 3, 'falsepos': 2, 'unique': 540}
23: Hall.csv: knee: 0, 0
5, 10
6, 20
8, 30
12, 40
16, 50
18, 60
20, 70
23, 80
25, 90
29, 100
33, 110
36, 120
42, 130
43, 140
44, 150
46, 160
48, 170
52, 180
55, 190
57, 200
59, 210
63, 220
66, 230
67, 240
69, 250
70, 260
72, 270
73, 280
74, 290
74, 300
74, 310
74, 320
74, 330
74, 340
74, 350
74, 360
74, 370
74, 380
74, 390
74, 400
74, 410
74, 420
{'count': 592, 'truepos': 85, 'falseneg': 16, 'correction': 14, 'unknownyes': 4, 'falsepos': 0, 'unique': 420}
23: Wahono.csv: none: 0, 0
3, 10
6, 20, 90
6, 30, 88
9, 40, 79
10, 50, 78
11, 60, 57
13, 70, 49
15, 80, 48
16, 90, 50
17, 100, 49
18, 110, 49
20, 120, 46
20, 130, 43
20, 140, 44
21, 150, 40
22, 160, 41
25, 170, 41
25, 180, 51
25, 190, 51
26, 200, 46
27, 210, 47
28, 220, 52
28, 230, 48
28, 240, 49
28, 250, 50
29, 260, 46
29, 270, 53
29, 280, 49
29, 290, 49
31, 300, 46
33, 310, 49
33, 320, 50
33, 330, 48
33, 340, 49
33, 350, 53
33, 360, 51
34, 370, 45
35, 380, 49
35, 390, 50
37, 400, 54
37, 410, 54
37, 420, 49
37, 430, 48
37, 440, 48
38, 450, 54
38, 460, 53
38, 470, 51
38, 480, 49
38, 490, 53
38, 500, 52
38, 510, 49
38, 520, 49
38, 530, 53
38, 540, 50
38, 550, 50
38, 560, 48
38, 570, 50
38, 580, 48
39, 590, 48
39, 600, 51
39, 610, 50
39, 620, 49
39, 630, 48
39, 640, 49
39, 650, 45
39, 660, 46
39, 670, 49
39, 680, 46
39, 690, 46
39, 700, 48
39, 710, 45
39, 720, 46
39, 730, 46
39, 740, 48
39, 750, 47
39, 760, 47
39, 770, 47
39, 780, 45
39, 790, 45
39, 800, 46
39, 810, 46
39, 820, 44
40, 830, 43
40, 840, 46
40, 850, 45
41, 860, 44
41, 870, 48
41, 880, 46
41, 890, 46
41, 900, 46
41, 910, 48
41, 920, 45
41, 930, 45
41, 940, 46
41, 950, 45
41, 960, 45
41, 970, 45
41, 980, 45
42, 990, 46
42, 1000, 46
42, 1010, 46
42, 1020, 46
42, 1030, 45
42, 1040, 46
42, 1050, 46
42, 1060, 46
43, 1070, 46
44, 1080, 47
44, 1090, 48
44, 1100, 49
44, 1110, 47
44, 1120, 48
44, 1130, 47
44, 1140, 48
44, 1150, 48
45, 1160, 47
45, 1170, 49
45, 1180, 49
45, 1190, 48
45, 1200, 49
45, 1210, 49
45, 1220, 48
45, 1230, 49
46, 1240, 49
46, 1250, 50
46, 1260, 50
46, 1270, 50
46, 1280, 49
46, 1290, 49
46, 1300, 49
46, 1310, 49
46, 1320, 50
46, 1330, 50
46, 1340, 49
46, 1350, 50
46, 1360, 49
46, 1370, 50
46, 1380, 49
46, 1390, 50
46, 1400, 49
46, 1410, 49
46, 1420, 49
{'count': 1420, 'truepos': 41, 'falseneg': 18, 'correction': 0, 'unknownyes': 3, 'falsepos': 5, 'unique': 1420}
23: Wahono.csv: three: 0, 0
2, 10
4, 20, 97
5, 30, 92
6, 40, 91
7, 50, 66
8, 60, 63
8, 70, 61
10, 80, 55
11, 90, 57
11, 100, 52
11, 110, 49
11, 120, 48
11, 130, 47
12, 140, 47
14, 150, 46
16, 160, 47
18, 170, 49
18, 180, 51
18, 190, 49
18, 200, 49
18, 210, 49
18, 220, 49
20, 230, 49
23, 240, 36
23, 250, 46
24, 260, 41
26, 270, 41
27, 280, 45
29, 290, 44
29, 300, 52
30, 310, 48
30, 320, 47
30, 330, 49
30, 340, 49
31, 350, 45
33, 360, 46
34, 370, 47
34, 380, 49
34, 390, 48
35, 400, 51
35, 410, 48
35, 420, 48
35, 430, 51
35, 440, 46
35, 450, 46
36, 460, 46
36, 470, 47
37, 480, 46
37, 490, 50
37, 500, 48
37, 510, 48
38, 520, 47
38, 530, 49
38, 540, 50
38, 550, 50
39, 560, 48
39, 570, 52
39, 580, 50
39, 590, 50
39, 600, 49
40, 610, 48
40, 620, 52
40, 630, 49
40, 640, 49
40, 650, 50
40, 660, 50
40, 670, 49
41, 680, 49
41, 690, 52
41, 700, 50
41, 710, 50
41, 720, 49
41, 730, 50
41, 740, 50
41, 750, 51
41, 760, 49
41, 770, 51
41, 780, 48
41, 790, 50
41, 800, 48
41, 810, 48
41, 820, 48
41, 830, 48
41, 840, 49
41, 850, 48
41, 860, 48
41, 870, 49
41, 880, 48
41, 890, 47
41, 900, 48
41, 910, 48
41, 920, 47
41, 930, 47
41, 940, 48
41, 950, 47
41, 960, 46
41, 970, 47
41, 980, 47
41, 990, 47
41, 1000, 46
41, 1010, 47
41, 1020, 47
41, 1030, 46
41, 1040, 47
41, 1050, 46
41, 1060, 47
41, 1070, 46
41, 1080, 46
41, 1090, 46
41, 1100, 46
41, 1110, 46
42, 1120, 46
42, 1130, 47
42, 1140, 47
42, 1150, 46
42, 1160, 47
42, 1170, 47
42, 1180, 46
42, 1190, 46
42, 1200, 47
42, 1210, 46
42, 1220, 46
42, 1230, 46
42, 1240, 46
42, 1250, 46
42, 1260, 46
42, 1270, 46
42, 1280, 45
42, 1290, 46
42, 1300, 46
42, 1310, 45
42, 1320, 46
42, 1330, 46
42, 1340, 46
42, 1350, 45
42, 1360, 46
42, 1370, 45
42, 1380, 45
42, 1390, 46
42, 1400, 46
42, 1410, 46
42, 1420, 45
42, 1430, 45
42, 1440, 45
42, 1450, 46
42, 1460, 45
42, 1470, 45
42, 1480, 45
42, 1490, 45
42, 1500, 45
42, 1510, 45
42, 1520, 45
42, 1530, 45
42, 1540, 45
42, 1550, 45
42, 1560, 45
42, 1570, 45
42, 1580, 45
42, 1590, 45
{'count': 3216, 'truepos': 42, 'falseneg': 18, 'correction': 29, 'unknownyes': 2, 'falsepos': 0, 'unique': 1590}
23: Wahono.csv: machine: 0, 0
4, 10
4, 20, 92
6, 30, 86
11, 40, 83
11, 50, 92
13, 60, 63
12, 60, 63
13, 70, 64
13, 80, 58
13, 90, 49
13, 100, 45
13, 110, 42
14, 120, 41
16, 130, 42
16, 140, 45
18, 150, 44
21, 160, 44
23, 170, 49
29, 170, 49
32, 180, 59
32, 190, 66
33, 200, 63
34, 210, 57
35, 220, 59
37, 220, 59
37, 230, 60
38, 240, 59
38, 250, 63
38, 260, 62
39, 270, 56
40, 270, 56
42, 280, 61
42, 290, 60
42, 300, 58
42, 310, 59
42, 320, 60
42, 320, 60
43, 330, 56
43, 340, 56
43, 350, 56
43, 360, 59
43, 370, 54
45, 370, 54
45, 380, 56
45, 390, 57
45, 400, 56
45, 410, 56
45, 420, 55
45, 420, 55
45, 430, 56
45, 440, 54
46, 450, 54
46, 460, 62
46, 470, 57
46, 470, 57
46, 480, 58
47, 490, 56
47, 500, 57
47, 510, 58
47, 520, 59
47, 520, 59
47, 530, 55
48, 540, 55
48, 550, 56
48, 560, 56
48, 570, 55
48, 570, 55
48, 580, 55
48, 590, 56
50, 600, 54
50, 610, 56
50, 620, 58
50, 620, 58
51, 630, 56
52, 640, 57
52, 650, 58
52, 660, 60
53, 670, 59
54, 670, 59
54, 680, 62
56, 690, 63
56, 700, 64
56, 710, 64
56, 720, 64
56, 720, 64
56, 730, 63
56, 740, 62
56, 750, 63
56, 760, 64
56, 770, 63
56, 770, 63
56, 780, 63
56, 790, 63
56, 800, 62
56, 810, 61
56, 820, 62
56, 820, 62
56, 830, 62
56, 840, 62
56, 850, 62
56, 860, 62
56, 870, 62
56, 870, 62
56, 880, 62
56, 890, 63
56, 900, 61
56, 910, 61
57, 920, 61
57, 920, 61
57, 930, 62
57, 940, 62
57, 950, 63
57, 960, 63
57, 970, 62
57, 970, 62
57, 980, 63
58, 990, 62
58, 1000, 63
58, 1010, 63
58, 1020, 62
58, 1020, 62
58, 1030, 62
58, 1040, 63
58, 1050, 62
58, 1060, 62
58, 1070, 63
58, 1070, 63
58, 1080, 63
58, 1090, 62
58, 1100, 63
58, 1110, 63
58, 1120, 62
58, 1120, 62
58, 1130, 62
58, 1140, 62
58, 1150, 62
58, 1160, 62
58, 1170, 62
58, 1170, 62
58, 1180, 62
{'count': 1805, 'truepos': 53, 'falseneg': 6, 'correction': 12, 'unknownyes': 3, 'falsepos': 5, 'unique': 1180}
23: Wahono.csv: knee: 0, 0
6, 10
8, 20
8, 30
8, 40
{'count': 52, 'truepos': 8, 'falseneg': 1, 'correction': 0, 'unknownyes': 53, 'falsepos': 0, 'unique': 40}
23: Danijel.csv: none: 0, 0
2, 10
2, 20, 118
3, 30, 79
4, 40, 64
4, 50, 63
4, 60, 56
5, 70, 55
5, 80, 55
6, 90, 53
6, 100, 51
6, 110, 50
6, 120, 49
6, 130, 50
6, 140, 50
7, 150, 50
7, 160, 50
9, 170, 49
10, 180, 51
11, 190, 49
13, 200, 49
14, 210, 50
15, 220, 51
17, 230, 50
19, 240, 49
20, 250, 48
20, 260, 32
21, 270, 32
22, 280, 33
22, 290, 33
22, 300, 32
23, 310, 32
24, 320, 32
25, 330, 32
26, 340, 33
27, 350, 35
27, 360, 36
27, 370, 37
27, 380, 36
27, 390, 36
27, 400, 36
28, 410, 34
28, 420, 34
28, 430, 36
28, 440, 34
28, 450, 36
28, 460, 33
28, 470, 34
28, 480, 35
28, 490, 34
29, 500, 33
29, 510, 34
30, 520, 34
31, 530, 35
31, 540, 36
31, 550, 37
31, 560, 37
31, 570, 36
31, 580, 36
31, 590, 36
31, 600, 37
31, 610, 36
31, 620, 36
31, 630, 35
31, 640, 35
31, 650, 35
31, 660, 35
31, 670, 35
31, 680, 37
31, 690, 36
31, 700, 36
31, 710, 35
31, 720, 36
31, 730, 34
31, 740, 35
31, 750, 35
31, 760, 35
31, 770, 35
31, 780, 36
31, 790, 34
31, 800, 34
31, 810, 34
31, 820, 34
31, 830, 34
31, 840, 34
31, 850, 34
31, 860, 34
31, 870, 34
31, 880, 34
31, 890, 34
31, 900, 34
31, 910, 33
31, 920, 34
31, 930, 33
31, 940, 33
31, 950, 34
31, 960, 34
31, 970, 33
32, 980, 33
32, 990, 34
32, 1000, 34
32, 1010, 34
32, 1020, 34
32, 1030, 35
32, 1040, 34
32, 1050, 34
32, 1060, 34
32, 1070, 34
32, 1080, 34
32, 1090, 34
32, 1100, 34
32, 1110, 34
{'count': 1110, 'truepos': 31, 'falseneg': 15, 'correction': 0, 'unknownyes': 2, 'falsepos': 1, 'unique': 1110}
23: Danijel.csv: three: 0, 0
4, 10
4, 20, 122
6, 30, 91
6, 40, 80
8, 50, 58
8, 60, 56
8, 70, 47
8, 80, 42
10, 90, 40
13, 100, 43
17, 110, 47
17, 120, 54
18, 130, 44
21, 140, 43
21, 150, 40
22, 160, 36
23, 170, 35
23, 180, 37
24, 190, 37
27, 200, 35
27, 210, 40
30, 220, 40
30, 230, 43
31, 240, 43
31, 250, 45
31, 260, 43
31, 270, 46
32, 280, 41
32, 290, 44
32, 300, 41
32, 310, 42
32, 320, 40
32, 330, 41
32, 340, 40
33, 350, 40
33, 360, 41
33, 370, 42
33, 380, 40
33, 390, 41
33, 400, 40
33, 410, 42
33, 420, 41
33, 430, 40
33, 440, 41
33, 450, 41
33, 460, 38
33, 470, 41
33, 480, 40
33, 490, 39
33, 500, 40
33, 510, 39
33, 520, 38
34, 530, 38
34, 540, 39
34, 550, 39
34, 560, 39
34, 570, 40
36, 580, 38
36, 590, 41
36, 600, 40
36, 610, 41
36, 620, 40
36, 630, 40
36, 640, 41
36, 650, 40
36, 660, 40
36, 670, 41
36, 680, 40
36, 690, 40
36, 700, 40
36, 710, 40
36, 720, 40
36, 730, 40
36, 740, 40
36, 750, 39
36, 760, 40
36, 770, 40
37, 780, 39
37, 790, 41
37, 800, 40
37, 810, 41
37, 820, 40
37, 830, 41
37, 840, 40
37, 850, 40
37, 860, 40
37, 870, 41
37, 880, 40
37, 890, 39
37, 900, 40
37, 910, 40
37, 920, 39
37, 930, 40
37, 940, 40
37, 950, 39
37, 960, 39
37, 970, 40
37, 980, 39
37, 990, 39
37, 1000, 39
38, 1010, 39
{'count': 2043, 'truepos': 38, 'falseneg': 8, 'correction': 22, 'unknownyes': 2, 'falsepos': 0, 'unique': 1010}
23: Danijel.csv: machine: 0, 0
1, 10
1, 20, 133
1, 30, 111
1, 40, 108
1, 50, 80
1, 60, 77
1, 60, 77
1, 70, 75
3, 80, 74
3, 90, 57
3, 100, 46
4, 110, 41
3, 110, 41
7, 120, 73
10, 130, 78
10, 140, 76
11, 150, 60
13, 160, 52
13, 170, 51
13, 180, 48
14, 190, 45
14, 200, 48
14, 210, 46
14, 220, 46
14, 230, 46
14, 240, 45
15, 250, 45
18, 260, 45
19, 270, 47
21, 280, 46
26, 280, 46
28, 290, 38
29, 300, 41
29, 310, 39
29, 320, 38
30, 330, 38
32, 330, 38
32, 340, 41
32, 350, 40
32, 360, 40
32, 370, 39
32, 380, 42
36, 380, 42
36, 390, 45
36, 400, 43
36, 410, 44
36, 420, 42
37, 430, 42
38, 430, 42
38, 440, 44
38, 450, 45
38, 460, 44
38, 470, 43
38, 480, 43
40, 480, 43
40, 490, 46
40, 500, 45
40, 510, 46
41, 520, 45
41, 530, 46
41, 530, 46
41, 540, 46
41, 550, 46
41, 560, 44
42, 570, 44
42, 580, 47
44, 580, 47
44, 590, 48
44, 600, 48
44, 610, 49
44, 620, 47
44, 630, 48
44, 630, 48
44, 640, 48
44, 650, 49
44, 660, 48
44, 670, 48
44, 680, 47
44, 680, 47
45, 690, 48
45, 700, 49
45, 710, 48
45, 720, 49
45, 730, 48
45, 730, 48
45, 740, 49
45, 750, 50
45, 760, 49
45, 770, 48
45, 780, 48
45, 780, 48
45, 790, 49
45, 800, 48
45, 810, 48
45, 820, 48
45, 830, 48
45, 830, 48
45, 840, 48
{'count': 1344, 'truepos': 40, 'falseneg': 4, 'correction': 13, 'unknownyes': 4, 'falsepos': 5, 'unique': 840}
23: Danijel.csv: knee: 0, 0
4, 10
5, 20
6, 30
6, 40
6, 50
6, 60
{'count': 84, 'truepos': 8, 'falseneg': 0, 'correction': 3, 'unknownyes': 40, 'falsepos': 1, 'unique': 60}
23: K_all3.csv: none: 0, 0
2, 10
4, 20, 71
5, 30, 60
10, 40, 54
11, 50, 62
12, 60, 55
14, 70, 48
15, 80, 50
15, 90, 47
15, 100, 43
15, 110, 40
16, 120, 40
17, 130, 41
17, 140, 41
17, 150, 40
18, 160, 39
19, 170, 40
19, 180, 41
19, 190, 40
20, 200, 40
20, 210, 31
20, 220, 29
20, 230, 28
20, 240, 27
20, 250, 27
21, 260, 26
22, 270, 27
23, 280, 29
23, 290, 29
23, 300, 28
23, 310, 28
23, 320, 28
23, 330, 28
23, 340, 27
24, 350, 26
24, 360, 28
24, 370, 28
24, 380, 27
24, 390, 28
25, 400, 27
26, 410, 28
26, 420, 30
26, 430, 29
26, 440, 29
27, 450, 29
27, 460, 29
28, 470, 29
28, 480, 31
28, 490, 30
28, 500, 30
28, 510, 30
28, 520, 30
28, 530, 30
{'count': 530, 'truepos': 26, 'falseneg': 14, 'correction': 0, 'unknownyes': 5, 'falsepos': 2, 'unique': 530}
23: K_all3.csv: three: 0, 0
2, 10
3, 20, 71
4, 30, 65
6, 40, 46
10, 50, 44
12, 60, 52
13, 70, 50
17, 80, 46
18, 90, 49
18, 100, 46
18, 110, 43
19, 120, 40
20, 130, 41
21, 140, 31
21, 150, 34
23, 160, 31
23, 170, 34
24, 180, 32
25, 190, 32
26, 200, 35
26, 210, 34
26, 220, 33
26, 230, 33
26, 240, 33
26, 250, 34
26, 260, 31
26, 270, 31
26, 280, 31
26, 290, 31
26, 300, 30
26, 310, 30
27, 320, 29
28, 330, 31
28, 340, 32
28, 350, 32
28, 360, 31
29, 370, 31
29, 380, 33
29, 390, 32
29, 400, 32
29, 410, 32
29, 420, 31
29, 430, 31
29, 440, 32
29, 450, 31
30, 460, 31
30, 470, 32
31, 480, 32
31, 490, 33
31, 500, 33
31, 510, 33
31, 520, 33
{'count': 1066, 'truepos': 31, 'falseneg': 9, 'correction': 24, 'unknownyes': 5, 'falsepos': 0, 'unique': 520}
23: K_all3.csv: machine: 0, 0
1, 10
5, 20, 89
7, 30, 70
7, 40, 66
7, 50, 58
9, 60, 47
11, 70, 47
12, 80, 47
12, 90, 44
12, 100, 41
12, 110, 39
12, 120, 37
12, 130, 37
12, 140, 36
12, 150, 36
13, 160, 36
13, 170, 37
13, 180, 37
13, 190, 37
14, 200, 37
15, 210, 37
17, 220, 37
18, 230, 38
18, 240, 39
18, 250, 38
19, 260, 38
22, 270, 39
22, 280, 34
23, 290, 29
24, 300, 30
26, 300, 30
27, 310, 36
27, 320, 36
27, 330, 35
28, 340, 34
28, 350, 34
31, 350, 34
31, 360, 38
31, 370, 37
31, 380, 37
31, 390, 36
31, 400, 35
32, 400, 35
32, 410, 37
32, 420, 37
32, 430, 36
32, 440, 37
32, 450, 35
33, 450, 35
33, 460, 37
34, 470, 37
34, 480, 38
34, 490, 37
34, 500, 37
35, 500, 37
35, 510, 38
35, 520, 38
35, 530, 38
35, 540, 38
35, 550, 38
35, 550, 38
35, 560, 37
35, 570, 37
35, 580, 37
35, 590, 37
{'count': 868, 'truepos': 28, 'falseneg': 9, 'correction': 3, 'unknownyes': 8, 'falsepos': 7, 'unique': 590}
23: K_all3.csv: knee: 0, 0
1, 10
3, 20
3, 30
3, 40
5, 50
5, 60
6, 70
6, 80
6, 90
6, 100
7, 110
7, 120
8, 130
9, 140
10, 150
10, 160
12, 170
12, 180
12, 190
13, 200
14, 210
14, 220
14, 230
14, 240
16, 250
16, 260
16, 270
17, 280
17, 290
18, 300
19, 310
19, 320
20, 330
21, 340
21, 350
22, 360
22, 370
22, 380
22, 390
22, 400
22, 410
22, 420
23, 430
25, 440
25, 450
25, 460
27, 470
28, 480
28, 490
29, 500
29, 510
29, 520
29, 530
30, 540
30, 550
30, 560
30, 570
30, 580
30, 590
30, 600
30, 610
30, 620
30, 630
30, 640
31, 650
31, 660
31, 670
31, 680
31, 690
32, 700
32, 710
32, 720
33, 730
33, 740
33, 750
33, 760
34, 770
34, 780
34, 790
34, 800
34, 810
34, 820
34, 830
34, 840
34, 850
35, 860
35, 870
35, 880
35, 890
36, 900
36, 910
36, 920
37, 930
37, 940
37, 950
37, 960
37, 970
37, 980
37, 990
37, 1000
37, 1010
37, 1020
37, 1030
37, 1040
38, 1050
38, 1060
38, 1070
38, 1080
38, 1090
38, 1100
38, 1110
38, 1120
38, 1130
38, 1140
39, 1150
39, 1160
39, 1170
39, 1180
39, 1190
39, 1200
39, 1210
39, 1220
39, 1230
39, 1240
39, 1250
39, 1260
39, 1270
39, 1280
39, 1290
39, 1300
39, 1310
39, 1320
39, 1330
39, 1340
39, 1350
40, 1360
40, 1370
40, 1380
40, 1390
40, 1400
40, 1410
40, 1420
40, 1430
40, 1440
41, 1450
41, 1460
41, 1470
41, 1480
41, 1490
41, 1500
41, 1510
41, 1520
41, 1530
41, 1540
41, 1550
41, 1560
42, 1570
42, 1580
42, 1590
42, 1600
42, 1610
43, 1620
43, 1630
43, 1640
43, 1650
43, 1660
43, 1670
43, 1680
43, 1690
43, 1700
43, 1704

------------------------------------------------------------
Sender: LSF System <lsfadmin@n2c3-5>
Subject: Job 625692: </share/tjmenzie/zyu9/miniconda2/bin/python2.7 runner.py error_hpcc 23> in cluster <henry2> Exited

Job </share/tjmenzie/zyu9/miniconda2/bin/python2.7 runner.py error_hpcc 23> was submitted from host <login01.hpc.ncsu.edu> by user <zyu9> in cluster <henry2> at Mon Jan 29 21:27:41 2018.
Job was executed on host(s) <2*n2c3-5>, in queue <single_chassis>, as user <zyu9> in cluster <henry2> at Mon Jan 29 21:27:42 2018.
</home/zyu9> was used as the home directory.
</home/zyu9/projects/MAR_HPC/Error/src> was used as the working directory.
Started at Mon Jan 29 21:27:42 2018.
Terminated at Mon Jan 29 22:49:59 2018.
Results reported at Mon Jan 29 22:49:59 2018.

Your job looked like:

------------------------------------------------------------
# LSBATCH: User input
/share/tjmenzie/zyu9/miniconda2/bin/python2.7 runner.py error_hpcc 23
------------------------------------------------------------

Exited with exit code 1.

Resource usage summary:

    CPU time :                                   4264.33 sec.
    Max Memory :                                 285.68 MB
    Average Memory :                             230.46 MB
    Total Requested Memory :                     -
    Delta Memory :                               -
    Max Swap :                                   1314 MB
    Max Processes :                              3
    Max Threads :                                8
    Run time :                                   4946 sec.
    Turnaround time :                            4938 sec.

The output (if any) is above this job summary.



PS:

Read file <./err/23.err.625692> for stderr output of this job.

