23: Hall.csv: none: 0, 0
8, 10
14, 20, 122
19, 30, 155
25, 40, 115
28, 50, 114
35, 60, 108
40, 70, 111
41, 80, 108
44, 90, 93
46, 100, 98
49, 110, 85
54, 120, 92
57, 130, 97
63, 140, 91
68, 150, 107
75, 160, 112
76, 170, 148
80, 180, 107
85, 190, 111
87, 200, 138
93, 210, 118
94, 220, 117
97, 230, 120
99, 240, 124
105, 250, 124
107, 260, 150
108, 270, 149
110, 280, 143
112, 290, 154
115, 300, 149
117, 310, 151
117, 320, 153
119, 330, 160
120, 340, 165
121, 350, 154
122, 360, 155
122, 370, 149
123, 380, 161
123, 390, 158
124, 400, 154
124, 410, 153
126, 420, 153
126, 430, 158
129, 440, 159
130, 450, 153
131, 460, 153
133, 470, 154
135, 480, 156
135, 490, 158
137, 500, 158
137, 510, 159
138, 520, 163
139, 530, 158
141, 540, 162
142, 550, 166
142, 560, 166
144, 570, 165
145, 580, 179
145, 590, 177
146, 600, 171
148, 610, 171
151, 620, 181
152, 630, 196
154, 640, 195
154, 650, 201
155, 660, 190
155, 670, 197
157, 680, 194
159, 690, 201
159, 700, 225
161, 710, 211
162, 720, 219
163, 730, 222
164, 740, 238
165, 750, 219
165, 760, 210
168, 770, 219
169, 780, 228
170, 790, 236
171, 800, 235
173, 810, 233
175, 820, 232
176, 830, 228
177, 840, 243
177, 850, 243
177, 860, 241
178, 870, 244
178, 880, 233
179, 890, 244
181, 900, 236
182, 910, 235
182, 920, 232
184, 930, 237
187, 940, 224
188, 950, 230
190, 960, 238
191, 970, 229
191, 980, 232
191, 990, 228
193, 1000, 232
194, 1010, 230
194, 1020, 236
194, 1030, 233
194, 1040, 229
194, 1050, 239
195, 1060, 236
199, 1070, 231
199, 1080, 247
200, 1090, 237
201, 1100, 245
203, 1110, 240
204, 1120, 242
205, 1130, 236
208, 1140, 248
208, 1150, 253
210, 1160, 244
211, 1170, 248
211, 1180, 239
213, 1190, 249
215, 1200, 248
216, 1210, 244
217, 1220, 252
219, 1230, 247
220, 1240, 253
220, 1250, 258
223, 1260, 258
223, 1270, 269
226, 1280, 258
226, 1290, 256
226, 1300, 264
228, 1310, 262
228, 1320, 266
228, 1330, 266
228, 1340, 268
228, 1350, 262
230, 1360, 262
230, 1370, 265
231, 1380, 261
231, 1390, 261
233, 1400, 265
234, 1410, 266
235, 1420, 268
236, 1430, 266
238, 1440, 266
238, 1450, 269
240, 1460, 266
240, 1470, 272
243, 1480, 269
244, 1490, 275
244, 1500, 282
245, 1510, 279
245, 1520, 276
246, 1530, 278
247, 1540, 271
248, 1550, 269
248, 1560, 278
249, 1570, 272
250, 1580, 274
250, 1590, 274
251, 1600, 272
253, 1610, 278
256, 1620, 277
258, 1630, 287
258, 1640, 282
258, 1650, 286
260, 1660, 283
262, 1670, 283
262, 1680, 295
266, 1690, 291
267, 1700, 302
267, 1710, 306
269, 1720, 298
270, 1730, 300
271, 1740, 302
271, 1750, 306
272, 1760, 300
272, 1770, 306
272, 1780, 304
272, 1790, 302
272, 1800, 303
273, 1810, 298
274, 1820, 301
275, 1830, 301
276, 1840, 302
276, 1850, 303
281, 1860, 299
283, 1870, 306
284, 1880, 309
285, 1890, 312
285, 1900, 314
288, 1910, 310
289, 1920, 316
290, 1930, 313
291, 1940, 319
293, 1950, 325
295, 1960, 321
297, 1970, 325
297, 1980, 331
299, 1990, 324
300, 2000, 328
300, 2010, 330
300, 2020, 329
303, 2030, 328
305, 2040, 327
306, 2050, 331
308, 2060, 333
309, 2070, 341
311, 2080, 341
313, 2090, 341
314, 2100, 349
315, 2110, 343
317, 2120, 344
317, 2130, 342
317, 2140, 345
319, 2150, 345
320, 2160, 348
321, 2170, 348
322, 2180, 344
323, 2190, 350
325, 2200, 355
326, 2210, 353
327, 2220, 359
327, 2230, 351
327, 2240, 358
327, 2250, 355
328, 2260, 352
328, 2270, 354
328, 2280, 353
330, 2290, 356
331, 2300, 357
333, 2310, 362
334, 2320, 357
336, 2330, 356
336, 2340, 359
337, 2350, 359
339, 2360, 366
341, 2370, 365
341, 2380, 372
343, 2390, 366
343, 2400, 373
344, 2410, 366
346, 2420, 369
346, 2430, 374
349, 2440, 375
350, 2450, 382
351, 2460, 381
352, 2470, 381
354, 2480, 377
355, 2490, 383
357, 2500, 383
359, 2510, 383
359, 2520, 389
361, 2530, 385
361, 2540, 389
363, 2550, 387
365, 2560, 391
365, 2570, 394
365, 2580, 394
365, 2590, 394
365, 2600, 395
366, 2610, 394
366, 2620, 392
366, 2630, 393
366, 2640, 393
367, 2650, 392
368, 2660, 393
370, 2670, 394
370, 2680, 395
372, 2690, 392
373, 2700, 399
375, 2710, 398
375, 2720, 402
376, 2730, 402
378, 2740, 404
379, 2750, 411
380, 2760, 411
383, 2770, 416
384, 2780, 420
384, 2790, 417
385, 2800, 414
386, 2810, 414
388, 2820, 414
389, 2830, 417
390, 2840, 418
391, 2850, 419
391, 2860, 418
391, 2870, 418
392, 2880, 418
394, 2890, 420
394, 2900, 422
394, 2910, 423
394, 2920, 418
394, 2930, 418
395, 2940, 419
395, 2950, 417
397, 2960, 420
399, 2970, 426
400, 2980, 424
401, 2990, 425
{'count': 2990, 'truepos': 93, 'falseneg': 11, 'unknownyes': 2, 'falsepos': 308, 'unique': 2990}
23: Hall.csv: three: 0, 0
8, 10
8, 20, 123
13, 30, 108
19, 40, 119
21, 50, 105
27, 60, 90
31, 70, 91
35, 80, 80
39, 90, 79
41, 100, 80
44, 110, 77
48, 120, 75
52, 130, 76
58, 140, 80
59, 150, 91
63, 160, 82
70, 170, 84
74, 180, 91
78, 190, 91
82, 200, 96
85, 210, 99
88, 220, 104
93, 230, 110
94, 240, 110
96, 250, 110
97, 260, 111
98, 270, 112
101, 280, 112
102, 290, 115
104, 300, 114
105, 310, 117
107, 320, 117
109, 330, 119
109, 340, 121
110, 350, 121
111, 360, 121
112, 370, 128
112, 380, 123
113, 390, 124
113, 400, 127
113, 410, 126
113, 420, 123
114, 430, 122
114, 440, 126
114, 450, 125
114, 460, 128
114, 470, 123
114, 480, 124
115, 490, 123
115, 500, 123
116, 510, 123
116, 520, 123
116, 530, 124
116, 540, 123
117, 550, 124
117, 560, 125
117, 570, 125
{'count': 1247, 'truepos': 99, 'falseneg': 3, 'unknownyes': 4, 'falsepos': 18, 'unique': 570}
23: Hall.csv: machine: 0, 0
7, 10
10, 20, 109
18, 30, 110
21, 40, 116
26, 50, 101
33, 60, 97
['yes' 'yes' 'yes' 'yes' 'yes' 'no' 'yes' 'no' 'no' 'yes']
['no' 'no' 'no' 'no' 'no' 'no' 'no' 'no' 'no' 'no']
31, 60, 97
35, 70, 71
40, 80, 74
42, 90, 82
45, 100, 80
47, 110, 74
['yes' 'yes' 'yes' 'yes' 'yes' 'yes' 'no' 'yes' 'yes' 'yes']
['no' 'no' 'no' 'no' 'no' 'no' 'no' 'no' 'no' 'no']
46, 110, 74
50, 120, 71
52, 130, 78
57, 140, 78
62, 150, 82
66, 160, 84
['yes' 'yes' 'yes' 'yes' 'yes' 'yes' 'yes' 'yes' 'yes' 'no']
['yes' 'yes' 'no' 'yes' 'no' 'no' 'no' 'yes' 'no' 'no']
68, 160, 84
71, 170, 88
74, 180, 86
79, 190, 91
83, 200, 95
87, 210, 101
['yes' 'no' 'yes' 'no' 'yes' 'no' 'yes' 'yes' 'yes' 'yes']
['yes' 'no' 'no' 'no' 'no' 'yes' 'yes' 'no' 'no' 'no']
86, 210, 101
91, 220, 105
94, 230, 118
98, 240, 118
98, 250, 137
100, 260, 121
['no' 'yes' 'no' 'no' 'no' 'yes' 'yes' 'no' 'no' 'yes']
['no' 'no' 'no' 'no' 'yes' 'no' 'no' 'no' 'yes' 'no']
95, 260, 121
97, 270, 110
99, 280, 111
100, 290, 113
101, 300, 112
103, 310, 111
['yes' 'no' 'no' 'yes' 'yes' 'yes' 'yes' 'yes' 'yes' 'yes']
['no' 'no' 'no' 'no' 'no' 'no' 'no' 'no' 'no' 'no']
100, 310, 111
103, 320, 110
103, 330, 116
104, 340, 115
105, 350, 117
105, 360, 117
['no' 'yes' 'no' 'no' 'yes' 'yes' 'no' 'yes' 'yes' 'yes']
['no' 'yes' 'no' 'no' 'no' 'no' 'no' 'no' 'no' 'yes']
103, 360, 117
105, 370, 112
106, 380, 113
108, 390, 113
108, 400, 117
109, 410, 119
['no' 'no' 'yes' 'no' 'no' 'no' 'yes' 'yes' 'no' 'yes']
['no' 'no' 'no' 'no' 'no' 'yes' 'yes' 'no' 'no' 'no']
104, 410, 119
104, 420, 110
['yes' 'yes' 'yes' 'yes' 'yes' 'yes' 'yes' 'no' 'yes' 'yes']
['no' 'no' 'no' 'no' 'no' 'no' 'no' 'no' 'no' 'no']
{'count': 600, 'truepos': 92, 'falseneg': 9, 'unknownyes': 5, 'falsepos': 8, 'unique': 420}
23: Hall.csv: machine2: 0, 0
7, 10
10, 20, 113
11, 30, 122
14, 40, 97
18, 50, 89
21, 60, 91
['no' 'yes' 'no' 'no' 'yes' 'no' 'no' 'yes' 'yes' 'yes']
[]
17, 60, 91
19, 70, 96
23, 80, 92
26, 90, 89
32, 100, 83
36, 110, 79
['no' 'no' 'yes' 'yes' 'yes' 'yes' 'yes' 'yes' 'yes' 'no']
['yes' 'no' 'no' 'no' 'no' 'no' 'no' 'no' 'yes' 'no']
34, 110, 79
37, 120, 70
40, 130, 73
45, 140, 74
48, 150, 83
53, 160, 91
['no' 'no' 'yes' 'no' 'yes' 'yes' 'yes' 'no' 'yes' 'yes']
['no' 'yes' 'no' 'no' 'no' 'yes' 'no' 'no' 'no' 'yes']
53, 160, 91
58, 170, 85
63, 180, 97
66, 190, 112
69, 200, 107
72, 210, 131
['no' 'yes' 'yes' 'yes' 'no' 'yes' 'yes' 'yes' 'yes' 'no']
['yes' 'no' 'no' 'no' 'yes' 'no' 'no' 'no' 'no' 'no']
70, 210, 131
73, 220, 115
75, 230, 106
78, 240, 98
84, 250, 98
87, 260, 101
['yes' 'no' 'yes' 'yes' 'yes' 'no' 'yes' 'yes' 'yes' 'yes']
['no' 'no' 'no' 'no' 'no' 'yes' 'no' 'no' 'no' 'no']
86, 260, 101
87, 270, 106
93, 280, 100
94, 290, 115
97, 300, 111
101, 310, 115
['no' 'no' 'yes' 'no' 'no' 'yes' 'yes' 'yes' 'yes' 'yes']
['no' 'no' 'no' 'no' 'no' 'no' 'no' 'no' 'no' 'no']
100, 310, 115
101, 320, 114
102, 330, 114
106, 340, 113
107, 350, 121
109, 360, 119
['no' 'no' 'no' 'yes' 'yes' 'yes' 'yes' 'no' 'yes' 'no']
['no' 'yes' 'no' 'no' 'no' 'no' 'no' 'no' 'no' 'no']
107, 360, 119
110, 370, 117
112, 380, 119
112, 390, 123
117, 400, 121
121, 410, 127
['no' 'no' 'no' 'no' 'no' 'yes' 'no' 'no' 'no' 'yes']
['no' 'no' 'no' 'no' 'no' 'no' 'no' 'no' 'yes' 'no']
['no' 'no' 'no' 'no' 'yes' 'yes' 'yes' 'yes' 'no' 'no']
['no' 'no' 'no' 'no' 'no' 'no' 'no' 'no' 'no' 'yes']
{'count': 593, 'truepos': 94, 'falseneg': 8, 'unknownyes': 4, 'falsepos': 26, 'unique': 410}
23: Hall.csv: machine3: 0, 0
5, 10
7, 20, 98
7, 30, 103
13, 40, 96
18, 50, 103
22, 60, 99
null
['no' 'yes' 'no']
23, 60, 99
24, 70, 98
30, 80, 89
32, 90, 74
35, 100, 70
38, 110, 71
null
['no' 'no' 'yes' 'yes' 'no' 'no' 'no' 'no' 'yes' 'no']
41, 110, 71
44, 120, 76
48, 130, 73
49, 140, 85
51, 150, 79
58, 160, 75
null
['yes' 'no' 'no' 'yes' 'yes' 'yes' 'no' 'no' 'no' 'no']
62, 160, 75
66, 170, 87
67, 180, 89
68, 190, 87
70, 200, 81
74, 210, 84
null
['yes' 'yes' 'no' 'no' 'yes' 'yes' 'no' 'no' 'no' 'no']
78, 210, 84
82, 220, 92
84, 230, 98
85, 240, 96
86, 250, 100
87, 260, 99
null
['no' 'yes' 'no' 'no' 'no' 'yes' 'no' 'no' 'no' 'no']
88, 260, 99
88, 270, 102
88, 280, 104
88, 290, 100
88, 300, 98
88, 310, 98
null
['no' 'no' 'no' 'no' 'no' 'no' 'no' 'no' 'no' 'no']
88, 310, 98
88, 320, 100
89, 330, 100
89, 340, 98
89, 350, 102
89, 360, 98
null
['no' 'yes' 'yes' 'no' 'no' 'no' 'no' 'no' 'no' 'no']
90, 360, 98
90, 370, 96
90, 380, 99
90, 390, 100
90, 400, 97
91, 410, 98
null
['no' 'no' 'no' 'no' 'no' 'no' 'no' 'no' 'no' 'no']
91, 410, 98
91, 420, 98
92, 430, 98
92, 440, 97
92, 450, 98
93, 460, 97
null
['no' 'no' 'no' 'no' 'yes' 'no' 'no' 'no' 'no' 'no']
null
['no' 'no' 'no' 'no' 'no' 'yes' 'no' 'no' 'no' 'no']
{'count': 689, 'truepos': 93, 'falseneg': 8, 'unknownyes': 5, 'falsepos': 1, 'unique': 460}
23: Wahono.csv: none: 0, 0
6, 10
9, 20, 99
10, 30, 102
16, 40, 101
17, 50, 99
21, 60, 91
23, 70, 88
24, 80, 84
26, 90, 76
30, 100, 74
32, 110, 66
34, 120, 78
37, 130, 70
39, 140, 90
42, 150, 89
45, 160, 95
47, 170, 90
49, 180, 94
50, 190, 101
51, 200, 84
52, 210, 84
53, 220, 103
55, 230, 94
55, 240, 101
57, 250, 103
57, 260, 114
59, 270, 94
59, 280, 114
61, 290, 92
62, 300, 102
67, 310, 111
69, 320, 118
71, 330, 140
72, 340, 117
72, 350, 146
72, 360, 120
73, 370, 134
75, 380, 108
75, 390, 125
75, 400, 122
76, 410, 111
77, 420, 119
78, 430, 105
79, 440, 111
79, 450, 107
79, 460, 110
80, 470, 103
80, 480, 107
83, 490, 113
84, 500, 106
86, 510, 113
88, 520, 103
88, 530, 117
90, 540, 111
91, 550, 117
91, 560, 114
93, 570, 113
94, 580, 115
96, 590, 113
98, 600, 118
99, 610, 116
99, 620, 119
100, 630, 120
103, 640, 121
106, 650, 128
107, 660, 134
108, 670, 138
110, 680, 138
111, 690, 145
112, 700, 140
114, 710, 146
115, 720, 148
115, 730, 146
116, 740, 145
116, 750, 142
116, 760, 139
119, 770, 143
121, 780, 144
121, 790, 150
123, 800, 155
126, 810, 145
128, 820, 153
128, 830, 153
128, 840, 159
130, 850, 153
131, 860, 161
133, 870, 159
133, 880, 166
135, 890, 156
136, 900, 153
138, 910, 161
138, 920, 160
140, 930, 157
141, 940, 161
141, 950, 158
141, 960, 161
142, 970, 161
142, 980, 160
144, 990, 158
145, 1000, 166
147, 1010, 164
149, 1020, 166
149, 1030, 170
151, 1040, 168
151, 1050, 172
151, 1060, 172
153, 1070, 169
154, 1080, 173
154, 1090, 171
155, 1100, 176
155, 1110, 174
156, 1120, 172
157, 1130, 174
158, 1140, 177
159, 1150, 178
159, 1160, 178
160, 1170, 177
162, 1180, 179
162, 1190, 186
164, 1200, 179
164, 1210, 184
165, 1220, 182
167, 1230, 184
167, 1240, 186
167, 1250, 186
170, 1260, 187
173, 1270, 190
174, 1280, 195
176, 1290, 197
176, 1300, 199
176, 1310, 199
177, 1320, 199
178, 1330, 197
179, 1340, 199
179, 1350, 198
179, 1360, 197
181, 1370, 196
181, 1380, 199
183, 1390, 200
183, 1400, 203
183, 1410, 203
183, 1420, 204
185, 1430, 201
185, 1440, 207
185, 1450, 203
186, 1460, 208
186, 1470, 204
186, 1480, 206
187, 1490, 205
188, 1500, 209
190, 1510, 206
191, 1520, 209
192, 1530, 209
193, 1540, 211
193, 1550, 215
193, 1560, 206
193, 1570, 209
193, 1580, 210
193, 1590, 211
194, 1600, 207
194, 1610, 209
195, 1620, 212
195, 1630, 214
199, 1640, 212
200, 1650, 214
202, 1660, 214
202, 1670, 218
202, 1680, 219
202, 1690, 219
205, 1700, 220
206, 1710, 227
207, 1720, 224
208, 1730, 228
209, 1740, 225
211, 1750, 228
212, 1760, 228
215, 1770, 234
218, 1780, 241
220, 1790, 242
221, 1800, 249
222, 1810, 252
223, 1820, 250
223, 1830, 248
223, 1840, 251
224, 1850, 246
226, 1860, 250
226, 1870, 248
226, 1880, 247
227, 1890, 247
228, 1900, 248
229, 1910, 253
230, 1920, 252
230, 1930, 253
231, 1940, 254
232, 1950, 255
233, 1960, 254
234, 1970, 257
234, 1980, 259
234, 1990, 256
235, 2000, 256
240, 2010, 258
241, 2020, 258
243, 2030, 259
244, 2040, 264
245, 2050, 265
245, 2060, 263
246, 2070, 268
247, 2080, 265
248, 2090, 266
249, 2100, 267
250, 2110, 272
251, 2120, 269
251, 2130, 270
252, 2140, 270
252, 2150, 274
254, 2160, 270
254, 2170, 274
254, 2180, 274
255, 2190, 275
257, 2200, 273
257, 2210, 275
257, 2220, 278
259, 2230, 275
260, 2240, 276
261, 2250, 276
263, 2260, 278
263, 2270, 280
264, 2280, 283
266, 2290, 282
269, 2300, 285
269, 2310, 288
269, 2320, 287
269, 2330, 287
271, 2340, 285
271, 2350, 290
274, 2360, 290
275, 2370, 297
278, 2380, 294
278, 2390, 300
281, 2400, 299
281, 2410, 300
281, 2420, 303
282, 2430, 300
284, 2440, 301
285, 2450, 301
286, 2460, 304
287, 2470, 303
288, 2480, 306
289, 2490, 307
291, 2500, 310
292, 2510, 311
293, 2520, 313
295, 2530, 314
296, 2540, 316
296, 2550, 319
298, 2560, 318
298, 2570, 320
299, 2580, 316
301, 2590, 320
303, 2600, 327
303, 2610, 326
303, 2620, 327
305, 2630, 324
308, 2640, 328
309, 2650, 330
310, 2660, 330
311, 2670, 330
313, 2680, 331
316, 2690, 333
317, 2700, 338
317, 2710, 338
317, 2720, 338
317, 2730, 338
318, 2740, 338
320, 2750, 338
322, 2760, 339
323, 2770, 339
325, 2780, 341
326, 2790, 344
326, 2800, 346
328, 2810, 346
328, 2820, 348
{'count': 2820, 'truepos': 53, 'falseneg': 6, 'unknownyes': 3, 'falsepos': 275, 'unique': 2820}
23: Wahono.csv: three: 0, 0
6, 10
7, 20, 100
8, 30, 100
8, 40, 105
11, 50, 72
15, 60, 74
17, 70, 75
18, 80, 65
20, 90, 56
22, 100, 55
24, 110, 53
26, 120, 55
27, 130, 56
30, 140, 53
33, 150, 59
37, 160, 62
37, 170, 68
37, 180, 69
37, 190, 67
37, 200, 62
38, 210, 62
41, 220, 61
43, 230, 70
44, 240, 71
46, 250, 75
46, 260, 82
46, 270, 85
46, 280, 82
46, 290, 75
47, 300, 80
47, 310, 77
47, 320, 70
47, 330, 76
47, 340, 76
49, 350, 69
49, 360, 73
49, 370, 72
49, 380, 70
50, 390, 68
50, 400, 70
51, 410, 72
52, 420, 75
52, 430, 76
53, 440, 82
53, 450, 75
53, 460, 73
53, 470, 69
53, 480, 75
54, 490, 72
55, 500, 73
55, 510, 76
55, 520, 75
55, 530, 71
56, 540, 74
57, 550, 72
58, 560, 74
58, 570, 76
58, 580, 74
59, 590, 73
59, 600, 72
59, 610, 70
60, 620, 72
60, 630, 74
60, 640, 71
61, 650, 75
61, 660, 73
61, 670, 72
61, 680, 75
61, 690, 74
61, 700, 73
61, 710, 73
61, 720, 75
62, 730, 72
62, 740, 74
63, 750, 73
63, 760, 76
64, 770, 74
64, 780, 76
64, 790, 76
64, 800, 73
65, 810, 74
66, 820, 76
67, 830, 76
67, 840, 80
68, 850, 78
69, 860, 82
70, 870, 83
70, 880, 83
70, 890, 82
71, 900, 80
71, 910, 82
71, 920, 85
72, 930, 83
73, 940, 85
73, 950, 84
74, 960, 84
75, 970, 86
76, 980, 85
76, 990, 87
76, 1000, 88
76, 1010, 87
76, 1020, 88
76, 1030, 88
78, 1040, 87
80, 1050, 88
81, 1060, 92
81, 1070, 91
82, 1080, 93
83, 1090, 98
83, 1100, 96
84, 1110, 97
84, 1120, 96
84, 1130, 100
85, 1140, 97
85, 1150, 99
85, 1160, 99
85, 1170, 98
86, 1180, 99
86, 1190, 100
86, 1200, 97
86, 1210, 99
86, 1220, 98
87, 1230, 98
87, 1240, 99
87, 1250, 98
88, 1260, 100
88, 1270, 100
88, 1280, 100
88, 1290, 100
88, 1300, 99
88, 1310, 99
88, 1320, 100
89, 1330, 99
90, 1340, 100
90, 1350, 104
90, 1360, 103
90, 1370, 103
90, 1380, 103
90, 1390, 102
90, 1400, 102
91, 1410, 101
91, 1420, 103
91, 1430, 102
91, 1440, 102
92, 1450, 101
92, 1460, 103
92, 1470, 103
92, 1480, 102
93, 1490, 103
93, 1500, 105
93, 1510, 104
93, 1520, 103
94, 1530, 103
94, 1540, 103
94, 1550, 104
94, 1560, 103
94, 1570, 104
94, 1580, 104
94, 1590, 103
94, 1600, 102
94, 1610, 102
94, 1620, 103
96, 1630, 102
97, 1640, 104
99, 1650, 104
99, 1660, 108
99, 1670, 108
99, 1680, 108
99, 1690, 107
99, 1700, 107
99, 1710, 106
99, 1720, 107
100, 1730, 107
100, 1740, 109
102, 1750, 107
102, 1760, 111
102, 1770, 110
103, 1780, 109
104, 1790, 111
104, 1800, 112
104, 1810, 111
104, 1820, 112
104, 1830, 112
104, 1840, 111
104, 1850, 111
106, 1860, 111
106, 1870, 115
106, 1880, 114
107, 1890, 115
107, 1900, 115
108, 1910, 115
108, 1920, 116
109, 1930, 115
109, 1940, 116
109, 1950, 116
109, 1960, 116
110, 1970, 116
110, 1980, 117
110, 1990, 117
111, 2000, 117
111, 2010, 117
111, 2020, 117
112, 2030, 117
112, 2040, 119
112, 2050, 118
112, 2060, 118
112, 2070, 118
112, 2080, 118
112, 2090, 118
112, 2100, 118
112, 2110, 118
{'count': 4589, 'truepos': 57, 'falseneg': 0, 'unknownyes': 5, 'falsepos': 55, 'unique': 2110}
23: Wahono.csv: machine: 0, 0
6, 10
9, 20, 99
12, 30, 117
15, 40, 124
20, 50, 104
23, 60, 104
['yes' 'yes' 'yes' 'yes' 'yes' 'yes' 'yes' 'yes' 'yes' 'yes']
[]
23, 60, 104
25, 70, 100
29, 80, 94
31, 90, 95
35, 100, 88
37, 110, 93
['yes' 'no' 'yes' 'yes' 'no' 'yes' 'yes' 'yes' 'yes' 'yes']
['no' 'no' 'no' 'no' 'no' 'no' 'no' 'no' 'no' 'no']
37, 110, 93
40, 120, 88
41, 130, 93
42, 140, 86
43, 150, 83
43, 160, 74
['no' 'no' 'yes' 'yes' 'yes' 'no' 'no' 'yes' 'yes' 'yes']
['no' 'no' 'no' 'no' 'no' 'no' 'yes' 'yes' 'no' 'no']
42, 160, 74
43, 170, 72
43, 180, 66
45, 190, 63
46, 200, 67
47, 210, 65
['yes' 'no' 'yes' 'no' 'no' 'yes' 'no' 'no' 'no' 'yes']
['no' 'no' 'no' 'no' 'no' 'no' 'no' 'no' 'no' 'no']
43, 210, 65
43, 220, 62
45, 230, 64
47, 240, 66
48, 250, 79
50, 260, 72
['no' 'no' 'yes' 'no' 'no' 'no' 'no' 'no' 'no' 'yes']
['no' 'no' 'no' 'no' 'no' 'no' 'no' 'no' 'no' 'no']
44, 260, 72
44, 270, 64
46, 280, 62
46, 290, 68
46, 300, 70
48, 310, 66
['yes' 'no' 'no' 'no' 'no' 'yes' 'no' 'no' 'no' 'yes']
['no' 'no' 'no' 'no' 'no' 'no' 'no' 'no' 'no' 'no']
42, 310, 66
46, 320, 54
47, 330, 61
49, 340, 61
52, 350, 61
54, 360, 65
['no' 'no' 'yes' 'no' 'no' 'yes' 'yes' 'no' 'no' 'yes']
['no' 'no' 'no' 'no' 'no' 'no' 'no' 'no' 'no' 'no']
48, 360, 65
51, 370, 60
54, 380, 64
54, 390, 69
54, 400, 71
55, 410, 66
['yes' 'yes' 'yes' 'no' 'yes' 'yes' 'no' 'yes' 'no' 'no']
['no' 'no' 'no' 'no' 'no' 'no' 'no' 'no' 'no' 'no']
52, 410, 66
52, 420, 64
55, 430, 63
57, 440, 66
57, 450, 70
58, 460, 69
['no' 'yes' 'no' 'yes' 'no' 'no' 'no' 'yes' 'yes' 'no']
['yes' 'no' 'no' 'no' 'no' 'no' 'no' 'no' 'no' 'no']
54, 460, 69
55, 470, 62
55, 480, 65
56, 490, 66
59, 500, 69
59, 510, 73
['no' 'no' 'no' 'yes' 'no' 'yes' 'no' 'no']
['no' 'no' 'no' 'no' 'no' 'no' 'no' 'no' 'no' 'no']
55, 510, 73
56, 520, 65
57, 530, 65
58, 540, 67
63, 550, 69
64, 560, 76
['no' 'no' 'no' 'no' 'yes' 'no' 'no' 'no' 'no' 'no']
['no' 'no' 'no' 'no' 'no' 'no' 'no' 'no' 'no' 'no']
57, 560, 76
58, 570, 67
58, 580, 69
58, 590, 67
62, 600, 68
63, 610, 76
['no' 'no' 'no' 'no' 'no' 'no' 'no']
['no' 'no' 'no' 'no' 'no' 'no' 'no' 'no' 'no' 'no']
56, 610, 76
57, 620, 64
60, 630, 65
62, 640, 68
62, 650, 71
64, 660, 70
['no' 'no' 'no' 'no' 'no' 'no' 'no' 'no']
['no' 'no' 'no' 'no' 'no' 'no' 'no' 'no' 'yes' 'no']
57, 660, 70
58, 670, 69
61, 680, 66
61, 690, 72
64, 700, 71
66, 710, 77
['yes' 'no' 'no' 'no' 'no' 'no' 'no' 'yes' 'no' 'yes']
['no' 'no' 'no' 'no' 'no' 'no' 'no' 'no' 'yes' 'no']
61, 710, 77
61, 720, 70
62, 730, 70
62, 740, 73
63, 750, 70
63, 760, 76
['no' 'no' 'yes' 'no']
['no' 'no' 'no' 'no' 'no' 'no' 'no' 'no' 'no' 'no']
59, 760, 76
60, 770, 66
61, 780, 69
62, 790, 69
63, 800, 72
63, 810, 71
['no' 'no' 'no' 'no']
['no' 'no' 'no' 'no' 'no' 'no' 'no' 'no' 'no' 'no']
60, 810, 71
60, 820, 72
61, 830, 67
61, 840, 69
61, 850, 67
61, 860, 68
['no' 'no']
['no' 'no' 'no' 'no' 'no' 'no' 'no' 'no' 'no' 'no']
61, 860, 68
63, 870, 69
65, 880, 69
65, 890, 74
65, 900, 73
67, 910, 73
['no' 'no' 'no' 'no' 'yes' 'yes' 'no']
['no' 'no' 'no' 'no' 'no' 'no' 'no' 'no' 'no' 'no']
62, 910, 73
64, 920, 70
66, 930, 72
66, 940, 75
67, 950, 75
68, 960, 78
['no' 'yes' 'no' 'no' 'no' 'no']
['no' 'no' 'no' 'no' 'no' 'no' 'no' 'no' 'no' 'no']
65, 960, 78
67, 970, 73
68, 980, 76
69, 990, 76
69, 1000, 77
70, 1010, 76
['no' 'no' 'no' 'no' 'no' 'no']
['no' 'no' 'no' 'no' 'no' 'no' 'no' 'no' 'no' 'no']
65, 1010, 76
65, 1020, 71
66, 1030, 71
69, 1040, 73
70, 1050, 76
72, 1060, 79
['no' 'no' 'no' 'no' 'no' 'no' 'no']
['no' 'no' 'no' 'no' 'no' 'no' 'no' 'no' 'no' 'no']
66, 1060, 79
67, 1070, 73
67, 1080, 74
68, 1090, 74
69, 1100, 76
69, 1110, 76
['no' 'no' 'no']
['no' 'no' 'no' 'no' 'yes' 'no' 'no' 'yes' 'no' 'no']
68, 1110, 76
69, 1120, 74
71, 1130, 75
71, 1140, 77
72, 1150, 78
75, 1160, 80
['no' 'no' 'yes' 'no' 'no' 'no' 'yes' 'no']
['no' 'no' 'no' 'no' 'no' 'no' 'no' 'no' 'no' 'no']
70, 1160, 80
72, 1170, 75
73, 1180, 77
74, 1190, 79
74, 1200, 79
75, 1210, 80
['no' 'no' 'no' 'no' 'no' 'no']
['no' 'no' 'no' 'no' 'no' 'no' 'no' 'no' 'no' 'no']
70, 1210, 80
71, 1220, 75
71, 1230, 77
71, 1240, 76
76, 1250, 76
76, 1260, 84
['no' 'no' 'no' 'no' 'no' 'no' 'no']
['no' 'no' 'no' 'no' 'no' 'no' 'no' 'no' 'no' 'no']
69, 1260, 84
71, 1270, 74
73, 1280, 76
74, 1290, 78
76, 1300, 79
78, 1310, 84
['no' 'no' 'no' 'no' 'no' 'no' 'no' 'no' 'no']
['no' 'no' 'no' 'no' 'no' 'no' 'no' 'no' 'no' 'no']
71, 1310, 84
72, 1320, 76
73, 1330, 77
76, 1340, 79
76, 1350, 81
78, 1360, 82
['no' 'no' 'no' 'no' 'no' 'no' 'no' 'no' 'no']
['no' 'no' 'no' 'no' 'no' 'no' 'no' 'no' 'no' 'no']
['no' 'no' 'no' 'no' 'no' 'no' 'no' 'no' 'no']
['no' 'no' 'no' 'no' 'no' 'no' 'no' 'no' 'no' 'no']
{'count': 1831, 'truepos': 56, 'falseneg': 3, 'unknownyes': 3, 'falsepos': 13, 'unique': 1360}
23: Wahono.csv: machine2: 0, 0
6, 10
8, 20, 102
10, 30, 113
15, 40, 117
19, 50, 100
21, 60, 97
['yes' 'yes' 'yes' 'no' 'yes' 'yes' 'yes' 'no' 'no' 'yes']
['no']
19, 60, 97
21, 70, 82
21, 80, 78
24, 90, 60
25, 100, 67
25, 110, 60
['yes' 'yes' 'yes' 'yes' 'yes' 'no' 'yes' 'yes' 'yes' 'yes']
[]
24, 110, 60
25, 120, 53
26, 130, 50
27, 140, 48
29, 150, 48
32, 160, 50
['yes' 'yes' 'yes' 'yes' 'no' 'yes' 'yes' 'yes' 'yes' 'yes']
['no' 'no' 'no' 'no' 'no' 'no' 'no' 'no' 'no' 'no']
31, 160, 50
31, 170, 58
35, 180, 54
37, 190, 65
39, 200, 63
40, 210, 65
['no' 'yes' 'yes' 'no' 'no' 'yes' 'no' 'no' 'yes' 'yes']
['no' 'no' 'no' 'no' 'no' 'no' 'no' 'no' 'no' 'no']
37, 210, 65
37, 220, 61
38, 230, 58
42, 240, 62
43, 250, 67
44, 260, 66
['yes' 'yes' 'yes' 'yes' 'no' 'no' 'yes' 'yes' 'yes' 'yes']
['no' 'no' 'no' 'no' 'no' 'no' 'no' 'yes' 'no' 'no']
45, 260, 66
48, 270, 72
48, 280, 86
51, 290, 81
52, 300, 91
52, 310, 94
['no' 'no' 'no' 'no' 'no' 'no' 'no' 'no' 'yes' 'yes']
['no' 'no' 'no' 'no' 'no' 'no' 'no' 'no' 'no' 'no']
47, 310, 94
51, 320, 70
51, 330, 76
51, 340, 75
51, 350, 80
52, 360, 78
['no' 'no' 'no' 'yes' 'no' 'no' 'no' 'no']
['no' 'no' 'no' 'no' 'no' 'no' 'no' 'no' 'no' 'no']
47, 360, 78
48, 370, 69
49, 380, 73
50, 390, 70
51, 400, 76
53, 410, 85
['no' 'no' 'no' 'no' 'no' 'no']
['no' 'no' 'no' 'no' 'no' 'no' 'no' 'no' 'no' 'no']
50, 410, 85
52, 420, 65
56, 430, 65
60, 440, 67
61, 450, 76
62, 460, 73
['no' 'yes' 'no' 'yes' 'no' 'no' 'no' 'no' 'no' 'no']
['no' 'no' 'no' 'no' 'no' 'no' 'no' 'no' 'no' 'no']
55, 460, 73
55, 470, 66
56, 480, 68
56, 490, 67
56, 500, 67
58, 510, 65
['no' 'yes' 'no' 'yes' 'yes' 'no' 'yes' 'yes']
['yes' 'no' 'yes' 'no' 'no' 'no' 'no' 'no' 'no' 'no']
57, 510, 65
59, 520, 65
60, 530, 68
62, 540, 69
62, 550, 74
62, 560, 72
['no' 'no' 'no' 'no' 'yes' 'no' 'yes']
['no' 'no' 'no' 'no' 'no' 'no' 'no' 'no' 'no' 'no']
57, 560, 72
59, 570, 66
61, 580, 70
63, 590, 72
65, 600, 76
66, 610, 77
['yes' 'no' 'yes' 'no' 'no' 'no' 'no' 'no' 'no']
['no' 'no' 'no' 'no' 'no' 'no' 'no' 'no' 'no' 'no']
64, 610, 77
64, 620, 74
67, 630, 72
67, 640, 76
70, 650, 76
71, 660, 80
['no' 'no' 'no' 'no' 'no' 'no' 'no' 'no' 'no' 'no']
['no' 'no' 'no' 'no' 'no' 'no' 'no' 'no' 'no' 'no']
63, 660, 80
65, 670, 71
65, 680, 74
67, 690, 74
69, 700, 76
70, 710, 80
['no' 'no' 'no' 'no' 'no' 'no' 'no' 'no']
['no' 'no' 'no' 'no' 'no' 'no' 'no' 'no' 'no' 'no']
63, 710, 80
66, 720, 71
67, 730, 76
67, 740, 77
68, 750, 77
70, 760, 78
['no' 'no' 'no' 'no' 'yes' 'no' 'no']
['no' 'no' 'no' 'no' 'no' 'no' 'no' 'no' 'no' 'no']
65, 760, 78
66, 770, 73
68, 780, 72
71, 790, 77
74, 800, 79
74, 810, 86
['no' 'yes' 'yes' 'no' 'no' 'no' 'yes' 'yes' 'no']
['no' 'no' 'no' 'no' 'no' 'no' 'no' 'no' 'no' 'no']
72, 810, 86
73, 820, 79
73, 830, 80
75, 840, 81
78, 850, 83
80, 860, 87
['no' 'no' 'yes' 'no' 'no' 'no' 'no' 'no' 'no' 'no']
['no' 'no' 'no' 'no' 'no' 'no' 'no' 'no' 'no' 'no']
73, 860, 87
73, 870, 81
73, 880, 80
75, 890, 80
77, 900, 84
77, 910, 85
['no' 'no' 'no' 'no' 'no' 'no']
['no' 'no' 'no' 'no' 'no' 'no' 'no' 'no' 'no' 'no']
73, 910, 85
74, 920, 80
74, 930, 82
77, 940, 81
78, 950, 86
80, 960, 87
['no' 'no' 'no' 'no' 'no' 'no' 'no']
['no' 'no' 'no' 'no' 'no' 'no' 'no' 'no' 'no' 'no']
74, 960, 87
76, 970, 82
77, 980, 84
80, 990, 85
82, 1000, 89
85, 1010, 94
['no' 'no' 'no' 'yes' 'no' 'no' 'no' 'no' 'no' 'no']
['no' 'no' 'no' 'no' 'no' 'no' 'no' 'no' 'no' 'no']
77, 1010, 94
78, 1020, 86
80, 1030, 86
80, 1040, 90
80, 1050, 88
80, 1060, 88
['no' 'no' 'no' 'no' 'no' 'no']
['no' 'no' 'no' 'no' 'no' 'no' 'no' 'no' 'no' 'no']
78, 1060, 88
79, 1070, 85
79, 1080, 85
80, 1090, 85
81, 1100, 86
82, 1110, 88
['no' 'no' 'no' 'no' 'no' 'no' 'no']
['no' 'no' 'no' 'no' 'no' 'no' 'no' 'no' 'no' 'no']
78, 1110, 88
79, 1120, 83
80, 1130, 84
81, 1140, 86
82, 1150, 87
83, 1160, 88
['no' 'no' 'no' 'no' 'no' 'no' 'no']
['no' 'no' 'no' 'no' 'no' 'no' 'no' 'no' 'no' 'no']
81, 1160, 88
81, 1170, 87
83, 1180, 86
84, 1190, 89
84, 1200, 90
84, 1210, 89
['no' 'no' 'no' 'no' 'no']
['no' 'no' 'no' 'no' 'no' 'no' 'no' 'no' 'no' 'no']
79, 1210, 89
80, 1220, 84
80, 1230, 85
['no']
['no' 'no' 'no' 'no' 'no' 'no' 'no' 'no' 'no' 'no']
{'count': 1776, 'truepos': 57, 'falseneg': 2, 'unknownyes': 3, 'falsepos': 23, 'unique': 1230}
23: Wahono.csv: machine3: 0, 0
5, 10
6, 20, 107
8, 30, 90
10, 40, 89
13, 50, 80
17, 60, 66
null
[]
17, 70, 68
17, 80, 51
19, 90, 44
20, 100, 46
21, 110, 43
21, 120, 43
null
['no']
21, 120, 43
22, 130, 42
22, 140, 44
22, 150, 43
23, 160, 43
23, 170, 45
null
['no']
24, 170, 45
26, 180, 45
29, 190, 48
30, 200, 50
33, 210, 46
36, 220, 56
null
['no' 'no' 'no' 'no' 'no' 'no' 'no' 'yes' 'no' 'no']
37, 220, 56
38, 230, 63
39, 240, 61
39, 250, 67
40, 260, 64
40, 270, 60
null
['no' 'no' 'no' 'no' 'no' 'no' 'no' 'no' 'no' 'no']
40, 270, 60
41, 280, 60
42, 290, 65
42, 300, 59
43, 310, 59
43, 320, 60
null
['no' 'no' 'no' 'no' 'no' 'no' 'no' 'no' 'no' 'yes']
44, 320, 60
44, 330, 62
46, 340, 63
47, 350, 64
47, 360, 65
47, 370, 62
null
['no' 'no' 'no' 'no' 'no' 'no' 'no' 'no' 'no' 'no']
48, 370, 62
48, 380, 62
48, 390, 62
48, 400, 62
49, 410, 62
49, 420, 60
null
['no' 'no' 'no' 'no' 'no' 'no' 'no' 'no' 'no' 'no']
50, 420, 60
50, 430, 65
50, 440, 60
51, 450, 66
51, 460, 63
52, 470, 65
null
['no' 'no' 'no' 'no' 'no' 'no' 'no' 'no' 'no' 'no']
52, 470, 65
52, 480, 63
52, 490, 64
52, 500, 64
52, 510, 67
52, 520, 63
null
['no' 'no' 'no' 'no' 'no' 'no' 'no' 'no' 'no' 'no']
52, 520, 63
52, 530, 64
52, 540, 62
52, 550, 62
53, 560, 62
53, 570, 63
null
['no' 'no' 'no' 'no' 'no' 'no' 'no' 'no' 'no' 'no']
53, 570, 63
53, 580, 67
54, 590, 60
55, 600, 61
55, 610, 64
55, 620, 62
null
['no' 'no' 'no' 'no' 'no' 'no' 'no' 'no' 'no' 'no']
56, 620, 62
56, 630, 62
56, 640, 64
56, 650, 63
56, 660, 62
57, 670, 63
null
['no' 'no' 'no' 'no' 'no' 'no' 'no' 'no' 'no' 'no']
58, 670, 63
58, 680, 69
58, 690, 65
59, 700, 66
59, 710, 66
59, 720, 67
null
['no' 'no' 'no' 'no' 'no' 'yes' 'no' 'no' 'no' 'no']
60, 720, 67
60, 730, 67
60, 740, 67
60, 750, 66
60, 760, 67
60, 770, 66
null
['no' 'no' 'no' 'no' 'no' 'no' 'no' 'no' 'no' 'no']
61, 770, 66
61, 780, 69
61, 790, 66
61, 800, 70
62, 810, 67
62, 820, 71
null
['no' 'no' 'no' 'no' 'no' 'no' 'no' 'no' 'no' 'no']
62, 820, 71
62, 830, 69
62, 840, 69
62, 850, 68
62, 860, 69
63, 870, 68
null
['no' 'no' 'no' 'no' 'no' 'no' 'no' 'no' 'no' 'no']
63, 870, 68
63, 880, 69
63, 890, 68
63, 900, 72
64, 910, 68
64, 920, 70
null
['no' 'no' 'no' 'no' 'no' 'no' 'no' 'no' 'no' 'no']
64, 920, 70
64, 930, 68
64, 940, 69
64, 950, 69
64, 960, 70
64, 970, 69
null
['no' 'no' 'no' 'no' 'no' 'no' 'no' 'no' 'no' 'no']
64, 970, 69
64, 980, 69
64, 990, 69
65, 1000, 69
65, 1010, 70
65, 1020, 69
null
['no' 'no' 'no' 'no' 'no' 'no' 'no' 'no' 'no' 'no']
65, 1020, 69
65, 1030, 70
66, 1040, 69
66, 1050, 71
66, 1060, 70
67, 1070, 71
null
['no' 'no' 'no' 'no' 'no' 'no' 'no' 'no' 'no' 'no']
67, 1070, 71
67, 1080, 72
67, 1090, 72
67, 1100, 71
67, 1110, 73
67, 1120, 72
null
['yes' 'no' 'no' 'no' 'no' 'no' 'no' 'no' 'no' 'no']
68, 1120, 72
69, 1130, 73
69, 1140, 74
69, 1150, 73
69, 1160, 73
69, 1170, 74
null
['no' 'no' 'no' 'no' 'no' 'no' 'no' 'no' 'no' 'no']
70, 1170, 74
null
['no' 'no' 'no' 'no' 'no' 'no' 'no' 'no' 'no' 'no']
{'count': 1582, 'truepos': 53, 'falseneg': 4, 'unknownyes': 5, 'falsepos': 18, 'unique': 1170}
23: Danijel.csv: none: 0, 0
4, 10
5, 20, 126
8, 30, 102
11, 40, 100
13, 50, 106
16, 60, 99
18, 70, 99
20, 80, 81
20, 90, 77
25, 100, 63
31, 110, 69
32, 120, 74
33, 130, 71
33, 140, 75
36, 150, 66
37, 160, 65
39, 170, 66
39, 180, 65
39, 190, 65
41, 200, 63
41, 210, 66
42, 220, 62
45, 230, 61
46, 240, 68
47, 250, 64
48, 260, 69
48, 270, 67
51, 280, 66
51, 290, 70
52, 300, 66
53, 310, 68
55, 320, 68
57, 330, 71
57, 340, 74
60, 350, 75
61, 360, 78
63, 370, 79
64, 380, 81
65, 390, 84
66, 400, 83
67, 410, 86
69, 420, 86
72, 430, 89
74, 440, 95
75, 450, 95
77, 460, 95
79, 470, 98
81, 480, 101
81, 490, 100
82, 500, 99
83, 510, 102
84, 520, 99
84, 530, 111
87, 540, 104
87, 550, 107
88, 560, 107
89, 570, 109
91, 580, 107
93, 590, 120
93, 600, 117
93, 610, 118
93, 620, 119
93, 630, 114
94, 640, 115
96, 650, 110
96, 660, 116
97, 670, 115
98, 680, 122
100, 690, 119
100, 700, 118
101, 710, 112
103, 720, 115
105, 730, 121
108, 740, 121
110, 750, 125
110, 760, 130
112, 770, 130
113, 780, 134
113, 790, 134
113, 800, 131
114, 810, 130
116, 820, 127
120, 830, 134
120, 840, 137
121, 850, 137
122, 860, 142
122, 870, 137
122, 880, 141
122, 890, 140
123, 900, 139
124, 910, 138
125, 920, 138
125, 930, 137
127, 940, 141
127, 950, 141
129, 960, 142
131, 970, 154
131, 980, 150
133, 990, 150
134, 1000, 149
135, 1010, 158
136, 1020, 163
136, 1030, 155
136, 1040, 156
136, 1050, 158
138, 1060, 157
140, 1070, 157
141, 1080, 165
141, 1090, 168
142, 1100, 169
143, 1110, 169
144, 1120, 169
145, 1130, 166
147, 1140, 170
148, 1150, 179
148, 1160, 171
150, 1170, 179
151, 1180, 181
153, 1190, 174
156, 1200, 174
156, 1210, 187
158, 1220, 190
158, 1230, 192
159, 1240, 188
163, 1250, 187
164, 1260, 195
167, 1270, 202
171, 1280, 204
172, 1290, 216
172, 1300, 219
174, 1310, 209
175, 1320, 211
178, 1330, 221
180, 1340, 224
181, 1350, 232
184, 1360, 234
185, 1370, 238
185, 1380, 240
186, 1390, 232
187, 1400, 229
187, 1410, 237
187, 1420, 243
189, 1430, 226
190, 1440, 233
190, 1450, 245
192, 1460, 228
194, 1470, 239
196, 1480, 232
197, 1490, 241
198, 1500, 246
198, 1510, 251
198, 1520, 247
199, 1530, 232
199, 1540, 251
200, 1550, 242
201, 1560, 238
203, 1570, 247
205, 1580, 246
206, 1590, 246
206, 1600, 253
206, 1610, 244
206, 1620, 248
206, 1630, 252
206, 1640, 253
210, 1650, 242
212, 1660, 245
215, 1670, 252
217, 1680, 254
218, 1690, 252
218, 1700, 257
219, 1710, 254
220, 1720, 255
220, 1730, 260
221, 1740, 257
222, 1750, 255
222, 1760, 255
224, 1770, 259
224, 1780, 267
225, 1790, 256
225, 1800, 257
226, 1810, 259
226, 1820, 259
226, 1830, 258
228, 1840, 256
229, 1850, 266
229, 1860, 271
229, 1870, 264
230, 1880, 263
232, 1890, 262
232, 1900, 265
233, 1910, 264
233, 1920, 267
233, 1930, 265
234, 1940, 269
235, 1950, 266
235, 1960, 263
235, 1970, 266
237, 1980, 265
238, 1990, 268
238, 2000, 268
242, 2010, 267
245, 2020, 275
247, 2030, 278
247, 2040, 278
248, 2050, 281
249, 2060, 279
249, 2070, 283
249, 2080, 280
249, 2090, 280
253, 2100, 277
254, 2110, 284
255, 2120, 286
257, 2130, 283
258, 2140, 289
258, 2150, 287
260, 2160, 293
261, 2170, 291
261, 2180, 293
262, 2190, 295
262, 2200, 297
264, 2210, 298
264, 2220, 298
266, 2230, 293
267, 2240, 293
267, 2250, 298
267, 2260, 297
268, 2270, 294
269, 2280, 299
270, 2290, 298
271, 2300, 296
272, 2310, 299
272, 2320, 299
274, 2330, 295
276, 2340, 298
277, 2350, 300
278, 2360, 305
278, 2370, 303
279, 2380, 302
282, 2390, 305
283, 2400, 306
283, 2410, 309
284, 2420, 308
286, 2430, 307
287, 2440, 310
287, 2450, 310
289, 2460, 310
293, 2470, 312
294, 2480, 314
294, 2490, 320
295, 2500, 317
296, 2510, 319
297, 2520, 323
298, 2530, 322
298, 2540, 319
298, 2550, 320
299, 2560, 320
300, 2570, 325
301, 2580, 322
301, 2590, 326
302, 2600, 327
303, 2610, 326
304, 2620, 331
306, 2630, 326
308, 2640, 329
308, 2650, 331
309, 2660, 330
311, 2670, 333
312, 2680, 336
312, 2690, 336
314, 2700, 333
314, 2710, 339
316, 2720, 336
318, 2730, 337
320, 2740, 338
322, 2750, 339
323, 2760, 342
{'count': 2760, 'truepos': 42, 'falseneg': 5, 'unknownyes': 1, 'falsepos': 281, 'unique': 2760}
23: Danijel.csv: three: 0, 0
4, 10
6, 20, 113
6, 30, 145
6, 40, 86
7, 50, 71
7, 60, 66
9, 70, 57
12, 80, 55
15, 90, 52
17, 100, 53
21, 110, 53
22, 120, 59
25, 130, 59
26, 140, 68
29, 150, 57
33, 160, 62
38, 170, 53
38, 180, 59
39, 190, 58
39, 200, 57
42, 210, 57
42, 220, 60
42, 230, 58
43, 240, 57
45, 250, 60
45, 260, 63
46, 270, 60
47, 280, 62
47, 290, 64
47, 300, 64
48, 310, 61
48, 320, 61
48, 330, 63
49, 340, 63
50, 350, 60
50, 360, 63
50, 370, 63
52, 380, 61
54, 390, 64
54, 400, 66
55, 410, 66
56, 420, 72
56, 430, 71
56, 440, 69
56, 450, 68
56, 460, 69
57, 470, 68
57, 480, 66
57, 490, 70
57, 500, 69
57, 510, 69
57, 520, 66
57, 530, 67
57, 540, 65
57, 550, 64
57, 560, 63
57, 570, 66
57, 580, 66
57, 590, 64
57, 600, 65
57, 610, 64
57, 620, 65
58, 630, 65
59, 640, 66
59, 650, 67
59, 660, 67
59, 670, 65
59, 680, 67
59, 690, 67
59, 700, 64
60, 710, 63
60, 720, 66
60, 730, 65
61, 740, 65
61, 750, 70
62, 760, 67
62, 770, 72
62, 780, 68
62, 790, 69
62, 800, 69
62, 810, 69
62, 820, 70
63, 830, 71
63, 840, 70
63, 850, 68
64, 860, 69
64, 870, 73
64, 880, 71
64, 890, 71
64, 900, 72
65, 910, 71
67, 920, 73
67, 930, 77
67, 940, 78
67, 950, 77
68, 960, 79
68, 970, 77
68, 980, 78
68, 990, 78
68, 1000, 76
68, 1010, 76
68, 1020, 76
68, 1030, 74
68, 1040, 75
69, 1050, 75
69, 1060, 75
69, 1070, 77
71, 1080, 77
72, 1090, 79
73, 1100, 81
73, 1110, 81
73, 1120, 83
73, 1130, 82
73, 1140, 81
73, 1150, 82
73, 1160, 81
73, 1170, 80
73, 1180, 81
73, 1190, 81
73, 1200, 79
74, 1210, 80
74, 1220, 83
75, 1230, 83
75, 1240, 83
75, 1250, 83
75, 1260, 85
76, 1270, 82
76, 1280, 85
76, 1290, 85
77, 1300, 83
77, 1310, 85
77, 1320, 86
77, 1330, 86
77, 1340, 84
77, 1350, 84
77, 1360, 84
77, 1370, 83
77, 1380, 82
78, 1390, 83
78, 1400, 83
78, 1410, 83
78, 1420, 83
79, 1430, 83
{'count': 3088, 'truepos': 46, 'falseneg': 0, 'unknownyes': 2, 'falsepos': 33, 'unique': 1430}
23: Danijel.csv: machine: 0, 0
3, 10
4, 20, 106
5, 30, 94
8, 40, 60
8, 50, 71
10, 60, 56
['no' 'no' 'no' 'yes' 'yes' 'no' 'yes' 'yes' 'yes' 'yes']
[]
4, 60, 56
6, 70, 45
9, 80, 49
11, 90, 46
15, 100, 48
18, 110, 53
['yes' 'no' 'yes' 'no' 'yes' 'yes' 'yes' 'yes' 'yes' 'no']
[]
15, 110, 53
17, 120, 49
19, 130, 46
21, 140, 50
23, 150, 60
23, 160, 57
['no' 'no' 'no' 'yes' 'yes' 'yes' 'yes' 'no' 'yes' 'yes']
[]
19, 160, 57
22, 170, 50
24, 180, 52
26, 190, 53
28, 200, 54
31, 210, 54
['no' 'no' 'no' 'yes' 'yes' 'yes' 'yes' 'no' 'yes' 'no']
['no' 'no' 'no' 'no' 'no' 'yes' 'no' 'yes' 'no' 'no']
28, 210, 54
28, 220, 49
30, 230, 47
33, 240, 44
34, 250, 52
36, 260, 50
['no' 'yes' 'yes' 'yes' 'no' 'yes' 'no' 'no' 'no' 'yes']
['no' 'no' 'no' 'no' 'no' 'no' 'no' 'no' 'no' 'yes']
31, 260, 50
33, 270, 45
34, 280, 49
34, 290, 49
34, 300, 51
39, 310, 50
['no' 'no' 'yes' 'no' 'no' 'no' 'no' 'no' 'no' 'yes']
['no' 'no' 'no' 'no' 'no' 'no' 'no' 'no' 'no' 'no']
34, 310, 50
35, 320, 51
36, 330, 47
38, 340, 50
38, 350, 54
39, 360, 51
['no' 'no' 'no' 'no' 'yes' 'yes' 'no' 'yes']
['no' 'no' 'no' 'no' 'no' 'no' 'no' 'no' 'no' 'no']
35, 360, 51
36, 370, 47
36, 380, 51
39, 390, 46
39, 400, 57
41, 410, 53
['no' 'no' 'no' 'no' 'no' 'no']
['no' 'no' 'no' 'no' 'no' 'no' 'no' 'no' 'no' 'no']
37, 410, 53
38, 420, 53
39, 430, 50
43, 440, 54
43, 450, 62
46, 460, 64
['no' 'no' 'no' 'no' 'yes' 'no' 'no' 'no' 'no' 'no']
['no' 'no' 'yes' 'no' 'no' 'no' 'no' 'no' 'no' 'no']
39, 460, 64
41, 470, 51
42, 480, 50
43, 490, 56
44, 500, 54
44, 510, 58
['no' 'no' 'no' 'yes' 'yes' 'yes']
['no' 'no' 'no' 'no' 'no' 'no' 'no' 'no' 'no' 'no']
40, 510, 58
41, 520, 52
42, 530, 59
44, 540, 53
44, 550, 59
46, 560, 59
['no' 'no' 'no' 'no' 'no' 'no']
['no' 'no' 'no' 'no' 'no' 'no' 'no' 'no' 'no' 'no']
40, 560, 59
40, 570, 50
40, 580, 47
41, 590, 46
43, 600, 50
44, 610, 58
['no' 'no' 'no' 'no']
['no' 'no' 'no' 'no' 'no' 'no' 'no' 'no' 'no' 'no']
43, 610, 58
44, 620, 52
44, 630, 56
45, 640, 53
46, 650, 53
47, 660, 55
['no' 'no' 'no' 'yes' 'no' 'no' 'no']
['no' 'no' 'no' 'no' 'no' 'no' 'no' 'no' 'no' 'no']
41, 660, 55
45, 670, 46
47, 680, 53
47, 690, 54
48, 700, 55
48, 710, 56
['no' 'no' 'no' 'no' 'no' 'no' 'no']
['no' 'no' 'no' 'no' 'yes' 'no' 'no' 'no' 'no' 'no']
44, 710, 56
44, 720, 49
46, 730, 50
46, 740, 51
47, 750, 51
49, 760, 52
['no' 'no' 'no' 'no' 'no' 'no' 'no']
['no' 'no' 'no' 'no' 'no' 'no' 'no' 'no' 'no' 'no']
42, 760, 52
44, 770, 46
44, 780, 49
45, 790, 49
46, 800, 51
47, 810, 53
['no' 'no' 'no' 'yes' 'yes']
['no' 'no' 'no' 'no' 'no' 'no' 'yes' 'no' 'no' 'no']
45, 810, 53
46, 820, 49
46, 830, 51
46, 840, 51
47, 850, 50
47, 860, 52
['no' 'no']
['no' 'no' 'no' 'no' 'no' 'no' 'no' 'no' 'no' 'no']
45, 860, 52
47, 870, 48
47, 880, 53
47, 890, 52
48, 900, 51
49, 910, 52
['no' 'no' 'no' 'no']
['no' 'no' 'no' 'no' 'yes' 'no' 'no' 'no' 'no' 'no']
46, 910, 52
48, 920, 50
50, 930, 51
50, 940, 53
51, 950, 53
53, 960, 56
['no' 'no' 'no' 'yes' 'no' 'no' 'no' 'yes']
['no' 'no' 'no' 'no' 'no' 'no' 'no' 'no' 'no' 'no']
48, 960, 56
48, 970, 51
50, 980, 51
51, 990, 53
51, 1000, 55
51, 1010, 54
['no' 'no' 'no']
['no' 'no' 'no' 'no' 'no' 'no' 'no' 'no' 'no' 'no']
49, 1010, 54
49, 1020, 52
['no']
['no' 'no' 'no' 'no' 'no' 'no' 'no' 'no' 'no' 'no']
{'count': 1344, 'truepos': 41, 'falseneg': 4, 'unknownyes': 3, 'falsepos': 8, 'unique': 1020}
23: Danijel.csv: machine2: 0, 0
3, 10
5, 20, 105
6, 30, 94
7, 40, 87
9, 50, 62
13, 60, 51
['yes' 'yes' 'yes' 'yes' 'yes' 'yes' 'no' 'no' 'no' 'no']
['no']
10, 60, 51
11, 70, 43
12, 80, 43
14, 90, 43
16, 100, 45
18, 110, 47
['no' 'yes' 'no' 'yes' 'no' 'yes' 'no' 'yes' 'yes' 'no']
[]
15, 110, 47
18, 120, 47
24, 130, 48
25, 140, 57
26, 150, 54
29, 160, 55
['yes' 'no' 'yes' 'yes' 'yes' 'yes' 'yes' 'yes' 'yes' 'no']
[]
28, 160, 55
31, 170, 54
31, 180, 54
34, 190, 46
35, 200, 52
38, 210, 51
['yes' 'yes' 'yes' 'no' 'no' 'no' 'yes' 'no' 'no' 'yes']
['no' 'no' 'no' 'no' 'no' 'no' 'no' 'no' 'yes' 'no']
36, 210, 51
36, 220, 51
37, 230, 46
37, 240, 48
38, 250, 47
38, 260, 49
['no' 'yes' 'no' 'yes' 'yes' 'no' 'yes' 'yes' 'no']
['no' 'no' 'no' 'no' 'no' 'no' 'no' 'no' 'no' 'no']
37, 260, 49
39, 270, 45
41, 280, 48
42, 290, 50
43, 300, 51
43, 310, 52
['yes' 'no' 'yes' 'yes' 'no' 'yes' 'no']
['no' 'yes' 'no' 'no' 'no' 'no' 'no' 'no' 'no' 'no']
44, 310, 52
46, 320, 52
49, 330, 54
49, 340, 58
49, 350, 57
51, 360, 55
['no' 'yes' 'no' 'no' 'yes' 'no' 'yes' 'no' 'yes' 'no']
['no' 'no' 'no' 'no' 'no' 'no' 'no' 'no' 'yes' 'no']
48, 360, 55
49, 370, 55
49, 380, 55
50, 390, 56
52, 400, 57
54, 410, 62
['no' 'no' 'no' 'no' 'yes' 'no' 'yes' 'no']
['no' 'no' 'no' 'no' 'no' 'no' 'no' 'no' 'no' 'no']
48, 410, 62
49, 420, 58
52, 430, 58
52, 440, 62
52, 450, 64
54, 460, 62
['no' 'no' 'no' 'no' 'no' 'no' 'no']
['no' 'no' 'no' 'no' 'no' 'no' 'no' 'no' 'no' 'no']
51, 460, 62
53, 470, 59
53, 480, 61
54, 490, 60
54, 500, 62
55, 510, 61
['no' 'no' 'no' 'yes' 'no' 'no' 'no']
['no' 'no' 'no' 'no' 'no' 'no' 'no' 'no' 'no' 'no']
49, 510, 61
50, 520, 53
50, 530, 54
50, 540, 53
51, 550, 53
53, 560, 56
['no' 'no' 'no' 'no']
['no' 'no' 'no' 'no' 'no' 'no' 'no' 'no' 'no' 'no']
53, 560, 56
54, 570, 59
57, 580, 59
60, 590, 62
61, 600, 68
61, 610, 67
['yes' 'no' 'no' 'no' 'no' 'no' 'no' 'no' 'no' 'no']
['no' 'no' 'no' 'no' 'no' 'no' 'no' 'no' 'no' 'no']
52, 610, 67
52, 620, 56
52, 630, 56
53, 640, 56
56, 650, 57
57, 660, 60
['no' 'no' 'no' 'no' 'no']
['no' 'no' 'no' 'no' 'no' 'no' 'no' 'no' 'no' 'no']
['no' 'no' 'no' 'no' 'no']
['no' 'no' 'no' 'no' 'no' 'no' 'no' 'no' 'no' 'no']
{'count': 923, 'truepos': 40, 'falseneg': 6, 'unknownyes': 2, 'falsepos': 14, 'unique': 660}
23: Danijel.csv: machine3: 0, 0
3, 10
4, 20, 103
5, 30, 90
5, 40, 88
5, 50, 62
7, 60, 47
null
[]
11, 70, 48
12, 80, 63
15, 90, 58
17, 100, 60
18, 110, 55
20, 120, 50
null
[]
22, 130, 51
23, 140, 51
24, 150, 48
25, 160, 48
26, 170, 47
27, 180, 47
null
[]
27, 190, 49
27, 200, 48
29, 210, 46
30, 220, 48
31, 230, 52
31, 240, 46
null
['yes' 'no' 'yes' 'no' 'no' 'no' 'yes' 'no' 'no' 'no']
32, 240, 46
32, 250, 52
33, 260, 45
33, 270, 48
35, 280, 46
36, 290, 49
null
['no' 'no' 'no' 'no' 'no' 'no' 'no' 'no' 'no' 'no']
36, 290, 49
36, 300, 47
36, 310, 48
36, 320, 49
36, 330, 49
37, 340, 45
null
['yes' 'no' 'no' 'no' 'no' 'no' 'no' 'no' 'no' 'no']
38, 340, 45
39, 350, 49
39, 360, 48
39, 370, 49
39, 380, 46
39, 390, 46
null
['no' 'no' 'no' 'no' 'no' 'no' 'no' 'no' 'no' 'no']
39, 390, 46
40, 400, 48
42, 410, 46
43, 420, 54
43, 430, 52
43, 440, 54
null
['no' 'no' 'no' 'no' 'no' 'no' 'no' 'no' 'no' 'no']
44, 440, 54
45, 450, 54
46, 460, 54
46, 470, 58
46, 480, 55
46, 490, 56
null
['no' 'no' 'no' 'no' 'no' 'no' 'no' 'no' 'no' 'no']
46, 490, 56
46, 500, 58
46, 510, 56
46, 520, 58
46, 530, 55
46, 540, 57
null
['no' 'no' 'no' 'no' 'no' 'no' 'no' 'no' 'no' 'no']
47, 540, 57
47, 550, 55
48, 560, 55
49, 570, 56
49, 580, 58
50, 590, 57
null
['no' 'yes' 'no' 'no' 'no' 'no' 'no' 'no' 'no' 'no']
51, 590, 57
51, 600, 57
52, 610, 57
52, 620, 58
53, 630, 58
53, 640, 60
null
['no' 'no' 'no' 'no' 'no' 'no' 'no' 'no' 'no' 'no']
53, 640, 60
53, 650, 61
53, 660, 59
53, 670, 59
53, 680, 60
53, 690, 59
null
['no' 'no' 'no' 'no' 'no' 'no' 'no' 'no' 'no' 'no']
53, 690, 59
54, 700, 60
54, 710, 60
54, 720, 59
54, 730, 60
54, 740, 60
null
['no' 'no' 'no' 'no' 'no' 'no' 'no' 'no' 'no' 'no']
54, 740, 60
54, 750, 61
54, 760, 59
54, 770, 59
54, 780, 61
55, 790, 60
null
['no' 'no' 'no' 'no' 'no' 'no' 'no' 'no' 'no' 'no']
55, 790, 60
55, 800, 61
55, 810, 62
55, 820, 61
55, 830, 60
55, 840, 60
null
['no' 'no' 'no' 'no' 'no' 'no' 'no' 'no' 'no' 'no']
55, 840, 60
56, 850, 60
56, 860, 63
56, 870, 62
57, 880, 62
57, 890, 62
null
['no' 'no' 'no' 'no' 'no' 'no' 'no' 'no' 'no' 'no']
57, 890, 62
57, 900, 62
57, 910, 62
58, 920, 62
58, 930, 62
58, 940, 62
null
['no' 'no' 'no' 'no' 'no' 'no' 'no' 'no' 'no' 'no']
58, 940, 62
58, 950, 62
58, 960, 62
58, 970, 62
58, 980, 62
58, 990, 63
null
['no' 'no' 'no' 'no' 'no' 'no' 'no' 'no' 'no' 'no']
58, 990, 63
58, 1000, 62
58, 1010, 63
58, 1020, 62
58, 1030, 62
58, 1040, 62
null
['no' 'no' 'no' 'no' 'no' 'no' 'no' 'no' 'no' 'no']
58, 1040, 62
58, 1050, 62
58, 1060, 62
58, 1070, 62
null
['no' 'no' 'no' 'no' 'no' 'no' 'no' 'no' 'no' 'no']
{'count': 1425, 'truepos': 43, 'falseneg': 2, 'unknownyes': 3, 'falsepos': 15, 'unique': 1070}
23: K_all3.csv: none: 0, 0
1, 10
2, 20, 93
3, 30, 62
7, 40, 49
9, 50, 54
10, 60, 52
13, 70, 50
15, 80, 53
17, 90, 52
22, 100, 51
23, 110, 58
25, 120, 54
27, 130, 55
30, 140, 54
30, 150, 45
34, 160, 42
36, 170, 49
36, 180, 53
37, 190, 49
37, 200, 52
39, 210, 49
41, 220, 48
42, 230, 54
44, 240, 52
47, 250, 54
49, 260, 54
51, 270, 58
52, 280, 58
52, 290, 59
55, 300, 58
56, 310, 63
57, 320, 61
59, 330, 61
59, 340, 64
63, 350, 63
65, 360, 68
67, 370, 69
67, 380, 71
{'count': 380, 'truepos': 34, 'falseneg': 1, 'unknownyes': 10, 'falsepos': 33, 'unique': 380}
23: K_all3.csv: three: 0, 0
1, 10
3, 20, 91
8, 30, 65
8, 40, 69
9, 50, 60
10, 60, 57
11, 70, 52
15, 80, 48
17, 90, 50
18, 100, 49
19, 110, 49
22, 120, 47
23, 130, 48
27, 140, 48
27, 150, 54
28, 160, 51
28, 170, 49
29, 180, 47
30, 190, 48
32, 200, 37
33, 210, 40
35, 220, 41
36, 230, 43
38, 240, 43
38, 250, 48
38, 260, 48
40, 270, 47
40, 280, 48
41, 290, 49
42, 300, 49
43, 310, 48
43, 320, 50
44, 330, 49
45, 340, 50
45, 350, 50
45, 360, 49
45, 370, 50
46, 380, 49
46, 390, 50
46, 400, 49
47, 410, 49
49, 420, 51
50, 430, 53
50, 440, 53
50, 450, 53
{'count': 994, 'truepos': 36, 'falseneg': 1, 'unknownyes': 8, 'falsepos': 14, 'unique': 450}
23: K_all3.csv: machine: 0, 0
3, 10
5, 20, 72
5, 30, 70
6, 40, 63
6, 50, 58
11, 60, 50
['yes' 'no' 'yes' 'yes' 'no' 'no' 'yes' 'no' 'yes' 'no']
['no']
6, 60, 50
11, 70, 52
15, 80, 61
17, 90, 57
19, 100, 54
24, 110, 52
['no' 'yes' 'yes' 'yes' 'yes' 'yes' 'yes' 'yes' 'no' 'yes']
['no']
21, 110, 52
22, 120, 56
27, 130, 55
27, 140, 62
28, 150, 56
29, 160, 55
['yes' 'yes' 'no' 'no' 'yes' 'yes' 'no' 'yes' 'no' 'yes']
['yes' 'no' 'no' 'no']
26, 160, 55
27, 170, 52
31, 180, 51
32, 190, 42
33, 200, 41
35, 210, 41
['no' 'yes' 'no' 'yes' 'yes' 'yes' 'yes' 'no' 'no' 'yes']
['yes' 'no' 'no' 'yes' 'no' 'no' 'no' 'no' 'no' 'no']
31, 210, 41
33, 220, 38
33, 230, 43
36, 240, 42
37, 250, 47
39, 260, 46
['yes' 'no' 'no' 'no' 'yes' 'no' 'no' 'no' 'no' 'no']
['no' 'no' 'no' 'no' 'no' 'no' 'no' 'no' 'no' 'no']
32, 260, 46
34, 270, 37
34, 280, 40
36, 290, 39
36, 300, 42
36, 310, 41
['yes' 'no' 'no' 'yes' 'no' 'yes' 'no' 'yes' 'yes']
['no' 'no' 'no' 'no' 'no' 'no' 'no' 'no' 'no' 'no']
34, 310, 41
36, 320, 39
36, 330, 41
38, 340, 40
39, 350, 43
39, 360, 45
['no' 'no' 'no' 'no' 'no' 'no']
['no' 'no' 'no' 'no' 'no' 'no' 'no' 'no' 'no' 'no']
34, 360, 45
37, 370, 37
38, 380, 41
39, 390, 42
40, 400, 43
41, 410, 43
['no' 'no' 'no' 'yes' 'no' 'no' 'no']
['no' 'no' 'no' 'no' 'no' 'no' 'no' 'no' 'no' 'no']
['no' 'no' 'no' 'no' 'yes' 'no' 'no']
['no' 'no' 'no' 'no' 'no' 'no' 'no' 'no' 'no' 'no']
{'count': 538, 'truepos': 30, 'falseneg': 3, 'unknownyes': 12, 'falsepos': 6, 'unique': 410}
23: K_all3.csv: machine2: 0, 0
2, 10
3, 20, 72
4, 30, 67
4, 40, 61
4, 50, 51
5, 60, 46
['no' 'no' 'no' 'no' 'no']
[]
2, 60, 46
3, 70, 55
4, 80, 55
5, 90, 48
8, 100, 48
10, 110, 52
['no' 'no' 'no' 'no' 'no' 'no' 'no' 'yes']
[]
6, 110, 52
6, 120, 50
7, 130, 47
7, 140, 51
9, 150, 48
10, 160, 56
['yes' 'no' 'no' 'yes']
[]
8, 160, 56
8, 170, 49
10, 180, 47
14, 190, 49
16, 200, 53
17, 210, 53
['no' 'yes' 'no' 'yes' 'yes' 'yes' 'no' 'no' 'yes']
['yes']
16, 210, 53
18, 220, 49
19, 230, 52
20, 240, 50
23, 250, 49
24, 260, 53
['no' 'no' 'no' 'no' 'yes' 'no' 'no' 'yes' 'yes']
['no']
22, 260, 53
25, 270, 49
27, 280, 53
29, 290, 53
30, 300, 53
30, 310, 44
['no' 'no' 'yes' 'yes' 'yes' 'no' 'yes' 'yes']
['no' 'no' 'no' 'no' 'no' 'no' 'no' 'no' 'no' 'no']
29, 310, 44
33, 320, 52
37, 330, 45
39, 340, 49
41, 350, 49
41, 360, 53
['yes' 'no' 'no' 'yes' 'no' 'no' 'no' 'yes' 'yes' 'yes']
['no' 'no' 'no' 'no' 'no' 'no' 'no' 'no' 'no' 'no']
36, 360, 53
38, 370, 42
40, 380, 45
40, 390, 49
41, 400, 48
43, 410, 49
['yes' 'no' 'no' 'yes' 'no' 'no' 'yes' 'no' 'yes' 'no']
['yes' 'no' 'no' 'no' 'no' 'no' 'no' 'no' 'no' 'no']
44, 410, 49
45, 420, 51
46, 430, 53
49, 440, 52
49, 450, 58
49, 460, 58
['no' 'no' 'yes' 'no' 'no' 'no' 'no' 'no' 'no' 'yes']
['no' 'no' 'no' 'no' 'no' 'no' 'no' 'no' 'no' 'no']
44, 460, 58
45, 470, 49
48, 480, 51
49, 490, 53
50, 500, 55
51, 510, 55
['yes' 'no' 'no' 'no' 'no' 'no' 'no' 'yes' 'no']
['no' 'no' 'no' 'no' 'no' 'no' 'no' 'no' 'no' 'no']
45, 510, 55
47, 520, 48
48, 530, 51
48, 540, 51
50, 550, 51
52, 560, 53
['no' 'no' 'yes' 'no' 'no' 'no' 'no']
['no' 'no' 'no' 'no' 'no' 'no' 'no' 'yes' 'no' 'no']
['no' 'no' 'no' 'no' 'no' 'yes' 'no']
['no' 'no' 'no' 'no' 'yes' 'no' 'no' 'no' 'no' 'no']
{'count': 755, 'truepos': 30, 'falseneg': 2, 'unknownyes': 13, 'falsepos': 18, 'unique': 560}
23: K_all3.csv: machine3: 0, 0
1, 10
2, 20, 92
4, 30, 64
7, 40, 59
10, 50, 53
12, 60, 61
null
[]
13, 70, 54
15, 80, 49
17, 90, 49
19, 100, 47
21, 110, 45
21, 120, 46
null
[]
22, 130, 43
23, 140, 44
24, 150, 43
24, 160, 44
24, 170, 43
24, 180, 42
null
['no' 'no']
24, 180, 42
24, 190, 42
24, 200, 42
27, 210, 41
28, 220, 46
29, 230, 46
null
['no']
29, 230, 46
29, 240, 46
29, 250, 46
29, 260, 45
29, 270, 45
30, 280, 45
null
['no' 'no' 'no' 'no' 'no' 'no' 'no' 'no' 'no' 'no']
30, 280, 45
30, 290, 41
30, 300, 38
31, 310, 38
31, 320, 40
31, 330, 37
null
['no' 'no' 'no' 'no' 'no' 'no' 'no' 'no' 'no' 'no']
31, 330, 37
31, 340, 36
32, 350, 37
32, 360, 36
33, 370, 37
33, 380, 40
null
['no' 'no' 'no' 'no' 'no' 'no' 'no' 'no' 'no' 'no']
33, 380, 40
33, 390, 37
33, 400, 38
34, 410, 36
34, 420, 38
34, 430, 40
null
['no' 'no' 'no' 'no' 'no' 'no' 'yes' 'no' 'no' 'no']
35, 430, 40
35, 440, 39
35, 450, 38
35, 460, 38
35, 470, 37
35, 480, 37
null
['no' 'no' 'no' 'no' 'no' 'no' 'no' 'no' 'no' 'no']
35, 480, 37
35, 490, 38
35, 500, 37
35, 510, 37
35, 520, 37
null
['no' 'no' 'no' 'no' 'no' 'no' 'no' 'no' 'no' 'no']
{'count': 678, 'truepos': 30, 'falseneg': 5, 'unknownyes': 10, 'falsepos': 5, 'unique': 520}

------------------------------------------------------------
Sender: LSF System <lsfadmin@n2e1-3>
Subject: Job 266963: </share/tjmenzie/zyu9/miniconda2/bin/python2.7 runner.py error_hpcc 23> Done

Job </share/tjmenzie/zyu9/miniconda2/bin/python2.7 runner.py error_hpcc 23> was submitted from host <login01.hpc.ncsu.edu> by user <zyu9> in cluster <henry2>.
Job was executed on host(s) <2*n2e1-3>, in queue <single_chassis>, as user <zyu9> in cluster <henry2>.
</home/zyu9> was used as the home directory.
</home/zyu9/projects/MAR_HPC/Error/src> was used as the working directory.
Started at Tue Oct 17 11:28:46 2017
Results reported at Tue Oct 17 16:32:38 2017

Your job looked like:

------------------------------------------------------------
# LSBATCH: User input
/share/tjmenzie/zyu9/miniconda2/bin/python2.7 runner.py error_hpcc 23
------------------------------------------------------------

Successfully completed.

Resource usage summary:

    CPU time   :  20769.66 sec.
    Max Memory :       173 MB
    Max Swap   :      1190 MB

    Max Processes  :         3
    Max Threads    :         8

The output (if any) is above this job summary.



PS:

Read file <./err/23.err.266963> for stderr output of this job.

