24: Hall.csv: none: 0, 0
6, 10
9, 20, 102
11, 30, 109
15, 40, 114
22, 50, 99
27, 60, 101
34, 70, 95
35, 80, 82
39, 90, 78
43, 100, 87
43, 110, 89
47, 120, 79
51, 130, 82
56, 140, 79
62, 150, 90
64, 160, 105
68, 170, 93
71, 180, 93
75, 190, 101
81, 200, 104
84, 210, 106
90, 220, 110
92, 230, 112
93, 240, 116
97, 250, 114
101, 260, 123
102, 270, 132
103, 280, 143
103, 290, 136
106, 300, 135
111, 310, 131
111, 320, 167
112, 330, 134
113, 340, 139
115, 350, 139
116, 360, 139
116, 370, 153
118, 380, 149
118, 390, 150
118, 400, 143
119, 410, 144
120, 420, 147
122, 430, 148
123, 440, 157
124, 450, 161
125, 460, 160
125, 470, 164
127, 480, 152
128, 490, 159
130, 500, 157
131, 510, 167
131, 520, 166
131, 530, 164
132, 540, 165
133, 550, 160
134, 560, 158
135, 570, 159
136, 580, 156
136, 590, 159
137, 600, 162
138, 610, 161
141, 620, 164
141, 630, 179
142, 640, 168
142, 650, 171
142, 660, 173
144, 670, 165
147, 680, 170
147, 690, 179
148, 700, 179
148, 710, 177
148, 720, 173
149, 730, 178
149, 740, 173
149, 750, 176
150, 760, 175
151, 770, 176
151, 780, 175
151, 790, 174
155, 800, 177
156, 810, 189
156, 820, 191
156, 830, 186
157, 840, 190
158, 850, 193
161, 860, 190
161, 870, 192
163, 880, 195
165, 890, 192
165, 900, 201
166, 910, 198
168, 920, 196
169, 930, 207
169, 940, 211
169, 950, 212
169, 960, 214
169, 970, 208
169, 980, 208
171, 990, 203
172, 1000, 209
173, 1010, 212
174, 1020, 211
176, 1030, 213
177, 1040, 213
178, 1050, 212
179, 1060, 215
179, 1070, 219
180, 1080, 217
180, 1090, 214
181, 1100, 215
182, 1110, 215
183, 1120, 215
183, 1130, 216
185, 1140, 218
185, 1150, 217
187, 1160, 223
187, 1170, 229
187, 1180, 223
190, 1190, 227
193, 1200, 223
193, 1210, 233
193, 1220, 230
193, 1230, 232
194, 1240, 224
194, 1250, 230
195, 1260, 229
196, 1270, 227
198, 1280, 234
199, 1290, 234
200, 1300, 237
200, 1310, 239
200, 1320, 238
200, 1330, 233
200, 1340, 231
201, 1350, 234
202, 1360, 230
203, 1370, 235
204, 1380, 238
206, 1390, 238
206, 1400, 240
206, 1410, 238
208, 1420, 235
208, 1430, 237
210, 1440, 237
211, 1450, 242
212, 1460, 246
213, 1470, 249
215, 1480, 246
217, 1490, 243
218, 1500, 243
218, 1510, 249
220, 1520, 244
220, 1530, 246
222, 1540, 251
224, 1550, 250
226, 1560, 254
228, 1570, 263
230, 1580, 263
231, 1590, 262
231, 1600, 268
232, 1610, 260
234, 1620, 264
236, 1630, 264
237, 1640, 267
237, 1650, 271
239, 1660, 269
241, 1670, 270
242, 1680, 276
243, 1690, 276
243, 1700, 273
245, 1710, 276
246, 1720, 275
247, 1730, 283
248, 1740, 276
249, 1750, 278
249, 1760, 279
250, 1770, 280
252, 1780, 282
254, 1790, 285
256, 1800, 289
257, 1810, 291
260, 1820, 287
262, 1830, 294
264, 1840, 297
266, 1850, 298
267, 1860, 303
268, 1870, 304
269, 1880, 305
270, 1890, 303
271, 1900, 304
273, 1910, 306
273, 1920, 309
275, 1930, 305
277, 1940, 308
277, 1950, 310
278, 1960, 310
282, 1970, 310
284, 1980, 318
285, 1990, 319
286, 2000, 319
287, 2010, 324
288, 2020, 326
289, 2030, 322
290, 2040, 320
291, 2050, 323
292, 2060, 327
293, 2070, 323
294, 2080, 327
295, 2090, 327
295, 2100, 325
295, 2110, 327
296, 2120, 325
297, 2130, 329
297, 2140, 331
297, 2150, 332
297, 2160, 329
298, 2170, 330
300, 2180, 326
300, 2190, 330
300, 2200, 326
300, 2210, 326
302, 2220, 327
302, 2230, 330
304, 2240, 330
306, 2250, 329
307, 2260, 334
307, 2270, 337
308, 2280, 334
310, 2290, 335
313, 2300, 337
314, 2310, 341
315, 2320, 341
316, 2330, 340
317, 2340, 347
321, 2350, 344
321, 2360, 355
321, 2370, 352
323, 2380, 347
324, 2390, 355
325, 2400, 350
327, 2410, 355
328, 2420, 357
328, 2430, 363
329, 2440, 361
329, 2450, 365
329, 2460, 360
329, 2470, 356
330, 2480, 361
330, 2490, 360
330, 2500, 360
330, 2510, 362
330, 2520, 355
331, 2530, 358
332, 2540, 357
333, 2550, 359
335, 2560, 361
337, 2570, 366
339, 2580, 365
339, 2590, 368
341, 2600, 367
341, 2610, 372
342, 2620, 373
342, 2630, 371
343, 2640, 369
344, 2650, 369
344, 2660, 372
345, 2670, 376
345, 2680, 372
346, 2690, 374
347, 2700, 371
348, 2710, 369
351, 2720, 373
351, 2730, 376
352, 2740, 376
354, 2750, 376
355, 2760, 380
355, 2770, 380
355, 2780, 380
356, 2790, 380
356, 2800, 383
357, 2810, 379
357, 2820, 382
359, 2830, 381
361, 2840, 384
364, 2850, 384
366, 2860, 388
368, 2870, 394
369, 2880, 392
369, 2890, 394
370, 2900, 392
371, 2910, 393
372, 2920, 395
374, 2930, 394
377, 2940, 396
378, 2950, 403
379, 2960, 400
380, 2970, 401
381, 2980, 404
383, 2990, 405
385, 3000, 405
387, 3010, 411
389, 3020, 410
389, 3030, 412
389, 3040, 412
391, 3050, 412
392, 3060, 417
395, 3070, 415
395, 3080, 417
395, 3090, 420
397, 3100, 418
397, 3110, 421
398, 3120, 421
398, 3130, 421
400, 3140, 421
{'count': 3140, 'truepos': 91, 'falseneg': 12, 'unknownyes': 3, 'falsepos': 309, 'unique': 3140}
24: Hall.csv: three: 0, 0
8, 10
10, 20, 122
14, 30, 117
17, 40, 98
21, 50, 92
26, 60, 90
32, 70, 94
36, 80, 79
38, 90, 81
39, 100, 73
45, 110, 72
48, 120, 85
52, 130, 89
57, 140, 88
60, 150, 93
65, 160, 92
68, 170, 99
69, 180, 97
73, 190, 88
77, 200, 88
83, 210, 97
85, 220, 100
88, 230, 100
92, 240, 102
96, 250, 113
96, 260, 129
97, 270, 121
98, 280, 117
98, 290, 123
98, 300, 112
99, 310, 112
99, 320, 115
99, 330, 114
103, 340, 112
103, 350, 122
104, 360, 119
104, 370, 122
104, 380, 121
104, 390, 116
104, 400, 121
104, 410, 117
104, 420, 120
104, 430, 114
104, 440, 116
105, 450, 116
105, 460, 115
105, 470, 115
105, 480, 115
105, 490, 116
106, 500, 118
106, 510, 117
106, 520, 115
106, 530, 117
107, 540, 115
107, 550, 115
107, 560, 113
107, 570, 115
108, 580, 114
108, 590, 116
108, 600, 115
108, 610, 115
108, 620, 115
108, 630, 117
108, 640, 114
108, 650, 115
108, 660, 115
108, 670, 114
108, 680, 114
108, 690, 114
109, 700, 114
{'count': 1527, 'truepos': 98, 'falseneg': 4, 'unknownyes': 4, 'falsepos': 11, 'unique': 700}
24: Hall.csv: machine: 0, 0
6, 10
7, 20, 108
11, 30, 102
14, 40, 110
19, 50, 93
27, 60, 93
['yes' 'yes' 'no' 'yes' 'yes' 'yes' 'yes' 'yes' 'yes' 'yes']
['no' 'no' 'no']
24, 60, 93
28, 70, 94
32, 80, 96
39, 90, 69
44, 100, 86
48, 110, 90
['yes' 'yes' 'yes' 'yes' 'no' 'yes' 'yes' 'yes' 'yes' 'yes']
['no' 'no' 'no' 'no' 'no' 'no' 'yes' 'no' 'no' 'yes']
49, 110, 90
54, 120, 92
57, 130, 102
60, 140, 108
61, 150, 111
65, 160, 114
['no' 'yes' 'yes' 'yes' 'yes' 'yes' 'yes' 'yes' 'yes' 'yes']
['no' 'no' 'yes' 'yes' 'no' 'no' 'no' 'no' 'no' 'no']
66, 160, 114
70, 170, 106
72, 180, 107
74, 190, 107
76, 200, 107
79, 210, 114
['no' 'no' 'yes' 'no' 'yes' 'yes' 'yes' 'yes' 'no' 'no']
['no' 'no' 'no' 'no' 'no' 'no' 'yes' 'no' 'no' 'no']
73, 210, 114
76, 220, 93
83, 230, 93
85, 240, 98
88, 250, 98
89, 260, 100
['no' 'no' 'no' 'no' 'yes' 'yes' 'yes' 'no' 'no' 'yes']
['no' 'no' 'yes' 'no' 'no' 'no' 'no' 'no' 'no' 'no']
87, 260, 100
88, 270, 98
89, 280, 97
91, 290, 103
97, 300, 101
97, 310, 112
['no' 'no' 'no' 'no' 'yes' 'no' 'yes' 'no' 'yes' 'yes']
['no' 'no' 'no' 'no' 'no' 'no' 'yes' 'yes' 'no' 'no']
95, 310, 112
99, 320, 110
99, 330, 132
100, 340, 112
102, 350, 112
102, 360, 117
['yes' 'yes' 'no' 'no' 'yes' 'yes' 'yes' 'yes' 'yes' 'yes']
['no' 'no' 'no' 'no' 'no' 'no' 'no' 'no' 'yes' 'no']
99, 360, 117
101, 370, 106
104, 380, 108
105, 390, 114
107, 400, 112
110, 410, 115
['no' 'no' 'no' 'no' 'yes' 'no' 'no' 'no' 'yes' 'yes']
['yes' 'no' 'no' 'no' 'no' 'no' 'yes' 'no' 'no' 'no']
['no' 'no' 'yes' 'no' 'no' 'no' 'no' 'no' 'yes' 'yes']
['yes' 'no' 'no' 'no' 'no' 'no' 'no' 'no' 'no' 'no']
{'count': 563, 'truepos': 91, 'falseneg': 10, 'unknownyes': 5, 'falsepos': 12, 'unique': 410}
24: Hall.csv: machine2: 0, 0
8, 10
10, 20, 119
12, 30, 121
16, 40, 92
22, 50, 88
26, 60, 93
['yes' 'yes' 'yes' 'yes' 'yes' 'yes' 'yes' 'yes' 'yes' 'yes']
[]
26, 60, 93
28, 70, 93
33, 80, 89
35, 90, 78
38, 100, 77
40, 110, 84
['yes' 'no' 'yes' 'yes' 'yes' 'yes' 'yes' 'yes' 'yes' 'no']
['no' 'no' 'no' 'no' 'yes' 'no' 'no' 'no' 'no' 'no']
37, 110, 84
42, 120, 66
45, 130, 68
48, 140, 70
54, 150, 67
60, 160, 82
['yes' 'no' 'yes' 'yes' 'no' 'yes' 'yes' 'yes' 'yes' 'yes']
['no' 'no' 'yes' 'no' 'no' 'no' 'no' 'no' 'no' 'yes']
61, 160, 82
66, 170, 87
69, 180, 94
74, 190, 92
79, 200, 93
84, 210, 104
['yes' 'yes' 'no' 'no' 'yes' 'yes' 'yes' 'no' 'yes' 'yes']
['no' 'no' 'no' 'yes' 'no' 'yes' 'no' 'no' 'no' 'no']
86, 210, 104
91, 220, 110
93, 230, 124
96, 240, 127
96, 250, 135
97, 260, 135
['no' 'yes' 'yes' 'yes' 'no' 'yes' 'no' 'yes' 'yes' 'yes']
['no' 'no' 'no' 'no' 'no' 'no' 'no' 'yes' 'no' 'no']
95, 260, 135
98, 270, 109
99, 280, 116
101, 290, 119
102, 300, 115
104, 310, 118
['no' 'yes' 'yes' 'no' 'yes' 'yes' 'yes' 'yes' 'yes' 'yes']
['no' 'no' 'no' 'no' 'no' 'no' 'no' 'no' 'no' 'no']
103, 310, 118
107, 320, 114
108, 330, 121
108, 340, 124
109, 350, 119
110, 360, 119
['yes' 'no' 'no' 'no' 'no' 'no' 'no' 'yes' 'no' 'yes']
['no' 'no' 'no' 'no' 'no' 'no' 'no' 'no' 'no' 'no']
103, 360, 119
103, 370, 110
104, 380, 111
105, 390, 114
106, 400, 113
106, 410, 114
['no' 'no' 'yes' 'no' 'no' 'yes' 'yes' 'yes' 'yes' 'no']
['no' 'no' 'no' 'no' 'no' 'no' 'no' 'no' 'no' 'no']
104, 410, 114
105, 420, 111
105, 430, 113
106, 440, 112
108, 450, 113
111, 460, 116
['no' 'no' 'no' 'no' 'no' 'no' 'no' 'yes' 'yes' 'no']
['no' 'no' 'no' 'no' 'no' 'no' 'no' 'no' 'no' 'no']
['no' 'no' 'no' 'no' 'no' 'no' 'no' 'yes' 'yes' 'no']
['no' 'no' 'no' 'no' 'yes' 'no' 'no' 'no' 'no' 'no']
{'count': 667, 'truepos': 97, 'falseneg': 5, 'unknownyes': 4, 'falsepos': 10, 'unique': 460}
24: Hall.csv: machine3: 0, 0
6, 10
10, 20, 112
15, 30, 120
17, 40, 101
23, 50, 93
29, 60, 91
null
['no' 'no' 'no' 'no']
29, 60, 91
32, 70, 95
34, 80, 73
38, 90, 73
43, 100, 86
46, 110, 91
null
['no' 'yes' 'no' 'yes' 'no' 'yes' 'yes' 'no' 'no' 'no']
51, 110, 91
55, 120, 94
56, 130, 103
59, 140, 93
61, 150, 94
68, 160, 82
null
['no' 'no' 'yes' 'yes' 'no' 'yes' 'no' 'no' 'no' 'no']
71, 160, 82
74, 170, 93
76, 180, 90
78, 190, 91
80, 200, 91
80, 210, 94
null
['yes' 'no' 'no' 'yes' 'no' 'no' 'no' 'no' 'no' 'no']
81, 210, 94
82, 220, 90
84, 230, 94
84, 240, 96
84, 250, 93
84, 260, 96
null
['no' 'no' 'no' 'no' 'no' 'no' 'no' 'no' 'no' 'no']
85, 260, 96
87, 270, 95
89, 280, 95
89, 290, 98
90, 300, 97
93, 310, 99
null
['no' 'yes' 'no' 'no' 'no' 'no' 'no' 'no' 'no' 'no']
96, 310, 99
98, 320, 105
98, 330, 118
99, 340, 107
99, 350, 108
99, 360, 107
null
['no' 'no' 'no' 'yes' 'no' 'no' 'no' 'no' 'no' 'no']
100, 360, 107
100, 370, 110
101, 380, 107
101, 390, 108
101, 400, 108
101, 410, 108
null
['no' 'no' 'no' 'no' 'no' 'no' 'no' 'no' 'no' 'no']
102, 410, 108
102, 420, 109
103, 430, 108
104, 440, 110
104, 450, 113
104, 460, 111
null
['yes' 'yes' 'no' 'no' 'yes' 'no' 'no' 'no' 'no' 'no']
105, 460, 111
105, 470, 113
105, 480, 111
105, 490, 112
105, 500, 112
105, 510, 111
null
['no' 'no' 'no' 'no' 'no' 'no' 'no' 'no' 'no' 'no']
105, 510, 111
105, 520, 111
null
['no' 'no' 'no' 'no' 'no' 'no' 'no' 'no' 'no' 'no']
{'count': 774, 'truepos': 96, 'falseneg': 6, 'unknownyes': 4, 'falsepos': 9, 'unique': 520}
24: Wahono.csv: none: 0, 0
5, 10
6, 20, 102
8, 30, 99
11, 40, 91
15, 50, 94
17, 60, 87
19, 70, 81
22, 80, 74
25, 90, 72
27, 100, 69
28, 110, 68
29, 120, 60
30, 130, 54
31, 140, 56
32, 150, 58
35, 160, 56
38, 170, 70
39, 180, 75
41, 190, 75
41, 200, 73
44, 210, 71
45, 220, 91
47, 230, 87
49, 240, 80
51, 250, 90
53, 260, 89
54, 270, 100
55, 280, 87
57, 290, 104
59, 300, 98
59, 310, 103
61, 320, 91
61, 330, 99
64, 340, 90
65, 350, 99
66, 360, 109
67, 370, 97
67, 380, 114
69, 390, 119
71, 400, 115
72, 410, 114
74, 420, 118
75, 430, 112
77, 440, 111
77, 450, 115
77, 460, 121
79, 470, 113
80, 480, 109
82, 490, 110
82, 500, 115
83, 510, 118
85, 520, 104
88, 530, 110
89, 540, 118
91, 550, 115
94, 560, 117
94, 570, 127
95, 580, 123
96, 590, 121
96, 600, 117
96, 610, 117
98, 620, 118
98, 630, 117
101, 640, 114
102, 650, 118
104, 660, 116
104, 670, 117
106, 680, 123
107, 690, 129
109, 700, 126
111, 710, 134
111, 720, 133
111, 730, 130
114, 740, 131
115, 750, 136
115, 760, 138
116, 770, 133
117, 780, 143
118, 790, 133
119, 800, 142
120, 810, 147
121, 820, 145
123, 830, 142
123, 840, 151
124, 850, 144
124, 860, 149
124, 870, 149
126, 880, 149
130, 890, 148
131, 900, 152
131, 910, 153
134, 920, 151
136, 930, 155
139, 940, 165
141, 950, 167
142, 960, 162
142, 970, 167
143, 980, 170
143, 990, 167
144, 1000, 165
146, 1010, 170
147, 1020, 177
148, 1030, 176
149, 1040, 175
151, 1050, 177
151, 1060, 189
152, 1070, 180
152, 1080, 181
152, 1090, 182
153, 1100, 177
154, 1110, 180
156, 1120, 183
157, 1130, 188
158, 1140, 191
158, 1150, 198
159, 1160, 197
160, 1170, 199
161, 1180, 201
162, 1190, 192
164, 1200, 199
164, 1210, 199
164, 1220, 196
165, 1230, 200
165, 1240, 201
167, 1250, 202
168, 1260, 208
169, 1270, 207
170, 1280, 206
172, 1290, 206
173, 1300, 210
174, 1310, 207
174, 1320, 206
176, 1330, 211
177, 1340, 212
177, 1350, 217
178, 1360, 214
180, 1370, 219
180, 1380, 219
181, 1390, 218
181, 1400, 220
182, 1410, 211
183, 1420, 214
183, 1430, 216
183, 1440, 220
183, 1450, 216
183, 1460, 223
185, 1470, 220
186, 1480, 216
187, 1490, 225
187, 1500, 226
187, 1510, 217
189, 1520, 217
193, 1530, 220
194, 1540, 229
195, 1550, 226
196, 1560, 226
196, 1570, 233
196, 1580, 231
198, 1590, 233
201, 1600, 233
202, 1610, 233
202, 1620, 235
204, 1630, 234
207, 1640, 236
209, 1650, 241
210, 1660, 236
213, 1670, 240
214, 1680, 243
215, 1690, 244
216, 1700, 244
216, 1710, 246
216, 1720, 248
216, 1730, 249
216, 1740, 248
216, 1750, 247
218, 1760, 239
219, 1770, 247
220, 1780, 247
221, 1790, 245
223, 1800, 250
225, 1810, 248
227, 1820, 255
228, 1830, 259
228, 1840, 256
230, 1850, 255
231, 1860, 258
231, 1870, 260
233, 1880, 256
234, 1890, 261
234, 1900, 266
235, 1910, 260
238, 1920, 266
238, 1930, 271
240, 1940, 269
240, 1950, 270
240, 1960, 269
242, 1970, 273
244, 1980, 269
246, 1990, 273
246, 2000, 282
246, 2010, 276
246, 2020, 277
247, 2030, 276
248, 2040, 278
250, 2050, 274
250, 2060, 278
251, 2070, 280
252, 2080, 278
253, 2090, 282
253, 2100, 282
254, 2110, 281
254, 2120, 282
257, 2130, 282
259, 2140, 286
259, 2150, 285
259, 2160, 287
261, 2170, 286
262, 2180, 289
263, 2190, 293
264, 2200, 295
265, 2210, 295
265, 2220, 299
265, 2230, 294
268, 2240, 294
268, 2250, 294
268, 2260, 296
269, 2270, 296
271, 2280, 297
271, 2290, 299
272, 2300, 297
272, 2310, 299
273, 2320, 297
274, 2330, 298
274, 2340, 301
274, 2350, 305
274, 2360, 302
274, 2370, 302
274, 2380, 300
276, 2390, 300
277, 2400, 301
277, 2410, 299
279, 2420, 301
279, 2430, 304
279, 2440, 304
280, 2450, 303
282, 2460, 304
282, 2470, 306
283, 2480, 306
285, 2490, 306
287, 2500, 307
288, 2510, 311
289, 2520, 311
290, 2530, 311
291, 2540, 312
291, 2550, 313
291, 2560, 311
292, 2570, 313
294, 2580, 312
294, 2590, 316
294, 2600, 317
294, 2610, 314
296, 2620, 313
296, 2630, 317
296, 2640, 319
296, 2650, 319
297, 2660, 319
297, 2670, 322
297, 2680, 318
298, 2690, 318
301, 2700, 316
303, 2710, 325
303, 2720, 327
304, 2730, 325
304, 2740, 328
305, 2750, 328
305, 2760, 329
305, 2770, 326
306, 2780, 327
307, 2790, 328
308, 2800, 330
311, 2810, 329
313, 2820, 333
314, 2830, 337
315, 2840, 339
315, 2850, 339
318, 2860, 339
318, 2870, 344
319, 2880, 345
320, 2890, 347
322, 2900, 347
323, 2910, 347
326, 2920, 347
327, 2930, 352
327, 2940, 351
328, 2950, 351
328, 2960, 352
329, 2970, 353
329, 2980, 353
329, 2990, 355
329, 3000, 354
329, 3010, 351
329, 3020, 354
330, 3030, 351
331, 3040, 352
333, 3050, 353
334, 3060, 353
335, 3070, 357
335, 3080, 356
336, 3090, 358
336, 3100, 359
338, 3110, 356
339, 3120, 358
339, 3130, 359
340, 3140, 358
340, 3150, 359
341, 3160, 359
341, 3170, 360
341, 3180, 359
341, 3190, 359
341, 3200, 359
341, 3210, 359
341, 3220, 360
344, 3230, 359
345, 3240, 363
{'count': 3240, 'truepos': 50, 'falseneg': 10, 'unknownyes': 2, 'falsepos': 295, 'unique': 3240}
24: Wahono.csv: three: 0, 0
6, 10
7, 20, 117
8, 30, 108
11, 40, 101
16, 50, 108
17, 60, 98
20, 70, 89
21, 80, 88
24, 90, 81
28, 100, 69
29, 110, 70
31, 120, 69
33, 130, 65
33, 140, 69
35, 150, 56
35, 160, 69
36, 170, 63
38, 180, 66
40, 190, 71
41, 200, 70
43, 210, 79
44, 220, 76
45, 230, 73
46, 240, 68
46, 250, 74
48, 260, 69
48, 270, 82
48, 280, 76
48, 290, 79
48, 300, 68
48, 310, 71
48, 320, 74
48, 330, 71
48, 340, 68
50, 350, 64
50, 360, 70
51, 370, 74
51, 380, 72
52, 390, 68
53, 400, 70
54, 410, 73
54, 420, 71
54, 430, 70
54, 440, 72
56, 450, 70
56, 460, 73
56, 470, 76
56, 480, 76
57, 490, 72
57, 500, 75
59, 510, 72
60, 520, 74
61, 530, 73
63, 540, 81
63, 550, 81
63, 560, 83
64, 570, 82
64, 580, 85
64, 590, 81
64, 600, 83
64, 610, 84
64, 620, 82
64, 630, 82
65, 640, 81
65, 650, 82
65, 660, 86
65, 670, 84
65, 680, 80
65, 690, 83
65, 700, 83
66, 710, 79
66, 720, 81
66, 730, 81
67, 740, 84
68, 750, 84
70, 760, 84
70, 770, 83
70, 780, 86
70, 790, 83
70, 800, 84
70, 810, 82
70, 820, 84
70, 830, 82
70, 840, 89
70, 850, 84
70, 860, 82
70, 870, 87
72, 880, 81
72, 890, 84
73, 900, 85
73, 910, 83
73, 920, 84
73, 930, 83
73, 940, 85
74, 950, 83
74, 960, 86
74, 970, 84
74, 980, 85
74, 990, 85
74, 1000, 83
74, 1010, 88
76, 1020, 84
76, 1030, 84
76, 1040, 83
77, 1050, 87
77, 1060, 87
77, 1070, 84
77, 1080, 84
78, 1090, 84
79, 1100, 90
79, 1110, 86
79, 1120, 90
81, 1130, 88
82, 1140, 89
82, 1150, 91
82, 1160, 91
82, 1170, 90
82, 1180, 90
82, 1190, 90
82, 1200, 88
82, 1210, 88
82, 1220, 89
82, 1230, 90
82, 1240, 89
82, 1250, 89
82, 1260, 87
83, 1270, 89
84, 1280, 90
85, 1290, 93
85, 1300, 93
85, 1310, 93
86, 1320, 93
86, 1330, 95
86, 1340, 94
87, 1350, 94
87, 1360, 95
87, 1370, 95
88, 1380, 93
89, 1390, 94
89, 1400, 97
89, 1410, 96
89, 1420, 96
89, 1430, 97
90, 1440, 98
90, 1450, 97
90, 1460, 99
90, 1470, 98
91, 1480, 97
91, 1490, 98
91, 1500, 98
92, 1510, 99
92, 1520, 102
92, 1530, 99
92, 1540, 98
92, 1550, 98
92, 1560, 99
94, 1570, 98
94, 1580, 99
94, 1590, 99
94, 1600, 100
94, 1610, 99
94, 1620, 99
{'count': 3544, 'truepos': 52, 'falseneg': 5, 'unknownyes': 5, 'falsepos': 42, 'unique': 1620}
24: Wahono.csv: machine: 0, 0
5, 10
9, 20, 99
10, 30, 110
13, 40, 101
15, 50, 91
17, 60, 85
['no' 'yes' 'yes' 'no' 'yes' 'no' 'yes' 'no' 'yes' 'yes']
[]
11, 60, 85
12, 70, 102
13, 80, 88
15, 90, 76
16, 100, 67
19, 110, 61
['yes' 'yes' 'yes' 'yes' 'yes' 'yes' 'yes' 'yes' 'yes' 'yes']
[]
18, 110, 61
20, 120, 61
22, 130, 63
25, 140, 64
29, 150, 68
31, 160, 73
['no' 'yes' 'yes' 'no' 'yes' 'yes' 'no' 'no' 'yes' 'yes']
['no' 'no' 'no' 'no' 'no' 'yes' 'no' 'yes' 'no' 'no']
31, 160, 73
34, 170, 62
36, 180, 69
37, 190, 68
37, 200, 71
38, 210, 66
['no' 'no' 'yes' 'yes' 'yes' 'no' 'yes' 'yes' 'yes' 'yes']
['no' 'no' 'yes' 'no' 'no' 'no' 'yes' 'no' 'no' 'yes']
37, 210, 66
38, 220, 59
40, 230, 58
41, 240, 67
44, 250, 61
46, 260, 71
['no' 'yes' 'no' 'no' 'yes' 'no' 'yes' 'no' 'no' 'yes']
['no' 'no' 'no' 'no' 'no' 'no' 'no' 'no' 'no' 'yes']
46, 260, 71
47, 270, 70
49, 280, 66
49, 290, 68
50, 300, 69
52, 310, 75
['no' 'yes' 'no' 'yes' 'yes' 'no' 'yes' 'yes' 'yes' 'yes']
['no' 'no' 'no' 'no' 'no' 'no' 'no' 'no' 'no' 'no']
50, 310, 75
51, 320, 75
53, 330, 76
53, 340, 76
53, 350, 76
54, 360, 73
['yes' 'no' 'no' 'no' 'no' 'yes' 'yes' 'no' 'yes' 'no']
['no' 'no' 'no' 'no' 'no' 'yes' 'no' 'no' 'no' 'no']
50, 360, 73
52, 370, 74
56, 380, 74
57, 390, 76
60, 400, 77
61, 410, 83
['no' 'no' 'no' 'no' 'no' 'no' 'no' 'no' 'no' 'yes']
['no' 'no' 'no' 'no' 'no' 'no' 'no' 'no' 'no' 'no']
55, 410, 83
55, 420, 71
56, 430, 74
57, 440, 77
58, 450, 71
58, 460, 74
['yes' 'yes' 'no' 'no' 'no' 'no' 'no']
['no' 'no' 'no' 'no' 'no' 'no' 'no' 'no' 'no' 'no']
53, 460, 74
55, 470, 70
58, 480, 67
60, 490, 72
61, 500, 76
62, 510, 76
['no' 'yes' 'no' 'yes' 'no' 'yes' 'no' 'no' 'no']
['no' 'yes' 'no' 'no' 'no' 'no' 'no' 'no' 'no' 'no']
61, 510, 76
61, 520, 73
62, 530, 75
64, 540, 77
64, 550, 85
65, 560, 77
['no' 'no' 'no' 'no' 'no' 'no' 'yes']
['no' 'no' 'no' 'no' 'no' 'no' 'no' 'no' 'no' 'no']
61, 560, 77
63, 570, 75
63, 580, 79
64, 590, 81
66, 600, 77
66, 610, 79
['no' 'no' 'no' 'no' 'no']
['no' 'no' 'no' 'no' 'no' 'no' 'no' 'no' 'no' 'no']
64, 610, 79
66, 620, 78
67, 630, 83
71, 640, 80
73, 650, 90
75, 660, 93
['no' 'no' 'no' 'no' 'no' 'no' 'no' 'no' 'no' 'no']
['no' 'no' 'no' 'no' 'no' 'no' 'no' 'no' 'no' 'no']
68, 660, 93
68, 670, 81
71, 680, 79
73, 690, 84
74, 700, 87
76, 710, 87
['no' 'yes' 'no' 'no' 'no' 'no' 'no' 'no' 'no' 'no']
['no' 'no' 'no' 'no' 'no' 'no' 'no' 'no' 'no' 'no']
67, 710, 87
69, 720, 78
71, 730, 79
74, 740, 85
76, 750, 88
76, 760, 93
['no' 'no' 'no' 'no' 'no' 'no' 'no' 'no' 'no' 'no']
['no' 'no' 'no' 'no' 'no' 'no' 'no' 'no' 'no' 'no']
67, 760, 93
67, 770, 78
69, 780, 79
69, 790, 80
71, 800, 82
71, 810, 88
['no' 'no' 'no' 'no' 'yes' 'no' 'no']
['no' 'no' 'no' 'no' 'no' 'no' 'no' 'no' 'no' 'no']
67, 810, 88
68, 820, 77
69, 830, 80
71, 840, 79
73, 850, 88
74, 860, 93
['no' 'no' 'no' 'no' 'no' 'no' 'no' 'no']
['no' 'no' 'no' 'no' 'no' 'no' 'no' 'no' 'no' 'no']
68, 860, 93
69, 870, 76
69, 880, 78
69, 890, 77
70, 900, 76
72, 910, 77
['no' 'no' 'no' 'no' 'no']
['no' 'no' 'no' 'no' 'no' 'no' 'no' 'no' 'no' 'no']
68, 910, 77
68, 920, 76
71, 930, 76
72, 940, 80
73, 950, 81
75, 960, 82
['no' 'no' 'no' 'no' 'no' 'no' 'no']
['no' 'no' 'no' 'no' 'no' 'no' 'no' 'no' 'yes' 'no']
70, 960, 82
71, 970, 76
72, 980, 77
73, 990, 80
73, 1000, 82
74, 1010, 81
['no' 'no' 'yes' 'no' 'no']
['no' 'no' 'no' 'no' 'no' 'no' 'no' 'no' 'no' 'no']
71, 1010, 81
73, 1020, 78
75, 1030, 81
78, 1040, 86
78, 1050, 88
79, 1060, 89
['no' 'no' 'no' 'no' 'no' 'no' 'no' 'no' 'no']
['no' 'no' 'no' 'no' 'no' 'no' 'no' 'no' 'no' 'no']
70, 1060, 89
71, 1070, 75
71, 1080, 75
73, 1090, 76
74, 1100, 79
75, 1110, 81
['yes' 'no' 'no' 'no' 'no']
['no' 'no' 'no' 'no' 'no' 'no' 'no' 'no' 'no' 'no']
73, 1110, 81
74, 1120, 80
74, 1130, 79
76, 1140, 81
79, 1150, 83
81, 1160, 87
['no' 'no' 'no' 'no' 'yes' 'no' 'no' 'no' 'no' 'no']
['no' 'no' 'no' 'no' 'no' 'no' 'no' 'no' 'no' 'no']
74, 1160, 87
75, 1170, 80
75, 1180, 81
75, 1190, 80
76, 1200, 80
76, 1210, 81
['no' 'no' 'no' 'no']
['no' 'no' 'no' 'no' 'no' 'no' 'no' 'no' 'no' 'no']
73, 1210, 81
73, 1220, 78
74, 1230, 79
74, 1240, 79
75, 1250, 79
76, 1260, 80
['no' 'no' 'no' 'no']
['yes' 'no' 'no' 'no' 'no' 'no' 'no' 'no' 'no' 'no']
['no' 'no' 'no' 'no']
['yes' 'no' 'no' 'no' 'no' 'no' 'no' 'no' 'no' 'no']
{'count': 1692, 'truepos': 53, 'falseneg': 5, 'unknownyes': 4, 'falsepos': 21, 'unique': 1260}
24: Wahono.csv: machine2: 0, 0
6, 10
8, 20, 100
10, 30, 95
15, 40, 110
18, 50, 98
24, 60, 87
['no' 'yes' 'no' 'yes' 'yes' 'yes' 'yes' 'yes' 'yes' 'yes']
[]
22, 60, 87
22, 70, 87
24, 80, 68
26, 90, 65
30, 100, 61
31, 110, 55
['no' 'yes' 'yes' 'no' 'no' 'yes' 'yes' 'no' 'no' 'yes']
['no' 'no' 'no' 'no' 'no' 'no' 'no' 'no' 'no' 'no']
28, 110, 55
31, 120, 55
35, 130, 55
37, 140, 63
37, 150, 73
38, 160, 70
['no' 'yes' 'no' 'yes' 'yes' 'yes' 'yes' 'yes' 'yes' 'yes']
['no' 'no' 'no' 'no' 'no' 'yes' 'no' 'no' 'no' 'no']
39, 160, 70
40, 170, 65
41, 180, 68
43, 190, 69
44, 200, 68
45, 210, 72
['yes' 'yes' 'yes' 'yes' 'yes' 'no' 'yes' 'yes' 'yes' 'yes']
['yes' 'no' 'no' 'no' 'no' 'no' 'no' 'no' 'no' 'no']
46, 210, 72
49, 220, 68
51, 230, 68
53, 240, 74
55, 250, 76
58, 260, 80
['no' 'no' 'yes' 'no' 'yes' 'no' 'yes' 'no' 'no' 'yes']
['no' 'no' 'no' 'no' 'no' 'no' 'no' 'no' 'no' 'no']
53, 260, 80
54, 270, 76
54, 280, 73
54, 290, 74
55, 300, 71
56, 310, 80
['yes' 'no' 'yes' 'no' 'no' 'yes' 'no' 'yes' 'yes' 'yes']
['no' 'no' 'no' 'no' 'no' 'no' 'no' 'no' 'no' 'no']
55, 310, 80
55, 320, 72
57, 330, 66
58, 340, 72
58, 350, 72
59, 360, 72
['yes' 'no' 'yes' 'yes' 'no' 'no' 'no' 'yes' 'yes' 'yes']
['no' 'no' 'no' 'no' 'no' 'no' 'no' 'no' 'no' 'no']
55, 360, 72
56, 370, 66
59, 380, 67
60, 390, 71
61, 400, 77
61, 410, 77
['no' 'no' 'no' 'no' 'no' 'no' 'yes' 'yes' 'no' 'no']
['no' 'no' 'no' 'no' 'no' 'no' 'no' 'no' 'no' 'no']
54, 410, 77
58, 420, 65
58, 430, 71
61, 440, 71
62, 450, 76
63, 460, 77
['no' 'no' 'yes' 'no' 'no' 'yes' 'no' 'no' 'no' 'no']
['no' 'no' 'no' 'no' 'no' 'no' 'no' 'no' 'no' 'no']
55, 460, 77
56, 470, 65
59, 480, 65
60, 490, 69
62, 500, 73
62, 510, 76
['no' 'no' 'no' 'no' 'no' 'no' 'no' 'no']
['no' 'no' 'no' 'no' 'no' 'no' 'no' 'no' 'no' 'no']
56, 510, 76
57, 520, 64
61, 530, 66
61, 540, 73
63, 550, 72
67, 560, 75
['no' 'yes' 'yes' 'yes' 'no' 'yes' 'no' 'no' 'no' 'yes']
['no' 'no' 'no' 'no' 'no' 'no' 'no' 'no' 'no' 'yes']
63, 560, 75
64, 570, 75
64, 580, 74
67, 590, 73
68, 600, 78
69, 610, 79
['no' 'yes' 'no' 'no' 'no' 'no' 'no']
['no' 'no' 'no' 'no' 'no' 'no' 'no' 'no' 'no' 'no']
64, 610, 79
65, 620, 76
66, 630, 76
66, 640, 78
68, 650, 77
68, 660, 80
['no' 'no' 'no' 'no' 'no']
['no' 'no' 'no' 'no' 'no' 'no' 'no' 'no' 'no' 'no']
64, 660, 80
65, 670, 75
67, 680, 74
67, 690, 78
68, 700, 77
70, 710, 78
['yes' 'no' 'no' 'yes' 'no' 'no']
['no' 'no' 'no' 'no' 'no' 'no' 'no' 'no' 'no' 'no']
69, 710, 78
69, 720, 80
70, 730, 79
71, 740, 81
72, 750, 82
72, 760, 84
['no' 'no' 'no']
['no' 'no' 'no' 'no' 'no' 'no' 'no' 'no' 'no' 'no']
69, 760, 84
71, 770, 78
71, 780, 81
71, 790, 80
72, 800, 80
75, 810, 82
['no' 'no' 'no' 'no' 'no' 'no']
['no' 'no' 'no' 'no' 'no' 'no' 'no' 'no' 'no' 'no']
74, 810, 82
75, 820, 84
75, 830, 85
76, 840, 84
77, 850, 85
78, 860, 86
['no' 'no' 'no' 'no' 'no' 'no' 'no']
['no' 'no' 'no' 'no' 'no' 'no' 'no' 'no' 'no' 'no']
74, 860, 86
74, 870, 81
76, 880, 83
79, 890, 85
83, 900, 89
84, 910, 95
['no' 'no' 'no' 'no' 'no' 'no' 'no' 'no' 'no' 'no']
['no' 'no' 'no' 'no' 'no' 'no' 'no' 'no' 'no' 'no']
74, 910, 95
75, 920, 84
76, 930, 84
76, 940, 87
79, 950, 85
80, 960, 89
['no' 'no' 'no' 'no' 'no' 'no' 'no']
['no' 'no' 'no' 'no' 'no' 'no' 'no' 'no' 'no' 'no']
76, 960, 89
77, 970, 86
77, 980, 89
77, 990, 85
77, 1000, 85
78, 1010, 87
['no' 'no' 'no']
['no' 'no' 'no' 'no' 'no' 'no' 'no' 'no' 'no' 'no']
76, 1010, 87
76, 1020, 85
77, 1030, 83
78, 1040, 86
81, 1050, 86
83, 1060, 92
['no' 'no' 'no' 'no' 'no' 'no' 'no']
['no' 'no' 'no' 'no' 'no' 'no' 'no' 'no' 'no' 'no']
78, 1060, 92
79, 1070, 85
79, 1080, 87
79, 1090, 86
81, 1100, 85
82, 1110, 89
['no' 'no' 'no' 'yes' 'no']
['no' 'no' 'no' 'no' 'no' 'no' 'no' 'no' 'no' 'no']
79, 1110, 89
80, 1120, 87
82, 1130, 91
83, 1140, 90
84, 1150, 91
86, 1160, 96
['no' 'no' 'no' 'no' 'no' 'no' 'no' 'no']
['no' 'no' 'no' 'no' 'no' 'no' 'no' 'no' 'no' 'no']
82, 1160, 96
83, 1170, 90
84, 1180, 91
86, 1190, 93
86, 1200, 96
87, 1210, 96
['no' 'no' 'no' 'no' 'no' 'no']
['no' 'no' 'no' 'no' 'no' 'no' 'no' 'no' 'no' 'no']
84, 1210, 96
84, 1220, 93
84, 1230, 92
86, 1240, 92
87, 1250, 93
91, 1260, 94
['no' 'no' 'no' 'no' 'no' 'no' 'no' 'no' 'no']
['no' 'no' 'no' 'no' 'no' 'no' 'no' 'no' 'no' 'no']
['no' 'no' 'no' 'no' 'no' 'no' 'no' 'no' 'no']
['no' 'no' 'no' 'no' 'no' 'no' 'no' 'no' 'no' 'no']
{'count': 1816, 'truepos': 59, 'falseneg': 1, 'unknownyes': 2, 'falsepos': 26, 'unique': 1260}
24: Wahono.csv: machine3: 0, 0
5, 10
5, 20, 102
8, 30, 91
11, 40, 93
12, 50, 90
12, 60, 76
null
[]
12, 70, 50
13, 80, 43
14, 90, 42
16, 100, 43
17, 110, 48
17, 120, 49
null
['no']
18, 120, 49
18, 130, 46
18, 140, 45
18, 150, 45
18, 160, 46
18, 170, 46
null
['yes' 'no' 'yes']
20, 170, 46
21, 180, 45
21, 190, 46
22, 200, 46
22, 210, 48
22, 220, 48
null
['no']
22, 220, 48
23, 230, 48
23, 240, 48
24, 250, 49
24, 260, 50
24, 270, 50
null
[]
24, 280, 50
25, 290, 50
26, 300, 51
26, 310, 51
26, 320, 51
27, 330, 51
null
[]
30, 340, 51
33, 350, 44
35, 360, 47
37, 370, 59
38, 380, 61
39, 390, 60
null
['no' 'no' 'no' 'no' 'no' 'no' 'no' 'no' 'no' 'yes']
41, 390, 60
43, 400, 61
43, 410, 64
44, 420, 62
47, 430, 62
48, 440, 67
null
['no' 'no' 'no' 'no' 'no' 'no' 'no' 'no' 'no' 'no']
48, 440, 67
48, 450, 68
48, 460, 67
48, 470, 64
50, 480, 64
50, 490, 66
null
['no' 'no' 'no' 'no' 'no' 'no' 'no' 'no' 'no' 'no']
50, 490, 66
50, 500, 67
51, 510, 64
52, 520, 64
53, 530, 65
53, 540, 65
null
['no' 'yes' 'no' 'yes' 'no' 'no' 'no' 'no' 'no' 'no']
55, 540, 65
56, 550, 65
56, 560, 67
56, 570, 65
56, 580, 66
56, 590, 66
null
['no' 'no' 'no' 'no' 'no' 'yes' 'no' 'no' 'no' 'no']
57, 590, 66
57, 600, 65
57, 610, 65
57, 620, 67
57, 630, 66
57, 640, 65
null
['no' 'no' 'no' 'no' 'no' 'no' 'no' 'no' 'no' 'no']
57, 640, 65
57, 650, 64
57, 660, 64
58, 670, 64
58, 680, 65
58, 690, 67
null
['no' 'no' 'no' 'no' 'no' 'no' 'no' 'no' 'no' 'no']
58, 690, 67
59, 700, 67
59, 710, 68
60, 720, 66
60, 730, 68
60, 740, 68
null
['no' 'no' 'no' 'no' 'no' 'no' 'no' 'no' 'no' 'no']
61, 740, 68
61, 750, 68
62, 760, 68
62, 770, 69
62, 780, 69
62, 790, 69
null
['no' 'no' 'no' 'no' 'no' 'no' 'no' 'no' 'no' 'no']
62, 790, 69
62, 800, 68
62, 810, 67
62, 820, 68
63, 830, 68
63, 840, 70
null
['no' 'no' 'no' 'no' 'no' 'no' 'no' 'no' 'no' 'no']
63, 840, 70
64, 850, 69
64, 860, 70
64, 870, 70
64, 880, 70
64, 890, 70
null
['no' 'no' 'no' 'no' 'no' 'no' 'no' 'no' 'no' 'no']
64, 890, 70
65, 900, 69
65, 910, 71
65, 920, 71
65, 930, 72
65, 940, 71
null
['no' 'no' 'no' 'no' 'no' 'no' 'no' 'no' 'no' 'no']
66, 940, 71
66, 950, 72
66, 960, 71
66, 970, 71
66, 980, 71
66, 990, 72
null
['no' 'no' 'no' 'no' 'no' 'no' 'no' 'no' 'no' 'no']
66, 990, 72
66, 1000, 71
66, 1010, 72
66, 1020, 71
66, 1030, 71
66, 1040, 71
null
['no' 'no' 'no' 'no' 'no' 'no' 'no' 'no' 'no' 'no']
66, 1040, 71
66, 1050, 70
66, 1060, 71
66, 1070, 71
67, 1080, 71
68, 1090, 71
null
['no' 'no' 'no' 'no' 'no' 'no' 'no' 'no' 'no' 'no']
null
['no' 'no' 'no' 'no' 'no' 'no' 'no' 'no' 'no' 'no']
{'count': 1422, 'truepos': 56, 'falseneg': 4, 'unknownyes': 2, 'falsepos': 12, 'unique': 1090}
24: Danijel.csv: none: 0, 0
5, 10
7, 20, 107
9, 30, 113
12, 40, 103
13, 50, 110
17, 60, 95
18, 70, 88
20, 80, 82
24, 90, 76
26, 100, 77
28, 110, 77
29, 120, 73
30, 130, 66
32, 140, 54
34, 150, 56
36, 160, 59
36, 170, 58
38, 180, 57
42, 190, 62
42, 200, 64
46, 210, 65
48, 220, 70
50, 230, 69
52, 240, 79
54, 250, 78
56, 260, 77
59, 270, 77
64, 280, 84
64, 290, 102
64, 300, 89
66, 310, 93
66, 320, 93
68, 330, 94
69, 340, 98
71, 350, 90
72, 360, 96
72, 370, 96
73, 380, 95
74, 390, 99
74, 400, 101
74, 410, 107
74, 420, 101
75, 430, 100
76, 440, 97
77, 450, 99
78, 460, 99
79, 470, 98
80, 480, 101
81, 490, 101
81, 500, 103
83, 510, 99
83, 520, 99
83, 530, 100
83, 540, 99
83, 550, 101
85, 560, 105
85, 570, 104
86, 580, 103
87, 590, 101
88, 600, 103
88, 610, 102
89, 620, 102
89, 630, 107
90, 640, 103
92, 650, 104
92, 660, 106
93, 670, 106
94, 680, 108
95, 690, 107
96, 700, 106
96, 710, 112
97, 720, 108
97, 730, 112
97, 740, 108
98, 750, 112
100, 760, 113
100, 770, 117
100, 780, 114
101, 790, 113
101, 800, 119
104, 810, 111
106, 820, 120
107, 830, 119
108, 840, 118
108, 850, 119
109, 860, 119
109, 870, 120
110, 880, 120
111, 890, 126
113, 900, 127
114, 910, 126
116, 920, 132
118, 930, 137
121, 940, 139
122, 950, 143
123, 960, 140
125, 970, 140
128, 980, 143
129, 990, 144
130, 1000, 148
132, 1010, 149
132, 1020, 155
132, 1030, 151
133, 1040, 154
134, 1050, 157
134, 1060, 154
134, 1070, 158
135, 1080, 155
137, 1090, 154
137, 1100, 160
137, 1110, 156
139, 1120, 158
139, 1130, 166
139, 1140, 163
141, 1150, 161
141, 1160, 163
143, 1170, 163
143, 1180, 169
144, 1190, 170
144, 1200, 169
145, 1210, 169
147, 1220, 172
148, 1230, 174
148, 1240, 177
150, 1250, 176
152, 1260, 171
154, 1270, 180
155, 1280, 178
156, 1290, 180
159, 1300, 182
160, 1310, 187
162, 1320, 185
164, 1330, 186
164, 1340, 192
164, 1350, 191
165, 1360, 190
166, 1370, 190
166, 1380, 199
168, 1390, 192
168, 1400, 192
169, 1410, 194
170, 1420, 194
173, 1430, 193
174, 1440, 201
175, 1450, 198
176, 1460, 205
177, 1470, 205
177, 1480, 206
178, 1490, 201
178, 1500, 200
179, 1510, 208
180, 1520, 204
181, 1530, 205
182, 1540, 208
184, 1550, 208
186, 1560, 209
186, 1570, 215
186, 1580, 210
187, 1590, 209
187, 1600, 209
188, 1610, 210
188, 1620, 213
188, 1630, 212
189, 1640, 208
190, 1650, 210
193, 1660, 210
193, 1670, 216
193, 1680, 215
196, 1690, 210
196, 1700, 215
197, 1710, 217
197, 1720, 221
198, 1730, 217
198, 1740, 216
199, 1750, 218
200, 1760, 217
201, 1770, 220
203, 1780, 218
203, 1790, 221
205, 1800, 225
206, 1810, 227
208, 1820, 226
208, 1830, 232
209, 1840, 233
210, 1850, 231
210, 1860, 235
212, 1870, 234
213, 1880, 241
214, 1890, 239
215, 1900, 237
216, 1910, 243
216, 1920, 245
217, 1930, 246
221, 1940, 248
223, 1950, 253
224, 1960, 256
225, 1970, 259
225, 1980, 259
226, 1990, 259
227, 2000, 258
230, 2010, 259
231, 2020, 265
233, 2030, 265
233, 2040, 262
234, 2050, 264
235, 2060, 267
235, 2070, 265
236, 2080, 265
239, 2090, 266
239, 2100, 271
241, 2110, 269
244, 2120, 272
246, 2130, 281
247, 2140, 283
248, 2150, 283
250, 2160, 284
252, 2170, 290
255, 2180, 289
256, 2190, 291
257, 2200, 291
259, 2210, 297
259, 2220, 292
260, 2230, 294
260, 2240, 292
263, 2250, 290
263, 2260, 298
263, 2270, 296
264, 2280, 302
266, 2290, 302
268, 2300, 306
270, 2310, 310
271, 2320, 316
271, 2330, 318
273, 2340, 318
275, 2350, 323
276, 2360, 320
278, 2370, 326
278, 2380, 328
280, 2390, 325
281, 2400, 334
281, 2410, 324
282, 2420, 325
282, 2430, 329
283, 2440, 332
285, 2450, 330
287, 2460, 332
289, 2470, 330
290, 2480, 329
291, 2490, 330
292, 2500, 337
293, 2510, 337
294, 2520, 339
294, 2530, 338
295, 2540, 337
296, 2550, 339
299, 2560, 335
300, 2570, 337
302, 2580, 343
302, 2590, 349
302, 2600, 344
302, 2610, 340
305, 2620, 346
308, 2630, 343
309, 2640, 351
311, 2650, 352
311, 2660, 355
312, 2670, 354
313, 2680, 353
313, 2690, 357
313, 2700, 352
315, 2710, 356
315, 2720, 356
316, 2730, 353
318, 2740, 354
318, 2750, 354
319, 2760, 358
320, 2770, 354
322, 2780, 357
324, 2790, 362
327, 2800, 362
327, 2810, 366
328, 2820, 366
330, 2830, 369
331, 2840, 371
331, 2850, 378
332, 2860, 375
334, 2870, 369
337, 2880, 375
339, 2890, 376
340, 2900, 380
340, 2910, 380
341, 2920, 375
341, 2930, 377
341, 2940, 380
343, 2950, 378
343, 2960, 376
343, 2970, 380
345, 2980, 376
346, 2990, 381
347, 3000, 382
349, 3010, 380
350, 3020, 385
350, 3030, 386
351, 3040, 383
353, 3050, 388
353, 3060, 384
353, 3070, 384
354, 3080, 388
355, 3090, 385
357, 3100, 386
360, 3110, 390
362, 3120, 398
362, 3130, 400
363, 3140, 396
363, 3150, 401
364, 3160, 398
364, 3170, 398
368, 3180, 400
368, 3190, 404
369, 3200, 404
369, 3210, 401
369, 3220, 399
372, 3230, 396
372, 3240, 405
372, 3250, 403
373, 3260, 403
374, 3270, 401
375, 3280, 403
376, 3290, 406
377, 3300, 409
380, 3310, 405
380, 3320, 407
380, 3330, 408
381, 3340, 404
382, 3350, 406
383, 3360, 409
384, 3370, 409
384, 3380, 411
384, 3390, 410
385, 3400, 409
385, 3410, 412
386, 3420, 411
388, 3430, 410
388, 3440, 417
388, 3450, 411
388, 3460, 413
389, 3470, 411
389, 3480, 413
389, 3490, 412
389, 3500, 414
390, 3510, 410
392, 3520, 412
392, 3530, 414
394, 3540, 413
395, 3550, 417
{'count': 3550, 'truepos': 41, 'falseneg': 5, 'unknownyes': 2, 'falsepos': 354, 'unique': 3550}
24: Danijel.csv: three: 0, 0
4, 10
4, 20, 131
8, 30, 97
8, 40, 98
12, 50, 84
14, 60, 88
19, 70, 75
22, 80, 84
24, 90, 78
25, 100, 78
25, 110, 67
28, 120, 61
30, 130, 65
30, 140, 55
32, 150, 50
32, 160, 51
33, 170, 48
33, 180, 51
33, 190, 49
33, 200, 47
33, 210, 46
36, 220, 44
39, 230, 46
40, 240, 50
40, 250, 52
40, 260, 50
41, 270, 49
42, 280, 52
42, 290, 52
42, 300, 51
42, 310, 51
44, 320, 51
44, 330, 54
44, 340, 53
44, 350, 53
45, 360, 53
45, 370, 54
47, 380, 56
47, 390, 57
48, 400, 58
48, 410, 62
48, 420, 57
48, 430, 61
48, 440, 59
49, 450, 57
51, 460, 58
52, 470, 58
52, 480, 60
53, 490, 60
54, 500, 60
54, 510, 62
54, 520, 62
54, 530, 62
54, 540, 61
54, 550, 61
54, 560, 61
54, 570, 62
55, 580, 62
55, 590, 62
55, 600, 63
55, 610, 63
55, 620, 63
55, 630, 63
55, 640, 61
55, 650, 61
56, 660, 61
56, 670, 62
56, 680, 62
56, 690, 63
56, 700, 63
56, 710, 62
57, 720, 61
57, 730, 62
57, 740, 62
58, 750, 62
59, 760, 64
59, 770, 64
61, 780, 64
61, 790, 66
61, 800, 67
61, 810, 66
61, 820, 67
61, 830, 68
62, 840, 66
62, 850, 68
62, 860, 68
62, 870, 68
62, 880, 67
63, 890, 69
63, 900, 69
64, 910, 69
64, 920, 71
64, 930, 71
64, 940, 69
65, 950, 71
65, 960, 71
65, 970, 72
65, 980, 71
65, 990, 69
65, 1000, 70
66, 1010, 71
67, 1020, 71
67, 1030, 73
67, 1040, 73
68, 1050, 72
68, 1060, 72
68, 1070, 72
68, 1080, 73
68, 1090, 73
68, 1100, 72
69, 1110, 73
69, 1120, 74
69, 1130, 74
70, 1140, 74
70, 1150, 76
71, 1160, 75
71, 1170, 77
71, 1180, 78
71, 1190, 77
71, 1200, 76
72, 1210, 75
{'count': 2607, 'truepos': 44, 'falseneg': 0, 'unknownyes': 4, 'falsepos': 28, 'unique': 1210}
24: Danijel.csv: machine: 0, 0
3, 10
4, 20, 108
6, 30, 95
8, 40, 82
11, 50, 68
14, 60, 70
['yes' 'yes' 'yes' 'yes' 'no' 'no' 'no' 'no' 'yes' 'yes']
[]
10, 60, 70
14, 70, 60
18, 80, 73
21, 90, 79
24, 100, 68
26, 110, 70
['yes' 'no' 'yes' 'no' 'yes' 'no' 'yes' 'yes' 'yes' 'yes']
[]
23, 110, 70
28, 120, 65
28, 130, 89
30, 140, 62
32, 150, 51
35, 160, 51
['yes' 'no' 'yes' 'yes' 'yes' 'no' 'yes' 'yes' 'no' 'no']
['no' 'no' 'no' 'no' 'no' 'no' 'yes' 'no' 'no' 'no']
31, 160, 51
32, 170, 47
34, 180, 48
34, 190, 53
34, 200, 51
35, 210, 48
['yes' 'yes' 'no' 'yes' 'no' 'yes' 'no' 'yes' 'yes' 'no']
['no' 'no' 'no' 'no' 'no' 'no' 'no' 'no' 'no' 'no']
32, 210, 48
33, 220, 43
36, 230, 46
36, 240, 54
38, 250, 49
39, 260, 51
['yes' 'no' 'yes' 'no' 'no' 'yes' 'yes' 'no' 'no' 'yes']
['no' 'no' 'no' 'no' 'no' 'no' 'no' 'yes' 'no' 'no']
34, 260, 51
35, 270, 45
38, 280, 45
40, 290, 50
41, 300, 53
42, 310, 53
['no' 'yes' 'no' 'yes' 'no' 'no' 'yes' 'no' 'no' 'no']
['no' 'no' 'no' 'no' 'no' 'no' 'no' 'no' 'no' 'no']
37, 310, 53
37, 320, 48
39, 330, 47
40, 340, 48
41, 350, 49
42, 360, 50
['no' 'no' 'no' 'no' 'no' 'yes' 'yes' 'yes' 'no' 'yes']
['no' 'no' 'yes' 'no' 'no' 'no' 'no' 'no' 'no' 'no']
35, 360, 50
38, 370, 45
39, 380, 47
41, 390, 47
42, 400, 50
43, 410, 50
['no' 'no' 'no' 'no' 'yes' 'no' 'no' 'yes']
['yes' 'no' 'yes' 'no' 'no' 'no' 'no' 'no' 'no' 'no']
38, 410, 50
39, 420, 45
39, 430, 46
40, 440, 45
41, 450, 46
41, 460, 48
['no' 'no' 'no']
['no' 'no' 'no' 'no' 'no' 'no' 'no' 'no' 'no' 'no']
42, 460, 48
44, 470, 49
47, 480, 51
47, 490, 55
49, 500, 54
50, 510, 59
['no' 'no' 'no' 'no' 'no' 'no' 'no' 'no' 'no' 'no']
['no' 'no' 'no' 'no' 'no' 'no' 'no' 'no' 'no' 'no']
42, 510, 59
43, 520, 48
43, 530, 50
43, 540, 50
43, 550, 49
43, 560, 49
['no' 'no']
['no' 'no' 'yes' 'no' 'no' 'no' 'no' 'no' 'no' 'no']
43, 560, 49
46, 570, 49
46, 580, 54
47, 590, 58
47, 600, 58
48, 610, 57
['no' 'yes' 'no' 'no' 'no' 'no']
['no' 'no' 'no' 'no' 'no' 'no' 'no' 'no' 'no' 'no']
44, 610, 57
45, 620, 49
45, 630, 52
45, 640, 51
46, 650, 53
46, 660, 53
['no' 'no' 'no']
['no' 'no' 'no' 'no' 'no' 'no' 'no' 'no' 'no' 'no']
45, 660, 53
47, 670, 50
47, 680, 52
47, 690, 53
50, 700, 56
50, 710, 69
['no' 'no' 'no' 'no' 'no' 'no' 'no']
['yes' 'no' 'no' 'no' 'no' 'no' 'no' 'no' 'no' 'no']
48, 710, 69
49, 720, 53
51, 730, 54
51, 740, 57
52, 750, 57
52, 760, 58
['no' 'no' 'no' 'no' 'no']
['no' 'no' 'no' 'no' 'no' 'no' 'no' 'no' 'no' 'no']
52, 760, 58
53, 770, 57
54, 780, 59
55, 790, 61
59, 800, 63
59, 810, 76
['no' 'no' 'no' 'no' 'no' 'no' 'no' 'no' 'no' 'no']
['no' 'no' 'no' 'no' 'no' 'no' 'no' 'no' 'no' 'no']
49, 810, 76
50, 820, 53
51, 830, 54
54, 840, 55
55, 850, 61
57, 860, 62
['no' 'no' 'no' 'no' 'no' 'no' 'no' 'yes']
['no' 'no' 'no' 'no' 'no' 'no' 'no' 'no' 'no' 'no']
52, 860, 62
52, 870, 56
52, 880, 56
54, 890, 56
55, 900, 60
56, 910, 63
['no' 'no' 'no' 'no']
['no' 'no' 'no' 'no' 'no' 'no' 'no' 'no' 'no' 'no']
52, 910, 63
53, 920, 55
55, 930, 56
57, 940, 59
58, 950, 61
61, 960, 62
['no' 'no' 'no' 'no' 'no' 'no' 'no' 'no' 'no']
['no' 'no' 'no' 'no' 'no' 'no' 'no' 'no' 'no' 'no']
['no' 'no' 'no' 'no' 'no' 'no' 'no' 'no' 'no']
['no' 'no' 'no' 'no' 'no' 'no' 'yes' 'no' 'no' 'no']
{'count': 1275, 'truepos': 40, 'falseneg': 5, 'unknownyes': 3, 'falsepos': 14, 'unique': 960}
24: Danijel.csv: machine2: 0, 0
5, 10
7, 20, 115
10, 30, 100
12, 40, 114
14, 50, 90
16, 60, 100
['yes' 'no' 'yes' 'yes' 'yes' 'yes' 'yes' 'yes' 'no' 'no']
[]
14, 60, 100
17, 70, 87
20, 80, 92
24, 90, 78
26, 100, 76
27, 110, 77
['no' 'yes' 'yes' 'yes' 'yes' 'no' 'no' 'yes' 'yes' 'yes']
[]
24, 110, 77
25, 120, 57
26, 130, 54
29, 140, 52
30, 150, 56
35, 160, 46
['yes' 'yes' 'yes' 'yes' 'yes' 'no' 'no' 'yes' 'yes' 'yes']
['no' 'no' 'no' 'no' 'no' 'no' 'no' 'yes' 'no' 'no']
37, 160, 46
39, 170, 56
41, 180, 57
43, 190, 58
44, 200, 61
45, 210, 60
['yes' 'yes' 'no' 'no' 'no' 'yes' 'yes' 'yes' 'no' 'no']
['no' 'no' 'no' 'no' 'no' 'no' 'no' 'no' 'no' 'no']
43, 210, 60
44, 220, 55
46, 230, 57
47, 240, 61
49, 250, 62
50, 260, 64
['no' 'no' 'yes' 'no' 'yes' 'no' 'no' 'no' 'no' 'yes']
['no' 'no' 'no' 'no' 'no' 'no' 'no' 'no' 'no' 'no']
49, 260, 64
52, 270, 61
53, 280, 65
54, 290, 67
54, 300, 65
55, 310, 64
['no' 'no' 'no' 'no' 'no' 'no' 'no' 'no' 'yes' 'no']
['no' 'no' 'no' 'no' 'no' 'no' 'no' 'no' 'no' 'no']
49, 310, 64
49, 320, 61
53, 330, 56
54, 340, 63
54, 350, 65
55, 360, 62
['yes' 'no' 'no' 'yes' 'no' 'yes' 'no' 'no' 'no' 'no']
['no' 'no' 'no' 'no' 'no' 'no' 'no' 'no' 'no' 'no']
49, 360, 62
50, 370, 57
52, 380, 58
53, 390, 62
53, 400, 61
55, 410, 60
['no' 'no' 'yes' 'no' 'no' 'no' 'yes' 'yes' 'yes' 'no']
['no' 'no' 'no' 'no' 'no' 'no' 'no' 'no' 'no' 'no']
53, 410, 60
53, 420, 59
53, 430, 61
54, 440, 59
55, 450, 60
57, 460, 62
['no' 'no' 'no' 'no' 'no' 'no' 'no' 'yes' 'yes' 'no']
['no' 'no' 'no' 'no' 'no' 'no' 'no' 'no' 'no' 'no']
52, 460, 62
52, 470, 60
52, 480, 59
52, 490, 60
54, 500, 59
55, 510, 62
['no' 'no' 'no' 'no']
['no' 'no' 'no' 'no' 'no' 'no' 'no' 'no' 'no' 'no']
55, 510, 62
56, 520, 63
58, 530, 63
60, 540, 67
61, 550, 69
62, 560, 73
['no' 'no' 'no' 'no' 'no' 'no' 'no' 'no' 'no' 'no']
['no' 'no' 'no' 'no' 'no' 'no' 'no' 'no' 'no' 'no']
55, 560, 73
57, 570, 63
58, 580, 67
59, 590, 67
60, 600, 70
60, 610, 69
['no' 'no' 'no' 'no' 'no']
['no' 'no' 'no' 'no' 'no' 'no' 'no' 'no' 'no' 'no']
59, 610, 69
60, 620, 68
61, 630, 68
61, 640, 70
61, 650, 71
63, 660, 68
['no' 'no' 'no' 'no' 'no']
['no' 'no' 'no' 'no' 'no' 'no' 'no' 'no' 'yes' 'no']
59, 660, 68
60, 670, 68
60, 680, 67
61, 690, 66
63, 700, 67
64, 710, 71
['no' 'no' 'no' 'no' 'yes' 'yes']
['no' 'no' 'no' 'no' 'no' 'no' 'no' 'no' 'no' 'no']
61, 710, 71
63, 720, 68
64, 730, 69
66, 740, 72
67, 750, 73
68, 760, 74
['no' 'no' 'no' 'no' 'no' 'no' 'no' 'no']
['no' 'no' 'no' 'no' 'no' 'no' 'no' 'no' 'no' 'no']
62, 760, 74
63, 770, 69
63, 780, 70
63, 790, 70
63, 800, 70
63, 810, 70
['no' 'no']
['no' 'no' 'no' 'no' 'no' 'no' 'no' 'no' 'no' 'no']
63, 810, 70
63, 820, 67
65, 830, 67
67, 840, 70
69, 850, 72
70, 860, 76
['no' 'no' 'no' 'no' 'no' 'no' 'no' 'no' 'no']
['no' 'no' 'no' 'no' 'no' 'no' 'no' 'no' 'no' 'no']
63, 860, 76
63, 870, 68
65, 880, 67
66, 890, 70
69, 900, 72
69, 910, 76
['no' 'no' 'no' 'no' 'no' 'no']
['no' 'no' 'no' 'no' 'no' 'no' 'no' 'no' 'no' 'no']
67, 910, 76
67, 920, 73
69, 930, 72
70, 940, 75
71, 950, 78
71, 960, 79
['no' 'no' 'no' 'no' 'no' 'no']
['no' 'no' 'no' 'no' 'no' 'no' 'no' 'no' 'no' 'no']
66, 960, 79
66, 970, 71
69, 980, 71
71, 990, 76
71, 1000, 80
72, 1010, 78
['no' 'no' 'no' 'no' 'no' 'no']
['no' 'no' 'no' 'no' 'no' 'no' 'no' 'no' 'no' 'no']
68, 1010, 78
70, 1020, 74
71, 1030, 76
73, 1040, 76
74, 1050, 79
76, 1060, 82
['no' 'no' 'no' 'no' 'no' 'no' 'no' 'no']
['no' 'no' 'no' 'no' 'no' 'no' 'no' 'no' 'no' 'no']
69, 1060, 82
69, 1070, 74
70, 1080, 74
71, 1090, 74
73, 1100, 77
73, 1110, 78
['no' 'no' 'no' 'no']
['no' 'no' 'no' 'no' 'no' 'no' 'no' 'no' 'no' 'no']
72, 1110, 78
73, 1120, 77
74, 1130, 78
77, 1140, 79
78, 1150, 84
78, 1160, 83
['no' 'no' 'no' 'no' 'no' 'no' 'no']
['no' 'no' 'no' 'no' 'no' 'no' 'no' 'no' 'no' 'no']
75, 1160, 83
77, 1170, 80
77, 1180, 84
78, 1190, 82
81, 1200, 84
84, 1210, 89
['no' 'no' 'no' 'no' 'no' 'no' 'no' 'no' 'no' 'no']
['no' 'no' 'no' 'no' 'no' 'no' 'no' 'no' 'no' 'no']
75, 1210, 89
77, 1220, 79
79, 1230, 83
80, 1240, 86
81, 1250, 87
82, 1260, 88
['no' 'no' 'no' 'no' 'no' 'no' 'no' 'yes']
['no' 'no' 'no' 'no' 'no' 'no' 'no' 'no' 'no' 'no']
77, 1260, 88
null
['no' 'no' 'no' 'no' 'no' 'no' 'yes' 'no' 'no' 'no']
{'count': 1811, 'truepos': 44, 'falseneg': 1, 'unknownyes': 3, 'falsepos': 35, 'unique': 1260}
24: Danijel.csv: machine3: 0, 0
4, 10
7, 20, 125
7, 30, 109
7, 40, 102
7, 50, 86
8, 60, 62
null
[]
12, 70, 59
14, 80, 66
17, 90, 68
18, 100, 61
22, 110, 55
22, 120, 65
null
[]
24, 130, 54
24, 140, 55
27, 150, 49
27, 160, 50
27, 170, 49
29, 180, 47
null
[]
29, 190, 48
30, 200, 46
30, 210, 45
30, 220, 46
30, 230, 47
30, 240, 44
null
['no' 'no' 'no' 'no' 'no' 'no' 'no' 'no' 'no' 'no']
30, 240, 44
32, 250, 43
33, 260, 45
33, 270, 45
34, 280, 47
34, 290, 46
null
['no' 'no' 'no' 'no' 'no' 'no' 'no' 'no' 'no' 'no']
34, 290, 46
34, 300, 47
35, 310, 44
35, 320, 49
35, 330, 50
36, 340, 48
null
['yes' 'no' 'no' 'no' 'no' 'no' 'no' 'no' 'no' 'no']
36, 340, 48
36, 350, 46
37, 360, 45
38, 370, 52
38, 380, 52
38, 390, 47
null
['no' 'no' 'no' 'no' 'no' 'no' 'no' 'no' 'no' 'no']
38, 390, 47
38, 400, 46
38, 410, 49
38, 420, 46
38, 430, 46
39, 440, 49
null
['no' 'no' 'no' 'no' 'no' 'no' 'no' 'no' 'no' 'no']
39, 440, 49
39, 450, 52
40, 460, 52
40, 470, 52
40, 480, 56
40, 490, 51
null
['no' 'no' 'no' 'yes' 'no' 'no' 'no' 'no' 'no' 'no']
41, 490, 51
42, 500, 50
42, 510, 52
42, 520, 51
42, 530, 53
42, 540, 52
null
['no' 'no' 'no' 'no' 'no' 'no' 'no' 'no' 'no' 'no']
42, 540, 52
42, 550, 52
42, 560, 50
42, 570, 51
42, 580, 50
43, 590, 49
null
['no' 'no' 'no' 'no' 'no' 'no' 'no' 'no' 'no' 'no']
43, 590, 49
44, 600, 51
45, 610, 49
45, 620, 52
45, 630, 54
45, 640, 51
null
['no' 'no' 'no' 'no' 'no' 'no' 'no' 'no' 'no' 'no']
45, 640, 51
45, 650, 51
45, 660, 53
45, 670, 51
45, 680, 53
46, 690, 50
null
['no' 'no' 'no' 'no' 'no' 'no' 'no' 'no' 'no' 'no']
46, 690, 50
46, 700, 52
46, 710, 52
46, 720, 53
46, 730, 52
46, 740, 51
null
['no' 'no' 'no' 'no' 'no' 'no' 'no' 'no' 'no' 'no']
46, 740, 51
46, 750, 51
46, 760, 51
46, 770, 50
47, 780, 50
48, 790, 52
null
['no' 'no' 'no' 'no' 'no' 'no' 'no' 'no' 'no' 'no']
49, 790, 52
50, 800, 53
50, 810, 54
50, 820, 54
50, 830, 54
50, 840, 54
null
['no' 'no' 'no' 'no' 'no' 'no' 'yes' 'no' 'no' 'no']
52, 840, 54
52, 850, 55
52, 860, 55
52, 870, 56
null
['yes' 'no' 'no' 'no' 'no' 'no' 'no' 'no' 'no' 'no']
{'count': 1151, 'truepos': 37, 'falseneg': 8, 'unknownyes': 3, 'falsepos': 16, 'unique': 870}
24: K_all3.csv: none: 0, 0
2, 10
3, 20, 75
3, 30, 67
4, 40, 61
5, 50, 58
7, 60, 50
10, 70, 54
12, 80, 57
13, 90, 59
15, 100, 54
16, 110, 55
16, 120, 55
17, 130, 52
17, 140, 51
19, 150, 50
20, 160, 52
22, 170, 51
24, 180, 52
26, 190, 53
28, 200, 53
29, 210, 54
30, 220, 53
32, 230, 43
36, 240, 50
37, 250, 54
39, 260, 53
41, 270, 58
43, 280, 56
44, 290, 61
45, 300, 62
47, 310, 57
47, 320, 61
52, 330, 59
56, 340, 70
57, 350, 74
58, 360, 72
58, 370, 74
60, 380, 68
61, 390, 71
63, 400, 75
64, 410, 78
66, 420, 80
68, 430, 87
68, 440, 86
69, 450, 86
70, 460, 85
71, 470, 87
72, 480, 89
73, 490, 85
74, 500, 83
77, 510, 84
79, 520, 89
82, 530, 93
83, 540, 98
86, 550, 98
91, 560, 100
93, 570, 108
93, 580, 107
93, 590, 107
97, 600, 108
98, 610, 110
99, 620, 110
101, 630, 113
102, 640, 115
102, 650, 114
102, 660, 113
102, 670, 113
102, 680, 112
102, 690, 115
102, 700, 111
104, 710, 114
104, 720, 117
104, 730, 114
104, 740, 115
104, 750, 114
106, 760, 113
107, 770, 115
107, 780, 116
111, 790, 116
112, 800, 119
114, 810, 119
114, 820, 121
{'count': 820, 'truepos': 35, 'falseneg': 5, 'unknownyes': 5, 'falsepos': 79, 'unique': 820}
24: K_all3.csv: three: 0, 0
1, 10
2, 20, 91
5, 30, 62
7, 40, 66
10, 50, 61
12, 60, 62
12, 70, 57
13, 80, 47
15, 90, 45
18, 100, 49
20, 110, 50
24, 120, 49
24, 130, 56
24, 140, 50
26, 150, 46
27, 160, 46
27, 170, 46
29, 180, 45
29, 190, 47
30, 200, 45
32, 210, 46
32, 220, 44
32, 230, 40
33, 240, 41
33, 250, 41
33, 260, 40
33, 270, 40
35, 280, 39
35, 290, 43
35, 300, 43
36, 310, 40
36, 320, 42
38, 330, 41
38, 340, 42
39, 350, 42
39, 360, 42
39, 370, 43
40, 380, 42
40, 390, 43
41, 400, 43
42, 410, 44
42, 420, 45
{'count': 915, 'truepos': 32, 'falseneg': 1, 'unknownyes': 12, 'falsepos': 10, 'unique': 420}
24: K_all3.csv: machine: 0, 0
1, 10
2, 20, 92
5, 30, 64
9, 40, 62
10, 50, 60
13, 60, 61
['no' 'no' 'yes' 'yes' 'no' 'yes' 'yes' 'yes' 'yes' 'yes']
[]
10, 60, 61
12, 70, 64
12, 80, 63
15, 90, 49
20, 100, 51
21, 110, 61
['no' 'yes' 'yes' 'yes' 'no' 'yes' 'no' 'yes' 'yes' 'yes']
['no']
16, 110, 61
19, 120, 58
21, 130, 60
23, 140, 58
24, 150, 56
26, 160, 54
['no' 'no' 'yes' 'yes' 'no' 'no' 'no' 'no' 'no' 'yes']
['no' 'no']
18, 160, 54
18, 170, 45
19, 180, 44
20, 190, 44
20, 200, 43
21, 210, 42
['no' 'no' 'no' 'no' 'yes' 'no' 'yes']
[]
16, 210, 42
17, 220, 44
20, 230, 43
22, 240, 46
22, 250, 47
24, 260, 45
['yes' 'no' 'yes' 'yes' 'yes' 'yes' 'yes' 'no']
['no']
22, 260, 45
24, 270, 45
24, 280, 47
25, 290, 46
28, 300, 46
28, 310, 50
['no' 'yes' 'no' 'no' 'no' 'no']
[]
23, 310, 50
23, 320, 44
24, 330, 44
27, 340, 44
28, 350, 47
28, 360, 47
['no' 'no' 'no' 'no' 'no']
[]
24, 360, 47
25, 370, 43
26, 380, 43
28, 390, 44
28, 400, 45
29, 410, 45
['no' 'no' 'no' 'no' 'no']
[]
24, 410, 45
25, 420, 42
27, 430, 43
27, 440, 44
28, 450, 44
32, 460, 44
['no' 'no' 'no' 'no' 'no' 'no' 'no' 'no']
['yes' 'no' 'no' 'no' 'no' 'no' 'no' 'no' 'no' 'no']
27, 460, 44
31, 470, 43
33, 480, 36
35, 490, 37
39, 500, 42
40, 510, 45
['yes' 'no' 'yes' 'yes' 'no' 'no' 'no' 'no' 'no' 'no']
['no' 'no' 'no' 'yes' 'no' 'no' 'no' 'no' 'no' 'no']
35, 510, 45
36, 520, 39
36, 530, 40
37, 540, 39
37, 550, 42
39, 560, 40
['no' 'no' 'no' 'no' 'no' 'yes' 'no' 'no' 'no' 'no']
['no' 'no' 'yes' 'no' 'no' 'no' 'no' 'no' 'no' 'no']
['no' 'no' 'no' 'no' 'no' 'yes' 'no' 'no' 'no' 'no']
['no' 'no' 'no' 'yes' 'no' 'no' 'no' 'no' 'no' 'no']
{'count': 683, 'truepos': 28, 'falseneg': 4, 'unknownyes': 13, 'falsepos': 2, 'unique': 560}
24: K_all3.csv: machine2: 0, 0
2, 10
2, 20, 71
5, 30, 64
5, 40, 63
5, 50, 59
6, 60, 54
['no' 'yes' 'no' 'yes' 'no' 'no']
[]
3, 60, 54
4, 70, 51
6, 80, 47
12, 90, 48
13, 100, 58
14, 110, 53
['yes' 'no' 'yes' 'yes' 'yes' 'yes' 'yes' 'yes' 'yes' 'no']
['no']
13, 110, 53
13, 120, 49
14, 130, 46
15, 140, 46
18, 150, 46
21, 160, 48
['no' 'no' 'no' 'yes' 'no' 'no' 'yes' 'no' 'yes']
[]
15, 160, 48
18, 170, 43
21, 180, 46
22, 190, 49
22, 200, 48
23, 210, 46
['no' 'yes' 'yes' 'no' 'no' 'yes' 'no' 'no']
['no']
20, 210, 46
23, 220, 43
26, 230, 47
28, 240, 47
29, 250, 48
32, 260, 48
['no' 'no' 'yes' 'yes' 'no' 'yes' 'no' 'no' 'no' 'yes']
['no' 'no' 'no' 'yes' 'no' 'no' 'no' 'no' 'no' 'no']
27, 260, 48
27, 270, 46
30, 280, 45
30, 290, 39
31, 300, 37
33, 310, 40
['no' 'yes' 'yes' 'yes' 'no' 'yes' 'yes' 'yes' 'yes']
['yes' 'no' 'no' 'no' 'no' 'no' 'no' 'no' 'no' 'no']
32, 310, 40
35, 320, 39
35, 330, 44
36, 340, 43
36, 350, 44
38, 360, 45
['yes' 'no' 'no' 'no' 'no' 'no' 'yes']
['no' 'no' 'no' 'no' 'no' 'no' 'no' 'no' 'no' 'no']
36, 360, 45
37, 370, 41
40, 380, 42
42, 390, 45
42, 400, 48
46, 410, 48
['yes' 'no' 'no' 'yes' 'no' 'yes' 'no' 'no' 'no' 'no']
['no' 'no' 'no' 'no' 'no' 'no' 'no' 'no' 'no' 'no']
['no' 'yes' 'no' 'no' 'no' 'yes' 'no' 'yes' 'no' 'no']
['no' 'no' 'no' 'no' 'no' 'no' 'no' 'no' 'no' 'no']
{'count': 560, 'truepos': 32, 'falseneg': 0, 'unknownyes': 13, 'falsepos': 9, 'unique': 410}
24: K_all3.csv: machine3: 0, 0
2, 10
2, 20, 72
2, 30, 64
2, 40, 57
2, 50, 59
3, 60, 54
null
[]
3, 70, 51
4, 80, 53
5, 90, 50
5, 100, 43
6, 110, 41
7, 120, 41
null
[]
8, 130, 40
8, 140, 40
10, 150, 40
10, 160, 42
11, 170, 41
11, 180, 41
null
[]
12, 190, 41
14, 200, 41
14, 210, 42
14, 220, 42
14, 230, 41
15, 240, 41
null
[]
17, 250, 41
17, 260, 42
17, 270, 41
17, 280, 41
18, 290, 40
18, 300, 42
null
[]
19, 310, 42
19, 320, 42
19, 330, 42
20, 340, 41
24, 350, 43
25, 360, 44
null
['no' 'no' 'no']
25, 360, 44
25, 370, 45
26, 380, 45
27, 390, 45
27, 400, 46
27, 410, 45
null
[]
27, 420, 45
27, 430, 45
27, 440, 45
28, 450, 45
28, 460, 45
29, 470, 45
null
['no']
29, 470, 45
29, 480, 45
29, 490, 45
29, 500, 45
29, 510, 45
29, 520, 45
null
[]
30, 530, 44
30, 540, 36
30, 550, 35
30, 560, 33
30, 570, 33
30, 580, 33
null
['no' 'no' 'no' 'yes' 'no' 'no' 'no' 'no' 'no' 'no']
31, 580, 33
31, 590, 33
33, 600, 33
33, 610, 35
33, 620, 35
33, 630, 35
null
['yes' 'no' 'no' 'no' 'yes' 'no' 'no' 'no' 'no' 'no']
33, 630, 35
33, 640, 35
33, 650, 35
33, 660, 35
35, 670, 35
35, 680, 37
null
['no' 'no' 'no' 'no' 'no' 'yes' 'no' 'no' 'yes' 'no']
37, 680, 37
37, 690, 39
37, 700, 39
null
['no' 'no' 'no' 'no' 'no' 'no' 'no' 'no' 'no' 'no']
{'count': 853, 'truepos': 33, 'falseneg': 5, 'unknownyes': 7, 'falsepos': 4, 'unique': 700}

------------------------------------------------------------
Sender: LSF System <lsfadmin@n2e1-4>
Subject: Job 266964: </share/tjmenzie/zyu9/miniconda2/bin/python2.7 runner.py error_hpcc 24> Done

Job </share/tjmenzie/zyu9/miniconda2/bin/python2.7 runner.py error_hpcc 24> was submitted from host <login01.hpc.ncsu.edu> by user <zyu9> in cluster <henry2>.
Job was executed on host(s) <2*n2e1-4>, in queue <single_chassis>, as user <zyu9> in cluster <henry2>.
</home/zyu9> was used as the home directory.
</home/zyu9/projects/MAR_HPC/Error/src> was used as the working directory.
Started at Tue Oct 17 11:28:46 2017
Results reported at Tue Oct 17 18:09:45 2017

Your job looked like:

------------------------------------------------------------
# LSBATCH: User input
/share/tjmenzie/zyu9/miniconda2/bin/python2.7 runner.py error_hpcc 24
------------------------------------------------------------

Successfully completed.

Resource usage summary:

    CPU time   :  26596.43 sec.
    Max Memory :       178 MB
    Max Swap   :      1197 MB

    Max Processes  :         3
    Max Threads    :         8

The output (if any) is above this job summary.



PS:

Read file <./err/24.err.266964> for stderr output of this job.

