24: Hall.csv: none: 0, 0
8, 10
13, 20, 123
18, 30, 145
20, 40, 168
21, 50, 179
23, 60, 169
25, 70, 174
26, 80, 173
28, 90, 171
31, 100, 170
37, 110, 131
41, 120, 135
46, 130, 137
52, 140, 133
56, 150, 128
58, 160, 138
61, 170, 141
64, 180, 136
66, 190, 138
69, 200, 133
71, 210, 138
73, 220, 138
77, 230, 129
80, 240, 140
84, 250, 118
87, 260, 120
90, 270, 120
93, 280, 125
98, 290, 116
101, 300, 124
102, 310, 128
104, 320, 126
105, 330, 131
106, 340, 124
107, 350, 126
107, 360, 128
110, 370, 127
111, 380, 133
112, 390, 134
112, 400, 130
115, 410, 136
115, 420, 142
117, 430, 134
118, 440, 142
121, 450, 139
122, 460, 146
122, 470, 140
125, 480, 150
126, 490, 159
127, 500, 157
127, 510, 166
128, 520, 171
128, 530, 159
131, 540, 157
132, 550, 159
133, 560, 162
134, 570, 158
135, 580, 160
135, 590, 164
136, 600, 158
138, 610, 169
140, 620, 166
141, 630, 174
143, 640, 163
144, 650, 172
145, 660, 176
146, 670, 177
147, 680, 172
148, 690, 178
148, 700, 182
149, 710, 173
150, 720, 170
150, 730, 172
155, 740, 174
156, 750, 194
157, 760, 192
159, 770, 202
159, 780, 200
160, 790, 196
160, 800, 207
161, 810, 194
161, 820, 203
162, 830, 200
163, 840, 193
165, 850, 194
166, 860, 201
168, 870, 205
170, 880, 212
170, 890, 216
171, 900, 215
173, 910, 215
173, 920, 213
174, 930, 213
175, 940, 214
175, 950, 218
176, 960, 211
176, 970, 209
176, 980, 221
177, 990, 213
177, 1000, 211
179, 1010, 204
180, 1020, 207
180, 1030, 207
181, 1040, 208
182, 1050, 209
183, 1060, 209
184, 1070, 209
185, 1080, 208
186, 1090, 208
187, 1100, 207
187, 1110, 211
187, 1120, 210
189, 1130, 212
192, 1140, 215
194, 1150, 217
194, 1160, 221
194, 1170, 222
195, 1180, 216
196, 1190, 222
196, 1200, 224
197, 1210, 216
197, 1220, 223
199, 1230, 222
199, 1240, 229
199, 1250, 224
201, 1260, 222
201, 1270, 223
201, 1280, 224
202, 1290, 226
204, 1300, 222
205, 1310, 226
207, 1320, 227
207, 1330, 236
208, 1340, 232
208, 1350, 240
209, 1360, 242
211, 1370, 236
211, 1380, 239
213, 1390, 237
214, 1400, 239
216, 1410, 240
217, 1420, 245
217, 1430, 248
218, 1440, 245
218, 1450, 246
219, 1460, 241
220, 1470, 242
220, 1480, 246
221, 1490, 249
223, 1500, 245
224, 1510, 247
225, 1520, 246
225, 1530, 245
226, 1540, 244
226, 1550, 251
227, 1560, 249
227, 1570, 250
228, 1580, 254
229, 1590, 250
230, 1600, 251
232, 1610, 254
234, 1620, 255
235, 1630, 256
237, 1640, 254
238, 1650, 255
240, 1660, 256
241, 1670, 261
244, 1680, 262
244, 1690, 266
245, 1700, 264
246, 1710, 264
249, 1720, 263
250, 1730, 269
250, 1740, 271
251, 1750, 270
251, 1760, 268
251, 1770, 270
251, 1780, 270
252, 1790, 268
253, 1800, 268
256, 1810, 272
259, 1820, 271
260, 1830, 277
261, 1840, 277
263, 1850, 278
263, 1860, 283
264, 1870, 278
266, 1880, 282
267, 1890, 283
268, 1900, 285
268, 1910, 283
268, 1920, 284
268, 1930, 288
268, 1940, 285
269, 1950, 288
269, 1960, 284
270, 1970, 287
270, 1980, 287
271, 1990, 287
{'count': 1990, 'truepos': 88, 'falseneg': 15, 'unknownyes': 3, 'falsepos': 183, 'unique': 1990}
24: Hall.csv: three: 0, 0
8, 10
9, 20, 122
12, 30, 112
12, 40, 122
15, 50, 108
20, 60, 112
21, 70, 122
24, 80, 103
29, 90, 107
31, 100, 124
38, 110, 87
43, 120, 89
52, 130, 90
56, 140, 105
64, 150, 97
68, 160, 104
71, 170, 114
76, 180, 111
82, 190, 106
83, 200, 126
84, 210, 122
87, 220, 110
88, 230, 111
89, 240, 116
93, 250, 109
96, 260, 114
97, 270, 113
98, 280, 114
102, 290, 112
102, 300, 121
102, 310, 118
104, 320, 117
105, 330, 117
105, 340, 120
106, 350, 118
107, 360, 121
107, 370, 119
107, 380, 117
107, 390, 118
107, 400, 116
107, 410, 114
107, 420, 116
107, 430, 116
107, 440, 121
108, 450, 115
108, 460, 119
109, 470, 118
109, 480, 118
109, 490, 121
109, 500, 116
109, 510, 120
109, 520, 116
111, 530, 117
112, 540, 121
112, 550, 121
112, 560, 121
112, 570, 119
112, 580, 120
112, 590, 121
112, 600, 122
112, 610, 119
113, 620, 119
113, 630, 120
113, 640, 121
113, 650, 121
114, 660, 120
115, 670, 122
116, 680, 123
116, 690, 125
117, 700, 125
117, 710, 129
118, 720, 127
118, 730, 127
119, 740, 127
119, 750, 129
119, 760, 130
120, 770, 129
120, 780, 130
120, 790, 130
120, 800, 129
120, 810, 128
120, 820, 129
120, 830, 130
120, 840, 129
121, 850, 130
121, 860, 129
121, 870, 130
122, 880, 129
123, 890, 130
124, 900, 132
124, 910, 134
124, 920, 132
124, 930, 131
124, 940, 131
{'count': 2058, 'truepos': 98, 'falseneg': 4, 'unknownyes': 4, 'falsepos': 26, 'unique': 940}
24: Hall.csv: machine: 0, 0
8, 10
12, 20, 126
15, 30, 140
15, 40, 142
17, 50, 135
20, 60, 135
['yes' 'yes' 'yes' 'yes' 'yes' 'no' 'yes' 'yes' 'yes' 'yes']
['no' 'no']
19, 60, 135
21, 70, 133
23, 80, 139
29, 90, 135
30, 100, 142
36, 110, 101
['no' 'no' 'yes' 'yes' 'no' 'yes' 'yes' 'yes' 'yes' 'yes']
['no' 'no' 'no' 'no' 'yes' 'no' 'no' 'no' 'no' 'no']
35, 110, 101
41, 120, 100
43, 130, 102
51, 140, 91
56, 150, 96
63, 160, 95
['no' 'yes' 'no' 'yes' 'yes' 'yes' 'no' 'yes' 'yes' 'yes']
['no' 'no' 'no' 'no' 'no' 'no' 'no' 'yes' 'no' 'no']
62, 160, 95
65, 170, 103
67, 180, 98
71, 190, 96
74, 200, 102
78, 210, 104
['yes' 'yes' 'yes' 'yes' 'yes' 'yes' 'yes' 'yes' 'yes' 'yes']
['no' 'no' 'yes' 'no' 'no' 'no' 'no' 'no' 'yes' 'no']
80, 210, 104
83, 220, 105
87, 230, 103
93, 240, 102
94, 250, 110
97, 260, 109
['yes' 'yes' 'yes' 'no' 'yes' 'yes' 'yes' 'no' 'yes' 'no']
['no' 'yes' 'no' 'no' 'no' 'no' 'no' 'no' 'no' 'no']
98, 260, 109
101, 270, 112
105, 280, 115
110, 290, 119
110, 300, 128
112, 310, 126
['no' 'yes' 'no' 'yes' 'no' 'no' 'yes' 'yes' 'yes' 'yes']
['no' 'no' 'no' 'no' 'no' 'no' 'no' 'no' 'no' 'no']
108, 310, 126
113, 320, 123
115, 330, 136
116, 340, 136
117, 350, 141
119, 360, 137
['no' 'no' 'no' 'no' 'yes' 'no' 'yes' 'yes' 'yes' 'no']
['no' 'no' 'no' 'no' 'no' 'no' 'no' 'no' 'no' 'no']
113, 360, 137
115, 370, 126
116, 380, 130
117, 390, 129
119, 400, 130
120, 410, 132
['no' 'yes' 'yes' 'no' 'no' 'no' 'no' 'no' 'no' 'yes']
['no' 'no' 'no' 'no' 'yes' 'no' 'no' 'no' 'no' 'no']
118, 410, 132
118, 420, 128
120, 430, 131
121, 440, 135
123, 450, 137
123, 460, 142
['no' 'no' 'no' 'no' 'no' 'yes' 'yes' 'no' 'no' 'no']
['no' 'no' 'no' 'no' 'no' 'no' 'no' 'no' 'no' 'no']
118, 460, 142
119, 470, 132
120, 480, 131
120, 490, 133
120, 500, 131
121, 510, 131
['no' 'no' 'no' 'yes' 'no' 'no' 'no' 'no' 'yes' 'yes']
['no' 'no' 'no' 'no' 'no' 'no' 'no' 'no' 'no' 'no']
114, 510, 131
114, 520, 122
114, 530, 122
116, 540, 121
117, 550, 124
117, 560, 126
['yes' 'yes' 'yes' 'no' 'yes' 'no' 'no' 'no' 'no' 'yes']
['no' 'no' 'no' 'yes' 'no' 'no' 'no' 'no' 'no' 'no']
112, 560, 126
113, 570, 119
114, 580, 121
117, 590, 122
118, 600, 127
120, 610, 127
['no' 'no' 'no' 'no' 'yes' 'no' 'no' 'yes' 'no' 'no']
['no' 'no' 'no' 'no' 'no' 'no' 'no' 'no' 'no' 'no']
114, 610, 127
['no' 'yes' 'no' 'yes' 'no' 'no' 'yes' 'yes' 'yes' 'no']
['no' 'no' 'no' 'no' 'no' 'no' 'no' 'no' 'no' 'no']
{'count': 862, 'truepos': 98, 'falseneg': 4, 'unknownyes': 4, 'falsepos': 12, 'unique': 610}
24: Hall.csv: machine2: 0, 0
7, 10
9, 20, 110
15, 30, 107
21, 40, 125
24, 50, 151
27, 60, 151
['no' 'yes' 'yes' 'no' 'yes' 'yes' 'yes' 'yes' 'yes' 'no']
['no' 'no' 'no' 'yes']
25, 60, 151
29, 70, 166
30, 80, 177
36, 90, 134
43, 100, 141
47, 110, 134
['yes' 'no' 'no' 'yes' 'no' 'no' 'yes' 'yes' 'yes' 'yes']
['no' 'no' 'no' 'no' 'no' 'no' 'no' 'no' 'no' 'no']
45, 110, 134
48, 120, 132
55, 130, 118
58, 140, 122
61, 150, 128
65, 160, 122
['yes' 'no' 'no' 'yes' 'no' 'yes' 'yes' 'yes' 'yes' 'yes']
['no' 'no' 'no' 'no' 'no' 'yes' 'no' 'no' 'no' 'no']
65, 160, 122
69, 170, 118
71, 180, 129
76, 190, 123
81, 200, 120
85, 210, 132
['yes' 'no' 'yes' 'yes' 'yes' 'yes' 'yes' 'no' 'yes' 'yes']
['no' 'no' 'no' 'no' 'no' 'no' 'no' 'no' 'no' 'no']
83, 210, 132
87, 220, 114
88, 230, 119
90, 240, 114
93, 250, 114
97, 260, 114
['yes' 'no' 'yes' 'yes' 'no' 'yes' 'yes' 'yes' 'no' 'yes']
['no' 'no' 'no' 'no' 'no' 'no' 'yes' 'no' 'no' 'no']
97, 260, 114
97, 270, 122
102, 280, 113
104, 290, 123
108, 300, 124
108, 310, 132
['no' 'no' 'yes' 'no' 'yes' 'yes' 'no' 'no' 'no' 'no']
['no' 'yes' 'no' 'no' 'no' 'no' 'no' 'yes' 'no' 'no']
104, 310, 132
109, 320, 125
110, 330, 134
112, 340, 134
113, 350, 138
114, 360, 134
['no' 'no' 'no' 'yes' 'no' 'yes' 'no' 'yes' 'no' 'yes']
['no' 'no' 'no' 'no' 'no' 'no' 'no' 'no' 'no' 'no']
110, 360, 134
112, 370, 127
113, 380, 130
113, 390, 129
115, 400, 131
116, 410, 129
['no' 'no' 'no' 'no' 'yes' 'yes' 'yes' 'no' 'no' 'no']
['no' 'no' 'no' 'no' 'no' 'no' 'no' 'yes' 'no' 'no']
113, 410, 129
115, 420, 130
116, 430, 134
119, 440, 134
122, 450, 139
124, 460, 148
['no' 'no' 'no' 'yes' 'no' 'no' 'no' 'no' 'no' 'yes']
['no' 'no' 'no' 'no' 'no' 'no' 'no' 'no' 'no' 'no']
116, 460, 148
117, 470, 134
118, 480, 135
119, 490, 137
122, 500, 138
124, 510, 146
['no' 'no' 'no' 'no' 'no' 'no' 'no' 'no' 'no' 'no']
['no' 'no' 'no' 'no' 'yes' 'no' 'no' 'no' 'no' 'no']
117, 510, 146
117, 520, 130
117, 530, 129
118, 540, 129
120, 550, 130
120, 560, 133
['no' 'no' 'no' 'no' 'no' 'no' 'no' 'no' 'yes' 'yes']
['no' 'no' 'no' 'no' 'no' 'no' 'no' 'no' 'no' 'no']
117, 560, 133
119, 570, 129
120, 580, 132
120, 590, 133
120, 600, 133
120, 610, 133
['no' 'no' 'no' 'yes' 'yes' 'no' 'yes' 'no' 'yes' 'yes']
['no' 'no' 'no' 'no' 'no' 'yes' 'no' 'no' 'no' 'no']
117, 610, 133
117, 620, 127
119, 630, 126
119, 640, 129
119, 650, 128
121, 660, 128
['no' 'no' 'yes' 'no' 'yes' 'no' 'yes' 'yes' 'yes' 'yes']
['no' 'no' 'no' 'no' 'no' 'no' 'no' 'no' 'no' 'no']
120, 660, 128
122, 670, 128
123, 680, 131
126, 690, 130
127, 700, 140
127, 710, 140
['no' 'no' 'no' 'no' 'no' 'no' 'no' 'no' 'no' 'yes']
['no' 'no' 'no' 'no' 'no' 'no' 'no' 'no' 'no' 'no']
120, 710, 140
123, 720, 129
123, 730, 135
124, 740, 132
125, 750, 137
129, 760, 136
['no' 'no' 'no' 'no' 'no' 'no' 'no' 'no' 'no' 'no']
['no' 'no' 'no' 'no' 'no' 'no' 'no' 'no' 'no' 'no']
124, 760, 136
125, 770, 137
126, 780, 137
127, 790, 137
128, 800, 139
130, 810, 139
['no' 'yes' 'yes' 'no' 'no' 'no' 'no' 'no' 'yes' 'no']
['no' 'no' 'no' 'no' 'no' 'no' 'no' 'no' 'no' 'no']
125, 810, 139
125, 820, 134
126, 830, 134
128, 840, 136
130, 850, 139
131, 860, 143
['no' 'no' 'no' 'yes' 'no' 'no' 'yes' 'no' 'no' 'no']
['no' 'no' 'no' 'no' 'no' 'no' 'no' 'no' 'no' 'no']
128, 860, 143
129, 870, 140
130, 880, 140
130, 890, 141
130, 900, 140
131, 910, 139
['no' 'no' 'no' 'no' 'no' 'no' 'yes' 'no' 'no' 'no']
['no' 'no' 'no' 'no' 'no' 'no' 'no' 'no' 'no' 'no']
125, 910, 139
126, 920, 136
127, 930, 140
128, 940, 139
129, 950, 145
130, 960, 145
['no' 'no' 'no' 'no' 'no' 'no' 'no' 'no' 'yes' 'yes']
['no' 'no' 'no' 'no' 'no' 'no' 'no' 'no' 'no' 'no']
125, 960, 145
125, 970, 135
126, 980, 135
126, 990, 138
127, 1000, 137
127, 1010, 139
['no' 'no' 'no' 'yes' 'yes' 'no' 'yes' 'yes' 'yes' 'yes']
['no' 'no' 'no' 'no' 'no' 'no' 'no' 'no' 'no' 'no']
123, 1010, 139
123, 1020, 132
126, 1030, 132
128, 1040, 136
129, 1050, 139
129, 1060, 141
['no' 'no' 'no' 'no' 'no' 'no' 'yes' 'no' 'yes' 'yes']
['no' 'no' 'no' 'no' 'no' 'no' 'no' 'no' 'no' 'no']
123, 1060, 141
123, 1070, 131
125, 1080, 131
125, 1090, 134
127, 1100, 134
128, 1110, 137
['no' 'no' 'no' 'no' 'no' 'no' 'yes' 'yes' 'yes' 'yes']
['no' 'no' 'no' 'no' 'no' 'no' 'no' 'no' 'no' 'no']
124, 1110, 137
126, 1120, 132
126, 1130, 135
126, 1140, 135
126, 1150, 135
127, 1160, 134
['no' 'no' 'no' 'no' 'yes' 'yes' 'yes' 'yes' 'yes' 'yes']
['no' 'no' 'no' 'no' 'no' 'no' 'no' 'no' 'no' 'no']
125, 1160, 134
126, 1170, 133
128, 1180, 133
129, 1190, 137
129, 1200, 136
131, 1210, 138
['no' 'no' 'no' 'no' 'no' 'no' 'no' 'yes' 'yes' 'yes']
['no' 'no' 'no' 'no' 'no' 'no' 'no' 'no' 'no' 'no']
126, 1210, 138
126, 1220, 134
126, 1230, 133
126, 1240, 134
126, 1250, 133
128, 1260, 133
['no' 'no' 'yes' 'yes' 'yes' 'yes' 'yes' 'yes' 'yes' 'yes']
['no' 'no' 'no' 'no' 'no' 'no' 'no' 'no' 'no' 'no']
['no' 'no' 'yes' 'yes' 'yes' 'yes' 'yes' 'yes' 'yes' 'yes']
['no' 'no' 'no' 'no' 'no' 'no' 'no' 'no' 'no' 'no']
{'count': 1875, 'truepos': 100, 'falseneg': 3, 'unknownyes': 3, 'falsepos': 27, 'unique': 1260}
24: Hall.csv: machine3: 0, 0
8, 10
9, 20, 126
11, 30, 118
15, 40, 116
19, 50, 120
22, 60, 116
null
['no' 'yes']
22, 60, 116
25, 70, 118
27, 80, 136
28, 90, 133
32, 100, 133
38, 110, 95
null
['no' 'no' 'yes' 'no' 'yes' 'no' 'no' 'no' 'no' 'no']
40, 110, 95
46, 120, 108
50, 130, 106
53, 140, 102
55, 150, 109
62, 160, 104
null
['no' 'no' 'no' 'no' 'no' 'no' 'yes' 'no' 'no' 'no']
63, 160, 104
66, 170, 114
70, 180, 109
72, 190, 103
74, 200, 97
75, 210, 96
null
['no' 'no' 'no' 'yes' 'no' 'no' 'no' 'no' 'no' 'no']
76, 210, 96
78, 220, 100
78, 230, 102
80, 240, 95
83, 250, 94
85, 260, 96
null
['no' 'no' 'no' 'no' 'no' 'no' 'no' 'no' 'no' 'no']
85, 260, 96
87, 270, 97
87, 280, 98
87, 290, 97
87, 300, 96
88, 310, 97
null
['no' 'no' 'no' 'no' 'no' 'no' 'no' 'yes' 'no' 'no']
89, 310, 97
89, 320, 98
89, 330, 97
89, 340, 96
89, 350, 97
89, 360, 100
null
['no' 'no' 'no' 'yes' 'no' 'no' 'no' 'no' 'yes' 'no']
91, 360, 100
91, 370, 97
91, 380, 97
91, 390, 97
92, 400, 97
93, 410, 98
null
['no' 'no' 'no' 'no' 'yes' 'no' 'no' 'no' 'no' 'yes']
95, 410, 98
96, 420, 102
97, 430, 102
98, 440, 104
99, 450, 104
null
['no' 'no' 'no' 'no' 'no' 'no' 'no' 'no' 'yes' 'no']
{'count': 699, 'truepos': 96, 'falseneg': 5, 'unknownyes': 5, 'falsepos': 4, 'unique': 450}
24: Wahono.csv: none: 0, 0
6, 10
7, 20, 100
11, 30, 95
12, 40, 96
14, 50, 95
16, 60, 92
19, 70, 96
21, 80, 96
23, 90, 101
24, 100, 96
25, 110, 82
26, 120, 79
29, 130, 76
33, 140, 78
36, 150, 88
38, 160, 86
40, 170, 78
43, 180, 70
45, 190, 75
48, 200, 79
51, 210, 85
52, 220, 95
54, 230, 99
58, 240, 102
60, 250, 104
63, 260, 115
63, 270, 115
64, 280, 114
66, 290, 100
67, 300, 127
69, 310, 125
71, 320, 134
71, 330, 138
72, 340, 145
72, 350, 120
73, 360, 120
74, 370, 130
77, 380, 129
79, 390, 130
82, 400, 127
84, 410, 143
84, 420, 137
88, 430, 124
89, 440, 127
90, 450, 128
90, 460, 132
93, 470, 128
94, 480, 127
94, 490, 130
95, 500, 131
96, 510, 130
99, 520, 125
101, 530, 131
106, 540, 139
106, 550, 151
106, 560, 152
110, 570, 141
112, 580, 153
114, 590, 148
118, 600, 163
119, 610, 182
119, 620, 163
120, 630, 164
121, 640, 155
121, 650, 162
122, 660, 157
122, 670, 149
124, 680, 162
125, 690, 155
128, 700, 165
129, 710, 168
131, 720, 163
133, 730, 166
136, 740, 171
138, 750, 184
140, 760, 179
143, 770, 180
144, 780, 186
145, 790, 186
148, 800, 180
148, 810, 185
149, 820, 189
150, 830, 186
151, 840, 196
153, 850, 195
153, 860, 190
155, 870, 188
155, 880, 190
156, 890, 192
157, 900, 197
158, 910, 197
158, 920, 194
158, 930, 196
158, 940, 194
159, 950, 196
160, 960, 197
161, 970, 199
162, 980, 200
162, 990, 206
162, 1000, 209
162, 1010, 198
162, 1020, 210
164, 1030, 193
166, 1040, 206
168, 1050, 201
168, 1060, 206
169, 1070, 199
172, 1080, 207
172, 1090, 220
174, 1100, 216
174, 1110, 218
175, 1120, 214
175, 1130, 218
177, 1140, 219
177, 1150, 217
178, 1160, 219
180, 1170, 216
180, 1180, 221
180, 1190, 218
180, 1200, 216
181, 1210, 217
182, 1220, 217
185, 1230, 219
185, 1240, 218
188, 1250, 219
188, 1260, 232
191, 1270, 226
192, 1280, 234
193, 1290, 236
193, 1300, 236
194, 1310, 239
194, 1320, 234
195, 1330, 237
198, 1340, 236
199, 1350, 246
200, 1360, 244
200, 1370, 245
201, 1380, 246
204, 1390, 241
205, 1400, 250
205, 1410, 249
205, 1420, 250
205, 1430, 250
209, 1440, 248
209, 1450, 247
213, 1460, 249
213, 1470, 259
214, 1480, 261
214, 1490, 260
215, 1500, 259
216, 1510, 257
216, 1520, 270
217, 1530, 267
218, 1540, 261
219, 1550, 266
220, 1560, 262
221, 1570, 263
221, 1580, 268
222, 1590, 263
222, 1600, 264
224, 1610, 265
226, 1620, 277
226, 1630, 273
227, 1640, 265
228, 1650, 269
230, 1660, 269
230, 1670, 275
231, 1680, 269
231, 1690, 276
231, 1700, 273
234, 1710, 268
237, 1720, 270
237, 1730, 275
238, 1740, 275
238, 1750, 281
239, 1760, 274
240, 1770, 279
242, 1780, 276
242, 1790, 284
243, 1800, 278
243, 1810, 277
243, 1820, 279
243, 1830, 283
244, 1840, 277
245, 1850, 280
247, 1860, 283
249, 1870, 285
251, 1880, 288
252, 1890, 286
252, 1900, 284
252, 1910, 292
253, 1920, 286
254, 1930, 286
255, 1940, 295
256, 1950, 289
256, 1960, 295
257, 1970, 292
257, 1980, 293
258, 1990, 289
258, 2000, 292
262, 2010, 290
264, 2020, 300
265, 2030, 302
267, 2040, 302
268, 2050, 306
269, 2060, 308
271, 2070, 304
272, 2080, 309
275, 2090, 310
275, 2100, 314
275, 2110, 314
275, 2120, 313
275, 2130, 313
275, 2140, 313
276, 2150, 312
277, 2160, 316
278, 2170, 316
280, 2180, 316
280, 2190, 318
281, 2200, 319
283, 2210, 323
283, 2220, 325
284, 2230, 322
286, 2240, 324
286, 2250, 329
286, 2260, 328
287, 2270, 325
289, 2280, 327
291, 2290, 331
293, 2300, 339
293, 2310, 340
294, 2320, 339
294, 2330, 341
297, 2340, 343
297, 2350, 344
297, 2360, 344
297, 2370, 343
298, 2380, 341
298, 2390, 345
303, 2400, 345
304, 2410, 355
306, 2420, 354
306, 2430, 358
306, 2440, 356
309, 2450, 357
309, 2460, 363
310, 2470, 361
311, 2480, 370
314, 2490, 364
314, 2500, 373
314, 2510, 372
315, 2520, 371
315, 2530, 371
316, 2540, 366
316, 2550, 370
316, 2560, 370
316, 2570, 364
319, 2580, 367
321, 2590, 365
322, 2600, 374
323, 2610, 371
325, 2620, 374
328, 2630, 378
328, 2640, 378
328, 2650, 377
328, 2660, 373
328, 2670, 378
328, 2680, 376
329, 2690, 373
329, 2700, 375
330, 2710, 380
333, 2720, 372
333, 2730, 382
333, 2740, 380
334, 2750, 383
335, 2760, 378
335, 2770, 381
337, 2780, 381
337, 2790, 383
338, 2800, 379
342, 2810, 379
344, 2820, 385
345, 2830, 388
346, 2840, 387
346, 2850, 389
347, 2860, 386
349, 2870, 392
349, 2880, 394
349, 2890, 394
350, 2900, 390
351, 2910, 394
352, 2920, 396
352, 2930, 402
352, 2940, 396
352, 2950, 395
352, 2960, 394
353, 2970, 399
353, 2980, 399
356, 2990, 394
357, 3000, 402
359, 3010, 402
361, 3020, 400
361, 3030, 405
363, 3040, 402
363, 3050, 403
365, 3060, 402
366, 3070, 406
366, 3080, 406
366, 3090, 403
366, 3100, 406
367, 3110, 404
368, 3120, 405
368, 3130, 408
368, 3140, 405
368, 3150, 405
369, 3160, 403
369, 3170, 408
370, 3180, 403
371, 3190, 406
373, 3200, 408
375, 3210, 412
378, 3220, 411
380, 3230, 416
380, 3240, 423
381, 3250, 418
381, 3260, 416
383, 3270, 414
386, 3280, 419
386, 3290, 422
386, 3300, 424
387, 3310, 424
389, 3320, 421
391, 3330, 424
391, 3340, 426
392, 3350, 425
393, 3360, 427
396, 3370, 428
397, 3380, 430
399, 3390, 430
400, 3400, 434
403, 3410, 439
404, 3420, 441
405, 3430, 443
405, 3440, 440
407, 3450, 444
408, 3460, 447
410, 3470, 446
410, 3480, 444
410, 3490, 446
412, 3500, 447
412, 3510, 445
412, 3520, 446
413, 3530, 448
413, 3540, 447
415, 3550, 447
416, 3560, 449
417, 3570, 451
418, 3580, 449
419, 3590, 449
421, 3600, 448
422, 3610, 451
422, 3620, 453
422, 3630, 452
423, 3640, 453
425, 3650, 451
426, 3660, 455
426, 3670, 456
427, 3680, 459
427, 3690, 459
429, 3700, 457
433, 3710, 459
434, 3720, 462
434, 3730, 463
434, 3740, 462
434, 3750, 462
436, 3760, 464
437, 3770, 466
437, 3780, 465
437, 3790, 464
437, 3800, 467
437, 3810, 465
440, 3820, 465
440, 3830, 469
440, 3840, 468
441, 3850, 468
441, 3860, 469
442, 3870, 469
445, 3880, 469
446, 3890, 474
447, 3900, 475
448, 3910, 476
449, 3920, 477
450, 3930, 477
451, 3940, 477
451, 3950, 479
454, 3960, 478
455, 3970, 483
457, 3980, 484
460, 3990, 482
460, 4000, 488
462, 4010, 488
462, 4020, 489
465, 4030, 489
466, 4040, 492
466, 4050, 491
467, 4060, 491
{'count': 4060, 'truepos': 53, 'falseneg': 7, 'unknownyes': 2, 'falsepos': 414, 'unique': 4060}
24: Wahono.csv: three: 0, 0
6, 10
6, 20, 101
9, 30, 94
11, 40, 104
11, 50, 95
15, 60, 75
18, 70, 79
18, 80, 68
20, 90, 56
20, 100, 51
21, 110, 49
24, 120, 47
26, 130, 47
28, 140, 49
31, 150, 52
33, 160, 66
34, 170, 67
35, 180, 63
35, 190, 68
36, 200, 58
37, 210, 61
37, 220, 64
40, 230, 57
41, 240, 59
43, 250, 58
43, 260, 66
43, 270, 63
46, 280, 60
46, 290, 63
47, 300, 68
47, 310, 63
48, 320, 64
48, 330, 66
50, 340, 62
50, 350, 65
50, 360, 66
51, 370, 65
51, 380, 67
52, 390, 70
55, 400, 67
56, 410, 76
56, 420, 74
56, 430, 75
56, 440, 72
56, 450, 73
56, 460, 74
56, 470, 72
57, 480, 69
59, 490, 70
59, 500, 74
60, 510, 73
60, 520, 71
60, 530, 81
60, 540, 78
60, 550, 74
61, 560, 74
61, 570, 77
61, 580, 74
62, 590, 75
63, 600, 77
64, 610, 80
64, 620, 77
64, 630, 83
64, 640, 81
65, 650, 79
65, 660, 77
65, 670, 84
66, 680, 80
66, 690, 76
66, 700, 77
66, 710, 77
66, 720, 76
66, 730, 84
66, 740, 76
66, 750, 77
67, 760, 75
67, 770, 75
67, 780, 77
69, 790, 77
69, 800, 78
69, 810, 78
70, 820, 79
70, 830, 80
70, 840, 79
71, 850, 79
72, 860, 80
73, 870, 82
73, 880, 84
73, 890, 83
73, 900, 84
73, 910, 83
74, 920, 82
74, 930, 82
74, 940, 84
75, 950, 81
76, 960, 85
77, 970, 88
77, 980, 88
77, 990, 89
77, 1000, 88
77, 1010, 86
77, 1020, 88
77, 1030, 87
77, 1040, 86
77, 1050, 85
77, 1060, 85
77, 1070, 85
79, 1080, 84
79, 1090, 87
79, 1100, 87
79, 1110, 88
79, 1120, 87
80, 1130, 87
80, 1140, 88
80, 1150, 87
80, 1160, 88
80, 1170, 88
81, 1180, 88
82, 1190, 89
82, 1200, 93
83, 1210, 92
84, 1220, 94
84, 1230, 93
85, 1240, 95
86, 1250, 97
86, 1260, 96
86, 1270, 95
87, 1280, 94
87, 1290, 96
87, 1300, 94
87, 1310, 96
88, 1320, 94
89, 1330, 97
90, 1340, 97
90, 1350, 97
90, 1360, 97
90, 1370, 98
90, 1380, 98
90, 1390, 98
90, 1400, 98
90, 1410, 98
90, 1420, 98
90, 1430, 96
90, 1440, 96
90, 1450, 96
90, 1460, 96
91, 1470, 96
92, 1480, 97
93, 1490, 99
93, 1500, 100
93, 1510, 99
93, 1520, 98
93, 1530, 98
93, 1540, 98
93, 1550, 99
93, 1560, 98
93, 1570, 99
94, 1580, 99
95, 1590, 100
95, 1600, 101
96, 1610, 101
96, 1620, 102
{'count': 3497, 'truepos': 57, 'falseneg': 2, 'unknownyes': 3, 'falsepos': 39, 'unique': 1620}
24: Wahono.csv: machine: 0, 0
6, 10
8, 20, 100
10, 30, 92
12, 40, 97
16, 50, 90
19, 60, 96
['yes' 'yes' 'yes' 'no' 'no' 'no' 'yes' 'no' 'no' 'yes']
[]
15, 60, 96
19, 70, 86
22, 80, 93
25, 90, 83
26, 100, 77
27, 110, 75
['yes' 'no' 'no' 'yes' 'no' 'yes' 'no' 'yes' 'no' 'no']
[]
21, 110, 75
23, 120, 71
24, 130, 68
26, 140, 63
29, 150, 63
30, 160, 67
['no' 'no' 'yes' 'yes' 'no' 'yes' 'yes' 'yes' 'no' 'yes']
['no' 'no' 'no' 'no' 'yes' 'no' 'no' 'no' 'no' 'no']
28, 160, 67
32, 170, 62
36, 180, 60
36, 190, 82
38, 200, 73
39, 210, 66
['yes' 'yes' 'yes' 'no' 'no' 'no' 'yes' 'yes' 'no' 'yes']
['no' 'no' 'no' 'no' 'no' 'no' 'no' 'no' 'no' 'no']
35, 210, 66
37, 220, 57
37, 230, 64
37, 240, 57
37, 250, 62
38, 260, 56
['yes' 'no' 'yes' 'yes' 'yes' 'yes' 'yes' 'yes' 'yes' 'yes']
['no' 'no' 'no' 'no' 'no' 'no' 'no' 'no' 'no' 'no']
36, 260, 56
37, 270, 56
37, 280, 63
38, 290, 57
39, 300, 61
39, 310, 59
['no' 'no' 'no' 'no' 'yes' 'yes' 'yes' 'yes' 'yes']
['no' 'no' 'yes' 'no' 'no' 'no' 'no' 'no' 'no' 'no']
35, 310, 59
35, 320, 53
37, 330, 52
38, 340, 55
38, 350, 60
39, 360, 53
['no' 'no' 'yes' 'yes' 'yes']
['yes' 'yes' 'no' 'no' 'yes' 'no' 'no' 'no' 'no' 'no']
40, 360, 53
40, 370, 55
42, 380, 56
43, 390, 63
44, 400, 61
45, 410, 65
['no' 'no' 'no' 'no' 'no']
['no' 'no' 'no' 'no' 'no' 'no' 'no' 'no' 'no' 'no']
41, 410, 65
44, 420, 53
46, 430, 57
48, 440, 61
49, 450, 65
49, 460, 69
['yes' 'no' 'no' 'no' 'no' 'no' 'no' 'no']
['no' 'no' 'no' 'no' 'no' 'no' 'no' 'no' 'no' 'no']
43, 460, 69
44, 470, 58
45, 480, 57
46, 490, 56
47, 500, 65
48, 510, 58
['yes' 'no' 'no' 'no' 'no' 'no']
['no' 'no' 'no' 'no' 'no' 'no' 'no' 'no' 'yes' 'no']
45, 510, 58
48, 520, 57
53, 530, 62
55, 540, 71
57, 550, 75
60, 560, 80
['no' 'no' 'no' 'no' 'yes' 'yes' 'no' 'yes' 'yes' 'no']
['no' 'no' 'no' 'no' 'no' 'no' 'no' 'no' 'no' 'no']
57, 560, 80
59, 570, 74
60, 580, 76
60, 590, 78
61, 600, 76
62, 610, 78
['no' 'no' 'no' 'yes' 'yes' 'yes' 'yes' 'no' 'no' 'no']
['yes' 'no' 'no' 'no' 'no' 'no' 'no' 'no' 'no' 'no']
58, 610, 78
60, 620, 73
62, 630, 76
63, 640, 80
63, 650, 82
63, 660, 81
['no' 'yes' 'no' 'no' 'yes' 'no' 'no' 'yes' 'yes']
['no' 'no' 'no' 'no' 'no' 'no' 'no' 'no' 'no' 'no']
58, 660, 81
61, 670, 72
63, 680, 76
64, 690, 81
65, 700, 78
66, 710, 81
['no' 'no' 'yes' 'no' 'no' 'no' 'no' 'yes']
['no' 'no' 'no' 'no' 'no' 'no' 'no' 'no' 'no' 'no']
61, 710, 81
64, 720, 76
66, 730, 79
68, 740, 79
70, 750, 81
70, 760, 86
['no' 'no' 'no' 'no' 'no' 'no' 'no' 'no' 'no']
['no' 'no' 'no' 'no' 'no' 'no' 'no' 'no' 'no' 'no']
62, 760, 86
67, 770, 74
68, 780, 83
70, 790, 87
71, 800, 90
71, 810, 92
['no' 'no' 'no' 'no' 'no' 'no' 'no' 'no' 'no']
['no' 'no' 'no' 'no' 'no' 'no' 'no' 'no' 'no' 'no']
63, 810, 92
65, 820, 73
65, 830, 78
65, 840, 78
65, 850, 77
65, 860, 77
['no' 'no' 'no']
['no' 'no' 'no' 'no' 'no' 'no' 'no' 'no' 'no' 'no']
63, 860, 77
67, 870, 73
67, 880, 79
71, 890, 78
71, 900, 84
72, 910, 84
['no' 'no' 'yes' 'yes' 'no' 'no' 'no' 'no' 'no' 'no']
['no' 'no' 'no' 'no' 'no' 'no' 'no' 'no' 'no' 'no']
66, 910, 84
69, 920, 77
70, 930, 82
70, 940, 82
73, 950, 81
74, 960, 86
['no' 'no' 'no' 'no' 'yes' 'no' 'no' 'no' 'no']
['no' 'no' 'no' 'no' 'no' 'no' 'no' 'no' 'no' 'no']
67, 960, 86
67, 970, 77
69, 980, 76
70, 990, 80
72, 1000, 81
72, 1010, 84
['no' 'no' 'no' 'no' 'no' 'no']
['no' 'no' 'no' 'no' 'no' 'no' 'no' 'no' 'no' 'no']
68, 1010, 84
69, 1020, 79
69, 1030, 80
71, 1040, 79
72, 1050, 83
72, 1060, 84
['no' 'no' 'no' 'no' 'no']
['no' 'yes' 'no' 'yes' 'no' 'no' 'no' 'no' 'no' 'no']
69, 1060, 84
71, 1070, 76
71, 1080, 80
71, 1090, 79
74, 1100, 79
75, 1110, 83
['no' 'no' 'no' 'no' 'no' 'no' 'yes']
['no' 'no' 'no' 'no' 'no' 'no' 'no' 'no' 'no' 'no']
69, 1110, 83
69, 1120, 77
69, 1130, 77
69, 1140, 77
71, 1150, 76
73, 1160, 78
['no' 'no' 'no' 'no']
['yes' 'no' 'no' 'no' 'no' 'no' 'no' 'no' 'no' 'no']
69, 1160, 78
69, 1170, 76
70, 1180, 76
72, 1190, 77
73, 1200, 79
74, 1210, 80
['no' 'no' 'no' 'no' 'no']
['no' 'no' 'no' 'no' 'no' 'no' 'no' 'no' 'no' 'no']
69, 1210, 80
71, 1220, 74
73, 1230, 78
75, 1240, 79
76, 1250, 81
77, 1260, 83
['no' 'no' 'no' 'no' 'no' 'no' 'no' 'no']
['no' 'no' 'no' 'no' 'no' 'no' 'no' 'no' 'no' 'no']
73, 1260, 83
73, 1270, 80
74, 1280, 80
76, 1290, 81
78, 1300, 84
80, 1310, 85
['no' 'no' 'no' 'yes' 'no' 'no' 'no' 'no' 'no']
['no' 'no' 'no' 'no' 'no' 'no' 'no' 'no' 'no' 'no']
75, 1310, 85
76, 1320, 81
76, 1330, 83
78, 1340, 82
78, 1350, 85
80, 1360, 86
['no' 'no' 'no' 'no' 'no' 'no']
['no' 'no' 'no' 'no' 'no' 'no' 'no' 'no' 'no' 'no']
74, 1360, 86
74, 1370, 81
75, 1380, 80
75, 1390, 82
76, 1400, 82
76, 1410, 83
['no' 'no']
['no' 'no' 'no' 'no' 'no' 'no' 'no' 'no' 'no' 'no']
77, 1410, 83
79, 1420, 84
79, 1430, 85
79, 1440, 85
79, 1450, 85
79, 1460, 85
['no' 'no' 'no' 'no' 'no']
['no' 'no' 'no' 'no' 'no' 'no' 'no' 'no' 'no' 'no']
76, 1460, 85
78, 1470, 81
78, 1480, 85
78, 1490, 86
78, 1500, 85
81, 1510, 85
['no' 'no' 'no' 'no' 'no' 'no']
['no' 'no' 'no' 'no' 'no' 'no' 'no' 'no' 'no' 'no']
['no' 'no' 'no' 'no' 'no' 'no']
['no' 'no' 'no' 'no' 'no' 'no' 'no' 'no' 'no' 'no']
{'count': 2013, 'truepos': 58, 'falseneg': 1, 'unknownyes': 3, 'falsepos': 20, 'unique': 1510}
24: Wahono.csv: machine2: 0, 0
6, 10
9, 20, 99
10, 30, 104
11, 40, 102
12, 50, 95
13, 60, 84
['no' 'yes' 'no' 'no' 'no' 'yes' 'no' 'yes' 'yes' 'yes']
[]
9, 60, 84
12, 70, 49
15, 80, 48
16, 90, 48
21, 100, 43
25, 110, 56
['no' 'no' 'yes' 'yes' 'yes' 'no' 'yes' 'yes' 'yes' 'no']
[]
21, 110, 56
23, 120, 53
25, 130, 57
27, 140, 58
27, 150, 62
30, 160, 55
['no' 'no' 'no' 'no' 'yes' 'no' 'no' 'yes' 'yes' 'yes']
['no' 'yes' 'yes' 'no' 'no' 'no' 'no' 'no' 'no' 'no']
30, 160, 55
31, 170, 46
34, 180, 48
35, 190, 58
37, 200, 55
38, 210, 56
['yes' 'no' 'no' 'no' 'no' 'no' 'no' 'yes' 'yes' 'yes']
['no' 'no' 'no' 'no' 'no' 'no' 'no' 'no' 'no' 'no']
35, 210, 56
37, 220, 51
39, 230, 50
40, 240, 52
42, 250, 55
43, 260, 55
['yes' 'yes' 'no' 'no' 'no' 'no' 'no' 'no' 'no' 'yes']
['no' 'no' 'no' 'no' 'no' 'no' 'no' 'no' 'no' 'no']
36, 260, 55
38, 270, 48
41, 280, 49
44, 290, 57
44, 300, 71
46, 310, 63
['no' 'no' 'yes' 'yes' 'yes' 'no' 'yes' 'yes' 'yes' 'yes']
['no' 'no' 'no' 'no' 'no' 'no' 'no' 'no' 'no' 'no']
44, 310, 63
45, 320, 56
47, 330, 58
48, 340, 60
49, 350, 61
52, 360, 62
['yes' 'yes' 'no' 'no' 'no' 'yes' 'no' 'yes' 'yes' 'no']
['no' 'no' 'yes' 'no' 'yes' 'no' 'no' 'no' 'no' 'no']
51, 360, 62
52, 370, 63
57, 380, 64
59, 390, 77
60, 400, 78
60, 410, 79
['yes' 'no' 'no' 'yes' 'yes' 'no' 'no' 'yes' 'yes' 'no']
['no' 'no' 'no' 'no' 'no' 'yes' 'no' 'no' 'no' 'no']
58, 410, 79
61, 420, 70
63, 430, 76
65, 440, 83
66, 450, 82
68, 460, 84
['no' 'no' 'no' 'yes' 'no' 'no' 'yes' 'no' 'no' 'no']
['no' 'no' 'no' 'no' 'no' 'no' 'no' 'no' 'no' 'no']
63, 460, 84
64, 470, 74
67, 480, 75
68, 490, 81
70, 500, 80
70, 510, 84
['no' 'no' 'no' 'no' 'no' 'no' 'no' 'no' 'yes' 'yes']
['no' 'no' 'no' 'no' 'no' 'no' 'no' 'no' 'no' 'no']
62, 510, 84
63, 520, 71
64, 530, 71
66, 540, 73
67, 550, 77
68, 560, 78
['no' 'no' 'no' 'no' 'no' 'no' 'no' 'no' 'yes' 'yes']
['no' 'no' 'yes' 'no' 'no' 'no' 'no' 'no' 'no' 'no']
62, 560, 78
65, 570, 70
68, 580, 74
71, 590, 77
73, 600, 87
74, 610, 88
['no' 'no' 'yes' 'yes' 'no' 'no' 'no' 'no' 'no' 'no']
['no' 'no' 'no' 'no' 'no' 'no' 'no' 'no' 'no' 'no']
67, 610, 88
67, 620, 78
67, 630, 77
68, 640, 77
68, 650, 77
68, 660, 79
['no' 'no' 'yes' 'no' 'yes' 'no' 'no' 'yes' 'yes' 'yes']
['no' 'no' 'no' 'no' 'no' 'no' 'no' 'no' 'no' 'no']
66, 660, 79
66, 670, 72
67, 680, 74
67, 690, 76
68, 700, 75
69, 710, 78
['no' 'no' 'no' 'no' 'no' 'no' 'no']
['no' 'no' 'no' 'no' 'no' 'no' 'no' 'no' 'no' 'no']
66, 710, 78
66, 720, 76
68, 730, 76
68, 740, 81
68, 750, 77
70, 760, 78
['no' 'no' 'no' 'no' 'no']
['no' 'no' 'no' 'no' 'no' 'no' 'no' 'no' 'no' 'no']
67, 760, 78
69, 770, 75
70, 780, 79
71, 790, 80
71, 800, 81
72, 810, 81
['no' 'no' 'yes' 'no' 'no' 'no' 'no']
['no' 'no' 'no' 'no' 'no' 'no' 'no' 'no' 'no' 'no']
68, 810, 81
68, 820, 77
68, 830, 78
70, 840, 77
70, 850, 78
70, 860, 79
['no' 'no' 'no']
['no' 'yes' 'no' 'no' 'no' 'no' 'no' 'no' 'no' 'no']
70, 860, 79
71, 870, 79
73, 880, 78
74, 890, 81
75, 900, 84
76, 910, 85
['yes' 'no' 'no' 'no' 'no' 'no' 'no' 'no' 'no']
['no' 'no' 'no' 'no' 'no' 'no' 'no' 'no' 'no' 'no']
69, 910, 85
69, 920, 77
70, 930, 75
72, 940, 79
72, 950, 80
73, 960, 81
['no' 'no' 'no' 'no']
['no' 'no' 'no' 'no' 'no' 'no' 'no' 'no' 'no' 'no']
71, 960, 81
71, 970, 77
74, 980, 79
75, 990, 82
75, 1000, 84
76, 1010, 85
['no' 'no' 'no' 'no' 'no' 'no']
['no' 'no' 'no' 'no' 'no' 'no' 'no' 'no' 'no' 'no']
71, 1010, 85
72, 1020, 77
72, 1030, 78
72, 1040, 79
72, 1050, 78
73, 1060, 79
['no' 'no' 'no']
['no' 'no' 'no' 'no' 'no' 'no' 'no' 'no' 'no' 'no']
72, 1060, 79
74, 1070, 78
75, 1080, 81
77, 1090, 82
78, 1100, 84
78, 1110, 86
['no' 'no' 'no' 'no' 'no' 'no']
['no' 'no' 'no' 'no' 'no' 'no' 'no' 'no' 'no' 'no']
76, 1110, 86
76, 1120, 81
77, 1130, 83
77, 1140, 84
78, 1150, 83
78, 1160, 85
['no' 'no' 'no']
['no' 'no' 'yes' 'no' 'no' 'no' 'no' 'no' 'no' 'no']
77, 1160, 85
77, 1170, 82
78, 1180, 82
81, 1190, 84
82, 1200, 88
84, 1210, 88
['no' 'no' 'no' 'yes' 'no' 'no' 'no' 'yes']
['no' 'no' 'no' 'no' 'no' 'no' 'no' 'no' 'no' 'no']
['no' 'no' 'no' 'no' 'no' 'yes' 'no' 'yes']
['no' 'no' 'no' 'no' 'no' 'no' 'no' 'no' 'no' 'no']
{'count': 1732, 'truepos': 56, 'falseneg': 1, 'unknownyes': 5, 'falsepos': 26, 'unique': 1210}
24: Wahono.csv: machine3: 0, 0
6, 10
7, 20, 103
8, 30, 103
8, 40, 102
10, 50, 66
11, 60, 61
null
[]
15, 70, 54
18, 80, 59
21, 90, 62
23, 100, 67
24, 110, 70
26, 120, 67
null
[]
27, 130, 64
28, 140, 58
29, 150, 60
30, 160, 57
31, 170, 57
32, 180, 54
null
['no' 'no' 'no' 'no' 'no' 'no' 'no' 'no' 'no' 'no']
32, 180, 54
33, 190, 53
35, 200, 55
35, 210, 57
35, 220, 55
35, 230, 53
null
['no' 'no' 'no' 'no' 'no' 'no' 'no' 'no' 'no' 'no']
35, 230, 53
35, 240, 53
36, 250, 52
36, 260, 53
40, 270, 51
45, 280, 56
null
['no' 'no' 'yes' 'no' 'no' 'no' 'no' 'no' 'no' 'no']
46, 280, 56
48, 290, 67
48, 300, 69
49, 310, 70
49, 320, 68
49, 330, 70
null
['no' 'no' 'no' 'no' 'no' 'no' 'no' 'yes' 'no' 'no']
49, 330, 70
50, 340, 67
50, 350, 68
50, 360, 67
50, 370, 67
51, 380, 64
null
['no' 'no' 'no' 'no' 'no' 'yes' 'no' 'no' 'no' 'no']
52, 380, 64
53, 390, 69
56, 400, 64
56, 410, 70
56, 420, 72
56, 430, 68
null
['no' 'no' 'no' 'no' 'no' 'no' 'no' 'no' 'no' 'no']
56, 430, 68
56, 440, 65
56, 450, 66
56, 460, 68
56, 470, 66
56, 480, 67
null
['no' 'no' 'no' 'no' 'no' 'no' 'no' 'no' 'no' 'no']
56, 480, 67
56, 490, 68
56, 500, 67
56, 510, 65
56, 520, 66
56, 530, 64
null
['no' 'no' 'no' 'no' 'no' 'no' 'no' 'no' 'no' 'no']
57, 530, 64
57, 540, 67
57, 550, 68
57, 560, 66
57, 570, 65
58, 580, 66
null
['no' 'no' 'no' 'no' 'no' 'no' 'no' 'no' 'no' 'no']
58, 580, 66
58, 590, 67
58, 600, 66
58, 610, 65
58, 620, 65
60, 630, 65
null
['no' 'no' 'no' 'no' 'no' 'no' 'no' 'no' 'no' 'no']
60, 630, 65
60, 640, 68
60, 650, 70
60, 660, 68
60, 670, 70
60, 680, 69
null
['no' 'no' 'no' 'no' 'no' 'no' 'no' 'no' 'no' 'no']
60, 680, 69
61, 690, 68
61, 700, 68
61, 710, 69
61, 720, 68
61, 730, 68
null
['no' 'no' 'no' 'no' 'no' 'no' 'no' 'no' 'no' 'no']
62, 730, 68
62, 740, 70
62, 750, 68
62, 760, 68
62, 770, 70
62, 780, 68
null
['no' 'no' 'no' 'no' 'no' 'no' 'no' 'no' 'no' 'no']
62, 780, 68
62, 790, 68
62, 800, 68
62, 810, 69
62, 820, 67
62, 830, 68
null
['no' 'no' 'no' 'no' 'no' 'no' 'no' 'no' 'no' 'no']
64, 830, 68
64, 840, 70
64, 850, 70
64, 860, 68
64, 870, 69
64, 880, 69
null
['no' 'no' 'no' 'no' 'no' 'no' 'no' 'no' 'no' 'no']
64, 880, 69
64, 890, 69
64, 900, 69
64, 910, 68
64, 920, 70
64, 930, 68
null
['no' 'no' 'no' 'no' 'no' 'no' 'no' 'no' 'no' 'no']
64, 930, 68
64, 940, 69
64, 950, 68
64, 960, 69
64, 970, 68
null
['no' 'no' 'no' 'no' 'no' 'no' 'no' 'no' 'no' 'no']
{'count': 1377, 'truepos': 52, 'falseneg': 6, 'unknownyes': 4, 'falsepos': 13, 'unique': 970}
24: Danijel.csv: none: 0, 0
4, 10
6, 20, 121
6, 30, 129
7, 40, 107
8, 50, 82
9, 60, 67
11, 70, 60
11, 80, 61
15, 90, 59
19, 100, 63
20, 110, 77
21, 120, 66
23, 130, 57
24, 140, 60
24, 150, 60
25, 160, 55
28, 170, 53
30, 180, 57
32, 190, 52
34, 200, 50
35, 210, 52
37, 220, 59
40, 230, 60
43, 240, 61
45, 250, 67
47, 260, 65
50, 270, 71
50, 280, 75
52, 290, 72
54, 300, 72
55, 310, 73
55, 320, 70
58, 330, 70
61, 340, 74
63, 350, 76
65, 360, 79
66, 370, 84
67, 380, 82
69, 390, 83
69, 400, 87
69, 410, 89
69, 420, 80
69, 430, 85
71, 440, 85
72, 450, 90
73, 460, 90
73, 470, 90
75, 480, 91
77, 490, 91
79, 500, 93
81, 510, 99
82, 520, 103
83, 530, 107
84, 540, 108
85, 550, 108
86, 560, 110
88, 570, 108
88, 580, 109
89, 590, 103
90, 600, 107
91, 610, 111
91, 620, 106
94, 630, 112
96, 640, 116
96, 650, 117
97, 660, 123
97, 670, 120
99, 680, 118
100, 690, 119
103, 700, 116
103, 710, 125
104, 720, 120
104, 730, 125
104, 740, 122
104, 750, 123
105, 760, 122
106, 770, 115
106, 780, 118
108, 790, 116
108, 800, 122
110, 810, 118
111, 820, 123
111, 830, 126
112, 840, 121
112, 850, 124
113, 860, 123
115, 870, 125
116, 880, 127
118, 890, 129
120, 900, 131
122, 910, 132
127, 920, 136
129, 930, 146
132, 940, 150
133, 950, 154
133, 960, 152
135, 970, 156
137, 980, 155
138, 990, 152
138, 1000, 158
139, 1010, 156
140, 1020, 157
140, 1030, 159
141, 1040, 158
141, 1050, 152
142, 1060, 152
143, 1070, 156
143, 1080, 155
143, 1090, 156
143, 1100, 157
146, 1110, 158
148, 1120, 161
148, 1130, 158
149, 1140, 158
150, 1150, 162
150, 1160, 161
151, 1170, 161
152, 1180, 169
154, 1190, 168
155, 1200, 173
155, 1210, 177
156, 1220, 169
156, 1230, 170
157, 1240, 175
157, 1250, 170
159, 1260, 174
159, 1270, 169
159, 1280, 176
159, 1290, 172
159, 1300, 169
159, 1310, 174
161, 1320, 170
162, 1330, 171
163, 1340, 176
164, 1350, 173
165, 1360, 173
166, 1370, 175
166, 1380, 181
167, 1390, 175
168, 1400, 182
169, 1410, 178
171, 1420, 179
171, 1430, 186
172, 1440, 183
172, 1450, 185
173, 1460, 182
{'count': 1460, 'truepos': 42, 'falseneg': 5, 'unknownyes': 1, 'falsepos': 131, 'unique': 1460}
24: Danijel.csv: three: 0, 0
4, 10
6, 20, 115
9, 30, 115
10, 40, 110
12, 50, 109
14, 60, 106
17, 70, 93
17, 80, 99
18, 90, 77
18, 100, 73
21, 110, 64
22, 120, 68
23, 130, 64
25, 140, 59
26, 150, 62
26, 160, 57
26, 170, 53
27, 180, 51
28, 190, 48
28, 200, 47
30, 210, 47
33, 220, 58
34, 230, 51
35, 240, 55
37, 250, 53
38, 260, 54
38, 270, 55
38, 280, 56
38, 290, 51
38, 300, 55
38, 310, 53
38, 320, 54
38, 330, 49
38, 340, 51
39, 350, 47
39, 360, 52
39, 370, 48
39, 380, 51
39, 390, 55
39, 400, 47
39, 410, 49
39, 420, 48
40, 430, 48
41, 440, 52
41, 450, 54
41, 460, 53
41, 470, 51
41, 480, 54
43, 490, 51
44, 500, 54
46, 510, 51
47, 520, 56
50, 530, 56
51, 540, 62
53, 550, 58
55, 560, 60
57, 570, 62
59, 580, 64
59, 590, 67
60, 600, 69
60, 610, 66
60, 620, 66
60, 630, 64
60, 640, 67
60, 650, 64
60, 660, 67
60, 670, 66
62, 680, 64
62, 690, 68
62, 700, 66
62, 710, 67
62, 720, 66
62, 730, 69
62, 740, 69
62, 750, 67
63, 760, 67
63, 770, 69
65, 780, 69
65, 790, 70
65, 800, 69
65, 810, 70
65, 820, 69
65, 830, 69
{'count': 1803, 'truepos': 43, 'falseneg': 1, 'unknownyes': 4, 'falsepos': 22, 'unique': 830}
24: Danijel.csv: machine: 0, 0
4, 10
6, 20, 123
7, 30, 114
8, 40, 102
8, 50, 86
10, 60, 61
['yes' 'yes' 'no' 'no' 'yes' 'yes' 'yes' 'yes' 'yes' 'no']
[]
8, 60, 61
11, 70, 63
13, 80, 74
13, 90, 67
13, 100, 57
16, 110, 51
['yes' 'yes' 'no' 'no' 'yes' 'yes' 'yes' 'no']
[]
11, 110, 51
12, 120, 49
15, 130, 48
19, 140, 50
22, 150, 58
24, 160, 58
['yes' 'yes' 'yes' 'yes' 'yes' 'no' 'yes' 'no' 'yes' 'yes']
[]
21, 160, 58
21, 170, 51
22, 180, 47
24, 190, 47
27, 200, 48
28, 210, 51
['yes' 'yes' 'no' 'no' 'no' 'yes' 'yes' 'no' 'yes' 'yes']
[]
25, 210, 51
26, 220, 49
28, 230, 48
28, 240, 51
32, 250, 49
32, 260, 55
['yes' 'yes' 'no' 'no' 'no' 'yes' 'no']
['no' 'yes' 'no' 'no' 'no' 'no' 'no' 'no' 'no' 'no']
31, 260, 55
34, 270, 45
36, 280, 51
39, 290, 54
39, 300, 59
40, 310, 54
['no' 'no' 'no' 'yes' 'yes' 'no' 'no' 'no' 'no' 'no']
['no' 'no' 'yes' 'no' 'no' 'no' 'no' 'no' 'no' 'no']
33, 310, 54
34, 320, 48
34, 330, 50
35, 340, 46
37, 350, 52
39, 360, 55
['no' 'yes' 'no' 'no' 'no' 'yes' 'yes' 'yes' 'no']
['no' 'no' 'no' 'no' 'no' 'no' 'no' 'no' 'no' 'no']
34, 360, 55
35, 370, 45
37, 380, 51
37, 390, 55
38, 400, 57
39, 410, 53
['no' 'no' 'no' 'no' 'no']
['no' 'no' 'no' 'no' 'no' 'no' 'no' 'no' 'no' 'no']
38, 410, 53
39, 420, 52
41, 430, 55
41, 440, 58
42, 450, 59
43, 460, 63
['no' 'no' 'no' 'no' 'yes' 'no' 'no' 'no' 'no']
['no' 'no' 'no' 'no' 'no' 'no' 'no' 'no' 'no' 'no']
37, 460, 63
39, 470, 45
40, 480, 48
41, 490, 48
42, 500, 50
42, 510, 51
['no' 'no' 'yes' 'no' 'yes' 'yes']
['no' 'yes' 'no' 'yes' 'no' 'no' 'no' 'no' 'no' 'no']
42, 510, 51
43, 520, 50
45, 530, 54
47, 540, 57
47, 550, 61
48, 560, 59
['no' 'no' 'no' 'no' 'no' 'no' 'no' 'yes']
['no' 'no' 'no' 'no' 'no' 'no' 'no' 'no' 'no' 'no']
42, 560, 59
43, 570, 49
43, 580, 50
44, 590, 50
46, 600, 52
46, 610, 58
['no' 'no' 'no' 'no' 'yes']
['no' 'yes' 'no' 'no' 'no' 'no' 'no' 'no' 'no' 'no']
43, 610, 58
43, 620, 49
45, 630, 48
46, 640, 51
46, 650, 53
47, 660, 51
['no' 'no' 'no' 'yes']
['no' 'no' 'no' 'no' 'no' 'no' 'no' 'no' 'no' 'no']
43, 660, 51
45, 670, 48
45, 680, 51
46, 690, 49
46, 700, 51
47, 710, 52
['no' 'no' 'no' 'no']
['no' 'no' 'no' 'no' 'no' 'no' 'no' 'no' 'no' 'no']
45, 710, 52
46, 720, 50
47, 730, 51
47, 740, 52
47, 750, 52
48, 760, 52
['no' 'no' 'no']
['no' 'no' 'no' 'no' 'no' 'no' 'no' 'no' 'no' 'no']
47, 760, 52
48, 770, 52
48, 780, 53
50, 790, 54
52, 800, 57
54, 810, 59
['no' 'no' 'no' 'no' 'no' 'no' 'no']
['no' 'no' 'no' 'no' 'no' 'no' 'no' 'no' 'no' 'no']
47, 810, 59
48, 820, 51
49, 830, 52
51, 840, 53
56, 850, 56
56, 860, 64
['no' 'no' 'no' 'no' 'no' 'no' 'no' 'no' 'no']
['no' 'no' 'no' 'no' 'no' 'no' 'no' 'no' 'no' 'no']
48, 860, 64
49, 870, 53
49, 880, 53
51, 890, 54
52, 900, 56
52, 910, 58
['no' 'no' 'no' 'no']
['no' 'no' 'no' 'no' 'no' 'no' 'no' 'no' 'no' 'no']
48, 910, 58
49, 920, 52
50, 930, 53
50, 940, 54
51, 950, 53
52, 960, 55
['no' 'no' 'no' 'no']
['no' 'no' 'no' 'no' 'no' 'no' 'no' 'no' 'no' 'no']
51, 960, 55
51, 970, 54
52, 980, 54
52, 990, 55
54, 1000, 56
54, 1010, 60
['no' 'no' 'no' 'no']
['no' 'no' 'no' 'no' 'no' 'no' 'no' 'no' 'no' 'no']
50, 1010, 60
50, 1020, 53
51, 1030, 53
52, 1040, 55
53, 1050, 57
55, 1060, 57
['no' 'no' 'yes' 'no' 'no']
['no' 'yes' 'no' 'no' 'no' 'no' 'no' 'no' 'no' 'no']
['yes' 'no' 'no' 'no' 'no']
['no' 'no' 'yes' 'no' 'no' 'no' 'no' 'no' 'no' 'no']
{'count': 1371, 'truepos': 41, 'falseneg': 4, 'unknownyes': 3, 'falsepos': 12, 'unique': 1060}
24: Danijel.csv: machine2: 0, 0
4, 10
4, 20, 123
6, 30, 93
8, 40, 87
10, 50, 78
13, 60, 73
['yes' 'yes' 'no' 'no' 'yes' 'yes' 'yes' 'yes' 'yes' 'yes']
[]
12, 60, 73
15, 70, 65
18, 80, 65
21, 90, 70
23, 100, 75
25, 110, 71
['yes' 'yes' 'yes' 'yes' 'yes' 'no' 'yes' 'yes' 'no' 'yes']
[]
23, 110, 71
24, 120, 59
25, 130, 57
26, 140, 55
26, 150, 53
29, 160, 49
['yes' 'yes' 'yes' 'yes' 'no' 'no' 'no' 'yes' 'yes' 'no']
[]
27, 160, 49
29, 170, 47
32, 180, 49
36, 190, 50
39, 200, 59
39, 210, 68
['yes' 'no' 'yes' 'no' 'yes' 'no' 'no' 'yes' 'yes' 'no']
['no' 'no' 'no' 'no' 'no' 'no' 'no' 'no' 'no' 'no']
36, 210, 68
38, 220, 58
38, 230, 61
38, 240, 57
39, 250, 52
42, 260, 55
['no' 'yes' 'no' 'yes' 'yes' 'yes' 'no' 'no' 'no' 'no']
['yes' 'no' 'no' 'no' 'yes' 'no' 'no' 'no' 'no' 'no']
39, 260, 55
40, 270, 52
41, 280, 52
42, 290, 54
43, 300, 53
43, 310, 53
['no' 'yes' 'no' 'no' 'no' 'yes' 'yes' 'no']
['no' 'no' 'no' 'no' 'no' 'yes' 'no' 'no' 'no' 'no']
43, 310, 53
43, 320, 52
44, 330, 52
44, 340, 53
44, 350, 52
46, 360, 55
['yes' 'yes' 'no' 'no' 'no']
['no' 'no' 'no' 'no' 'no' 'no' 'no' 'no' 'no' 'no']
44, 360, 55
44, 370, 57
44, 380, 53
45, 390, 53
47, 400, 53
48, 410, 58
['no' 'no' 'no' 'no' 'no']
['no' 'no' 'no' 'no' 'no' 'no' 'no' 'no' 'no' 'no']
44, 410, 58
46, 420, 52
47, 430, 57
47, 440, 59
47, 450, 60
48, 460, 58
['no' 'no' 'no' 'no' 'no']
['no' 'no' 'no' 'no' 'no' 'no' 'no' 'no' 'no' 'no']
44, 460, 58
46, 470, 51
47, 480, 55
49, 490, 54
50, 500, 61
51, 510, 60
['no' 'no' 'no' 'no' 'no' 'no' 'no' 'no']
['no' 'no' 'no' 'no' 'no' 'no' 'no' 'no' 'no' 'no']
47, 510, 60
49, 520, 59
50, 530, 60
50, 540, 60
50, 550, 59
51, 560, 68
['no' 'no' 'no' 'no' 'no']
['no' 'no' 'no' 'no' 'no' 'no' 'no' 'no' 'no' 'no']
50, 560, 68
51, 570, 61
51, 580, 65
52, 590, 63
52, 600, 61
54, 610, 65
['no' 'no' 'no' 'yes' 'no' 'no' 'no']
['no' 'no' 'no' 'no' 'no' 'no' 'no' 'no' 'no' 'no']
49, 610, 65
49, 620, 56
49, 630, 58
49, 640, 57
50, 650, 59
51, 660, 64
['no' 'no' 'no']
['no' 'no' 'no' 'no' 'no' 'no' 'no' 'no' 'no' 'no']
50, 660, 64
52, 670, 60
53, 680, 65
55, 690, 63
58, 700, 69
60, 710, 66
['no' 'no' 'no' 'no' 'no' 'no' 'no' 'no' 'no' 'no']
['no' 'no' 'no' 'no' 'no' 'no' 'no' 'no' 'no' 'no']
52, 710, 66
53, 720, 58
54, 730, 59
54, 740, 62
57, 750, 59
57, 760, 62
['no' 'no' 'no' 'yes' 'no' 'no' 'no']
['no' 'no' 'no' 'no' 'no' 'no' 'no' 'no' 'no' 'no']
55, 760, 62
58, 770, 60
58, 780, 63
60, 790, 63
62, 800, 65
64, 810, 70
['no' 'no' 'no' 'no' 'no' 'no' 'no' 'no' 'no' 'no']
['no' 'no' 'no' 'no' 'no' 'no' 'no' 'no' 'no' 'no']
55, 810, 70
57, 820, 59
58, 830, 64
59, 840, 63
59, 850, 63
61, 860, 64
['no' 'no' 'no' 'no' 'no' 'no' 'no' 'no' 'no']
['no' 'no' 'no' 'no' 'no' 'no' 'no' 'no' 'no' 'no']
['no' 'no' 'no' 'no' 'no' 'no' 'no' 'no' 'no']
['no' 'no' 'no' 'no' 'no' 'no' 'no' 'no' 'no' 'no']
{'count': 1204, 'truepos': 37, 'falseneg': 7, 'unknownyes': 4, 'falsepos': 19, 'unique': 860}
24: Danijel.csv: machine3: 0, 0
3, 10
3, 20, 127
4, 30, 88
5, 40, 68
6, 50, 59
9, 60, 57
null
[]
11, 70, 65
11, 80, 66
15, 90, 52
18, 100, 58
19, 110, 70
19, 120, 62
null
[]
19, 130, 49
21, 140, 46
21, 150, 49
21, 160, 44
21, 170, 44
21, 180, 43
null
[]
23, 190, 42
24, 200, 44
24, 210, 43
24, 220, 42
24, 230, 42
25, 240, 42
null
[]
25, 250, 43
26, 260, 43
27, 270, 44
31, 280, 45
31, 290, 50
31, 300, 46
null
['no' 'no' 'no' 'no' 'yes' 'no' 'no' 'no' 'no' 'no']
32, 300, 46
33, 310, 44
33, 320, 46
35, 330, 43
37, 340, 44
38, 350, 51
null
['no' 'no' 'no' 'no' 'no' 'no' 'no' 'no' 'no' 'no']
38, 350, 51
38, 360, 47
38, 370, 53
38, 380, 50
38, 390, 46
39, 400, 54
null
['yes' 'no' 'no' 'no' 'no' 'no' 'yes' 'no' 'no' 'no']
39, 400, 54
40, 410, 54
41, 420, 60
41, 430, 61
41, 440, 52
41, 450, 58
null
['no' 'no' 'no' 'no' 'no' 'no' 'no' 'no' 'no' 'no']
41, 450, 58
41, 460, 54
43, 470, 50
44, 480, 53
44, 490, 55
44, 500, 54
null
['no' 'no' 'no' 'no' 'no' 'no' 'no' 'no' 'no' 'no']
44, 500, 54
44, 510, 55
44, 520, 53
44, 530, 51
44, 540, 55
44, 550, 51
null
['no' 'no' 'no' 'no' 'no' 'no' 'no' 'no' 'no' 'no']
44, 550, 51
44, 560, 52
44, 570, 51
44, 580, 52
44, 590, 51
44, 600, 53
null
['no' 'no' 'no' 'no' 'no' 'no' 'no' 'no' 'no' 'no']
44, 600, 53
44, 610, 51
45, 620, 50
46, 630, 51
46, 640, 50
46, 650, 51
null
['no' 'no' 'no' 'no' 'no' 'no' 'no' 'no' 'no' 'no']
46, 650, 51
46, 660, 51
46, 670, 52
46, 680, 51
46, 690, 51
48, 700, 51
null
['no' 'no' 'no' 'no' 'no' 'no' 'no' 'no' 'no' 'no']
48, 700, 51
48, 710, 55
48, 720, 53
48, 730, 52
48, 740, 53
48, 750, 52
null
['no' 'no' 'no' 'no' 'no' 'no' 'no' 'no' 'no' 'no']
48, 750, 52
48, 760, 57
49, 770, 53
49, 780, 54
49, 790, 54
49, 800, 53
null
['no' 'no' 'no' 'no' 'no' 'no' 'no' 'no' 'no' 'no']
49, 800, 53
49, 810, 54
49, 820, 53
49, 830, 53
49, 840, 55
49, 850, 53
null
['no' 'no' 'no' 'no' 'no' 'no' 'no' 'no' 'no' 'no']
49, 850, 53
49, 860, 54
50, 870, 53
50, 880, 55
null
['no' 'no' 'no' 'no' 'no' 'no' 'no' 'no' 'no' 'no']
{'count': 1198, 'truepos': 41, 'falseneg': 5, 'unknownyes': 2, 'falsepos': 9, 'unique': 880}
24: K_all3.csv: none: 0, 0
3, 10
4, 20, 74
5, 30, 70
6, 40, 64
7, 50, 60
7, 60, 53
7, 70, 46
8, 80, 43
9, 90, 43
11, 100, 42
11, 110, 43
14, 120, 42
14, 130, 45
16, 140, 43
18, 150, 46
22, 160, 45
22, 170, 49
23, 180, 46
24, 190, 46
25, 200, 47
26, 210, 47
30, 220, 47
32, 230, 39
34, 240, 41
36, 250, 44
39, 260, 45
42, 270, 48
42, 280, 52
43, 290, 49
44, 300, 52
45, 310, 51
45, 320, 53
47, 330, 53
50, 340, 55
51, 350, 60
52, 360, 61
53, 370, 60
55, 380, 61
55, 390, 63
57, 400, 66
58, 410, 68
60, 420, 66
62, 430, 70
64, 440, 69
64, 450, 69
66, 460, 71
66, 470, 70
66, 480, 71
67, 490, 70
68, 500, 74
69, 510, 73
69, 520, 76
69, 530, 73
70, 540, 73
{'count': 540, 'truepos': 29, 'falseneg': 3, 'unknownyes': 13, 'falsepos': 41, 'unique': 540}
24: K_all3.csv: three: 0, 0
1, 10
2, 20, 93
2, 30, 63
3, 40, 54
5, 50, 43
7, 60, 45
9, 70, 44
13, 80, 41
13, 90, 48
16, 100, 43
19, 110, 50
19, 120, 54
19, 130, 49
20, 140, 45
24, 150, 45
26, 160, 50
26, 170, 51
26, 180, 49
27, 190, 47
27, 200, 48
31, 210, 47
32, 220, 45
33, 230, 44
33, 240, 49
35, 250, 48
35, 260, 46
35, 270, 45
36, 280, 45
37, 290, 46
37, 300, 45
38, 310, 46
38, 320, 47
38, 330, 46
38, 340, 45
38, 350, 44
38, 360, 44
39, 370, 43
39, 380, 44
40, 390, 44
40, 400, 46
41, 410, 44
42, 420, 45
42, 430, 46
42, 440, 45
43, 450, 46
44, 460, 46
46, 470, 47
{'count': 1028, 'truepos': 34, 'falseneg': 0, 'unknownyes': 11, 'falsepos': 12, 'unique': 470}
24: K_all3.csv: machine: 0, 0
2, 10
2, 20, 73
4, 30, 63
4, 40, 67
5, 50, 57
8, 60, 54
['no' 'yes' 'no' 'yes' 'no' 'yes' 'yes' 'yes']
[]
4, 60, 54
5, 70, 54
6, 80, 51
6, 90, 50
6, 100, 46
6, 110, 44
['yes' 'no']
[]
5, 110, 44
6, 120, 44
9, 130, 43
12, 140, 46
14, 150, 47
17, 160, 47
['yes' 'yes' 'no' 'yes' 'no' 'yes' 'no' 'yes' 'no' 'yes']
['no']
12, 160, 47
15, 170, 45
16, 180, 47
17, 190, 45
21, 200, 44
23, 210, 44
['yes' 'yes' 'yes' 'yes' 'yes' 'yes' 'yes' 'no' 'yes' 'yes']
['no']
23, 210, 44
24, 220, 44
25, 230, 44
26, 240, 45
26, 250, 45
27, 260, 45
['no' 'no' 'no' 'no' 'yes' 'no' 'no' 'yes']
[]
22, 260, 45
23, 270, 42
24, 280, 43
25, 290, 44
27, 300, 44
29, 310, 46
['no' 'yes' 'no' 'no' 'no' 'no' 'yes']
['no' 'no' 'no']
24, 310, 46
24, 320, 44
25, 330, 43
26, 340, 44
27, 350, 46
29, 360, 46
['no' 'no' 'no' 'no' 'no']
['no']
24, 360, 46
26, 370, 43
26, 380, 45
27, 390, 44
30, 400, 45
31, 410, 36
['no' 'yes' 'no' 'yes' 'no' 'yes' 'yes']
['no' 'no' 'no' 'no' 'no' 'no' 'no' 'no' 'no' 'no']
28, 410, 36
30, 420, 45
31, 430, 36
32, 440, 38
35, 450, 38
38, 460, 41
['no' 'no' 'no' 'no' 'no' 'no' 'no' 'no' 'yes' 'no']
['no' 'no' 'no' 'no' 'no' 'no' 'no' 'no' 'no' 'no']
31, 460, 41
31, 470, 35
31, 480, 34
31, 490, 34
31, 500, 34
35, 510, 34
['no' 'no' 'yes' 'no' 'no' 'no' 'no']
['yes' 'no' 'no' 'no' 'no' 'no' 'no' 'no' 'no' 'no']
['no' 'no' 'yes' 'no' 'no' 'no' 'no']
['no' 'no' 'yes' 'no' 'no' 'no' 'no' 'no' 'no' 'no']
{'count': 620, 'truepos': 29, 'falseneg': 8, 'unknownyes': 8, 'falsepos': 2, 'unique': 510}
24: K_all3.csv: machine2: 0, 0
2, 10
3, 20, 75
4, 30, 66
8, 40, 62
10, 50, 71
14, 60, 66
['no' 'no' 'yes' 'no' 'yes' 'no' 'yes' 'yes' 'yes' 'no']
[]
9, 60, 66
13, 70, 61
19, 80, 63
21, 90, 72
24, 100, 70
25, 110, 72
['yes' 'no' 'yes' 'no' 'yes' 'no' 'yes' 'no' 'yes' 'yes']
[]
22, 110, 72
23, 120, 61
28, 130, 55
28, 140, 65
30, 150, 60
31, 160, 49
['no' 'yes' 'yes' 'no' 'yes' 'yes' 'yes' 'yes' 'no' 'no']
['no' 'no' 'no' 'no' 'no' 'no' 'no' 'no' 'no' 'no']
29, 160, 49
31, 170, 58
33, 180, 45
34, 190, 45
37, 200, 46
39, 210, 52
['no' 'no' 'no' 'no' 'yes' 'yes' 'no' 'no' 'no' 'yes']
['no' 'no' 'no' 'no' 'no' 'no' 'no' 'no' 'no' 'no']
32, 210, 52
34, 220, 47
36, 230, 47
37, 240, 47
38, 250, 49
38, 260, 49
['yes' 'no' 'no' 'yes' 'no' 'yes' 'yes' 'yes' 'no' 'no']
['no' 'no' 'no' 'no' 'no' 'no' 'no' 'no' 'no' 'no']
34, 260, 49
35, 270, 40
35, 280, 42
35, 290, 41
38, 300, 40
38, 310, 44
['no' 'no' 'no' 'no' 'no' 'yes' 'no' 'no' 'yes' 'no']
['no' 'no' 'no' 'no' 'no' 'no' 'no' 'no' 'no' 'no']
31, 310, 44
32, 320, 35
33, 330, 35
34, 340, 37
36, 350, 38
38, 360, 40
['no' 'no' 'yes' 'no' 'no' 'no' 'yes' 'no' 'yes']
['no' 'no' 'no' 'no' 'no' 'no' 'no' 'no' 'no' 'no']
['no' 'yes' 'yes' 'no' 'no' 'no' 'no' 'no' 'yes']
['no' 'no' 'no' 'no' 'no' 'no' 'no' 'no' 'no' 'no']
{'count': 521, 'truepos': 30, 'falseneg': 2, 'unknownyes': 13, 'falsepos': 3, 'unique': 360}
24: K_all3.csv: machine3: 0, 0
0, 10
1, 20
4, 30, 102
4, 40, 69
5, 50, 59
8, 60, 49
9, 70, 56
null
['no']
9, 70, 56
12, 80, 50
13, 90, 54
14, 100, 52
14, 110, 50
14, 120, 46
null
[]
15, 130, 44
20, 140, 44
23, 150, 52
27, 160, 55
27, 170, 58
27, 180, 56
null
[]
28, 190, 53
28, 200, 53
30, 210, 51
32, 220, 48
34, 230, 45
34, 240, 47
null
['no' 'no' 'no' 'no' 'no' 'no' 'no' 'no' 'no' 'no']
34, 240, 47
34, 250, 45
34, 260, 43
35, 270, 41
36, 280, 44
36, 290, 45
null
['no' 'no' 'no' 'no' 'no' 'no' 'no' 'no' 'no' 'no']
36, 290, 45
36, 300, 41
36, 310, 42
36, 320, 42
36, 330, 40
39, 340, 39
null
['no' 'no' 'no' 'no' 'no' 'no' 'no' 'no' 'no' 'no']
null
['no' 'no' 'no' 'no' 'no' 'no' 'no' 'no' 'no' 'no']
{'count': 477, 'truepos': 28, 'falseneg': 2, 'unknownyes': 15, 'falsepos': 12, 'unique': 340}

------------------------------------------------------------
Sender: LSF System <lsfadmin@n2g2-11>
Subject: Job 269532: </share/tjmenzie/zyu9/miniconda2/bin/python2.7 runner.py error_hpcc 24> Done

Job </share/tjmenzie/zyu9/miniconda2/bin/python2.7 runner.py error_hpcc 24> was submitted from host <login01.hpc.ncsu.edu> by user <zyu9> in cluster <henry2>.
Job was executed on host(s) <2*n2g2-11>, in queue <single_chassis>, as user <zyu9> in cluster <henry2>.
</home/zyu9> was used as the home directory.
</home/zyu9/projects/MAR_HPC/Error/src> was used as the working directory.
Started at Thu Oct 19 15:49:27 2017
Results reported at Thu Oct 19 20:30:48 2017

Your job looked like:

------------------------------------------------------------
# LSBATCH: User input
/share/tjmenzie/zyu9/miniconda2/bin/python2.7 runner.py error_hpcc 24
------------------------------------------------------------

Successfully completed.

Resource usage summary:

    CPU time   :  18479.79 sec.
    Max Memory :       200 MB
    Max Swap   :      1230 MB

    Max Processes  :         3
    Max Threads    :         8

The output (if any) is above this job summary.



PS:

Read file <./err/24.err.269532> for stderr output of this job.

