24: Hall.csv: none: 0, 0
8, 10
9, 20, 124
12, 30, 117
13, 40, 122
17, 50, 119
17, 60, 114
20, 70, 91
21, 80, 85
21, 90, 76
23, 100, 68
27, 110, 65
30, 120, 65
32, 130, 63
35, 140, 62
39, 150, 64
39, 160, 64
42, 170, 63
43, 180, 68
45, 190, 68
47, 200, 70
47, 210, 78
49, 220, 69
51, 230, 77
52, 240, 75
53, 250, 73
57, 260, 70
57, 270, 74
59, 280, 71
63, 290, 77
64, 300, 87
66, 310, 83
66, 320, 82
66, 330, 82
66, 340, 82
66, 350, 84
66, 360, 84
66, 370, 81
67, 380, 79
67, 390, 78
67, 400, 80
67, 410, 78
67, 420, 82
68, 430, 81
69, 440, 82
69, 450, 80
70, 460, 80
70, 470, 83
70, 480, 81
71, 490, 83
72, 500, 86
72, 510, 83
72, 520, 88
72, 530, 84
72, 540, 88
72, 550, 87
72, 560, 83
72, 570, 82
72, 580, 83
72, 590, 85
72, 600, 85
72, 610, 83
72, 620, 82
72, 630, 82
72, 640, 82
72, 650, 82
72, 660, 81
72, 670, 81
72, 680, 82
72, 690, 81
72, 700, 81
72, 710, 82
72, 720, 79
72, 730, 79
72, 740, 81
72, 750, 81
72, 760, 80
72, 770, 79
72, 780, 80
72, 790, 79
72, 800, 80
73, 810, 78
73, 820, 79
73, 830, 79
73, 840, 79
73, 850, 80
73, 860, 80
73, 870, 78
73, 880, 79
73, 890, 79
74, 900, 80
74, 910, 80
74, 920, 81
74, 930, 79
74, 940, 79
74, 950, 79
75, 960, 79
75, 970, 82
75, 980, 81
75, 990, 81
75, 1000, 81
75, 1010, 82
75, 1020, 80
75, 1030, 80
75, 1040, 81
75, 1050, 80
75, 1060, 80
75, 1070, 81
75, 1080, 80
75, 1090, 80
75, 1100, 80
75, 1110, 80
75, 1120, 80
75, 1130, 80
75, 1140, 79
75, 1150, 81
75, 1160, 80
75, 1170, 79
75, 1180, 80
75, 1190, 79
75, 1200, 80
75, 1210, 79
75, 1220, 79
75, 1230, 79
75, 1240, 79
75, 1250, 79
75, 1260, 79
75, 1270, 79
75, 1280, 79
75, 1290, 79
75, 1300, 79
75, 1310, 79
75, 1320, 79
75, 1330, 79
75, 1340, 79
75, 1350, 79
75, 1360, 79
{'count': 1360, 'truepos': 72, 'falseneg': 31, 'correction': 0, 'unknownyes': 1, 'falsepos': 3, 'unique': 1360}
24: Hall.csv: three: 0, 0
6, 10
8, 20, 107
13, 30, 106
14, 40, 116
16, 50, 119
18, 60, 118
20, 70, 115
21, 80, 121
25, 90, 98
29, 100, 103
30, 110, 110
35, 120, 89
39, 130, 92
44, 140, 92
47, 150, 89
51, 160, 85
52, 170, 85
53, 180, 85
55, 190, 83
56, 200, 87
60, 210, 78
63, 220, 90
65, 230, 82
67, 240, 86
70, 250, 84
71, 260, 86
71, 270, 99
71, 280, 89
71, 290, 87
72, 300, 86
72, 310, 87
72, 320, 84
72, 330, 86
73, 340, 85
73, 350, 88
74, 360, 84
74, 370, 85
74, 380, 86
74, 390, 84
74, 400, 83
74, 410, 90
74, 420, 86
74, 430, 83
74, 440, 83
74, 450, 83
75, 460, 82
75, 470, 84
75, 480, 83
75, 490, 82
75, 500, 82
75, 510, 84
75, 520, 82
75, 530, 82
75, 540, 81
75, 550, 82
75, 560, 80
75, 570, 80
75, 580, 80
75, 590, 80
75, 600, 80
75, 610, 80
75, 620, 80
75, 630, 79
75, 640, 80
75, 650, 80
75, 660, 80
75, 670, 79
75, 680, 80
75, 690, 79
75, 700, 80
75, 710, 79
75, 720, 79
75, 730, 79
75, 740, 79
75, 750, 79
75, 760, 79
75, 770, 79
{'count': 1590, 'truepos': 75, 'falseneg': 27, 'correction': 44, 'unknownyes': 2, 'falsepos': 0, 'unique': 770}
24: Hall.csv: machine: 0, 0
6, 10
7, 20, 102
11, 30, 98
15, 40, 102
18, 50, 109
20, 60, 122
[]
['yes' 'no' 'yes' 'no' 'yes' 'no' 'no']
22, 60, 117
27, 70, 116
30, 80, 134
34, 90, 112
38, 100, 126
42, 110, 121
['yes']
['no' 'no' 'no' 'yes' 'yes' 'yes' 'no' 'yes' 'no' 'yes' 'yes' 'no' 'no'
 'yes' 'no' 'yes' 'no' 'no' 'no' 'yes' 'no' 'no' 'no' 'no' 'yes' 'no' 'no'
 'no' 'no' 'no' 'no' 'no' 'no' 'no' 'no' 'yes' 'no' 'no' 'no' 'no' 'yes']
50, 110, 117
50, 120, 146
51, 130, 110
51, 140, 110
53, 150, 94
55, 160, 88
['yes']
['yes' 'no' 'no' 'no' 'no' 'no' 'yes' 'no' 'no' 'no' 'no' 'no' 'no' 'no'
 'no' 'no' 'yes' 'no' 'no' 'yes' 'no' 'no' 'yes' 'yes' 'no' 'no' 'no' 'no'
 'no' 'no' 'no' 'yes' 'yes' 'no' 'no' 'no' 'no' 'no' 'no' 'no' 'no' 'no'
 'yes' 'no' 'no']
61, 160, 93
64, 170, 98
65, 180, 109
66, 190, 102
71, 200, 102
73, 210, 99
[]
['no' 'no' 'no' 'yes' 'no' 'no' 'no' 'no' 'no' 'no' 'no' 'no' 'no' 'no'
 'no' 'no' 'no' 'no' 'no' 'no' 'no' 'no']
74, 210, 96
74, 220, 97
74, 230, 93
76, 240, 92
76, 250, 95
77, 260, 95
['yes']
['no' 'no' 'yes' 'no' 'no' 'no' 'no' 'no' 'no' 'no' 'no' 'no' 'no' 'no'
 'no' 'no' 'yes' 'yes' 'no' 'no' 'no' 'no' 'no' 'no' 'no' 'no' 'no' 'no']
79, 260, 97
79, 270, 109
83, 280, 95
85, 290, 101
87, 300, 102
87, 310, 104
['yes']
['no' 'yes' 'no' 'no' 'yes' 'no' 'no' 'no' 'no' 'no' 'no' 'no' 'no' 'no'
 'no' 'no' 'no' 'no' 'no' 'no']
87, 310, 101
88, 320, 103
88, 330, 104
89, 340, 101
90, 350, 101
90, 360, 103
['yes']
['no' 'no' 'no' 'yes' 'no']
91, 360, 100
91, 370, 104
91, 380, 103
91, 390, 100
91, 400, 101
91, 410, 101
['yes']
['no' 'no' 'no' 'no']
91, 410, 100
91, 420, 100
91, 430, 100
92, 440, 99
92, 450, 100
92, 460, 100
['yes']
['no' 'yes' 'no' 'no' 'no' 'no']
93, 460, 99
93, 470, 101
93, 480, 100
93, 490, 101
93, 500, 99
93, 510, 99
['yes']
[]
93, 510, 99
93, 520, 99
93, 530, 100
93, 540, 98
94, 550, 99
94, 560, 102
['no']
['no']
93, 560, 100
93, 570, 99
93, 580, 99
93, 590, 98
93, 600, 98
94, 610, 98
['no']
['no' 'no' 'yes' 'no']
93, 610, 100
93, 620, 98
93, 630, 98
93, 640, 98
{'count': 833, 'truepos': 93, 'falseneg': 9, 'correction': 27, 'unknownyes': 2, 'falsepos': 0, 'unique': 640}
24: Hall.csv: knee: 0, 0
6, 10
7, 20
7, 30
{'count': 35, 'truepos': 7, 'falseneg': 7, 'correction': 0, 'unknownyes': 90, 'falsepos': 0, 'unique': 30}
24: Wahono.csv: none: 0, 0
5, 10
5, 20, 101
7, 30, 90
11, 40, 76
13, 50, 87
14, 60, 77
14, 70, 60
17, 80, 46
18, 90, 51
18, 100, 52
19, 110, 45
19, 120, 47
19, 130, 47
19, 140, 46
19, 150, 46
19, 160, 46
19, 170, 46
19, 180, 47
20, 190, 47
22, 200, 47
23, 210, 48
24, 220, 49
24, 230, 50
24, 240, 49
25, 250, 49
28, 260, 50
28, 270, 55
28, 280, 54
29, 290, 53
32, 300, 54
32, 310, 54
33, 320, 50
33, 330, 54
35, 340, 47
35, 350, 55
35, 360, 57
35, 370, 53
36, 380, 52
36, 390, 53
37, 400, 51
37, 410, 52
37, 420, 59
37, 430, 52
38, 440, 49
38, 450, 54
38, 460, 51
39, 470, 51
39, 480, 52
39, 490, 53
39, 500, 49
39, 510, 49
39, 520, 50
39, 530, 49
39, 540, 48
39, 550, 49
39, 560, 49
39, 570, 49
39, 580, 49
39, 590, 48
40, 600, 47
41, 610, 49
41, 620, 51
41, 630, 49
41, 640, 49
41, 650, 52
41, 660, 50
41, 670, 49
41, 680, 49
41, 690, 50
41, 700, 48
41, 710, 48
41, 720, 50
41, 730, 48
41, 740, 49
41, 750, 47
41, 760, 47
41, 770, 47
41, 780, 46
41, 790, 46
41, 800, 48
41, 810, 47
41, 820, 46
41, 830, 47
41, 840, 46
41, 850, 47
41, 860, 46
41, 870, 46
41, 880, 47
41, 890, 46
41, 900, 45
41, 910, 46
41, 920, 45
41, 930, 45
41, 940, 46
41, 950, 46
41, 960, 45
41, 970, 45
41, 980, 45
41, 990, 45
41, 1000, 45
41, 1010, 46
41, 1020, 46
41, 1030, 45
41, 1040, 45
41, 1050, 46
41, 1060, 45
41, 1070, 45
41, 1080, 45
41, 1090, 45
41, 1100, 45
41, 1110, 45
41, 1120, 45
41, 1130, 44
41, 1140, 44
41, 1150, 44
42, 1160, 44
42, 1170, 45
42, 1180, 45
44, 1190, 46
44, 1200, 47
44, 1210, 47
44, 1220, 47
44, 1230, 47
44, 1240, 47
44, 1250, 47
44, 1260, 47
44, 1270, 47
44, 1280, 47
44, 1290, 47
44, 1300, 47
44, 1310, 47
44, 1320, 47
44, 1330, 47
{'count': 1330, 'truepos': 40, 'falseneg': 19, 'correction': 0, 'unknownyes': 3, 'falsepos': 4, 'unique': 1330}
24: Wahono.csv: three: 0, 0
4, 10
5, 20, 85
5, 30, 91
7, 40, 85
9, 50, 67
13, 60, 50
13, 70, 62
13, 80, 48
13, 90, 44
13, 100, 42
14, 110, 44
14, 120, 43
15, 130, 43
17, 140, 45
18, 150, 49
18, 160, 49
18, 170, 48
18, 180, 48
19, 190, 48
20, 200, 49
21, 210, 50
22, 220, 49
23, 230, 52
23, 240, 52
27, 250, 50
28, 260, 52
28, 270, 52
30, 280, 50
30, 290, 48
31, 300, 48
31, 310, 51
32, 320, 53
32, 330, 51
32, 340, 50
33, 350, 49
34, 360, 48
34, 370, 49
37, 380, 52
37, 390, 53
38, 400, 51
38, 410, 59
38, 420, 52
38, 430, 53
40, 440, 53
40, 450, 57
40, 460, 53
41, 470, 54
41, 480, 54
41, 490, 59
41, 500, 58
41, 510, 53
41, 520, 56
41, 530, 55
41, 540, 52
41, 550, 53
41, 560, 51
41, 570, 54
41, 580, 52
41, 590, 51
41, 600, 52
41, 610, 52
41, 620, 51
41, 630, 52
41, 640, 50
41, 650, 51
41, 660, 51
41, 670, 50
41, 680, 48
41, 690, 49
41, 700, 51
42, 710, 49
44, 720, 50
44, 730, 52
44, 740, 52
44, 750, 51
44, 760, 51
45, 770, 53
45, 780, 54
45, 790, 53
45, 800, 51
45, 810, 52
46, 820, 53
46, 830, 53
46, 840, 53
46, 850, 56
46, 860, 54
46, 870, 54
46, 880, 55
47, 890, 53
47, 900, 55
47, 910, 55
47, 920, 55
47, 930, 55
47, 940, 54
47, 950, 54
47, 960, 53
47, 970, 54
47, 980, 54
47, 990, 54
47, 1000, 53
47, 1010, 52
47, 1020, 53
47, 1030, 54
47, 1040, 53
47, 1050, 53
47, 1060, 52
47, 1070, 53
47, 1080, 53
47, 1090, 52
47, 1100, 53
47, 1110, 52
47, 1120, 53
47, 1130, 52
47, 1140, 52
47, 1150, 52
47, 1160, 53
47, 1170, 51
47, 1180, 52
47, 1190, 53
47, 1200, 52
47, 1210, 52
47, 1220, 52
47, 1230, 52
47, 1240, 51
47, 1250, 51
47, 1260, 52
47, 1270, 52
47, 1280, 52
47, 1290, 51
47, 1300, 51
47, 1310, 51
47, 1320, 52
47, 1330, 51
47, 1340, 51
47, 1350, 51
47, 1360, 51
47, 1370, 51
47, 1380, 51
47, 1390, 51
47, 1400, 51
47, 1410, 51
47, 1420, 51
47, 1430, 51
47, 1440, 51
47, 1450, 50
47, 1460, 51
47, 1470, 51
47, 1480, 50
47, 1490, 50
47, 1500, 51
47, 1510, 51
47, 1520, 51
47, 1530, 51
47, 1540, 51
47, 1550, 50
47, 1560, 50
47, 1570, 51
47, 1580, 50
47, 1590, 51
47, 1600, 50
47, 1610, 50
47, 1620, 50
47, 1630, 50
47, 1640, 51
47, 1650, 50
47, 1660, 50
47, 1670, 51
48, 1680, 50
48, 1690, 51
48, 1700, 51
48, 1710, 51
48, 1720, 51
{'count': 3471, 'truepos': 47, 'falseneg': 13, 'correction': 25, 'unknownyes': 2, 'falsepos': 1, 'unique': 1720}
24: Wahono.csv: machine: 0, 0
5, 10
5, 20, 94
6, 30, 96
10, 40, 89
11, 50, 90
12, 60, 73
[]
['yes' 'no' 'no' 'no' 'no']
12, 60, 59
13, 70, 59
15, 80, 52
15, 90, 47
17, 100, 44
19, 110, 46
[]
['no' 'yes' 'no' 'no' 'no' 'no' 'no' 'yes' 'no' 'yes' 'no' 'no' 'no']
22, 110, 48
23, 120, 51
23, 130, 50
26, 140, 47
28, 150, 51
30, 160, 52
['yes']
['no' 'no' 'no' 'no' 'no' 'no' 'no' 'no' 'no' 'no' 'no' 'no' 'no' 'no'
 'no' 'no' 'no' 'no' 'no' 'no' 'no' 'no' 'no' 'no' 'no' 'no' 'no' 'no'
 'no' 'no' 'no' 'no' 'no' 'no' 'no' 'no' 'no' 'no' 'no' 'no' 'no' 'no'
 'no' 'no']
29, 160, 57
30, 170, 51
31, 180, 53
32, 190, 53
32, 200, 51
34, 210, 54
['yes']
['no' 'no' 'no' 'yes' 'no' 'yes' 'no' 'no' 'no' 'no' 'no' 'no' 'no' 'no'
 'yes' 'no' 'no' 'no' 'yes' 'no' 'no' 'no' 'no' 'no' 'no' 'no']
36, 210, 61
36, 220, 58
39, 230, 57
39, 240, 63
41, 250, 64
41, 260, 68
['yes']
['no' 'no' 'no' 'yes' 'no' 'no' 'no' 'no' 'no' 'no' 'no' 'no' 'no' 'no'
 'no' 'no' 'no' 'no' 'no' 'no' 'no' 'no' 'no' 'no' 'no' 'no' 'no' 'no'
 'no' 'no' 'no' 'no' 'no']
41, 260, 72
41, 270, 70
41, 280, 65
41, 290, 62
41, 300, 68
43, 310, 60
['yes']
['no' 'no' 'no' 'no' 'no' 'no' 'no' 'no' 'no' 'no' 'yes' 'no' 'no' 'no'
 'no' 'no']
44, 310, 64
44, 320, 63
44, 330, 67
45, 340, 63
46, 350, 66
47, 360, 62
['yes']
['no' 'no' 'no' 'no' 'no' 'no' 'no' 'no' 'no' 'no' 'no']
48, 360, 63
48, 370, 67
48, 380, 65
48, 390, 66
48, 400, 63
48, 410, 64
['yes']
['no' 'no' 'no' 'no' 'no' 'no']
47, 410, 65
47, 420, 63
47, 430, 65
47, 440, 61
47, 450, 61
47, 460, 62
['yes']
['no' 'no']
47, 460, 60
47, 470, 60
47, 480, 63
47, 490, 58
47, 500, 57
47, 510, 57
['yes']
['no' 'no' 'no']
46, 510, 59
46, 520, 57
46, 530, 57
46, 540, 57
46, 550, 55
48, 560, 54
['yes']
['no' 'yes' 'no' 'no' 'no' 'no' 'no']
48, 560, 58
49, 570, 57
49, 580, 60
49, 590, 59
49, 600, 57
49, 610, 58
['yes']
['no' 'no' 'no' 'no' 'no' 'no']
49, 610, 57
49, 620, 57
49, 630, 57
49, 640, 57
49, 650, 55
49, 660, 57
['yes']
['no']
49, 660, 57
49, 670, 57
49, 680, 56
49, 690, 56
49, 700, 56
49, 710, 56
['yes']
['no' 'no' 'no']
48, 710, 55
48, 720, 56
48, 730, 54
48, 740, 55
48, 750, 54
48, 760, 53
['no']
['no' 'no']
47, 760, 55
47, 770, 52
48, 780, 52
49, 790, 53
49, 800, 55
49, 810, 56
['yes']
['no' 'no' 'no' 'no']
49, 810, 55
50, 820, 54
51, 830, 55
51, 840, 58
51, 850, 58
51, 860, 56
['yes']
['no' 'no' 'no' 'no' 'no']
51, 860, 57
51, 870, 57
51, 880, 56
51, 890, 58
51, 900, 56
51, 910, 57
['yes']
['no' 'no']
51, 910, 57
51, 920, 56
51, 930, 56
51, 940, 56
51, 950, 55
51, 960, 56
['yes']
['no' 'no' 'no']
51, 960, 57
51, 970, 56
51, 980, 57
51, 990, 55
51, 1000, 56
51, 1010, 56
['yes']
[]
51, 1010, 56
51, 1020, 56
51, 1030, 55
51, 1040, 55
51, 1050, 55
51, 1060, 56
['yes']
['no']
51, 1060, 55
51, 1070, 56
51, 1080, 55
51, 1090, 55
51, 1100, 56
51, 1110, 55
['yes']
['no' 'no' 'no' 'no']
51, 1110, 55
51, 1120, 55
51, 1130, 55
51, 1140, 55
51, 1150, 55
51, 1160, 55
['yes']
[]
51, 1160, 55
51, 1170, 55
51, 1180, 55
51, 1190, 55
51, 1200, 55
51, 1210, 55
['yes']
['no']
51, 1210, 54
51, 1220, 55
51, 1230, 54
51, 1240, 55
51, 1250, 54
51, 1260, 54
['no']
[]
50, 1260, 54
50, 1270, 53
50, 1280, 54
50, 1290, 53
50, 1300, 53
50, 1310, 53
['yes']
[]
50, 1310, 53
50, 1320, 53
50, 1330, 53
{'count': 1552, 'truepos': 48, 'falseneg': 10, 'correction': 9, 'unknownyes': 4, 'falsepos': 2, 'unique': 1330}
24: Wahono.csv: knee: 0, 0
4, 10
6, 20
7, 30
10, 40
12, 50
12, 60
12, 70
12, 80
{'count': 118, 'truepos': 16, 'falseneg': 1, 'correction': 4, 'unknownyes': 45, 'falsepos': 0, 'unique': 80}
24: Danijel.csv: none: 0, 0
4, 10
4, 20, 125
5, 30, 91
5, 40, 71
6, 50, 55
7, 60, 51
8, 70, 46
9, 80, 45
9, 90, 44
11, 100, 42
12, 110, 47
14, 120, 43
16, 130, 44
18, 140, 44
19, 150, 45
20, 160, 45
21, 170, 43
22, 180, 44
22, 190, 43
22, 200, 42
22, 210, 42
22, 220, 42
22, 230, 42
22, 240, 42
22, 250, 42
22, 260, 42
22, 270, 42
23, 280, 43
23, 290, 43
23, 300, 43
23, 310, 43
23, 320, 43
23, 330, 43
24, 340, 43
24, 350, 44
24, 360, 44
24, 370, 45
24, 380, 45
24, 390, 45
24, 400, 45
24, 410, 45
25, 420, 45
25, 430, 46
25, 440, 46
25, 450, 46
26, 460, 46
26, 470, 47
26, 480, 47
27, 490, 48
27, 500, 49
27, 510, 49
27, 520, 49
27, 530, 49
27, 540, 50
27, 550, 50
27, 560, 50
27, 570, 50
27, 580, 50
27, 590, 50
27, 600, 50
27, 610, 50
27, 620, 50
27, 630, 50
28, 640, 50
29, 650, 51
30, 660, 51
30, 670, 35
30, 680, 35
30, 690, 35
30, 700, 35
30, 710, 35
30, 720, 35
31, 730, 34
31, 740, 36
31, 750, 35
31, 760, 37
32, 770, 35
32, 780, 36
32, 790, 36
32, 800, 36
32, 810, 36
32, 820, 36
32, 830, 37
32, 840, 35
32, 850, 37
32, 860, 35
32, 870, 35
32, 880, 36
32, 890, 35
32, 900, 35
32, 910, 36
32, 920, 35
32, 930, 35
32, 940, 35
32, 950, 34
32, 960, 35
32, 970, 35
32, 980, 35
32, 990, 35
32, 1000, 35
32, 1010, 35
32, 1020, 35
32, 1030, 35
32, 1040, 35
32, 1050, 35
32, 1060, 34
32, 1070, 34
32, 1080, 35
32, 1090, 35
32, 1100, 34
32, 1110, 34
32, 1120, 34
32, 1130, 34
32, 1140, 34
32, 1150, 34
33, 1160, 34
33, 1170, 35
33, 1180, 35
33, 1190, 35
34, 1200, 36
34, 1210, 37
34, 1220, 36
34, 1230, 36
34, 1240, 36
34, 1250, 36
34, 1260, 37
34, 1270, 37
34, 1280, 37
34, 1290, 37
34, 1300, 36
34, 1310, 36
34, 1320, 36
34, 1330, 36
34, 1340, 36
34, 1350, 36
34, 1360, 36
34, 1370, 36
35, 1380, 36
35, 1390, 38
35, 1400, 38
35, 1410, 38
35, 1420, 37
35, 1430, 37
35, 1440, 37
35, 1450, 37
{'count': 1450, 'truepos': 31, 'falseneg': 16, 'correction': 0, 'unknownyes': 1, 'falsepos': 4, 'unique': 1450}
24: Danijel.csv: three: 0, 0
4, 10
4, 20, 125
6, 30, 96
7, 40, 86
7, 50, 72
9, 60, 53
11, 70, 55
14, 80, 53
15, 90, 54
18, 100, 51
19, 110, 52
21, 120, 49
21, 130, 50
23, 140, 46
23, 150, 48
24, 160, 45
24, 170, 43
26, 180, 43
26, 190, 44
26, 200, 43
27, 210, 42
27, 220, 43
28, 230, 43
30, 240, 44
30, 250, 42
30, 260, 42
31, 270, 41
32, 280, 41
32, 290, 42
32, 300, 41
33, 310, 42
34, 320, 41
34, 330, 43
34, 340, 43
34, 350, 44
34, 360, 46
34, 370, 43
34, 380, 43
36, 390, 42
36, 400, 45
36, 410, 45
36, 420, 44
36, 430, 44
36, 440, 43
36, 450, 43
36, 460, 43
37, 470, 41
37, 480, 44
37, 490, 44
37, 500, 43
37, 510, 44
37, 520, 43
37, 530, 44
38, 540, 43
38, 550, 44
38, 560, 45
38, 570, 44
38, 580, 44
38, 590, 44
38, 600, 44
38, 610, 46
38, 620, 43
38, 630, 43
38, 640, 43
38, 650, 43
38, 660, 42
38, 670, 42
38, 680, 43
38, 690, 42
38, 700, 42
38, 710, 42
38, 720, 42
38, 730, 42
38, 740, 43
38, 750, 42
38, 760, 42
38, 770, 42
38, 780, 42
38, 790, 41
38, 800, 41
39, 810, 42
39, 820, 42
39, 830, 42
39, 840, 42
39, 850, 42
39, 860, 42
39, 870, 42
39, 880, 42
39, 890, 42
39, 900, 42
39, 910, 42
39, 920, 42
39, 930, 42
{'count': 1884, 'truepos': 39, 'falseneg': 7, 'correction': 20, 'unknownyes': 2, 'falsepos': 0, 'unique': 930}
24: Danijel.csv: machine: 0, 0
2, 10
2, 20, 112
3, 30, 82
3, 40, 68
3, 50, 55
3, 60, 52
[]
[]
4, 70, 51
7, 80, 52
8, 90, 63
10, 100, 55
10, 110, 57
12, 120, 47
[]
['yes' 'no' 'no' 'yes' 'no' 'no' 'no' 'no' 'no' 'no' 'yes' 'no' 'no' 'no'
 'no']
15, 120, 47
15, 130, 48
16, 140, 46
19, 150, 45
20, 160, 51
20, 170, 49
[]
['no' 'no' 'no' 'no' 'no' 'no' 'no' 'no' 'no' 'no' 'no' 'no']
20, 170, 46
22, 180, 46
22, 190, 47
24, 200, 45
24, 210, 47
24, 220, 45
[]
['yes' 'no' 'no' 'no' 'no' 'no' 'no' 'no' 'no']
24, 220, 44
25, 230, 44
25, 240, 44
27, 250, 43
27, 260, 44
28, 270, 43
[]
['no' 'no' 'no' 'no' 'no']
28, 270, 43
29, 280, 43
30, 290, 43
30, 300, 42
31, 310, 42
31, 320, 41
['yes']
['no' 'no' 'no' 'no' 'no' 'no' 'no' 'no' 'no' 'no' 'yes' 'no' 'no' 'yes'
 'no' 'no' 'yes' 'no' 'no' 'no' 'no' 'no' 'no' 'no' 'no' 'no' 'no' 'no'
 'no' 'no' 'no' 'no' 'no' 'no' 'no' 'no']
34, 320, 41
34, 330, 45
34, 340, 43
34, 350, 45
34, 360, 44
34, 370, 42
['yes']
['no' 'no' 'no' 'no' 'no' 'no' 'no' 'no' 'no' 'no' 'no' 'no' 'no']
33, 370, 42
34, 380, 41
35, 390, 42
35, 400, 42
35, 410, 44
35, 420, 43
['yes']
['no' 'no' 'no' 'no' 'no' 'no' 'no' 'no' 'no' 'no' 'no' 'no' 'no' 'no'
 'no' 'no' 'no']
35, 420, 42
35, 430, 43
35, 440, 43
35, 450, 42
36, 460, 41
36, 470, 42
['yes']
['yes' 'no' 'no' 'no' 'no' 'no']
37, 470, 42
37, 480, 43
37, 490, 44
37, 500, 44
37, 510, 43
37, 520, 42
['no']
['no' 'no']
36, 520, 42
36, 530, 41
36, 540, 41
36, 550, 41
36, 560, 40
36, 570, 40
['yes']
[]
36, 570, 40
36, 580, 41
36, 590, 40
37, 600, 40
37, 610, 42
37, 620, 41
['yes']
['no' 'no' 'no' 'no' 'no' 'no']
36, 620, 42
36, 630, 41
36, 640, 40
37, 650, 40
37, 660, 41
37, 670, 41
['yes']
['no' 'no' 'no' 'no']
37, 670, 41
37, 680, 41
37, 690, 40
37, 700, 41
37, 710, 41
37, 720, 40
['yes']
['no' 'no']
37, 720, 40
37, 730, 41
37, 740, 41
37, 750, 41
37, 760, 40
37, 770, 40
['yes']
['no']
37, 770, 40
37, 780, 41
37, 790, 41
37, 800, 39
37, 810, 39
37, 820, 40
['yes']
['no' 'no' 'no']
36, 820, 40
36, 830, 39
36, 840, 38
36, 850, 39
36, 860, 39
36, 870, 39
['yes']
['no' 'yes' 'no']
37, 870, 39
37, 880, 39
37, 890, 39
37, 900, 39
37, 910, 39
37, 920, 39
['yes']
[]
36, 920, 39
36, 930, 38
36, 940, 38
36, 950, 38
36, 960, 38
36, 970, 38
['yes']
['no' 'no']
35, 970, 38
35, 980, 37
35, 990, 37
35, 1000, 37
35, 1010, 37
35, 1020, 37
['yes']
['no']
35, 1020, 37
35, 1030, 37
{'count': 1182, 'truepos': 35, 'falseneg': 11, 'correction': 9, 'unknownyes': 2, 'falsepos': 0, 'unique': 1030}
24: Danijel.csv: knee: 0, 0
2, 10
4, 20
5, 30
5, 40
8, 50
11, 60
13, 70
15, 80
17, 90
17, 100
17, 110
18, 120
18, 130
19, 140
22, 150
24, 160
24, 170
24, 180
24, 190
24, 200
24, 210
24, 220
25, 230
25, 240
26, 250
27, 260
28, 270
28, 280
29, 290
29, 300
29, 310
29, 320
29, 330
29, 340
29, 350
29, 360
29, 370
29, 380
29, 390
29, 400
{'count': 541, 'truepos': 33, 'falseneg': 7, 'correction': 5, 'unknownyes': 8, 'falsepos': 0, 'unique': 400}
24: K_all3.csv: none: 0, 0
1, 10
3, 20, 89
6, 30, 63
6, 40, 63
7, 50, 52
7, 60, 47
9, 70, 42
10, 80, 44
11, 90, 42
11, 100, 42
11, 110, 40
12, 120, 38
13, 130, 39
15, 140, 38
20, 150, 40
20, 160, 45
21, 170, 43
21, 180, 43
23, 190, 42
23, 200, 43
23, 210, 42
23, 220, 42
23, 230, 42
24, 240, 41
24, 250, 43
24, 260, 42
24, 270, 42
24, 280, 42
24, 290, 42
24, 300, 42
24, 310, 42
24, 320, 42
24, 330, 41
24, 340, 41
24, 350, 41
24, 360, 41
25, 370, 41
26, 380, 41
26, 390, 42
26, 400, 41
26, 410, 41
27, 420, 41
29, 430, 41
30, 440, 43
30, 450, 36
31, 460, 35
31, 470, 37
31, 480, 35
31, 490, 36
31, 500, 35
31, 510, 35
31, 520, 35
31, 530, 34
32, 540, 34
32, 550, 35
32, 560, 35
33, 570, 35
33, 580, 36
33, 590, 35
33, 600, 35
33, 610, 35
34, 620, 35
34, 630, 36
35, 640, 36
35, 650, 37
35, 660, 37
35, 670, 37
35, 680, 37
35, 690, 37
35, 700, 37
{'count': 700, 'truepos': 33, 'falseneg': 9, 'correction': 0, 'unknownyes': 3, 'falsepos': 2, 'unique': 700}
24: K_all3.csv: three: 0, 0
1, 10
3, 20, 92
3, 30, 54
3, 40, 39
6, 50, 36
7, 60, 45
8, 70, 42
10, 80, 41
12, 90, 43
12, 100, 43
12, 110, 40
13, 120, 37
14, 130, 38
15, 140, 39
15, 150, 38
15, 160, 37
15, 170, 37
15, 180, 37
15, 190, 37
15, 200, 37
16, 210, 37
16, 220, 37
16, 230, 36
16, 240, 36
16, 250, 36
16, 260, 36
16, 270, 36
17, 280, 36
18, 290, 37
19, 300, 37
20, 310, 38
20, 320, 38
21, 330, 38
21, 340, 38
21, 350, 38
21, 360, 38
21, 370, 38
22, 380, 38
24, 390, 38
24, 400, 40
24, 410, 40
24, 420, 40
24, 430, 40
25, 440, 39
25, 450, 40
26, 460, 40
26, 470, 41
26, 480, 41
26, 490, 40
27, 500, 40
27, 510, 41
27, 520, 41
27, 530, 40
27, 540, 40
27, 550, 40
27, 560, 40
27, 570, 40
27, 580, 40
27, 590, 40
27, 600, 40
27, 610, 40
27, 620, 40
27, 630, 39
27, 640, 39
27, 650, 39
27, 660, 39
27, 670, 39
27, 680, 39
27, 690, 39
27, 700, 39
27, 710, 39
27, 720, 39
27, 730, 38
27, 740, 38
27, 750, 38
27, 760, 38
27, 770, 38
28, 780, 38
28, 790, 39
28, 800, 39
28, 810, 38
28, 820, 38
28, 830, 38
28, 840, 38
28, 850, 38
29, 860, 38
29, 870, 39
29, 880, 39
29, 890, 38
30, 900, 38
{'count': 1841, 'truepos': 30, 'falseneg': 13, 'correction': 39, 'unknownyes': 2, 'falsepos': 0, 'unique': 900}
24: K_all3.csv: machine: 0, 0
1, 10
3, 20, 93
4, 30, 54
6, 40, 43
6, 50, 51
6, 60, 40
[]
['no' 'no' 'no' 'no']
6, 60, 36
10, 70, 36
13, 80, 43
13, 90, 44
13, 100, 39
13, 110, 36
[]
['no' 'no' 'no' 'no' 'no' 'yes' 'no']
13, 110, 35
13, 120, 35
13, 130, 34
13, 140, 34
14, 150, 34
14, 160, 34
[]
[]
14, 170, 34
14, 180, 34
15, 190, 34
16, 200, 35
17, 210, 36
17, 220, 37
[]
['no' 'yes']
18, 220, 37
19, 230, 37
20, 240, 38
20, 250, 38
21, 260, 38
22, 270, 39
[]
['no' 'no' 'yes' 'no' 'no']
23, 270, 40
24, 280, 41
25, 290, 42
25, 300, 42
25, 310, 42
25, 320, 42
[]
['no' 'no' 'no']
25, 320, 41
25, 330, 41
26, 340, 41
26, 350, 42
26, 360, 42
26, 370, 42
[]
['no']
26, 370, 42
26, 380, 42
26, 390, 42
27, 400, 42
27, 410, 43
27, 420, 42
[]
[]
27, 430, 42
27, 440, 42
27, 450, 42
27, 460, 42
27, 470, 42
28, 480, 42
[]
[]
28, 490, 42
28, 500, 42
28, 510, 42
28, 520, 42
28, 530, 42
28, 540, 42
[]
[]
28, 550, 42
28, 560, 42
29, 570, 42
29, 580, 42
29, 590, 42
31, 600, 42
['no']
['no' 'no' 'no' 'no' 'no' 'no' 'no' 'yes' 'no' 'no' 'no' 'no' 'no' 'no'
 'no' 'no' 'no' 'no' 'no' 'yes' 'no' 'no' 'no' 'no' 'no' 'no' 'no' 'no'
 'no' 'no' 'no' 'no' 'no' 'no' 'no' 'no' 'no' 'no' 'no' 'no' 'yes' 'no'
 'no' 'no' 'no' 'no' 'no' 'no' 'no' 'no']
32, 600, 35
32, 610, 36
32, 620, 35
32, 630, 35
32, 640, 34
32, 650, 35
['no']
['no' 'no' 'no' 'no' 'no' 'no' 'no' 'no' 'no' 'no' 'no' 'no']
31, 650, 34
31, 660, 33
31, 670, 33
31, 680, 33
31, 690, 33
31, 700, 33
['no']
['no' 'no' 'yes' 'no']
{'count': 786, 'truepos': 25, 'falseneg': 14, 'correction': 6, 'unknownyes': 6, 'falsepos': 6, 'unique': 700}
24: K_all3.csv: knee: 0, 0
1, 10
3, 20
3, 30
5, 40
6, 50
9, 60
11, 70
12, 80
13, 90
14, 100
14, 110
14, 120
16, 130
18, 140
18, 150
19, 160
20, 170
20, 180
20, 190
21, 200
22, 210
24, 220
26, 230
26, 240
26, 250
26, 260
27, 270
27, 280
27, 290
28, 300
28, 310
29, 320
30, 330
31, 340
31, 350
31, 360
31, 370
32, 380
32, 390
33, 400
33, 410
33, 420
33, 430
33, 440
33, 450
33, 460
33, 470
33, 480
33, 490
33, 500
33, 510
33, 520
33, 530
33, 540
33, 550
33, 560
33, 570
33, 580
34, 590
34, 600
34, 610
35, 620
35, 630
36, 640
36, 650
36, 660
36, 670
36, 680
36, 690
36, 700
36, 710
36, 720
37, 730
37, 740
37, 750
37, 760
39, 770
39, 780
39, 790
39, 800
39, 810
39, 820
39, 830
40, 840
40, 850
40, 860
40, 870
40, 880
40, 890
40, 900
40, 910
40, 920
41, 930
41, 940
41, 950
41, 960
41, 970
41, 980
41, 990
41, 1000
41, 1010
41, 1020
41, 1030
41, 1040
41, 1050
41, 1060
41, 1070
{'count': 1389, 'truepos': 36, 'falseneg': 8, 'correction': 13, 'unknownyes': 1, 'falsepos': 5, 'unique': 1070}

------------------------------------------------------------
Sender: LSF System <lsfadmin@n2c2-9>
Subject: Job 639685: </share/tjmenzie/zyu9/miniconda2/bin/python2.7 runner.py error_hpcc 24> in cluster <henry2> Done

Job </share/tjmenzie/zyu9/miniconda2/bin/python2.7 runner.py error_hpcc 24> was submitted from host <login01.hpc.ncsu.edu> by user <zyu9> in cluster <henry2> at Thu Feb  1 12:17:34 2018.
Job was executed on host(s) <2*n2c2-9>, in queue <single_chassis>, as user <zyu9> in cluster <henry2> at Thu Feb  1 12:17:40 2018.
</home/zyu9> was used as the home directory.
</home/zyu9/projects/MAR_HPC/Error/src> was used as the working directory.
Started at Thu Feb  1 12:17:40 2018.
Terminated at Thu Feb  1 13:32:53 2018.
Results reported at Thu Feb  1 13:32:53 2018.

Your job looked like:

------------------------------------------------------------
# LSBATCH: User input
/share/tjmenzie/zyu9/miniconda2/bin/python2.7 runner.py error_hpcc 24
------------------------------------------------------------

Successfully completed.

Resource usage summary:

    CPU time :                                   5750.29 sec.
    Max Memory :                                 286.68 MB
    Average Memory :                             230.67 MB
    Total Requested Memory :                     -
    Delta Memory :                               -
    Max Swap :                                   1332 MB
    Max Processes :                              3
    Max Threads :                                8
    Run time :                                   4512 sec.
    Turnaround time :                            4519 sec.

The output (if any) is above this job summary.



PS: The stderr output (if any) follows:



PS:

Fail to open stderr file ./err/24.err.639685: No such file or directory.
The stderr output is included in this report.

