25: Hall.csv: none: 0, 0
3, 10
4, 20, 102
8, 30, 95
9, 40, 90
15, 50, 82
16, 60, 87
17, 70, 82
23, 80, 72
28, 90, 76
29, 100, 94
34, 110, 79
38, 120, 77
41, 130, 74
41, 140, 74
43, 150, 69
45, 160, 66
46, 170, 71
48, 180, 65
52, 190, 63
52, 200, 71
53, 210, 72
53, 220, 71
57, 230, 66
59, 240, 75
60, 250, 77
61, 260, 74
62, 270, 76
62, 280, 80
64, 290, 74
64, 300, 76
64, 310, 78
65, 320, 75
66, 330, 80
67, 340, 78
68, 350, 77
69, 360, 81
69, 370, 82
69, 380, 81
69, 390, 80
69, 400, 79
69, 410, 78
69, 420, 80
69, 430, 78
69, 440, 78
69, 450, 79
69, 460, 78
69, 470, 78
69, 480, 79
69, 490, 78
69, 500, 76
69, 510, 76
69, 520, 77
69, 530, 77
69, 540, 77
69, 550, 75
69, 560, 75
69, 570, 76
69, 580, 77
69, 590, 76
70, 600, 74
70, 610, 75
71, 620, 76
71, 630, 79
71, 640, 78
71, 650, 77
71, 660, 77
71, 670, 76
71, 680, 77
72, 690, 77
72, 700, 79
72, 710, 78
72, 720, 79
72, 730, 78
72, 740, 78
72, 750, 78
72, 760, 78
72, 770, 79
72, 780, 77
72, 790, 77
72, 800, 77
72, 810, 77
72, 820, 77
72, 830, 77
72, 840, 77
72, 850, 77
72, 860, 76
72, 870, 76
72, 880, 76
72, 890, 76
72, 900, 76
72, 910, 77
72, 920, 76
72, 930, 76
72, 940, 76
72, 950, 76
72, 960, 76
73, 970, 76
73, 980, 78
73, 990, 77
73, 1000, 77
73, 1010, 77
73, 1020, 77
73, 1030, 78
73, 1040, 77
73, 1050, 77
73, 1060, 78
{'count': 1060, 'truepos': 68, 'falseneg': 34, 'correction': 0, 'unknownyes': 2, 'falsepos': 5, 'unique': 1060}
25: Hall.csv: three: 0, 0
8, 10
9, 20, 126
10, 30, 118
13, 40, 116
18, 50, 105
21, 60, 108
23, 70, 109
28, 80, 104
30, 90, 120
35, 100, 84
40, 110, 87
42, 120, 93
46, 130, 87
49, 140, 90
51, 150, 89
52, 160, 89
56, 170, 78
59, 180, 89
64, 190, 86
68, 200, 86
68, 210, 97
71, 220, 86
71, 230, 88
72, 240, 87
73, 250, 92
74, 260, 88
75, 270, 90
76, 280, 87
78, 290, 86
78, 300, 90
80, 310, 91
80, 320, 93
80, 330, 93
81, 340, 90
81, 350, 95
81, 360, 98
81, 370, 92
81, 380, 91
81, 390, 91
81, 400, 93
81, 410, 92
81, 420, 93
81, 430, 90
81, 440, 88
81, 450, 88
81, 460, 90
82, 470, 90
82, 480, 92
82, 490, 92
82, 500, 91
82, 510, 90
82, 520, 89
82, 530, 89
82, 540, 89
82, 550, 90
82, 560, 90
82, 570, 89
82, 580, 87
82, 590, 89
82, 600, 89
82, 610, 87
82, 620, 87
82, 630, 89
82, 640, 88
82, 650, 89
82, 660, 87
{'count': 1364, 'truepos': 82, 'falseneg': 20, 'correction': 37, 'unknownyes': 2, 'falsepos': 0, 'unique': 660}
25: Hall.csv: machine: 0, 0
5, 10
6, 20, 97
10, 30, 99
11, 40, 107
13, 50, 95
16, 60, 69
[]
['no' 'no' 'yes' 'no' 'yes' 'no' 'no']
18, 60, 69
22, 70, 71
23, 80, 80
27, 90, 69
28, 100, 70
30, 110, 63
['yes']
['yes' 'no' 'no' 'no' 'yes' 'no' 'no' 'yes' 'yes' 'no' 'no' 'no' 'no' 'no'
 'yes' 'no' 'no' 'no' 'no' 'no' 'no' 'no' 'no' 'yes' 'yes' 'no' 'yes' 'no'
 'no' 'no' 'yes' 'no' 'no' 'no' 'no' 'no' 'no' 'no' 'no' 'no' 'no' 'no'
 'yes' 'yes']
38, 110, 50
42, 120, 70
46, 130, 77
48, 140, 77
51, 150, 75
51, 160, 82
['yes']
['no' 'yes' 'no' 'yes' 'yes' 'yes' 'no' 'no' 'no' 'no' 'no' 'yes' 'no'
 'no' 'no' 'no' 'no' 'no' 'no' 'yes' 'no' 'yes' 'no' 'no' 'no' 'no' 'no'
 'no' 'no' 'no' 'no' 'no' 'no' 'no' 'no' 'no' 'no' 'no' 'no' 'no' 'no'
 'no']
56, 160, 75
57, 170, 87
59, 180, 81
61, 190, 76
62, 200, 85
64, 210, 81
['yes']
['no' 'no' 'no' 'no' 'no' 'no' 'yes' 'no' 'no' 'no' 'yes' 'no' 'no' 'yes'
 'no' 'no' 'no' 'no' 'no' 'no' 'no' 'no' 'no' 'yes' 'no' 'no' 'no' 'no'
 'no' 'no' 'no' 'no' 'no' 'no' 'no' 'no' 'no' 'no']
67, 210, 85
72, 220, 83
74, 230, 90
76, 240, 88
78, 250, 91
79, 260, 96
['yes']
['no' 'yes' 'no' 'yes' 'no' 'no' 'no' 'no' 'no' 'no' 'no' 'no' 'yes' 'no'
 'no']
81, 260, 91
83, 270, 93
85, 280, 96
85, 290, 97
86, 300, 96
86, 310, 99
['yes']
['no' 'no' 'yes' 'no' 'no' 'no' 'yes' 'no' 'no' 'no' 'no' 'no' 'no' 'no']
87, 310, 101
87, 320, 101
87, 330, 100
87, 340, 100
87, 350, 98
87, 360, 96
['yes']
['no' 'yes' 'no' 'no']
87, 360, 97
87, 370, 97
87, 380, 94
88, 390, 95
88, 400, 98
89, 410, 96
['yes']
['no' 'no' 'no' 'yes' 'no' 'no' 'no']
88, 410, 100
88, 420, 96
88, 430, 95
88, 440, 97
88, 450, 96
88, 460, 96
['yes']
[]
88, 460, 95
88, 470, 95
88, 480, 94
88, 490, 95
88, 500, 93
88, 510, 94
['yes']
['no' 'no']
88, 510, 93
88, 520, 93
88, 530, 94
{'count': 712, 'truepos': 87, 'falseneg': 15, 'correction': 21, 'unknownyes': 2, 'falsepos': 1, 'unique': 530}
25: Hall.csv: knee: 0, 0
7, 10
10, 20
10, 30
13, 40
19, 50
20, 60
20, 70
24, 80
25, 90
28, 100
31, 110
34, 120
38, 130
40, 140
42, 150
44, 160
50, 170
53, 180
56, 190
56, 200
58, 210
58, 220
58, 230
59, 240
61, 250
62, 260
63, 270
65, 280
67, 290
68, 300
68, 310
68, 320
68, 330
68, 340
68, 350
69, 360
70, 370
70, 380
70, 390
70, 400
70, 410
70, 420
70, 430
70, 440
70, 450
70, 460
70, 470
71, 480
71, 490
71, 500
71, 510
71, 520
{'count': 669, 'truepos': 84, 'falseneg': 18, 'correction': 18, 'unknownyes': 2, 'falsepos': 1, 'unique': 520}
25: Wahono.csv: none: 0, 0
5, 10
5, 20, 93
6, 30, 89
9, 40, 81
13, 50, 72
14, 60, 88
15, 70, 68
17, 80, 56
17, 90, 52
18, 100, 47
18, 110, 43
19, 120, 41
20, 130, 43
21, 140, 45
22, 150, 47
22, 160, 48
23, 170, 47
24, 180, 49
25, 190, 48
25, 200, 48
27, 210, 48
29, 220, 51
30, 230, 56
31, 240, 51
31, 250, 55
31, 260, 53
31, 270, 51
33, 280, 48
33, 290, 54
33, 300, 51
34, 310, 53
34, 320, 49
34, 330, 52
35, 340, 51
35, 350, 54
35, 360, 50
36, 370, 50
36, 380, 51
36, 390, 52
37, 400, 50
38, 410, 55
38, 420, 59
39, 430, 53
39, 440, 55
40, 450, 55
40, 460, 58
40, 470, 58
40, 480, 56
40, 490, 57
40, 500, 57
40, 510, 52
40, 520, 53
40, 530, 53
40, 540, 53
40, 550, 54
40, 560, 52
40, 570, 53
40, 580, 50
40, 590, 51
40, 600, 51
40, 610, 50
40, 620, 49
41, 630, 50
41, 640, 53
41, 650, 54
41, 660, 52
41, 670, 52
41, 680, 51
41, 690, 50
41, 700, 52
41, 710, 51
41, 720, 51
42, 730, 49
42, 740, 51
42, 750, 52
42, 760, 53
43, 770, 51
43, 780, 53
43, 790, 51
43, 800, 55
43, 810, 52
43, 820, 51
44, 830, 50
44, 840, 52
44, 850, 51
44, 860, 52
44, 870, 55
44, 880, 52
44, 890, 53
44, 900, 52
44, 910, 52
44, 920, 51
44, 930, 52
45, 940, 51
46, 950, 51
46, 960, 53
46, 970, 51
46, 980, 51
46, 990, 51
46, 1000, 52
46, 1010, 51
46, 1020, 52
46, 1030, 51
47, 1040, 50
47, 1050, 52
47, 1060, 54
48, 1070, 52
48, 1080, 54
48, 1090, 54
48, 1100, 53
48, 1110, 53
48, 1120, 52
48, 1130, 53
48, 1140, 53
48, 1150, 55
48, 1160, 53
48, 1170, 53
48, 1180, 52
48, 1190, 52
48, 1200, 53
48, 1210, 52
48, 1220, 54
48, 1230, 52
48, 1240, 53
48, 1250, 52
48, 1260, 52
48, 1270, 52
48, 1280, 51
48, 1290, 52
48, 1300, 52
48, 1310, 52
49, 1320, 51
49, 1330, 53
49, 1340, 54
51, 1350, 53
51, 1360, 57
51, 1370, 56
51, 1380, 56
51, 1390, 55
51, 1400, 55
51, 1410, 55
51, 1420, 56
51, 1430, 56
51, 1440, 55
51, 1450, 55
51, 1460, 56
51, 1470, 55
51, 1480, 54
51, 1490, 56
51, 1500, 54
51, 1510, 55
51, 1520, 55
51, 1530, 54
51, 1540, 54
51, 1550, 54
51, 1560, 55
52, 1570, 54
52, 1580, 55
52, 1590, 55
52, 1600, 55
52, 1610, 56
52, 1620, 55
52, 1630, 55
52, 1640, 55
52, 1650, 55
53, 1660, 55
53, 1670, 57
{'count': 1670, 'truepos': 45, 'falseneg': 15, 'correction': 0, 'unknownyes': 2, 'falsepos': 8, 'unique': 1670}
25: Wahono.csv: three: 0, 0
6, 10
8, 20, 102
9, 30, 101
9, 40, 93
12, 50, 73
13, 60, 63
16, 70, 57
18, 80, 56
19, 90, 58
19, 100, 56
20, 110, 47
21, 120, 50
22, 130, 48
22, 140, 47
24, 150, 44
25, 160, 43
25, 170, 44
25, 180, 43
25, 190, 43
25, 200, 43
26, 210, 43
26, 220, 45
26, 230, 44
26, 240, 44
26, 250, 44
26, 260, 45
26, 270, 45
27, 280, 46
27, 290, 47
27, 300, 46
28, 310, 47
29, 320, 47
30, 330, 47
32, 340, 40
33, 350, 45
34, 360, 50
35, 370, 47
35, 380, 50
35, 390, 50
35, 400, 51
35, 410, 49
35, 420, 47
36, 430, 44
36, 440, 51
37, 450, 47
38, 460, 48
38, 470, 53
39, 480, 47
39, 490, 54
39, 500, 51
39, 510, 53
39, 520, 50
39, 530, 47
39, 540, 48
39, 550, 49
39, 560, 49
39, 570, 47
39, 580, 46
39, 590, 47
39, 600, 47
39, 610, 46
39, 620, 46
39, 630, 47
39, 640, 47
39, 650, 45
39, 660, 46
39, 670, 46
40, 680, 45
40, 690, 46
40, 700, 46
40, 710, 48
40, 720, 46
40, 730, 45
40, 740, 48
40, 750, 46
40, 760, 46
40, 770, 45
40, 780, 46
40, 790, 45
40, 800, 46
41, 810, 45
41, 820, 46
41, 830, 46
41, 840, 46
41, 850, 46
41, 860, 45
41, 870, 46
41, 880, 46
41, 890, 45
42, 900, 46
43, 910, 47
43, 920, 48
43, 930, 48
43, 940, 47
43, 950, 48
43, 960, 47
43, 970, 47
43, 980, 49
43, 990, 47
43, 1000, 47
43, 1010, 47
43, 1020, 47
43, 1030, 47
43, 1040, 47
43, 1050, 46
43, 1060, 47
44, 1070, 47
44, 1080, 48
44, 1090, 48
44, 1100, 48
44, 1110, 48
44, 1120, 48
44, 1130, 48
44, 1140, 48
44, 1150, 47
44, 1160, 47
44, 1170, 48
44, 1180, 48
44, 1190, 47
44, 1200, 48
44, 1210, 47
44, 1220, 49
44, 1230, 47
44, 1240, 47
44, 1250, 47
44, 1260, 48
44, 1270, 48
44, 1280, 47
44, 1290, 47
44, 1300, 48
44, 1310, 47
44, 1320, 47
44, 1330, 47
44, 1340, 47
{'count': 2711, 'truepos': 44, 'falseneg': 15, 'correction': 25, 'unknownyes': 3, 'falsepos': 0, 'unique': 1340}
25: Wahono.csv: machine: 0, 0
3, 10
6, 20, 89
6, 30, 90
9, 40, 77
11, 50, 82
13, 60, 75
[]
['yes' 'no' 'no' 'no' 'no' 'yes' 'no']
14, 60, 59
15, 70, 61
17, 80, 50
18, 90, 49
19, 100, 46
20, 110, 44
[]
['no' 'no' 'yes' 'no' 'no' 'no' 'yes' 'no' 'no']
22, 110, 44
23, 120, 47
25, 130, 46
27, 140, 48
28, 150, 52
28, 160, 52
['yes']
['no' 'no' 'no' 'no' 'no' 'no' 'no' 'no' 'no' 'no' 'no' 'no' 'no' 'no']
28, 160, 48
30, 170, 48
30, 180, 58
30, 190, 55
31, 200, 52
31, 210, 55
['yes']
['no' 'no' 'no' 'no' 'no' 'no' 'no' 'no' 'no' 'no' 'yes' 'no' 'no' 'no'
 'no' 'yes' 'no' 'no' 'yes' 'no' 'no' 'no' 'no' 'no' 'no' 'no' 'no' 'no'
 'no' 'no' 'no' 'no' 'no' 'no' 'no' 'no' 'no' 'no' 'no' 'no' 'no' 'no'
 'no' 'no' 'no' 'no' 'no' 'no' 'no' 'no']
32, 210, 49
32, 220, 52
33, 230, 54
35, 240, 51
35, 250, 62
37, 260, 53
['no']
['no' 'no' 'no' 'no' 'no' 'no' 'no' 'no' 'yes' 'no' 'no' 'no' 'no' 'no'
 'no' 'no' 'no' 'no' 'no' 'no' 'no' 'no' 'no' 'no' 'no']
37, 260, 58
38, 270, 56
39, 280, 54
39, 290, 61
39, 300, 59
39, 310, 57
['yes']
['yes' 'no' 'no' 'no' 'no' 'no' 'no' 'no' 'no']
39, 310, 54
39, 320, 59
40, 330, 57
40, 340, 56
41, 350, 54
41, 360, 57
['yes']
['no' 'no' 'no' 'no' 'no' 'no' 'no']
41, 360, 57
41, 370, 57
41, 380, 58
41, 390, 55
42, 400, 52
42, 410, 54
['yes']
['no' 'no' 'no' 'no' 'no' 'no' 'no' 'no' 'no' 'no' 'no' 'no' 'no' 'no'
 'no']
42, 410, 55
43, 420, 52
44, 430, 54
44, 440, 54
44, 450, 55
45, 460, 53
['yes']
['no' 'no' 'no' 'no' 'no' 'no' 'no' 'no' 'no' 'no' 'no' 'no' 'no' 'no'
 'no' 'no']
45, 460, 56
46, 470, 54
47, 480, 54
47, 490, 56
47, 500, 57
47, 510, 56
['yes']
['no' 'no' 'no' 'no' 'no' 'no' 'no']
47, 510, 54
47, 520, 55
47, 530, 57
47, 540, 55
47, 550, 54
47, 560, 55
['yes']
['no' 'no' 'no']
47, 560, 53
47, 570, 54
47, 580, 54
47, 590, 54
47, 600, 56
47, 610, 53
['yes']
['no']
46, 610, 53
46, 620, 53
46, 630, 52
46, 640, 53
46, 650, 52
46, 660, 53
['no']
['yes' 'no' 'no']
46, 660, 53
46, 670, 51
46, 680, 51
46, 690, 51
46, 700, 52
46, 710, 52
['yes']
['no' 'no' 'no']
46, 710, 51
46, 720, 50
46, 730, 51
46, 740, 50
46, 750, 50
46, 760, 51
['yes']
[]
46, 760, 50
46, 770, 51
46, 780, 51
46, 790, 51
46, 800, 51
46, 810, 50
['yes']
['no']
46, 810, 50
47, 820, 50
47, 830, 52
47, 840, 52
49, 850, 52
49, 860, 55
['yes']
['no' 'no' 'no' 'no' 'no' 'no' 'no' 'no' 'no']
48, 860, 55
48, 870, 53
48, 880, 51
48, 890, 52
48, 900, 52
48, 910, 52
['yes']
[]
48, 910, 52
48, 920, 52
49, 930, 53
49, 940, 53
49, 950, 53
49, 960, 55
['yes']
['no' 'no']
48, 960, 54
50, 970, 52
50, 980, 55
50, 990, 54
50, 1000, 54
50, 1010, 54
['no']
['no' 'no' 'no']
49, 1010, 54
49, 1020, 53
49, 1030, 52
49, 1040, 53
49, 1050, 53
49, 1060, 52
['yes']
['no']
48, 1060, 53
48, 1070, 52
48, 1080, 52
48, 1090, 51
48, 1100, 51
48, 1110, 52
['yes']
[]
48, 1110, 51
48, 1120, 51
48, 1130, 52
48, 1140, 51
48, 1150, 51
48, 1160, 51
['yes']
[]
48, 1160, 51
48, 1170, 51
49, 1180, 51
49, 1190, 52
{'count': 1396, 'truepos': 47, 'falseneg': 12, 'correction': 9, 'unknownyes': 3, 'falsepos': 2, 'unique': 1190}
25: Wahono.csv: knee: 0, 0
4, 10
8, 20
8, 30
8, 40
{'count': 52, 'truepos': 9, 'falseneg': 2, 'correction': 1, 'unknownyes': 51, 'falsepos': 0, 'unique': 40}
25: Danijel.csv: none: 0, 0
4, 10
4, 20, 122
6, 30, 96
8, 40, 77
9, 50, 85
10, 60, 63
10, 70, 58
10, 80, 51
11, 90, 46
13, 100, 46
13, 110, 50
14, 120, 45
17, 130, 43
19, 140, 46
20, 150, 46
20, 160, 44
20, 170, 42
20, 180, 41
20, 190, 41
21, 200, 41
21, 210, 41
22, 220, 41
22, 230, 43
22, 240, 43
23, 250, 43
24, 260, 43
24, 270, 44
24, 280, 43
24, 290, 43
24, 300, 44
24, 310, 44
24, 320, 44
24, 330, 44
24, 340, 44
24, 350, 44
24, 360, 44
25, 370, 44
26, 380, 46
28, 390, 46
29, 400, 46
29, 410, 46
29, 420, 47
29, 430, 47
29, 440, 47
29, 450, 47
29, 460, 47
29, 470, 47
29, 480, 47
29, 490, 47
29, 500, 47
30, 510, 47
30, 520, 37
30, 530, 38
30, 540, 37
30, 550, 36
30, 560, 38
30, 570, 37
30, 580, 37
30, 590, 37
30, 600, 37
30, 610, 36
30, 620, 35
30, 630, 36
30, 640, 36
30, 650, 35
30, 660, 35
30, 670, 35
30, 680, 35
30, 690, 35
30, 700, 34
30, 710, 35
30, 720, 34
30, 730, 36
30, 740, 34
30, 750, 34
30, 760, 33
30, 770, 34
30, 780, 34
30, 790, 33
30, 800, 34
30, 810, 34
30, 820, 33
30, 830, 33
30, 840, 33
30, 850, 33
30, 860, 33
30, 870, 33
30, 880, 33
30, 890, 33
30, 900, 33
30, 910, 33
30, 920, 33
31, 930, 32
31, 940, 34
32, 950, 34
32, 960, 35
32, 970, 34
32, 980, 34
32, 990, 35
32, 1000, 35
32, 1010, 35
32, 1020, 34
32, 1030, 34
32, 1040, 35
32, 1050, 34
32, 1060, 34
32, 1070, 34
32, 1080, 34
32, 1090, 34
32, 1100, 34
32, 1110, 34
32, 1120, 34
32, 1130, 34
32, 1140, 34
32, 1150, 34
32, 1160, 34
32, 1170, 34
32, 1180, 34
32, 1190, 34
32, 1200, 34
32, 1210, 34
32, 1220, 34
32, 1230, 34
32, 1240, 34
32, 1250, 34
{'count': 1250, 'truepos': 32, 'falseneg': 14, 'correction': 0, 'unknownyes': 2, 'falsepos': 0, 'unique': 1250}
25: Danijel.csv: three: 0, 0
4, 10
4, 20, 121
6, 30, 94
8, 40, 81
8, 50, 63
8, 60, 50
9, 70, 45
12, 80, 46
15, 90, 52
18, 100, 55
19, 110, 56
20, 120, 55
22, 130, 47
23, 140, 47
23, 150, 47
23, 160, 43
24, 170, 42
26, 180, 42
26, 190, 42
28, 200, 41
29, 210, 44
29, 220, 44
31, 230, 43
31, 240, 45
32, 250, 43
32, 260, 42
33, 270, 45
34, 280, 44
34, 290, 52
34, 300, 47
34, 310, 44
34, 320, 46
34, 330, 45
34, 340, 43
34, 350, 43
35, 360, 42
35, 370, 44
35, 380, 45
35, 390, 43
35, 400, 43
35, 410, 44
35, 420, 41
35, 430, 41
35, 440, 43
36, 450, 41
36, 460, 42
37, 470, 42
37, 480, 43
37, 490, 44
37, 500, 43
37, 510, 43
37, 520, 44
37, 530, 42
37, 540, 42
37, 550, 42
37, 560, 42
37, 570, 42
37, 580, 42
38, 590, 41
38, 600, 43
38, 610, 43
38, 620, 43
38, 630, 42
38, 640, 43
38, 650, 43
38, 660, 42
38, 670, 42
39, 680, 42
39, 690, 43
39, 700, 42
39, 710, 43
39, 720, 42
39, 730, 42
39, 740, 43
39, 750, 42
39, 760, 43
39, 770, 42
39, 780, 42
39, 790, 42
39, 800, 42
39, 810, 42
{'count': 1641, 'truepos': 39, 'falseneg': 7, 'correction': 20, 'unknownyes': 2, 'falsepos': 0, 'unique': 810}
25: Danijel.csv: machine: 0, 0
2, 10
2, 20, 115
2, 30, 81
2, 40, 63
3, 50, 61
3, 60, 57
[]
['no']
3, 60, 49
4, 70, 49
7, 80, 49
10, 90, 52
10, 100, 57
10, 110, 50
[]
['yes' 'no' 'no' 'no' 'no' 'yes' 'no']
10, 110, 46
11, 120, 46
12, 130, 48
13, 140, 45
13, 150, 43
13, 160, 41
[]
['yes' 'no' 'no' 'no' 'no' 'no' 'no']
14, 160, 40
14, 170, 40
15, 180, 40
15, 190, 42
16, 200, 42
16, 210, 43
[]
['no' 'no' 'no' 'yes' 'no']
17, 210, 43
17, 220, 43
18, 230, 43
18, 240, 43
18, 250, 43
18, 260, 43
[]
['no' 'yes' 'no' 'no']
18, 260, 43
18, 270, 43
19, 280, 43
19, 290, 44
21, 300, 44
21, 310, 44
[]
['no' 'no' 'no' 'yes' 'no' 'no' 'no' 'no' 'no']
22, 310, 44
22, 320, 44
22, 330, 43
23, 340, 43
25, 350, 44
25, 360, 45
[]
['no' 'no' 'no' 'no' 'no']
25, 360, 45
26, 370, 45
26, 380, 45
26, 390, 45
26, 400, 45
26, 410, 45
[]
['no' 'no' 'no' 'no']
26, 410, 45
26, 420, 45
26, 430, 45
26, 440, 45
26, 450, 45
26, 460, 45
[]
[]
26, 470, 45
26, 480, 45
26, 490, 45
26, 500, 45
26, 510, 45
26, 520, 45
[]
[]
26, 530, 46
26, 540, 46
26, 550, 46
26, 560, 46
26, 570, 46
26, 580, 46
[]
[]
27, 590, 46
27, 600, 47
27, 610, 47
27, 620, 47
27, 630, 47
27, 640, 47
[]
['no' 'no' 'no' 'no']
27, 640, 48
27, 650, 48
27, 660, 48
27, 670, 48
27, 680, 48
27, 690, 48
[]
[]
27, 700, 48
28, 710, 48
28, 720, 49
28, 730, 49
28, 740, 49
28, 750, 49
[]
['no']
28, 750, 49
28, 760, 49
28, 770, 49
28, 780, 49
28, 790, 49
28, 800, 49
[]
[]
28, 810, 49
28, 820, 49
28, 830, 49
29, 840, 49
29, 850, 51
29, 860, 51
[]
['no']
29, 860, 51
29, 870, 51
29, 880, 51
29, 890, 51
29, 900, 51
29, 910, 51
[]
[]
29, 920, 51
29, 930, 51
29, 940, 51
29, 950, 51
29, 960, 51
29, 970, 51
[]
[]
29, 980, 51
29, 990, 51
29, 1000, 51
29, 1010, 51
29, 1020, 51
29, 1030, 51
[]
[]
29, 1040, 51
29, 1050, 51
29, 1060, 51
29, 1070, 51
29, 1080, 51
29, 1090, 51
[]
['yes']
30, 1090, 51
30, 1100, 34
30, 1110, 33
30, 1120, 33
30, 1130, 33
30, 1140, 33
['no']
['no' 'no' 'no' 'yes' 'no' 'no' 'no' 'no' 'no' 'no' 'no' 'no' 'no' 'no'
 'no' 'no' 'no' 'no' 'no' 'no' 'no' 'no']
29, 1140, 33
29, 1150, 51
29, 1160, 51
29, 1170, 51
29, 1180, 51
30, 1190, 51
['no']
['no' 'no' 'no' 'no' 'no' 'no' 'no' 'no' 'no' 'yes' 'no' 'no' 'no' 'no'
 'no' 'no']
30, 1190, 33
30, 1200, 33
30, 1210, 32
30, 1220, 32
30, 1230, 32
30, 1240, 33
['no']
['no' 'no' 'no' 'no' 'no' 'no' 'yes']
30, 1240, 33
31, 1250, 32
31, 1260, 34
31, 1270, 33
31, 1280, 34
31, 1290, 33
['no']
['no' 'yes']
31, 1290, 33
31, 1300, 33
31, 1310, 33
31, 1320, 33
31, 1330, 33
31, 1340, 33
['yes']
['yes' 'no' 'no' 'no' 'no' 'no']
31, 1340, 33
31, 1350, 33
31, 1360, 33
{'count': 1467, 'truepos': 31, 'falseneg': 14, 'correction': 11, 'unknownyes': 3, 'falsepos': 0, 'unique': 1360}
25: Danijel.csv: knee: 0, 0
3, 10
3, 20
4, 30
5, 40
5, 50
5, 60
7, 70
7, 80
8, 90
12, 100
13, 110
13, 120
14, 130
16, 140
16, 150
16, 160
16, 170
17, 180
18, 190
21, 200
22, 210
22, 220
23, 230
24, 240
25, 250
26, 260
26, 270
26, 280
26, 290
26, 300
26, 310
26, 320
26, 330
{'count': 564, 'truepos': 31, 'falseneg': 4, 'correction': 5, 'unknownyes': 13, 'falsepos': 0, 'unique': 330}
25: K_all3.csv: none: 0, 0
1, 10
3, 20, 92
3, 30, 54
5, 40, 39
6, 50, 44
7, 60, 40
7, 70, 39
9, 80, 35
10, 90, 38
11, 100, 36
13, 110, 36
13, 120, 38
13, 130, 36
14, 140, 36
14, 150, 36
14, 160, 36
15, 170, 36
16, 180, 35
17, 190, 36
17, 200, 37
17, 210, 36
17, 220, 36
17, 230, 36
18, 240, 36
19, 250, 37
21, 260, 37
22, 270, 39
23, 280, 40
23, 290, 40
23, 300, 40
24, 310, 40
25, 320, 40
25, 330, 42
25, 340, 41
25, 350, 41
26, 360, 41
26, 370, 42
26, 380, 42
26, 390, 42
26, 400, 41
26, 410, 41
26, 420, 41
26, 430, 41
26, 440, 41
26, 450, 41
27, 460, 41
27, 470, 41
28, 480, 41
28, 490, 42
28, 500, 42
28, 510, 42
28, 520, 42
28, 530, 41
28, 540, 41
29, 550, 41
29, 560, 42
30, 570, 42
30, 580, 34
31, 590, 32
31, 600, 34
31, 610, 34
31, 620, 33
{'count': 620, 'truepos': 25, 'falseneg': 15, 'correction': 0, 'unknownyes': 5, 'falsepos': 6, 'unique': 620}
25: K_all3.csv: three: 0, 0
2, 10
4, 20, 70
5, 30, 61
8, 40, 54
8, 50, 56
8, 60, 42
8, 70, 37
9, 80, 36
10, 90, 37
11, 100, 37
11, 110, 36
12, 120, 36
13, 130, 36
14, 140, 37
14, 150, 37
15, 160, 37
15, 170, 37
15, 180, 37
16, 190, 37
18, 200, 38
18, 210, 39
18, 220, 38
18, 230, 38
18, 240, 38
18, 250, 38
18, 260, 38
18, 270, 38
18, 280, 38
18, 290, 37
18, 300, 37
18, 310, 37
19, 320, 37
19, 330, 38
19, 340, 38
19, 350, 38
19, 360, 38
19, 370, 38
20, 380, 38
20, 390, 39
20, 400, 38
20, 410, 38
20, 420, 38
20, 430, 38
20, 440, 38
21, 450, 38
21, 460, 38
21, 470, 38
21, 480, 38
22, 490, 38
22, 500, 39
22, 510, 38
22, 520, 38
22, 530, 38
22, 540, 38
22, 550, 38
22, 560, 38
22, 570, 38
22, 580, 38
22, 590, 37
22, 600, 37
22, 610, 37
22, 620, 37
23, 630, 37
24, 640, 37
24, 650, 38
25, 660, 38
25, 670, 39
26, 680, 38
27, 690, 39
27, 700, 40
27, 710, 39
27, 720, 39
28, 730, 39
28, 740, 40
28, 750, 40
28, 760, 39
28, 770, 39
28, 780, 39
29, 790, 39
29, 800, 40
29, 810, 40
29, 820, 39
29, 830, 39
29, 840, 39
29, 850, 39
30, 860, 39
30, 870, 32
30, 880, 32
{'count': 1799, 'truepos': 30, 'falseneg': 10, 'correction': 35, 'unknownyes': 5, 'falsepos': 0, 'unique': 880}
25: K_all3.csv: machine: 0, 0
2, 10
4, 20, 71
5, 30, 64
6, 40, 52
7, 50, 40
8, 60, 39
[]
['no' 'yes']
9, 60, 38
10, 70, 39
11, 80, 40
11, 90, 39
12, 100, 37
13, 110, 39
[]
['no' 'yes']
14, 110, 40
15, 120, 42
15, 130, 41
15, 140, 40
15, 150, 39
15, 160, 39
[]
['no']
15, 160, 39
15, 170, 39
15, 180, 39
15, 190, 39
15, 200, 39
15, 210, 39
[]
[]
15, 220, 38
15, 230, 38
15, 240, 38
15, 250, 38
16, 260, 38
16, 270, 39
[]
['no']
16, 270, 38
17, 280, 38
19, 290, 38
20, 300, 40
20, 310, 39
20, 320, 39
[]
['no' 'no' 'no' 'no' 'yes']
21, 320, 39
21, 330, 39
21, 340, 39
22, 350, 39
22, 360, 40
23, 370, 39
[]
['no' 'no' 'no']
23, 370, 40
23, 380, 40
24, 390, 40
24, 400, 40
25, 410, 40
25, 420, 41
[]
['no' 'no']
25, 420, 40
25, 430, 40
25, 440, 40
26, 450, 40
26, 460, 41
26, 470, 41
[]
['no' 'no' 'no']
26, 470, 41
27, 480, 41
27, 490, 42
27, 500, 42
28, 510, 41
28, 520, 41
[]
['no' 'no' 'yes' 'yes']
29, 520, 41
30, 530, 42
30, 540, 34
30, 550, 33
30, 560, 33
30, 570, 33
['no']
['no' 'no' 'no' 'no' 'no' 'no' 'no' 'no' 'no' 'no' 'no' 'no' 'no' 'no'
 'no' 'no' 'no' 'no' 'no' 'yes' 'no' 'no' 'no' 'no' 'no' 'no' 'no' 'no'
 'no' 'no' 'no' 'no' 'no' 'no' 'no' 'no' 'no' 'no' 'no' 'no' 'no' 'no'
 'no' 'no' 'no' 'no' 'no' 'no' 'no' 'no']
31, 570, 33
31, 580, 34
32, 590, 33
32, 600, 34
32, 610, 34
32, 620, 34
['yes']
['no' 'no' 'no' 'no' 'yes' 'no' 'no' 'no' 'no' 'no' 'no' 'yes' 'no' 'no'
 'no' 'no' 'no' 'no']
{'count': 694, 'truepos': 28, 'falseneg': 11, 'correction': 6, 'unknownyes': 6, 'falsepos': 4, 'unique': 620}
25: K_all3.csv: knee: 0, 0
1, 10
3, 20
6, 30
8, 40
10, 50
10, 60
11, 70
11, 80
11, 90
11, 100
12, 110
12, 120
13, 130
15, 140
15, 150
16, 160
17, 170
17, 180
18, 190
19, 200
19, 210
19, 220
19, 230
19, 240
20, 250
21, 260
23, 270
24, 280
24, 290
24, 300
26, 310
26, 320
26, 330
27, 340
27, 350
27, 360
27, 370
27, 380
27, 390
28, 400
28, 410
28, 420
29, 430
29, 440
29, 450
30, 460
31, 470
31, 480
33, 490
34, 500
34, 510
34, 520
34, 530
35, 540
35, 550
35, 560
36, 570
36, 580
37, 590
37, 600
37, 610
39, 620
40, 630
40, 640
41, 650
41, 660
41, 670
41, 680
41, 690
41, 700
41, 710
42, 720
42, 730
42, 740
42, 750
43, 760
43, 770
43, 780
43, 790
43, 800
43, 810
43, 820
43, 830
43, 840
43, 850
43, 860
43, 870
43, 880
43, 890
44, 900
44, 910
44, 920
44, 930
44, 940
44, 950
44, 960
44, 970
44, 980
44, 990
44, 1000
44, 1010
44, 1020
44, 1030
44, 1040
{'count': 1652, 'truepos': 40, 'falseneg': 4, 'correction': 9, 'unknownyes': 1, 'falsepos': 15, 'unique': 1040}

------------------------------------------------------------
Sender: LSF System <lsfadmin@n2j1-9>
Subject: Job 639686: </share/tjmenzie/zyu9/miniconda2/bin/python2.7 runner.py error_hpcc 25> in cluster <henry2> Done

Job </share/tjmenzie/zyu9/miniconda2/bin/python2.7 runner.py error_hpcc 25> was submitted from host <login01.hpc.ncsu.edu> by user <zyu9> in cluster <henry2> at Thu Feb  1 12:17:34 2018.
Job was executed on host(s) <2*n2j1-9>, in queue <single_chassis>, as user <zyu9> in cluster <henry2> at Thu Feb  1 12:17:40 2018.
</home/zyu9> was used as the home directory.
</home/zyu9/projects/MAR_HPC/Error/src> was used as the working directory.
Started at Thu Feb  1 12:17:40 2018.
Terminated at Thu Feb  1 13:40:31 2018.
Results reported at Thu Feb  1 13:40:31 2018.

Your job looked like:

------------------------------------------------------------
# LSBATCH: User input
/share/tjmenzie/zyu9/miniconda2/bin/python2.7 runner.py error_hpcc 25
------------------------------------------------------------

Successfully completed.

Resource usage summary:

    CPU time :                                   5583.01 sec.
    Max Memory :                                 284.45 MB
    Average Memory :                             231.46 MB
    Total Requested Memory :                     -
    Delta Memory :                               -
    Max Swap :                                   1328 MB
    Max Processes :                              3
    Max Threads :                                8
    Run time :                                   4976 sec.
    Turnaround time :                            4977 sec.

The output (if any) is above this job summary.



PS: The stderr output (if any) follows:



PS:

Fail to open stderr file ./err/25.err.639686: No such file or directory.
The stderr output is included in this report.

