25: Hall.csv: none: 0, 0
7, 10
12, 20, 115
16, 30, 133
20, 40, 151
21, 50, 176
25, 60, 170
26, 70, 183
28, 80, 176
29, 90, 184
32, 100, 187
38, 110, 167
42, 120, 169
46, 130, 181
51, 140, 225
55, 150, 203
57, 160, 187
60, 170, 177
64, 180, 150
68, 190, 153
71, 200, 158
77, 210, 153
81, 220, 141
85, 230, 142
86, 240, 143
88, 250, 129
93, 260, 131
94, 270, 136
97, 280, 139
100, 290, 133
103, 300, 150
105, 310, 135
107, 320, 140
108, 330, 137
110, 340, 144
111, 350, 144
111, 360, 143
113, 370, 147
113, 380, 171
114, 390, 172
116, 400, 153
116, 410, 164
117, 420, 157
118, 430, 151
119, 440, 165
121, 450, 155
122, 460, 155
123, 470, 154
124, 480, 157
126, 490, 148
127, 500, 172
127, 510, 162
127, 520, 159
128, 530, 158
130, 540, 156
131, 550, 163
132, 560, 161
133, 570, 162
133, 580, 164
135, 590, 159
135, 600, 166
135, 610, 163
136, 620, 162
137, 630, 170
138, 640, 165
138, 650, 176
140, 660, 167
142, 670, 174
142, 680, 178
143, 690, 166
143, 700, 173
143, 710, 165
144, 720, 171
145, 730, 164
146, 740, 168
147, 750, 169
147, 760, 166
148, 770, 165
149, 780, 170
150, 790, 170
151, 800, 166
154, 810, 167
154, 820, 174
155, 830, 172
155, 840, 179
156, 850, 170
158, 860, 172
159, 870, 180
159, 880, 177
159, 890, 182
159, 900, 178
160, 910, 176
160, 920, 176
160, 930, 176
160, 940, 173
161, 950, 171
161, 960, 179
162, 970, 178
166, 980, 179
167, 990, 192
167, 1000, 187
167, 1010, 185
168, 1020, 185
169, 1030, 187
171, 1040, 192
171, 1050, 192
172, 1060, 195
173, 1070, 195
175, 1080, 204
176, 1090, 203
176, 1100, 209
177, 1110, 208
177, 1120, 199
180, 1130, 200
182, 1140, 205
182, 1150, 209
184, 1160, 201
184, 1170, 202
184, 1180, 205
185, 1190, 199
186, 1200, 208
186, 1210, 205
188, 1220, 207
189, 1230, 205
190, 1240, 202
190, 1250, 207
194, 1260, 206
194, 1270, 213
196, 1280, 214
198, 1290, 216
199, 1300, 216
199, 1310, 218
199, 1320, 214
199, 1330, 220
199, 1340, 218
200, 1350, 215
201, 1360, 220
202, 1370, 218
203, 1380, 221
205, 1390, 224
205, 1400, 219
207, 1410, 222
208, 1420, 224
208, 1430, 222
209, 1440, 226
212, 1450, 230
212, 1460, 238
212, 1470, 233
213, 1480, 234
214, 1490, 230
218, 1500, 235
218, 1510, 239
219, 1520, 236
220, 1530, 236
221, 1540, 239
222, 1550, 238
223, 1560, 241
224, 1570, 243
226, 1580, 242
226, 1590, 241
227, 1600, 243
228, 1610, 240
230, 1620, 241
231, 1630, 245
233, 1640, 245
234, 1650, 246
235, 1660, 250
235, 1670, 249
236, 1680, 249
{'count': 1680, 'truepos': 93, 'falseneg': 8, 'unknownyes': 5, 'falsepos': 143, 'unique': 1680}
25: Hall.csv: three: 0, 0
6, 10
9, 20, 107
12, 30, 108
14, 40, 114
15, 50, 114
17, 60, 111
20, 70, 110
21, 80, 116
23, 90, 115
27, 100, 100
32, 110, 106
39, 120, 95
45, 130, 92
52, 140, 96
58, 150, 104
63, 160, 105
67, 170, 109
72, 180, 115
77, 190, 109
81, 200, 116
81, 210, 123
83, 220, 109
89, 230, 100
92, 240, 111
94, 250, 115
95, 260, 121
95, 270, 112
97, 280, 110
98, 290, 108
100, 300, 114
102, 310, 113
102, 320, 117
103, 330, 117
103, 340, 117
104, 350, 118
105, 360, 118
105, 370, 117
106, 380, 120
106, 390, 119
106, 400, 119
106, 410, 119
107, 420, 117
109, 430, 121
109, 440, 128
110, 450, 120
110, 460, 124
110, 470, 122
111, 480, 124
112, 490, 124
113, 500, 122
113, 510, 125
113, 520, 124
113, 530, 126
113, 540, 122
113, 550, 122
114, 560, 123
114, 570, 123
114, 580, 124
116, 590, 122
116, 600, 128
116, 610, 126
118, 620, 125
119, 630, 132
119, 640, 131
119, 650, 130
119, 660, 130
119, 670, 128
119, 680, 126
119, 690, 129
120, 700, 128
121, 710, 130
122, 720, 132
122, 730, 134
122, 740, 131
123, 750, 130
123, 760, 131
123, 770, 131
123, 780, 131
124, 790, 131
124, 800, 132
{'count': 1777, 'truepos': 96, 'falseneg': 6, 'unknownyes': 4, 'falsepos': 28, 'unique': 800}
25: Hall.csv: machine: 0, 0
6, 10
9, 20, 106
11, 30, 109
14, 40, 118
15, 50, 118
20, 60, 114
['yes' 'yes' 'yes' 'yes' 'yes' 'yes' 'yes' 'yes' 'yes' 'yes']
['no' 'yes' 'no' 'yes']
22, 60, 114
27, 70, 129
29, 80, 145
30, 90, 145
35, 100, 110
40, 110, 104
['no' 'yes' 'yes' 'yes' 'yes' 'yes' 'yes' 'yes' 'yes' 'yes']
['no' 'yes' 'no' 'no' 'no' 'yes' 'no' 'no' 'no' 'no']
39, 110, 104
43, 120, 90
47, 130, 85
52, 140, 87
58, 150, 94
62, 160, 106
['no' 'yes' 'yes' 'yes' 'yes' 'no' 'yes' 'yes' 'yes' 'no']
['no' 'no' 'yes' 'no' 'no' 'no' 'no' 'yes' 'no' 'no']
63, 160, 106
65, 170, 108
70, 180, 107
72, 190, 110
75, 200, 97
76, 210, 116
['yes' 'yes' 'yes' 'no' 'yes' 'yes' 'yes' 'yes' 'yes' 'yes']
['yes' 'no' 'no' 'no' 'no' 'no' 'no' 'no' 'no' 'no']
78, 210, 116
81, 220, 116
85, 230, 105
88, 240, 120
91, 250, 118
92, 260, 111
['yes' 'no' 'no' 'yes' 'yes' 'no' 'no' 'yes' 'yes' 'yes']
['no' 'no' 'no' 'no' 'no' 'no' 'no' 'no' 'no' 'no']
89, 260, 111
91, 270, 107
95, 280, 103
98, 290, 108
99, 300, 110
102, 310, 112
['yes' 'no' 'no' 'yes' 'yes' 'no' 'yes' 'yes' 'no' 'no']
['no' 'no' 'yes' 'no' 'no' 'no' 'no' 'no' 'no' 'no']
98, 310, 112
101, 320, 108
102, 330, 115
102, 340, 113
106, 350, 112
107, 360, 118
['no' 'no' 'no' 'no' 'yes' 'no' 'yes' 'yes' 'yes' 'no']
['no' 'no' 'no' 'no' 'no' 'no' 'no' 'no' 'no' 'no']
103, 360, 118
103, 370, 119
105, 380, 113
106, 390, 116
107, 400, 116
109, 410, 119
['yes' 'no' 'no' 'yes' 'yes' 'yes' 'no' 'yes' 'yes' 'no']
['no' 'no' 'no' 'no' 'no' 'no' 'no' 'no' 'yes' 'yes']
108, 410, 119
108, 420, 117
108, 430, 115
109, 440, 118
110, 450, 117
111, 460, 121
['no' 'no' 'no' 'no' 'yes' 'yes' 'yes' 'yes' 'yes' 'yes']
['yes' 'no' 'no' 'no' 'yes' 'no' 'no' 'no' 'no' 'no']
108, 460, 121
111, 470, 114
111, 480, 119
111, 490, 119
112, 500, 117
114, 510, 118
['no' 'no' 'no' 'yes' 'no' 'no' 'no' 'no' 'no' 'yes']
['no' 'no' 'no' 'no' 'no' 'no' 'no' 'no' 'no' 'no']
['no' 'no' 'no' 'no' 'no' 'yes' 'yes' 'yes' 'yes' 'yes']
['no' 'no' 'no' 'yes' 'no' 'no' 'no' 'no' 'no' 'no']
{'count': 704, 'truepos': 97, 'falseneg': 5, 'unknownyes': 4, 'falsepos': 15, 'unique': 510}
25: Hall.csv: machine2: 0, 0
8, 10
13, 20, 125
15, 30, 141
18, 40, 152
20, 50, 164
23, 60, 165
['yes' 'yes' 'yes' 'no' 'yes' 'yes' 'yes' 'yes' 'yes' 'no']
['no' 'no']
23, 60, 165
24, 70, 181
26, 80, 166
29, 90, 155
29, 100, 164
33, 110, 151
['yes' 'no' 'yes' 'no' 'yes' 'no' 'no' 'yes' 'yes' 'yes']
['no' 'no' 'no' 'no' 'no' 'no' 'no' 'no' 'no' 'no']
31, 110, 151
36, 120, 131
40, 130, 136
46, 140, 112
51, 150, 129
54, 160, 145
['yes' 'yes' 'no' 'yes' 'yes' 'yes' 'yes' 'yes' 'no' 'yes']
['no' 'no' 'no' 'no' 'no' 'no' 'yes' 'yes' 'no' 'no']
55, 160, 145
58, 170, 121
63, 180, 120
71, 190, 118
78, 200, 129
84, 210, 117
['no' 'yes' 'yes' 'yes' 'yes' 'yes' 'no' 'yes' 'yes' 'yes']
['yes' 'no' 'no' 'no' 'no' 'no' 'no' 'no' 'no' 'no']
84, 210, 117
87, 220, 126
92, 230, 119
97, 240, 120
101, 250, 124
104, 260, 129
['no' 'yes' 'yes' 'no' 'yes' 'no' 'yes' 'yes' 'no' 'no']
['no' 'no' 'no' 'no' 'no' 'no' 'no' 'no' 'no' 'no']
102, 260, 129
103, 270, 124
106, 280, 123
108, 290, 120
108, 300, 123
111, 310, 119
['no' 'yes' 'no' 'yes' 'yes' 'yes' 'yes' 'yes' 'no' 'yes']
['no' 'no' 'no' 'no' 'no' 'no' 'no' 'no' 'no' 'no']
108, 310, 119
110, 320, 120
111, 330, 121
112, 340, 121
114, 350, 122
114, 360, 121
['no' 'no' 'no' 'no' 'yes' 'yes' 'yes' 'no' 'yes' 'yes']
['no' 'no' 'no' 'no' 'no' 'no' 'no' 'no' 'no' 'no']
111, 360, 121
113, 370, 119
115, 380, 124
116, 390, 127
117, 400, 128
117, 410, 132
['no' 'no' 'no' 'no' 'yes' 'no' 'no' 'yes' 'no' 'yes']
['no' 'no' 'no' 'no' 'no' 'no' 'no' 'no' 'no' 'no']
113, 410, 132
113, 420, 121
115, 430, 120
115, 440, 122
['no' 'yes' 'no' 'yes' 'yes' 'yes' 'yes' 'no' 'yes' 'yes']
['no' 'no' 'no' 'no' 'no' 'no' 'no' 'no' 'no' 'no']
{'count': 643, 'truepos': 97, 'falseneg': 2, 'unknownyes': 7, 'falsepos': 17, 'unique': 440}
25: Hall.csv: machine3: 0, 0
8, 10
8, 20, 123
12, 30, 115
13, 40, 115
19, 50, 111
24, 60, 124
null
['no' 'no' 'no' 'no']
24, 60, 124
27, 70, 125
29, 80, 123
31, 90, 121
36, 100, 99
41, 110, 95
null
['no' 'yes' 'no' 'no' 'no' 'yes' 'no' 'yes' 'no' 'no']
44, 110, 95
50, 120, 107
54, 130, 105
59, 140, 105
60, 150, 105
62, 160, 94
null
['yes' 'no' 'no' 'no' 'no' 'no' 'no' 'no' 'no' 'yes']
64, 160, 94
68, 170, 95
72, 180, 96
75, 190, 103
80, 200, 96
81, 210, 100
null
['no' 'no' 'no' 'no' 'no' 'no' 'no' 'no' 'no' 'no']
81, 210, 100
86, 220, 98
87, 230, 108
89, 240, 105
90, 250, 108
91, 260, 104
null
['no' 'no' 'no' 'no' 'no' 'no' 'no' 'no' 'no' 'no']
91, 260, 104
92, 270, 105
93, 280, 103
93, 290, 105
94, 300, 104
94, 310, 103
null
['no' 'no' 'no' 'no' 'no' 'no' 'no' 'yes' 'no' 'no']
95, 310, 103
96, 320, 106
96, 330, 110
97, 340, 106
98, 350, 108
98, 360, 109
null
['no' 'no' 'no' 'no' 'no' 'no' 'no' 'no' 'yes' 'no']
99, 360, 109
99, 370, 108
100, 380, 108
102, 390, 108
102, 400, 112
102, 410, 111
null
['no' 'no' 'no' 'no' 'no' 'yes' 'no' 'no' 'no' 'no']
103, 410, 111
104, 420, 112
105, 430, 111
106, 440, 112
107, 450, 114
107, 460, 117
null
['no' 'no' 'no' 'no' 'no' 'no' 'no' 'yes' 'no' 'no']
108, 460, 117
108, 470, 115
108, 480, 115
108, 490, 114
110, 500, 115
111, 510, 125
null
['no' 'no' 'no' 'no' 'no' 'no' 'no' 'no' 'no' 'no']
111, 510, 125
111, 520, 124
111, 530, 122
111, 540, 120
111, 550, 125
111, 560, 119
null
['no' 'yes' 'no' 'no' 'no' 'no' 'no' 'no' 'no' 'no']
111, 560, 119
111, 570, 121
111, 580, 120
111, 590, 122
111, 600, 122
111, 610, 121
null
['no' 'no' 'no' 'no' 'no' 'no' 'no' 'no' 'no' 'no']
111, 610, 121
111, 620, 119
111, 630, 119
111, 640, 118
112, 650, 118
112, 660, 118
null
['no' 'no' 'no' 'no' 'no' 'no' 'no' 'yes' 'no' 'no']
113, 660, 118
114, 670, 122
114, 680, 121
114, 690, 121
null
['no' 'no' 'no' 'no' 'no' 'no' 'no' 'no' 'no' 'no']
{'count': 1082, 'truepos': 100, 'falseneg': 1, 'unknownyes': 5, 'falsepos': 14, 'unique': 690}
25: Wahono.csv: none: 0, 0
6, 10
8, 20, 101
8, 30, 110
10, 40, 96
14, 50, 94
16, 60, 116
16, 70, 120
19, 80, 85
23, 90, 81
25, 100, 86
28, 110, 85
30, 120, 85
32, 130, 68
36, 140, 81
40, 150, 72
44, 160, 84
46, 170, 84
47, 180, 97
50, 190, 92
50, 200, 95
50, 210, 96
52, 220, 79
54, 230, 84
54, 240, 85
56, 250, 90
58, 260, 90
59, 270, 87
59, 280, 95
61, 290, 88
61, 300, 90
64, 310, 90
65, 320, 104
66, 330, 97
67, 340, 102
68, 350, 100
70, 360, 102
71, 370, 104
72, 380, 101
72, 390, 103
73, 400, 103
73, 410, 105
74, 420, 107
75, 430, 102
76, 440, 111
77, 450, 112
78, 460, 108
83, 470, 107
84, 480, 115
86, 490, 125
88, 500, 119
89, 510, 118
91, 520, 122
92, 530, 119
92, 540, 122
93, 550, 121
93, 560, 120
94, 570, 113
97, 580, 120
98, 590, 123
100, 600, 126
103, 610, 130
104, 620, 138
104, 630, 136
105, 640, 134
105, 650, 136
105, 660, 130
105, 670, 133
107, 680, 131
108, 690, 139
108, 700, 132
109, 710, 137
109, 720, 133
110, 730, 135
112, 740, 139
112, 750, 141
114, 760, 140
118, 770, 141
121, 780, 147
122, 790, 148
122, 800, 146
123, 810, 146
124, 820, 146
128, 830, 148
128, 840, 155
129, 850, 158
129, 860, 154
129, 870, 156
129, 880, 155
132, 890, 157
135, 900, 157
135, 910, 161
136, 920, 158
136, 930, 157
138, 940, 158
139, 950, 160
139, 960, 160
140, 970, 163
140, 980, 164
141, 990, 161
142, 1000, 164
143, 1010, 160
143, 1020, 165
143, 1030, 163
144, 1040, 161
144, 1050, 163
144, 1060, 162
146, 1070, 162
147, 1080, 165
149, 1090, 165
149, 1100, 168
150, 1110, 167
152, 1120, 167
155, 1130, 170
158, 1140, 173
160, 1150, 180
163, 1160, 177
164, 1170, 182
165, 1180, 192
165, 1190, 183
166, 1200, 183
168, 1210, 189
168, 1220, 188
169, 1230, 187
173, 1240, 194
173, 1250, 197
176, 1260, 197
179, 1270, 202
180, 1280, 209
180, 1290, 201
182, 1300, 202
183, 1310, 204
184, 1320, 208
184, 1330, 208
184, 1340, 208
185, 1350, 210
185, 1360, 215
185, 1370, 207
187, 1380, 206
188, 1390, 206
189, 1400, 208
189, 1410, 211
190, 1420, 210
191, 1430, 211
191, 1440, 214
194, 1450, 208
196, 1460, 215
196, 1470, 215
198, 1480, 219
199, 1490, 222
201, 1500, 223
201, 1510, 227
201, 1520, 226
202, 1530, 229
202, 1540, 223
203, 1550, 230
204, 1560, 232
206, 1570, 234
206, 1580, 235
207, 1590, 229
208, 1600, 238
209, 1610, 238
210, 1620, 240
212, 1630, 241
213, 1640, 248
213, 1650, 239
213, 1660, 251
213, 1670, 245
214, 1680, 243
215, 1690, 242
215, 1700, 250
217, 1710, 241
218, 1720, 239
219, 1730, 246
220, 1740, 249
220, 1750, 248
220, 1760, 252
222, 1770, 251
224, 1780, 252
225, 1790, 255
226, 1800, 256
226, 1810, 255
227, 1820, 251
228, 1830, 256
231, 1840, 252
231, 1850, 261
231, 1860, 261
234, 1870, 261
235, 1880, 260
236, 1890, 274
238, 1900, 267
239, 1910, 273
240, 1920, 268
240, 1930, 272
240, 1940, 270
241, 1950, 267
241, 1960, 272
242, 1970, 271
244, 1980, 270
244, 1990, 273
245, 2000, 272
245, 2010, 273
247, 2020, 275
248, 2030, 276
249, 2040, 277
252, 2050, 279
252, 2060, 281
254, 2070, 282
254, 2080, 282
255, 2090, 282
257, 2100, 282
258, 2110, 285
259, 2120, 285
261, 2130, 287
261, 2140, 291
261, 2150, 292
261, 2160, 291
261, 2170, 286
261, 2180, 291
262, 2190, 288
262, 2200, 290
262, 2210, 288
264, 2220, 290
266, 2230, 292
266, 2240, 293
267, 2250, 293
268, 2260, 296
268, 2270, 296
270, 2280, 293
272, 2290, 298
273, 2300, 299
275, 2310, 298
275, 2320, 303
275, 2330, 303
277, 2340, 300
277, 2350, 303
277, 2360, 302
277, 2370, 303
279, 2380, 300
280, 2390, 306
281, 2400, 306
282, 2410, 304
282, 2420, 308
284, 2430, 306
284, 2440, 310
286, 2450, 310
286, 2460, 313
287, 2470, 314
287, 2480, 313
287, 2490, 313
288, 2500, 311
290, 2510, 312
292, 2520, 318
293, 2530, 323
294, 2540, 323
294, 2550, 323
295, 2560, 320
295, 2570, 319
296, 2580, 321
297, 2590, 321
298, 2600, 325
298, 2610, 325
298, 2620, 325
299, 2630, 322
301, 2640, 325
303, 2650, 329
303, 2660, 335
304, 2670, 333
304, 2680, 331
305, 2690, 337
307, 2700, 330
308, 2710, 339
308, 2720, 339
308, 2730, 338
309, 2740, 338
310, 2750, 337
312, 2760, 342
312, 2770, 343
313, 2780, 346
313, 2790, 344
315, 2800, 347
315, 2810, 346
316, 2820, 347
317, 2830, 345
318, 2840, 347
320, 2850, 350
320, 2860, 348
321, 2870, 351
323, 2880, 353
323, 2890, 355
324, 2900, 354
326, 2910, 357
328, 2920, 355
329, 2930, 357
330, 2940, 360
331, 2950, 361
332, 2960, 361
333, 2970, 364
333, 2980, 364
334, 2990, 366
335, 3000, 364
337, 3010, 364
338, 3020, 366
339, 3030, 363
341, 3040, 368
343, 3050, 370
343, 3060, 370
347, 3070, 371
348, 3080, 376
348, 3090, 376
348, 3100, 380
349, 3110, 376
351, 3120, 377
352, 3130, 379
354, 3140, 380
355, 3150, 380
357, 3160, 381
358, 3170, 384
358, 3180, 384
359, 3190, 383
360, 3200, 385
361, 3210, 385
364, 3220, 388
364, 3230, 388
367, 3240, 388
370, 3250, 392
372, 3260, 395
373, 3270, 398
374, 3280, 403
376, 3290, 401
377, 3300, 403
377, 3310, 406
377, 3320, 404
377, 3330, 403
377, 3340, 404
378, 3350, 403
382, 3360, 405
385, 3370, 411
385, 3380, 412
387, 3390, 413
389, 3400, 415
390, 3410, 418
394, 3420, 416
396, 3430, 421
396, 3440, 427
396, 3450, 423
396, 3460, 424
397, 3470, 422
400, 3480, 422
401, 3490, 426
402, 3500, 428
403, 3510, 427
403, 3520, 429
403, 3530, 427
403, 3540, 431
403, 3550, 428
404, 3560, 426
405, 3570, 428
405, 3580, 429
407, 3590, 427
407, 3600, 431
407, 3610, 430
408, 3620, 430
409, 3630, 430
409, 3640, 432
{'count': 3640, 'truepos': 51, 'falseneg': 7, 'unknownyes': 4, 'falsepos': 358, 'unique': 3640}
25: Wahono.csv: three: 0, 0
7, 10
8, 20, 109
9, 30, 112
10, 40, 103
10, 50, 90
15, 60, 59
18, 70, 61
19, 80, 62
21, 90, 58
22, 100, 61
23, 110, 57
26, 120, 55
28, 130, 55
29, 140, 56
31, 150, 55
33, 160, 57
33, 170, 62
34, 180, 58
35, 190, 61
36, 200, 57
36, 210, 60
38, 220, 57
42, 230, 58
43, 240, 61
45, 250, 61
46, 260, 63
46, 270, 68
47, 280, 65
47, 290, 66
47, 300, 73
49, 310, 63
51, 320, 67
52, 330, 73
53, 340, 71
54, 350, 72
56, 360, 72
57, 370, 72
59, 380, 76
59, 390, 77
59, 400, 74
59, 410, 82
60, 420, 75
61, 430, 72
61, 440, 76
61, 450, 78
61, 460, 79
61, 470, 77
61, 480, 73
61, 490, 73
61, 500, 71
61, 510, 72
62, 520, 73
62, 530, 74
62, 540, 73
64, 550, 71
65, 560, 74
66, 570, 75
66, 580, 75
67, 590, 76
67, 600, 78
67, 610, 77
67, 620, 76
68, 630, 77
68, 640, 79
69, 650, 77
70, 660, 81
70, 670, 82
70, 680, 82
70, 690, 80
70, 700, 82
71, 710, 82
71, 720, 80
71, 730, 82
71, 740, 82
72, 750, 83
72, 760, 83
72, 770, 82
72, 780, 81
72, 790, 86
72, 800, 82
73, 810, 82
73, 820, 84
73, 830, 84
75, 840, 83
75, 850, 84
77, 860, 84
77, 870, 88
77, 880, 87
77, 890, 87
77, 900, 86
77, 910, 88
78, 920, 86
79, 930, 87
79, 940, 89
79, 950, 90
80, 960, 88
80, 970, 89
80, 980, 89
81, 990, 89
82, 1000, 90
82, 1010, 92
83, 1020, 91
83, 1030, 93
83, 1040, 92
83, 1050, 92
83, 1060, 91
84, 1070, 91
84, 1080, 92
85, 1090, 92
85, 1100, 94
85, 1110, 93
85, 1120, 93
85, 1130, 92
85, 1140, 92
85, 1150, 91
85, 1160, 91
85, 1170, 92
85, 1180, 92
85, 1190, 91
85, 1200, 93
85, 1210, 91
85, 1220, 93
86, 1230, 91
86, 1240, 92
87, 1250, 92
88, 1260, 94
89, 1270, 95
90, 1280, 96
91, 1290, 97
93, 1300, 100
93, 1310, 104
94, 1320, 102
94, 1330, 105
94, 1340, 104
95, 1350, 104
95, 1360, 108
95, 1370, 106
96, 1380, 106
96, 1390, 105
97, 1400, 105
97, 1410, 105
97, 1420, 105
97, 1430, 105
97, 1440, 104
97, 1450, 105
98, 1460, 105
98, 1470, 106
98, 1480, 106
98, 1490, 105
98, 1500, 105
98, 1510, 105
98, 1520, 104
{'count': 3316, 'truepos': 58, 'falseneg': 0, 'unknownyes': 4, 'falsepos': 40, 'unique': 1520}
25: Wahono.csv: machine: 0, 0
7, 10
10, 20, 109
10, 30, 116
13, 40, 102
15, 50, 110
16, 60, 109
['yes' 'yes' 'yes' 'yes' 'yes' 'yes' 'yes' 'no' 'yes' 'yes']
[]
14, 60, 109
16, 70, 87
20, 80, 81
22, 90, 95
24, 100, 85
27, 110, 78
['no' 'yes' 'yes' 'yes' 'yes' 'yes' 'no' 'no' 'yes' 'yes']
[]
24, 110, 78
27, 120, 73
27, 130, 80
32, 140, 69
35, 150, 63
39, 160, 65
['yes' 'no' 'yes' 'no' 'yes' 'yes' 'yes' 'yes' 'yes' 'no']
['no' 'no' 'no' 'no' 'no' 'no' 'yes' 'no' 'no' 'no']
36, 160, 65
39, 170, 64
39, 180, 71
39, 190, 67
40, 200, 64
45, 210, 65
['no' 'yes' 'yes' 'yes' 'no' 'no' 'yes' 'yes' 'yes' 'no']
['no' 'no' 'yes' 'no' 'yes' 'no' 'no' 'no' 'no' 'no']
42, 210, 65
43, 220, 62
46, 230, 66
47, 240, 68
49, 250, 70
51, 260, 72
['yes' 'no' 'yes' 'yes' 'no' 'no' 'yes' 'no' 'yes' 'yes']
['no' 'no' 'no' 'no' 'no' 'no' 'no' 'no' 'no' 'no']
48, 260, 72
48, 270, 68
49, 280, 67
50, 290, 68
50, 300, 71
51, 310, 68
['no' 'no' 'yes' 'yes' 'no' 'yes' 'yes' 'yes' 'yes' 'no']
['no' 'no' 'no' 'no' 'no' 'no' 'no' 'no' 'no' 'no']
47, 310, 68
50, 320, 60
52, 330, 64
53, 340, 63
56, 350, 66
56, 360, 70
['no' 'no' 'no' 'no' 'yes' 'no' 'no' 'no' 'yes' 'yes']
['no' 'no' 'no' 'no' 'no' 'no' 'no' 'no' 'no' 'no']
50, 360, 70
51, 370, 63
52, 380, 65
52, 390, 67
52, 400, 69
53, 410, 67
['no' 'no' 'no' 'yes' 'yes' 'yes' 'no' 'no' 'no' 'no']
['no' 'no' 'no' 'yes' 'no' 'no' 'no' 'no' 'no' 'no']
49, 410, 67
49, 420, 71
50, 430, 68
52, 440, 68
52, 450, 71
52, 460, 67
['no' 'no' 'no' 'no']
['no' 'no' 'no' 'no' 'no' 'no' 'no' 'no' 'no' 'no']
50, 460, 67
50, 470, 68
50, 480, 62
51, 490, 66
51, 500, 66
51, 510, 65
['no' 'no']
['no' 'no' 'no' 'no' 'no' 'no' 'no' 'no' 'no' 'no']
50, 510, 65
52, 520, 64
54, 530, 69
55, 540, 74
59, 550, 76
61, 560, 85
['no' 'no' 'no' 'no' 'no' 'no' 'no' 'no' 'no' 'no']
['no' 'no' 'no' 'no' 'no' 'no' 'yes' 'no' 'no' 'no']
54, 560, 85
54, 570, 66
55, 580, 69
56, 590, 71
56, 600, 75
56, 610, 72
['yes' 'no' 'no' 'no' 'no' 'no']
['no' 'no' 'no' 'no' 'no' 'no' 'no' 'no' 'no' 'no']
53, 610, 72
54, 620, 63
55, 630, 66
55, 640, 67
55, 650, 69
56, 660, 70
['no' 'no' 'no' 'no']
['no' 'no' 'no' 'no' 'no' 'no' 'no' 'yes' 'no' 'no']
53, 660, 70
54, 670, 63
55, 680, 62
57, 690, 67
58, 700, 70
59, 710, 73
['no' 'no' 'no' 'no' 'no' 'no']
['no' 'no' 'no' 'no' 'no' 'no' 'no' 'no' 'no' 'no']
55, 710, 73
57, 720, 67
59, 730, 68
59, 740, 70
59, 750, 68
60, 760, 71
['no' 'no' 'no' 'no' 'no' 'no']
['no' 'no' 'no' 'no' 'no' 'no' 'no' 'no' 'no' 'no']
55, 760, 71
57, 770, 63
58, 780, 67
59, 790, 69
61, 800, 69
61, 810, 71
['yes' 'no' 'no' 'no' 'no' 'yes']
['no' 'no' 'no' 'no' 'no' 'no' 'no' 'no' 'no' 'no']
58, 810, 71
58, 820, 69
59, 830, 65
59, 840, 68
60, 850, 68
60, 860, 69
['no' 'no' 'no']
['no' 'no' 'no' 'no' 'no' 'no' 'no' 'no' 'no' 'no']
60, 860, 69
61, 870, 68
64, 880, 70
67, 890, 72
67, 900, 76
67, 910, 76
['no' 'no' 'no' 'no' 'no' 'no' 'no' 'no' 'no']
['no' 'no' 'no' 'no' 'no' 'no' 'no' 'no' 'no' 'no']
60, 910, 76
62, 920, 68
63, 930, 70
64, 940, 71
64, 950, 74
64, 960, 71
['no' 'no' 'no' 'no' 'no']
['no' 'no' 'no' 'no' 'no' 'no' 'no' 'no' 'no' 'no']
59, 960, 71
59, 970, 66
60, 980, 65
62, 990, 67
62, 1000, 69
63, 1010, 71
['no' 'no' 'no' 'no']
['no' 'no' 'no' 'no' 'no' 'no' 'no' 'no' 'no' 'no']
62, 1010, 71
64, 1020, 70
64, 1030, 71
65, 1040, 72
66, 1050, 73
67, 1060, 74
['no' 'no' 'no' 'no' 'yes' 'no' 'no']
['no' 'no' 'no' 'no' 'no' 'no' 'no' 'no' 'no' 'no']
62, 1060, 74
64, 1070, 68
65, 1080, 69
65, 1090, 71
65, 1100, 71
67, 1110, 71
['no' 'no' 'no' 'yes' 'yes' 'no']
['no' 'no' 'no' 'no' 'no' 'no' 'no' 'no' 'no' 'no']
65, 1110, 71
66, 1120, 70
67, 1130, 71
67, 1140, 72
69, 1150, 73
69, 1160, 76
['no' 'no' 'no' 'no' 'no' 'no']
['no' 'no' 'no' 'no' 'no' 'no' 'no' 'no' 'no' 'no']
66, 1160, 76
67, 1170, 70
69, 1180, 72
72, 1190, 75
74, 1200, 78
74, 1210, 82
['no' 'no' 'no' 'yes' 'no' 'no' 'no' 'no' 'no']
['no' 'no' 'no' 'no' 'no' 'no' 'no' 'no' 'no' 'no']
70, 1210, 82
71, 1220, 75
71, 1230, 76
72, 1240, 76
73, 1250, 78
74, 1260, 79
['no' 'no' 'no' 'no' 'no' 'no']
['no' 'no' 'no' 'no' 'no' 'no' 'no' 'no' 'no' 'no']
69, 1260, 79
70, 1270, 74
71, 1280, 76
73, 1290, 76
77, 1300, 78
78, 1310, 84
['no' 'no' 'no' 'no' 'no' 'no' 'no' 'no' 'no']
['no' 'no' 'no' 'no' 'no' 'no' 'no' 'no' 'no' 'no']
70, 1310, 84
['no']
['no' 'no' 'no' 'no' 'no' 'no' 'no' 'no' 'no' 'no']
{'count': 1749, 'truepos': 52, 'falseneg': 4, 'unknownyes': 6, 'falsepos': 19, 'unique': 1310}
25: Wahono.csv: machine2: 0, 0
5, 10
8, 20, 107
9, 30, 96
13, 40, 99
15, 50, 103
15, 60, 106
['yes' 'yes' 'no' 'no' 'yes' 'yes' 'yes' 'yes' 'no' 'yes']
[]
11, 60, 106
14, 70, 77
17, 80, 63
21, 90, 63
24, 100, 68
25, 110, 74
['no' 'yes' 'yes' 'yes' 'yes' 'yes' 'yes' 'no' 'yes' 'no']
[]
22, 110, 74
24, 120, 57
26, 130, 58
28, 140, 60
29, 150, 62
30, 160, 60
['no' 'yes' 'yes' 'no' 'yes' 'no' 'no' 'no' 'no' 'yes']
['no' 'no' 'no' 'no' 'no' 'no' 'no' 'no' 'no' 'yes']
27, 160, 60
27, 170, 55
30, 180, 54
31, 190, 50
32, 200, 48
34, 210, 52
['yes' 'no' 'no' 'no' 'no' 'no' 'no' 'yes' 'no' 'yes']
['no' 'no' 'no' 'no' 'no' 'no' 'no' 'no' 'no' 'no']
29, 210, 52
30, 220, 57
32, 230, 42
35, 240, 52
37, 250, 56
39, 260, 58
['yes' 'yes' 'no' 'no' 'no' 'yes' 'no' 'yes' 'no' 'yes']
['no' 'no' 'no' 'no' 'no' 'no' 'no' 'no' 'no' 'no']
36, 260, 58
40, 270, 52
41, 280, 63
43, 290, 64
46, 300, 62
47, 310, 68
['no' 'yes' 'yes' 'yes' 'yes' 'yes' 'yes' 'no' 'yes' 'yes']
['no' 'no' 'no' 'no' 'yes' 'no' 'no' 'no' 'no' 'no']
46, 310, 68
47, 320, 66
49, 330, 68
51, 340, 66
52, 350, 75
54, 360, 75
['no' 'yes' 'yes' 'no' 'no' 'yes' 'no' 'no' 'yes' 'yes']
['no' 'no' 'no' 'no' 'no' 'no' 'no' 'no' 'no' 'no']
53, 360, 75
54, 370, 75
54, 380, 79
55, 390, 72
58, 400, 73
60, 410, 84
['no' 'no' 'yes' 'yes' 'no' 'no' 'no' 'no' 'no' 'yes']
['no' 'no' 'no' 'no' 'no' 'no' 'no' 'no' 'no' 'no']
53, 410, 84
54, 420, 68
54, 430, 72
54, 440, 70
57, 450, 69
57, 460, 83
['no' 'no' 'yes' 'no' 'yes' 'yes' 'no' 'yes' 'yes' 'no']
['no' 'no' 'no' 'no' 'no' 'no' 'no' 'no' 'no' 'no']
54, 460, 83
55, 470, 69
56, 480, 68
58, 490, 74
58, 500, 79
60, 510, 74
['no' 'yes' 'yes' 'no' 'no' 'no' 'no']
['no' 'no' 'no' 'no' 'no' 'no' 'no' 'no' 'no' 'no']
56, 510, 74
58, 520, 71
58, 530, 74
59, 540, 70
61, 550, 77
61, 560, 76
['no' 'no' 'no' 'no' 'no']
['no' 'no' 'no' 'no' 'no' 'no' 'no' 'no' 'no' 'no']
58, 560, 76
59, 570, 72
60, 580, 69
61, 590, 73
64, 600, 72
65, 610, 79
['no' 'no' 'no' 'no' 'no' 'no' 'no' 'no']
['no' 'no' 'no' 'no' 'no' 'no' 'no' 'no' 'no' 'no']
59, 610, 79
59, 620, 72
59, 630, 71
61, 640, 70
61, 650, 73
62, 660, 74
['no' 'no' 'no']
['no' 'no' 'no' 'no' 'no' 'no' 'no' 'no' 'no' 'no']
60, 660, 74
61, 670, 72
62, 680, 76
63, 690, 78
63, 700, 74
65, 710, 79
['no' 'no' 'no' 'no' 'no' 'no']
['no' 'no' 'no' 'no' 'no' 'no' 'no' 'no' 'no' 'no']
62, 710, 79
63, 720, 75
64, 730, 74
65, 740, 78
69, 750, 76
71, 760, 84
['no' 'no' 'no' 'yes' 'yes' 'no' 'no' 'no' 'no']
['no' 'no' 'no' 'no' 'no' 'no' 'no' 'yes' 'no' 'no']
68, 760, 84
69, 770, 79
70, 780, 84
71, 790, 82
74, 800, 82
75, 810, 87
['no' 'no' 'no' 'no' 'yes' 'no' 'no' 'no' 'no' 'no']
['no' 'no' 'no' 'no' 'no' 'no' 'no' 'no' 'no' 'no']
67, 810, 87
67, 820, 77
69, 830, 76
71, 840, 78
72, 850, 82
72, 860, 81
['no' 'no' 'no' 'no' 'no' 'no']
['no' 'no' 'no' 'no' 'no' 'no' 'no' 'no' 'no' 'no']
69, 860, 81
69, 870, 78
71, 880, 78
73, 890, 81
74, 900, 82
74, 910, 83
['no' 'no' 'no' 'no' 'no' 'no' 'no']
['no' 'no' 'no' 'no' 'no' 'no' 'no' 'no' 'no' 'no']
69, 910, 83
70, 920, 79
73, 930, 78
74, 940, 84
76, 950, 85
77, 960, 89
['no' 'no' 'no' 'no' 'no' 'no' 'no' 'no' 'no' 'no']
['no' 'no' 'no' 'no' 'no' 'no' 'no' 'no' 'no' 'no']
69, 960, 89
73, 970, 77
75, 980, 88
76, 990, 86
76, 1000, 89
77, 1010, 91
['no' 'no' 'no' 'no' 'no' 'no' 'no' 'no']
['no' 'no' 'no' 'no' 'no' 'no' 'no' 'no' 'no' 'no']
72, 1010, 91
75, 1020, 79
75, 1030, 84
75, 1040, 84
75, 1050, 84
75, 1060, 82
['no' 'no' 'no' 'no']
['no' 'no' 'no' 'no' 'no' 'no' 'no' 'no' 'no' 'no']
73, 1060, 82
74, 1070, 81
74, 1080, 82
77, 1090, 81
78, 1100, 85
80, 1110, 85
['no' 'no' 'no' 'no' 'no' 'no' 'no' 'no']
['no' 'no' 'no' 'no' 'no' 'no' 'no' 'no' 'no' 'no']
76, 1110, 85
79, 1120, 83
80, 1130, 88
80, 1140, 88
81, 1150, 88
82, 1160, 88
['no' 'no' 'no' 'no' 'no' 'no' 'no']
['no' 'no' 'no' 'no' 'no' 'no' 'no' 'no' 'no' 'no']
76, 1160, 88
77, 1170, 82
77, 1180, 83
79, 1190, 84
79, 1200, 88
80, 1210, 87
['no' 'no' 'no' 'no']
['no' 'no' 'no' 'no' 'no' 'no' 'no' 'no' 'no' 'no']
79, 1210, 87
79, 1220, 88
80, 1230, 87
82, 1240, 89
85, 1250, 93
85, 1260, 96
['no' 'no' 'no' 'no' 'no' 'no' 'no']
['no' 'no' 'no' 'no' 'no' 'no' 'no' 'no' 'no' 'no']
83, 1260, 96
84, 1270, 91
86, 1280, 94
86, 1290, 97
88, 1300, 96
89, 1310, 100
['no' 'no' 'no' 'no' 'no' 'no' 'no' 'no' 'no' 'no']
['no' 'no' 'no' 'no' 'no' 'no' 'no' 'no' 'no' 'no']
81, 1310, 100
81, 1320, 87
83, 1330, 87
84, 1340, 88
87, 1350, 89
89, 1360, 95
['no' 'no' 'no' 'no' 'no' 'no' 'no' 'no']
['no' 'no' 'no' 'no' 'no' 'no' 'no' 'no' 'no' 'no']
83, 1360, 95
85, 1370, 88
['no' 'no']
['no' 'no' 'no' 'no' 'no' 'no' 'no' 'no' 'no' 'no']
{'count': 1986, 'truepos': 51, 'falseneg': 4, 'unknownyes': 7, 'falsepos': 33, 'unique': 1370}
25: Wahono.csv: machine3: 0, 0
5, 10
6, 20, 95
8, 30, 93
11, 40, 91
11, 50, 91
15, 60, 66
null
[]
19, 70, 74
19, 80, 80
24, 90, 59
25, 100, 73
26, 110, 65
27, 120, 62
null
[]
27, 130, 57
28, 140, 54
30, 150, 53
34, 160, 68
35, 170, 73
37, 180, 73
null
['no' 'no' 'no' 'no' 'no' 'no' 'no' 'no' 'no' 'no']
37, 180, 73
37, 190, 74
40, 200, 64
40, 210, 74
40, 220, 69
43, 230, 65
null
['yes' 'no' 'no' 'no' 'yes' 'no' 'no' 'no' 'no' 'no']
45, 230, 65
47, 240, 67
47, 250, 80
47, 260, 76
47, 270, 67
47, 280, 71
null
['no' 'no' 'no' 'no' 'no' 'no' 'no' 'no' 'no' 'no']
47, 280, 71
49, 290, 67
50, 300, 71
50, 310, 71
50, 320, 69
51, 330, 69
null
['no' 'no' 'no' 'no' 'no' 'no' 'no' 'no' 'no' 'no']
51, 330, 69
51, 340, 73
51, 350, 73
52, 360, 66
53, 370, 71
53, 380, 72
null
['no' 'no' 'no' 'no' 'no' 'no' 'no' 'no' 'no' 'no']
53, 380, 72
54, 390, 70
54, 400, 67
55, 410, 69
55, 420, 79
55, 430, 68
null
['no' 'no' 'no' 'no' 'no' 'no' 'no' 'no' 'no' 'no']
55, 430, 68
59, 440, 71
59, 450, 76
59, 460, 74
59, 470, 76
59, 480, 75
null
['no' 'no' 'no' 'no' 'no' 'no' 'no' 'no' 'no' 'no']
59, 480, 75
59, 490, 73
60, 500, 73
60, 510, 72
60, 520, 76
60, 530, 72
null
['no' 'no' 'no' 'no' 'no' 'no' 'no' 'no' 'no' 'no']
60, 530, 72
60, 540, 73
60, 550, 73
60, 560, 71
60, 570, 75
60, 580, 71
null
['no' 'no' 'no' 'no' 'no' 'no' 'no' 'no' 'no' 'no']
60, 580, 71
60, 590, 71
61, 600, 70
61, 610, 70
62, 620, 71
62, 630, 72
null
['no' 'no' 'no' 'no' 'no' 'no' 'no' 'no' 'no' 'no']
62, 630, 72
62, 640, 73
62, 650, 73
62, 660, 72
63, 670, 72
65, 680, 72
null
['no' 'no' 'no' 'no' 'no' 'no' 'no' 'no' 'no' 'no']
65, 680, 72
65, 690, 74
66, 700, 74
68, 710, 77
68, 720, 80
68, 730, 78
null
['no' 'no' 'no' 'no' 'no' 'no' 'no' 'no' 'no' 'no']
69, 730, 78
69, 740, 80
69, 750, 79
69, 760, 79
71, 770, 78
71, 780, 81
null
['no' 'no' 'no' 'no' 'no' 'no' 'no' 'no' 'no' 'no']
71, 780, 81
72, 790, 82
73, 800, 83
73, 810, 84
73, 820, 83
73, 830, 84
null
['no' 'no' 'no' 'no' 'no' 'no' 'no' 'no' 'no' 'no']
73, 830, 84
74, 840, 84
74, 850, 84
74, 860, 84
74, 870, 83
74, 880, 83
null
['no' 'no' 'no' 'no' 'no' 'no' 'no' 'no' 'no' 'no']
74, 880, 83
74, 890, 83
74, 900, 85
74, 910, 82
74, 920, 82
74, 930, 82
null
['no' 'no' 'no' 'no' 'no' 'no' 'no' 'no' 'no' 'no']
74, 930, 82
74, 940, 82
74, 950, 82
74, 960, 81
74, 970, 82
74, 980, 82
null
['no' 'no' 'no' 'no' 'no' 'no' 'no' 'no' 'no' 'no']
74, 980, 82
74, 990, 81
74, 1000, 82
74, 1010, 80
75, 1020, 81
75, 1030, 83
null
['no' 'no' 'no' 'no' 'no' 'no' 'no' 'no' 'no' 'no']
75, 1030, 83
76, 1040, 82
76, 1050, 83
76, 1060, 84
76, 1070, 83
76, 1080, 84
null
['no' 'no' 'no' 'no' 'no' 'no' 'no' 'no' 'no' 'no']
76, 1080, 84
76, 1090, 83
76, 1100, 83
76, 1110, 83
76, 1120, 83
76, 1130, 83
null
['no' 'no' 'no' 'no' 'no' 'no' 'no' 'no' 'no' 'no']
76, 1130, 83
77, 1140, 83
77, 1150, 85
77, 1160, 84
77, 1170, 84
77, 1180, 84
null
['no' 'no' 'no' 'no' 'no' 'no' 'no' 'no' 'no' 'no']
77, 1180, 84
78, 1190, 84
78, 1200, 85
78, 1210, 85
78, 1220, 85
79, 1230, 85
null
['no' 'no' 'no' 'no' 'no' 'no' 'no' 'no' 'no' 'no']
79, 1230, 85
79, 1240, 86
79, 1250, 86
79, 1260, 86
79, 1270, 85
79, 1280, 85
null
['yes' 'no' 'no' 'no' 'no' 'no' 'no' 'no' 'no' 'no']
81, 1280, 85
81, 1290, 89
81, 1300, 88
81, 1310, 88
81, 1320, 87
82, 1330, 88
null
['no' 'no' 'no' 'no' 'no' 'no' 'no' 'no' 'no' 'no']
82, 1330, 88
82, 1340, 89
82, 1350, 89
82, 1360, 89
82, 1370, 89
82, 1380, 89
null
['no' 'no' 'no' 'no' 'no' 'no' 'no' 'no' 'no' 'no']
82, 1380, 89
82, 1390, 89
82, 1400, 88
83, 1410, 88
83, 1420, 89
83, 1430, 89
null
['no' 'no' 'no' 'no' 'no' 'no' 'no' 'no' 'no' 'no']
84, 1430, 89
84, 1440, 91
84, 1450, 90
84, 1460, 90
84, 1470, 90
84, 1480, 90
null
['no' 'no' 'no' 'no' 'no' 'no' 'no' 'no' 'no' 'no']
84, 1480, 90
84, 1490, 90
84, 1500, 90
84, 1510, 90
84, 1520, 90
84, 1530, 90
null
['no' 'no' 'no' 'no' 'no' 'no' 'no' 'no' 'no' 'no']
84, 1530, 90
84, 1540, 89
84, 1550, 89
85, 1560, 89
85, 1570, 90
86, 1580, 90
null
['no' 'no' 'no' 'no' 'no' 'no' 'no' 'no' 'no' 'no']
null
['no' 'no' 'no' 'no' 'no' 'no' 'no' 'no' 'no' 'no']
{'count': 2266, 'truepos': 58, 'falseneg': 3, 'unknownyes': 1, 'falsepos': 28, 'unique': 1580}
25: Danijel.csv: none: 0, 0
4, 10
4, 20, 129
6, 30, 96
8, 40, 86
9, 50, 84
11, 60, 66
13, 70, 64
18, 80, 63
21, 90, 71
25, 100, 74
28, 110, 76
28, 120, 85
30, 130, 69
32, 140, 62
34, 150, 51
36, 160, 59
40, 170, 53
42, 180, 60
43, 190, 63
44, 200, 65
45, 210, 63
45, 220, 69
47, 230, 63
47, 240, 66
50, 250, 64
50, 260, 78
50, 270, 73
52, 280, 68
53, 290, 72
54, 300, 74
54, 310, 72
56, 320, 73
57, 330, 77
59, 340, 78
59, 350, 78
60, 360, 83
62, 370, 81
62, 380, 89
62, 390, 85
65, 400, 81
65, 410, 84
66, 420, 80
67, 430, 88
67, 440, 86
68, 450, 90
71, 460, 84
72, 470, 94
72, 480, 89
73, 490, 96
74, 500, 90
76, 510, 96
76, 520, 93
76, 530, 92
77, 540, 96
77, 550, 95
77, 560, 92
80, 570, 89
83, 580, 105
84, 590, 102
84, 600, 107
86, 610, 98
86, 620, 108
86, 630, 102
86, 640, 100
89, 650, 99
90, 660, 102
92, 670, 104
94, 680, 106
97, 690, 110
97, 700, 113
98, 710, 114
98, 720, 112
99, 730, 112
101, 740, 113
104, 750, 119
106, 760, 120
107, 770, 125
108, 780, 126
110, 790, 129
111, 800, 127
111, 810, 127
113, 820, 127
114, 830, 130
114, 840, 128
114, 850, 131
114, 860, 128
115, 870, 128
115, 880, 128
117, 890, 130
119, 900, 127
120, 910, 133
123, 920, 133
124, 930, 138
125, 940, 139
125, 950, 142
125, 960, 140
125, 970, 138
125, 980, 140
125, 990, 139
126, 1000, 140
126, 1010, 141
126, 1020, 140
128, 1030, 140
129, 1040, 144
131, 1050, 146
131, 1060, 148
132, 1070, 147
133, 1080, 150
133, 1090, 145
133, 1100, 150
133, 1110, 147
134, 1120, 145
134, 1130, 147
137, 1140, 148
141, 1150, 153
141, 1160, 160
141, 1170, 154
142, 1180, 158
142, 1190, 163
144, 1200, 163
144, 1210, 165
145, 1220, 166
145, 1230, 165
146, 1240, 160
148, 1250, 161
149, 1260, 169
152, 1270, 165
153, 1280, 169
153, 1290, 170
154, 1300, 167
155, 1310, 171
155, 1320, 171
155, 1330, 175
155, 1340, 172
155, 1350, 173
156, 1360, 171
157, 1370, 173
158, 1380, 172
159, 1390, 173
159, 1400, 175
160, 1410, 175
163, 1420, 173
163, 1430, 179
163, 1440, 180
163, 1450, 175
164, 1460, 180
165, 1470, 177
165, 1480, 179
166, 1490, 179
167, 1500, 179
170, 1510, 182
172, 1520, 187
173, 1530, 187
174, 1540, 188
175, 1550, 190
175, 1560, 191
175, 1570, 190
176, 1580, 188
178, 1590, 189
178, 1600, 192
178, 1610, 193
179, 1620, 192
180, 1630, 193
182, 1640, 197
185, 1650, 196
185, 1660, 200
186, 1670, 201
187, 1680, 200
188, 1690, 201
189, 1700, 203
190, 1710, 205
191, 1720, 205
191, 1730, 204
193, 1740, 205
194, 1750, 210
195, 1760, 207
195, 1770, 208
195, 1780, 209
197, 1790, 210
199, 1800, 211
200, 1810, 213
201, 1820, 213
202, 1830, 212
203, 1840, 215
203, 1850, 216
205, 1860, 216
208, 1870, 219
208, 1880, 222
209, 1890, 224
210, 1900, 224
211, 1910, 224
212, 1920, 226
213, 1930, 228
214, 1940, 228
214, 1950, 230
215, 1960, 229
215, 1970, 227
217, 1980, 229
219, 1990, 232
221, 2000, 234
222, 2010, 235
222, 2020, 237
224, 2030, 236
226, 2040, 239
227, 2050, 240
228, 2060, 242
229, 2070, 241
229, 2080, 243
229, 2090, 243
229, 2100, 242
{'count': 2100, 'truepos': 42, 'falseneg': 5, 'unknownyes': 1, 'falsepos': 187, 'unique': 2100}
25: Danijel.csv: three: 0, 0
4, 10
6, 20, 113
10, 30, 105
10, 40, 113
12, 50, 102
12, 60, 98
12, 70, 67
16, 80, 60
18, 90, 57
19, 100, 60
19, 110, 52
19, 120, 51
21, 130, 45
23, 140, 46
26, 150, 47
29, 160, 49
30, 170, 53
31, 180, 48
33, 190, 47
33, 200, 55
34, 210, 50
35, 220, 47
35, 230, 50
37, 240, 49
38, 250, 48
39, 260, 51
40, 270, 51
40, 280, 54
40, 290, 57
40, 300, 52
40, 310, 50
41, 320, 55
42, 330, 55
43, 340, 53
43, 350, 61
43, 360, 57
43, 370, 56
44, 380, 54
45, 390, 53
46, 400, 53
46, 410, 56
46, 420, 54
46, 430, 53
46, 440, 55
46, 450, 53
47, 460, 53
47, 470, 55
47, 480, 58
47, 490, 57
47, 500, 54
48, 510, 54
49, 520, 55
49, 530, 56
49, 540, 56
49, 550, 58
49, 560, 56
49, 570, 57
49, 580, 55
50, 590, 54
51, 600, 55
52, 610, 55
52, 620, 57
54, 630, 58
55, 640, 60
56, 650, 60
56, 660, 61
56, 670, 61
56, 680, 62
57, 690, 61
57, 700, 62
57, 710, 62
57, 720, 61
57, 730, 61
{'count': 1578, 'truepos': 42, 'falseneg': 3, 'unknownyes': 3, 'falsepos': 15, 'unique': 730}
25: Danijel.csv: machine: 0, 0
4, 10
6, 20, 120
10, 30, 110
10, 40, 130
13, 50, 99
16, 60, 101
['yes' 'yes' 'no' 'yes' 'no' 'no' 'yes' 'no' 'no' 'no']
[]
9, 60, 101
10, 70, 100
11, 80, 66
13, 90, 64
16, 100, 63
18, 110, 57
['no' 'no' 'no' 'no' 'no' 'no' 'no' 'yes' 'yes' 'yes']
[]
12, 110, 57
14, 120, 50
15, 130, 56
18, 140, 54
18, 150, 60
18, 160, 52
['no' 'no' 'yes' 'no' 'no' 'yes' 'yes' 'no' 'no' 'no']
[]
12, 160, 52
14, 170, 49
18, 180, 48
22, 190, 55
23, 200, 61
26, 210, 57
['yes' 'no' 'yes' 'yes' 'yes' 'yes' 'no' 'yes' 'yes' 'no']
['yes']
24, 210, 57
27, 220, 57
28, 230, 60
28, 240, 56
31, 250, 53
32, 260, 49
['no' 'no' 'no' 'yes' 'no' 'yes' 'no' 'yes' 'yes' 'yes']
['no' 'no' 'no' 'no' 'no' 'yes' 'yes' 'no' 'no' 'no']
30, 260, 49
32, 270, 46
36, 280, 48
37, 290, 57
39, 300, 53
42, 310, 57
['no' 'yes' 'yes' 'yes' 'no' 'no' 'yes' 'yes' 'no' 'yes']
['no' 'yes' 'no' 'no' 'no' 'no' 'no' 'no' 'no' 'no']
40, 310, 57
43, 320, 54
44, 330, 61
45, 340, 60
46, 350, 61
50, 360, 62
['no' 'no' 'yes' 'no' 'yes' 'no' 'no' 'yes' 'no' 'no']
['no' 'no' 'no' 'no' 'no' 'no' 'no' 'no' 'no' 'no']
43, 360, 62
43, 370, 56
45, 380, 55
45, 390, 56
47, 400, 54
50, 410, 58
['no' 'no' 'yes' 'no' 'no' 'no' 'no' 'yes' 'no' 'yes']
['no' 'yes' 'no' 'no' 'no' 'no' 'no' 'no' 'no' 'no']
47, 410, 58
48, 420, 63
48, 430, 64
50, 440, 63
51, 450, 65
52, 460, 67
['no' 'no' 'no' 'no' 'no' 'no' 'yes' 'yes' 'no' 'yes']
['no' 'no' 'no' 'no' 'no' 'no' 'no' 'no' 'no' 'no']
49, 460, 67
49, 470, 61
50, 480, 58
51, 490, 63
52, 500, 66
53, 510, 65
['no' 'no' 'no' 'yes' 'no' 'no' 'no' 'no' 'yes' 'yes']
['no' 'no' 'no' 'no' 'no' 'no' 'no' 'no' 'no' 'no']
48, 510, 65
49, 520, 62
49, 530, 63
51, 540, 64
51, 550, 74
53, 560, 69
['no' 'no' 'no' 'no' 'no' 'no']
['no' 'no' 'no' 'no' 'no' 'no' 'no' 'no' 'no' 'no']
48, 560, 69
49, 570, 59
49, 580, 62
52, 590, 59
53, 600, 63
53, 610, 64
['no' 'no' 'yes' 'no' 'no']
['yes' 'no' 'no' 'no' 'no' 'no' 'no' 'no' 'no' 'no']
53, 610, 64
54, 620, 62
55, 630, 60
55, 640, 62
56, 650, 61
56, 660, 62
['no' 'no' 'no' 'no' 'no' 'no']
['no' 'no' 'no' 'no' 'no' 'no' 'no' 'no' 'no' 'no']
52, 660, 62
54, 670, 60
55, 680, 65
56, 690, 65
56, 700, 65
58, 710, 64
['no' 'no' 'no' 'no' 'no' 'no']
['no' 'no' 'no' 'no' 'no' 'no' 'no' 'no' 'no' 'no']
53, 710, 64
54, 720, 61
54, 730, 60
55, 740, 62
57, 750, 63
58, 760, 66
['no' 'no' 'no' 'no' 'no' 'no']
['no' 'no' 'no' 'no' 'no' 'no' 'no' 'no' 'no' 'no']
52, 760, 66
53, 770, 59
56, 780, 59
58, 790, 65
58, 800, 71
59, 810, 69
['no' 'no' 'no' 'no' 'no' 'no' 'no']
['no' 'no' 'no' 'no' 'no' 'no' 'no' 'no' 'no' 'no']
55, 810, 69
56, 820, 62
59, 830, 61
59, 840, 66
61, 850, 64
61, 860, 67
['no' 'no' 'no' 'no' 'no' 'no' 'yes' 'no']
['no' 'no' 'no' 'no' 'no' 'no' 'no' 'no' 'no' 'no']
58, 860, 67
58, 870, 62
['no']
['no' 'no' 'no' 'no' 'no' 'no' 'no' 'no' 'no' 'no']
{'count': 1156, 'truepos': 41, 'falseneg': 4, 'unknownyes': 3, 'falsepos': 17, 'unique': 870}
25: Danijel.csv: machine2: 0, 0
4, 10
7, 20, 111
11, 30, 121
12, 40, 128
14, 50, 121
16, 60, 121
['yes' 'no' 'no' 'yes' 'yes' 'yes' 'yes' 'yes' 'no' 'yes']
[]
16, 60, 121
19, 70, 123
19, 80, 130
19, 90, 118
22, 100, 101
23, 110, 109
['no' 'yes' 'no' 'yes' 'no' 'no' 'no' 'yes' 'yes' 'yes']
[]
19, 110, 109
21, 120, 85
25, 130, 87
27, 140, 94
30, 150, 84
34, 160, 71
['yes' 'no' 'yes' 'yes' 'yes' 'yes' 'no' 'yes' 'yes' 'no']
['no' 'no' 'no' 'no' 'no' 'no' 'no' 'no' 'no' 'no']
32, 160, 71
34, 170, 77
35, 180, 72
37, 190, 60
37, 200, 61
38, 210, 58
['no' 'yes' 'yes' 'yes' 'no' 'no' 'yes' 'yes' 'yes' 'yes']
['no' 'no' 'no' 'no' 'no' 'no' 'no' 'no' 'no' 'no']
36, 210, 58
39, 220, 52
43, 230, 56
45, 240, 59
47, 250, 61
48, 260, 62
['yes' 'yes' 'no' 'no' 'no' 'yes' 'yes' 'yes' 'no' 'yes']
['no' 'no' 'no' 'no' 'no' 'no' 'no' 'no' 'no' 'no']
45, 260, 62
46, 270, 62
48, 280, 60
48, 290, 60
48, 300, 61
48, 310, 61
['no' 'yes' 'no' 'yes' 'yes' 'no' 'yes' 'yes' 'yes' 'no']
['no' 'no' 'no' 'no' 'no' 'no' 'no' 'no' 'yes' 'no']
50, 310, 61
51, 320, 64
51, 330, 64
52, 340, 65
53, 350, 68
53, 360, 69
['no' 'no' 'yes' 'yes' 'no' 'no' 'no' 'no' 'yes']
['no' 'no' 'no' 'no' 'no' 'no' 'no' 'no' 'no' 'no']
48, 360, 69
48, 370, 58
49, 380, 58
49, 390, 59
50, 400, 57
51, 410, 57
['no' 'no' 'no' 'no']
['no' 'no' 'no' 'no' 'no' 'no' 'no' 'no' 'no' 'no']
47, 410, 57
48, 420, 56
49, 430, 57
50, 440, 56
51, 450, 60
53, 460, 61
['no' 'no' 'no' 'no' 'no' 'no']
['no' 'no' 'no' 'no' 'no' 'no' 'no' 'no' 'no' 'no']
49, 460, 61
49, 470, 61
51, 480, 57
51, 490, 65
53, 500, 58
53, 510, 63
['no' 'no' 'no' 'no' 'no']
['no' 'no' 'no' 'no' 'no' 'no' 'no' 'no' 'no' 'no']
52, 510, 63
53, 520, 59
53, 530, 61
54, 540, 59
56, 550, 61
57, 560, 64
['no' 'no' 'no' 'no' 'no' 'no' 'no']
['no' 'no' 'no' 'no' 'no' 'no' 'no' 'no' 'no' 'no']
52, 560, 64
55, 570, 63
56, 580, 65
57, 590, 66
59, 600, 67
59, 610, 67
['no' 'no' 'no' 'no' 'no' 'no' 'no']
['no' 'no' 'no' 'no' 'no' 'no' 'no' 'no' 'no' 'no']
55, 610, 67
55, 620, 64
58, 630, 60
60, 640, 65
61, 650, 67
63, 660, 69
['no' 'no' 'no' 'no' 'no' 'no' 'no' 'no' 'no']
['no' 'no' 'no' 'no' 'no' 'no' 'no' 'no' 'no' 'no']
56, 660, 69
58, 670, 60
59, 680, 64
59, 690, 66
60, 700, 68
61, 710, 67
['no' 'no' 'no' 'no' 'no' 'no']
['no' 'no' 'no' 'no' 'no' 'no' 'no' 'no' 'no' 'no']
56, 710, 67
59, 720, 62
59, 730, 66
59, 740, 65
60, 750, 64
62, 760, 66
['no' 'no' 'no' 'no' 'no' 'no']
['no' 'no' 'no' 'no' 'no' 'no' 'no' 'no' 'no' 'no']
57, 760, 66
58, 770, 65
58, 780, 68
59, 790, 69
60, 800, 66
62, 810, 73
['no' 'no' 'no' 'no' 'no']
['no' 'no' 'no' 'no' 'no' 'no' 'no' 'no' 'no' 'no']
58, 810, 73
59, 820, 65
59, 830, 66
59, 840, 64
60, 850, 64
61, 860, 65
['no' 'no' 'no' 'yes']
['no' 'no' 'no' 'no' 'no' 'no' 'no' 'no' 'no' 'no']
59, 860, 65
61, 870, 63
64, 880, 65
65, 890, 70
65, 900, 72
66, 910, 72
['no' 'no' 'no' 'no' 'no' 'no' 'no' 'no']
['no' 'no' 'no' 'no' 'no' 'no' 'no' 'no' 'no' 'no']
60, 910, 72
61, 920, 65
61, 930, 65
['no']
['no' 'no' 'no' 'no' 'no' 'no' 'no' 'no' 'no' 'no']
{'count': 1308, 'truepos': 42, 'falseneg': 2, 'unknownyes': 4, 'falsepos': 18, 'unique': 930}
25: Danijel.csv: machine3: 0, 0
4, 10
4, 20, 126
5, 30, 91
5, 40, 63
6, 50, 54
8, 60, 50
null
[]
10, 70, 50
13, 80, 49
14, 90, 54
14, 100, 50
18, 110, 46
22, 120, 54
null
[]
23, 130, 55
23, 140, 54
23, 150, 49
23, 160, 47
27, 170, 43
27, 180, 48
null
[]
27, 190, 46
28, 200, 45
32, 210, 45
33, 220, 55
33, 230, 54
34, 240, 47
null
['no' 'no' 'no' 'yes' 'no' 'no' 'no' 'no' 'no' 'no']
35, 240, 47
35, 250, 53
35, 260, 55
37, 270, 49
39, 280, 54
39, 290, 59
null
['no' 'no' 'no' 'no' 'no' 'no' 'no' 'no' 'no' 'no']
39, 290, 59
40, 300, 52
40, 310, 53
40, 320, 51
40, 330, 50
40, 340, 53
null
['no' 'no' 'no' 'no' 'no' 'yes' 'no' 'no' 'no' 'no']
41, 340, 53
42, 350, 51
42, 360, 55
42, 370, 57
42, 380, 55
42, 390, 53
null
['no' 'no' 'no' 'no' 'no' 'no' 'no' 'no' 'no' 'no']
42, 390, 53
43, 400, 50
43, 410, 54
43, 420, 53
43, 430, 52
43, 440, 52
null
['no' 'no' 'no' 'no' 'no' 'no' 'no' 'no' 'no' 'no']
43, 440, 52
43, 450, 53
43, 460, 52
43, 470, 52
43, 480, 51
43, 490, 51
null
['yes' 'no' 'no' 'no' 'no' 'no' 'no' 'no' 'no' 'no']
44, 490, 51
44, 500, 53
44, 510, 52
45, 520, 50
45, 530, 52
45, 540, 54
null
['no' 'no' 'no' 'no' 'no' 'no' 'no' 'no' 'no' 'no']
45, 540, 54
46, 550, 52
47, 560, 52
47, 570, 55
47, 580, 55
48, 590, 53
null
['no' 'no' 'no' 'no' 'no' 'no' 'no' 'no' 'no' 'no']
48, 590, 53
48, 600, 55
48, 610, 53
48, 620, 54
49, 630, 53
49, 640, 55
null
['no' 'no' 'no' 'no' 'no' 'no' 'no' 'no' 'no' 'no']
49, 640, 55
49, 650, 55
49, 660, 55
49, 670, 54
49, 680, 53
51, 690, 54
null
['no' 'no' 'no' 'no' 'no' 'no' 'no' 'no' 'no' 'no']
51, 690, 54
51, 700, 57
51, 710, 58
51, 720, 58
51, 730, 56
51, 740, 56
null
['no' 'no' 'no' 'no' 'no' 'no' 'no' 'no' 'no' 'no']
51, 740, 56
51, 750, 55
51, 760, 55
51, 770, 55
53, 780, 57
54, 790, 59
null
['no' 'no' 'no' 'no' 'no' 'no' 'no' 'no' 'no' 'no']
54, 790, 59
54, 800, 63
54, 810, 59
55, 820, 59
55, 830, 61
56, 840, 61
null
['no' 'no' 'no' 'no' 'no' 'no' 'no' 'no' 'no' 'no']
57, 840, 61
57, 850, 68
57, 860, 65
57, 870, 66
57, 880, 63
57, 890, 65
null
['no' 'no' 'no' 'no' 'no' 'no' 'no' 'no' 'no' 'no']
57, 890, 65
57, 900, 64
57, 910, 63
57, 920, 65
57, 930, 65
57, 940, 63
null
['no' 'no' 'no' 'no' 'no' 'no' 'no' 'no' 'no' 'no']
57, 940, 63
57, 950, 62
57, 960, 61
58, 970, 62
59, 980, 63
59, 990, 65
null
['no' 'no' 'no' 'no' 'no' 'no' 'no' 'no' 'no' 'no']
59, 990, 65
59, 1000, 65
59, 1010, 63
60, 1020, 65
60, 1030, 64
60, 1040, 65
null
['no' 'no' 'no' 'no' 'no' 'no' 'no' 'no' 'no' 'no']
60, 1040, 65
60, 1050, 65
60, 1060, 65
60, 1070, 65
60, 1080, 65
null
['no' 'no' 'no' 'no' 'no' 'no' 'no' 'no' 'no' 'no']
{'count': 1497, 'truepos': 42, 'falseneg': 3, 'unknownyes': 3, 'falsepos': 18, 'unique': 1080}
25: K_all3.csv: none: 0, 0
2, 10
4, 20, 69
4, 30, 69
7, 40, 62
7, 50, 61
9, 60, 52
10, 70, 52
11, 80, 51
12, 90, 51
12, 100, 50
12, 110, 47
15, 120, 45
15, 130, 49
17, 140, 47
18, 150, 49
18, 160, 50
20, 170, 48
20, 180, 50
22, 190, 48
23, 200, 48
24, 210, 48
26, 220, 48
28, 230, 49
29, 240, 52
29, 250, 52
29, 260, 50
30, 270, 49
32, 280, 40
32, 290, 43
35, 300, 41
36, 310, 43
37, 320, 45
37, 330, 46
40, 340, 44
44, 350, 47
44, 360, 55
46, 370, 56
46, 380, 57
47, 390, 55
48, 400, 56
49, 410, 54
49, 420, 57
49, 430, 54
51, 440, 54
54, 450, 55
56, 460, 58
58, 470, 60
59, 480, 62
62, 490, 63
65, 500, 66
65, 510, 70
66, 520, 69
67, 530, 70
{'count': 530, 'truepos': 22, 'falseneg': 4, 'unknownyes': 19, 'falsepos': 45, 'unique': 530}
25: K_all3.csv: three: 0, 0
1, 10
2, 20, 92
3, 30, 62
6, 40, 50
7, 50, 49
9, 60, 45
11, 70, 45
16, 80, 44
18, 90, 52
19, 100, 51
20, 110, 49
20, 120, 46
22, 130, 44
24, 140, 46
24, 150, 46
25, 160, 44
25, 170, 44
25, 180, 44
25, 190, 43
27, 200, 43
27, 210, 46
28, 220, 45
28, 230, 45
28, 240, 44
29, 250, 44
29, 260, 44
30, 270, 44
30, 280, 40
31, 290, 39
31, 300, 38
31, 310, 40
31, 320, 37
31, 330, 36
31, 340, 35
31, 350, 34
32, 360, 36
32, 370, 37
32, 380, 37
32, 390, 35
33, 400, 36
33, 410, 37
34, 420, 36
34, 430, 37
35, 440, 38
39, 450, 37
{'count': 989, 'truepos': 36, 'falseneg': 0, 'unknownyes': 9, 'falsepos': 3, 'unique': 450}
25: K_all3.csv: machine: 0, 0
3, 10
5, 20, 71
7, 30, 69
9, 40, 68
10, 50, 71
11, 60, 69
['no' 'yes' 'no' 'no' 'yes' 'no' 'yes' 'no' 'no' 'yes']
[]
5, 60, 69
5, 70, 52
8, 80, 45
9, 90, 54
11, 100, 50
13, 110, 49
['yes' 'yes' 'yes' 'yes' 'yes' 'no' 'yes' 'yes' 'no']
[]
10, 110, 49
13, 120, 46
17, 130, 46
18, 140, 51
19, 150, 48
21, 160, 47
['yes' 'yes' 'no' 'yes' 'yes' 'no' 'yes' 'no' 'yes' 'yes']
['no' 'no']
19, 160, 47
21, 170, 45
23, 180, 47
26, 190, 49
26, 200, 53
27, 210, 50
['no' 'no' 'no' 'yes' 'no' 'no' 'no' 'no' 'no']
[]
19, 210, 50
21, 220, 44
22, 230, 45
25, 240, 45
26, 250, 47
29, 260, 47
['no' 'no' 'no' 'no' 'no' 'no' 'no' 'no' 'yes' 'yes']
[]
22, 260, 47
24, 270, 43
27, 280, 46
27, 290, 50
29, 300, 49
30, 310, 51
['no' 'no' 'no' 'no' 'no' 'no' 'no' 'no']
['no' 'no' 'no' 'yes' 'no' 'no' 'no' 'no' 'no' 'no']
25, 310, 51
26, 320, 44
27, 330, 45
28, 340, 45
30, 350, 46
33, 360, 37
['no' 'yes' 'no' 'no' 'no' 'yes' 'yes' 'no' 'yes' 'no']
['no' 'no' 'no' 'no' 'no' 'no' 'no' 'no' 'no' 'no']
29, 360, 37
31, 370, 46
33, 380, 36
35, 390, 38
36, 400, 42
38, 410, 42
['no' 'no' 'yes' 'no' 'no' 'no' 'yes' 'yes' 'no' 'no']
['no' 'no' 'no' 'no' 'no' 'no' 'no' 'no' 'no' 'no']
36, 410, 42
37, 420, 41
39, 430, 41
42, 440, 45
43, 450, 47
45, 460, 49
['no' 'no' 'no' 'no' 'no' 'no' 'no' 'no' 'no' 'no']
['no' 'no' 'no' 'no' 'no' 'no' 'no' 'no' 'no' 'no']
36, 460, 49
37, 470, 40
38, 480, 40
40, 490, 42
40, 500, 43
40, 510, 43
['no' 'no' 'no' 'no' 'no' 'no']
['no' 'no' 'no' 'no' 'no' 'no' 'no' 'no' 'no' 'no']
37, 510, 43
40, 520, 40
41, 530, 43
['no' 'no' 'yes' 'yes' 'yes']
['no' 'no' 'no' 'no' 'no' 'no' 'no' 'no' 'no' 'no']
{'count': 689, 'truepos': 30, 'falseneg': 6, 'unknownyes': 9, 'falsepos': 9, 'unique': 530}
25: K_all3.csv: machine2: 0, 0
1, 10
2, 20, 92
4, 30, 63
8, 40, 60
8, 50, 59
8, 60, 50
['yes' 'no' 'yes' 'yes' 'yes' 'yes' 'yes' 'yes']
[]
8, 60, 50
12, 70, 40
15, 80, 44
18, 90, 49
19, 100, 53
23, 110, 45
['no' 'yes' 'yes' 'no' 'yes' 'yes' 'no' 'yes' 'yes' 'yes']
['no']
22, 110, 45
24, 120, 50
24, 130, 51
24, 140, 45
27, 150, 42
29, 160, 48
['no' 'no' 'no' 'no' 'no' 'yes' 'no' 'yes' 'yes' 'yes']
['no' 'no']
24, 160, 48
27, 170, 46
29, 180, 50
30, 190, 50
31, 200, 42
32, 210, 40
['yes' 'no' 'no' 'yes' 'no' 'no' 'no' 'yes' 'yes' 'yes']
['no' 'no' 'no' 'no' 'no' 'no' 'no' 'no' 'no' 'no']
28, 210, 40
32, 220, 49
33, 230, 41
35, 240, 40
38, 250, 43
39, 260, 46
['no' 'yes' 'yes' 'yes' 'yes' 'no' 'no' 'no' 'yes' 'yes']
['no' 'no' 'no' 'no' 'no' 'no' 'no' 'no' 'no' 'no']
38, 260, 46
40, 270, 47
41, 280, 48
44, 290, 47
45, 300, 51
48, 310, 50
['no' 'no' 'no' 'no' 'no' 'no' 'no' 'no' 'no' 'no']
['no' 'no' 'no' 'no' 'no' 'no' 'no' 'no' 'no' 'no']
['no' 'no' 'no' 'no' 'no' 'no' 'no' 'no' 'no' 'yes']
['no' 'no' 'no' 'no' 'no' 'no' 'no' 'no' 'no' 'no']
{'count': 428, 'truepos': 31, 'falseneg': 3, 'unknownyes': 11, 'falsepos': 9, 'unique': 310}
25: K_all3.csv: machine3: 0, 0
2, 10
5, 20, 70
7, 30, 73
8, 40, 67
10, 50, 63
12, 60, 56
null
[]
14, 70, 53
15, 80, 50
16, 90, 48
18, 100, 47
19, 110, 49
23, 120, 49
null
['no' 'no' 'no']
23, 120, 49
23, 130, 51
23, 140, 49
23, 150, 46
24, 160, 45
25, 170, 45
null
[]
25, 180, 45
26, 190, 45
26, 200, 43
26, 210, 43
27, 220, 43
27, 230, 44
null
[]
27, 240, 43
28, 250, 43
28, 260, 43
29, 270, 43
29, 280, 43
29, 290, 43
null
['no']
29, 290, 43
29, 300, 43
29, 310, 43
32, 320, 43
32, 330, 36
32, 340, 36
null
['no' 'no' 'no' 'no' 'no' 'no' 'no' 'no' 'no' 'no']
32, 340, 36
33, 350, 35
34, 360, 38
34, 370, 39
34, 380, 38
34, 390, 37
null
['no' 'no' 'no' 'no' 'no' 'no' 'no' 'no' 'no' 'no']
34, 390, 37
35, 400, 37
35, 410, 39
35, 420, 37
36, 430, 38
37, 440, 38
null
['no' 'no' 'no' 'no' 'no' 'no' 'no' 'no' 'no' 'no']
null
['no' 'no' 'no' 'no' 'no' 'no' 'no' 'no' 'no' 'no']
{'count': 571, 'truepos': 32, 'falseneg': 2, 'unknownyes': 11, 'falsepos': 6, 'unique': 440}

------------------------------------------------------------
Sender: LSF System <lsfadmin@n2g2-8>
Subject: Job 269533: </share/tjmenzie/zyu9/miniconda2/bin/python2.7 runner.py error_hpcc 25> Done

Job </share/tjmenzie/zyu9/miniconda2/bin/python2.7 runner.py error_hpcc 25> was submitted from host <login01.hpc.ncsu.edu> by user <zyu9> in cluster <henry2>.
Job was executed on host(s) <2*n2g2-8>, in queue <single_chassis>, as user <zyu9> in cluster <henry2>.
</home/zyu9> was used as the home directory.
</home/zyu9/projects/MAR_HPC/Error/src> was used as the working directory.
Started at Thu Oct 19 15:49:27 2017
Results reported at Thu Oct 19 20:02:34 2017

Your job looked like:

------------------------------------------------------------
# LSBATCH: User input
/share/tjmenzie/zyu9/miniconda2/bin/python2.7 runner.py error_hpcc 25
------------------------------------------------------------

Successfully completed.

Resource usage summary:

    CPU time   :  16343.52 sec.
    Max Memory :       189 MB
    Max Swap   :      1220 MB

    Max Processes  :         3
    Max Threads    :         8

The output (if any) is above this job summary.



PS:

Read file <./err/25.err.269533> for stderr output of this job.

