25: Hall.csv: none: 0, 0
8, 10
11, 20, 126
15, 30, 142
15, 40, 151
18, 50, 140
19, 60, 148
20, 70, 135
25, 80, 92
30, 90, 93
33, 100, 94
37, 110, 85
42, 120, 90
46, 130, 87
51, 140, 88
54, 150, 87
56, 160, 87
59, 170, 90
64, 180, 87
69, 190, 83
75, 200, 87
79, 210, 93
83, 220, 94
88, 230, 97
92, 240, 104
93, 250, 110
94, 260, 109
94, 270, 108
95, 280, 106
97, 290, 107
99, 300, 108
99, 310, 112
100, 320, 111
100, 330, 111
101, 340, 110
101, 350, 110
101, 360, 110
101, 370, 112
101, 380, 109
101, 390, 108
101, 400, 109
101, 410, 109
101, 420, 108
101, 430, 108
101, 440, 107
101, 450, 108
102, 460, 107
102, 470, 109
102, 480, 108
{'count': 480, 'truepos': 102, 'falseneg': 0, 'correction': 0, 'unknownyes': 2, 'falsepos': 0, 'unique': 480}
25: Hall.csv: three: 0, 0
8, 10
10, 20, 120
15, 30, 120
18, 40, 144
20, 50, 148
24, 60, 91
28, 70, 90
31, 80, 89
34, 90, 93
38, 100, 96
43, 110, 85
47, 120, 99
54, 130, 92
59, 140, 102
64, 150, 103
67, 160, 97
70, 170, 98
73, 180, 98
75, 190, 111
79, 200, 98
82, 210, 104
85, 220, 103
89, 230, 103
91, 240, 106
95, 250, 108
97, 260, 115
97, 270, 118
98, 280, 108
99, 290, 110
101, 300, 109
101, 310, 114
101, 320, 115
101, 330, 112
101, 340, 112
101, 350, 113
101, 360, 117
101, 370, 114
101, 380, 111
101, 390, 110
101, 400, 111
101, 410, 109
101, 420, 108
101, 430, 109
101, 440, 107
101, 450, 108
101, 460, 108
101, 470, 107
101, 480, 107
101, 490, 107
101, 500, 107
102, 510, 108
102, 520, 108
{'count': 1040, 'truepos': 102, 'falseneg': 0, 'correction': 0, 'unknownyes': 2, 'falsepos': 0, 'unique': 520}
25: Hall.csv: machine: 0, 0
8, 10
11, 20, 127
15, 30, 129
18, 40, 138
18, 50, 137
21, 60, 130
21, 60, 130
28, 70, 97
31, 80, 101
34, 90, 91
37, 100, 91
42, 110, 85
42, 110, 85
43, 120, 96
49, 130, 81
52, 140, 87
58, 150, 84
61, 160, 93
61, 160, 93
65, 170, 98
66, 180, 101
71, 190, 90
77, 200, 92
81, 210, 100
81, 210, 100
84, 220, 102
87, 230, 100
91, 240, 104
94, 250, 110
97, 260, 112
97, 260, 112
97, 270, 115
98, 280, 111
99, 290, 111
99, 300, 115
100, 310, 117
100, 310, 117
101, 320, 112
101, 330, 116
101, 340, 114
101, 350, 113
101, 360, 113
101, 360, 113
101, 370, 111
101, 380, 110
101, 390, 109
101, 400, 108
101, 410, 110
101, 410, 110
101, 420, 109
101, 430, 109
101, 440, 108
{'count': 636, 'truepos': 101, 'falseneg': 0, 'correction': 0, 'unknownyes': 3, 'falsepos': 0, 'unique': 440}
25: Hall.csv: knee: 0, 0
8, 10
11, 20
15, 30
18, 40
21, 50
28, 60
35, 70
40, 80
42, 90
47, 100
51, 110
56, 120
61, 130
66, 140
66, 150
71, 160
75, 170
78, 180
81, 190
83, 200
85, 210
90, 220
91, 230
94, 240
94, 250
95, 260
97, 270
98, 280
98, 290
98, 300
99, 310
99, 320
100, 330
101, 340
101, 350
101, 360
101, 370
101, 380
101, 390
101, 400
{'count': 541, 'truepos': 101, 'falseneg': 0, 'correction': 0, 'unknownyes': 3, 'falsepos': 0, 'unique': 400}
25: Wahono.csv: none: 0, 0
6, 10
8, 20, 101
8, 30, 109
9, 40, 93
11, 50, 69
13, 60, 66
15, 70, 58
16, 80, 51
19, 90, 52
19, 100, 56
22, 110, 47
24, 120, 47
24, 130, 51
29, 140, 44
31, 150, 52
34, 160, 57
36, 170, 56
36, 180, 66
36, 190, 60
36, 200, 58
36, 210, 62
36, 220, 56
38, 230, 56
40, 240, 59
40, 250, 61
40, 260, 59
42, 270, 58
42, 280, 56
43, 290, 61
43, 300, 59
43, 310, 59
43, 320, 63
44, 330, 56
46, 340, 57
46, 350, 61
46, 360, 61
47, 370, 58
49, 380, 59
49, 390, 60
49, 400, 60
49, 410, 62
50, 420, 58
50, 430, 60
50, 440, 60
50, 450, 61
51, 460, 59
51, 470, 61
51, 480, 62
51, 490, 60
51, 500, 61
51, 510, 59
51, 520, 60
51, 530, 59
51, 540, 60
51, 550, 59
52, 560, 60
53, 570, 59
53, 580, 61
54, 590, 60
55, 600, 62
55, 610, 65
56, 620, 63
58, 630, 64
58, 640, 68
58, 650, 67
58, 660, 68
58, 670, 66
58, 680, 67
58, 690, 67
58, 700, 67
58, 710, 66
58, 720, 66
58, 730, 65
58, 740, 67
58, 750, 65
58, 760, 64
58, 770, 65
58, 780, 64
58, 790, 65
58, 800, 64
58, 810, 64
58, 820, 65
58, 830, 64
58, 840, 64
58, 850, 64
58, 860, 63
58, 870, 64
58, 880, 64
58, 890, 64
58, 900, 64
58, 910, 64
58, 920, 63
59, 930, 64
59, 940, 65
59, 950, 64
59, 960, 64
59, 970, 65
59, 980, 64
59, 990, 64
59, 1000, 64
59, 1010, 64
59, 1020, 63
59, 1030, 64
59, 1040, 63
59, 1050, 63
59, 1060, 63
59, 1070, 64
59, 1080, 63
59, 1090, 64
59, 1100, 64
59, 1110, 63
59, 1120, 63
59, 1130, 63
59, 1140, 63
59, 1150, 63
59, 1160, 63
59, 1170, 63
{'count': 1170, 'truepos': 59, 'falseneg': 0, 'correction': 0, 'unknownyes': 3, 'falsepos': 0, 'unique': 1170}
25: Wahono.csv: three: 0, 0
6, 10
6, 20, 101
7, 30, 98
12, 40, 76
12, 50, 91
14, 60, 53
16, 70, 48
17, 80, 47
19, 90, 46
21, 100, 50
23, 110, 44
27, 120, 42
30, 130, 54
30, 140, 66
33, 150, 59
33, 160, 61
34, 170, 63
34, 180, 57
36, 190, 55
37, 200, 59
37, 210, 63
39, 220, 55
40, 230, 63
41, 240, 60
43, 250, 56
43, 260, 65
44, 270, 65
45, 280, 60
45, 290, 63
45, 300, 64
46, 310, 63
46, 320, 61
46, 330, 58
47, 340, 59
47, 350, 65
47, 360, 57
47, 370, 58
48, 380, 59
48, 390, 63
48, 400, 59
48, 410, 61
48, 420, 65
50, 430, 58
50, 440, 60
50, 450, 61
50, 460, 61
50, 470, 60
51, 480, 59
51, 490, 60
51, 500, 59
51, 510, 60
51, 520, 60
51, 530, 59
51, 540, 60
52, 550, 60
53, 560, 59
53, 570, 60
53, 580, 62
54, 590, 61
56, 600, 62
56, 610, 66
57, 620, 65
58, 630, 65
58, 640, 67
58, 650, 68
58, 660, 67
58, 670, 67
58, 680, 66
58, 690, 65
58, 700, 65
58, 710, 65
58, 720, 67
58, 730, 65
58, 740, 65
58, 750, 66
58, 760, 65
58, 770, 66
58, 780, 66
58, 790, 65
59, 800, 65
59, 810, 67
59, 820, 66
59, 830, 65
59, 840, 65
59, 850, 67
59, 860, 65
59, 870, 65
59, 880, 65
59, 890, 65
59, 900, 64
59, 910, 65
59, 920, 66
59, 930, 64
59, 940, 65
59, 950, 65
59, 960, 64
59, 970, 65
59, 980, 65
59, 990, 64
59, 1000, 64
59, 1010, 64
59, 1020, 64
59, 1030, 64
59, 1040, 63
59, 1050, 64
59, 1060, 63
59, 1070, 63
59, 1080, 63
59, 1090, 63
59, 1100, 63
59, 1110, 63
59, 1120, 63
59, 1130, 63
59, 1140, 63
59, 1150, 63
59, 1160, 63
59, 1170, 63
59, 1180, 63
59, 1190, 63
59, 1200, 63
59, 1210, 63
59, 1220, 63
59, 1230, 63
{'count': 2460, 'truepos': 59, 'falseneg': 0, 'correction': 0, 'unknownyes': 3, 'falsepos': 0, 'unique': 1230}
25: Wahono.csv: machine: 0, 0
6, 10
6, 20, 100
9, 30, 96
12, 40, 101
13, 50, 100
14, 60, 83
18, 70, 67
20, 80, 67
22, 90, 45
23, 100, 44
27, 110, 49
27, 120, 59
27, 120, 59
32, 130, 53
32, 140, 72
34, 150, 61
34, 160, 61
35, 170, 57
35, 170, 57
36, 180, 60
38, 190, 58
38, 200, 67
38, 210, 60
40, 220, 55
40, 220, 55
41, 230, 56
42, 240, 57
43, 250, 61
43, 260, 62
43, 270, 57
43, 270, 57
44, 280, 59
45, 290, 56
45, 300, 61
45, 310, 61
45, 320, 59
45, 320, 59
45, 330, 62
45, 340, 59
47, 350, 57
47, 360, 64
47, 370, 59
47, 370, 59
48, 380, 59
49, 390, 59
49, 400, 60
50, 410, 61
50, 420, 61
50, 420, 61
50, 430, 61
50, 440, 62
50, 450, 59
50, 460, 60
50, 470, 60
50, 470, 60
50, 480, 61
50, 490, 59
50, 500, 60
50, 510, 59
51, 520, 59
51, 520, 59
51, 530, 58
51, 540, 59
52, 550, 59
52, 560, 60
53, 570, 59
53, 570, 59
54, 580, 60
54, 590, 63
56, 600, 63
57, 610, 64
57, 620, 65
57, 620, 65
57, 630, 66
57, 640, 64
57, 650, 66
58, 660, 66
58, 670, 66
58, 670, 66
58, 680, 66
58, 690, 66
58, 700, 66
58, 710, 66
58, 720, 65
58, 720, 65
58, 730, 66
58, 740, 66
58, 750, 66
59, 760, 64
59, 770, 67
59, 770, 67
59, 780, 66
59, 790, 66
59, 800, 66
59, 810, 65
59, 820, 66
59, 820, 66
59, 830, 66
59, 840, 65
59, 850, 65
59, 860, 65
59, 870, 64
59, 870, 64
59, 880, 65
59, 890, 65
59, 900, 65
59, 910, 65
59, 920, 65
59, 920, 65
59, 930, 64
59, 940, 63
59, 950, 64
59, 960, 64
59, 970, 64
59, 980, 64
59, 990, 65
59, 1000, 63
59, 1010, 64
59, 1020, 63
{'count': 1549, 'truepos': 59, 'falseneg': 0, 'correction': 0, 'unknownyes': 3, 'falsepos': 0, 'unique': 1020}
25: Wahono.csv: knee: 0, 0
6, 10
8, 20
8, 30
9, 40
10, 50
12, 60
15, 70
17, 80
20, 90
22, 100
24, 110
25, 120
28, 130
31, 140
33, 150
35, 160
36, 170
36, 180
36, 190
36, 200
36, 210
37, 220
37, 230
37, 240
37, 250
{'count': 377, 'truepos': 37, 'falseneg': 0, 'correction': 0, 'unknownyes': 25, 'falsepos': 0, 'unique': 250}
25: Danijel.csv: none: 0, 0
4, 10
4, 20, 122
6, 30, 96
9, 40, 82
9, 50, 81
11, 60, 63
14, 70, 60
17, 80, 63
22, 90, 64
24, 100, 49
26, 110, 47
27, 120, 47
27, 130, 46
30, 140, 46
32, 150, 48
33, 160, 50
34, 170, 49
35, 180, 48
35, 190, 49
35, 200, 47
35, 210, 46
36, 220, 46
38, 230, 47
40, 240, 51
40, 250, 54
40, 260, 55
40, 270, 50
40, 280, 50
40, 290, 51
40, 300, 48
40, 310, 50
40, 320, 51
40, 330, 47
40, 340, 49
41, 350, 47
42, 360, 48
42, 370, 50
42, 380, 50
42, 390, 50
42, 400, 48
43, 410, 48
43, 420, 50
43, 430, 50
43, 440, 49
43, 450, 49
43, 460, 48
43, 470, 49
43, 480, 49
43, 490, 48
44, 500, 48
44, 510, 51
44, 520, 49
44, 530, 50
44, 540, 50
44, 550, 49
44, 560, 49
44, 570, 48
44, 580, 49
44, 590, 49
44, 600, 48
44, 610, 49
44, 620, 48
44, 630, 48
44, 640, 47
44, 650, 47
44, 660, 47
45, 670, 47
45, 680, 48
45, 690, 48
45, 700, 48
45, 710, 48
45, 720, 48
45, 730, 48
45, 740, 48
45, 750, 49
{'count': 750, 'truepos': 45, 'falseneg': 0, 'correction': 0, 'unknownyes': 3, 'falsepos': 0, 'unique': 750}
25: Danijel.csv: three: 0, 0
4, 10
4, 20, 121
7, 30, 95
8, 40, 88
8, 50, 71
9, 60, 56
12, 70, 52
16, 80, 53
19, 90, 56
21, 100, 62
24, 110, 44
26, 120, 45
27, 130, 46
29, 140, 47
30, 150, 49
31, 160, 48
33, 170, 47
33, 180, 49
33, 190, 48
33, 200, 47
34, 210, 45
34, 220, 48
35, 230, 45
36, 240, 45
36, 250, 47
36, 260, 46
37, 270, 44
38, 280, 46
39, 290, 49
39, 300, 48
39, 310, 47
40, 320, 47
40, 330, 50
40, 340, 47
40, 350, 49
40, 360, 48
40, 370, 46
43, 380, 45
43, 390, 49
43, 400, 50
44, 410, 53
44, 420, 52
44, 430, 52
44, 440, 51
44, 450, 51
44, 460, 50
44, 470, 50
44, 480, 50
44, 490, 50
44, 500, 49
44, 510, 50
44, 520, 50
44, 530, 49
44, 540, 49
44, 550, 48
44, 560, 50
44, 570, 47
44, 580, 49
44, 590, 48
45, 600, 49
45, 610, 49
45, 620, 49
45, 630, 49
45, 640, 49
45, 650, 49
45, 660, 49
45, 670, 49
45, 680, 48
45, 690, 48
45, 700, 49
45, 710, 48
46, 720, 48
{'count': 1440, 'truepos': 46, 'falseneg': 0, 'correction': 0, 'unknownyes': 2, 'falsepos': 0, 'unique': 720}
25: Danijel.csv: machine: 0, 0
4, 10
4, 20, 123
5, 30, 96
9, 40, 73
11, 50, 78
13, 60, 73
14, 70, 69
16, 80, 60
20, 90, 58
22, 100, 44
25, 110, 45
26, 120, 51
26, 120, 51
28, 130, 46
29, 140, 47
29, 150, 45
30, 160, 44
30, 170, 46
30, 170, 46
32, 180, 44
34, 190, 46
35, 200, 47
36, 210, 47
36, 220, 46
36, 220, 46
37, 230, 45
38, 240, 47
38, 250, 47
39, 260, 52
39, 270, 50
39, 270, 50
40, 280, 50
41, 290, 49
41, 300, 50
41, 310, 48
41, 320, 49
41, 320, 49
42, 330, 48
42, 340, 51
42, 350, 51
43, 360, 48
43, 370, 51
43, 370, 51
43, 380, 51
43, 390, 52
43, 400, 50
43, 410, 51
44, 420, 50
44, 420, 50
44, 430, 52
44, 440, 51
44, 450, 51
44, 460, 51
44, 470, 51
44, 470, 51
44, 480, 51
44, 490, 51
44, 500, 49
44, 510, 50
44, 520, 51
44, 520, 51
44, 530, 49
44, 540, 49
44, 550, 49
44, 560, 50
44, 570, 48
44, 570, 48
44, 580, 48
44, 590, 48
44, 600, 49
44, 610, 48
44, 620, 48
44, 620, 48
45, 630, 47
45, 640, 49
45, 650, 48
45, 660, 48
45, 670, 48
45, 670, 48
45, 680, 49
45, 690, 49
45, 700, 49
45, 710, 48
45, 720, 48
45, 720, 48
45, 730, 49
{'count': 1177, 'truepos': 45, 'falseneg': 0, 'correction': 0, 'unknownyes': 3, 'falsepos': 0, 'unique': 730}
25: Danijel.csv: knee: 0, 0
4, 10
4, 20
4, 30
{'count': 36, 'truepos': 4, 'falseneg': 0, 'correction': 0, 'unknownyes': 44, 'falsepos': 0, 'unique': 30}
25: K_all3.csv: none: 0, 0
2, 10
5, 20, 70
6, 30, 63
11, 40, 54
12, 50, 66
15, 60, 58
17, 70, 57
19, 80, 54
20, 90, 50
20, 100, 33
21, 110, 31
22, 120, 33
22, 130, 31
23, 140, 30
25, 150, 31
26, 160, 34
28, 170, 34
28, 180, 39
28, 190, 39
28, 200, 34
29, 210, 35
29, 220, 38
31, 230, 34
32, 240, 36
32, 250, 38
32, 260, 37
32, 270, 37
32, 280, 36
32, 290, 35
32, 300, 37
32, 310, 36
32, 320, 35
33, 330, 36
34, 340, 36
35, 350, 37
36, 360, 38
37, 370, 38
38, 380, 40
38, 390, 41
{'count': 390, 'truepos': 38, 'falseneg': 0, 'correction': 0, 'unknownyes': 7, 'falsepos': 0, 'unique': 390}
25: K_all3.csv: three: 0, 0
2, 10
5, 20, 70
6, 30, 62
12, 40, 54
13, 50, 66
16, 60, 57
18, 70, 60
18, 80, 58
20, 90, 46
21, 100, 35
22, 110, 34
22, 120, 35
25, 130, 32
25, 140, 37
27, 150, 37
28, 160, 37
28, 170, 38
28, 180, 40
29, 190, 36
30, 200, 37
30, 210, 38
30, 220, 38
30, 230, 37
30, 240, 35
31, 250, 34
32, 260, 36
32, 270, 36
33, 280, 37
33, 290, 37
33, 300, 37
34, 310, 36
34, 320, 37
34, 330, 38
35, 340, 37
35, 350, 38
35, 360, 38
37, 370, 37
37, 380, 40
37, 390, 40
37, 400, 39
38, 410, 39
{'count': 820, 'truepos': 38, 'falseneg': 0, 'correction': 0, 'unknownyes': 7, 'falsepos': 0, 'unique': 410}
25: K_all3.csv: machine: 0, 0
2, 10
5, 20, 71
6, 30, 62
11, 40, 54
13, 50, 65
15, 60, 63
18, 70, 60
20, 80, 60
21, 90, 36
21, 100, 35
22, 110, 32
23, 120, 35
23, 120, 35
24, 130, 37
24, 140, 35
28, 150, 35
29, 160, 41
29, 170, 38
29, 170, 38
30, 180, 38
30, 190, 41
30, 200, 41
31, 210, 36
31, 220, 37
31, 220, 37
31, 230, 39
31, 240, 38
31, 250, 36
31, 260, 38
32, 270, 36
32, 270, 36
32, 280, 37
32, 290, 36
32, 300, 36
32, 310, 35
32, 320, 35
32, 320, 35
32, 330, 36
34, 340, 36
34, 350, 37
35, 360, 36
36, 370, 37
{'count': 587, 'truepos': 36, 'falseneg': 0, 'correction': 0, 'unknownyes': 9, 'falsepos': 0, 'unique': 370}
25: K_all3.csv: knee: 0, 0
2, 10
5, 20
6, 30
11, 40
13, 50
15, 60
18, 70
20, 80
21, 90
22, 100
22, 110
22, 120
24, 130
24, 140
26, 150
27, 160
27, 170
27, 180
28, 190
29, 200
30, 210
30, 220
30, 230
31, 240
32, 250
32, 260
32, 270
32, 280
32, 290
32, 300
32, 310
33, 320
35, 330
35, 340
36, 350
38, 360
39, 370
39, 380
39, 390
40, 400
40, 410
40, 420
40, 430
40, 440
40, 450
40, 460
40, 470
41, 480
41, 490
41, 500
41, 510
41, 520
41, 530
41, 540
41, 550
41, 560
41, 570
41, 580
41, 590
41, 600
41, 610
41, 620
41, 630
41, 640
42, 650
43, 660
43, 670
43, 680
43, 690
43, 700
43, 710
43, 720
43, 730
43, 740
43, 750
43, 760
43, 770
{'count': 1105, 'truepos': 43, 'falseneg': 0, 'correction': 0, 'unknownyes': 2, 'falsepos': 0, 'unique': 770}

------------------------------------------------------------
Sender: LSF System <lsfadmin@n3m3-6>
Subject: Job 629161: </share/tjmenzie/zyu9/miniconda2/bin/python2.7 runner.py error_hpcc 25> in cluster <henry2> Done

Job </share/tjmenzie/zyu9/miniconda2/bin/python2.7 runner.py error_hpcc 25> was submitted from host <login01.hpc.ncsu.edu> by user <zyu9> in cluster <henry2> at Tue Jan 30 18:08:16 2018.
Job was executed on host(s) <2*n3m3-6>, in queue <single_chassis>, as user <zyu9> in cluster <henry2> at Tue Jan 30 18:08:18 2018.
</home/zyu9> was used as the home directory.
</home/zyu9/projects/MAR_HPC/Error/src> was used as the working directory.
Started at Tue Jan 30 18:08:18 2018.
Terminated at Tue Jan 30 18:57:50 2018.
Results reported at Tue Jan 30 18:57:50 2018.

Your job looked like:

------------------------------------------------------------
# LSBATCH: User input
/share/tjmenzie/zyu9/miniconda2/bin/python2.7 runner.py error_hpcc 25
------------------------------------------------------------

Successfully completed.

Resource usage summary:

    CPU time :                                   4077.70 sec.
    Max Memory :                                 281.60 MB
    Average Memory :                             222.37 MB
    Total Requested Memory :                     -
    Delta Memory :                               -
    Max Swap :                                   1324 MB
    Max Processes :                              3
    Max Threads :                                8
    Run time :                                   2986 sec.
    Turnaround time :                            2974 sec.

The output (if any) is above this job summary.



PS:

Read file <./err/25.err.629161> for stderr output of this job.

