25: Hall.csv: none: 0, 0
8, 10
11, 20, 126
15, 30, 142
15, 40, 151
18, 50, 140
19, 60, 148
20, 70, 135
23, 80, 116
25, 90, 124
28, 100, 125
28, 110, 122
32, 120, 100
38, 130, 94
45, 140, 100
52, 150, 95
58, 160, 103
63, 170, 100
67, 180, 98
70, 190, 107
74, 200, 102
80, 210, 96
84, 220, 100
86, 230, 103
89, 240, 104
89, 250, 105
91, 260, 103
91, 270, 109
94, 280, 103
95, 290, 109
97, 300, 109
98, 310, 110
99, 320, 109
99, 330, 108
99, 340, 109
100, 350, 108
101, 360, 109
101, 370, 111
101, 380, 111
101, 390, 109
101, 400, 110
101, 410, 110
101, 420, 107
101, 430, 107
101, 440, 107
101, 450, 108
101, 460, 108
101, 470, 108
{'count': 470, 'truepos': 101, 'falseneg': 0, 'unknownyes': 5, 'falsepos': 0, 'unique': 470}
25: Hall.csv: three: 0, 0
8, 10
9, 20, 125
11, 30, 120
14, 40, 119
18, 50, 118
19, 60, 116
22, 70, 113
27, 80, 104
31, 90, 116
37, 100, 91
44, 110, 97
51, 120, 100
56, 130, 105
59, 140, 106
66, 150, 106
70, 160, 109
70, 170, 116
74, 180, 99
79, 190, 105
82, 200, 114
82, 210, 118
86, 220, 99
89, 230, 103
92, 240, 107
93, 250, 112
95, 260, 111
97, 270, 113
98, 280, 112
99, 290, 113
100, 300, 111
100, 310, 115
101, 320, 112
101, 330, 113
101, 340, 111
101, 350, 115
101, 360, 116
102, 370, 115
102, 380, 114
102, 390, 113
102, 400, 113
102, 410, 111
102, 420, 111
102, 430, 111
102, 440, 113
102, 450, 112
{'count': 900, 'truepos': 102, 'falseneg': 0, 'unknownyes': 4, 'falsepos': 0, 'unique': 450}
25: Hall.csv: machine: 0, 0
8, 10
10, 20, 124
12, 30, 127
13, 40, 126
15, 50, 117
19, 60, 101
22, 70, 113
25, 80, 108
27, 90, 109
29, 100, 113
34, 110, 104
40, 120, 98
49, 130, 102
55, 140, 114
60, 150, 119
65, 160, 113
72, 170, 111
73, 180, 110
77, 190, 112
82, 200, 107
83, 210, 114
86, 220, 103
87, 230, 108
89, 240, 104
90, 250, 107
93, 260, 103
94, 270, 108
96, 280, 108
97, 290, 109
98, 300, 110
98, 310, 111
98, 320, 109
99, 330, 106
99, 340, 109
99, 350, 109
99, 360, 107
100, 370, 105
100, 380, 108
101, 390, 108
101, 400, 108
102, 410, 109
102, 420, 112
102, 430, 109
102, 440, 108
102, 450, 109
102, 460, 108
102, 470, 108
{'count': 480, 'truepos': 102, 'falseneg': 0, 'unknownyes': 4, 'falsepos': 0, 'unique': 480}
25: Hall.csv: machine2: 0, 0
8, 10
13, 20, 125
15, 30, 143
21, 40, 143
23, 50, 173
23, 60, 171
25, 70, 155
27, 80, 159
29, 90, 153
30, 100, 145
37, 110, 116
41, 120, 110
47, 130, 106
51, 140, 105
55, 150, 106
58, 160, 108
64, 170, 111
71, 180, 109
74, 190, 118
77, 200, 113
82, 210, 102
85, 220, 108
89, 230, 107
91, 240, 110
93, 250, 113
95, 260, 112
97, 270, 114
97, 280, 114
97, 290, 116
97, 300, 110
97, 310, 115
98, 320, 109
100, 330, 109
100, 340, 112
100, 350, 109
101, 360, 110
101, 370, 114
101, 380, 109
101, 390, 109
101, 400, 107
101, 410, 110
101, 420, 109
101, 430, 108
101, 440, 107
101, 450, 107
102, 460, 107
102, 470, 108
102, 480, 110
{'count': 490, 'truepos': 102, 'falseneg': 0, 'unknownyes': 4, 'falsepos': 0, 'unique': 490}
25: Hall.csv: machine3: 0, 0
8, 10
9, 20, 121
11, 30, 117
13, 40, 119
19, 50, 104
21, 60, 118
24, 70, 124
24, 80, 121
26, 90, 106
32, 100, 106
39, 110, 89
44, 120, 95
49, 130, 98
53, 140, 98
57, 150, 92
60, 160, 95
66, 170, 87
70, 180, 93
78, 190, 98
79, 200, 110
81, 210, 102
86, 220, 100
89, 230, 103
92, 240, 108
93, 250, 111
96, 260, 109
97, 270, 108
98, 280, 109
98, 290, 114
98, 300, 111
98, 310, 111
98, 320, 110
99, 330, 107
99, 340, 110
99, 350, 111
99, 360, 108
99, 370, 106
99, 380, 105
100, 390, 106
101, 400, 109
101, 410, 110
101, 420, 110
102, 430, 108
102, 440, 109
102, 450, 109
102, 460, 108
102, 470, 109
102, 480, 108
102, 490, 108
102, 500, 108
{'count': 612, 'truepos': 102, 'falseneg': 0, 'unknownyes': 4, 'falsepos': 0, 'unique': 510}
25: Wahono.csv: none: 0, 0
6, 10
6, 20, 104
7, 30, 93
9, 40, 94
12, 50, 75
14, 60, 72
16, 70, 56
19, 80, 53
22, 90, 55
22, 100, 59
24, 110, 49
27, 120, 53
28, 130, 62
30, 140, 59
33, 150, 57
35, 160, 67
37, 170, 72
39, 180, 69
39, 190, 72
40, 200, 64
41, 210, 71
41, 220, 63
41, 230, 72
41, 240, 63
42, 250, 65
42, 260, 64
42, 270, 64
44, 280, 64
44, 290, 77
45, 300, 64
45, 310, 64
46, 320, 64
47, 330, 59
48, 340, 60
48, 350, 61
48, 360, 63
48, 370, 62
49, 380, 62
49, 390, 62
49, 400, 64
50, 410, 58
50, 420, 62
50, 430, 62
50, 440, 61
50, 450, 61
50, 460, 60
50, 470, 62
50, 480, 61
50, 490, 61
50, 500, 59
50, 510, 58
50, 520, 57
50, 530, 60
50, 540, 60
50, 550, 57
51, 560, 57
52, 570, 57
52, 580, 61
53, 590, 59
54, 600, 61
55, 610, 62
55, 620, 63
56, 630, 61
58, 640, 63
58, 650, 67
58, 660, 67
58, 670, 66
58, 680, 67
58, 690, 67
58, 700, 66
58, 710, 65
58, 720, 65
58, 730, 65
58, 740, 66
58, 750, 66
58, 760, 65
58, 770, 66
58, 780, 64
58, 790, 65
58, 800, 64
58, 810, 65
58, 820, 65
58, 830, 63
59, 840, 64
59, 850, 65
59, 860, 66
59, 870, 65
59, 880, 65
59, 890, 66
59, 900, 65
59, 910, 64
59, 920, 65
59, 930, 64
59, 940, 64
59, 950, 65
59, 960, 65
59, 970, 64
59, 980, 64
59, 990, 64
59, 1000, 63
59, 1010, 64
59, 1020, 63
59, 1030, 63
59, 1040, 64
59, 1050, 64
59, 1060, 64
59, 1070, 63
59, 1080, 63
59, 1090, 63
59, 1100, 64
59, 1110, 63
59, 1120, 63
59, 1130, 63
59, 1140, 63
59, 1150, 63
59, 1160, 63
59, 1170, 63
59, 1180, 63
{'count': 1180, 'truepos': 59, 'falseneg': 0, 'unknownyes': 3, 'falsepos': 0, 'unique': 1180}
25: Wahono.csv: three: 0, 0
6, 10
7, 20, 97
8, 30, 94
10, 40, 88
15, 50, 88
17, 60, 86
18, 70, 87
21, 80, 66
21, 90, 73
23, 100, 61
26, 110, 58
27, 120, 64
27, 130, 59
29, 140, 54
32, 150, 54
33, 160, 64
34, 170, 58
35, 180, 58
37, 190, 62
39, 200, 64
39, 210, 67
39, 220, 66
40, 230, 63
42, 240, 64
42, 250, 65
44, 260, 62
44, 270, 66
44, 280, 63
46, 290, 58
46, 300, 62
46, 310, 62
46, 320, 62
47, 330, 62
49, 340, 62
50, 350, 62
50, 360, 65
50, 370, 65
50, 380, 65
50, 390, 65
50, 400, 64
50, 410, 62
50, 420, 61
50, 430, 59
50, 440, 63
50, 450, 61
50, 460, 58
50, 470, 61
50, 480, 59
51, 490, 59
51, 500, 60
51, 510, 59
51, 520, 61
51, 530, 60
51, 540, 60
51, 550, 59
52, 560, 58
53, 570, 59
55, 580, 61
56, 590, 64
56, 600, 65
57, 610, 63
57, 620, 66
58, 630, 64
58, 640, 68
58, 650, 67
58, 660, 66
58, 670, 66
58, 680, 67
58, 690, 66
58, 700, 68
58, 710, 65
58, 720, 66
58, 730, 65
58, 740, 66
58, 750, 64
58, 760, 65
58, 770, 65
58, 780, 65
58, 790, 65
58, 800, 65
58, 810, 64
59, 820, 65
59, 830, 65
59, 840, 65
59, 850, 65
59, 860, 65
59, 870, 64
59, 880, 65
59, 890, 65
59, 900, 64
59, 910, 64
59, 920, 65
59, 930, 64
59, 940, 65
59, 950, 64
59, 960, 64
59, 970, 65
59, 980, 65
59, 990, 64
59, 1000, 63
59, 1010, 63
59, 1020, 63
59, 1030, 63
59, 1040, 64
59, 1050, 63
59, 1060, 63
59, 1070, 63
59, 1080, 63
59, 1090, 63
59, 1100, 63
{'count': 2200, 'truepos': 59, 'falseneg': 0, 'unknownyes': 3, 'falsepos': 0, 'unique': 1100}
25: Wahono.csv: machine: 0, 0
6, 10
7, 20, 102
7, 30, 97
11, 40, 93
12, 50, 88
14, 60, 70
15, 70, 65
17, 80, 47
19, 90, 50
21, 100, 51
23, 110, 50
24, 120, 53
26, 130, 52
29, 140, 54
31, 150, 64
33, 160, 64
35, 170, 67
38, 180, 63
38, 190, 72
38, 200, 72
39, 210, 64
41, 220, 61
41, 230, 68
43, 240, 65
43, 250, 71
43, 260, 65
43, 270, 61
44, 280, 58
45, 290, 60
45, 300, 64
46, 310, 60
46, 320, 64
46, 330, 61
47, 340, 62
47, 350, 64
47, 360, 62
47, 370, 62
47, 380, 60
48, 390, 58
48, 400, 60
48, 410, 58
48, 420, 59
48, 430, 57
48, 440, 58
48, 450, 59
48, 460, 59
50, 470, 57
50, 480, 60
50, 490, 58
50, 500, 60
50, 510, 60
50, 520, 57
51, 530, 58
52, 540, 59
52, 550, 61
52, 560, 60
53, 570, 59
53, 580, 63
54, 590, 61
57, 600, 61
57, 610, 68
57, 620, 66
58, 630, 66
58, 640, 66
58, 650, 69
58, 660, 67
58, 670, 66
58, 680, 66
58, 690, 66
58, 700, 67
58, 710, 65
58, 720, 66
58, 730, 66
58, 740, 65
58, 750, 65
58, 760, 64
58, 770, 64
58, 780, 64
58, 790, 64
58, 800, 65
58, 810, 65
58, 820, 65
58, 830, 64
58, 840, 65
58, 850, 64
58, 860, 64
58, 870, 63
58, 880, 64
58, 890, 64
59, 900, 64
59, 910, 64
59, 920, 65
59, 930, 65
59, 940, 64
59, 950, 65
59, 960, 64
59, 970, 64
59, 980, 64
59, 990, 63
59, 1000, 64
59, 1010, 64
59, 1020, 64
59, 1030, 64
59, 1040, 63
59, 1050, 63
59, 1060, 64
59, 1070, 63
59, 1080, 64
59, 1090, 63
59, 1100, 63
59, 1110, 63
59, 1120, 63
59, 1130, 63
{'count': 1140, 'truepos': 59, 'falseneg': 0, 'unknownyes': 3, 'falsepos': 0, 'unique': 1140}
25: Wahono.csv: machine2: 0, 0
6, 10
6, 20, 100
7, 30, 91
13, 40, 83
14, 50, 95
16, 60, 76
17, 70, 69
21, 80, 65
22, 90, 71
22, 100, 69
22, 110, 55
25, 120, 52
25, 130, 50
26, 140, 47
28, 150, 50
32, 160, 50
34, 170, 65
37, 180, 71
39, 190, 76
40, 200, 67
40, 210, 73
42, 220, 72
42, 230, 73
43, 240, 72
44, 250, 65
44, 260, 66
45, 270, 62
45, 280, 62
45, 290, 65
46, 300, 64
46, 310, 60
46, 320, 63
46, 330, 64
46, 340, 63
48, 350, 59
48, 360, 63
49, 370, 60
49, 380, 64
50, 390, 62
50, 400, 61
50, 410, 63
50, 420, 62
50, 430, 63
51, 440, 61
51, 450, 62
51, 460, 61
51, 470, 64
51, 480, 60
51, 490, 62
51, 500, 60
51, 510, 61
51, 520, 61
51, 530, 60
53, 540, 58
53, 550, 63
54, 560, 61
56, 570, 61
56, 580, 64
56, 590, 65
56, 600, 64
57, 610, 65
58, 620, 66
58, 630, 68
58, 640, 68
58, 650, 68
58, 660, 67
58, 670, 66
58, 680, 67
58, 690, 67
58, 700, 67
58, 710, 66
58, 720, 66
58, 730, 66
58, 740, 65
58, 750, 65
58, 760, 64
58, 770, 65
58, 780, 64
58, 790, 64
58, 800, 65
58, 810, 64
58, 820, 65
58, 830, 64
58, 840, 64
59, 850, 63
59, 860, 65
59, 870, 65
59, 880, 65
59, 890, 66
59, 900, 65
59, 910, 64
59, 920, 65
59, 930, 64
59, 940, 65
59, 950, 64
59, 960, 64
59, 970, 64
59, 980, 64
59, 990, 64
59, 1000, 64
59, 1010, 64
59, 1020, 64
59, 1030, 64
59, 1040, 63
59, 1050, 63
59, 1060, 63
59, 1070, 63
59, 1080, 63
59, 1090, 63
59, 1100, 63
59, 1110, 63
59, 1120, 63
59, 1130, 63
59, 1140, 63
{'count': 1150, 'truepos': 59, 'falseneg': 0, 'unknownyes': 3, 'falsepos': 0, 'unique': 1150}
25: Wahono.csv: machine3: 0, 0
6, 10
7, 20, 100
8, 30, 98
12, 40, 95
14, 50, 87
16, 60, 88
18, 70, 86
20, 80, 72
21, 90, 70
23, 100, 61
24, 110, 59
25, 120, 55
25, 130, 54
28, 140, 51
29, 150, 55
31, 160, 52
35, 170, 55
39, 180, 64
39, 190, 73
39, 200, 67
39, 210, 65
42, 220, 64
42, 230, 72
43, 240, 70
43, 250, 66
44, 260, 65
45, 270, 64
46, 280, 65
46, 290, 67
46, 300, 70
48, 310, 64
48, 320, 67
49, 330, 63
49, 340, 64
50, 350, 63
50, 360, 64
50, 370, 64
50, 380, 64
51, 390, 63
51, 400, 65
51, 410, 61
51, 420, 63
51, 430, 66
51, 440, 63
51, 450, 63
51, 460, 62
51, 470, 62
52, 480, 60
52, 490, 64
53, 500, 60
54, 510, 62
54, 520, 63
54, 530, 64
54, 540, 63
54, 550, 63
54, 560, 63
55, 570, 63
55, 580, 64
57, 590, 63
57, 600, 67
57, 610, 68
58, 620, 65
58, 630, 68
58, 640, 67
58, 650, 67
58, 660, 67
58, 670, 66
58, 680, 67
58, 690, 66
58, 700, 66
58, 710, 67
58, 720, 67
58, 730, 66
58, 740, 66
58, 750, 67
58, 760, 65
58, 770, 66
58, 780, 64
58, 790, 65
58, 800, 65
59, 810, 63
59, 820, 66
59, 830, 66
59, 840, 66
59, 850, 66
59, 860, 66
59, 870, 66
59, 880, 64
59, 890, 65
59, 900, 64
59, 910, 66
59, 920, 64
59, 930, 65
59, 940, 64
59, 950, 65
59, 960, 64
59, 970, 65
59, 980, 65
59, 990, 64
59, 1000, 65
{'count': 1069, 'truepos': 59, 'falseneg': 0, 'unknownyes': 3, 'falsepos': 0, 'unique': 1010}
25: Danijel.csv: none: 0, 0
4, 10
5, 20, 124
7, 30, 101
11, 40, 96
12, 50, 102
13, 60, 85
14, 70, 76
18, 80, 64
20, 90, 65
20, 100, 62
25, 110, 55
27, 120, 64
28, 130, 60
28, 140, 57
31, 150, 53
31, 160, 54
32, 170, 52
33, 180, 51
34, 190, 49
34, 200, 50
35, 210, 49
36, 220, 48
37, 230, 48
37, 240, 50
38, 250, 49
40, 260, 48
41, 270, 51
41, 280, 52
41, 290, 54
42, 300, 51
42, 310, 50
43, 320, 53
43, 330, 54
43, 340, 56
43, 350, 52
43, 360, 52
43, 370, 54
43, 380, 52
43, 390, 49
43, 400, 50
43, 410, 50
43, 420, 50
43, 430, 51
43, 440, 49
43, 450, 49
43, 460, 48
43, 470, 47
43, 480, 48
43, 490, 49
43, 500, 50
44, 510, 48
44, 520, 50
44, 530, 50
44, 540, 49
44, 550, 50
44, 560, 49
44, 570, 48
44, 580, 48
44, 590, 49
45, 600, 49
45, 610, 49
45, 620, 49
45, 630, 49
45, 640, 49
45, 650, 49
45, 660, 49
45, 670, 48
45, 680, 51
45, 690, 48
45, 700, 48
45, 710, 48
45, 720, 48
45, 730, 48
45, 740, 48
45, 750, 48
{'count': 750, 'truepos': 45, 'falseneg': 0, 'unknownyes': 3, 'falsepos': 0, 'unique': 750}
25: Danijel.csv: three: 0, 0
4, 10
4, 20, 118
6, 30, 90
7, 40, 82
10, 50, 65
12, 60, 67
13, 70, 65
15, 80, 61
18, 90, 57
21, 100, 57
22, 110, 58
23, 120, 57
27, 130, 49
27, 140, 60
30, 150, 50
33, 160, 48
34, 170, 52
34, 180, 48
34, 190, 48
35, 200, 47
35, 210, 47
36, 220, 48
36, 230, 47
37, 240, 47
37, 250, 48
37, 260, 46
37, 270, 48
38, 280, 46
38, 290, 49
40, 300, 46
41, 310, 48
41, 320, 52
41, 330, 49
41, 340, 49
41, 350, 48
41, 360, 47
41, 370, 51
42, 380, 48
42, 390, 49
43, 400, 48
43, 410, 50
43, 420, 50
43, 430, 51
43, 440, 50
43, 450, 49
43, 460, 50
43, 470, 49
43, 480, 48
43, 490, 49
43, 500, 50
44, 510, 48
44, 520, 48
44, 530, 49
44, 540, 49
44, 550, 48
44, 560, 49
44, 570, 48
44, 580, 48
44, 590, 48
44, 600, 49
44, 610, 48
44, 620, 48
44, 630, 48
45, 640, 48
45, 650, 48
45, 660, 49
45, 670, 49
45, 680, 48
45, 690, 49
45, 700, 48
45, 710, 49
45, 720, 48
45, 730, 48
45, 740, 48
45, 750, 48
{'count': 1500, 'truepos': 45, 'falseneg': 0, 'unknownyes': 3, 'falsepos': 0, 'unique': 750}
25: Danijel.csv: machine: 0, 0
4, 10
4, 20, 120
7, 30, 94
9, 40, 89
10, 50, 77
10, 60, 69
11, 70, 56
14, 80, 50
17, 90, 49
23, 100, 51
23, 110, 64
25, 120, 52
27, 130, 51
28, 140, 54
29, 150, 54
32, 160, 49
35, 170, 48
36, 180, 52
36, 190, 52
37, 200, 49
37, 210, 50
38, 220, 51
39, 230, 50
39, 240, 50
40, 250, 50
40, 260, 51
40, 270, 50
40, 280, 49
40, 290, 51
40, 300, 50
40, 310, 48
40, 320, 48
40, 330, 48
40, 340, 47
41, 350, 46
41, 360, 49
41, 370, 49
41, 380, 48
42, 390, 48
42, 400, 49
42, 410, 49
42, 420, 49
42, 430, 47
42, 440, 47
42, 450, 46
42, 460, 48
42, 470, 47
42, 480, 48
42, 490, 47
42, 500, 47
42, 510, 47
42, 520, 47
42, 530, 46
42, 540, 46
43, 550, 46
43, 560, 47
43, 570, 48
43, 580, 47
44, 590, 46
44, 600, 50
44, 610, 49
44, 620, 49
45, 630, 48
45, 640, 49
45, 650, 49
45, 660, 48
45, 670, 49
45, 680, 49
45, 690, 49
45, 700, 48
45, 710, 48
45, 720, 48
45, 730, 48
45, 740, 48
45, 750, 48
45, 760, 48
{'count': 770, 'truepos': 45, 'falseneg': 0, 'unknownyes': 3, 'falsepos': 0, 'unique': 770}
25: Danijel.csv: machine2: 0, 0
4, 10
4, 20, 122
5, 30, 98
6, 40, 64
9, 50, 52
11, 60, 69
13, 70, 61
13, 80, 55
16, 90, 47
21, 100, 54
23, 110, 61
27, 120, 55
29, 130, 63
31, 140, 65
31, 150, 55
34, 160, 51
36, 170, 53
36, 180, 54
37, 190, 54
37, 200, 51
37, 210, 52
38, 220, 49
39, 230, 49
40, 240, 50
40, 250, 54
40, 260, 51
40, 270, 53
41, 280, 49
41, 290, 50
41, 300, 50
41, 310, 49
41, 320, 49
41, 330, 49
41, 340, 49
41, 350, 49
41, 360, 48
41, 370, 48
41, 380, 47
42, 390, 47
42, 400, 49
43, 410, 48
43, 420, 51
43, 430, 51
43, 440, 49
43, 450, 51
44, 460, 48
44, 470, 51
44, 480, 51
44, 490, 49
44, 500, 51
44, 510, 50
44, 520, 50
44, 530, 49
44, 540, 50
44, 550, 49
44, 560, 49
44, 570, 49
44, 580, 48
44, 590, 49
44, 600, 49
44, 610, 49
44, 620, 50
44, 630, 47
44, 640, 47
44, 650, 48
45, 660, 47
45, 670, 49
45, 680, 48
45, 690, 49
45, 700, 48
45, 710, 49
45, 720, 48
45, 730, 48
45, 740, 48
45, 750, 48
45, 760, 48
{'count': 770, 'truepos': 45, 'falseneg': 0, 'unknownyes': 3, 'falsepos': 0, 'unique': 770}
25: Danijel.csv: machine3: 0, 0
4, 10
5, 20, 116
6, 30, 114
9, 40, 95
10, 50, 94
12, 60, 84
17, 70, 72
18, 80, 85
18, 90, 69
22, 100, 60
22, 110, 65
23, 120, 62
27, 130, 58
28, 140, 60
30, 150, 56
33, 160, 54
33, 170, 52
34, 180, 49
35, 190, 48
35, 200, 50
36, 210, 49
36, 220, 49
37, 230, 46
38, 240, 48
39, 250, 47
39, 260, 50
39, 270, 48
39, 280, 49
40, 290, 48
41, 300, 48
41, 310, 50
41, 320, 49
41, 330, 50
41, 340, 48
41, 350, 48
41, 360, 47
41, 370, 47
41, 380, 48
41, 390, 48
42, 400, 47
42, 410, 49
43, 420, 48
43, 430, 50
44, 440, 50
44, 450, 52
44, 460, 54
44, 470, 51
44, 480, 50
44, 490, 50
44, 500, 50
44, 510, 50
44, 520, 50
44, 530, 50
44, 540, 49
44, 550, 50
44, 560, 49
45, 570, 48
45, 580, 49
45, 590, 50
45, 600, 49
45, 610, 50
45, 620, 49
45, 630, 49
45, 640, 49
45, 650, 48
45, 660, 49
45, 670, 49
45, 680, 48
45, 690, 49
45, 700, 48
45, 710, 48
45, 720, 48
45, 730, 48
45, 740, 48
45, 750, 48
45, 760, 48
45, 770, 48
{'count': 825, 'truepos': 45, 'falseneg': 0, 'unknownyes': 3, 'falsepos': 0, 'unique': 780}
25: K_all3.csv: none: 0, 0
1, 10
2, 20, 93
4, 30, 64
7, 40, 58
10, 50, 53
11, 60, 61
13, 70, 52
17, 80, 51
20, 90, 58
20, 100, 57
22, 110, 51
22, 120, 50
22, 130, 45
23, 140, 44
23, 150, 44
24, 160, 43
24, 170, 44
25, 180, 43
26, 190, 44
26, 200, 45
27, 210, 44
27, 220, 44
27, 230, 44
27, 240, 43
27, 250, 43
27, 260, 43
27, 270, 43
27, 280, 43
27, 290, 43
27, 300, 43
27, 310, 43
27, 320, 43
28, 330, 42
29, 340, 43
33, 350, 44
34, 360, 39
34, 370, 39
34, 380, 38
34, 390, 38
34, 400, 37
34, 410, 37
34, 420, 38
34, 430, 37
37, 440, 36
37, 450, 39
37, 460, 39
37, 470, 39
37, 480, 39
37, 490, 39
37, 500, 39
37, 510, 39
{'count': 510, 'truepos': 37, 'falseneg': 0, 'unknownyes': 8, 'falsepos': 0, 'unique': 510}
25: K_all3.csv: three: 0, 0
1, 10
2, 20, 93
4, 30, 64
7, 40, 58
10, 50, 53
11, 60, 63
13, 70, 55
19, 80, 53
20, 90, 65
21, 100, 58
22, 110, 53
22, 120, 48
22, 130, 45
23, 140, 43
23, 150, 44
24, 160, 42
24, 170, 44
25, 180, 43
26, 190, 44
26, 200, 44
27, 210, 44
27, 220, 44
27, 230, 44
27, 240, 43
27, 250, 43
27, 260, 43
27, 270, 43
27, 280, 43
27, 290, 43
27, 300, 43
27, 310, 43
27, 320, 43
28, 330, 43
29, 340, 43
33, 350, 44
34, 360, 40
34, 370, 41
34, 380, 38
34, 390, 39
34, 400, 38
34, 410, 38
34, 420, 38
35, 430, 38
35, 440, 40
35, 450, 37
35, 460, 39
35, 470, 37
35, 480, 38
35, 490, 37
36, 500, 37
36, 510, 38
37, 520, 38
{'count': 1040, 'truepos': 37, 'falseneg': 0, 'unknownyes': 8, 'falsepos': 0, 'unique': 520}
25: K_all3.csv: machine: 0, 0
1, 10
2, 20, 91
4, 30, 64
7, 40, 59
10, 50, 53
11, 60, 61
13, 70, 52
17, 80, 51
20, 90, 58
20, 100, 57
22, 110, 51
22, 120, 50
22, 130, 45
23, 140, 44
23, 150, 44
24, 160, 43
24, 170, 44
25, 180, 43
26, 190, 44
26, 200, 45
27, 210, 44
27, 220, 44
27, 230, 44
27, 240, 43
27, 250, 43
27, 260, 43
27, 270, 43
27, 280, 43
27, 290, 43
27, 300, 43
27, 310, 43
27, 320, 43
28, 330, 42
29, 340, 43
33, 350, 44
34, 360, 40
34, 370, 38
34, 380, 39
34, 390, 38
34, 400, 38
34, 410, 37
34, 420, 37
35, 430, 36
35, 440, 37
35, 450, 38
36, 460, 37
37, 470, 38
38, 480, 39
{'count': 490, 'truepos': 38, 'falseneg': 0, 'unknownyes': 7, 'falsepos': 0, 'unique': 490}
25: K_all3.csv: machine2: 0, 0
1, 10
2, 20, 93
2, 30, 63
3, 40, 54
4, 50, 43
7, 60, 41
11, 70, 43
12, 80, 49
13, 90, 44
16, 100, 43
17, 110, 51
20, 120, 47
20, 130, 50
21, 140, 47
21, 150, 46
22, 160, 44
23, 170, 45
24, 180, 43
24, 190, 43
26, 200, 43
26, 210, 45
26, 220, 44
26, 230, 43
27, 240, 43
27, 250, 43
27, 260, 43
27, 270, 43
27, 280, 43
27, 290, 43
27, 300, 43
27, 310, 43
27, 320, 43
28, 330, 42
30, 340, 43
32, 350, 39
32, 360, 37
32, 370, 38
32, 380, 39
32, 390, 37
32, 400, 37
32, 410, 36
32, 420, 35
33, 430, 35
33, 440, 36
34, 450, 35
35, 460, 36
36, 470, 37
36, 480, 38
{'count': 490, 'truepos': 36, 'falseneg': 0, 'unknownyes': 9, 'falsepos': 0, 'unique': 490}
25: K_all3.csv: machine3: 0, 0
1, 10
2, 20, 92
4, 30, 64
7, 40, 58
10, 50, 53
11, 60, 64
13, 70, 55
19, 80, 53
20, 90, 65
21, 100, 58
22, 110, 53
22, 120, 49
22, 130, 47
22, 140, 44
23, 150, 43
24, 160, 43
24, 170, 44
25, 180, 43
26, 190, 44
27, 200, 45
27, 210, 45
27, 220, 44
27, 230, 44
27, 240, 43
27, 250, 43
27, 260, 43
27, 270, 43
27, 280, 43
27, 290, 43
27, 300, 43
27, 310, 43
27, 320, 43
28, 330, 43
29, 340, 43
33, 350, 44
34, 360, 41
34, 370, 39
34, 380, 40
34, 390, 39
34, 400, 38
34, 410, 38
34, 420, 37
34, 430, 37
34, 440, 38
34, 450, 36
35, 460, 36
36, 470, 37
36, 480, 38
{'count': 527, 'truepos': 37, 'falseneg': 0, 'unknownyes': 8, 'falsepos': 0, 'unique': 490}

------------------------------------------------------------
Sender: LSF System <lsfadmin@n2c1-2>
Subject: Job 270890: </share/tjmenzie/zyu9/miniconda2/bin/python2.7 runner.py error_hpcc 25> Done

Job </share/tjmenzie/zyu9/miniconda2/bin/python2.7 runner.py error_hpcc 25> was submitted from host <login01.hpc.ncsu.edu> by user <zyu9> in cluster <henry2>.
Job was executed on host(s) <2*n2c1-2>, in queue <single_chassis>, as user <zyu9> in cluster <henry2>.
</home/zyu9> was used as the home directory.
</home/zyu9/projects/MAR_HPC/Error/src> was used as the working directory.
Started at Sat Oct 21 09:24:08 2017
Results reported at Sat Oct 21 10:19:50 2017

Your job looked like:

------------------------------------------------------------
# LSBATCH: User input
/share/tjmenzie/zyu9/miniconda2/bin/python2.7 runner.py error_hpcc 25
------------------------------------------------------------

Successfully completed.

Resource usage summary:

    CPU time   :   4864.39 sec.
    Max Memory :       170 MB
    Max Swap   :      1189 MB

    Max Processes  :         3
    Max Threads    :         8

The output (if any) is above this job summary.



PS:

Read file <./err/25.err.270890> for stderr output of this job.

