25: Hall.csv: none: 0, 0
7, 10
11, 20, 114
15, 30, 128
19, 40, 103
24, 50, 101
30, 60, 106
33, 70, 104
38, 80, 99
40, 90, 117
42, 100, 105
44, 110, 99
47, 120, 88
50, 130, 92
54, 140, 84
56, 150, 89
58, 160, 84
60, 170, 102
67, 180, 81
72, 190, 89
78, 200, 93
82, 210, 109
85, 220, 110
86, 230, 115
91, 240, 117
91, 250, 124
93, 260, 123
94, 270, 130
94, 280, 122
96, 290, 120
98, 300, 121
99, 310, 126
99, 320, 126
102, 330, 126
103, 340, 144
103, 350, 137
110, 360, 130
110, 370, 147
112, 380, 145
113, 390, 147
115, 400, 155
116, 410, 161
117, 420, 152
119, 430, 153
120, 440, 152
123, 450, 159
125, 460, 168
125, 470, 171
125, 480, 164
128, 490, 165
128, 500, 164
129, 510, 170
132, 520, 168
133, 530, 169
133, 540, 165
134, 550, 166
136, 560, 170
137, 570, 174
137, 580, 178
137, 590, 202
137, 600, 168
139, 610, 163
141, 620, 176
142, 630, 186
142, 640, 191
143, 650, 188
146, 660, 184
149, 670, 193
150, 680, 199
151, 690, 200
152, 700, 192
152, 710, 190
153, 720, 205
155, 730, 210
157, 740, 215
158, 750, 213
160, 760, 235
160, 770, 277
161, 780, 219
161, 790, 217
161, 800, 219
163, 810, 226
163, 820, 214
165, 830, 220
166, 840, 230
168, 850, 227
168, 860, 226
170, 870, 224
170, 880, 229
171, 890, 231
171, 900, 242
173, 910, 238
175, 920, 225
177, 930, 228
179, 940, 227
179, 950, 238
179, 960, 241
181, 970, 232
182, 980, 240
183, 990, 231
184, 1000, 232
185, 1010, 234
187, 1020, 235
189, 1030, 247
189, 1040, 242
190, 1050, 243
190, 1060, 241
190, 1070, 254
192, 1080, 241
193, 1090, 251
194, 1100, 247
194, 1110, 248
194, 1120, 244
194, 1130, 245
195, 1140, 254
196, 1150, 251
196, 1160, 253
196, 1170, 256
196, 1180, 247
198, 1190, 242
200, 1200, 252
200, 1210, 248
203, 1220, 254
204, 1230, 266
205, 1240, 278
206, 1250, 268
206, 1260, 250
208, 1270, 254
209, 1280, 259
209, 1290, 277
210, 1300, 263
211, 1310, 270
212, 1320, 264
213, 1330, 261
216, 1340, 269
218, 1350, 270
219, 1360, 280
220, 1370, 273
220, 1380, 282
220, 1390, 281
220, 1400, 277
222, 1410, 280
223, 1420, 272
223, 1430, 280
224, 1440, 281
224, 1450, 274
225, 1460, 288
225, 1470, 272
225, 1480, 276
225, 1490, 277
226, 1500, 276
227, 1510, 275
228, 1520, 269
229, 1530, 278
231, 1540, 264
233, 1550, 279
234, 1560, 274
235, 1570, 277
238, 1580, 273
240, 1590, 282
240, 1600, 287
241, 1610, 284
242, 1620, 286
242, 1630, 291
242, 1640, 284
243, 1650, 278
244, 1660, 287
246, 1670, 285
247, 1680, 281
250, 1690, 279
251, 1700, 290
253, 1710, 295
254, 1720, 298
256, 1730, 302
257, 1740, 298
258, 1750, 301
260, 1760, 302
261, 1770, 313
262, 1780, 313
264, 1790, 306
268, 1800, 306
273, 1810, 311
273, 1820, 325
273, 1830, 325
274, 1840, 321
275, 1850, 326
275, 1860, 322
276, 1870, 317
277, 1880, 325
277, 1890, 324
278, 1900, 324
278, 1910, 315
278, 1920, 316
278, 1930, 320
278, 1940, 320
279, 1950, 319
280, 1960, 316
282, 1970, 331
283, 1980, 327
283, 1990, 320
285, 2000, 326
288, 2010, 329
289, 2020, 329
290, 2030, 333
291, 2040, 331
293, 2050, 337
295, 2060, 338
295, 2070, 338
296, 2080, 333
297, 2090, 338
297, 2100, 337
298, 2110, 341
300, 2120, 336
303, 2130, 339
304, 2140, 348
304, 2150, 344
304, 2160, 342
307, 2170, 344
307, 2180, 343
307, 2190, 345
308, 2200, 345
308, 2210, 343
309, 2220, 346
311, 2230, 340
313, 2240, 347
315, 2250, 351
316, 2260, 354
319, 2270, 353
320, 2280, 356
320, 2290, 354
320, 2300, 355
320, 2310, 353
322, 2320, 358
322, 2330, 355
325, 2340, 356
325, 2350, 369
326, 2360, 364
326, 2370, 363
327, 2380, 361
327, 2390, 358
329, 2400, 362
332, 2410, 361
333, 2420, 363
334, 2430, 367
334, 2440, 365
336, 2450, 363
338, 2460, 368
339, 2470, 367
340, 2480, 376
340, 2490, 374
340, 2500, 376
341, 2510, 370
342, 2520, 370
343, 2530, 375
346, 2540, 374
346, 2550, 378
349, 2560, 382
349, 2570, 382
351, 2580, 382
352, 2590, 390
354, 2600, 394
354, 2610, 396
355, 2620, 392
356, 2630, 390
356, 2640, 393
358, 2650, 394
358, 2660, 396
360, 2670, 394
360, 2680, 400
361, 2690, 394
363, 2700, 403
363, 2710, 408
363, 2720, 402
363, 2730, 397
365, 2740, 403
367, 2750, 400
369, 2760, 402
370, 2770, 406
372, 2780, 406
372, 2790, 411
373, 2800, 411
374, 2810, 411
374, 2820, 412
376, 2830, 415
378, 2840, 415
378, 2850, 418
379, 2860, 414
379, 2870, 420
380, 2880, 416
380, 2890, 414
380, 2900, 419
380, 2910, 414
380, 2920, 416
381, 2930, 418
381, 2940, 421
383, 2950, 415
383, 2960, 423
385, 2970, 419
388, 2980, 420
391, 2990, 428
391, 3000, 431
392, 3010, 429
392, 3020, 432
394, 3030, 429
395, 3040, 435
397, 3050, 435
398, 3060, 447
398, 3070, 436
400, 3080, 434
401, 3090, 441
402, 3100, 438
403, 3110, 438
404, 3120, 441
406, 3130, 441
408, 3140, 442
408, 3150, 442
410, 3160, 442
411, 3170, 441
412, 3180, 447
414, 3190, 450
414, 3200, 450
416, 3210, 450
418, 3220, 447
419, 3230, 451
419, 3240, 447
420, 3250, 449
421, 3260, 451
422, 3270, 452
423, 3280, 454
423, 3290, 455
424, 3300, 455
425, 3310, 457
425, 3320, 458
427, 3330, 460
429, 3340, 463
430, 3350, 470
430, 3360, 470
431, 3370, 466
432, 3380, 474
433, 3390, 473
435, 3400, 470
437, 3410, 472
437, 3420, 474
437, 3430, 477
437, 3440, 473
437, 3450, 474
437, 3460, 473
437, 3470, 474
439, 3480, 478
441, 3490, 474
441, 3500, 482
441, 3510, 475
444, 3520, 479
446, 3530, 479
446, 3540, 486
448, 3550, 480
450, 3560, 480
453, 3570, 490
453, 3580, 492
456, 3590, 489
457, 3600, 494
458, 3610, 496
458, 3620, 493
458, 3630, 492
459, 3640, 493
459, 3650, 493
460, 3660, 493
461, 3670, 497
462, 3680, 494
464, 3690, 495
464, 3700, 500
464, 3710, 498
468, 3720, 499
471, 3730, 505
472, 3740, 504
475, 3750, 509
475, 3760, 513
476, 3770, 513
477, 3780, 516
477, 3790, 518
478, 3800, 512
479, 3810, 517
479, 3820, 522
480, 3830, 520
480, 3840, 520
483, 3850, 517
483, 3860, 522
484, 3870, 523
485, 3880, 523
488, 3890, 522
488, 3900, 527
488, 3910, 527
488, 3920, 523
488, 3930, 524
489, 3940, 520
492, 3950, 526
494, 3960, 531
496, 3970, 533
497, 3980, 535
499, 3990, 538
500, 4000, 539
502, 4010, 538
504, 4020, 538
505, 4030, 543
506, 4040, 544
509, 4050, 544
511, 4060, 543
511, 4070, 544
511, 4080, 545
512, 4090, 546
512, 4100, 544
514, 4110, 543
514, 4120, 546
515, 4130, 547
516, 4140, 548
516, 4150, 550
517, 4160, 549
519, 4170, 551
519, 4180, 551
521, 4190, 549
522, 4200, 554
524, 4210, 558
528, 4220, 563
529, 4230, 565
529, 4240, 563
532, 4250, 570
533, 4260, 575
534, 4270, 569
536, 4280, 571
536, 4290, 573
537, 4300, 571
539, 4310, 574
540, 4320, 572
543, 4330, 578
543, 4340, 577
544, 4350, 580
544, 4360, 579
546, 4370, 577
548, 4380, 576
548, 4390, 581
548, 4400, 579
548, 4410, 578
550, 4420, 578
551, 4430, 579
{'count': 4430, 'truepos': 92, 'falseneg': 13, 'unknownyes': 1, 'falsepos': 459, 'unique': 4430}
25: Hall.csv: three: 0, 0
7, 10
10, 20, 106
13, 30, 108
16, 40, 96
21, 50, 89
29, 60, 82
34, 70, 92
40, 80, 79
43, 90, 92
46, 100, 88
50, 110, 88
55, 120, 93
59, 130, 101
61, 140, 98
65, 150, 95
70, 160, 90
72, 170, 96
75, 180, 94
78, 190, 99
82, 200, 104
83, 210, 113
86, 220, 105
89, 230, 115
91, 240, 121
92, 250, 118
95, 260, 116
96, 270, 116
99, 280, 118
101, 290, 117
103, 300, 120
105, 310, 130
105, 320, 125
106, 330, 130
107, 340, 128
107, 350, 125
107, 360, 129
108, 370, 128
108, 380, 129
108, 390, 126
108, 400, 125
108, 410, 127
108, 420, 124
109, 430, 128
110, 440, 124
110, 450, 127
110, 460, 131
110, 470, 127
110, 480, 124
110, 490, 123
110, 500, 121
111, 510, 124
111, 520, 123
111, 530, 125
111, 540, 123
113, 550, 124
113, 560, 127
113, 570, 124
113, 580, 126
115, 590, 125
115, 600, 130
115, 610, 127
115, 620, 130
115, 630, 126
115, 640, 126
116, 650, 125
117, 660, 128
117, 670, 128
118, 680, 128
118, 690, 127
118, 700, 126
118, 710, 128
118, 720, 129
118, 730, 129
118, 740, 126
118, 750, 127
118, 760, 128
118, 770, 127
118, 780, 126
118, 790, 125
118, 800, 126
118, 810, 126
118, 820, 126
119, 830, 126
120, 840, 128
121, 850, 128
121, 860, 129
{'count': 1881, 'truepos': 97, 'falseneg': 5, 'unknownyes': 4, 'falsepos': 24, 'unique': 860}
25: Hall.csv: machine: 0, 0
6, 10
8, 20, 104
11, 30, 103
14, 40, 106
21, 50, 93
24, 60, 94
['yes' 'yes' 'yes' 'yes' 'yes' 'yes' 'yes' 'yes' 'no' 'yes']
['no' 'no' 'no']
21, 60, 94
28, 70, 83
32, 80, 89
38, 90, 72
44, 100, 83
48, 110, 104
['yes' 'yes' 'yes' 'no' 'yes' 'no' 'yes' 'yes' 'yes' 'yes']
['no' 'no' 'yes' 'yes' 'yes' 'no' 'no' 'no' 'no' 'no']
48, 110, 104
50, 120, 90
55, 130, 81
55, 140, 88
58, 150, 84
63, 160, 86
['yes' 'yes' 'yes' 'yes' 'yes' 'no' 'yes' 'yes' 'yes' 'yes']
['no' 'no' 'no' 'no' 'no' 'no' 'no' 'no' 'no' 'no']
62, 160, 86
65, 170, 91
67, 180, 87
71, 190, 91
73, 200, 102
77, 210, 94
['yes' 'yes' 'yes' 'yes' 'no' 'no' 'no' 'yes' 'yes' 'no']
['no' 'yes' 'no' 'no' 'no' 'yes' 'no' 'yes' 'no' 'no']
78, 210, 94
82, 220, 94
85, 230, 96
85, 240, 99
85, 250, 102
90, 260, 94
['yes' 'yes' 'no' 'no' 'yes' 'yes' 'no' 'yes' 'yes' 'yes']
['no' 'yes' 'no' 'no' 'no' 'no' 'no' 'no' 'yes' 'no']
['no' 'no' 'yes' 'yes' 'yes' 'yes' 'yes' 'yes' 'yes' 'yes']
['yes' 'no' 'no' 'no' 'no' 'no' 'no' 'no' 'yes' 'no']
{'count': 353, 'truepos': 80, 'falseneg': 9, 'unknownyes': 17, 'falsepos': 9, 'unique': 260}
25: Hall.csv: machine2: 0, 0
6, 10
9, 20, 105
12, 30, 110
16, 40, 111
22, 50, 97
26, 60, 99
['yes' 'yes' 'yes' 'yes' 'yes' 'yes' 'yes' 'no' 'yes' 'yes']
['no' 'no']
25, 60, 99
27, 70, 100
30, 80, 88
34, 90, 68
36, 100, 71
42, 110, 65
['yes' 'yes' 'yes' 'yes' 'yes' 'yes' 'yes' 'yes' 'yes' 'yes']
['no' 'yes' 'yes' 'no' 'no' 'yes' 'no' 'no' 'yes' 'no']
47, 110, 65
49, 120, 77
52, 130, 79
52, 140, 85
57, 150, 78
57, 160, 94
['yes' 'no' 'yes' 'no' 'yes' 'yes' 'yes' 'yes' 'yes' 'yes']
['no' 'no' 'no' 'no' 'no' 'no' 'no' 'no' 'no' 'no']
56, 160, 94
59, 170, 79
65, 180, 81
67, 190, 83
70, 200, 81
73, 210, 87
['no' 'yes' 'yes' 'yes' 'yes' 'yes' 'yes' 'yes' 'no' 'yes']
['yes' 'no' 'no' 'yes' 'no' 'no' 'no' 'no' 'no' 'yes']
74, 210, 87
76, 220, 93
81, 230, 89
84, 240, 91
86, 250, 96
88, 260, 97
['no' 'no' 'yes' 'no' 'yes' 'yes' 'yes' 'yes' 'yes' 'no']
['no' 'yes' 'no' 'no' 'no' 'no' 'yes' 'no' 'no' 'no']
88, 260, 97
88, 270, 98
90, 280, 98
93, 290, 100
94, 300, 104
94, 310, 103
['no' 'no' 'no' 'yes' 'no' 'yes' 'no' 'yes' 'yes' 'yes']
['no' 'no' 'no' 'yes' 'yes' 'no' 'no' 'no' 'no' 'no']
93, 310, 103
95, 320, 107
96, 330, 109
96, 340, 111
99, 350, 111
99, 360, 117
['no' 'no' 'no' 'yes' 'yes' 'yes' 'no' 'yes' 'yes' 'yes']
['no' 'no' 'no' 'no' 'no' 'no' 'no' 'no' 'no' 'no']
99, 360, 117
101, 370, 109
103, 380, 117
105, 390, 124
106, 400, 131
106, 410, 132
['yes' 'no' 'no' 'yes' 'yes' 'no' 'yes' 'no' 'no' 'yes']
['no' 'no' 'no' 'no' 'no' 'no' 'yes' 'no' 'no' 'no']
102, 410, 132
103, 420, 119
105, 430, 113
108, 440, 115
108, 450, 124
110, 460, 120
['yes' 'yes' 'no' 'no' 'yes' 'yes' 'yes' 'no' 'yes' 'yes']
['no' 'no' 'no' 'no' 'no' 'no' 'no' 'no' 'yes' 'yes']
110, 460, 120
114, 470, 119
115, 480, 129
115, 490, 131
116, 500, 131
117, 510, 133
['no' 'no' 'no' 'no' 'no' 'no' 'no' 'no' 'yes' 'yes']
['no' 'no' 'no' 'yes' 'no' 'no' 'no' 'no' 'no' 'no']
113, 510, 133
115, 520, 121
116, 530, 126
118, 540, 126
121, 550, 130
122, 560, 141
['no' 'yes' 'no' 'no' 'no' 'yes' 'no' 'no' 'no' 'no']
['no' 'no' 'no' 'no' 'no' 'no' 'no' 'no' 'no' 'no']
116, 560, 141
116, 570, 127
117, 580, 126
117, 590, 127
118, 600, 128
118, 610, 129
['no' 'no' 'no' 'no' 'yes' 'no' 'no' 'yes' 'no' 'no']
['no' 'no' 'no' 'no' 'no' 'no' 'no' 'no' 'no' 'no']
112, 610, 129
113, 620, 118
114, 630, 119
['no' 'no' 'no' 'yes' 'no' 'no' 'yes' 'no' 'yes' 'yes']
['no' 'no' 'no' 'yes' 'no' 'no' 'no' 'no' 'no' 'no']
{'count': 936, 'truepos': 95, 'falseneg': 7, 'unknownyes': 4, 'falsepos': 13, 'unique': 630}
25: Hall.csv: machine3: 0, 0
6, 10
9, 20, 106
12, 30, 110
18, 40, 122
23, 50, 115
27, 60, 102
null
['no' 'no' 'no']
27, 60, 102
32, 70, 102
35, 80, 92
37, 90, 84
41, 100, 81
42, 110, 91
null
['no' 'yes' 'yes' 'no' 'no' 'no' 'no' 'yes' 'no' 'no']
44, 110, 91
48, 120, 80
48, 130, 81
50, 140, 73
53, 150, 73
57, 160, 73
null
['no' 'no' 'no' 'no' 'no' 'no' 'no' 'yes' 'no' 'no']
58, 160, 73
63, 170, 80
66, 180, 81
66, 190, 92
69, 200, 81
72, 210, 86
null
['yes' 'no' 'no' 'no' 'no' 'no' 'no' 'no' 'no' 'no']
73, 210, 86
75, 220, 85
78, 230, 85
81, 240, 92
81, 250, 103
81, 260, 95
null
['no' 'yes' 'yes' 'yes' 'no' 'no' 'yes' 'no' 'no' 'no']
83, 260, 95
85, 270, 93
86, 280, 99
87, 290, 98
87, 300, 98
87, 310, 97
null
['no' 'no' 'no' 'yes' 'no' 'yes' 'no' 'yes' 'no' 'no']
90, 310, 97
90, 320, 100
90, 330, 99
91, 340, 98
92, 350, 100
92, 360, 102
null
['yes' 'no' 'no' 'yes' 'no' 'no' 'no' 'no' 'no' 'no']
92, 360, 102
93, 370, 99
94, 380, 104
94, 390, 101
94, 400, 103
94, 410, 102
null
['no' 'no' 'no' 'no' 'no' 'no' 'no' 'no' 'no' 'no']
94, 410, 102
94, 420, 103
94, 430, 101
96, 440, 101
97, 450, 104
97, 460, 108
null
['no' 'no' 'no' 'no' 'no' 'no' 'no' 'no' 'no' 'no']
97, 460, 108
97, 470, 105
98, 480, 104
98, 490, 108
98, 500, 107
98, 510, 105
null
['no' 'no' 'no' 'no' 'no' 'no' 'no' 'no' 'no' 'yes']
99, 510, 105
99, 520, 107
99, 530, 108
99, 540, 106
99, 550, 106
null
['no' 'no' 'no' 'no' 'no' 'no' 'no' 'no' 'no' 'yes']
{'count': 807, 'truepos': 95, 'falseneg': 7, 'unknownyes': 4, 'falsepos': 5, 'unique': 550}
25: Wahono.csv: none: 0, 0
4, 10
7, 20, 89
10, 30, 95
14, 40, 107
16, 50, 99
19, 60, 86
24, 70, 83
26, 80, 90
29, 90, 91
30, 100, 91
33, 110, 65
36, 120, 71
39, 130, 78
40, 140, 82
40, 150, 81
41, 160, 74
43, 170, 70
43, 180, 81
45, 190, 72
48, 200, 79
49, 210, 96
50, 220, 90
51, 230, 85
54, 240, 78
56, 250, 94
57, 260, 96
57, 270, 81
58, 280, 93
60, 290, 86
63, 300, 82
63, 310, 89
63, 320, 90
63, 330, 87
65, 340, 87
69, 350, 84
72, 360, 92
74, 370, 94
74, 380, 97
75, 390, 101
75, 400, 98
77, 410, 104
79, 420, 100
79, 430, 107
79, 440, 109
79, 450, 99
79, 460, 101
80, 470, 105
82, 480, 108
83, 490, 103
85, 500, 106
87, 510, 104
88, 520, 130
89, 530, 123
92, 540, 118
92, 550, 121
93, 560, 126
96, 570, 121
97, 580, 123
100, 590, 130
100, 600, 122
100, 610, 127
103, 620, 126
105, 630, 126
105, 640, 128
106, 650, 130
109, 660, 137
110, 670, 138
112, 680, 141
112, 690, 140
112, 700, 135
112, 710, 138
112, 720, 140
114, 730, 136
114, 740, 136
116, 750, 142
119, 760, 139
120, 770, 148
121, 780, 149
122, 790, 155
122, 800, 147
124, 810, 153
124, 820, 149
126, 830, 152
127, 840, 151
128, 850, 161
128, 860, 151
130, 870, 153
131, 880, 155
132, 890, 164
135, 900, 151
136, 910, 160
138, 920, 157
138, 930, 159
138, 940, 158
138, 950, 159
139, 960, 156
139, 970, 156
140, 980, 159
140, 990, 163
140, 1000, 164
140, 1010, 161
140, 1020, 157
140, 1030, 159
140, 1040, 161
141, 1050, 161
143, 1060, 161
145, 1070, 161
147, 1080, 168
149, 1090, 170
150, 1100, 172
150, 1110, 172
151, 1120, 176
153, 1130, 172
156, 1140, 176
158, 1150, 177
161, 1160, 180
162, 1170, 184
162, 1180, 184
165, 1190, 187
166, 1200, 192
166, 1210, 199
166, 1220, 194
169, 1230, 194
169, 1240, 193
170, 1250, 194
171, 1260, 198
172, 1270, 194
174, 1280, 198
175, 1290, 200
175, 1300, 202
176, 1310, 202
176, 1320, 202
177, 1330, 202
178, 1340, 206
180, 1350, 205
180, 1360, 207
181, 1370, 209
182, 1380, 209
184, 1390, 207
186, 1400, 208
187, 1410, 211
189, 1420, 213
189, 1430, 214
190, 1440, 212
190, 1450, 214
190, 1460, 215
190, 1470, 216
193, 1480, 212
194, 1490, 218
195, 1500, 218
196, 1510, 216
199, 1520, 220
200, 1530, 222
200, 1540, 222
200, 1550, 223
202, 1560, 220
205, 1570, 225
207, 1580, 229
207, 1590, 235
209, 1600, 233
210, 1610, 239
211, 1620, 237
213, 1630, 240
215, 1640, 248
215, 1650, 243
215, 1660, 245
217, 1670, 244
219, 1680, 251
219, 1690, 249
219, 1700, 249
219, 1710, 252
220, 1720, 249
221, 1730, 246
223, 1740, 249
223, 1750, 251
225, 1760, 253
226, 1770, 254
227, 1780, 260
227, 1790, 258
229, 1800, 256
231, 1810, 258
232, 1820, 256
233, 1830, 259
233, 1840, 260
235, 1850, 262
237, 1860, 260
238, 1870, 263
239, 1880, 267
239, 1890, 263
240, 1900, 264
241, 1910, 270
242, 1920, 267
243, 1930, 268
244, 1940, 268
245, 1950, 269
246, 1960, 272
248, 1970, 273
249, 1980, 275
251, 1990, 277
254, 2000, 277
254, 2010, 276
255, 2020, 278
255, 2030, 282
256, 2040, 281
256, 2050, 282
257, 2060, 282
261, 2070, 282
261, 2080, 285
262, 2090, 283
262, 2100, 286
264, 2110, 287
265, 2120, 284
268, 2130, 287
269, 2140, 294
269, 2150, 294
269, 2160, 292
270, 2170, 292
271, 2180, 294
274, 2190, 295
275, 2200, 299
275, 2210, 300
276, 2220, 298
278, 2230, 302
280, 2240, 302
280, 2250, 303
283, 2260, 302
283, 2270, 307
284, 2280, 307
287, 2290, 311
287, 2300, 315
288, 2310, 314
288, 2320, 317
288, 2330, 314
289, 2340, 315
291, 2350, 315
293, 2360, 318
293, 2370, 317
294, 2380, 318
296, 2390, 318
299, 2400, 324
302, 2410, 325
304, 2420, 328
304, 2430, 334
305, 2440, 334
306, 2450, 334
307, 2460, 334
307, 2470, 341
308, 2480, 337
308, 2490, 339
308, 2500, 334
308, 2510, 333
308, 2520, 331
313, 2530, 331
314, 2540, 336
314, 2550, 339
315, 2560, 340
315, 2570, 340
316, 2580, 340
316, 2590, 339
316, 2600, 338
317, 2610, 340
317, 2620, 340
319, 2630, 340
319, 2640, 343
320, 2650, 342
322, 2660, 343
322, 2670, 348
324, 2680, 345
326, 2690, 350
326, 2700, 356
327, 2710, 354
328, 2720, 355
329, 2730, 353
329, 2740, 354
329, 2750, 353
331, 2760, 353
332, 2770, 353
333, 2780, 353
333, 2790, 355
335, 2800, 355
336, 2810, 359
337, 2820, 359
338, 2830, 359
339, 2840, 363
341, 2850, 363
343, 2860, 363
343, 2870, 364
345, 2880, 365
346, 2890, 370
348, 2900, 369
351, 2910, 367
352, 2920, 375
352, 2930, 377
354, 2940, 377
355, 2950, 381
357, 2960, 382
357, 2970, 381
357, 2980, 380
358, 2990, 382
358, 3000, 387
359, 3010, 382
359, 3020, 384
361, 3030, 388
363, 3040, 386
363, 3050, 397
363, 3060, 391
363, 3070, 392
363, 3080, 391
364, 3090, 388
366, 3100, 389
367, 3110, 394
369, 3120, 394
370, 3130, 396
373, 3140, 397
375, 3150, 401
375, 3160, 402
376, 3170, 402
377, 3180, 401
379, 3190, 406
380, 3200, 406
381, 3210, 405
383, 3220, 405
384, 3230, 405
384, 3240, 408
385, 3250, 406
386, 3260, 412
387, 3270, 414
388, 3280, 416
388, 3290, 416
389, 3300, 416
390, 3310, 420
393, 3320, 418
395, 3330, 417
395, 3340, 423
396, 3350, 422
396, 3360, 419
398, 3370, 420
398, 3380, 424
400, 3390, 425
401, 3400, 428
401, 3410, 426
402, 3420, 427
402, 3430, 427
402, 3440, 427
403, 3450, 424
404, 3460, 425
406, 3470, 427
{'count': 3470, 'truepos': 54, 'falseneg': 7, 'unknownyes': 1, 'falsepos': 352, 'unique': 3470}
25: Wahono.csv: three: 0, 0
6, 10
7, 20, 102
7, 30, 94
12, 40, 92
16, 50, 89
18, 60, 87
20, 70, 82
22, 80, 66
23, 90, 64
25, 100, 55
29, 110, 53
31, 120, 63
34, 130, 71
34, 140, 76
35, 150, 71
38, 160, 66
39, 170, 71
40, 180, 71
40, 190, 64
42, 200, 63
42, 210, 71
45, 220, 62
46, 230, 67
47, 240, 64
47, 250, 73
47, 260, 66
47, 270, 62
47, 280, 67
50, 290, 64
51, 300, 73
53, 310, 70
53, 320, 73
53, 330, 74
53, 340, 66
53, 350, 69
54, 360, 71
57, 370, 69
58, 380, 70
58, 390, 73
58, 400, 79
58, 410, 74
59, 420, 76
59, 430, 70
59, 440, 75
59, 450, 71
59, 460, 73
60, 470, 73
60, 480, 79
61, 490, 72
62, 500, 70
62, 510, 74
62, 520, 77
62, 530, 76
64, 540, 73
66, 550, 73
66, 560, 76
66, 570, 76
66, 580, 76
67, 590, 75
67, 600, 76
68, 610, 77
70, 620, 76
71, 630, 80
72, 640, 81
72, 650, 82
72, 660, 83
72, 670, 81
73, 680, 81
74, 690, 84
74, 700, 85
74, 710, 82
75, 720, 84
75, 730, 85
76, 740, 84
76, 750, 86
76, 760, 87
77, 770, 85
77, 780, 87
77, 790, 86
77, 800, 87
77, 810, 87
77, 820, 87
77, 830, 85
78, 840, 85
78, 850, 87
78, 860, 90
78, 870, 87
78, 880, 85
79, 890, 86
80, 900, 90
80, 910, 89
80, 920, 89
80, 930, 89
80, 940, 88
81, 950, 86
81, 960, 88
81, 970, 88
81, 980, 89
81, 990, 88
81, 1000, 87
83, 1010, 87
83, 1020, 91
83, 1030, 91
83, 1040, 89
84, 1050, 91
84, 1060, 92
84, 1070, 93
84, 1080, 92
85, 1090, 92
85, 1100, 92
87, 1110, 94
87, 1120, 100
87, 1130, 99
87, 1140, 98
87, 1150, 98
87, 1160, 99
91, 1170, 95
91, 1180, 100
91, 1190, 100
91, 1200, 100
91, 1210, 101
91, 1220, 98
91, 1230, 97
92, 1240, 98
92, 1250, 99
92, 1260, 100
93, 1270, 99
93, 1280, 100
93, 1290, 101
93, 1300, 100
94, 1310, 101
95, 1320, 100
95, 1330, 104
95, 1340, 102
95, 1350, 103
95, 1360, 103
96, 1370, 103
97, 1380, 103
97, 1390, 105
97, 1400, 104
98, 1410, 104
98, 1420, 104
100, 1430, 104
100, 1440, 107
100, 1450, 107
100, 1460, 106
100, 1470, 106
100, 1480, 106
{'count': 3211, 'truepos': 58, 'falseneg': 1, 'unknownyes': 3, 'falsepos': 42, 'unique': 1480}
25: Wahono.csv: machine: 0, 0
6, 10
9, 20, 104
13, 30, 116
15, 40, 131
18, 50, 98
20, 60, 97
['no' 'yes' 'no' 'yes' 'no' 'yes' 'yes' 'no' 'no' 'yes']
[]
16, 60, 97
18, 70, 92
23, 80, 83
24, 90, 88
27, 100, 80
28, 110, 86
['yes' 'yes' 'yes' 'yes' 'yes' 'no' 'yes' 'yes' 'no' 'yes']
[]
25, 110, 86
26, 120, 77
28, 130, 65
29, 140, 63
31, 150, 61
32, 160, 64
['no' 'no' 'yes' 'no' 'no' 'no' 'yes' 'yes' 'no' 'yes']
['no' 'no' 'no' 'no' 'no' 'no' 'no' 'no' 'yes' 'no']
27, 160, 64
30, 170, 58
33, 180, 59
34, 190, 56
36, 200, 59
38, 210, 61
['no' 'no' 'yes' 'no' 'yes' 'yes' 'yes' 'yes' 'no' 'yes']
['no' 'no' 'no' 'no' 'no' 'no' 'no' 'yes' 'no' 'no']
35, 210, 61
36, 220, 52
39, 230, 53
42, 240, 58
43, 250, 65
46, 260, 64
['yes' 'no' 'no' 'yes' 'no' 'yes' 'yes' 'no' 'yes' 'yes']
['no' 'no' 'no' 'no' 'no' 'no' 'no' 'yes' 'no' 'no']
46, 260, 64
47, 270, 62
49, 280, 60
50, 290, 68
52, 300, 67
54, 310, 70
['no' 'no' 'no' 'no' 'yes' 'yes' 'no' 'yes' 'no' 'yes']
['no' 'no' 'no' 'no' 'no' 'no' 'yes' 'no' 'no' 'no']
49, 310, 70
49, 320, 61
51, 330, 61
53, 340, 70
53, 350, 70
56, 360, 65
['no' 'yes' 'no' 'yes' 'no' 'no' 'no' 'no' 'no' 'no']
['no' 'yes' 'no' 'no' 'no' 'no' 'no' 'no' 'no' 'no']
50, 360, 65
54, 370, 61
56, 380, 67
56, 390, 69
57, 400, 68
61, 410, 71
['yes' 'yes' 'no' 'yes' 'no' 'yes' 'yes' 'yes' 'no' 'no']
['no' 'no' 'no' 'no' 'no' 'no' 'no' 'no' 'no' 'no']
58, 410, 71
59, 420, 70
60, 430, 71
61, 440, 72
63, 450, 76
64, 460, 79
['no' 'no' 'yes' 'no' 'no' 'no' 'no' 'no' 'yes' 'yes']
['no' 'no' 'no' 'no' 'no' 'no' 'no' 'no' 'no' 'no']
58, 460, 79
59, 470, 67
60, 480, 68
61, 490, 69
63, 500, 70
64, 510, 74
['no' 'yes' 'no' 'yes' 'no' 'yes' 'no' 'no' 'no' 'yes']
['no' 'no' 'no' 'no' 'no' 'no' 'no' 'no' 'no' 'no']
59, 510, 74
59, 520, 68
60, 530, 68
62, 540, 68
64, 550, 72
64, 560, 73
['no' 'no' 'yes' 'no' 'no' 'yes' 'yes' 'yes' 'yes' 'yes']
['no' 'no' 'no' 'no' 'no' 'no' 'no' 'no' 'no' 'no']
62, 560, 73
63, 570, 69
63, 580, 71
64, 590, 71
64, 600, 71
65, 610, 70
['no' 'no' 'no' 'no' 'no' 'yes' 'no' 'yes']
['no' 'no' 'no' 'no' 'no' 'no' 'no' 'no' 'no' 'no']
61, 610, 70
63, 620, 68
64, 630, 72
65, 640, 75
68, 650, 74
71, 660, 80
['no' 'no' 'no' 'no' 'no' 'no' 'no' 'no' 'no' 'no']
['no' 'no' 'no' 'no' 'no' 'no' 'no' 'no' 'no' 'no']
62, 660, 80
65, 670, 69
67, 680, 73
68, 690, 76
69, 700, 78
70, 710, 79
['no' 'no' 'no' 'no' 'no' 'no' 'no' 'no' 'no']
['no' 'no' 'no' 'no' 'no' 'no' 'no' 'no' 'no' 'no']
64, 710, 79
67, 720, 71
67, 730, 76
67, 740, 76
68, 750, 74
68, 760, 77
['no' 'no' 'no' 'no']
['no' 'no' 'no' 'no' 'no' 'no' 'no' 'no' 'no' 'no']
65, 760, 77
66, 770, 71
66, 780, 73
68, 790, 73
70, 800, 75
70, 810, 78
['no' 'no' 'no' 'no' 'no' 'no']
['no' 'no' 'no' 'no' 'no' 'no' 'no' 'no' 'no' 'no']
65, 810, 78
65, 820, 71
66, 830, 70
67, 840, 72
69, 850, 73
70, 860, 74
['no' 'no' 'no' 'yes' 'no' 'no']
['no' 'no' 'no' 'no' 'no' 'no' 'no' 'no' 'no' 'no']
66, 860, 74
68, 870, 72
69, 880, 74
69, 890, 75
70, 900, 75
70, 910, 76
['no' 'no' 'no' 'no' 'no' 'no']
['no' 'no' 'no' 'no' 'no' 'no' 'no' 'no' 'no' 'no']
67, 910, 76
70, 920, 73
72, 930, 78
72, 940, 80
73, 950, 81
76, 960, 82
['no' 'no' 'no' 'no' 'no' 'no' 'no' 'no' 'no' 'no']
['no' 'no' 'no' 'no' 'no' 'no' 'no' 'no' 'no' 'no']
67, 960, 82
69, 970, 72
69, 980, 75
71, 990, 77
73, 1000, 81
74, 1010, 81
['no' 'no' 'no' 'no' 'no' 'no' 'no' 'no']
['no' 'no' 'no' 'no' 'no' 'no' 'no' 'no' 'no' 'no']
69, 1010, 81
71, 1020, 76
72, 1030, 79
73, 1040, 86
74, 1050, 85
74, 1060, 84
['no' 'no' 'no' 'no' 'no']
['no' 'no' 'no' 'no' 'no' 'no' 'no' 'no' 'no' 'no']
71, 1060, 84
72, 1070, 77
73, 1080, 78
74, 1090, 81
76, 1100, 80
76, 1110, 84
['no' 'no' 'no' 'no' 'no' 'no' 'no']
['no' 'no' 'no' 'no' 'no' 'no' 'no' 'no' 'no' 'no']
71, 1110, 84
75, 1120, 76
77, 1130, 82
77, 1140, 84
78, 1150, 83
79, 1160, 86
['no' 'no' 'no' 'no' 'no' 'no' 'no' 'no' 'no']
['no' 'no' 'no' 'no' 'no' 'no' 'no' 'no' 'no' 'no']
72, 1160, 86
72, 1170, 78
73, 1180, 77
73, 1190, 78
73, 1200, 78
76, 1210, 78
['no' 'no' 'no' 'no' 'no']
['no' 'no' 'no' 'no' 'no' 'no' 'no' 'no' 'no' 'no']
['no' 'no' 'no' 'no' 'no']
['no' 'no' 'no' 'no' 'no' 'no' 'no' 'no' 'no' 'no']
{'count': 1633, 'truepos': 55, 'falseneg': 4, 'unknownyes': 3, 'falsepos': 19, 'unique': 1210}
25: Wahono.csv: machine2: 0, 0
4, 10
5, 20, 112
8, 30, 102
10, 40, 98
13, 50, 92
15, 60, 72
['yes' 'yes' 'no' 'no' 'yes' 'no' 'no' 'yes' 'no' 'yes']
['no']
11, 60, 72
17, 70, 57
18, 80, 71
19, 90, 62
21, 100, 54
23, 110, 52
['yes' 'yes' 'yes' 'yes' 'yes' 'yes' 'no' 'no' 'yes' 'yes']
['no']
22, 110, 52
25, 120, 55
26, 130, 63
26, 140, 58
27, 150, 53
27, 160, 53
['yes' 'no' 'no' 'no' 'yes' 'yes' 'yes' 'yes' 'yes' 'yes']
[]
24, 160, 53
25, 170, 50
29, 180, 51
31, 190, 58
35, 200, 51
37, 210, 60
['no' 'yes' 'yes' 'no' 'no' 'no' 'no' 'no' 'no' 'no']
['no' 'yes' 'no' 'no' 'no' 'no' 'no' 'no' 'yes' 'no']
34, 210, 60
39, 220, 50
44, 230, 67
49, 240, 79
51, 250, 85
52, 260, 87
['no' 'yes' 'no' 'no' 'no' 'yes' 'yes' 'no' 'no' 'no']
['no' 'no' 'no' 'no' 'no' 'no' 'no' 'no' 'no' 'no']
48, 260, 87
50, 270, 77
52, 280, 80
54, 290, 80
57, 300, 85
58, 310, 90
['yes' 'no' 'no' 'no' 'no' 'no' 'no' 'no' 'no' 'yes']
['no' 'no' 'no' 'no' 'no' 'no' 'no' 'no' 'no' 'no']
52, 310, 90
55, 320, 73
56, 330, 80
57, 340, 85
60, 350, 83
60, 360, 91
['no' 'no' 'yes' 'no' 'yes' 'yes' 'yes' 'yes' 'yes' 'no']
['no' 'no' 'no' 'no' 'no' 'no' 'no' 'no' 'no' 'yes']
61, 360, 91
62, 370, 80
64, 380, 80
64, 390, 81
64, 400, 85
66, 410, 84
['no' 'yes' 'yes' 'no' 'yes' 'no' 'no' 'yes' 'no' 'no']
['no' 'no' 'no' 'no' 'no' 'no' 'no' 'no' 'no' 'no']
61, 410, 84
64, 420, 76
64, 430, 83
67, 440, 80
67, 450, 84
67, 460, 83
['no' 'no' 'yes' 'yes' 'no' 'no' 'no' 'yes' 'no' 'yes']
['no' 'no' 'no' 'no' 'no' 'no' 'no' 'no' 'no' 'no']
62, 460, 83
63, 470, 72
64, 480, 74
66, 490, 75
66, 500, 79
69, 510, 77
['no' 'no' 'no' 'no' 'no' 'no' 'no' 'no' 'no' 'yes']
['no' 'no' 'no' 'no' 'no' 'no' 'no' 'no' 'no' 'no']
61, 510, 77
61, 520, 72
63, 530, 69
63, 540, 71
64, 550, 72
64, 560, 77
['yes' 'no' 'no' 'no' 'yes' 'yes' 'no' 'no' 'no' 'yes']
['no' 'no' 'no' 'no' 'no' 'no' 'no' 'no' 'no' 'no']
59, 560, 77
59, 570, 69
59, 580, 71
59, 590, 69
60, 600, 71
60, 610, 68
['no' 'no' 'yes' 'yes' 'no']
['no' 'no' 'no' 'no' 'no' 'no' 'no' 'no' 'no' 'no']
60, 610, 68
60, 620, 71
61, 630, 71
61, 640, 73
63, 650, 70
67, 660, 73
['yes' 'no' 'yes' 'no' 'no' 'no' 'no' 'no' 'no']
['no' 'no' 'no' 'no' 'no' 'no' 'no' 'no' 'no' 'no']
63, 660, 73
64, 670, 73
64, 680, 76
64, 690, 76
66, 700, 73
67, 710, 75
['yes' 'no' 'no' 'no' 'no']
['no' 'no' 'no' 'no' 'no' 'no' 'no' 'no' 'no' 'no']
64, 710, 75
64, 720, 72
65, 730, 72
67, 740, 72
68, 750, 76
69, 760, 75
['yes' 'no' 'no' 'no' 'no' 'no']
['no' 'no' 'no' 'no' 'no' 'no' 'no' 'no' 'no' 'no']
67, 760, 75
67, 770, 75
67, 780, 74
70, 790, 75
71, 800, 78
72, 810, 79
['no' 'no' 'no' 'yes' 'no' 'no']
['no' 'no' 'no' 'no' 'no' 'no' 'no' 'no' 'no' 'no']
70, 810, 79
72, 820, 77
74, 830, 79
75, 840, 82
75, 850, 83
77, 860, 82
['no' 'no' 'no' 'no' 'no' 'no' 'no' 'no' 'no']
['no' 'no' 'no' 'no' 'no' 'no' 'no' 'no' 'no' 'no']
71, 860, 82
73, 870, 81
73, 880, 81
74, 890, 82
77, 900, 83
78, 910, 88
['no' 'no' 'no' 'no' 'no' 'no' 'yes' 'no']
['no' 'no' 'no' 'no' 'no' 'no' 'no' 'no' 'no' 'no']
73, 910, 88
75, 920, 78
76, 930, 85
78, 940, 83
78, 950, 86
78, 960, 86
['no' 'yes' 'no' 'yes' 'no']
['yes' 'no' 'no' 'no' 'no' 'no' 'no' 'no' 'no' 'no']
79, 960, 86
79, 970, 87
79, 980, 88
80, 990, 88
81, 1000, 88
83, 1010, 88
['no' 'no' 'no' 'no' 'no' 'yes' 'no']
['no' 'no' 'no' 'no' 'no' 'no' 'no' 'no' 'no' 'no']
80, 1010, 88
80, 1020, 88
82, 1030, 85
82, 1040, 88
83, 1050, 89
86, 1060, 90
['no' 'no' 'no' 'no' 'no' 'no' 'no']
['no' 'no' 'no' 'no' 'no' 'no' 'no' 'no' 'no' 'no']
['no' 'no' 'no' 'no' 'no' 'no' 'no']
['no' 'no' 'no' 'no' 'no' 'no' 'no' 'no' 'no' 'no']
{'count': 1511, 'truepos': 56, 'falseneg': 3, 'unknownyes': 3, 'falsepos': 27, 'unique': 1060}
25: Wahono.csv: machine3: 0, 0
4, 10
5, 20, 91
6, 30, 102
8, 40, 91
9, 50, 87
9, 60, 82
null
[]
12, 70, 61
15, 80, 59
16, 90, 63
16, 100, 53
16, 110, 49
18, 120, 46
null
[]
19, 130, 51
19, 140, 49
19, 150, 48
20, 160, 47
22, 170, 49
26, 180, 52
null
[]
26, 190, 61
28, 200, 57
28, 210, 59
29, 220, 57
30, 230, 54
31, 240, 57
null
['no' 'no' 'no' 'no' 'no' 'no' 'no' 'no' 'no' 'yes']
32, 240, 57
32, 250, 55
33, 260, 51
34, 270, 59
34, 280, 56
35, 290, 52
null
['yes' 'no' 'no' 'yes' 'yes' 'no' 'no' 'no' 'no' 'yes']
39, 290, 52
40, 300, 60
40, 310, 61
41, 320, 55
41, 330, 58
41, 340, 55
null
['no' 'no' 'no' 'no' 'no' 'no' 'no' 'no' 'no' 'no']
41, 340, 55
42, 350, 55
43, 360, 57
43, 370, 61
43, 380, 57
43, 390, 54
null
['no' 'no' 'no' 'no' 'no' 'no' 'no' 'no' 'no' 'no']
43, 390, 54
43, 400, 59
43, 410, 56
43, 420, 56
44, 430, 56
45, 440, 54
null
['no' 'no' 'yes' 'no' 'no' 'no' 'no' 'no' 'no' 'no']
47, 440, 54
48, 450, 58
49, 460, 59
49, 470, 63
49, 480, 57
49, 490, 59
null
['no' 'no' 'no' 'no' 'no' 'no' 'no' 'no' 'no' 'no']
49, 490, 59
50, 500, 61
51, 510, 59
51, 520, 60
51, 530, 58
51, 540, 59
null
['no' 'no' 'no' 'no' 'no' 'no' 'no' 'no' 'no' 'no']
51, 540, 59
51, 550, 58
51, 560, 57
51, 570, 58
52, 580, 58
53, 590, 59
null
['no' 'no' 'no' 'no' 'no' 'no' 'yes' 'no' 'no' 'no']
54, 590, 59
54, 600, 62
54, 610, 63
55, 620, 62
55, 630, 63
55, 640, 62
null
['no' 'no' 'no' 'yes' 'no' 'no' 'no' 'no' 'no' 'no']
56, 640, 62
57, 650, 64
57, 660, 64
57, 670, 66
57, 680, 64
57, 690, 64
null
['no' 'yes' 'no' 'no' 'no' 'no' 'no' 'no' 'no' 'no']
58, 690, 64
58, 700, 65
58, 710, 64
58, 720, 66
58, 730, 65
59, 740, 64
null
['no' 'no' 'no' 'no' 'no' 'no' 'no' 'no' 'no' 'no']
60, 740, 64
61, 750, 69
61, 760, 70
61, 770, 69
61, 780, 68
61, 790, 69
null
['no' 'no' 'no' 'no' 'no' 'no' 'no' 'no' 'no' 'no']
61, 790, 69
61, 800, 69
61, 810, 68
61, 820, 68
61, 830, 67
62, 840, 68
null
['no' 'no' 'no' 'no' 'yes' 'no' 'no' 'no' 'no' 'no']
63, 840, 68
63, 850, 71
63, 860, 70
63, 870, 70
63, 880, 70
64, 890, 70
null
['yes' 'no' 'no' 'no' 'no' 'no' 'no' 'no' 'no' 'no']
65, 890, 70
65, 900, 72
65, 910, 72
65, 920, 73
65, 930, 74
66, 940, 70
null
['no' 'no' 'no' 'yes' 'no' 'no' 'no' 'yes' 'no' 'no']
70, 940, 70
70, 950, 78
70, 960, 77
70, 970, 76
70, 980, 78
70, 990, 77
null
['no' 'no' 'no' 'no' 'no' 'no' 'no' 'no' 'no' 'no']
70, 990, 77
70, 1000, 78
70, 1010, 77
71, 1020, 76
71, 1030, 78
71, 1040, 80
null
['no' 'no' 'no' 'no' 'no' 'no' 'no' 'no' 'no' 'no']
71, 1040, 80
71, 1050, 78
71, 1060, 78
71, 1070, 77
71, 1080, 77
73, 1090, 77
null
['no' 'no' 'no' 'no' 'no' 'no' 'no' 'no' 'no' 'no']
74, 1090, 77
74, 1100, 79
74, 1110, 80
74, 1120, 79
74, 1130, 80
74, 1140, 79
null
['no' 'yes' 'no' 'no' 'no' 'no' 'no' 'no' 'no' 'no']
75, 1140, 79
75, 1150, 81
77, 1160, 80
77, 1170, 83
77, 1180, 82
77, 1190, 83
null
['no' 'no' 'no' 'no' 'no' 'no' 'no' 'no' 'no' 'no']
78, 1190, 83
78, 1200, 83
78, 1210, 83
78, 1220, 83
78, 1230, 83
78, 1240, 83
null
['no' 'no' 'no' 'no' 'no' 'no' 'no' 'no' 'no' 'no']
78, 1240, 83
78, 1250, 83
78, 1260, 83
78, 1270, 83
null
['no' 'no' 'no' 'no' 'no' 'no' 'no' 'no' 'no' 'no']
{'count': 1675, 'truepos': 58, 'falseneg': 1, 'unknownyes': 3, 'falsepos': 20, 'unique': 1270}
25: Danijel.csv: none: 0, 0
3, 10
3, 20, 109
4, 30, 89
5, 40, 69
6, 50, 65
6, 60, 55
11, 70, 48
12, 80, 66
13, 90, 60
16, 100, 63
19, 110, 63
25, 120, 64
28, 130, 77
34, 140, 73
37, 150, 57
41, 160, 61
45, 170, 66
45, 180, 72
46, 190, 68
49, 200, 66
50, 210, 69
53, 220, 72
54, 230, 76
56, 240, 76
57, 250, 77
58, 260, 77
60, 270, 83
61, 280, 84
61, 290, 85
63, 300, 81
63, 310, 86
65, 320, 82
65, 330, 88
65, 340, 84
67, 350, 85
67, 360, 88
67, 370, 87
68, 380, 84
69, 390, 86
73, 400, 90
74, 410, 96
74, 420, 96
75, 430, 93
75, 440, 93
76, 450, 91
77, 460, 93
77, 470, 96
78, 480, 96
80, 490, 92
81, 500, 95
81, 510, 100
81, 520, 98
81, 530, 99
83, 540, 99
83, 550, 104
83, 560, 101
84, 570, 100
85, 580, 106
85, 590, 107
86, 600, 100
86, 610, 101
87, 620, 103
87, 630, 101
87, 640, 101
88, 650, 100
88, 660, 102
88, 670, 102
89, 680, 100
89, 690, 102
90, 700, 100
92, 710, 104
92, 720, 103
93, 730, 102
93, 740, 102
94, 750, 103
94, 760, 105
95, 770, 104
96, 780, 105
96, 790, 107
96, 800, 105
96, 810, 105
97, 820, 103
98, 830, 108
98, 840, 108
98, 850, 107
98, 860, 106
98, 870, 107
98, 880, 105
98, 890, 105
100, 900, 106
101, 910, 107
101, 920, 110
101, 930, 109
102, 940, 108
102, 950, 108
103, 960, 110
104, 970, 112
105, 980, 112
105, 990, 115
107, 1000, 114
107, 1010, 115
109, 1020, 115
110, 1030, 117
113, 1040, 120
114, 1050, 122
116, 1060, 123
116, 1070, 127
118, 1080, 123
118, 1090, 129
120, 1100, 127
120, 1110, 129
120, 1120, 128
122, 1130, 128
123, 1140, 131
123, 1150, 133
124, 1160, 133
125, 1170, 134
126, 1180, 133
126, 1190, 137
127, 1200, 134
128, 1210, 136
129, 1220, 136
130, 1230, 137
131, 1240, 139
134, 1250, 139
136, 1260, 142
138, 1270, 144
138, 1280, 147
139, 1290, 146
{'count': 1290, 'truepos': 40, 'falseneg': 4, 'unknownyes': 4, 'falsepos': 99, 'unique': 1290}
25: Danijel.csv: three: 0, 0
4, 10
6, 20, 110
6, 30, 97
6, 40, 89
8, 50, 57
11, 60, 52
15, 70, 56
19, 80, 57
20, 90, 65
22, 100, 58
25, 110, 56
27, 120, 59
27, 130, 57
31, 140, 52
35, 150, 52
36, 160, 55
37, 170, 55
38, 180, 53
39, 190, 54
42, 200, 53
43, 210, 57
43, 220, 60
43, 230, 57
46, 240, 60
47, 250, 68
47, 260, 67
48, 270, 65
48, 280, 69
48, 290, 71
48, 300, 70
48, 310, 61
48, 320, 63
48, 330, 65
48, 340, 61
49, 350, 64
49, 360, 61
49, 370, 62
49, 380, 63
49, 390, 62
49, 400, 62
50, 410, 60
51, 420, 62
51, 430, 65
52, 440, 62
52, 450, 64
52, 460, 62
52, 470, 63
52, 480, 63
53, 490, 62
54, 500, 63
54, 510, 66
54, 520, 63
54, 530, 63
54, 540, 64
54, 550, 63
54, 560, 62
55, 570, 62
55, 580, 65
56, 590, 62
57, 600, 64
57, 610, 65
57, 620, 64
58, 630, 64
58, 640, 69
59, 650, 65
59, 660, 70
59, 670, 70
60, 680, 65
60, 690, 67
60, 700, 65
61, 710, 67
61, 720, 68
62, 730, 68
62, 740, 67
62, 750, 67
62, 760, 69
62, 770, 67
62, 780, 67
62, 790, 68
62, 800, 67
62, 810, 66
63, 820, 70
63, 830, 69
63, 840, 68
63, 850, 68
63, 860, 67
63, 870, 67
63, 880, 68
63, 890, 67
64, 900, 67
64, 910, 69
65, 920, 72
65, 930, 69
67, 940, 69
67, 950, 73
{'count': 2063, 'truepos': 45, 'falseneg': 0, 'unknownyes': 3, 'falsepos': 22, 'unique': 950}
25: Danijel.csv: machine: 0, 0
5, 10
6, 20, 127
8, 30, 122
8, 40, 115
10, 50, 101
12, 60, 97
['yes' 'yes' 'no' 'yes' 'no' 'yes' 'yes' 'no' 'no' 'no']
[]
6, 60, 97
7, 70, 64
10, 80, 57
12, 90, 55
16, 100, 53
18, 110, 63
['no' 'yes' 'no' 'yes' 'no' 'yes' 'yes' 'yes' 'yes' 'no']
['no']
14, 110, 63
20, 120, 55
22, 130, 71
23, 140, 63
25, 150, 63
28, 160, 57
['yes' 'yes' 'no' 'yes' 'yes' 'yes' 'yes' 'yes' 'yes' 'yes']
[]
25, 160, 57
27, 170, 57
30, 180, 57
31, 190, 48
31, 200, 48
34, 210, 46
['yes' 'yes' 'no' 'yes' 'no' 'yes' 'yes' 'no' 'no' 'no']
['no' 'no' 'yes' 'yes' 'no' 'no' 'no' 'yes' 'no' 'no']
36, 210, 46
37, 220, 49
40, 230, 48
44, 240, 55
45, 250, 60
47, 260, 61
['no' 'no' 'yes' 'no' 'yes' 'no' 'no' 'no' 'no' 'no']
['no' 'no' 'no' 'no' 'no' 'no' 'no' 'no' 'no' 'no']
43, 260, 61
46, 270, 53
46, 280, 57
47, 290, 57
48, 300, 58
49, 310, 59
['yes' 'yes' 'yes' 'no' 'yes' 'no' 'no' 'no' 'yes' 'no']
['no' 'no' 'no' 'no' 'no' 'no' 'no' 'yes' 'no' 'no']
46, 310, 59
47, 320, 54
47, 330, 58
49, 340, 55
52, 350, 58
53, 360, 62
['no' 'yes' 'no' 'no' 'no' 'yes' 'no' 'yes' 'no' 'no']
['no' 'no' 'no' 'no' 'no' 'no' 'no' 'no' 'no' 'no']
47, 360, 62
47, 370, 55
50, 380, 54
51, 390, 57
51, 400, 58
52, 410, 59
['no' 'no' 'no' 'no' 'no' 'no' 'no' 'yes' 'no' 'no']
['no' 'no' 'no' 'no' 'no' 'no' 'no' 'no' 'no' 'no']
43, 410, 59
43, 420, 51
45, 430, 49
45, 440, 52
47, 450, 52
47, 460, 56
['no' 'no' 'no' 'no' 'no' 'yes' 'yes' 'yes']
['no' 'no' 'no' 'no' 'no' 'no' 'no' 'yes' 'no' 'yes']
45, 460, 56
46, 470, 51
47, 480, 53
48, 490, 53
49, 500, 56
52, 510, 55
['no' 'no' 'no' 'yes' 'no' 'yes' 'no' 'no']
['no' 'no' 'no' 'no' 'no' 'no' 'no' 'no' 'no' 'no']
45, 510, 55
46, 520, 49
46, 530, 51
46, 540, 51
46, 550, 51
50, 560, 52
['no' 'no' 'no' 'no' 'no']
['no' 'no' 'no' 'no' 'no' 'no' 'no' 'no' 'no' 'no']
['no' 'no' 'no' 'no' 'no']
['no' 'no' 'no' 'no' 'no' 'no' 'no' 'no' 'no' 'no']
{'count': 742, 'truepos': 40, 'falseneg': 3, 'unknownyes': 5, 'falsepos': 6, 'unique': 560}
25: Danijel.csv: machine2: 0, 0
5, 10
6, 20, 115
9, 30, 99
11, 40, 104
15, 50, 99
18, 60, 90
['yes' 'no' 'no' 'yes' 'yes' 'yes' 'no' 'yes' 'yes' 'no']
[]
16, 60, 90
20, 70, 83
22, 80, 82
23, 90, 69
28, 100, 64
30, 110, 76
['no' 'no' 'yes' 'no' 'yes' 'no' 'yes' 'yes' 'yes' 'yes']
['no' 'no' 'no' 'no' 'no' 'no' 'no' 'no' 'no' 'no']
27, 110, 76
27, 120, 57
31, 130, 51
32, 140, 53
34, 150, 52
37, 160, 54
['no' 'no' 'no' 'no' 'yes' 'yes' 'no' 'yes' 'no' 'yes']
['no' 'no' 'no' 'no' 'no' 'no' 'no' 'no' 'no' 'no']
35, 160, 54
39, 170, 48
41, 180, 53
44, 190, 54
47, 200, 59
47, 210, 62
['yes' 'yes' 'yes' 'no' 'yes' 'no' 'yes' 'yes' 'yes' 'yes']
['no' 'no' 'no' 'no' 'yes' 'no' 'no' 'no' 'no' 'no']
47, 210, 62
48, 220, 59
49, 230, 59
50, 240, 61
51, 250, 64
52, 260, 65
['no' 'no' 'no' 'yes' 'no' 'yes' 'no' 'no' 'no' 'yes']
['no' 'yes' 'no' 'no' 'no' 'no' 'no' 'no' 'no' 'no']
46, 260, 65
46, 270, 54
49, 280, 55
49, 290, 60
49, 300, 59
50, 310, 59
['no' 'yes' 'no' 'no' 'no' 'no' 'yes' 'yes' 'no' 'no']
['no' 'no' 'no' 'no' 'no' 'no' 'no' 'no' 'no' 'no']
46, 310, 59
46, 320, 55
47, 330, 54
49, 340, 55
51, 350, 58
53, 360, 59
['no' 'yes' 'no' 'yes' 'yes' 'no' 'no' 'yes' 'no' 'no']
['no' 'no' 'no' 'no' 'no' 'no' 'no' 'no' 'no' 'no']
48, 360, 59
50, 370, 59
53, 380, 58
54, 390, 60
55, 400, 63
57, 410, 64
['no' 'yes' 'no' 'no' 'no' 'no' 'yes' 'no' 'no' 'no']
['no' 'no' 'no' 'no' 'no' 'no' 'no' 'no' 'no' 'no']
53, 410, 64
54, 420, 60
56, 430, 62
57, 440, 66
57, 450, 66
57, 460, 66
['no' 'no' 'no' 'no' 'no' 'no' 'no' 'yes' 'no' 'yes']
['no' 'no' 'no' 'no' 'no' 'no' 'no' 'no' 'no' 'no']
51, 460, 66
53, 470, 58
55, 480, 61
56, 490, 65
56, 500, 69
56, 510, 65
['no' 'no' 'no' 'no' 'no' 'no' 'no' 'no' 'yes']
['no' 'no' 'no' 'no' 'no' 'no' 'no' 'no' 'no' 'no']
49, 510, 65
49, 520, 55
50, 530, 57
51, 540, 58
51, 550, 60
52, 560, 59
['no' 'no' 'no']
['no' 'no' 'no' 'no' 'no' 'no' 'no' 'no' 'no' 'no']
51, 560, 59
51, 570, 59
52, 580, 58
52, 590, 59
56, 600, 60
56, 610, 63
['no' 'no' 'no' 'no' 'no' 'no']
['no' 'no' 'no' 'no' 'no' 'no' 'yes' 'no' 'no' 'no']
51, 610, 63
53, 620, 57
53, 630, 60
54, 640, 62
56, 650, 62
57, 660, 63
['no' 'no' 'no' 'no' 'no' 'no' 'no']
['no' 'no' 'no' 'no' 'no' 'no' 'no' 'no' 'no' 'no']
52, 660, 63
52, 670, 59
52, 680, 59
54, 690, 58
55, 700, 59
58, 710, 63
['no' 'no' 'no' 'no' 'no' 'no' 'no' 'no']
['no' 'no' 'no' 'no' 'no' 'no' 'no' 'no' 'no' 'no']
53, 710, 63
53, 720, 59
54, 730, 59
54, 740, 58
54, 750, 58
55, 760, 60
['no' 'no']
['no' 'no' 'no' 'no' 'no' 'no' 'no' 'no' 'no' 'no']
53, 760, 60
54, 770, 59
54, 780, 60
55, 790, 59
56, 800, 59
58, 810, 61
['no' 'no' 'no' 'yes' 'no']
['no' 'no' 'no' 'no' 'no' 'no' 'no' 'no' 'no' 'no']
['no' 'yes' 'no' 'no' 'no']
['no' 'no' 'no' 'no' 'no' 'no' 'no' 'no' 'no' 'no']
{'count': 1161, 'truepos': 39, 'falseneg': 5, 'unknownyes': 4, 'falsepos': 17, 'unique': 810}
25: Danijel.csv: machine3: 0, 0
4, 10
4, 20, 126
5, 30, 92
7, 40, 65
9, 50, 71
11, 60, 63
null
[]
16, 70, 61
16, 80, 81
17, 90, 59
19, 100, 54
19, 110, 59
19, 120, 48
null
[]
20, 130, 46
22, 140, 45
24, 150, 45
24, 160, 47
26, 170, 44
28, 180, 46
null
[]
28, 190, 47
29, 200, 45
29, 210, 45
29, 220, 44
29, 230, 44
29, 240, 44
null
[]
29, 250, 44
29, 260, 44
30, 270, 44
30, 280, 42
30, 290, 42
32, 300, 39
null
['no' 'no' 'yes' 'no' 'no' 'no' 'no' 'no' 'no' 'no']
33, 300, 39
33, 310, 42
33, 320, 45
33, 330, 41
34, 340, 43
34, 350, 47
null
['no' 'no' 'no' 'no' 'no' 'no' 'yes' 'no' 'no' 'no']
35, 350, 47
35, 360, 44
35, 370, 44
35, 380, 44
35, 390, 44
35, 400, 42
null
['yes' 'no' 'no' 'no' 'no' 'no' 'no' 'no' 'no' 'no']
36, 400, 42
36, 410, 45
36, 420, 42
36, 430, 43
36, 440, 43
36, 450, 42
null
['no' 'no' 'no' 'no' 'no' 'yes' 'no' 'no' 'no' 'no']
37, 450, 42
38, 460, 42
39, 470, 45
40, 480, 45
41, 490, 48
41, 500, 53
null
['no' 'no' 'no' 'no' 'no' 'no' 'no' 'no' 'yes' 'no']
42, 500, 53
42, 510, 50
43, 520, 47
43, 530, 50
43, 540, 50
43, 550, 52
null
['no' 'no' 'no' 'no' 'no' 'no' 'yes' 'no' 'no' 'no']
44, 550, 52
44, 560, 50
44, 570, 51
44, 580, 51
44, 590, 51
44, 600, 49
null
['no' 'no' 'no' 'no' 'no' 'no' 'no' 'no' 'no' 'no']
44, 600, 49
44, 610, 49
44, 620, 48
44, 630, 52
44, 640, 48
44, 650, 50
null
['no' 'no' 'no' 'no' 'no' 'no' 'no' 'no' 'no' 'no']
45, 650, 50
45, 660, 49
45, 670, 50
45, 680, 49
46, 690, 50
46, 700, 51
null
['no' 'no' 'no' 'no' 'no' 'no' 'no' 'no' 'no' 'no']
46, 700, 51
47, 710, 50
47, 720, 53
47, 730, 51
47, 740, 51
47, 750, 51
null
['no' 'no' 'no' 'no' 'no' 'no' 'no' 'no' 'no' 'no']
47, 750, 51
47, 760, 52
47, 770, 51
47, 780, 51
48, 790, 50
48, 800, 52
null
['no' 'no' 'no' 'no' 'no' 'no' 'no' 'no' 'no' 'no']
48, 800, 52
48, 810, 51
48, 820, 52
48, 830, 52
48, 840, 52
48, 850, 51
null
['no' 'no' 'no' 'no' 'no' 'no' 'no' 'no' 'no' 'no']
50, 850, 51
50, 860, 53
null
['no' 'no' 'no' 'no' 'no' 'no' 'no' 'no' 'no' 'no']
{'count': 1125, 'truepos': 41, 'falseneg': 4, 'unknownyes': 3, 'falsepos': 10, 'unique': 860}
25: K_all3.csv: none: 0, 0
1, 10
2, 20, 92
3, 30, 64
4, 40, 51
7, 50, 46
9, 60, 49
12, 70, 48
13, 80, 48
15, 90, 45
19, 100, 49
24, 110, 58
24, 120, 57
26, 130, 51
27, 140, 50
28, 150, 50
31, 160, 48
33, 170, 45
36, 180, 48
39, 190, 48
42, 200, 53
42, 210, 56
44, 220, 50
45, 230, 51
45, 240, 51
46, 250, 54
48, 260, 52
51, 270, 52
52, 280, 57
53, 290, 57
56, 300, 59
57, 310, 60
59, 320, 62
60, 330, 64
63, 340, 64
63, 350, 67
65, 360, 67
68, 370, 70
68, 380, 73
69, 390, 72
{'count': 390, 'truepos': 33, 'falseneg': 3, 'unknownyes': 9, 'falsepos': 36, 'unique': 390}
25: K_all3.csv: three: 0, 0
1, 10
3, 20, 92
4, 30, 67
7, 40, 60
9, 50, 67
10, 60, 55
12, 70, 50
12, 80, 42
12, 90, 39
13, 100, 37
14, 110, 39
15, 120, 39
17, 130, 40
17, 140, 41
18, 150, 39
21, 160, 39
25, 170, 42
27, 180, 47
29, 190, 48
30, 200, 49
31, 210, 40
31, 220, 39
31, 230, 41
32, 240, 37
32, 250, 43
32, 260, 38
33, 270, 38
34, 280, 40
34, 290, 43
35, 300, 41
37, 310, 43
38, 320, 46
39, 330, 48
39, 340, 46
39, 350, 44
39, 360, 44
39, 370, 44
39, 380, 42
41, 390, 42
41, 400, 44
41, 410, 46
41, 420, 45
44, 430, 46
45, 440, 47
46, 450, 48
48, 460, 49
48, 470, 51
{'count': 1031, 'truepos': 37, 'falseneg': 0, 'unknownyes': 8, 'falsepos': 11, 'unique': 470}
25: K_all3.csv: machine: 0, 0
2, 10
3, 20, 70
4, 30, 65
6, 40, 58
8, 50, 55
9, 60, 50
['yes' 'no' 'yes' 'no' 'yes' 'no' 'yes' 'yes' 'no']
[]
6, 60, 50
6, 70, 44
7, 80, 40
10, 90, 40
12, 100, 47
17, 110, 47
['yes' 'no' 'yes' 'no' 'no' 'no' 'yes' 'yes' 'no' 'yes']
['no']
12, 110, 47
14, 120, 44
16, 130, 45
17, 140, 46
19, 150, 45
20, 160, 46
['no' 'no' 'no' 'no' 'yes' 'yes' 'no' 'yes' 'yes']
['no']
16, 160, 46
17, 170, 43
20, 180, 43
22, 190, 47
25, 200, 47
25, 210, 50
['no' 'no' 'yes' 'no' 'no' 'no' 'no' 'yes' 'yes' 'yes']
['no']
18, 210, 50
19, 220, 42
19, 230, 43
22, 240, 42
23, 250, 46
24, 260, 45
['no' 'no' 'yes' 'no' 'no' 'yes']
['no']
21, 260, 45
22, 270, 44
23, 280, 44
24, 290, 44
27, 300, 45
29, 310, 47
['no' 'no' 'no' 'no' 'no' 'no' 'no' 'yes']
[]
22, 310, 47
24, 320, 43
25, 330, 44
27, 340, 44
28, 350, 45
28, 360, 46
['no' 'yes' 'no' 'no' 'no' 'yes']
[]
24, 360, 46
25, 370, 44
26, 380, 44
26, 390, 45
27, 400, 44
28, 410, 45
['no' 'no' 'no' 'no']
['no' 'no']
25, 410, 45
28, 420, 44
28, 430, 46
29, 440, 46
30, 450, 46
32, 460, 38
['no' 'no' 'no' 'no' 'no' 'no' 'no']
['no' 'no' 'no' 'no' 'no' 'no' 'no' 'no' 'no' 'no']
27, 460, 38
28, 470, 43
31, 480, 44
33, 490, 36
35, 500, 40
36, 510, 41
['no' 'yes' 'yes' 'yes' 'yes' 'no' 'no' 'no' 'yes' 'no']
['no' 'no' 'no' 'no' 'no' 'no' 'no' 'yes' 'no' 'no']
29, 510, 41
29, 520, 45
29, 530, 45
31, 540, 44
32, 550, 35
32, 560, 35
['no' 'yes' 'yes']
['no' 'no' 'no' 'no' 'no' 'no' 'no' 'no' 'no' 'no']
32, 560, 35
33, 570, 36
33, 580, 37
34, 590, 37
34, 600, 39
35, 610, 38
['no' 'no' 'no' 'no']
['no' 'no' 'no' 'no' 'no' 'no' 'no' 'no' 'no' 'no']
32, 610, 38
36, 620, 34
38, 630, 38
['no' 'no' 'no' 'no' 'yes' 'yes' 'no']
['no' 'no' 'no' 'no' 'no' 'no' 'no' 'no' 'no' 'no']
{'count': 779, 'truepos': 27, 'falseneg': 8, 'unknownyes': 10, 'falsepos': 6, 'unique': 630}
25: K_all3.csv: machine2: 0, 0
1, 10
3, 20, 92
4, 30, 65
7, 40, 53
12, 50, 57
13, 60, 60
['yes' 'yes' 'yes' 'yes' 'no' 'no' 'no' 'yes' 'yes' 'yes']
['no']
10, 60, 60
12, 70, 56
14, 80, 53
15, 90, 50
18, 100, 50
20, 110, 54
['yes' 'no' 'yes' 'yes' 'no' 'yes' 'no' 'no' 'yes' 'yes']
[]
16, 110, 54
19, 120, 50
23, 130, 55
24, 140, 60
25, 150, 57
26, 160, 55
['yes' 'no' 'no' 'no' 'yes' 'yes' 'no' 'yes' 'no' 'no']
['no' 'no' 'no']
20, 160, 55
21, 170, 45
26, 180, 44
29, 190, 51
30, 200, 54
32, 210, 42
['no' 'no' 'yes' 'yes' 'no' 'no' 'no' 'no' 'no' 'yes']
['no' 'no' 'no' 'no' 'no' 'no' 'no' 'no' 'no' 'no']
27, 210, 42
29, 220, 49
29, 230, 50
30, 240, 48
31, 250, 39
33, 260, 42
['no' 'no' 'yes' 'no' 'no' 'yes' 'no' 'no' 'no' 'yes']
['no' 'no' 'no' 'no' 'no' 'no' 'no' 'no' 'no' 'no']
27, 260, 42
30, 270, 45
31, 280, 38
32, 290, 39
34, 300, 39
34, 310, 42
['no' 'no' 'yes' 'yes' 'yes' 'no' 'yes' 'no' 'yes' 'yes']
['no' 'no' 'no' 'no' 'no' 'no' 'no' 'no' 'no' 'no']
31, 310, 42
32, 320, 35
33, 330, 35
33, 340, 37
34, 350, 36
37, 360, 37
['yes' 'yes' 'no' 'no' 'no' 'no' 'no']
['no' 'yes' 'no' 'no' 'no' 'no' 'no' 'no' 'yes' 'no']
['yes' 'no' 'no' 'no' 'no' 'no' 'yes']
['no' 'yes' 'no' 'no' 'no' 'no' 'no' 'no' 'no' 'no']
{'count': 505, 'truepos': 31, 'falseneg': 5, 'unknownyes': 9, 'falsepos': 3, 'unique': 360}
25: K_all3.csv: machine3: 0, 0
1, 10
2, 20, 91
3, 30, 62
5, 40, 49
8, 50, 54
10, 60, 57
null
[]
12, 70, 55
15, 80, 45
17, 90, 51
20, 100, 48
22, 110, 51
23, 120, 49
null
['no' 'no']
23, 120, 49
24, 130, 48
24, 140, 47
24, 150, 46
24, 160, 45
25, 170, 44
null
['no' 'no']
25, 170, 44
26, 180, 45
26, 190, 45
27, 200, 44
27, 210, 45
28, 220, 44
null
[]
28, 230, 45
29, 240, 45
29, 250, 45
29, 260, 45
29, 270, 45
29, 280, 45
null
[]
30, 290, 45
32, 300, 38
32, 310, 40
32, 320, 38
33, 330, 37
33, 340, 38
null
['no' 'no' 'no' 'no' 'no' 'no' 'no' 'no' 'no' 'no']
33, 340, 38
34, 350, 37
35, 360, 38
35, 370, 39
36, 380, 38
36, 390, 39
null
['no' 'no' 'no' 'no' 'no' 'no' 'no' 'no' 'no' 'no']
36, 390, 39
36, 400, 39
37, 410, 39
37, 420, 39
37, 430, 39
38, 440, 40
null
['no' 'no' 'no' 'no' 'no' 'no' 'no' 'no' 'no' 'no']
null
['no' 'no' 'no' 'no' 'no' 'no' 'no' 'no' 'no' 'no']
{'count': 562, 'truepos': 33, 'falseneg': 1, 'unknownyes': 11, 'falsepos': 6, 'unique': 440}

------------------------------------------------------------
Sender: LSF System <lsfadmin@n2e1-5>
Subject: Job 266965: </share/tjmenzie/zyu9/miniconda2/bin/python2.7 runner.py error_hpcc 25> Done

Job </share/tjmenzie/zyu9/miniconda2/bin/python2.7 runner.py error_hpcc 25> was submitted from host <login01.hpc.ncsu.edu> by user <zyu9> in cluster <henry2>.
Job was executed on host(s) <2*n2e1-5>, in queue <single_chassis>, as user <zyu9> in cluster <henry2>.
</home/zyu9> was used as the home directory.
</home/zyu9/projects/MAR_HPC/Error/src> was used as the working directory.
Started at Tue Oct 17 11:28:46 2017
Results reported at Tue Oct 17 18:50:04 2017

Your job looked like:

------------------------------------------------------------
# LSBATCH: User input
/share/tjmenzie/zyu9/miniconda2/bin/python2.7 runner.py error_hpcc 25
------------------------------------------------------------

Successfully completed.

Resource usage summary:

    CPU time   :  29069.24 sec.
    Max Memory :       211 MB
    Max Swap   :      1229 MB

    Max Processes  :         3
    Max Threads    :         8

The output (if any) is above this job summary.



PS:

Read file <./err/25.err.266965> for stderr output of this job.

