26: Hall.csv: none: 0, 0
8, 10
11, 20, 125
12, 30, 128
12, 40, 132
16, 50, 116
20, 60, 112
26, 70, 79
30, 80, 83
33, 90, 80
39, 100, 84
43, 110, 89
47, 120, 90
50, 130, 88
56, 140, 84
60, 150, 83
64, 160, 83
65, 170, 93
69, 180, 90
73, 190, 89
76, 200, 99
80, 210, 92
84, 220, 94
89, 230, 98
91, 240, 106
94, 250, 106
95, 260, 113
95, 270, 111
95, 280, 109
98, 290, 107
100, 300, 113
100, 310, 115
100, 320, 113
100, 330, 115
101, 340, 113
101, 350, 113
101, 360, 115
101, 370, 111
102, 380, 111
102, 390, 113
102, 400, 111
102, 410, 112
102, 420, 111
102, 430, 110
102, 440, 110
102, 450, 109
102, 460, 110
102, 470, 108
102, 480, 109
102, 490, 108
{'count': 490, 'truepos': 102, 'falseneg': 0, 'correction': 0, 'unknownyes': 2, 'falsepos': 0, 'unique': 490}
26: Hall.csv: three: 0, 0
8, 10
11, 20, 123
11, 30, 124
14, 40, 119
16, 50, 118
19, 60, 115
22, 70, 110
28, 80, 70
34, 90, 74
37, 100, 83
42, 110, 77
46, 120, 81
50, 130, 84
55, 140, 91
59, 150, 99
63, 160, 90
68, 170, 93
73, 180, 88
76, 190, 95
80, 200, 95
82, 210, 104
83, 220, 97
84, 230, 97
85, 240, 100
88, 250, 98
92, 260, 98
94, 270, 104
97, 280, 106
98, 290, 111
98, 300, 110
98, 310, 110
98, 320, 111
100, 330, 108
101, 340, 109
101, 350, 114
101, 360, 112
101, 370, 112
101, 380, 109
101, 390, 112
101, 400, 109
101, 410, 109
101, 420, 111
102, 430, 111
102, 440, 111
102, 450, 110
102, 460, 110
102, 470, 110
102, 480, 108
{'count': 960, 'truepos': 102, 'falseneg': 0, 'correction': 0, 'unknownyes': 2, 'falsepos': 0, 'unique': 480}
26: Hall.csv: machine: 0, 0
8, 10
12, 20, 124
12, 30, 142
14, 40, 129
17, 50, 134
19, 60, 128
21, 70, 118
27, 80, 74
32, 90, 76
36, 100, 81
40, 110, 82
44, 120, 85
44, 120, 85
46, 130, 82
50, 140, 80
56, 150, 79
62, 160, 90
66, 170, 93
66, 170, 93
69, 180, 100
72, 190, 95
74, 200, 106
78, 210, 93
82, 220, 95
82, 220, 95
83, 230, 99
86, 240, 98
87, 250, 109
93, 260, 100
95, 270, 108
95, 270, 108
95, 280, 115
97, 290, 110
98, 300, 111
99, 310, 111
99, 320, 112
99, 320, 112
99, 330, 113
100, 340, 110
100, 350, 114
101, 360, 111
101, 370, 112
101, 370, 112
102, 380, 112
102, 390, 113
102, 400, 112
102, 410, 113
102, 420, 109
102, 420, 109
102, 430, 111
102, 440, 110
102, 450, 109
102, 460, 111
102, 470, 109
102, 470, 109
102, 480, 108
102, 490, 108
102, 500, 108
102, 510, 108
{'count': 664, 'truepos': 102, 'falseneg': 0, 'correction': 0, 'unknownyes': 2, 'falsepos': 0, 'unique': 510}
26: Hall.csv: knee: 0, 0
8, 10
10, 20
10, 30
12, 40
15, 50
20, 60
25, 70
29, 80
34, 90
39, 100
43, 110
47, 120
55, 130
59, 140
62, 150
65, 160
70, 170
75, 180
79, 190
80, 200
82, 210
82, 220
85, 230
88, 240
92, 250
94, 260
94, 270
94, 280
95, 290
98, 300
98, 310
98, 320
100, 330
100, 340
101, 350
101, 360
101, 370
101, 380
101, 390
101, 400
101, 410
101, 420
101, 430
102, 440
102, 450
102, 460
102, 470
102, 480
{'count': 648, 'truepos': 102, 'falseneg': 0, 'correction': 0, 'unknownyes': 2, 'falsepos': 0, 'unique': 480}
26: Wahono.csv: none: 0, 0
6, 10
7, 20, 99
9, 30, 103
9, 40, 106
12, 50, 76
14, 60, 70
16, 70, 62
16, 80, 60
18, 90, 51
22, 100, 48
25, 110, 46
27, 120, 49
31, 130, 54
31, 140, 71
33, 150, 65
33, 160, 66
35, 170, 57
37, 180, 61
39, 190, 63
39, 200, 66
39, 210, 70
39, 220, 59
39, 230, 63
39, 240, 56
40, 250, 59
41, 260, 59
42, 270, 59
45, 280, 64
46, 290, 63
47, 300, 71
47, 310, 65
48, 320, 63
48, 330, 68
48, 340, 65
50, 350, 62
51, 360, 64
51, 370, 65
51, 380, 66
51, 390, 69
51, 400, 63
52, 410, 65
52, 420, 64
52, 430, 63
52, 440, 64
52, 450, 67
53, 460, 62
54, 470, 62
54, 480, 63
54, 490, 66
54, 500, 64
56, 510, 62
57, 520, 67
58, 530, 70
58, 540, 70
58, 550, 69
58, 560, 68
58, 570, 70
58, 580, 68
58, 590, 68
58, 600, 67
58, 610, 68
58, 620, 68
58, 630, 70
58, 640, 68
58, 650, 68
58, 660, 66
58, 670, 67
58, 680, 65
58, 690, 66
58, 700, 67
58, 710, 65
58, 720, 65
58, 730, 66
58, 740, 66
58, 750, 65
58, 760, 66
58, 770, 64
58, 780, 65
58, 790, 64
58, 800, 64
58, 810, 65
58, 820, 65
58, 830, 64
58, 840, 64
59, 850, 64
59, 860, 65
59, 870, 64
59, 880, 65
59, 890, 66
59, 900, 65
59, 910, 64
59, 920, 64
59, 930, 64
59, 940, 65
59, 950, 64
59, 960, 64
59, 970, 65
59, 980, 64
59, 990, 63
59, 1000, 64
59, 1010, 64
59, 1020, 64
60, 1030, 63
60, 1040, 64
60, 1050, 64
60, 1060, 64
60, 1070, 64
{'count': 1070, 'truepos': 60, 'falseneg': 0, 'correction': 0, 'unknownyes': 2, 'falsepos': 0, 'unique': 1070}
26: Wahono.csv: three: 0, 0
6, 10
7, 20, 104
9, 30, 98
10, 40, 101
11, 50, 99
13, 60, 85
17, 70, 73
19, 80, 73
22, 90, 68
25, 100, 53
26, 110, 58
28, 120, 49
30, 130, 52
33, 140, 57
34, 150, 60
34, 160, 62
34, 170, 58
34, 180, 58
34, 190, 54
36, 200, 52
37, 210, 63
38, 220, 57
40, 230, 55
40, 240, 56
41, 250, 57
41, 260, 62
42, 270, 55
42, 280, 61
43, 290, 56
44, 300, 56
44, 310, 62
45, 320, 55
45, 330, 61
45, 340, 59
46, 350, 57
46, 360, 61
46, 370, 60
46, 380, 61
47, 390, 58
49, 400, 58
49, 410, 60
49, 420, 61
50, 430, 60
50, 440, 61
50, 450, 60
50, 460, 59
50, 470, 62
50, 480, 58
50, 490, 59
51, 500, 58
52, 510, 59
53, 520, 61
53, 530, 61
53, 540, 62
54, 550, 61
56, 560, 62
58, 570, 67
58, 580, 68
58, 590, 69
58, 600, 67
58, 610, 69
58, 620, 68
58, 630, 67
58, 640, 67
58, 650, 67
58, 660, 67
58, 670, 66
58, 680, 66
58, 690, 66
58, 700, 66
58, 710, 66
58, 720, 67
58, 730, 65
58, 740, 65
58, 750, 66
58, 760, 66
58, 770, 65
58, 780, 65
58, 790, 65
58, 800, 65
58, 810, 65
58, 820, 65
58, 830, 64
58, 840, 64
58, 850, 63
59, 860, 64
59, 870, 65
59, 880, 65
59, 890, 65
59, 900, 66
59, 910, 64
59, 920, 64
59, 930, 64
59, 940, 64
59, 950, 64
59, 960, 63
59, 970, 64
59, 980, 64
59, 990, 64
59, 1000, 63
59, 1010, 63
59, 1020, 64
59, 1030, 64
59, 1040, 64
59, 1050, 64
59, 1060, 64
59, 1070, 63
59, 1080, 64
59, 1090, 63
59, 1100, 63
59, 1110, 63
59, 1120, 63
59, 1130, 63
59, 1140, 63
59, 1150, 63
59, 1160, 63
59, 1170, 63
59, 1180, 63
59, 1190, 63
59, 1200, 63
59, 1210, 63
59, 1220, 63
59, 1230, 63
{'count': 2460, 'truepos': 59, 'falseneg': 0, 'correction': 0, 'unknownyes': 3, 'falsepos': 0, 'unique': 1230}
26: Wahono.csv: machine: 0, 0
6, 10
6, 20, 99
7, 30, 90
11, 40, 83
14, 50, 81
16, 60, 79
16, 60, 79
18, 70, 66
20, 80, 59
23, 90, 49
25, 100, 56
27, 110, 50
27, 110, 50
32, 120, 54
32, 130, 65
34, 140, 61
34, 150, 67
34, 160, 63
34, 160, 63
34, 170, 58
36, 180, 54
38, 190, 59
39, 200, 59
39, 210, 60
39, 210, 60
39, 220, 58
40, 230, 56
41, 240, 59
42, 250, 58
42, 260, 57
42, 260, 57
43, 270, 57
44, 280, 58
45, 290, 63
45, 300, 67
45, 310, 60
45, 310, 60
45, 320, 62
45, 330, 62
45, 340, 59
46, 350, 58
46, 360, 59
46, 360, 59
46, 370, 58
46, 380, 58
46, 390, 64
46, 400, 60
47, 410, 57
47, 410, 57
48, 420, 59
48, 430, 60
48, 440, 60
48, 450, 57
49, 460, 57
49, 460, 57
49, 470, 60
50, 480, 57
50, 490, 60
50, 500, 59
50, 510, 59
50, 510, 59
50, 520, 57
51, 530, 58
51, 540, 60
51, 550, 59
51, 560, 59
51, 560, 59
51, 570, 59
51, 580, 59
51, 590, 59
51, 600, 58
52, 610, 59
52, 610, 59
56, 620, 58
58, 630, 64
58, 640, 69
58, 650, 67
58, 660, 68
58, 660, 68
58, 670, 67
58, 680, 67
58, 690, 65
58, 700, 66
58, 710, 66
58, 710, 66
58, 720, 66
58, 730, 66
58, 740, 65
58, 750, 65
58, 760, 65
58, 760, 65
58, 770, 65
58, 780, 65
58, 790, 65
58, 800, 65
58, 810, 65
58, 810, 65
58, 820, 64
58, 830, 64
58, 840, 64
59, 850, 64
59, 860, 65
59, 860, 65
59, 870, 64
59, 880, 65
59, 890, 65
59, 900, 65
59, 910, 65
59, 910, 65
59, 920, 65
59, 930, 64
59, 940, 64
59, 950, 64
59, 960, 64
59, 960, 64
59, 970, 64
59, 980, 64
59, 990, 64
59, 1000, 64
59, 1010, 64
59, 1010, 64
59, 1020, 64
59, 1030, 63
59, 1040, 63
59, 1050, 64
59, 1060, 63
59, 1060, 63
59, 1070, 63
59, 1080, 63
59, 1090, 63
59, 1100, 63
59, 1110, 63
59, 1110, 63
59, 1120, 63
59, 1130, 63
59, 1140, 63
59, 1150, 63
59, 1160, 63
59, 1160, 63
59, 1170, 63
59, 1180, 63
{'count': 1737, 'truepos': 59, 'falseneg': 0, 'correction': 0, 'unknownyes': 3, 'falsepos': 0, 'unique': 1180}
26: Wahono.csv: knee: 0, 0
6, 10
7, 20
8, 30
11, 40
12, 50
13, 60
16, 70
19, 80
21, 90
23, 100
24, 110
27, 120
29, 130
31, 140
31, 150
32, 160
34, 170
34, 180
36, 190
37, 200
38, 210
39, 220
41, 230
42, 240
42, 250
43, 260
43, 270
44, 280
44, 290
45, 300
45, 310
47, 320
47, 330
47, 340
47, 350
47, 360
47, 370
47, 380
47, 390
48, 400
48, 410
49, 420
49, 430
49, 440
50, 450
50, 460
50, 470
50, 480
50, 490
50, 500
50, 510
51, 520
51, 530
51, 540
53, 550
53, 560
55, 570
55, 580
55, 590
55, 600
55, 610
56, 620
58, 630
58, 640
58, 650
58, 660
58, 670
58, 680
58, 690
58, 700
58, 710
58, 720
58, 730
58, 740
58, 750
59, 760
59, 770
59, 780
59, 790
59, 800
59, 810
59, 820
59, 830
59, 840
59, 850
59, 860
{'count': 1075, 'truepos': 59, 'falseneg': 0, 'correction': 0, 'unknownyes': 3, 'falsepos': 0, 'unique': 860}
26: Danijel.csv: none: 0, 0
4, 10
4, 20, 115
5, 30, 95
8, 40, 76
9, 50, 68
9, 60, 62
12, 70, 51
14, 80, 59
17, 90, 58
18, 100, 60
23, 110, 49
25, 120, 42
25, 130, 45
25, 140, 41
26, 150, 38
29, 160, 41
32, 170, 42
33, 180, 48
33, 190, 48
34, 200, 47
34, 210, 45
35, 220, 46
36, 230, 46
36, 240, 48
37, 250, 47
37, 260, 49
37, 270, 47
38, 280, 46
38, 290, 47
38, 300, 47
38, 310, 46
38, 320, 46
38, 330, 46
40, 340, 45
40, 350, 48
41, 360, 46
41, 370, 48
42, 380, 48
42, 390, 49
42, 400, 49
42, 410, 49
42, 420, 49
44, 430, 49
44, 440, 51
44, 450, 51
44, 460, 50
44, 470, 50
44, 480, 50
44, 490, 48
44, 500, 50
44, 510, 49
44, 520, 49
44, 530, 49
44, 540, 49
44, 550, 49
44, 560, 51
44, 570, 49
44, 580, 49
44, 590, 48
44, 600, 48
44, 610, 49
45, 620, 48
45, 630, 49
45, 640, 49
45, 650, 49
45, 660, 49
45, 670, 49
45, 680, 48
45, 690, 48
{'count': 690, 'truepos': 45, 'falseneg': 0, 'correction': 0, 'unknownyes': 3, 'falsepos': 0, 'unique': 690}
26: Danijel.csv: three: 0, 0
4, 10
4, 20, 124
7, 30, 89
8, 40, 85
12, 50, 70
13, 60, 70
16, 70, 63
19, 80, 66
23, 90, 68
25, 100, 51
27, 110, 50
28, 120, 55
28, 130, 52
29, 140, 49
29, 150, 47
30, 160, 44
30, 170, 46
30, 180, 46
32, 190, 44
33, 200, 48
36, 210, 45
36, 220, 48
37, 230, 49
37, 240, 50
38, 250, 49
39, 260, 49
39, 270, 50
41, 280, 49
41, 290, 52
41, 300, 50
41, 310, 49
41, 320, 49
41, 330, 49
41, 340, 51
41, 350, 52
41, 360, 51
42, 370, 48
42, 380, 50
42, 390, 50
42, 400, 49
42, 410, 49
43, 420, 48
44, 430, 50
44, 440, 51
44, 450, 51
44, 460, 49
44, 470, 49
44, 480, 51
44, 490, 49
44, 500, 51
44, 510, 49
44, 520, 50
44, 530, 49
44, 540, 49
44, 550, 49
45, 560, 49
45, 570, 49
45, 580, 49
45, 590, 49
45, 600, 49
45, 610, 48
45, 620, 49
45, 630, 48
45, 640, 49
45, 650, 49
45, 660, 49
45, 670, 49
45, 680, 49
45, 690, 48
45, 700, 48
45, 710, 48
45, 720, 48
45, 730, 49
45, 740, 49
45, 750, 48
45, 760, 48
45, 770, 48
{'count': 1540, 'truepos': 45, 'falseneg': 0, 'correction': 0, 'unknownyes': 3, 'falsepos': 0, 'unique': 770}
26: Danijel.csv: machine: 0, 0
4, 10
4, 20, 121
7, 30, 96
8, 40, 91
8, 50, 75
10, 60, 58
10, 60, 58
11, 70, 55
13, 80, 49
15, 90, 48
18, 100, 51
24, 110, 52
24, 110, 52
25, 120, 50
27, 130, 47
28, 140, 52
28, 150, 46
30, 160, 45
30, 160, 45
31, 170, 45
31, 180, 48
34, 190, 44
36, 200, 46
36, 210, 48
36, 210, 48
37, 220, 48
37, 230, 48
37, 240, 47
38, 250, 46
41, 260, 47
41, 260, 47
41, 270, 51
41, 280, 51
41, 290, 54
41, 300, 53
41, 310, 49
41, 310, 49
41, 320, 50
41, 330, 48
41, 340, 48
41, 350, 47
41, 360, 47
41, 360, 47
41, 370, 49
41, 380, 48
41, 390, 47
41, 400, 46
42, 410, 46
42, 410, 46
42, 420, 48
42, 430, 48
42, 440, 49
43, 450, 48
43, 460, 49
43, 460, 49
43, 470, 49
43, 480, 48
43, 490, 50
43, 500, 50
43, 510, 48
43, 510, 48
44, 520, 47
44, 530, 48
44, 540, 49
44, 550, 49
44, 560, 49
44, 560, 49
44, 570, 49
44, 580, 49
44, 590, 49
44, 600, 48
44, 610, 48
44, 610, 48
44, 620, 48
44, 630, 48
44, 640, 48
44, 650, 48
44, 660, 48
44, 670, 47
45, 680, 47
45, 690, 48
45, 700, 49
45, 710, 49
45, 720, 48
45, 720, 48
45, 730, 48
45, 740, 48
45, 750, 48
{'count': 1185, 'truepos': 45, 'falseneg': 0, 'correction': 0, 'unknownyes': 3, 'falsepos': 0, 'unique': 750}
26: Danijel.csv: knee: 0, 0
4, 10
4, 20
6, 30
10, 40
12, 50
16, 60
18, 70
19, 80
21, 90
24, 100
25, 110
27, 120
27, 130
29, 140
30, 150
31, 160
31, 170
31, 180
31, 190
31, 200
32, 210
34, 220
36, 230
39, 240
39, 250
39, 260
39, 270
40, 280
40, 290
40, 300
40, 310
40, 320
41, 330
42, 340
42, 350
42, 360
42, 370
42, 380
42, 390
42, 400
42, 410
42, 420
{'count': 624, 'truepos': 42, 'falseneg': 0, 'correction': 0, 'unknownyes': 6, 'falsepos': 0, 'unique': 420}
26: K_all3.csv: none: 0, 0
2, 10
5, 20, 72
6, 30, 61
11, 40, 54
13, 50, 64
15, 60, 59
18, 70, 59
20, 80, 59
21, 90, 37
22, 100, 36
22, 110, 35
22, 120, 34
24, 130, 32
25, 140, 35
26, 150, 41
27, 160, 37
28, 170, 36
28, 180, 39
30, 190, 36
30, 200, 39
30, 210, 37
31, 220, 36
31, 230, 36
31, 240, 37
31, 250, 36
31, 260, 36
31, 270, 35
31, 280, 36
31, 290, 37
33, 300, 34
34, 310, 37
34, 320, 37
35, 330, 37
36, 340, 38
36, 350, 40
36, 360, 39
36, 370, 38
37, 380, 39
37, 390, 39
38, 400, 39
{'count': 400, 'truepos': 38, 'falseneg': 0, 'correction': 0, 'unknownyes': 7, 'falsepos': 0, 'unique': 400}
26: K_all3.csv: three: 0, 0
2, 10
5, 20, 71
6, 30, 62
11, 40, 54
12, 50, 65
15, 60, 58
17, 70, 57
18, 80, 55
20, 90, 49
20, 100, 34
21, 110, 32
22, 120, 31
23, 130, 33
24, 140, 35
26, 150, 34
26, 160, 38
27, 170, 37
28, 180, 37
28, 190, 37
28, 200, 37
29, 210, 35
29, 220, 34
30, 230, 34
30, 240, 37
31, 250, 34
31, 260, 37
31, 270, 36
31, 280, 36
31, 290, 35
32, 300, 35
34, 310, 35
35, 320, 37
35, 330, 38
35, 340, 38
36, 350, 38
37, 360, 39
38, 370, 40
{'count': 740, 'truepos': 38, 'falseneg': 0, 'correction': 0, 'unknownyes': 7, 'falsepos': 0, 'unique': 370}
26: K_all3.csv: machine: 0, 0
2, 10
5, 20, 71
6, 30, 61
11, 40, 56
11, 50, 63
11, 60, 51
14, 70, 42
18, 80, 45
19, 90, 49
22, 100, 47
22, 110, 36
22, 120, 35
22, 120, 35
24, 130, 33
24, 140, 36
24, 150, 33
25, 160, 34
26, 170, 36
26, 170, 36
28, 180, 34
29, 190, 36
30, 200, 39
30, 210, 37
30, 220, 37
30, 220, 37
30, 230, 38
31, 240, 34
31, 250, 37
31, 260, 36
32, 270, 35
32, 270, 35
32, 280, 36
33, 290, 36
33, 300, 37
33, 310, 37
33, 320, 37
33, 320, 37
35, 330, 36
36, 340, 38
37, 350, 39
37, 360, 40
37, 370, 40
37, 370, 40
37, 380, 39
37, 390, 40
39, 400, 39
{'count': 616, 'truepos': 39, 'falseneg': 0, 'correction': 0, 'unknownyes': 6, 'falsepos': 0, 'unique': 400}
26: K_all3.csv: knee: 0, 0
2, 10
5, 20
6, 30
11, 40
13, 50
14, 60
18, 70
20, 80
21, 90
21, 100
22, 110
24, 120
24, 130
25, 140
27, 150
29, 160
29, 170
30, 180
30, 190
30, 200
30, 210
30, 220
31, 230
31, 240
31, 250
31, 260
32, 270
32, 280
32, 290
32, 300
{'count': 434, 'truepos': 32, 'falseneg': 0, 'correction': 0, 'unknownyes': 13, 'falsepos': 0, 'unique': 300}

------------------------------------------------------------
Sender: LSF System <lsfadmin@n3m3-3>
Subject: Job 629162: </share/tjmenzie/zyu9/miniconda2/bin/python2.7 runner.py error_hpcc 26> in cluster <henry2> Done

Job </share/tjmenzie/zyu9/miniconda2/bin/python2.7 runner.py error_hpcc 26> was submitted from host <login01.hpc.ncsu.edu> by user <zyu9> in cluster <henry2> at Tue Jan 30 18:08:16 2018.
Job was executed on host(s) <2*n3m3-3>, in queue <single_chassis>, as user <zyu9> in cluster <henry2> at Tue Jan 30 18:08:18 2018.
</home/zyu9> was used as the home directory.
</home/zyu9/projects/MAR_HPC/Error/src> was used as the working directory.
Started at Tue Jan 30 18:08:18 2018.
Terminated at Tue Jan 30 19:02:03 2018.
Results reported at Tue Jan 30 19:02:03 2018.

Your job looked like:

------------------------------------------------------------
# LSBATCH: User input
/share/tjmenzie/zyu9/miniconda2/bin/python2.7 runner.py error_hpcc 26
------------------------------------------------------------

Successfully completed.

Resource usage summary:

    CPU time :                                   4316.26 sec.
    Max Memory :                                 284.50 MB
    Average Memory :                             226.61 MB
    Total Requested Memory :                     -
    Delta Memory :                               -
    Max Swap :                                   1327 MB
    Max Processes :                              3
    Max Threads :                                8
    Run time :                                   3225 sec.
    Turnaround time :                            3227 sec.

The output (if any) is above this job summary.



PS:

Read file <./err/26.err.629162> for stderr output of this job.

