26: Hall.csv: none: 0, 0
6, 10
9, 20, 102
13, 30, 106
16, 40, 119
17, 50, 128
17, 60, 125
19, 70, 119
21, 80, 103
24, 90, 95
27, 100, 98
29, 110, 84
34, 120, 78
39, 130, 75
43, 140, 75
46, 150, 78
49, 160, 79
49, 170, 80
51, 180, 75
51, 190, 78
51, 200, 76
52, 210, 73
56, 220, 69
61, 230, 78
61, 240, 79
61, 250, 85
62, 260, 82
63, 270, 84
63, 280, 83
64, 290, 80
65, 300, 78
66, 310, 81
68, 320, 80
68, 330, 84
69, 340, 84
69, 350, 84
69, 360, 85
69, 370, 84
69, 380, 83
70, 390, 85
70, 400, 82
70, 410, 82
70, 420, 82
70, 430, 80
71, 440, 80
71, 450, 84
73, 460, 83
74, 470, 84
74, 480, 83
74, 490, 85
75, 500, 82
75, 510, 85
75, 520, 83
75, 530, 84
75, 540, 83
75, 550, 83
75, 560, 82
75, 570, 83
75, 580, 83
75, 590, 83
75, 600, 82
75, 610, 85
75, 620, 83
75, 630, 82
75, 640, 81
75, 650, 82
75, 660, 81
75, 670, 82
76, 680, 80
76, 690, 82
76, 700, 82
76, 710, 83
76, 720, 83
76, 730, 82
76, 740, 82
76, 750, 82
76, 760, 82
76, 770, 81
76, 780, 82
76, 790, 82
76, 800, 81
76, 810, 81
76, 820, 83
76, 830, 81
76, 840, 82
76, 850, 81
76, 860, 81
76, 870, 83
76, 880, 82
76, 890, 81
76, 900, 82
76, 910, 81
76, 920, 81
{'count': 920, 'truepos': 73, 'falseneg': 30, 'correction': 0, 'unknownyes': 1, 'falsepos': 3, 'unique': 920}
26: Hall.csv: three: 0, 0
6, 10
8, 20, 99
13, 30, 99
14, 40, 107
19, 50, 107
19, 60, 112
22, 70, 113
23, 80, 105
26, 90, 97
27, 100, 114
30, 110, 85
37, 120, 78
42, 130, 80
45, 140, 80
48, 150, 83
49, 160, 84
54, 170, 75
57, 180, 73
58, 190, 79
59, 200, 81
62, 210, 79
65, 220, 79
67, 230, 82
67, 240, 90
71, 250, 82
72, 260, 86
73, 270, 87
74, 280, 87
74, 290, 88
74, 300, 88
74, 310, 88
75, 320, 84
75, 330, 85
75, 340, 86
75, 350, 87
76, 360, 84
76, 370, 85
77, 380, 85
77, 390, 87
78, 400, 87
78, 410, 88
79, 420, 86
79, 430, 86
79, 440, 87
79, 450, 86
79, 460, 86
79, 470, 86
79, 480, 85
79, 490, 86
79, 500, 86
79, 510, 85
80, 520, 85
80, 530, 90
80, 540, 85
80, 550, 86
80, 560, 86
80, 570, 86
80, 580, 86
80, 590, 86
80, 600, 85
80, 610, 85
{'count': 1261, 'truepos': 80, 'falseneg': 22, 'correction': 35, 'unknownyes': 2, 'falsepos': 0, 'unique': 610}
26: Hall.csv: machine: 0, 0
4, 10
7, 20, 112
9, 30, 113
11, 40, 118
14, 50, 107
17, 60, 120
[]
['yes' 'no' 'no']
18, 60, 128
21, 70, 128
22, 80, 131
25, 90, 116
25, 100, 114
27, 110, 96
[]
['no' 'no' 'yes' 'no' 'yes' 'no']
28, 110, 98
31, 120, 101
38, 130, 78
44, 140, 79
48, 150, 81
51, 160, 85
['yes']
['no' 'no' 'no' 'no' 'yes' 'yes' 'no' 'yes' 'no' 'no' 'yes' 'no' 'no' 'no'
 'no' 'no' 'no' 'no' 'no' 'no' 'no' 'no' 'yes' 'no' 'no' 'no' 'no' 'no'
 'no' 'no' 'no' 'no' 'yes' 'no' 'no' 'yes' 'yes' 'no' 'no' 'no' 'no' 'yes'
 'no' 'no' 'yes' 'no' 'no' 'no' 'no' 'no']
58, 160, 85
60, 170, 100
64, 180, 99
68, 190, 97
70, 200, 97
72, 210, 97
['yes']
['no' 'no' 'no' 'no' 'yes' 'no' 'no' 'no' 'no' 'no' 'no' 'no' 'yes' 'no'
 'no' 'no' 'no' 'no' 'no' 'yes' 'no' 'no' 'no' 'no' 'no' 'no' 'no' 'no'
 'no' 'no' 'no' 'yes' 'no' 'no' 'no' 'no' 'no' 'no' 'no' 'no' 'no' 'no'
 'yes' 'no' 'no' 'no' 'no']
74, 210, 90
76, 220, 97
78, 230, 94
79, 240, 99
80, 250, 95
82, 260, 99
['yes']
['no' 'no' 'no' 'no' 'no' 'no' 'no' 'no' 'no' 'no' 'no' 'no' 'no' 'no'
 'no' 'no' 'no']
82, 260, 93
83, 270, 94
84, 280, 98
84, 290, 96
86, 300, 94
87, 310, 95
['yes']
['no' 'yes' 'yes' 'no' 'yes' 'no' 'no' 'no' 'no' 'no' 'no' 'yes' 'no' 'no']
90, 310, 96
91, 320, 104
91, 330, 104
91, 340, 107
91, 350, 102
91, 360, 101
['yes']
['no' 'no' 'no' 'no']
90, 360, 101
90, 370, 101
90, 380, 100
91, 390, 98
91, 400, 100
91, 410, 99
['no']
['no' 'no']
90, 410, 99
90, 420, 97
91, 430, 97
91, 440, 97
91, 450, 98
91, 460, 98
['yes']
['no' 'no' 'no' 'no']
91, 460, 96
91, 470, 97
91, 480, 98
91, 490, 96
{'count': 644, 'truepos': 91, 'falseneg': 11, 'correction': 16, 'unknownyes': 2, 'falsepos': 0, 'unique': 490}
26: Hall.csv: knee: 0, 0
5, 10
9, 20
10, 30
14, 40
16, 50
20, 60
21, 70
22, 80
26, 90
28, 100
31, 110
34, 120
40, 130
45, 140
47, 150
50, 160
51, 170
53, 180
54, 190
57, 200
58, 210
60, 220
60, 230
62, 240
62, 250
62, 260
62, 270
62, 280
64, 290
64, 300
64, 310
64, 320
65, 330
65, 340
65, 350
65, 360
66, 370
67, 380
67, 390
67, 400
67, 410
67, 420
67, 430
68, 440
70, 450
71, 460
71, 470
72, 480
72, 490
72, 500
72, 510
{'count': 682, 'truepos': 84, 'falseneg': 18, 'correction': 20, 'unknownyes': 2, 'falsepos': 0, 'unique': 510}
26: Wahono.csv: none: 0, 0
1, 10
2, 20, 130
4, 30, 66
6, 40, 53
7, 50, 50
8, 60, 47
8, 70, 45
8, 80, 42
8, 90, 41
8, 100, 42
9, 110, 42
11, 120, 43
11, 130, 46
11, 140, 45
11, 150, 45
11, 160, 45
12, 170, 45
12, 180, 47
12, 190, 46
13, 200, 47
14, 210, 48
15, 220, 48
15, 230, 48
15, 240, 48
15, 250, 48
16, 260, 48
17, 270, 48
17, 280, 48
19, 290, 48
19, 300, 50
20, 310, 48
22, 320, 49
23, 330, 51
23, 340, 51
24, 350, 50
24, 360, 51
24, 370, 50
25, 380, 50
27, 390, 50
27, 400, 51
27, 410, 49
27, 420, 48
27, 430, 48
28, 440, 48
30, 450, 48
30, 460, 48
30, 470, 43
30, 480, 43
30, 490, 42
30, 500, 43
30, 510, 42
30, 520, 41
30, 530, 41
30, 540, 40
30, 550, 41
30, 560, 39
30, 570, 39
30, 580, 40
30, 590, 39
30, 600, 41
30, 610, 40
30, 620, 39
30, 630, 40
30, 640, 38
30, 650, 39
30, 660, 37
30, 670, 39
30, 680, 37
30, 690, 37
30, 700, 38
30, 710, 36
30, 720, 38
31, 730, 36
32, 740, 38
33, 750, 39
33, 760, 41
34, 770, 41
34, 780, 41
34, 790, 42
34, 800, 43
35, 810, 41
35, 820, 43
35, 830, 42
35, 840, 42
35, 850, 43
35, 860, 42
35, 870, 42
35, 880, 42
35, 890, 42
35, 900, 42
35, 910, 42
35, 920, 42
35, 930, 42
35, 940, 41
35, 950, 41
35, 960, 41
35, 970, 40
35, 980, 40
35, 990, 41
35, 1000, 41
35, 1010, 40
35, 1020, 41
35, 1030, 41
35, 1040, 41
35, 1050, 41
35, 1060, 40
35, 1070, 40
35, 1080, 41
36, 1090, 39
36, 1100, 40
36, 1110, 41
36, 1120, 41
36, 1130, 41
36, 1140, 41
36, 1150, 40
36, 1160, 41
36, 1170, 40
36, 1180, 41
36, 1190, 40
36, 1200, 40
37, 1210, 40
37, 1220, 41
37, 1230, 42
37, 1240, 41
37, 1250, 42
37, 1260, 42
37, 1270, 42
37, 1280, 41
37, 1290, 41
37, 1300, 41
37, 1310, 41
37, 1320, 42
37, 1330, 42
37, 1340, 41
37, 1350, 41
38, 1360, 41
39, 1370, 42
40, 1380, 43
40, 1390, 44
40, 1400, 44
41, 1410, 44
41, 1420, 45
41, 1430, 45
41, 1440, 44
42, 1450, 45
42, 1460, 45
42, 1470, 46
42, 1480, 45
42, 1490, 45
42, 1500, 45
42, 1510, 45
42, 1520, 45
42, 1530, 45
42, 1540, 45
42, 1550, 45
42, 1560, 45
42, 1570, 45
42, 1580, 45
42, 1590, 45
43, 1600, 45
43, 1610, 46
43, 1620, 46
43, 1630, 46
43, 1640, 46
43, 1650, 46
{'count': 1650, 'truepos': 37, 'falseneg': 24, 'correction': 0, 'unknownyes': 1, 'falsepos': 6, 'unique': 1650}
26: Wahono.csv: three: 0, 0
5, 10
6, 20, 93
6, 30, 96
6, 40, 88
6, 50, 55
9, 60, 48
10, 70, 61
12, 80, 53
12, 90, 52
12, 100, 46
13, 110, 43
14, 120, 42
14, 130, 41
16, 140, 40
18, 150, 43
19, 160, 44
20, 170, 44
22, 180, 44
23, 190, 45
23, 200, 45
23, 210, 44
24, 220, 43
24, 230, 44
24, 240, 44
24, 250, 44
25, 260, 44
26, 270, 46
26, 280, 47
27, 290, 47
27, 300, 48
27, 310, 48
27, 320, 48
27, 330, 48
27, 340, 48
27, 350, 49
29, 360, 49
31, 370, 51
31, 380, 45
31, 390, 47
31, 400, 42
31, 410, 42
32, 420, 44
32, 430, 48
32, 440, 44
32, 450, 44
32, 460, 48
32, 470, 43
32, 480, 45
33, 490, 43
34, 500, 43
35, 510, 44
36, 520, 46
36, 530, 47
36, 540, 45
36, 550, 47
36, 560, 46
36, 570, 44
36, 580, 50
36, 590, 45
36, 600, 44
36, 610, 43
36, 620, 44
36, 630, 45
36, 640, 43
36, 650, 45
36, 660, 45
36, 670, 43
36, 680, 43
37, 690, 42
37, 700, 45
37, 710, 44
37, 720, 44
37, 730, 43
37, 740, 43
37, 750, 44
37, 760, 43
37, 770, 43
37, 780, 43
37, 790, 43
37, 800, 43
37, 810, 43
37, 820, 42
37, 830, 45
37, 840, 44
37, 850, 42
37, 860, 42
37, 870, 42
37, 880, 42
37, 890, 43
37, 900, 43
37, 910, 41
37, 920, 41
37, 930, 42
37, 940, 42
37, 950, 43
37, 960, 43
37, 970, 41
37, 980, 42
37, 990, 42
37, 1000, 41
37, 1010, 41
37, 1020, 41
37, 1030, 42
37, 1040, 41
37, 1050, 41
37, 1060, 41
37, 1070, 41
37, 1080, 42
37, 1090, 42
37, 1100, 41
37, 1110, 41
37, 1120, 41
37, 1130, 41
37, 1140, 40
37, 1150, 41
37, 1160, 41
37, 1170, 41
37, 1180, 40
38, 1190, 41
38, 1200, 42
38, 1210, 42
38, 1220, 43
38, 1230, 42
38, 1240, 42
38, 1250, 42
38, 1260, 41
38, 1270, 42
38, 1280, 41
38, 1290, 42
38, 1300, 41
38, 1310, 42
38, 1320, 41
38, 1330, 41
38, 1340, 41
38, 1350, 42
38, 1360, 41
38, 1370, 41
38, 1380, 41
38, 1390, 42
38, 1400, 41
38, 1410, 41
{'count': 2849, 'truepos': 38, 'falseneg': 21, 'correction': 21, 'unknownyes': 3, 'falsepos': 0, 'unique': 1410}
26: Wahono.csv: machine: 0, 0
3, 10
4, 20, 98
6, 30, 80
7, 40, 60
9, 50, 44
9, 60, 42
[]
['yes' 'yes' 'no']
10, 60, 38
11, 70, 42
11, 80, 42
11, 90, 40
11, 100, 40
11, 110, 41
[]
['no' 'no' 'no']
11, 110, 41
11, 120, 41
12, 130, 41
15, 140, 44
16, 150, 47
18, 160, 48
[]
['no' 'no' 'no' 'no' 'no']
18, 160, 48
18, 170, 48
18, 180, 47
18, 190, 47
18, 200, 47
18, 210, 47
[]
[]
18, 220, 47
19, 230, 48
19, 240, 49
19, 250, 49
19, 260, 49
19, 270, 49
[]
['no']
19, 270, 50
19, 280, 50
19, 290, 50
19, 300, 50
19, 310, 50
19, 320, 50
[]
[]
19, 330, 50
20, 340, 50
20, 350, 50
20, 360, 50
22, 370, 50
27, 380, 49
[]
['no' 'no' 'no' 'no' 'yes' 'no' 'no' 'no' 'no' 'no' 'no' 'no' 'no' 'no'
 'no' 'no' 'yes' 'no' 'no' 'no' 'no' 'no']
28, 380, 57
29, 390, 58
29, 400, 57
30, 410, 55
30, 420, 50
31, 430, 47
['yes']
['no' 'yes' 'no' 'no' 'no' 'no' 'no' 'yes' 'no' 'no' 'no' 'no' 'no' 'no'
 'no' 'no' 'no' 'no' 'no' 'no' 'no' 'no' 'no' 'no' 'no' 'no' 'no' 'no'
 'no' 'no' 'no' 'no']
32, 430, 45
32, 440, 49
32, 450, 48
32, 460, 46
32, 470, 45
33, 480, 43
['yes']
['no' 'no' 'no' 'no' 'no' 'no' 'no' 'no' 'no' 'no' 'no' 'no']
33, 480, 47
35, 490, 47
35, 500, 49
35, 510, 45
36, 520, 46
36, 530, 48
['yes']
['no' 'no' 'no' 'no' 'no' 'no' 'no' 'no' 'no' 'no' 'yes']
37, 530, 46
39, 540, 47
39, 550, 50
41, 560, 50
41, 570, 51
41, 580, 52
['no']
['no' 'yes' 'yes' 'yes' 'no' 'no' 'no' 'no' 'no' 'no' 'yes' 'no' 'no' 'no'
 'no' 'no' 'no']
43, 580, 51
43, 590, 53
43, 600, 52
43, 610, 51
43, 620, 53
43, 630, 51
['yes']
['no' 'no' 'no' 'no' 'no' 'no' 'no' 'no']
43, 630, 52
43, 640, 51
43, 650, 51
43, 660, 52
43, 670, 51
43, 680, 50
['yes']
['yes' 'no' 'no']
43, 680, 50
43, 690, 49
43, 700, 50
44, 710, 52
44, 720, 52
44, 730, 51
['no']
['no' 'no' 'no' 'no' 'no']
44, 730, 52
44, 740, 51
44, 750, 50
46, 760, 49
47, 770, 53
48, 780, 54
['yes']
['no' 'no' 'no' 'no' 'no' 'no' 'no' 'no' 'no' 'no' 'no' 'no' 'no' 'no'
 'no' 'no' 'no' 'no' 'no' 'no' 'no' 'no']
47, 780, 55
48, 790, 53
48, 800, 55
48, 810, 56
49, 820, 55
49, 830, 56
['yes']
['no' 'no' 'no' 'no' 'no' 'no' 'no']
48, 830, 57
48, 840, 55
48, 850, 54
48, 860, 54
48, 870, 54
48, 880, 55
['yes']
['no' 'no']
48, 880, 54
48, 890, 54
48, 900, 54
48, 910, 54
48, 920, 53
48, 930, 53
['yes']
[]
48, 930, 54
48, 940, 53
48, 950, 53
48, 960, 54
48, 970, 53
48, 980, 53
['no']
['no']
47, 980, 53
47, 990, 51
47, 1000, 52
47, 1010, 52
47, 1020, 52
47, 1030, 52
['yes']
[]
47, 1030, 52
47, 1040, 52
47, 1050, 52
47, 1060, 52
47, 1070, 52
47, 1080, 51
['yes']
['no']
47, 1080, 51
47, 1090, 51
47, 1100, 51
47, 1110, 51
47, 1120, 51
47, 1130, 52
['yes']
[]
47, 1130, 51
47, 1140, 51
47, 1150, 51
47, 1160, 51
47, 1170, 51
47, 1180, 51
['yes']
['no' 'no']
47, 1180, 51
47, 1190, 51
47, 1200, 50
47, 1210, 50
47, 1220, 50
47, 1230, 50
['yes']
[]
47, 1230, 51
47, 1240, 51
47, 1250, 51
47, 1260, 51
47, 1270, 51
47, 1280, 50
['yes']
['no']
47, 1280, 50
47, 1290, 50
47, 1300, 50
47, 1310, 51
47, 1320, 50
47, 1330, 50
['yes']
['no']
47, 1330, 50
47, 1340, 50
47, 1350, 50
47, 1360, 50
47, 1370, 50
47, 1380, 50
['yes']
[]
47, 1380, 50
47, 1390, 50
47, 1400, 50
47, 1410, 50
47, 1420, 50
47, 1430, 50
['yes']
[]
{'count': 1609, 'truepos': 47, 'falseneg': 13, 'correction': 11, 'unknownyes': 2, 'falsepos': 0, 'unique': 1430}
26: Wahono.csv: knee: 0, 0
4, 10
4, 20
6, 30
9, 40
9, 50
12, 60
14, 70
15, 80
15, 90
17, 100
18, 110
19, 120
19, 130
19, 140
19, 150
19, 160
19, 170
19, 180
19, 190
{'count': 291, 'truepos': 24, 'falseneg': 2, 'correction': 5, 'unknownyes': 36, 'falsepos': 0, 'unique': 190}
26: Danijel.csv: none: 0, 0
1, 10
1, 20, 132
1, 30, 108
1, 40, 85
1, 50, 79
2, 60, 77
2, 70, 87
2, 80, 73
4, 90, 70
4, 100, 63
6, 110, 58
12, 120, 58
13, 130, 69
15, 140, 56
17, 150, 57
18, 160, 55
20, 170, 52
22, 180, 53
23, 190, 52
23, 200, 51
23, 210, 48
23, 220, 46
23, 230, 45
24, 240, 45
24, 250, 45
24, 260, 44
24, 270, 44
24, 280, 44
25, 290, 44
25, 300, 45
25, 310, 45
27, 320, 45
29, 330, 46
29, 340, 48
29, 350, 47
29, 360, 47
29, 370, 47
29, 380, 47
29, 390, 48
29, 400, 48
29, 410, 48
30, 420, 48
31, 430, 42
32, 440, 42
32, 450, 43
32, 460, 40
32, 470, 42
32, 480, 41
32, 490, 40
33, 500, 39
33, 510, 41
33, 520, 42
33, 530, 39
33, 540, 39
33, 550, 40
33, 560, 39
33, 570, 39
33, 580, 38
33, 590, 38
33, 600, 38
34, 610, 38
34, 620, 40
34, 630, 40
34, 640, 39
34, 650, 38
34, 660, 38
34, 670, 38
34, 680, 38
34, 690, 38
34, 700, 37
34, 710, 37
34, 720, 38
34, 730, 37
34, 740, 38
34, 750, 37
34, 760, 38
34, 770, 37
34, 780, 37
34, 790, 37
34, 800, 37
34, 810, 37
34, 820, 38
34, 830, 37
34, 840, 37
34, 850, 36
34, 860, 36
34, 870, 37
34, 880, 37
34, 890, 36
34, 900, 37
34, 910, 36
34, 920, 36
34, 930, 36
34, 940, 36
34, 950, 36
34, 960, 36
34, 970, 36
34, 980, 36
34, 990, 36
34, 1000, 36
34, 1010, 36
34, 1020, 36
34, 1030, 36
34, 1040, 36
34, 1050, 36
34, 1060, 36
{'count': 1060, 'truepos': 33, 'falseneg': 13, 'correction': 0, 'unknownyes': 2, 'falsepos': 1, 'unique': 1060}
26: Danijel.csv: three: 0, 0
2, 10
3, 20, 101
3, 30, 87
4, 40, 57
7, 50, 51
8, 60, 60
9, 70, 55
10, 80, 44
10, 90, 47
13, 100, 41
15, 110, 42
17, 120, 44
18, 130, 44
20, 140, 44
21, 150, 45
23, 160, 44
24, 170, 45
24, 180, 45
25, 190, 44
25, 200, 43
25, 210, 43
25, 220, 43
25, 230, 43
25, 240, 43
25, 250, 43
26, 260, 43
26, 270, 44
26, 280, 44
27, 290, 44
27, 300, 44
28, 310, 44
28, 320, 45
28, 330, 45
28, 340, 45
28, 350, 45
28, 360, 46
28, 370, 46
28, 380, 46
28, 390, 46
28, 400, 46
29, 410, 46
29, 420, 47
29, 430, 47
29, 440, 47
29, 450, 47
29, 460, 47
29, 470, 47
29, 480, 47
29, 490, 47
29, 500, 47
30, 510, 47
30, 520, 42
30, 530, 37
30, 540, 41
30, 550, 37
30, 560, 38
30, 570, 39
30, 580, 35
30, 590, 37
30, 600, 35
30, 610, 39
30, 620, 39
30, 630, 35
30, 640, 35
30, 650, 36
30, 660, 34
30, 670, 36
30, 680, 34
30, 690, 35
30, 700, 34
30, 710, 33
31, 720, 34
31, 730, 35
31, 740, 35
32, 750, 34
32, 760, 36
32, 770, 36
32, 780, 36
32, 790, 35
32, 800, 35
32, 810, 35
32, 820, 36
32, 830, 35
32, 840, 35
32, 850, 36
32, 860, 35
32, 870, 35
32, 880, 35
33, 890, 36
33, 900, 37
33, 910, 37
33, 920, 36
33, 930, 37
33, 940, 37
33, 950, 36
33, 960, 36
33, 970, 36
33, 980, 37
33, 990, 36
33, 1000, 36
33, 1010, 36
33, 1020, 36
33, 1030, 38
33, 1040, 38
33, 1050, 36
33, 1060, 36
33, 1070, 38
33, 1080, 35
33, 1090, 35
33, 1100, 36
33, 1110, 37
33, 1120, 37
33, 1130, 35
33, 1140, 36
33, 1150, 37
33, 1160, 36
33, 1170, 35
33, 1180, 36
33, 1190, 35
33, 1200, 36
33, 1210, 35
33, 1220, 35
33, 1230, 36
33, 1240, 35
33, 1250, 36
33, 1260, 36
33, 1270, 35
33, 1280, 35
33, 1290, 35
33, 1300, 35
33, 1310, 35
33, 1320, 35
33, 1330, 35
33, 1340, 35
33, 1350, 35
33, 1360, 35
33, 1370, 35
33, 1380, 35
33, 1390, 35
33, 1400, 35
33, 1410, 35
33, 1420, 35
33, 1430, 35
33, 1440, 35
33, 1450, 35
{'count': 2929, 'truepos': 33, 'falseneg': 13, 'correction': 25, 'unknownyes': 2, 'falsepos': 0, 'unique': 1450}
26: Danijel.csv: machine: 0, 0
2, 10
2, 20, 109
2, 30, 63
3, 40, 55
5, 50, 50
8, 60, 53
[]
['no' 'no' 'no' 'no' 'no' 'yes']
8, 60, 57
9, 70, 57
9, 80, 53
9, 90, 46
10, 100, 43
11, 110, 42
[]
['no' 'no' 'no' 'no' 'no' 'no']
11, 110, 46
11, 120, 46
12, 130, 44
14, 140, 41
16, 150, 46
18, 160, 45
[]
['no' 'no' 'yes' 'no' 'no' 'no' 'yes' 'no' 'yes' 'no' 'no' 'no']
19, 160, 47
21, 170, 47
22, 180, 48
23, 190, 46
25, 200, 46
25, 210, 47
[]
['yes' 'no' 'no' 'no' 'no' 'no' 'no' 'no']
25, 210, 46
25, 220, 46
26, 230, 45
27, 240, 45
27, 250, 46
27, 260, 46
[]
['no' 'no' 'no']
27, 260, 46
27, 270, 46
28, 280, 46
29, 290, 47
29, 300, 47
29, 310, 47
[]
['yes' 'no' 'no' 'no' 'no' 'no' 'no' 'no']
30, 310, 47
30, 320, 40
31, 330, 39
31, 340, 41
31, 350, 42
31, 360, 39
['no']
['no' 'no' 'no' 'no' 'no' 'no' 'yes' 'no' 'no' 'no' 'no' 'no' 'no' 'no'
 'no' 'no' 'no' 'no' 'yes' 'no' 'no' 'no' 'no' 'no' 'no' 'no' 'no' 'no'
 'no' 'no' 'no' 'no' 'no' 'no' 'no' 'no']
31, 360, 40
31, 370, 39
31, 380, 39
31, 390, 40
31, 400, 38
32, 410, 37
['yes']
['no' 'no' 'no' 'no' 'no' 'no' 'no' 'no' 'no' 'no' 'no']
32, 410, 40
32, 420, 39
32, 430, 39
32, 440, 38
33, 450, 39
34, 460, 40
['yes']
['no' 'no' 'no' 'no' 'no' 'no' 'no' 'no' 'no']
34, 460, 41
34, 470, 41
34, 480, 42
34, 490, 42
35, 500, 41
35, 510, 42
['yes']
['no' 'no' 'no' 'no' 'no' 'no']
35, 510, 41
35, 520, 43
35, 530, 42
35, 540, 43
35, 550, 42
35, 560, 41
['yes']
['no' 'no' 'no' 'no' 'no' 'no' 'no' 'no' 'no' 'no' 'no' 'no' 'no' 'no']
34, 560, 42
34, 570, 40
34, 580, 40
34, 590, 40
34, 600, 40
34, 610, 39
['no']
['no' 'no' 'no']
33, 610, 40
33, 620, 39
34, 630, 38
34, 640, 39
35, 650, 39
35, 660, 40
['yes']
['no' 'no' 'no' 'no' 'no' 'no' 'no' 'yes' 'no' 'no' 'no']
36, 660, 40
36, 670, 41
36, 680, 41
36, 690, 42
36, 700, 40
36, 710, 40
['yes']
['no' 'no']
36, 710, 40
36, 720, 40
36, 730, 40
36, 740, 40
36, 750, 40
36, 760, 40
['no']
[]
35, 760, 40
35, 770, 39
36, 780, 39
36, 790, 40
36, 800, 40
37, 810, 39
['no']
['no' 'no' 'no' 'no' 'no']
36, 810, 40
36, 820, 39
36, 830, 41
36, 840, 39
36, 850, 39
36, 860, 38
['yes']
['no' 'no' 'no']
36, 860, 39
36, 870, 39
36, 880, 39
36, 890, 39
36, 900, 39
36, 910, 38
['yes']
[]
36, 910, 38
36, 920, 38
36, 930, 39
36, 940, 39
36, 950, 39
36, 960, 38
['yes']
['no' 'no' 'no']
35, 960, 39
35, 970, 38
35, 980, 38
35, 990, 37
35, 1000, 37
35, 1010, 37
['yes']
['no' 'no']
35, 1010, 37
35, 1020, 37
35, 1030, 37
35, 1040, 37
35, 1050, 37
35, 1060, 37
['yes']
['yes']
36, 1060, 37
36, 1070, 38
36, 1080, 38
36, 1090, 38
36, 1100, 38
36, 1110, 39
['yes']
['no']
36, 1110, 38
36, 1120, 38
{'count': 1286, 'truepos': 36, 'falseneg': 10, 'correction': 9, 'unknownyes': 2, 'falsepos': 0, 'unique': 1120}
26: Danijel.csv: knee: 0, 0
1, 10
1, 20
1, 30
1, 40
1, 50
1, 60
3, 70
6, 80
7, 90
10, 100
10, 110
12, 120
14, 130
15, 140
20, 150
21, 160
22, 170
22, 180
22, 190
22, 200
22, 210
22, 220
{'count': 368, 'truepos': 30, 'falseneg': 3, 'correction': 9, 'unknownyes': 15, 'falsepos': 1, 'unique': 220}
26: K_all3.csv: none: 0, 0
2, 10
5, 20, 71
5, 30, 58
9, 40, 44
12, 50, 60
13, 60, 63
14, 70, 55
15, 80, 50
16, 90, 46
18, 100, 43
18, 110, 44
19, 120, 41
20, 130, 41
20, 140, 42
21, 150, 40
21, 160, 40
23, 170, 39
23, 180, 41
23, 190, 40
25, 200, 40
25, 210, 42
25, 220, 41
25, 230, 41
26, 240, 41
26, 250, 42
27, 260, 42
27, 270, 42
27, 280, 42
27, 290, 42
27, 300, 42
27, 310, 42
28, 320, 42
28, 330, 43
28, 340, 43
28, 350, 43
28, 360, 43
28, 370, 43
28, 380, 43
28, 390, 42
29, 400, 42
29, 410, 43
29, 420, 43
29, 430, 43
29, 440, 43
29, 450, 43
29, 460, 42
29, 470, 42
29, 480, 42
29, 490, 42
30, 500, 42
30, 510, 33
30, 520, 33
31, 530, 33
31, 540, 34
31, 550, 34
31, 560, 33
31, 570, 33
31, 580, 33
31, 590, 33
31, 600, 33
32, 610, 33
32, 620, 34
{'count': 620, 'truepos': 25, 'falseneg': 13, 'correction': 0, 'unknownyes': 7, 'falsepos': 7, 'unique': 620}
26: K_all3.csv: three: 0, 0
2, 10
5, 20, 71
5, 30, 62
7, 40, 48
9, 50, 47
10, 60, 43
12, 70, 40
13, 80, 43
14, 90, 41
14, 100, 40
14, 110, 37
17, 120, 36
17, 130, 40
18, 140, 38
18, 150, 39
18, 160, 38
18, 170, 38
18, 180, 38
19, 190, 38
19, 200, 38
20, 210, 38
23, 220, 39
23, 230, 42
23, 240, 41
24, 250, 40
26, 260, 41
26, 270, 43
28, 280, 42
28, 290, 45
28, 300, 44
28, 310, 44
28, 320, 44
29, 330, 43
29, 340, 44
29, 350, 44
29, 360, 44
29, 370, 44
29, 380, 44
29, 390, 43
29, 400, 43
29, 410, 43
30, 420, 43
30, 430, 37
32, 440, 34
32, 450, 38
32, 460, 39
32, 470, 37
32, 480, 36
32, 490, 35
32, 500, 35
33, 510, 35
33, 520, 35
33, 530, 36
33, 540, 35
33, 550, 35
33, 560, 35
33, 570, 36
{'count': 1171, 'truepos': 33, 'falseneg': 8, 'correction': 28, 'unknownyes': 4, 'falsepos': 0, 'unique': 570}
26: K_all3.csv: machine: 0, 0
2, 10
3, 20, 70
4, 30, 60
7, 40, 45
8, 50, 52
9, 60, 43
[]
['no' 'no' 'no' 'no' 'yes']
9, 60, 42
11, 70, 42
11, 80, 43
12, 90, 39
14, 100, 38
15, 110, 39
[]
['yes' 'no' 'yes' 'yes']
17, 110, 40
18, 120, 42
18, 130, 43
19, 140, 41
19, 150, 41
20, 160, 40
[]
['no' 'no' 'no' 'no']
20, 160, 41
21, 170, 41
21, 180, 41
22, 190, 40
22, 200, 41
24, 210, 40
[]
['no' 'no' 'no' 'no' 'no' 'no']
24, 210, 42
24, 220, 42
24, 230, 41
24, 240, 41
24, 250, 41
24, 260, 41
[]
['no']
24, 260, 41
24, 270, 41
25, 280, 40
25, 290, 42
25, 300, 41
25, 310, 41
[]
[]
25, 320, 41
25, 330, 41
25, 340, 41
25, 350, 41
25, 360, 41
25, 370, 41
[]
['no' 'no']
25, 370, 41
26, 380, 41
27, 390, 41
28, 400, 42
28, 410, 43
29, 420, 42
[]
['no' 'no' 'yes' 'no']
29, 420, 43
29, 430, 43
29, 440, 43
29, 450, 43
29, 460, 43
29, 470, 43
[]
[]
30, 480, 42
30, 490, 34
30, 500, 35
30, 510, 33
31, 520, 33
31, 530, 35
['no']
['no' 'yes' 'no' 'no' 'no' 'no' 'no' 'no' 'no' 'no' 'no' 'no' 'no' 'no'
 'no' 'no' 'no' 'no' 'no' 'yes' 'no' 'no' 'no' 'no' 'no' 'no' 'no' 'no'
 'no' 'no' 'no' 'no' 'yes' 'no' 'no' 'no' 'yes' 'no' 'no' 'no' 'no' 'no'
 'no' 'no' 'no' 'no' 'no' 'no' 'no' 'no']
34, 530, 34
34, 540, 39
34, 550, 37
34, 560, 37
34, 570, 36
36, 580, 37
['yes']
['no' 'no' 'no' 'no' 'no' 'no' 'no' 'no' 'no' 'no' 'no' 'yes' 'no' 'no'
 'no' 'no' 'no' 'no' 'no' 'no' 'no' 'no' 'no' 'no' 'no' 'no' 'no' 'no'
 'no' 'no' 'no' 'no']
37, 580, 40
37, 590, 40
37, 600, 41
37, 610, 40
37, 620, 39
37, 630, 39
['yes']
['no' 'no' 'no']
37, 630, 39
37, 640, 39
38, 650, 39
38, 660, 41
{'count': 774, 'truepos': 32, 'falseneg': 9, 'correction': 6, 'unknownyes': 4, 'falsepos': 6, 'unique': 660}
26: K_all3.csv: knee: 0, 0
1, 10
4, 20
9, 30
9, 40
10, 50
12, 60
12, 70
14, 80
14, 90
15, 100
16, 110
17, 120
17, 130
18, 140
20, 150
20, 160
22, 170
22, 180
22, 190
22, 200
23, 210
23, 220
23, 230
24, 240
24, 250
24, 260
24, 270
24, 280
24, 290
24, 300
24, 310
{'count': 460, 'truepos': 25, 'falseneg': 7, 'correction': 4, 'unknownyes': 13, 'falsepos': 3, 'unique': 310}

------------------------------------------------------------
Sender: LSF System <lsfadmin@n2e4-3>
Subject: Job 639687: </share/tjmenzie/zyu9/miniconda2/bin/python2.7 runner.py error_hpcc 26> in cluster <henry2> Done

Job </share/tjmenzie/zyu9/miniconda2/bin/python2.7 runner.py error_hpcc 26> was submitted from host <login01.hpc.ncsu.edu> by user <zyu9> in cluster <henry2> at Thu Feb  1 12:17:34 2018.
Job was executed on host(s) <2*n2e4-3>, in queue <single_chassis>, as user <zyu9> in cluster <henry2> at Thu Feb  1 12:17:40 2018.
</home/zyu9> was used as the home directory.
</home/zyu9/projects/MAR_HPC/Error/src> was used as the working directory.
Started at Thu Feb  1 12:17:40 2018.
Terminated at Thu Feb  1 13:36:27 2018.
Results reported at Thu Feb  1 13:36:27 2018.

Your job looked like:

------------------------------------------------------------
# LSBATCH: User input
/share/tjmenzie/zyu9/miniconda2/bin/python2.7 runner.py error_hpcc 26
------------------------------------------------------------

Successfully completed.

Resource usage summary:

    CPU time :                                   6006.04 sec.
    Max Memory :                                 279.46 MB
    Average Memory :                             226.40 MB
    Total Requested Memory :                     -
    Delta Memory :                               -
    Max Swap :                                   1305 MB
    Max Processes :                              3
    Max Threads :                                8
    Run time :                                   4727 sec.
    Turnaround time :                            4733 sec.

The output (if any) is above this job summary.



PS: The stderr output (if any) follows:



PS:

Fail to open stderr file ./err/26.err.639687: No such file or directory.
The stderr output is included in this report.

