26: Hall.csv: none: 0, 0
6, 10
12, 20, 102
13, 30, 115
13, 40, 116
16, 50, 112
18, 60, 114
18, 70, 107
22, 80, 92
28, 90, 64
31, 100, 76
33, 110, 75
34, 120, 67
38, 130, 66
39, 140, 70
40, 150, 71
44, 160, 68
44, 170, 73
46, 180, 64
47, 190, 73
50, 200, 70
55, 210, 66
57, 220, 70
57, 230, 72
58, 240, 69
59, 250, 69
60, 260, 67
62, 270, 67
62, 280, 69
62, 290, 74
62, 300, 70
62, 310, 72
63, 320, 70
63, 330, 73
64, 340, 69
65, 350, 70
66, 360, 75
66, 370, 77
67, 380, 72
67, 390, 75
67, 400, 74
67, 410, 74
67, 420, 74
67, 430, 75
68, 440, 75
68, 450, 74
68, 460, 73
68, 470, 73
68, 480, 74
68, 490, 75
68, 500, 73
68, 510, 72
68, 520, 73
68, 530, 73
68, 540, 72
{'count': 540, 'truepos': 67, 'falseneg': 34, 'correction': 0, 'unknownyes': 3, 'falsepos': 1, 'unique': 540}
26: Hall.csv: three: 0, 0
4, 10
6, 20, 103
9, 30, 100
13, 40, 103
14, 50, 116
16, 60, 107
18, 70, 101
20, 80, 101
24, 90, 67
28, 100, 72
32, 110, 71
34, 120, 78
36, 130, 80
40, 140, 75
41, 150, 78
44, 160, 72
46, 170, 75
46, 180, 76
51, 190, 71
54, 200, 82
58, 210, 76
59, 220, 89
64, 230, 85
68, 240, 81
69, 250, 93
71, 260, 90
73, 270, 91
73, 280, 96
73, 290, 91
75, 300, 94
75, 310, 92
75, 320, 95
75, 330, 94
76, 340, 94
77, 350, 90
77, 360, 98
78, 370, 91
78, 380, 93
79, 390, 93
79, 400, 92
79, 410, 99
79, 420, 96
79, 430, 94
79, 440, 93
79, 450, 92
80, 460, 96
80, 470, 92
80, 480, 92
80, 490, 90
80, 500, 91
80, 510, 93
80, 520, 91
80, 530, 92
80, 540, 89
80, 550, 89
80, 560, 89
80, 570, 88
80, 580, 88
80, 590, 87
80, 600, 88
80, 610, 87
80, 620, 88
80, 630, 88
80, 640, 88
80, 650, 86
80, 660, 86
80, 670, 87
80, 680, 86
80, 690, 86
80, 700, 87
80, 710, 85
80, 720, 85
80, 730, 86
80, 740, 86
80, 750, 86
80, 760, 86
80, 770, 85
80, 780, 85
80, 790, 86
80, 800, 85
80, 810, 85
80, 820, 85
{'count': 1688, 'truepos': 80, 'falseneg': 22, 'correction': 39, 'unknownyes': 2, 'falsepos': 0, 'unique': 820}
26: Hall.csv: machine: 0, 0
6, 10
8, 20, 111
9, 30, 110
9, 40, 109
14, 50, 89
19, 60, 104
23, 70, 104
25, 80, 68
30, 90, 69
35, 100, 76
36, 110, 83
39, 120, 79
45, 120, 79
50, 130, 81
52, 140, 89
53, 150, 91
57, 160, 86
59, 170, 87
65, 170, 87
70, 180, 94
72, 190, 100
75, 200, 95
77, 210, 98
79, 220, 95
79, 220, 95
80, 230, 98
84, 240, 99
84, 250, 112
86, 260, 101
89, 270, 108
90, 270, 108
90, 280, 109
91, 290, 107
93, 300, 107
93, 310, 110
93, 320, 110
93, 320, 110
95, 330, 109
95, 340, 111
95, 350, 113
95, 360, 109
95, 370, 107
95, 370, 107
95, 380, 108
95, 390, 106
95, 400, 107
95, 410, 107
95, 420, 106
95, 420, 106
95, 430, 106
95, 440, 106
96, 450, 104
96, 460, 110
96, 470, 109
97, 470, 109
97, 480, 104
98, 490, 108
98, 500, 105
98, 510, 107
98, 520, 106
99, 520, 106
99, 530, 107
99, 540, 107
99, 550, 106
99, 560, 105
99, 570, 105
99, 570, 105
99, 580, 107
99, 590, 105
99, 600, 105
99, 610, 105
99, 620, 105
99, 620, 105
99, 630, 107
99, 640, 106
{'count': 898, 'truepos': 96, 'falseneg': 6, 'correction': 13, 'unknownyes': 2, 'falsepos': 3, 'unique': 640}
26: Hall.csv: knee: 0, 0
5, 10
8, 20
11, 30
13, 40
16, 50
18, 60
19, 70
21, 80
24, 90
27, 100
29, 110
33, 120
37, 130
38, 140
39, 150
42, 160
43, 170
45, 180
48, 190
49, 200
51, 210
54, 220
57, 230
60, 240
63, 250
66, 260
67, 270
67, 280
67, 290
67, 300
67, 310
{'count': 505, 'truepos': 86, 'falseneg': 11, 'correction': 20, 'unknownyes': 7, 'falsepos': 0, 'unique': 310}
26: Wahono.csv: none: 0, 0
4, 10
5, 20, 92
7, 30, 98
7, 40, 91
10, 50, 67
11, 60, 66
12, 70, 48
12, 80, 44
13, 90, 40
13, 100, 41
14, 110, 40
14, 120, 43
15, 130, 39
16, 140, 41
17, 150, 42
18, 160, 41
19, 170, 42
20, 180, 43
20, 190, 36
20, 200, 35
21, 210, 38
21, 220, 36
21, 230, 36
23, 240, 36
23, 250, 38
23, 260, 37
24, 270, 36
24, 280, 39
25, 290, 39
27, 300, 37
27, 310, 46
27, 320, 42
27, 330, 42
28, 340, 38
28, 350, 40
28, 360, 41
28, 370, 40
28, 380, 43
28, 390, 42
28, 400, 39
28, 410, 40
28, 420, 39
28, 430, 39
29, 440, 37
29, 450, 39
29, 460, 39
29, 470, 40
29, 480, 38
29, 490, 39
30, 500, 39
30, 510, 38
31, 520, 39
31, 530, 41
31, 540, 40
31, 550, 40
31, 560, 40
32, 570, 38
32, 580, 40
32, 590, 39
34, 600, 39
34, 610, 43
35, 620, 41
35, 630, 43
35, 640, 42
35, 650, 42
35, 660, 42
35, 670, 42
35, 680, 42
35, 690, 42
35, 700, 42
35, 710, 43
35, 720, 41
36, 730, 40
36, 740, 43
37, 750, 42
37, 760, 43
37, 770, 44
37, 780, 44
37, 790, 43
37, 800, 43
37, 810, 43
37, 820, 43
37, 830, 43
37, 840, 43
37, 850, 43
37, 860, 41
37, 870, 42
37, 880, 43
37, 890, 42
37, 900, 44
38, 910, 42
38, 920, 44
38, 930, 44
38, 940, 43
38, 950, 44
39, 960, 43
39, 970, 45
39, 980, 45
39, 990, 45
39, 1000, 44
39, 1010, 45
39, 1020, 44
39, 1030, 44
39, 1040, 44
39, 1050, 45
39, 1060, 44
39, 1070, 44
39, 1080, 44
39, 1090, 44
39, 1100, 43
39, 1110, 44
39, 1120, 44
39, 1130, 43
39, 1140, 43
39, 1150, 43
39, 1160, 44
40, 1170, 44
40, 1180, 44
40, 1190, 44
40, 1200, 44
40, 1210, 44
40, 1220, 44
41, 1230, 44
41, 1240, 45
41, 1250, 45
41, 1260, 45
41, 1270, 45
41, 1280, 45
41, 1290, 45
41, 1300, 44
41, 1310, 45
41, 1320, 45
41, 1330, 45
41, 1340, 45
41, 1350, 44
41, 1360, 45
41, 1370, 44
41, 1380, 44
41, 1390, 44
41, 1400, 44
41, 1410, 44
41, 1420, 44
41, 1430, 45
41, 1440, 44
41, 1450, 44
41, 1460, 44
41, 1470, 45
41, 1480, 44
41, 1490, 44
41, 1500, 44
41, 1510, 44
42, 1520, 44
42, 1530, 45
42, 1540, 45
42, 1550, 45
42, 1560, 45
42, 1570, 45
42, 1580, 45
42, 1590, 45
42, 1600, 45
42, 1610, 45
42, 1620, 45
42, 1630, 45
42, 1640, 45
42, 1650, 45
42, 1660, 45
42, 1670, 45
42, 1680, 45
42, 1690, 45
42, 1700, 45
{'count': 1700, 'truepos': 40, 'falseneg': 21, 'correction': 0, 'unknownyes': 1, 'falsepos': 2, 'unique': 1700}
26: Wahono.csv: three: 0, 0
6, 10
6, 20, 102
8, 30, 91
10, 40, 96
12, 50, 86
14, 60, 85
16, 70, 71
17, 80, 66
17, 90, 60
18, 100, 46
20, 110, 43
23, 120, 37
26, 130, 51
27, 140, 56
28, 150, 59
30, 160, 53
31, 170, 56
31, 180, 53
33, 190, 52
33, 200, 58
34, 210, 58
34, 220, 57
35, 230, 59
35, 240, 57
35, 250, 53
35, 260, 56
36, 270, 52
36, 280, 55
36, 290, 53
37, 300, 54
38, 310, 58
39, 320, 51
39, 330, 53
41, 340, 51
41, 350, 58
42, 360, 55
42, 370, 59
42, 380, 53
42, 390, 57
42, 400, 54
42, 410, 53
42, 420, 52
42, 430, 55
42, 440, 54
42, 450, 55
42, 460, 53
42, 470, 53
42, 480, 52
43, 490, 52
43, 500, 52
44, 510, 53
44, 520, 54
44, 530, 53
45, 540, 53
46, 550, 52
46, 560, 53
46, 570, 54
46, 580, 54
46, 590, 54
46, 600, 54
47, 610, 52
47, 620, 55
47, 630, 57
48, 640, 54
49, 650, 55
49, 660, 57
50, 670, 56
50, 680, 58
50, 690, 58
50, 700, 59
50, 710, 58
50, 720, 57
50, 730, 57
50, 740, 58
50, 750, 57
50, 760, 56
50, 770, 56
50, 780, 57
50, 790, 56
50, 800, 57
50, 810, 55
50, 820, 55
50, 830, 57
50, 840, 55
50, 850, 56
50, 860, 55
50, 870, 55
50, 880, 55
50, 890, 56
50, 900, 55
50, 910, 55
50, 920, 54
50, 930, 55
50, 940, 54
50, 950, 55
50, 960, 55
50, 970, 54
50, 980, 55
51, 990, 54
51, 1000, 56
51, 1010, 56
51, 1020, 55
51, 1030, 56
51, 1040, 56
51, 1050, 57
51, 1060, 56
51, 1070, 55
51, 1080, 56
51, 1090, 55
51, 1100, 55
51, 1110, 55
51, 1120, 55
51, 1130, 55
51, 1140, 55
51, 1150, 55
51, 1160, 55
51, 1170, 55
51, 1180, 55
51, 1190, 54
51, 1200, 55
51, 1210, 54
52, 1220, 55
52, 1230, 56
52, 1240, 55
52, 1250, 55
52, 1260, 56
52, 1270, 55
52, 1280, 55
52, 1290, 55
52, 1300, 55
52, 1310, 55
52, 1320, 55
52, 1330, 55
52, 1340, 55
52, 1350, 55
52, 1360, 55
52, 1370, 55
52, 1380, 55
52, 1390, 55
53, 1400, 55
53, 1410, 56
53, 1420, 56
{'count': 2872, 'truepos': 53, 'falseneg': 8, 'correction': 29, 'unknownyes': 1, 'falsepos': 0, 'unique': 1420}
26: Wahono.csv: machine: 0, 0
2, 10
3, 20, 99
6, 30, 75
7, 40, 86
7, 50, 60
8, 60, 49
8, 60, 49
9, 70, 54
9, 80, 52
10, 90, 48
12, 100, 45
13, 110, 53
12, 110, 53
12, 120, 51
12, 130, 46
15, 140, 43
16, 150, 46
17, 160, 43
16, 160, 43
17, 170, 45
18, 180, 45
18, 190, 44
18, 200, 44
18, 210, 43
19, 220, 43
19, 230, 43
20, 240, 43
20, 250, 32
20, 260, 32
21, 270, 33
29, 270, 33
30, 280, 46
31, 290, 45
31, 300, 43
33, 310, 43
35, 320, 44
38, 320, 44
38, 330, 49
38, 340, 51
38, 350, 50
38, 360, 48
39, 370, 48
39, 370, 48
39, 380, 49
39, 390, 48
39, 400, 50
39, 410, 50
39, 420, 48
40, 420, 48
40, 430, 51
40, 440, 49
40, 450, 48
41, 460, 50
41, 470, 49
42, 470, 49
42, 480, 51
42, 490, 50
42, 500, 51
42, 510, 51
42, 520, 49
42, 520, 49
42, 530, 50
42, 540, 49
42, 550, 49
42, 560, 49
42, 570, 50
42, 570, 50
42, 580, 49
42, 590, 50
43, 600, 47
43, 610, 48
43, 620, 49
45, 620, 49
45, 630, 52
46, 640, 52
46, 650, 53
46, 660, 53
48, 670, 52
50, 670, 52
50, 680, 59
50, 690, 57
50, 700, 56
50, 710, 58
50, 720, 57
50, 720, 57
51, 730, 57
52, 740, 58
52, 750, 59
52, 760, 58
52, 770, 58
53, 770, 58
53, 780, 61
53, 790, 60
53, 800, 60
53, 810, 60
53, 820, 60
54, 820, 60
54, 830, 61
54, 840, 60
54, 850, 60
54, 860, 61
54, 870, 61
54, 870, 61
54, 880, 60
54, 890, 60
54, 900, 60
54, 910, 59
54, 920, 59
54, 920, 59
54, 930, 59
54, 940, 59
54, 950, 60
54, 960, 60
54, 970, 58
54, 970, 58
54, 980, 58
54, 990, 58
54, 1000, 58
54, 1010, 58
54, 1020, 59
54, 1020, 59
54, 1030, 58
54, 1040, 58
54, 1050, 58
55, 1060, 58
55, 1070, 60
55, 1070, 60
55, 1080, 59
55, 1090, 59
55, 1100, 59
55, 1110, 60
55, 1120, 59
55, 1120, 59
55, 1130, 59
55, 1140, 59
55, 1150, 58
55, 1160, 58
55, 1170, 58
55, 1170, 58
55, 1180, 59
55, 1190, 59
55, 1200, 58
55, 1210, 58
55, 1220, 58
55, 1220, 58
55, 1230, 58
55, 1240, 58
55, 1250, 58
55, 1260, 58
55, 1270, 58
55, 1270, 58
55, 1280, 58
55, 1290, 58
55, 1300, 58
55, 1310, 58
55, 1320, 58
{'count': 1972, 'truepos': 51, 'falseneg': 8, 'correction': 19, 'unknownyes': 3, 'falsepos': 4, 'unique': 1320}
26: Wahono.csv: knee: 0, 0
5, 10
6, 20
9, 30
9, 40
11, 50
13, 60
14, 70
16, 80
17, 90
18, 100
18, 110
18, 120
18, 130
18, 140
18, 150
18, 160
18, 170
{'count': 236, 'truepos': 20, 'falseneg': 6, 'correction': 2, 'unknownyes': 36, 'falsepos': 0, 'unique': 170}
26: Danijel.csv: none: 0, 0
3, 10
3, 20, 122
4, 30, 91
6, 40, 90
7, 50, 73
10, 60, 70
12, 70, 70
14, 80, 68
15, 90, 60
15, 100, 54
17, 110, 48
17, 120, 47
18, 130, 44
18, 140, 43
18, 150, 42
19, 160, 41
19, 170, 43
19, 180, 42
22, 190, 41
24, 200, 36
25, 210, 36
26, 220, 38
27, 230, 38
28, 240, 38
28, 250, 40
28, 260, 40
29, 270, 40
30, 280, 40
30, 290, 41
30, 300, 41
30, 310, 40
31, 320, 39
32, 330, 42
32, 340, 44
32, 350, 43
32, 360, 44
32, 370, 40
33, 380, 40
34, 390, 43
34, 400, 42
35, 410, 42
35, 420, 43
35, 430, 43
35, 440, 42
35, 450, 41
35, 460, 41
36, 470, 41
36, 480, 41
36, 490, 42
36, 500, 42
36, 510, 43
36, 520, 42
36, 530, 42
36, 540, 41
36, 550, 42
36, 560, 42
36, 570, 41
36, 580, 41
36, 590, 40
36, 600, 41
36, 610, 42
36, 620, 41
36, 630, 41
36, 640, 42
37, 650, 41
37, 660, 41
37, 670, 42
37, 680, 42
37, 690, 41
37, 700, 42
37, 710, 41
37, 720, 42
37, 730, 41
37, 740, 41
37, 750, 41
37, 760, 41
37, 770, 41
37, 780, 41
37, 790, 40
37, 800, 41
37, 810, 41
37, 820, 40
37, 830, 40
37, 840, 41
38, 850, 41
38, 860, 42
38, 870, 41
38, 880, 42
38, 890, 42
38, 900, 42
38, 910, 42
38, 920, 42
38, 930, 41
38, 940, 41
38, 950, 41
38, 960, 41
38, 970, 41
38, 980, 41
38, 990, 41
38, 1000, 42
38, 1010, 41
38, 1020, 41
38, 1030, 41
38, 1040, 41
38, 1050, 41
{'count': 1050, 'truepos': 35, 'falseneg': 11, 'correction': 0, 'unknownyes': 2, 'falsepos': 3, 'unique': 1050}
26: Danijel.csv: three: 0, 0
2, 10
2, 20, 118
4, 30, 80
6, 40, 83
8, 50, 74
10, 60, 70
12, 70, 58
13, 80, 56
15, 90, 53
15, 100, 50
18, 110, 43
18, 120, 48
18, 130, 44
18, 140, 40
18, 150, 39
18, 160, 39
19, 170, 38
22, 180, 39
23, 190, 36
25, 200, 37
25, 210, 39
26, 220, 36
27, 230, 40
27, 240, 39
28, 250, 37
28, 260, 37
28, 270, 39
29, 280, 38
29, 290, 38
30, 300, 42
30, 310, 41
30, 320, 40
30, 330, 39
30, 340, 38
30, 350, 38
30, 360, 37
30, 370, 38
30, 380, 37
31, 390, 37
31, 400, 38
31, 410, 38
31, 420, 38
31, 430, 37
31, 440, 37
33, 450, 36
33, 460, 40
33, 470, 38
33, 480, 39
33, 490, 39
33, 500, 38
33, 510, 38
33, 520, 38
33, 530, 38
33, 540, 37
33, 550, 37
33, 560, 39
33, 570, 38
33, 580, 37
33, 590, 37
33, 600, 38
33, 610, 37
34, 620, 37
34, 630, 37
34, 640, 38
34, 650, 37
34, 660, 37
34, 670, 38
34, 680, 37
34, 690, 37
34, 700, 39
34, 710, 37
34, 720, 37
34, 730, 38
34, 740, 37
34, 750, 37
34, 760, 37
34, 770, 36
34, 780, 37
34, 790, 38
34, 800, 38
34, 810, 36
34, 820, 37
34, 830, 36
34, 840, 36
34, 850, 36
34, 860, 37
34, 870, 37
34, 880, 36
34, 890, 36
34, 900, 36
34, 910, 36
34, 920, 36
34, 930, 36
34, 940, 36
34, 950, 36
34, 960, 36
34, 970, 36
34, 980, 36
34, 990, 36
34, 1000, 37
34, 1010, 36
34, 1020, 36
34, 1030, 36
34, 1040, 36
34, 1050, 36
34, 1060, 36
34, 1070, 36
34, 1080, 36
{'count': 2180, 'truepos': 34, 'falseneg': 12, 'correction': 16, 'unknownyes': 2, 'falsepos': 0, 'unique': 1080}
26: Danijel.csv: machine: 0, 0
2, 10
2, 20, 117
4, 30, 77
8, 40, 74
10, 50, 84
11, 60, 94
13, 70, 66
14, 80, 59
15, 90, 54
15, 100, 52
15, 110, 44
16, 120, 42
15, 120, 42
15, 130, 44
15, 140, 42
15, 150, 41
15, 160, 41
16, 170, 41
17, 180, 42
18, 190, 42
18, 200, 43
19, 210, 42
20, 220, 43
21, 230, 31
22, 230, 31
23, 240, 31
24, 250, 33
25, 260, 35
25, 270, 39
25, 280, 34
30, 280, 34
31, 290, 42
31, 300, 44
31, 310, 43
31, 320, 40
31, 330, 40
34, 330, 40
34, 340, 46
34, 350, 45
35, 360, 42
36, 370, 46
36, 380, 44
38, 380, 44
38, 390, 46
38, 400, 47
38, 410, 47
39, 420, 46
40, 430, 47
41, 430, 47
41, 440, 48
41, 450, 47
41, 460, 47
41, 470, 47
41, 480, 46
41, 480, 46
41, 490, 46
41, 500, 47
41, 510, 48
43, 520, 47
43, 530, 52
43, 530, 52
43, 540, 49
43, 550, 49
43, 560, 48
43, 570, 51
43, 580, 48
43, 580, 48
43, 590, 49
43, 600, 49
43, 610, 48
43, 620, 47
43, 630, 47
43, 630, 47
44, 640, 47
44, 650, 48
44, 660, 48
44, 670, 48
44, 680, 48
44, 680, 48
44, 690, 48
44, 700, 48
44, 710, 47
44, 720, 48
44, 730, 47
44, 730, 47
44, 740, 47
44, 750, 47
44, 760, 47
44, 770, 47
44, 780, 48
44, 780, 48
44, 790, 47
44, 800, 48
44, 810, 47
44, 820, 47
{'count': 1273, 'truepos': 43, 'falseneg': 2, 'correction': 11, 'unknownyes': 3, 'falsepos': 1, 'unique': 820}
26: Danijel.csv: knee: 0, 0
4, 10
5, 20
8, 30
9, 40
9, 50
11, 60
11, 70
11, 80
12, 90
14, 100
16, 110
16, 120
19, 130
21, 140
21, 150
22, 160
22, 170
22, 180
23, 190
23, 200
23, 210
24, 220
25, 230
25, 240
25, 250
25, 260
25, 270
25, 280
25, 290
25, 300
26, 310
27, 320
27, 330
27, 340
27, 350
27, 360
27, 370
28, 380
28, 390
28, 400
29, 410
29, 420
29, 430
29, 440
29, 450
29, 460
30, 470
30, 480
31, 490
31, 500
31, 510
31, 520
31, 530
31, 540
31, 550
31, 560
31, 570
31, 580
{'count': 709, 'truepos': 32, 'falseneg': 11, 'correction': 3, 'unknownyes': 5, 'falsepos': 0, 'unique': 580}
26: K_all3.csv: none: 0, 0
1, 10
2, 20, 91
2, 30, 58
4, 40, 47
5, 50, 44
5, 60, 40
8, 70, 36
10, 80, 42
10, 90, 42
11, 100, 39
12, 110, 39
14, 120, 39
14, 130, 40
14, 140, 38
14, 150, 37
14, 160, 37
15, 170, 36
17, 180, 37
17, 190, 40
18, 200, 38
19, 210, 38
20, 220, 39
20, 230, 28
20, 240, 26
20, 250, 26
21, 260, 26
21, 270, 28
22, 280, 27
22, 290, 27
22, 300, 27
22, 310, 27
22, 320, 27
22, 330, 26
23, 340, 26
23, 350, 27
23, 360, 26
23, 370, 27
23, 380, 26
23, 390, 26
23, 400, 26
23, 410, 26
23, 420, 25
23, 430, 26
23, 440, 26
24, 450, 26
24, 460, 26
24, 470, 26
24, 480, 26
25, 490, 26
25, 500, 27
26, 510, 27
26, 520, 28
26, 530, 28
{'count': 530, 'truepos': 22, 'falseneg': 17, 'correction': 0, 'unknownyes': 6, 'falsepos': 4, 'unique': 530}
26: K_all3.csv: three: 0, 0
1, 10
4, 20, 90
5, 30, 67
6, 40, 58
9, 50, 49
10, 60, 49
12, 70, 44
13, 80, 46
13, 90, 44
13, 100, 40
14, 110, 39
16, 120, 39
16, 130, 39
17, 140, 38
18, 150, 38
18, 160, 38
18, 170, 37
19, 180, 37
19, 190, 39
20, 200, 38
20, 210, 27
21, 220, 28
21, 230, 29
21, 240, 28
22, 250, 27
23, 260, 28
23, 270, 29
24, 280, 29
25, 290, 29
25, 300, 30
25, 310, 31
25, 320, 30
25, 330, 29
25, 340, 30
25, 350, 29
27, 360, 28
27, 370, 31
27, 380, 30
27, 390, 29
27, 400, 30
27, 410, 30
28, 420, 30
28, 430, 31
28, 440, 30
28, 450, 30
30, 460, 30
30, 470, 32
30, 480, 32
30, 490, 32
30, 500, 32
31, 510, 32
31, 520, 33
31, 530, 33
31, 540, 33
31, 550, 33
{'count': 1127, 'truepos': 31, 'falseneg': 11, 'correction': 23, 'unknownyes': 3, 'falsepos': 0, 'unique': 550}
26: K_all3.csv: machine: 0, 0
1, 10
3, 20, 90
4, 30, 65
6, 40, 58
8, 50, 52
9, 60, 47
9, 70, 45
9, 80, 41
11, 90, 39
12, 100, 42
14, 110, 41
15, 120, 43
16, 130, 44
18, 140, 44
19, 150, 45
19, 160, 44
19, 170, 43
19, 180, 42
20, 190, 42
21, 200, 30
23, 210, 35
23, 220, 35
24, 230, 32
24, 240, 35
29, 240, 35
29, 250, 43
30, 260, 37
30, 270, 38
30, 280, 36
30, 290, 40
34, 290, 40
35, 300, 40
35, 310, 41
36, 320, 41
37, 330, 40
38, 340, 41
39, 340, 41
39, 350, 43
40, 360, 43
40, 370, 43
40, 380, 43
40, 390, 43
41, 390, 43
41, 400, 44
41, 410, 44
{'count': 582, 'truepos': 35, 'falseneg': 4, 'correction': 10, 'unknownyes': 6, 'falsepos': 6, 'unique': 410}
26: K_all3.csv: knee: 0, 0
2, 10
5, 20
5, 30
6, 40
9, 50
11, 60
11, 70
13, 80
15, 90
15, 100
17, 110
17, 120
18, 130
20, 140
20, 150
20, 160
21, 170
22, 180
22, 190
22, 200
22, 210
23, 220
23, 230
23, 240
23, 250
23, 260
23, 270
23, 280
23, 290
25, 300
25, 310
25, 320
25, 330
26, 340
27, 350
27, 360
27, 370
27, 380
27, 390
27, 400
28, 410
28, 420
28, 430
28, 440
28, 450
29, 460
30, 470
30, 480
30, 490
30, 500
31, 510
34, 520
34, 530
34, 540
34, 550
35, 560
35, 570
35, 580
35, 590
35, 600
35, 610
35, 620
35, 630
35, 640
35, 650
35, 660
35, 670
35, 680
35, 690
35, 700
35, 710
35, 720
36, 730
36, 740
36, 750
36, 760
36, 770
36, 780
36, 790
36, 800
36, 810
36, 820
36, 830
36, 840
36, 850
36, 860
36, 870
37, 880
37, 890
37, 900
38, 910
38, 920
38, 930
38, 940
38, 950
38, 960
38, 970
38, 980
38, 990
39, 1000
40, 1010
40, 1020
40, 1030
40, 1040
40, 1050
41, 1060
41, 1070
41, 1080
41, 1090
41, 1100
42, 1110
42, 1120
43, 1130
43, 1140
43, 1150
43, 1160
43, 1170
43, 1180
44, 1190
44, 1200
44, 1210
44, 1220
44, 1230
44, 1240
44, 1250
45, 1260
45, 1270
45, 1280
45, 1290
45, 1300
45, 1310
46, 1320
46, 1330
46, 1340
46, 1350
46, 1360
46, 1370
46, 1380
46, 1390
46, 1400
46, 1410
46, 1420
46, 1430
47, 1440
47, 1450
47, 1460
47, 1470
47, 1480
47, 1490
47, 1500
47, 1510
48, 1520
48, 1530
48, 1540
48, 1550
48, 1560
48, 1570
48, 1580
48, 1590
48, 1600
49, 1610
49, 1620
51, 1630
51, 1640
51, 1650
51, 1660
51, 1670
51, 1680
51, 1690
51, 1700
51, 1704

------------------------------------------------------------
Sender: LSF System <lsfadmin@n2c3-13>
Subject: Job 629695: </share/tjmenzie/zyu9/miniconda2/bin/python2.7 runner.py error_hpcc 26> in cluster <henry2> Exited

Job </share/tjmenzie/zyu9/miniconda2/bin/python2.7 runner.py error_hpcc 26> was submitted from host <login01.hpc.ncsu.edu> by user <zyu9> in cluster <henry2> at Wed Jan 31 09:58:22 2018.
Job was executed on host(s) <2*n2c3-13>, in queue <single_chassis>, as user <zyu9> in cluster <henry2> at Wed Jan 31 09:58:27 2018.
</home/zyu9> was used as the home directory.
</home/zyu9/projects/MAR_HPC/Error/src> was used as the working directory.
Started at Wed Jan 31 09:58:27 2018.
Terminated at Wed Jan 31 10:56:40 2018.
Results reported at Wed Jan 31 10:56:40 2018.

Your job looked like:

------------------------------------------------------------
# LSBATCH: User input
/share/tjmenzie/zyu9/miniconda2/bin/python2.7 runner.py error_hpcc 26
------------------------------------------------------------

Exited with exit code 1.

Resource usage summary:

    CPU time :                                   4239.14 sec.
    Max Memory :                                 287.35 MB
    Average Memory :                             232.77 MB
    Total Requested Memory :                     -
    Delta Memory :                               -
    Max Swap :                                   1312 MB
    Max Processes :                              3
    Max Threads :                                8
    Run time :                                   3495 sec.
    Turnaround time :                            3498 sec.

The output (if any) is above this job summary.



PS:

Read file <./err/26.err.629695> for stderr output of this job.

