26: Hall.csv: none: 0, 0
7, 10
9, 20, 113
9, 30, 114
12, 40, 110
16, 50, 115
18, 60, 118
19, 70, 121
20, 80, 112
24, 90, 68
29, 100, 72
31, 110, 82
35, 120, 77
38, 130, 74
41, 140, 79
45, 150, 80
45, 160, 90
46, 170, 87
48, 180, 78
48, 190, 81
50, 200, 75
52, 210, 74
54, 220, 71
58, 230, 69
63, 240, 73
64, 250, 84
65, 260, 84
67, 270, 80
69, 280, 84
70, 290, 86
70, 300, 88
71, 310, 86
71, 320, 86
71, 330, 89
71, 340, 86
71, 350, 85
71, 360, 82
71, 370, 83
71, 380, 85
72, 390, 83
72, 400, 82
72, 410, 81
72, 420, 82
72, 430, 84
72, 440, 83
72, 450, 80
72, 460, 82
72, 470, 80
72, 480, 80
72, 490, 79
72, 500, 81
72, 510, 80
72, 520, 80
72, 530, 79
72, 540, 77
72, 550, 78
72, 560, 78
72, 570, 78
72, 580, 78
72, 590, 78
72, 600, 78
72, 610, 78
72, 620, 77
72, 630, 78
72, 640, 78
72, 650, 78
73, 660, 77
73, 670, 80
73, 680, 79
73, 690, 79
73, 700, 80
73, 710, 79
73, 720, 79
73, 730, 78
73, 740, 78
73, 750, 78
73, 760, 77
73, 770, 78
73, 780, 78
73, 790, 78
73, 800, 78
73, 810, 77
73, 820, 78
73, 830, 77
73, 840, 77
73, 850, 78
73, 860, 77
73, 870, 77
73, 880, 77
73, 890, 77
73, 900, 77
73, 910, 77
{'count': 910, 'truepos': 70, 'falseneg': 32, 'correction': 0, 'unknownyes': 3, 'falsepos': 3, 'unique': 910}
26: Hall.csv: three: 0, 0
8, 10
11, 20, 124
13, 30, 126
16, 40, 127
21, 50, 130
26, 60, 93
31, 70, 99
34, 80, 92
40, 90, 92
44, 100, 108
49, 110, 101
52, 120, 114
55, 130, 112
57, 140, 109
58, 150, 107
61, 160, 95
63, 170, 92
65, 180, 92
68, 190, 90
71, 200, 93
73, 210, 101
73, 220, 95
73, 230, 104
73, 240, 91
75, 250, 90
75, 260, 89
75, 270, 93
77, 280, 89
80, 290, 91
80, 300, 99
80, 310, 94
82, 320, 92
82, 330, 96
83, 340, 98
83, 350, 98
83, 360, 95
83, 370, 96
83, 380, 96
83, 390, 95
83, 400, 93
84, 410, 91
84, 420, 96
84, 430, 91
84, 440, 94
84, 450, 90
84, 460, 92
84, 470, 91
84, 480, 91
84, 490, 91
84, 500, 90
84, 510, 90
84, 520, 90
84, 530, 90
84, 540, 89
84, 550, 90
84, 560, 89
84, 570, 89
84, 580, 89
84, 590, 89
84, 600, 89
84, 610, 89
84, 620, 89
84, 630, 90
{'count': 1299, 'truepos': 84, 'falseneg': 18, 'correction': 35, 'unknownyes': 3, 'falsepos': 0, 'unique': 630}
26: Hall.csv: machine: 0, 0
3, 10
5, 20, 106
5, 30, 102
6, 40, 84
11, 50, 62
16, 60, 91
19, 70, 110
20, 80, 104
24, 90, 57
26, 100, 62
31, 110, 57
37, 120, 65
49, 120, 65
51, 130, 115
52, 140, 94
58, 150, 87
61, 160, 101
63, 170, 99
68, 170, 99
70, 180, 124
71, 190, 116
72, 200, 116
72, 210, 112
73, 220, 98
77, 220, 98
77, 230, 101
78, 240, 101
80, 250, 95
81, 260, 96
82, 270, 100
84, 270, 100
85, 280, 101
86, 290, 103
88, 300, 99
88, 310, 104
88, 320, 106
91, 320, 106
91, 330, 113
92, 340, 104
92, 350, 105
92, 360, 110
92, 370, 106
92, 370, 106
93, 380, 104
93, 390, 105
93, 400, 107
94, 410, 105
94, 420, 106
94, 420, 106
94, 430, 104
94, 440, 102
94, 450, 102
94, 460, 103
94, 470, 101
95, 470, 101
95, 480, 103
95, 490, 103
{'count': 698, 'truepos': 90, 'falseneg': 11, 'correction': 26, 'unknownyes': 4, 'falsepos': 5, 'unique': 490}
26: Hall.csv: knee: 0, 0
6, 10
7, 20
9, 30
12, 40
15, 50
19, 60
20, 70
23, 80
28, 90
31, 100
37, 110
38, 120
38, 130
39, 140
40, 150
45, 160
47, 170
48, 180
50, 190
52, 200
54, 210
56, 220
59, 230
61, 240
64, 250
65, 260
66, 270
68, 280
68, 290
68, 300
68, 310
69, 320
69, 330
70, 340
70, 350
71, 360
71, 370
71, 380
71, 390
71, 400
71, 410
71, 420
71, 430
71, 440
{'count': 633, 'truepos': 90, 'falseneg': 11, 'correction': 22, 'unknownyes': 4, 'falsepos': 1, 'unique': 440}
26: Wahono.csv: none: 0, 0
3, 10
3, 20, 94
5, 30, 78
6, 40, 59
7, 50, 51
7, 60, 49
8, 70, 47
8, 80, 45
11, 90, 45
14, 100, 51
19, 110, 54
19, 120, 67
19, 130, 59
19, 140, 54
19, 150, 50
21, 160, 46
22, 170, 43
24, 180, 41
24, 190, 44
25, 200, 44
25, 210, 48
25, 220, 44
25, 230, 44
25, 240, 41
25, 250, 43
26, 260, 42
27, 270, 44
27, 280, 47
27, 290, 45
27, 300, 44
27, 310, 41
27, 320, 42
27, 330, 41
28, 340, 40
28, 350, 41
30, 360, 39
30, 370, 46
30, 380, 43
32, 390, 40
32, 400, 44
32, 410, 44
32, 420, 43
32, 430, 41
32, 440, 41
33, 450, 41
34, 460, 42
34, 470, 43
34, 480, 44
35, 490, 43
35, 500, 45
35, 510, 44
35, 520, 43
35, 530, 44
35, 540, 42
37, 550, 42
38, 560, 45
38, 570, 46
39, 580, 46
40, 590, 47
40, 600, 47
40, 610, 48
41, 620, 48
41, 630, 49
41, 640, 50
41, 650, 49
41, 660, 49
41, 670, 48
41, 680, 49
41, 690, 48
41, 700, 48
41, 710, 48
41, 720, 48
41, 730, 48
41, 740, 48
41, 750, 47
41, 760, 48
41, 770, 47
41, 780, 47
41, 790, 47
41, 800, 46
41, 810, 47
41, 820, 46
41, 830, 46
41, 840, 46
41, 850, 47
41, 860, 46
41, 870, 47
41, 880, 47
41, 890, 46
41, 900, 46
41, 910, 46
41, 920, 46
41, 930, 46
41, 940, 46
41, 950, 46
42, 960, 47
42, 970, 46
42, 980, 46
42, 990, 48
42, 1000, 46
42, 1010, 46
42, 1020, 46
42, 1030, 47
42, 1040, 46
42, 1050, 47
42, 1060, 46
42, 1070, 46
43, 1080, 46
43, 1090, 48
43, 1100, 47
43, 1110, 47
43, 1120, 47
43, 1130, 47
43, 1140, 47
44, 1150, 47
44, 1160, 48
44, 1170, 48
44, 1180, 48
44, 1190, 48
45, 1200, 48
45, 1210, 49
45, 1220, 49
45, 1230, 49
45, 1240, 48
45, 1250, 48
46, 1260, 49
46, 1270, 50
46, 1280, 50
46, 1290, 49
46, 1300, 50
46, 1310, 49
46, 1320, 50
46, 1330, 50
46, 1340, 50
46, 1350, 49
46, 1360, 49
46, 1370, 49
46, 1380, 50
46, 1390, 49
46, 1400, 49
46, 1410, 49
46, 1420, 49
46, 1430, 49
46, 1440, 49
46, 1450, 49
46, 1460, 49
{'count': 1460, 'truepos': 42, 'falseneg': 17, 'correction': 0, 'unknownyes': 3, 'falsepos': 4, 'unique': 1460}
26: Wahono.csv: three: 0, 0
5, 10
5, 20, 92
7, 30, 90
10, 40, 88
12, 50, 91
13, 60, 84
14, 70, 73
16, 80, 53
17, 90, 55
17, 100, 50
18, 110, 46
20, 120, 42
23, 130, 41
25, 140, 49
26, 150, 56
27, 160, 52
28, 170, 54
29, 180, 52
30, 190, 52
32, 200, 48
33, 210, 55
33, 220, 56
34, 230, 54
36, 240, 58
37, 250, 64
37, 260, 61
38, 270, 60
38, 280, 64
38, 290, 58
38, 300, 60
38, 310, 55
38, 320, 54
39, 330, 57
40, 340, 52
41, 350, 54
41, 360, 58
41, 370, 59
41, 380, 54
42, 390, 53
42, 400, 57
42, 410, 54
42, 420, 54
42, 430, 54
42, 440, 53
43, 450, 54
43, 460, 56
43, 470, 54
43, 480, 55
43, 490, 53
44, 500, 53
44, 510, 54
44, 520, 52
44, 530, 54
44, 540, 53
44, 550, 54
45, 560, 51
45, 570, 54
45, 580, 53
45, 590, 53
45, 600, 54
45, 610, 54
45, 620, 52
45, 630, 52
46, 640, 52
46, 650, 53
47, 660, 53
49, 670, 55
49, 680, 58
49, 690, 57
50, 700, 57
50, 710, 57
50, 720, 58
50, 730, 58
51, 740, 57
51, 750, 58
51, 760, 58
51, 770, 58
51, 780, 58
51, 790, 58
51, 800, 57
51, 810, 57
51, 820, 58
51, 830, 57
51, 840, 57
51, 850, 57
51, 860, 57
51, 870, 57
51, 880, 57
51, 890, 57
51, 900, 56
51, 910, 56
51, 920, 56
51, 930, 56
51, 940, 56
51, 950, 56
51, 960, 57
51, 970, 56
51, 980, 56
51, 990, 56
51, 1000, 56
51, 1010, 56
51, 1020, 56
51, 1030, 56
51, 1040, 55
51, 1050, 55
51, 1060, 57
51, 1070, 55
51, 1080, 55
51, 1090, 56
51, 1100, 55
51, 1110, 55
51, 1120, 55
51, 1130, 55
51, 1140, 55
51, 1150, 55
51, 1160, 56
51, 1170, 55
51, 1180, 55
52, 1190, 55
52, 1200, 56
52, 1210, 55
52, 1220, 56
52, 1230, 55
52, 1240, 56
52, 1250, 55
52, 1260, 56
52, 1270, 55
52, 1280, 55
52, 1290, 55
{'count': 2611, 'truepos': 52, 'falseneg': 8, 'correction': 30, 'unknownyes': 2, 'falsepos': 0, 'unique': 1290}
26: Wahono.csv: machine: 0, 0
3, 10
3, 20, 91
5, 30, 87
5, 40, 89
5, 50, 60
5, 60, 50
5, 60, 50
6, 70, 48
6, 80, 50
7, 90, 49
8, 100, 51
8, 110, 49
8, 110, 49
9, 120, 46
10, 130, 48
12, 140, 49
12, 150, 51
14, 160, 48
14, 160, 48
14, 170, 52
15, 180, 49
15, 190, 48
17, 200, 47
19, 210, 47
19, 220, 48
19, 230, 47
19, 240, 47
21, 250, 47
23, 260, 39
23, 270, 43
30, 270, 43
31, 280, 49
32, 290, 52
32, 300, 53
32, 310, 50
32, 320, 49
36, 320, 49
36, 330, 50
36, 340, 52
36, 350, 52
36, 360, 51
37, 370, 48
41, 370, 48
41, 380, 54
41, 390, 55
42, 400, 52
43, 410, 54
43, 420, 56
44, 420, 56
44, 430, 55
46, 440, 54
46, 450, 58
46, 460, 56
46, 470, 57
47, 470, 57
50, 480, 57
50, 490, 62
50, 500, 61
50, 510, 59
50, 520, 60
51, 520, 60
53, 530, 59
53, 540, 66
53, 550, 65
53, 560, 66
53, 570, 64
55, 570, 64
55, 580, 70
55, 590, 64
56, 600, 64
56, 610, 66
56, 620, 67
57, 620, 67
57, 630, 68
57, 640, 67
57, 650, 67
57, 660, 66
57, 670, 66
57, 670, 66
57, 680, 66
57, 690, 65
57, 700, 67
57, 710, 66
57, 720, 66
57, 720, 66
57, 730, 65
57, 740, 65
57, 750, 65
57, 760, 64
57, 770, 65
57, 770, 65
57, 780, 64
57, 790, 64
57, 800, 63
57, 810, 64
57, 820, 63
57, 820, 63
57, 830, 64
57, 840, 64
57, 850, 64
57, 860, 64
57, 870, 62
57, 870, 62
57, 880, 64
57, 890, 63
57, 900, 63
57, 910, 63
57, 920, 63
57, 920, 63
57, 930, 63
57, 940, 63
57, 950, 63
58, 960, 62
58, 970, 64
59, 970, 64
59, 980, 65
59, 990, 64
59, 1000, 65
59, 1010, 65
59, 1020, 63
59, 1020, 63
59, 1030, 64
59, 1040, 64
59, 1050, 64
59, 1060, 64
59, 1070, 63
59, 1070, 63
59, 1080, 64
59, 1090, 63
59, 1100, 64
59, 1110, 64
59, 1120, 64
59, 1120, 64
59, 1130, 64
59, 1140, 64
59, 1150, 63
59, 1160, 63
59, 1170, 63
59, 1170, 63
59, 1180, 63
59, 1190, 63
59, 1200, 63
59, 1210, 63
60, 1220, 64
60, 1220, 64
60, 1230, 64
60, 1240, 64
60, 1250, 64
60, 1260, 64
{'count': 1894, 'truepos': 55, 'falseneg': 5, 'correction': 20, 'unknownyes': 2, 'falsepos': 5, 'unique': 1260}
26: Wahono.csv: knee: 0, 0
5, 10
5, 20
6, 30
8, 40
8, 50
9, 60
10, 70
11, 80
12, 90
12, 100
13, 110
13, 120
{'count': 133, 'truepos': 10, 'falseneg': 13, 'correction': 0, 'unknownyes': 39, 'falsepos': 0, 'unique': 120}
26: Danijel.csv: none: 0, 0
2, 10
5, 20, 100
5, 30, 104
6, 40, 71
7, 50, 56
7, 60, 56
7, 70, 47
7, 80, 45
9, 90, 44
12, 100, 47
17, 110, 53
17, 120, 67
18, 130, 52
18, 140, 50
18, 150, 48
19, 160, 46
20, 170, 45
23, 180, 36
24, 190, 39
24, 200, 39
25, 210, 38
25, 220, 39
25, 230, 38
25, 240, 38
26, 250, 36
27, 260, 37
29, 270, 38
29, 280, 38
29, 290, 39
29, 300, 39
30, 310, 37
30, 320, 38
31, 330, 38
31, 340, 41
31, 350, 40
31, 360, 39
31, 370, 38
31, 380, 40
31, 390, 40
31, 400, 38
31, 410, 38
31, 420, 37
31, 430, 36
31, 440, 37
31, 450, 38
31, 460, 37
31, 470, 36
32, 480, 36
32, 490, 38
32, 500, 38
32, 510, 38
32, 520, 37
32, 530, 37
32, 540, 36
32, 550, 37
32, 560, 37
32, 570, 36
32, 580, 37
32, 590, 36
32, 600, 36
32, 610, 37
32, 620, 37
32, 630, 36
32, 640, 36
32, 650, 36
32, 660, 35
32, 670, 35
32, 680, 35
32, 690, 36
32, 700, 35
32, 710, 35
32, 720, 35
32, 730, 35
32, 740, 35
32, 750, 35
32, 760, 35
32, 770, 35
32, 780, 35
32, 790, 35
32, 800, 35
32, 810, 35
32, 820, 34
32, 830, 35
32, 840, 35
32, 850, 34
32, 860, 34
33, 870, 35
33, 880, 36
33, 890, 36
34, 900, 36
34, 910, 36
34, 920, 37
34, 930, 36
34, 940, 37
34, 950, 36
34, 960, 36
34, 970, 37
34, 980, 36
34, 990, 37
34, 1000, 36
34, 1010, 37
34, 1020, 36
34, 1030, 36
34, 1040, 36
34, 1050, 37
34, 1060, 36
34, 1070, 36
34, 1080, 36
34, 1090, 36
34, 1100, 36
34, 1110, 36
34, 1120, 36
34, 1130, 36
34, 1140, 36
34, 1150, 36
34, 1160, 36
{'count': 1160, 'truepos': 33, 'falseneg': 13, 'correction': 0, 'unknownyes': 2, 'falsepos': 1, 'unique': 1160}
26: Danijel.csv: three: 0, 0
2, 10
2, 20, 97
3, 30, 67
5, 40, 56
5, 50, 56
7, 60, 50
10, 70, 51
10, 80, 54
12, 90, 49
13, 100, 52
13, 110, 50
14, 120, 48
14, 130, 49
14, 140, 47
16, 150, 47
18, 160, 47
20, 170, 48
20, 180, 36
22, 190, 33
23, 200, 38
24, 210, 39
24, 220, 36
24, 230, 37
25, 240, 36
26, 250, 38
27, 260, 37
28, 270, 40
28, 280, 39
28, 290, 40
28, 300, 38
28, 310, 39
28, 320, 38
28, 330, 39
28, 340, 38
28, 350, 37
28, 360, 36
28, 370, 36
29, 380, 35
31, 390, 36
32, 400, 38
32, 410, 40
32, 420, 41
32, 430, 40
32, 440, 40
32, 450, 39
32, 460, 38
32, 470, 39
33, 480, 39
33, 490, 40
33, 500, 39
33, 510, 38
34, 520, 40
34, 530, 40
34, 540, 41
34, 550, 39
34, 560, 40
34, 570, 41
34, 580, 40
34, 590, 40
34, 600, 39
34, 610, 40
34, 620, 39
34, 630, 40
34, 640, 39
34, 650, 38
34, 660, 38
34, 670, 39
34, 680, 39
34, 690, 39
35, 700, 39
35, 710, 40
35, 720, 40
35, 730, 40
35, 740, 39
35, 750, 40
35, 760, 39
35, 770, 39
35, 780, 39
35, 790, 39
35, 800, 38
35, 810, 39
35, 820, 39
35, 830, 40
35, 840, 38
35, 850, 40
35, 860, 39
35, 870, 38
35, 880, 39
35, 890, 38
35, 900, 38
35, 910, 38
35, 920, 38
35, 930, 39
35, 940, 38
35, 950, 38
35, 960, 38
35, 970, 38
35, 980, 38
35, 990, 38
35, 1000, 38
35, 1010, 38
35, 1020, 38
35, 1030, 38
35, 1040, 37
35, 1050, 38
35, 1060, 38
35, 1070, 38
35, 1080, 38
35, 1090, 37
35, 1100, 37
35, 1110, 37
35, 1120, 37
35, 1130, 37
35, 1140, 38
35, 1150, 37
35, 1160, 38
35, 1170, 38
35, 1180, 38
35, 1190, 37
35, 1200, 37
35, 1210, 37
35, 1220, 37
35, 1230, 37
35, 1240, 37
35, 1250, 37
35, 1260, 37
35, 1270, 37
35, 1280, 37
35, 1290, 37
35, 1300, 37
{'count': 2620, 'truepos': 35, 'falseneg': 10, 'correction': 17, 'unknownyes': 3, 'falsepos': 0, 'unique': 1300}
26: Danijel.csv: machine: 0, 0
2, 10
2, 20, 98
3, 30, 66
4, 40, 55
4, 50, 52
4, 60, 47
5, 70, 46
5, 80, 44
7, 90, 44
7, 100, 50
7, 110, 45
7, 120, 43
9, 130, 42
9, 140, 47
9, 150, 45
9, 160, 44
9, 170, 44
9, 180, 44
10, 190, 44
12, 200, 44
16, 210, 44
18, 220, 46
19, 230, 46
20, 240, 47
24, 240, 47
25, 250, 40
26, 260, 40
26, 270, 44
26, 280, 41
26, 290, 41
27, 290, 41
28, 300, 39
29, 310, 42
31, 320, 41
31, 330, 46
32, 340, 43
34, 340, 43
34, 350, 43
35, 360, 46
35, 370, 45
35, 380, 47
35, 390, 46
35, 390, 46
35, 400, 48
36, 410, 43
37, 420, 46
37, 430, 47
37, 440, 45
38, 440, 45
38, 450, 46
38, 460, 46
38, 470, 44
38, 480, 46
38, 490, 45
38, 490, 45
39, 500, 44
40, 510, 46
40, 520, 47
40, 530, 47
40, 540, 47
42, 540, 47
43, 550, 48
43, 560, 51
43, 570, 50
43, 580, 48
43, 590, 49
43, 590, 49
43, 600, 50
43, 610, 50
43, 620, 50
43, 630, 48
43, 640, 48
43, 640, 48
43, 650, 47
43, 660, 47
43, 670, 48
43, 680, 47
43, 690, 49
44, 690, 49
44, 700, 49
44, 710, 48
44, 720, 48
44, 730, 48
44, 740, 48
44, 740, 48
44, 750, 48
44, 760, 48
44, 770, 48
44, 780, 48
44, 790, 48
44, 790, 48
44, 800, 48
44, 810, 48
44, 820, 48
44, 830, 49
44, 840, 49
44, 840, 49
44, 850, 47
44, 860, 48
44, 870, 48
44, 880, 48
44, 890, 47
44, 890, 47
44, 900, 47
44, 910, 48
44, 920, 48
44, 930, 47
44, 940, 47
44, 940, 47
44, 950, 47
44, 960, 47
44, 970, 47
44, 980, 47
44, 990, 47
44, 1000, 47
44, 1010, 47
44, 1020, 47
{'count': 1554, 'truepos': 40, 'falseneg': 6, 'correction': 8, 'unknownyes': 2, 'falsepos': 4, 'unique': 1020}
26: Danijel.csv: knee: 0, 0
3, 10
5, 20
5, 30
5, 40
6, 50
6, 60
8, 70
11, 80
14, 90
15, 100
17, 110
17, 120
18, 130
22, 140
23, 150
23, 160
24, 170
25, 180
25, 190
25, 200
25, 210
25, 220
25, 230
25, 240
25, 250
25, 260
28, 270
28, 280
28, 290
29, 300
29, 310
29, 320
29, 330
29, 340
29, 350
29, 360
29, 370
29, 380
29, 390
29, 400
29, 410
29, 420
29, 430
{'count': 563, 'truepos': 31, 'falseneg': 9, 'correction': 3, 'unknownyes': 8, 'falsepos': 0, 'unique': 430}
26: K_all3.csv: none: 0, 0
1, 10
3, 20, 93
3, 30, 54
5, 40, 39
6, 50, 44
9, 60, 40
9, 70, 40
12, 80, 36
13, 90, 42
13, 100, 40
13, 110, 37
15, 120, 35
15, 130, 37
16, 140, 36
16, 150, 37
16, 160, 36
17, 170, 35
17, 180, 36
17, 190, 36
18, 200, 36
19, 210, 37
19, 220, 37
20, 230, 37
21, 240, 29
21, 250, 30
21, 260, 30
22, 270, 28
23, 280, 29
24, 290, 29
24, 300, 29
24, 310, 30
24, 320, 31
24, 330, 29
24, 340, 28
24, 350, 28
25, 360, 27
25, 370, 29
25, 380, 28
25, 390, 28
25, 400, 29
26, 410, 28
26, 420, 28
26, 430, 29
26, 440, 28
26, 450, 28
26, 460, 28
26, 470, 28
26, 480, 28
26, 490, 28
26, 500, 28
27, 510, 28
27, 520, 29
{'count': 520, 'truepos': 26, 'falseneg': 12, 'correction': 0, 'unknownyes': 7, 'falsepos': 1, 'unique': 520}
26: K_all3.csv: three: 0, 0
2, 10
3, 20, 70
5, 30, 59
8, 40, 53
9, 50, 56
11, 60, 49
11, 70, 47
12, 80, 41
13, 90, 40
14, 100, 40
14, 110, 39
16, 120, 38
18, 130, 40
19, 140, 41
20, 150, 41
21, 160, 34
23, 170, 30
23, 180, 36
24, 190, 36
24, 200, 39
24, 210, 34
24, 220, 32
24, 230, 32
24, 240, 33
24, 250, 31
24, 260, 30
24, 270, 30
25, 280, 31
25, 290, 31
25, 300, 29
25, 310, 29
25, 320, 28
25, 330, 28
26, 340, 29
26, 350, 29
26, 360, 28
27, 370, 29
28, 380, 31
28, 390, 31
29, 400, 31
29, 410, 32
29, 420, 31
29, 430, 32
30, 440, 31
30, 450, 32
31, 460, 32
31, 470, 33
31, 480, 33
31, 490, 33
31, 500, 33
31, 510, 33
{'count': 1037, 'truepos': 31, 'falseneg': 9, 'correction': 16, 'unknownyes': 5, 'falsepos': 0, 'unique': 510}
26: K_all3.csv: machine: 0, 0
2, 10
5, 20, 70
5, 30, 62
7, 40, 49
10, 50, 48
12, 60, 50
13, 70, 46
13, 80, 43
16, 90, 39
17, 100, 44
19, 110, 41
19, 120, 43
21, 130, 40
21, 140, 36
21, 150, 32
23, 160, 31
24, 170, 36
24, 180, 36
28, 180, 36
28, 190, 40
28, 200, 37
28, 210, 38
29, 220, 36
30, 230, 35
30, 230, 35
30, 240, 37
30, 250, 37
30, 260, 36
31, 270, 37
31, 280, 37
31, 280, 37
32, 290, 35
32, 300, 36
32, 310, 36
33, 320, 36
33, 330, 37
33, 330, 37
33, 340, 37
33, 350, 37
33, 360, 38
33, 370, 36
33, 380, 35
34, 380, 35
34, 390, 37
35, 400, 36
35, 410, 37
35, 420, 38
35, 430, 37
35, 430, 37
36, 440, 37
37, 450, 38
39, 460, 39
{'count': 715, 'truepos': 36, 'falseneg': 2, 'correction': 4, 'unknownyes': 7, 'falsepos': 3, 'unique': 460}
26: K_all3.csv: knee: 0, 0
1, 10
2, 20
5, 30
6, 40
7, 50
9, 60
9, 70
10, 80
10, 90
13, 100
15, 110
16, 120
17, 130
18, 140
18, 150
19, 160
21, 170
22, 180
23, 190
23, 200
24, 210
24, 220
24, 230
24, 240
24, 250
24, 260
24, 270
24, 280
24, 290
{'count': 458, 'truepos': 27, 'falseneg': 3, 'correction': 8, 'unknownyes': 15, 'falsepos': 4, 'unique': 290}

------------------------------------------------------------
Sender: LSF System <lsfadmin@n2j1-8>
Subject: Job 625695: </share/tjmenzie/zyu9/miniconda2/bin/python2.7 runner.py error_hpcc 26> in cluster <henry2> Done

Job </share/tjmenzie/zyu9/miniconda2/bin/python2.7 runner.py error_hpcc 26> was submitted from host <login01.hpc.ncsu.edu> by user <zyu9> in cluster <henry2> at Mon Jan 29 21:27:41 2018.
Job was executed on host(s) <2*n2j1-8>, in queue <single_chassis>, as user <zyu9> in cluster <henry2> at Mon Jan 29 21:27:47 2018.
</home/zyu9> was used as the home directory.
</home/zyu9/projects/MAR_HPC/Error/src> was used as the working directory.
Started at Mon Jan 29 21:27:47 2018.
Terminated at Mon Jan 29 22:22:09 2018.
Results reported at Mon Jan 29 22:22:09 2018.

Your job looked like:

------------------------------------------------------------
# LSBATCH: User input
/share/tjmenzie/zyu9/miniconda2/bin/python2.7 runner.py error_hpcc 26
------------------------------------------------------------

Successfully completed.

Resource usage summary:

    CPU time :                                   4264.82 sec.
    Max Memory :                                 281.03 MB
    Average Memory :                             224.63 MB
    Total Requested Memory :                     -
    Delta Memory :                               -
    Max Swap :                                   1324 MB
    Max Processes :                              3
    Max Threads :                                8
    Run time :                                   3265 sec.
    Turnaround time :                            3268 sec.

The output (if any) is above this job summary.



PS:

Read file <./err/26.err.625695> for stderr output of this job.

