26: Hall.csv: none: 0, 0
7, 10
12, 20, 114
19, 30, 136
26, 40, 119
31, 50, 116
36, 60, 84
40, 70, 86
45, 80, 88
47, 90, 96
49, 100, 91
53, 110, 85
56, 120, 85
59, 130, 83
64, 140, 83
69, 150, 90
74, 160, 96
75, 170, 105
76, 180, 102
78, 190, 102
81, 200, 101
86, 210, 98
89, 220, 106
96, 230, 111
98, 240, 118
102, 250, 119
103, 260, 136
105, 270, 131
108, 280, 126
112, 290, 134
114, 300, 154
116, 310, 149
116, 320, 144
116, 330, 150
117, 340, 144
119, 350, 145
120, 360, 145
122, 370, 142
122, 380, 142
122, 390, 145
124, 400, 138
124, 410, 144
124, 420, 142
125, 430, 140
126, 440, 142
127, 450, 148
129, 460, 141
130, 470, 150
130, 480, 158
131, 490, 151
133, 500, 149
133, 510, 155
133, 520, 161
135, 530, 152
137, 540, 154
138, 550, 164
140, 560, 161
141, 570, 161
142, 580, 167
143, 590, 167
144, 600, 172
145, 610, 168
146, 620, 166
148, 630, 168
149, 640, 179
150, 650, 169
152, 660, 174
152, 670, 180
152, 680, 178
152, 690, 172
154, 700, 172
154, 710, 177
154, 720, 173
155, 730, 175
155, 740, 176
156, 750, 182
156, 760, 177
158, 770, 178
158, 780, 189
160, 790, 181
160, 800, 180
160, 810, 182
161, 820, 185
163, 830, 186
163, 840, 190
164, 850, 193
165, 860, 193
166, 870, 191
168, 880, 191
168, 890, 191
168, 900, 193
168, 910, 192
171, 920, 193
172, 930, 198
173, 940, 198
174, 950, 195
175, 960, 202
175, 970, 202
177, 980, 201
177, 990, 207
178, 1000, 196
179, 1010, 207
181, 1020, 203
184, 1030, 208
185, 1040, 208
185, 1050, 207
186, 1060, 210
186, 1070, 208
187, 1080, 206
189, 1090, 208
190, 1100, 212
193, 1110, 210
193, 1120, 217
193, 1130, 216
195, 1140, 214
196, 1150, 218
197, 1160, 216
200, 1170, 218
200, 1180, 226
202, 1190, 223
203, 1200, 229
203, 1210, 228
203, 1220, 231
205, 1230, 226
205, 1240, 227
206, 1250, 229
207, 1260, 227
210, 1270, 232
210, 1280, 235
213, 1290, 236
215, 1300, 236
215, 1310, 242
215, 1320, 235
216, 1330, 237
216, 1340, 240
217, 1350, 240
218, 1360, 242
219, 1370, 242
220, 1380, 245
220, 1390, 242
220, 1400, 240
220, 1410, 243
221, 1420, 239
222, 1430, 245
222, 1440, 243
223, 1450, 244
223, 1460, 244
223, 1470, 242
223, 1480, 244
225, 1490, 240
225, 1500, 244
228, 1510, 246
228, 1520, 249
228, 1530, 246
229, 1540, 249
231, 1550, 255
233, 1560, 253
234, 1570, 258
236, 1580, 257
238, 1590, 263
239, 1600, 265
239, 1610, 268
241, 1620, 263
242, 1630, 267
242, 1640, 267
243, 1650, 268
244, 1660, 270
244, 1670, 268
245, 1680, 269
246, 1690, 268
246, 1700, 275
247, 1710, 272
247, 1720, 272
247, 1730, 271
249, 1740, 275
250, 1750, 274
250, 1760, 273
252, 1770, 271
253, 1780, 271
254, 1790, 274
255, 1800, 276
259, 1810, 275
259, 1820, 286
263, 1830, 285
263, 1840, 289
265, 1850, 288
266, 1860, 291
266, 1870, 296
267, 1880, 290
267, 1890, 291
267, 1900, 287
267, 1910, 289
267, 1920, 291
268, 1930, 286
269, 1940, 295
270, 1950, 290
271, 1960, 292
272, 1970, 293
272, 1980, 297
274, 1990, 292
276, 2000, 295
278, 2010, 299
280, 2020, 306
281, 2030, 307
281, 2040, 307
283, 2050, 310
286, 2060, 312
286, 2070, 318
287, 2080, 313
287, 2090, 309
288, 2100, 311
289, 2110, 312
290, 2120, 312
291, 2130, 314
293, 2140, 315
295, 2150, 319
296, 2160, 318
296, 2170, 321
298, 2180, 320
298, 2190, 323
299, 2200, 323
302, 2210, 323
303, 2220, 326
303, 2230, 324
303, 2240, 326
304, 2250, 326
305, 2260, 325
306, 2270, 327
307, 2280, 326
307, 2290, 327
309, 2300, 327
311, 2310, 332
312, 2320, 333
313, 2330, 333
314, 2340, 334
317, 2350, 338
318, 2360, 343
318, 2370, 345
318, 2380, 342
320, 2390, 340
320, 2400, 344
321, 2410, 346
321, 2420, 346
322, 2430, 349
324, 2440, 347
325, 2450, 351
326, 2460, 352
327, 2470, 352
328, 2480, 357
329, 2490, 352
332, 2500, 353
333, 2510, 356
333, 2520, 359
333, 2530, 359
334, 2540, 359
335, 2550, 362
339, 2560, 362
341, 2570, 366
344, 2580, 370
346, 2590, 370
349, 2600, 373
351, 2610, 376
357, 2620, 382
358, 2630, 388
358, 2640, 391
359, 2650, 384
360, 2660, 386
362, 2670, 389
363, 2680, 392
364, 2690, 397
366, 2700, 392
366, 2710, 396
367, 2720, 389
368, 2730, 400
369, 2740, 390
372, 2750, 393
374, 2760, 398
375, 2770, 396
377, 2780, 400
378, 2790, 400
379, 2800, 400
380, 2810, 402
380, 2820, 407
380, 2830, 403
{'count': 2830, 'truepos': 95, 'falseneg': 6, 'unknownyes': 5, 'falsepos': 285, 'unique': 2830}
26: Hall.csv: three: 0, 0
8, 10
12, 20, 124
16, 30, 144
22, 40, 109
28, 50, 112
30, 60, 106
33, 70, 95
37, 80, 91
41, 90, 93
44, 100, 96
46, 110, 91
51, 120, 85
53, 130, 88
57, 140, 92
60, 150, 94
65, 160, 95
66, 170, 87
70, 180, 87
72, 190, 95
76, 200, 89
82, 210, 90
85, 220, 103
90, 230, 103
93, 240, 109
95, 250, 126
95, 260, 113
96, 270, 110
97, 280, 110
99, 290, 110
100, 300, 119
100, 310, 114
102, 320, 114
104, 330, 115
104, 340, 121
104, 350, 117
104, 360, 114
104, 370, 116
105, 380, 113
105, 390, 117
105, 400, 119
105, 410, 114
105, 420, 114
105, 430, 114
105, 440, 117
105, 450, 113
105, 460, 116
105, 470, 112
105, 480, 111
105, 490, 113
106, 500, 111
106, 510, 113
106, 520, 114
108, 530, 113
108, 540, 115
108, 550, 115
110, 560, 115
110, 570, 117
110, 580, 117
111, 590, 116
111, 600, 117
111, 610, 117
112, 620, 117
112, 630, 118
112, 640, 119
112, 650, 120
112, 660, 118
112, 670, 118
112, 680, 118
112, 690, 118
112, 700, 118
{'count': 1515, 'truepos': 97, 'falseneg': 4, 'unknownyes': 5, 'falsepos': 15, 'unique': 700}
26: Hall.csv: machine: 0, 0
8, 10
13, 20, 127
17, 30, 154
23, 40, 114
26, 50, 109
30, 60, 103
['yes' 'yes' 'yes' 'yes' 'yes' 'yes' 'yes' 'yes' 'yes' 'no']
['no' 'no' 'no' 'no' 'no' 'no' 'yes' 'no' 'no' 'no']
30, 60, 103
36, 70, 86
40, 80, 91
44, 90, 98
47, 100, 98
49, 110, 92
['yes' 'no' 'no' 'no' 'yes' 'yes' 'yes' 'no' 'yes' 'no']
['no' 'yes' 'no' 'no' 'no' 'no' 'no' 'no' 'no' 'no']
47, 110, 92
52, 120, 78
58, 130, 88
63, 140, 103
67, 150, 106
71, 160, 112
['yes' 'yes' 'no' 'no' 'yes' 'yes' 'yes' 'yes' 'yes' 'no']
['yes' 'no' 'no' 'no' 'no' 'no' 'no' 'no' 'no' 'no']
68, 160, 112
74, 170, 96
78, 180, 100
85, 190, 95
89, 200, 103
91, 210, 104
['yes' 'yes' 'yes' 'yes' 'yes' 'yes' 'no' 'yes' 'yes' 'yes']
['no' 'yes' 'no' 'no' 'no' 'no' 'yes' 'no' 'no' 'no']
92, 210, 104
93, 220, 108
93, 230, 106
97, 240, 106
98, 250, 116
101, 260, 109
['no' 'no' 'yes' 'yes' 'yes' 'yes' 'yes' 'yes' 'yes' 'yes']
['no' 'no' 'no' 'no' 'no' 'no' 'no' 'no' 'no' 'no']
100, 260, 109
103, 270, 112
106, 280, 113
106, 290, 117
108, 300, 116
109, 310, 121
['no' 'yes' 'yes' 'yes' 'no' 'no' 'yes' 'yes' 'yes' 'no']
['no' 'no' 'yes' 'no' 'no' 'no' 'no' 'no' 'no' 'no']
106, 310, 121
108, 320, 119
110, 330, 121
110, 340, 121
112, 350, 119
115, 360, 124
['no' 'no' 'no' 'no' 'no' 'yes' 'yes' 'yes' 'no' 'no']
['no' 'no' 'no' 'no' 'no' 'no' 'no' 'no' 'no' 'no']
111, 360, 124
113, 370, 120
113, 380, 125
116, 390, 125
116, 400, 132
117, 410, 130
['no' 'no' 'no' 'no' 'no' 'no' 'yes' 'yes' 'no' 'yes']
['no' 'no' 'no' 'no' 'no' 'no' 'no' 'no' 'no' 'no']
111, 410, 130
114, 420, 122
115, 430, 123
118, 440, 127
119, 450, 138
121, 460, 133
['no' 'yes' 'no' 'yes' 'yes' 'no' 'yes' 'yes' 'yes' 'yes']
['no' 'no' 'no' 'no' 'no' 'no' 'no' 'no' 'no' 'no']
119, 460, 133
120, 470, 131
122, 480, 131
123, 490, 132
123, 500, 131
124, 510, 131
['no' 'no' 'no' 'no' 'yes' 'no' 'yes' 'no' 'no' 'no']
['no' 'no' 'no' 'no' 'no' 'no' 'no' 'no' 'no' 'no']
117, 510, 131
120, 520, 125
120, 530, 130
120, 540, 129
120, 550, 127
122, 560, 127
['no' 'no' 'no' 'no' 'no' 'no' 'no' 'no' 'no' 'no']
['no' 'no' 'no' 'no' 'no' 'no' 'no' 'no' 'no' 'no']
['no' 'no' 'no' 'no' 'no' 'no' 'no' 'no' 'yes' 'yes']
['no' 'no' 'no' 'no' 'no' 'no' 'no' 'no' 'no' 'no']
{'count': 780, 'truepos': 99, 'falseneg': 3, 'unknownyes': 4, 'falsepos': 16, 'unique': 560}
26: Hall.csv: machine2: 0, 0
7, 10
8, 20, 111
11, 30, 104
13, 40, 111
15, 50, 94
20, 60, 95
['yes' 'yes' 'yes' 'yes' 'yes' 'yes' 'yes' 'no' 'no' 'no']
['no' 'no']
18, 60, 95
23, 70, 82
27, 80, 90
31, 90, 87
35, 100, 69
39, 110, 69
['no' 'yes' 'no' 'yes' 'yes' 'yes' 'yes' 'yes' 'yes' 'yes']
['no' 'no' 'yes' 'no' 'no' 'no' 'no' 'no' 'no' 'no']
38, 110, 69
42, 120, 70
45, 130, 74
51, 140, 76
51, 150, 87
55, 160, 76
['no' 'yes' 'no' 'no' 'yes' 'yes' 'no' 'no' 'yes' 'yes']
['no' 'no' 'yes' 'no' 'no' 'no' 'no' 'no' 'no' 'yes']
54, 160, 76
57, 170, 76
59, 180, 81
65, 190, 79
70, 200, 88
74, 210, 92
['yes' 'yes' 'yes' 'yes' 'no' 'yes' 'yes' 'yes' 'yes' 'yes']
['yes' 'no' 'no' 'no' 'yes' 'no' 'no' 'no' 'yes' 'no']
77, 210, 92
82, 220, 95
86, 230, 96
89, 240, 100
92, 250, 103
93, 260, 110
['no' 'yes' 'no' 'no' 'yes' 'yes' 'yes' 'yes' 'yes' 'yes']
['no' 'no' 'yes' 'no' 'yes' 'no' 'no' 'no' 'no' 'no']
91, 260, 110
95, 270, 109
97, 280, 120
99, 290, 113
101, 300, 117
102, 310, 122
['no' 'no' 'yes' 'no' 'no' 'yes' 'yes' 'yes' 'yes' 'no']
['no' 'no' 'no' 'no' 'no' 'no' 'no' 'no' 'no' 'no']
98, 310, 122
101, 320, 110
102, 330, 113
103, 340, 116
104, 350, 114
104, 360, 115
['no' 'yes' 'yes' 'yes' 'yes' 'yes' 'yes' 'yes' 'yes' 'yes']
['no' 'no' 'no' 'no' 'no' 'no' 'no' 'no' 'no' 'no']
103, 360, 115
105, 370, 112
106, 380, 115
108, 390, 115
110, 400, 120
111, 410, 121
['no' 'no' 'no' 'no' 'yes' 'no' 'yes' 'no' 'yes' 'yes']
['no' 'no' 'no' 'no' 'no' 'no' 'no' 'no' 'no' 'no']
108, 410, 121
111, 420, 119
113, 430, 135
116, 440, 134
119, 450, 140
119, 460, 157
['yes' 'yes' 'no' 'no' 'no' 'no' 'yes' 'yes' 'no' 'yes']
['no' 'no' 'no' 'no' 'no' 'no' 'yes' 'no' 'no' 'no']
116, 460, 157
117, 470, 134
119, 480, 138
120, 490, 135
120, 500, 139
124, 510, 134
['no' 'no' 'no' 'no' 'yes' 'no' 'no' 'yes' 'no' 'yes']
['no' 'no' 'no' 'no' 'no' 'no' 'no' 'no' 'no' 'no']
118, 510, 134
120, 520, 132
122, 530, 134
124, 540, 138
125, 550, 140
126, 560, 141
['no' 'no' 'no' 'no' 'no' 'no' 'no' 'no' 'no' 'yes']
['no' 'no' 'no' 'no' 'no' 'no' 'no' 'no' 'no' 'no']
119, 560, 141
120, 570, 128
122, 580, 130
122, 590, 132
123, 600, 130
125, 610, 136
['no' 'no' 'no' 'no' 'no' 'yes' 'no' 'yes' 'no' 'yes']
['no' 'no' 'no' 'no' 'no' 'no' 'no' 'no' 'no' 'no']
120, 610, 136
121, 620, 130
125, 630, 133
125, 640, 141
125, 650, 143
126, 660, 138
['no' 'no' 'no' 'no' 'no' 'no' 'no' 'yes' 'yes' 'yes']
['no' 'no' 'no' 'no' 'no' 'no' 'no' 'no' 'no' 'no']
121, 660, 138
121, 670, 130
121, 680, 131
121, 690, 131
122, 700, 131
122, 710, 130
['no' 'no' 'no' 'no' 'yes' 'no' 'no' 'yes' 'no' 'yes']
['no' 'no' 'no' 'no' 'no' 'no' 'no' 'no' 'no' 'no']
118, 710, 130
118, 720, 127
118, 730, 125
['no' 'no' 'no' 'yes' 'yes' 'no' 'yes' 'no' 'yes' 'yes']
['no' 'no' 'no' 'no' 'no' 'no' 'no' 'no' 'no' 'no']
{'count': 1092, 'truepos': 99, 'falseneg': 3, 'unknownyes': 4, 'falsepos': 14, 'unique': 730}
26: Hall.csv: machine3: 0, 0
6, 10
10, 20, 103
17, 30, 108
20, 40, 103
25, 50, 100
27, 60, 94
null
['no' 'no']
27, 60, 94
32, 70, 89
35, 80, 71
36, 90, 75
40, 100, 66
43, 110, 71
null
['no' 'no' 'no' 'no' 'yes' 'yes' 'no' 'no' 'yes' 'no']
45, 110, 71
48, 120, 70
51, 130, 71
51, 140, 76
53, 150, 70
59, 160, 72
null
['no' 'no' 'no' 'yes' 'no' 'no' 'yes' 'yes' 'no' 'no']
62, 160, 72
68, 170, 82
71, 180, 87
71, 190, 89
73, 200, 90
77, 210, 85
null
['no' 'yes' 'no' 'yes' 'no' 'no' 'no' 'no' 'no' 'no']
79, 210, 85
80, 220, 92
82, 230, 94
85, 240, 95
85, 250, 101
85, 260, 96
null
['no' 'no' 'no' 'no' 'no' 'no' 'no' 'no' 'no' 'no']
85, 260, 96
87, 270, 97
89, 280, 99
90, 290, 101
90, 300, 104
91, 310, 103
null
['no' 'no' 'yes' 'no' 'no' 'no' 'yes' 'no' 'no' 'no']
92, 310, 103
92, 320, 104
94, 330, 103
95, 340, 103
95, 350, 104
95, 360, 103
null
['yes' 'no' 'yes' 'no' 'no' 'no' 'no' 'no' 'no' 'no']
97, 360, 103
97, 370, 105
97, 380, 105
97, 390, 103
97, 400, 104
97, 410, 104
null
['no' 'no' 'no' 'no' 'no' 'no' 'no' 'no' 'no' 'yes']
98, 410, 104
98, 420, 105
98, 430, 106
99, 440, 105
99, 450, 107
100, 460, 106
null
['no' 'no' 'no' 'no' 'no' 'no' 'no' 'yes' 'no' 'no']
101, 460, 106
101, 470, 112
101, 480, 111
101, 490, 110
101, 500, 110
101, 510, 109
null
['no' 'no' 'no' 'no' 'no' 'no' 'no' 'no' 'no' 'no']
101, 510, 109
101, 520, 109
101, 530, 108
null
['no' 'no' 'no' 'no' 'no' 'no' 'no' 'no' 'no' 'no']
{'count': 779, 'truepos': 97, 'falseneg': 5, 'unknownyes': 4, 'falsepos': 6, 'unique': 530}
26: Wahono.csv: none: 0, 0
6, 10
8, 20, 103
11, 30, 99
13, 40, 108
15, 50, 92
19, 60, 85
21, 70, 87
24, 80, 87
26, 90, 89
29, 100, 84
30, 110, 88
32, 120, 64
37, 130, 61
38, 140, 75
38, 150, 91
40, 160, 87
42, 170, 73
42, 180, 87
42, 190, 80
43, 200, 66
44, 210, 74
45, 220, 76
46, 230, 65
48, 240, 75
48, 250, 68
51, 260, 75
52, 270, 97
52, 280, 79
53, 290, 93
54, 300, 100
56, 310, 96
59, 320, 109
59, 330, 96
63, 340, 114
66, 350, 133
67, 360, 128
67, 370, 119
68, 380, 114
70, 390, 140
71, 400, 149
71, 410, 147
72, 420, 109
76, 430, 112
78, 440, 112
79, 450, 129
80, 460, 113
80, 470, 103
82, 480, 121
83, 490, 122
85, 500, 121
85, 510, 119
86, 520, 121
87, 530, 113
89, 540, 122
89, 550, 131
90, 560, 120
91, 570, 119
91, 580, 129
93, 590, 129
94, 600, 130
97, 610, 122
97, 620, 122
97, 630, 121
97, 640, 124
97, 650, 125
97, 660, 126
98, 670, 117
98, 680, 125
100, 690, 122
101, 700, 127
103, 710, 122
103, 720, 127
105, 730, 124
106, 740, 127
107, 750, 134
108, 760, 132
109, 770, 137
110, 780, 139
112, 790, 132
115, 800, 135
115, 810, 137
115, 820, 137
115, 830, 141
115, 840, 132
118, 850, 141
120, 860, 139
121, 870, 140
123, 880, 148
123, 890, 154
126, 900, 152
129, 910, 149
130, 920, 152
131, 930, 152
131, 940, 153
133, 950, 154
135, 960, 158
137, 970, 168
138, 980, 163
141, 990, 174
143, 1000, 177
144, 1010, 178
144, 1020, 188
146, 1030, 184
146, 1040, 185
147, 1050, 182
147, 1060, 182
148, 1070, 180
150, 1080, 185
154, 1090, 193
155, 1100, 211
157, 1110, 200
159, 1120, 207
160, 1130, 202
160, 1140, 215
162, 1150, 210
162, 1160, 211
162, 1170, 209
163, 1180, 206
164, 1190, 201
164, 1200, 206
164, 1210, 206
165, 1220, 209
165, 1230, 218
167, 1240, 211
167, 1250, 208
169, 1260, 212
170, 1270, 214
170, 1280, 210
170, 1290, 217
170, 1300, 210
170, 1310, 210
172, 1320, 216
172, 1330, 218
172, 1340, 209
172, 1350, 217
173, 1360, 218
173, 1370, 213
175, 1380, 212
175, 1390, 222
175, 1400, 216
176, 1410, 222
177, 1420, 218
177, 1430, 217
179, 1440, 215
179, 1450, 218
179, 1460, 213
179, 1470, 219
179, 1480, 213
179, 1490, 211
179, 1500, 211
179, 1510, 213
180, 1520, 214
181, 1530, 212
181, 1540, 222
184, 1550, 222
185, 1560, 223
185, 1570, 227
186, 1580, 225
187, 1590, 225
189, 1600, 228
189, 1610, 222
189, 1620, 231
189, 1630, 225
190, 1640, 226
190, 1650, 230
190, 1660, 229
191, 1670, 222
192, 1680, 235
195, 1690, 229
195, 1700, 238
197, 1710, 229
198, 1720, 231
199, 1730, 237
199, 1740, 234
201, 1750, 233
202, 1760, 239
203, 1770, 242
205, 1780, 238
207, 1790, 246
208, 1800, 242
209, 1810, 253
210, 1820, 253
211, 1830, 249
215, 1840, 255
217, 1850, 259
217, 1860, 258
219, 1870, 267
221, 1880, 258
223, 1890, 261
223, 1900, 265
224, 1910, 264
224, 1920, 260
225, 1930, 268
225, 1940, 266
226, 1950, 259
228, 1960, 268
231, 1970, 264
232, 1980, 268
232, 1990, 271
232, 2000, 269
236, 2010, 270
237, 2020, 274
238, 2030, 275
238, 2040, 287
239, 2050, 279
240, 2060, 281
241, 2070, 281
241, 2080, 285
241, 2090, 282
242, 2100, 278
243, 2110, 278
246, 2120, 282
246, 2130, 282
248, 2140, 284
248, 2150, 290
248, 2160, 282
249, 2170, 281
251, 2180, 284
253, 2190, 286
253, 2200, 285
254, 2210, 287
256, 2220, 287
256, 2230, 287
257, 2240, 284
258, 2250, 291
259, 2260, 293
260, 2270, 292
262, 2280, 296
264, 2290, 302
264, 2300, 306
266, 2310, 306
267, 2320, 308
269, 2330, 305
270, 2340, 306
270, 2350, 307
272, 2360, 307
272, 2370, 309
272, 2380, 312
273, 2390, 313
274, 2400, 311
274, 2410, 312
275, 2420, 309
275, 2430, 315
278, 2440, 312
279, 2450, 312
279, 2460, 311
279, 2470, 311
279, 2480, 312
279, 2490, 312
281, 2500, 313
283, 2510, 312
284, 2520, 319
284, 2530, 320
285, 2540, 318
287, 2550, 320
287, 2560, 323
287, 2570, 323
288, 2580, 322
289, 2590, 324
290, 2600, 326
290, 2610, 325
290, 2620, 324
290, 2630, 322
292, 2640, 327
293, 2650, 329
293, 2660, 326
293, 2670, 329
294, 2680, 326
296, 2690, 332
297, 2700, 334
299, 2710, 335
300, 2720, 336
300, 2730, 338
301, 2740, 335
302, 2750, 334
303, 2760, 337
304, 2770, 334
306, 2780, 337
307, 2790, 344
307, 2800, 343
309, 2810, 345
310, 2820, 343
315, 2830, 347
317, 2840, 353
317, 2850, 362
318, 2860, 360
318, 2870, 360
318, 2880, 359
319, 2890, 361
321, 2900, 360
323, 2910, 361
324, 2920, 363
326, 2930, 361
326, 2940, 365
327, 2950, 367
329, 2960, 368
329, 2970, 372
329, 2980, 368
331, 2990, 368
332, 3000, 370
332, 3010, 368
333, 3020, 374
335, 3030, 369
336, 3040, 370
336, 3050, 374
337, 3060, 375
339, 3070, 374
340, 3080, 377
342, 3090, 377
344, 3100, 383
346, 3110, 383
348, 3120, 388
348, 3130, 390
349, 3140, 390
349, 3150, 393
350, 3160, 391
351, 3170, 396
353, 3180, 395
355, 3190, 398
358, 3200, 400
359, 3210, 402
360, 3220, 405
360, 3230, 406
360, 3240, 408
361, 3250, 406
363, 3260, 412
363, 3270, 409
363, 3280, 408
365, 3290, 406
366, 3300, 412
369, 3310, 409
369, 3320, 409
369, 3330, 412
371, 3340, 407
371, 3350, 410
371, 3360, 411
373, 3370, 408
376, 3380, 413
377, 3390, 414
379, 3400, 416
380, 3410, 421
381, 3420, 418
381, 3430, 418
381, 3440, 419
382, 3450, 415
382, 3460, 415
382, 3470, 416
385, 3480, 418
387, 3490, 420
388, 3500, 421
388, 3510, 425
392, 3520, 421
394, 3530, 424
394, 3540, 431
396, 3550, 428
398, 3560, 429
401, 3570, 428
402, 3580, 434
402, 3590, 437
403, 3600, 439
404, 3610, 439
405, 3620, 439
405, 3630, 441
406, 3640, 438
407, 3650, 437
409, 3660, 442
411, 3670, 440
414, 3680, 447
415, 3690, 453
417, 3700, 447
418, 3710, 451
419, 3720, 453
421, 3730, 451
421, 3740, 456
422, 3750, 455
422, 3760, 456
423, 3770, 454
424, 3780, 454
425, 3790, 456
425, 3800, 456
428, 3810, 456
428, 3820, 460
434, 3830, 461
435, 3840, 470
436, 3850, 473
437, 3860, 471
437, 3870, 475
437, 3880, 476
437, 3890, 474
437, 3900, 472
438, 3910, 473
440, 3920, 468
442, 3930, 477
443, 3940, 475
444, 3950, 480
446, 3960, 477
448, 3970, 479
450, 3980, 483
450, 3990, 488
450, 4000, 483
450, 4010, 484
451, 4020, 485
451, 4030, 485
453, 4040, 483
453, 4050, 485
454, 4060, 487
454, 4070, 486
454, 4080, 488
456, 4090, 489
456, 4100, 489
456, 4110, 491
459, 4120, 489
461, 4130, 494
462, 4140, 498
463, 4150, 499
465, 4160, 500
466, 4170, 503
467, 4180, 499
468, 4190, 503
471, 4200, 505
472, 4210, 507
474, 4220, 508
475, 4230, 512
475, 4240, 509
477, 4250, 515
477, 4260, 515
477, 4270, 513
477, 4280, 514
479, 4290, 510
480, 4300, 512
482, 4310, 515
483, 4320, 516
485, 4330, 519
485, 4340, 520
485, 4350, 521
486, 4360, 521
486, 4370, 522
487, 4380, 519
487, 4390, 520
487, 4400, 522
488, 4410, 519
490, 4420, 520
492, 4430, 520
495, 4440, 521
497, 4450, 526
497, 4460, 528
499, 4470, 526
500, 4480, 529
502, 4490, 530
502, 4500, 532
502, 4510, 531
503, 4520, 531
504, 4530, 531
505, 4540, 534
505, 4550, 536
505, 4560, 533
508, 4570, 533
509, 4580, 538
510, 4590, 537
510, 4600, 540
511, 4610, 537
512, 4620, 539
514, 4630, 540
{'count': 4630, 'truepos': 54, 'falseneg': 8, 'unknownyes': 0, 'falsepos': 460, 'unique': 4630}
26: Wahono.csv: three: 0, 0
6, 10
6, 20, 100
7, 30, 90
12, 40, 86
15, 50, 86
19, 60, 81
20, 70, 82
21, 80, 67
22, 90, 57
22, 100, 52
23, 110, 46
25, 120, 46
28, 130, 48
30, 140, 53
31, 150, 53
33, 160, 56
35, 170, 59
36, 180, 59
39, 190, 63
40, 200, 76
41, 210, 74
41, 220, 73
42, 230, 71
44, 240, 69
44, 250, 74
46, 260, 69
46, 270, 68
48, 280, 74
49, 290, 74
49, 300, 73
50, 310, 78
51, 320, 73
53, 330, 73
53, 340, 75
54, 350, 74
54, 360, 75
54, 370, 73
54, 380, 78
56, 390, 72
56, 400, 78
57, 410, 75
58, 420, 75
58, 430, 79
59, 440, 79
59, 450, 77
60, 460, 82
60, 470, 78
60, 480, 85
60, 490, 78
60, 500, 82
60, 510, 82
61, 520, 81
62, 530, 82
62, 540, 80
62, 550, 85
62, 560, 80
62, 570, 82
62, 580, 80
63, 590, 77
64, 600, 79
65, 610, 79
66, 620, 77
67, 630, 76
67, 640, 82
67, 650, 79
67, 660, 80
67, 670, 79
68, 680, 78
68, 690, 79
69, 700, 80
69, 710, 80
70, 720, 82
70, 730, 82
70, 740, 83
71, 750, 81
71, 760, 83
71, 770, 84
73, 780, 84
74, 790, 86
74, 800, 87
74, 810, 85
75, 820, 85
75, 830, 86
75, 840, 87
76, 850, 85
78, 860, 87
79, 870, 91
79, 880, 95
80, 890, 90
80, 900, 90
80, 910, 92
80, 920, 91
80, 930, 91
80, 940, 89
80, 950, 91
80, 960, 89
80, 970, 88
81, 980, 88
81, 990, 91
81, 1000, 90
81, 1010, 90
81, 1020, 89
82, 1030, 92
83, 1040, 92
83, 1050, 93
83, 1060, 95
83, 1070, 93
84, 1080, 93
84, 1090, 97
84, 1100, 94
85, 1110, 95
86, 1120, 96
86, 1130, 100
86, 1140, 96
86, 1150, 95
86, 1160, 96
86, 1170, 96
87, 1180, 95
87, 1190, 96
87, 1200, 98
87, 1210, 97
87, 1220, 96
87, 1230, 96
87, 1240, 96
87, 1250, 96
87, 1260, 96
87, 1270, 95
87, 1280, 96
87, 1290, 96
89, 1300, 94
89, 1310, 96
89, 1320, 97
90, 1330, 96
90, 1340, 99
90, 1350, 96
90, 1360, 97
92, 1370, 97
94, 1380, 101
94, 1390, 101
94, 1400, 103
94, 1410, 103
94, 1420, 101
95, 1430, 101
95, 1440, 104
95, 1450, 104
96, 1460, 104
96, 1470, 104
96, 1480, 104
97, 1490, 103
98, 1500, 106
99, 1510, 107
99, 1520, 108
99, 1530, 108
99, 1540, 108
99, 1550, 108
100, 1560, 107
100, 1570, 108
100, 1580, 108
100, 1590, 110
100, 1600, 107
100, 1610, 108
101, 1620, 107
101, 1630, 108
101, 1640, 107
101, 1650, 109
101, 1660, 109
102, 1670, 109
103, 1680, 108
103, 1690, 111
104, 1700, 110
105, 1710, 111
105, 1720, 113
105, 1730, 112
105, 1740, 112
106, 1750, 111
106, 1760, 113
106, 1770, 112
106, 1780, 112
106, 1790, 112
106, 1800, 113
106, 1810, 113
106, 1820, 112
108, 1830, 112
108, 1840, 115
108, 1850, 114
{'count': 4035, 'truepos': 59, 'falseneg': 0, 'unknownyes': 3, 'falsepos': 49, 'unique': 1850}
26: Wahono.csv: machine: 0, 0
6, 10
7, 20, 103
8, 30, 96
12, 40, 99
16, 50, 102
19, 60, 94
['yes' 'yes' 'yes' 'yes' 'yes' 'yes' 'yes' 'no' 'yes' 'yes']
['no']
16, 60, 94
18, 70, 83
20, 80, 77
23, 90, 68
26, 100, 79
29, 110, 73
['yes' 'no' 'no' 'yes' 'yes' 'yes' 'yes' 'yes' 'no' 'no']
[]
25, 110, 73
28, 120, 72
31, 130, 72
35, 140, 70
38, 150, 80
42, 160, 81
['no' 'yes' 'yes' 'yes' 'no' 'no' 'yes' 'no' 'yes' 'no']
['no' 'no' 'no' 'no' 'no' 'no' 'no' 'no' 'no' 'yes']
40, 160, 81
41, 170, 80
42, 180, 70
43, 190, 73
44, 200, 68
45, 210, 73
['no' 'no' 'no' 'no' 'yes' 'yes' 'no' 'yes' 'yes' 'yes']
['no' 'no' 'no' 'no' 'no' 'no' 'no' 'no' 'yes' 'no']
42, 210, 73
44, 220, 65
46, 230, 66
46, 240, 63
47, 250, 65
49, 260, 66
['yes' 'yes' 'no' 'yes' 'yes' 'yes' 'no' 'yes' 'no' 'no']
['no' 'yes' 'no' 'no' 'no' 'no' 'no' 'no' 'no' 'no']
49, 260, 66
52, 270, 69
53, 280, 80
53, 290, 91
54, 300, 80
57, 310, 79
['no' 'no' 'no' 'yes' 'no' 'no' 'yes' 'no' 'yes' 'yes']
['no' 'no' 'no' 'no' 'no' 'no' 'no' 'no' 'no' 'no']
52, 310, 79
53, 320, 68
57, 330, 70
57, 340, 74
59, 350, 73
59, 360, 76
['yes' 'no' 'yes' 'no' 'yes' 'no' 'yes' 'no' 'yes' 'no']
['no' 'no' 'no' 'no' 'no' 'no' 'no' 'yes' 'no' 'no']
55, 360, 76
55, 370, 71
57, 380, 65
59, 390, 70
61, 400, 72
63, 410, 81
['no' 'no' 'yes' 'no' 'no' 'yes' 'no' 'no' 'no' 'no']
['no' 'no' 'no' 'no' 'no' 'no' 'no' 'no' 'no' 'no']
55, 410, 81
55, 420, 68
55, 430, 67
59, 440, 66
60, 450, 73
62, 460, 70
['no' 'no' 'no' 'yes' 'no' 'yes' 'no' 'no' 'yes' 'yes']
['no' 'no' 'no' 'no' 'no' 'no' 'no' 'no' 'no' 'no']
58, 460, 70
58, 470, 72
60, 480, 66
60, 490, 71
61, 500, 70
61, 510, 70
['no' 'no' 'no' 'no' 'no' 'yes' 'no' 'yes']
['no' 'no' 'no' 'no' 'no' 'no' 'no' 'no' 'no' 'no']
58, 510, 70
60, 520, 67
60, 530, 68
62, 540, 68
62, 550, 73
64, 560, 71
['no' 'no' 'no' 'no' 'no' 'no' 'no']
['no' 'no' 'no' 'no' 'no' 'no' 'no' 'yes' 'no' 'no']
61, 560, 71
61, 570, 69
62, 580, 69
62, 590, 70
63, 600, 72
65, 610, 71
['no' 'no' 'no' 'yes' 'no' 'no']
['no' 'no' 'no' 'no' 'no' 'no' 'no' 'no' 'no' 'no']
61, 610, 71
61, 620, 70
63, 630, 71
63, 640, 75
65, 650, 72
68, 660, 72
['no' 'no' 'no' 'yes' 'no' 'no' 'no' 'no']
['no' 'no' 'no' 'no' 'no' 'no' 'no' 'no' 'no' 'no']
63, 660, 72
64, 670, 70
64, 680, 72
68, 690, 74
69, 700, 80
71, 710, 79
['no' 'no' 'yes' 'no' 'yes' 'no' 'yes' 'no' 'no']
['no' 'no' 'no' 'no' 'no' 'no' 'no' 'no' 'no' 'no']
66, 710, 79
67, 720, 75
67, 730, 76
69, 740, 75
71, 750, 78
72, 760, 78
['no' 'no' 'no' 'no' 'yes' 'no']
['no' 'no' 'no' 'no' 'no' 'no' 'no' 'no' 'no' 'no']
67, 760, 78
69, 770, 75
70, 780, 78
72, 790, 78
75, 800, 81
75, 810, 90
['no' 'no' 'no' 'no' 'no' 'no' 'no' 'no']
['no' 'no' 'no' 'no' 'no' 'no' 'no' 'no' 'no' 'no']
70, 810, 90
72, 820, 79
72, 830, 85
73, 840, 82
73, 850, 84
75, 860, 84
['no' 'no' 'no' 'no' 'no' 'no']
['no' 'no' 'no' 'no' 'no' 'no' 'no' 'no' 'no' 'no']
71, 860, 84
74, 870, 81
75, 880, 87
76, 890, 90
76, 900, 91
77, 910, 92
['yes' 'no' 'yes' 'no' 'no' 'no']
['no' 'no' 'no' 'no' 'no' 'no' 'no' 'no' 'no' 'no']
74, 910, 92
76, 920, 85
77, 930, 89
77, 940, 90
79, 950, 89
79, 960, 91
['no' 'no' 'no' 'no' 'no' 'no']
['no' 'no' 'no' 'no' 'no' 'no' 'no' 'no' 'no' 'no']
73, 960, 91
73, 970, 81
75, 980, 82
76, 990, 83
77, 1000, 85
78, 1010, 89
['no' 'no' 'yes' 'no' 'no']
['no' 'no' 'no' 'no' 'no' 'no' 'no' 'no' 'no' 'no']
77, 1010, 89
81, 1020, 85
83, 1030, 93
87, 1040, 96
87, 1050, 101
88, 1060, 101
['no' 'no' 'no' 'no' 'yes' 'no' 'no' 'no' 'no' 'no']
['no' 'no' 'no' 'no' 'no' 'no' 'no' 'no' 'no' 'no']
82, 1060, 101
84, 1070, 91
86, 1080, 94
87, 1090, 95
87, 1100, 97
88, 1110, 94
['no' 'no' 'no' 'no' 'no' 'no' 'no' 'no' 'no' 'no']
['no' 'no' 'no' 'no' 'no' 'no' 'no' 'no' 'no' 'no']
79, 1110, 94
79, 1120, 86
79, 1130, 86
80, 1140, 85
80, 1150, 87
81, 1160, 86
['no' 'no' 'no' 'no' 'no']
['no' 'no' 'no' 'no' 'no' 'no' 'no' 'no' 'no' 'no']
77, 1160, 86
77, 1170, 85
80, 1180, 84
81, 1190, 89
83, 1200, 91
83, 1210, 95
['no' 'no' 'no' 'no' 'no' 'no']
['no' 'no' 'no' 'no' 'no' 'no' 'no' 'no' 'no' 'no']
78, 1210, 95
78, 1220, 86
81, 1230, 85
81, 1240, 89
81, 1250, 88
81, 1260, 88
['no' 'no' 'no' 'no']
['no' 'no' 'no' 'no' 'no' 'no' 'no' 'no' 'no' 'no']
77, 1260, 88
78, 1270, 85
80, 1280, 85
81, 1290, 87
83, 1300, 88
84, 1310, 93
['no' 'no' 'no' 'no' 'no' 'no' 'no']
['no' 'no' 'no' 'no' 'no' 'no' 'no' 'no' 'no' 'no']
79, 1310, 93
79, 1320, 88
80, 1330, 87
80, 1340, 86
80, 1350, 87
81, 1360, 87
['no' 'no' 'no']
['no' 'no' 'no' 'no' 'no' 'no' 'no' 'no' 'no' 'no']
80, 1360, 87
83, 1370, 86
84, 1380, 93
86, 1390, 92
87, 1400, 98
90, 1410, 98
['no' 'no' 'no' 'no' 'yes' 'no' 'no' 'no' 'no' 'no']
['no' 'no' 'no' 'no' 'no' 'no' 'no' 'no' 'no' 'no']
85, 1410, 98
87, 1420, 94
87, 1430, 97
88, 1440, 96
89, 1450, 99
89, 1460, 100
['no' 'no' 'no' 'no' 'no' 'no']
['no' 'no' 'no' 'no' 'no' 'no' 'no' 'no' 'no' 'no']
84, 1460, 100
85, 1470, 92
86, 1480, 94
86, 1490, 95
86, 1500, 95
86, 1510, 95
['no' 'no' 'no']
['no' 'no' 'no' 'no' 'no' 'no' 'no' 'no' 'no' 'no']
85, 1510, 95
85, 1520, 91
87, 1530, 91
88, 1540, 93
88, 1550, 95
89, 1560, 95
['no' 'no' 'no' 'no' 'no']
['no' 'no' 'no' 'no' 'no' 'no' 'no' 'no' 'no' 'no']
85, 1560, 95
86, 1570, 93
87, 1580, 92
87, 1590, 95
89, 1600, 94
90, 1610, 97
['no' 'no' 'no' 'no' 'no']
['no' 'no' 'no' 'no' 'no' 'no' 'no' 'no' 'no' 'no']
87, 1610, 97
88, 1620, 94
88, 1630, 96
89, 1640, 95
90, 1650, 96
92, 1660, 98
['no' 'no' 'no' 'no' 'no' 'no']
['no' 'no' 'no' 'no' 'no' 'no' 'no' 'no' 'no' 'no']
88, 1660, 98
91, 1670, 94
93, 1680, 98
94, 1690, 101
94, 1700, 101
94, 1710, 101
['no' 'no' 'no' 'no' 'no' 'no' 'no' 'no']
['no' 'no' 'no' 'no' 'no' 'no' 'no' 'no' 'no' 'no']
87, 1710, 101
88, 1720, 94
90, 1730, 95
92, 1740, 98
92, 1750, 101
92, 1760, 101
['no' 'no' 'no' 'no' 'no' 'no']
['no' 'no' 'no' 'no' 'no' 'no' 'no' 'no' 'no' 'no']
87, 1760, 101
87, 1770, 95
87, 1780, 94
87, 1790, 94
87, 1800, 94
90, 1810, 94
['no' 'no' 'no' 'no']
['no' 'no' 'no' 'no' 'no' 'yes' 'no' 'no' 'no' 'no']
['no' 'no' 'no' 'no']
['no' 'no' 'no' 'no' 'no' 'no' 'no' 'no' 'no' 'no']
{'count': 2414, 'truepos': 56, 'falseneg': 5, 'unknownyes': 1, 'falsepos': 30, 'unique': 1810}
26: Wahono.csv: machine2: 0, 0
5, 10
5, 20, 100
8, 30, 89
8, 40, 80
12, 50, 50
12, 60, 53
['no' 'yes' 'yes' 'yes' 'yes' 'yes' 'yes' 'yes' 'yes' 'yes']
['no']
11, 60, 53
12, 70, 42
15, 80, 43
16, 90, 52
21, 100, 50
24, 110, 63
['no' 'yes' 'yes' 'no' 'no' 'yes' 'no' 'yes' 'yes' 'no']
['no']
20, 110, 63
22, 120, 65
23, 130, 62
25, 140, 59
26, 150, 66
30, 160, 60
['no' 'no' 'yes' 'yes' 'no' 'yes' 'yes' 'no' 'no' 'yes']
['no' 'yes' 'no' 'no' 'no' 'no' 'no' 'no' 'no' 'no']
26, 160, 60
28, 170, 57
30, 180, 58
33, 190, 50
38, 200, 61
38, 210, 71
['yes' 'yes' 'yes' 'yes' 'no' 'yes' 'yes' 'no' 'no' 'no']
['no' 'no' 'no' 'no' 'no' 'no' 'no' 'no' 'no' 'no']
36, 210, 71
39, 220, 63
40, 230, 70
41, 240, 71
44, 250, 64
46, 260, 83
['yes' 'yes' 'yes' 'no' 'yes' 'no' 'no' 'no' 'no' 'no']
['no' 'no' 'no' 'no' 'no' 'no' 'no' 'no' 'no' 'no']
41, 260, 83
42, 270, 65
42, 280, 70
42, 290, 68
44, 300, 72
44, 310, 67
['no' 'no' 'no' 'yes' 'no' 'yes' 'no' 'yes' 'no' 'yes']
['no' 'no' 'yes' 'no' 'no' 'no' 'yes' 'no' 'no' 'no']
42, 310, 67
42, 320, 66
46, 330, 62
48, 340, 69
50, 350, 71
51, 360, 74
['no' 'yes' 'no' 'yes' 'no' 'yes' 'no' 'yes' 'yes' 'no']
['yes' 'no' 'no' 'no' 'no' 'no' 'no' 'no' 'no' 'no']
49, 360, 74
50, 370, 65
52, 380, 67
53, 390, 71
54, 400, 70
56, 410, 73
['no' 'no' 'no' 'yes' 'no' 'yes' 'yes' 'yes' 'yes' 'yes']
['no' 'no' 'no' 'no' 'no' 'no' 'no' 'no' 'no' 'no']
53, 410, 73
55, 420, 70
56, 430, 71
57, 440, 75
59, 450, 76
59, 460, 79
['no' 'yes' 'yes' 'no' 'no' 'no' 'no' 'no' 'yes' 'yes']
['no' 'no' 'no' 'no' 'no' 'no' 'no' 'no' 'no' 'no']
55, 460, 79
56, 470, 74
56, 480, 77
58, 490, 74
58, 500, 75
60, 510, 76
['no' 'no' 'no' 'no' 'no' 'no' 'no']
['no' 'no' 'no' 'no' 'no' 'no' 'no' 'no' 'no' 'no']
56, 510, 76
57, 520, 76
58, 530, 77
59, 540, 78
61, 550, 79
64, 560, 82
['no' 'no' 'no' 'no' 'no' 'no' 'no' 'no' 'no']
['no' 'no' 'no' 'no' 'no' 'no' 'no' 'no' 'no' 'no']
58, 560, 82
60, 570, 72
60, 580, 79
61, 590, 75
61, 600, 79
65, 610, 76
['no' 'no' 'no' 'no' 'yes' 'no' 'no' 'yes' 'no' 'no']
['no' 'no' 'no' 'no' 'no' 'no' 'no' 'no' 'no' 'no']
57, 610, 76
59, 620, 70
59, 630, 71
61, 640, 69
64, 650, 73
66, 660, 77
['yes' 'no' 'no' 'no' 'yes' 'no' 'no' 'yes' 'no']
['no' 'no' 'no' 'no' 'no' 'no' 'no' 'no' 'no' 'no']
60, 660, 77
62, 670, 72
63, 680, 74
65, 690, 74
68, 700, 77
70, 710, 84
['no' 'no' 'no' 'no' 'no' 'no' 'no' 'no' 'no' 'no']
['no' 'yes' 'no' 'no' 'no' 'no' 'no' 'no' 'no' 'no']
62, 710, 84
64, 720, 72
65, 730, 75
66, 740, 77
66, 750, 77
66, 760, 76
['no' 'no' 'no' 'no' 'no']
['no' 'no' 'no' 'no' 'no' 'no' 'no' 'no' 'no' 'no']
63, 760, 76
65, 770, 75
66, 780, 77
70, 790, 80
70, 800, 86
73, 810, 86
['no' 'no' 'no' 'no' 'no' 'no' 'no' 'no' 'no' 'no']
['no' 'no' 'no' 'no' 'no' 'no' 'no' 'no' 'no' 'no']
66, 810, 86
66, 820, 76
68, 830, 75
70, 840, 77
71, 850, 79
72, 860, 80
['no' 'no' 'no' 'no' 'no' 'no' 'no' 'no']
['no' 'no' 'no' 'no' 'no' 'no' 'no' 'no' 'no' 'no']
67, 860, 80
68, 870, 75
68, 880, 76
69, 890, 77
69, 900, 78
70, 910, 77
['no' 'no' 'no' 'no']
['no' 'no' 'no' 'no' 'no' 'no' 'no' 'no' 'no' 'no']
70, 910, 77
72, 920, 79
72, 930, 82
73, 940, 80
73, 950, 81
74, 960, 80
['yes' 'no' 'no' 'no' 'no' 'no']
['no' 'no' 'no' 'no' 'no' 'no' 'no' 'no' 'no' 'no']
69, 960, 80
70, 970, 76
71, 980, 77
72, 990, 78
73, 1000, 79
74, 1010, 81
['no' 'no' 'no' 'no' 'no']
['no' 'no' 'no' 'no' 'no' 'no' 'no' 'no' 'no' 'no']
71, 1010, 81
72, 1020, 77
72, 1030, 77
72, 1040, 78
74, 1050, 78
75, 1060, 80
['no' 'no' 'no' 'no' 'no']
['no' 'no' 'no' 'no' 'no' 'no' 'no' 'no' 'no' 'no']
71, 1060, 80
72, 1070, 76
73, 1080, 77
73, 1090, 78
77, 1100, 79
77, 1110, 85
['no' 'no' 'no' 'no' 'no' 'no']
['no' 'no' 'no' 'no' 'no' 'no' 'no' 'no' 'no' 'no']
72, 1110, 85
75, 1120, 78
75, 1130, 80
76, 1140, 81
76, 1150, 84
77, 1160, 82
['no' 'yes' 'no' 'no' 'no']
['no' 'no' 'no' 'no' 'no' 'no' 'no' 'no' 'no' 'no']
75, 1160, 82
75, 1170, 80
75, 1180, 81
77, 1190, 80
79, 1200, 85
80, 1210, 88
['no' 'no' 'no' 'no' 'no' 'no']
['no' 'no' 'no' 'no' 'no' 'no' 'no' 'no' 'no' 'no']
75, 1210, 88
77, 1220, 80
79, 1230, 82
81, 1240, 86
84, 1250, 88
86, 1260, 91
['no' 'no' 'no' 'no' 'no' 'no' 'yes' 'no' 'no' 'no']
['no' 'no' 'no' 'no' 'no' 'no' 'no' 'no' 'no' 'no']
79, 1260, 91
79, 1270, 85
80, 1280, 84
82, 1290, 85
83, 1300, 87
84, 1310, 89
['no' 'no' 'no' 'no' 'no' 'no' 'no']
['no' 'no' 'no' 'no' 'no' 'no' 'no' 'no' 'no' 'no']
81, 1310, 89
82, 1320, 86
['no' 'no' 'no']
['no' 'no' 'no' 'no' 'no' 'no' 'no' 'no' 'no' 'no']
{'count': 1924, 'truepos': 55, 'falseneg': 5, 'unknownyes': 2, 'falsepos': 26, 'unique': 1320}
26: Wahono.csv: machine3: 0, 0
6, 10
7, 20, 103
9, 30, 103
11, 40, 99
14, 50, 109
17, 60, 89
null
['no']
17, 60, 89
18, 70, 79
20, 80, 69
20, 90, 69
22, 100, 56
24, 110, 55
null
[]
25, 120, 55
25, 130, 52
27, 140, 49
30, 150, 49
30, 160, 52
31, 170, 52
null
['no' 'no' 'no' 'no' 'no' 'no' 'no' 'no' 'no' 'no']
32, 170, 52
32, 180, 55
33, 190, 47
34, 200, 53
35, 210, 55
35, 220, 58
null
['no' 'no' 'no' 'no' 'no' 'no' 'no' 'no' 'yes' 'no']
36, 220, 58
37, 230, 53
37, 240, 55
37, 250, 57
38, 260, 54
38, 270, 55
null
['no' 'no' 'no' 'yes' 'no' 'yes' 'no' 'no' 'no' 'yes']
40, 270, 55
41, 280, 57
42, 290, 57
43, 300, 57
44, 310, 55
44, 320, 58
null
['no' 'no' 'no' 'no' 'no' 'no' 'no' 'no' 'no' 'no']
44, 320, 58
44, 330, 64
44, 340, 56
45, 350, 57
46, 360, 56
46, 370, 57
null
['no' 'no' 'no' 'no' 'no' 'no' 'no' 'no' 'no' 'no']
46, 370, 57
46, 380, 59
47, 390, 58
47, 400, 57
49, 410, 57
50, 420, 59
null
['no' 'no' 'no' 'no' 'no' 'no' 'no' 'no' 'no' 'no']
50, 420, 59
50, 430, 61
51, 440, 59
51, 450, 62
51, 460, 60
52, 470, 62
null
['yes' 'no' 'no' 'no' 'no' 'no' 'no' 'no' 'no' 'no']
54, 470, 62
54, 480, 63
54, 490, 62
54, 500, 62
55, 510, 64
55, 520, 65
null
['no' 'no' 'no' 'no' 'no' 'no' 'no' 'no' 'no' 'no']
55, 520, 65
56, 530, 64
56, 540, 66
56, 550, 65
56, 560, 64
56, 570, 62
null
['no' 'no' 'no' 'no' 'no' 'no' 'no' 'yes' 'no' 'no']
58, 570, 62
59, 580, 67
60, 590, 66
60, 600, 67
60, 610, 67
61, 620, 68
null
['no' 'no' 'no' 'no' 'no' 'no' 'no' 'no' 'no' 'no']
61, 620, 68
61, 630, 68
61, 640, 68
61, 650, 68
61, 660, 68
61, 670, 68
null
['no' 'no' 'no' 'no' 'no' 'no' 'no' 'no' 'no' 'no']
61, 670, 68
62, 680, 66
62, 690, 69
62, 700, 68
62, 710, 67
62, 720, 70
null
['no' 'no' 'no' 'no' 'no' 'no' 'no' 'no' 'no' 'no']
62, 720, 70
63, 730, 67
63, 740, 70
64, 750, 69
64, 760, 70
65, 770, 71
null
['no' 'no' 'no' 'no' 'no' 'no' 'no' 'no' 'no' 'no']
65, 770, 71
65, 780, 72
65, 790, 71
65, 800, 71
65, 810, 70
65, 820, 71
null
['no' 'no' 'no' 'no' 'no' 'no' 'no' 'no' 'no' 'no']
65, 820, 71
65, 830, 70
65, 840, 70
66, 850, 70
66, 860, 72
66, 870, 72
null
['no' 'no' 'no' 'no' 'no' 'no' 'no' 'no' 'no' 'no']
66, 870, 72
66, 880, 73
66, 890, 71
66, 900, 71
66, 910, 70
66, 920, 72
null
['no' 'no' 'no' 'no' 'no' 'no' 'no' 'no' 'no' 'no']
66, 920, 72
66, 930, 71
66, 940, 71
67, 950, 70
68, 960, 72
68, 970, 73
null
['no' 'no' 'no' 'no' 'no' 'no' 'no' 'no' 'no' 'no']
68, 970, 73
68, 980, 73
68, 990, 73
68, 1000, 72
68, 1010, 72
68, 1020, 72
null
['no' 'no' 'no' 'no' 'no' 'no' 'no' 'no' 'no' 'no']
68, 1020, 72
68, 1030, 72
68, 1040, 73
68, 1050, 72
68, 1060, 72
69, 1070, 72
null
['no' 'no' 'no' 'no' 'no' 'no' 'no' 'no' 'no' 'no']
null
['no' 'no' 'no' 'no' 'no' 'no' 'no' 'no' 'no' 'no']
{'count': 1423, 'truepos': 56, 'falseneg': 3, 'unknownyes': 3, 'falsepos': 13, 'unique': 1070}
26: Danijel.csv: none: 0, 0
6, 10
7, 20, 112
9, 30, 117
10, 40, 106
12, 50, 104
14, 60, 83
17, 70, 73
23, 80, 69
24, 90, 73
29, 100, 63
31, 110, 67
31, 120, 55
34, 130, 53
34, 140, 57
34, 150, 53
38, 160, 54
43, 170, 61
45, 180, 74
46, 190, 72
46, 200, 72
48, 210, 71
51, 220, 70
52, 230, 69
52, 240, 73
53, 250, 70
56, 260, 70
57, 270, 73
59, 280, 80
62, 290, 78
63, 300, 79
64, 310, 79
64, 320, 82
64, 330, 81
69, 340, 78
70, 350, 86
71, 360, 91
72, 370, 87
72, 380, 86
73, 390, 89
74, 400, 90
75, 410, 92
76, 420, 94
76, 430, 96
76, 440, 94
76, 450, 91
76, 460, 94
76, 470, 91
79, 480, 91
80, 490, 96
82, 500, 94
84, 510, 98
84, 520, 101
84, 530, 97
84, 540, 96
86, 550, 93
86, 560, 97
87, 570, 101
87, 580, 101
87, 590, 99
87, 600, 100
87, 610, 96
88, 620, 96
90, 630, 96
90, 640, 98
91, 650, 99
93, 660, 102
93, 670, 103
94, 680, 102
96, 690, 102
97, 700, 106
97, 710, 105
97, 720, 104
98, 730, 104
98, 740, 108
99, 750, 104
100, 760, 105
101, 770, 107
101, 780, 109
{'count': 780, 'truepos': 38, 'falseneg': 6, 'unknownyes': 4, 'falsepos': 63, 'unique': 780}
26: Danijel.csv: three: 0, 0
4, 10
4, 20, 130
8, 30, 98
8, 40, 98
11, 50, 77
13, 60, 80
16, 70, 72
19, 80, 74
20, 90, 68
23, 100, 57
26, 110, 61
29, 120, 64
29, 130, 66
30, 140, 57
31, 150, 62
31, 160, 57
32, 170, 50
36, 180, 47
37, 190, 58
39, 200, 53
40, 210, 56
44, 220, 56
46, 230, 58
46, 240, 63
47, 250, 59
47, 260, 62
48, 270, 58
48, 280, 60
48, 290, 62
49, 300, 57
50, 310, 60
50, 320, 57
50, 330, 60
50, 340, 58
50, 350, 60
51, 360, 57
54, 370, 58
54, 380, 63
56, 390, 61
57, 400, 72
57, 410, 67
57, 420, 74
58, 430, 69
58, 440, 72
58, 450, 74
59, 460, 67
59, 470, 72
59, 480, 67
59, 490, 68
59, 500, 67
60, 510, 68
60, 520, 70
60, 530, 69
60, 540, 69
60, 550, 69
60, 560, 69
60, 570, 68
61, 580, 72
61, 590, 71
61, 600, 68
63, 610, 69
63, 620, 69
63, 630, 71
63, 640, 70
64, 650, 72
64, 660, 73
64, 670, 69
64, 680, 71
66, 690, 69
68, 700, 71
68, 710, 75
68, 720, 74
68, 730, 73
69, 740, 74
71, 750, 73
72, 760, 75
72, 770, 78
73, 780, 77
73, 790, 78
73, 800, 79
73, 810, 78
75, 820, 78
75, 830, 83
75, 840, 84
76, 850, 81
{'count': 1853, 'truepos': 44, 'falseneg': 1, 'unknownyes': 3, 'falsepos': 32, 'unique': 850}
26: Danijel.csv: machine: 0, 0
3, 10
4, 20, 107
5, 30, 99
6, 40, 81
7, 50, 62
8, 60, 61
['yes' 'yes' 'yes' 'yes' 'yes' 'no' 'yes' 'yes']
[]
7, 60, 61
13, 70, 50
15, 80, 65
18, 90, 66
19, 100, 67
22, 110, 62
['yes' 'yes' 'yes' 'no' 'yes' 'no' 'no' 'no' 'no' 'yes']
['no']
17, 110, 62
17, 120, 59
20, 130, 55
23, 140, 58
24, 150, 61
27, 160, 58
['yes' 'no' 'yes' 'yes' 'yes' 'yes' 'no' 'yes' 'yes' 'yes']
['no' 'no']
25, 160, 58
27, 170, 62
29, 180, 57
31, 190, 60
33, 200, 59
34, 210, 54
['no' 'yes' 'no' 'no' 'yes' 'yes' 'yes' 'no' 'yes' 'yes']
['no' 'no' 'yes' 'no' 'no' 'no' 'no' 'no' 'yes' 'no']
31, 210, 54
34, 220, 47
34, 230, 52
35, 240, 49
39, 250, 49
42, 260, 59
['no' 'no' 'yes' 'no' 'no' 'yes' 'no' 'yes' 'no' 'yes']
['no' 'no' 'yes' 'no' 'no' 'no' 'no' 'no' 'no' 'no']
38, 260, 59
38, 270, 58
39, 280, 61
39, 290, 55
40, 300, 56
41, 310, 55
['yes' 'no' 'no' 'no' 'no' 'no' 'yes' 'no' 'no' 'yes']
['no' 'no' 'no' 'no' 'no' 'no' 'yes' 'no' 'no' 'no']
38, 310, 55
41, 320, 50
41, 330, 57
42, 340, 55
45, 350, 55
47, 360, 62
['no' 'no' 'no' 'no' 'no' 'no' 'yes' 'no' 'no' 'no']
['no' 'no' 'no' 'no' 'no' 'no' 'no' 'no' 'no' 'no']
39, 360, 62
39, 370, 49
43, 380, 49
45, 390, 56
46, 400, 58
47, 410, 57
['no' 'yes' 'no' 'no' 'no' 'no' 'no' 'no' 'no' 'yes']
['no' 'no' 'yes' 'no' 'no' 'no' 'no' 'no' 'no' 'no']
41, 410, 57
42, 420, 50
42, 430, 50
44, 440, 50
44, 450, 57
45, 460, 54
['no' 'yes' 'no' 'no' 'no' 'no' 'no' 'yes' 'yes']
['no' 'no' 'no' 'no' 'no' 'no' 'no' 'no' 'no' 'no']
40, 460, 54
42, 470, 46
43, 480, 48
44, 490, 54
45, 500, 54
47, 510, 56
['no' 'no' 'no' 'no' 'no' 'no' 'no' 'no']
['no' 'no' 'no' 'no' 'no' 'no' 'no' 'no' 'no' 'no']
40, 510, 56
40, 520, 46
41, 530, 47
42, 540, 51
43, 550, 52
43, 560, 54
['no' 'no' 'no']
['no' 'no' 'no' 'no' 'no' 'no' 'no' 'no' 'no' 'no']
41, 560, 54
41, 570, 47
43, 580, 46
43, 590, 52
43, 600, 50
43, 610, 49
['no' 'yes' 'no']
['no' 'no' 'no' 'no' 'no' 'no' 'no' 'no' 'no' 'no']
42, 610, 49
43, 620, 47
43, 630, 49
45, 640, 50
45, 650, 52
48, 660, 51
['no' 'yes' 'no' 'no' 'no' 'no']
['no' 'no' 'no' 'no' 'no' 'no' 'no' 'no' 'yes' 'no']
45, 660, 51
46, 670, 50
50, 680, 51
50, 690, 59
51, 700, 57
51, 710, 58
['no' 'yes' 'no' 'no' 'no' 'yes' 'no' 'no']
['no' 'no' 'no' 'yes' 'no' 'no' 'no' 'no' 'no' 'no']
47, 710, 58
49, 720, 50
49, 730, 53
49, 740, 53
50, 750, 53
50, 760, 54
['no' 'no' 'no']
['no' 'no' 'no' 'no' 'no' 'no' 'no' 'no' 'no' 'no']
49, 760, 54
51, 770, 53
51, 780, 54
53, 790, 55
54, 800, 58
56, 810, 60
['no' 'no' 'no' 'no' 'no' 'no' 'no' 'no']
['no' 'no' 'no' 'no' 'no' 'no' 'no' 'no' 'no' 'no']
51, 810, 60
52, 820, 55
53, 830, 56
55, 840, 57
55, 850, 60
56, 860, 59
['no' 'no' 'no' 'no' 'no' 'no' 'no']
['no' 'no' 'no' 'no' 'no' 'no' 'no' 'no' 'no' 'no']
50, 860, 59
52, 870, 53
53, 880, 55
['no' 'no' 'no']
['no' 'no' 'no' 'no' 'no' 'no' 'no' 'no' 'no' 'no']
{'count': 1169, 'truepos': 40, 'falseneg': 5, 'unknownyes': 3, 'falsepos': 11, 'unique': 880}
26: Danijel.csv: machine2: 0, 0
5, 10
6, 20, 121
9, 30, 104
12, 40, 107
13, 50, 106
15, 60, 91
['yes' 'yes' 'yes' 'no' 'yes' 'no' 'yes' 'yes' 'yes' 'yes']
[]
12, 60, 91
15, 70, 73
19, 80, 65
22, 90, 65
24, 100, 69
25, 110, 66
['yes' 'no' 'no' 'yes' 'no' 'no' 'yes' 'yes' 'no' 'yes']
[]
21, 110, 66
22, 120, 59
24, 130, 51
27, 140, 50
29, 150, 53
32, 160, 50
['yes' 'yes' 'yes' 'yes' 'yes' 'yes' 'yes' 'no' 'no' 'no']
['no' 'no' 'no' 'no' 'no' 'no' 'no' 'no' 'no' 'no']
29, 160, 50
32, 170, 53
33, 180, 49
35, 190, 48
42, 200, 48
43, 210, 61
['yes' 'no' 'no' 'no' 'no' 'yes' 'yes' 'yes' 'yes' 'no']
['no' 'no' 'no' 'no' 'no' 'no' 'no' 'no' 'no' 'no']
40, 210, 61
41, 220, 60
44, 230, 60
47, 240, 64
49, 250, 71
49, 260, 70
['no' 'no' 'no' 'no' 'yes' 'no' 'yes' 'no' 'yes' 'no']
['no' 'no' 'no' 'no' 'no' 'no' 'no' 'no' 'yes' 'no']
46, 260, 70
47, 270, 65
47, 280, 63
49, 290, 61
50, 300, 67
51, 310, 68
['no' 'no' 'yes' 'no' 'yes' 'no' 'yes' 'no' 'no' 'no']
['no' 'no' 'no' 'no' 'no' 'no' 'no' 'no' 'no' 'no']
47, 310, 68
47, 320, 59
48, 330, 60
51, 340, 60
52, 350, 64
54, 360, 65
['no' 'no' 'yes' 'no' 'no' 'yes' 'no' 'no' 'no' 'no']
['no' 'no' 'no' 'no' 'no' 'no' 'no' 'no' 'no' 'no']
47, 360, 65
48, 370, 58
49, 380, 60
50, 390, 61
51, 400, 63
51, 410, 61
['yes' 'no' 'no' 'no' 'no' 'no' 'yes' 'yes' 'yes' 'yes']
['no' 'no' 'no' 'no' 'no' 'no' 'no' 'no' 'no' 'no']
48, 410, 61
49, 420, 57
49, 430, 63
49, 440, 60
51, 450, 57
53, 460, 62
['no' 'no' 'no' 'no' 'no' 'yes' 'yes' 'yes']
['no' 'no' 'no' 'no' 'no' 'no' 'no' 'no' 'no' 'no']
52, 460, 62
53, 470, 64
54, 480, 63
55, 490, 64
56, 500, 65
59, 510, 66
['no' 'no' 'no' 'yes' 'no' 'no' 'no' 'no' 'no']
['no' 'no' 'no' 'no' 'no' 'no' 'no' 'no' 'no' 'no']
53, 510, 66
54, 520, 62
55, 530, 62
57, 540, 66
59, 550, 73
60, 560, 79
['no' 'no' 'no' 'no' 'no' 'no' 'no']
['no' 'no' 'no' 'no' 'no' 'no' 'no' 'no' 'no' 'no']
54, 560, 79
55, 570, 61
55, 580, 64
56, 590, 62
57, 600, 63
57, 610, 66
['no' 'no' 'no' 'no']
['no' 'no' 'no' 'no' 'no' 'no' 'no' 'no' 'no' 'no']
53, 610, 66
53, 620, 60
53, 630, 61
53, 640, 59
54, 650, 61
55, 660, 62
['no' 'no']
['yes' 'no' 'no' 'no' 'no' 'no' 'no' 'no' 'no' 'no']
56, 660, 62
56, 670, 63
57, 680, 61
58, 690, 63
58, 700, 64
59, 710, 65
['no' 'yes' 'no' 'no' 'no' 'no']
['no' 'no' 'no' 'no' 'no' 'no' 'no' 'no' 'no' 'no']
56, 710, 65
56, 720, 62
57, 730, 63
59, 740, 64
61, 750, 71
62, 760, 72
['no' 'no' 'no' 'no' 'no' 'no' 'no']
['no' 'no' 'no' 'no' 'no' 'no' 'no' 'no' 'no' 'no']
57, 760, 72
58, 770, 64
58, 780, 63
60, 790, 64
60, 800, 67
61, 810, 65
['no' 'no' 'no' 'no']
['no' 'no' 'no' 'no' 'no' 'no' 'no' 'no' 'no' 'no']
58, 810, 65
59, 820, 62
60, 830, 64
61, 840, 67
61, 850, 70
61, 860, 69
['no' 'no' 'no']
['no' 'no' 'no' 'no' 'no' 'no' 'no' 'no' 'no' 'no']
61, 860, 69
['no' 'no' 'no']
['no' 'no' 'no' 'no' 'no' 'no' 'no' 'no' 'no' 'no']
{'count': 1223, 'truepos': 42, 'falseneg': 2, 'unknownyes': 4, 'falsepos': 17, 'unique': 860}
26: Danijel.csv: machine3: 0, 0
4, 10
5, 20, 120
7, 30, 102
10, 40, 95
13, 50, 96
15, 60, 87
null
[]
17, 70, 81
19, 80, 88
19, 90, 78
20, 100, 62
24, 110, 61
25, 120, 64
null
[]
26, 130, 65
27, 140, 57
28, 150, 54
28, 160, 52
28, 170, 50
28, 180, 48
null
[]
29, 190, 47
29, 200, 47
32, 210, 47
32, 220, 49
32, 230, 47
33, 240, 43
null
['no' 'no' 'yes' 'no' 'yes' 'no' 'no' 'no' 'no' 'no']
35, 240, 43
35, 250, 46
36, 260, 48
36, 270, 53
36, 280, 50
36, 290, 47
null
['no' 'no' 'no' 'yes' 'no' 'no' 'no' 'yes' 'yes' 'no']
39, 290, 47
39, 300, 55
39, 310, 49
39, 320, 47
39, 330, 49
39, 340, 47
null
['no' 'no' 'no' 'no' 'no' 'no' 'yes' 'no' 'yes' 'no']
42, 340, 47
42, 350, 51
42, 360, 49
42, 370, 50
43, 380, 49
43, 390, 49
null
['no' 'no' 'no' 'no' 'no' 'no' 'no' 'no' 'no' 'no']
43, 390, 49
43, 400, 48
43, 410, 49
43, 420, 48
43, 430, 49
44, 440, 50
null
['no' 'no' 'no' 'no' 'no' 'no' 'no' 'no' 'no' 'yes']
46, 440, 50
46, 450, 53
47, 460, 51
47, 470, 53
47, 480, 54
48, 490, 53
null
['no' 'no' 'no' 'no' 'no' 'no' 'no' 'no' 'no' 'no']
48, 490, 53
49, 500, 55
49, 510, 56
49, 520, 56
49, 530, 56
49, 540, 55
null
['no' 'no' 'no' 'no' 'no' 'no' 'no' 'no' 'no' 'no']
49, 540, 55
49, 550, 54
49, 560, 53
50, 570, 54
50, 580, 55
50, 590, 59
null
['no' 'no' 'no' 'no' 'no' 'no' 'no' 'no' 'no' 'no']
50, 590, 59
50, 600, 55
51, 610, 55
52, 620, 55
52, 630, 56
52, 640, 55
null
['no' 'no' 'no' 'no' 'no' 'no' 'no' 'no' 'no' 'no']
53, 640, 55
54, 650, 57
54, 660, 61
54, 670, 57
54, 680, 57
54, 690, 57
null
['no' 'no' 'no' 'no' 'no' 'no' 'no' 'no' 'no' 'no']
54, 690, 57
54, 700, 57
54, 710, 58
54, 720, 57
55, 730, 57
null
['no' 'no' 'no' 'no' 'no' 'no' 'no' 'no' 'no' 'no']
{'count': 959, 'truepos': 45, 'falseneg': 1, 'unknownyes': 2, 'falsepos': 10, 'unique': 730}
26: K_all3.csv: none: 0, 0
2, 10
4, 20, 70
4, 30, 64
5, 40, 53
8, 50, 45
12, 60, 49
13, 70, 67
16, 80, 57
17, 90, 55
20, 100, 52
25, 110, 55
25, 120, 66
26, 130, 59
26, 140, 57
26, 150, 55
26, 160, 51
27, 170, 49
29, 180, 49
30, 190, 51
32, 200, 40
33, 210, 45
35, 220, 53
36, 230, 49
38, 240, 53
39, 250, 56
41, 260, 52
42, 270, 59
45, 280, 57
46, 290, 63
47, 300, 62
48, 310, 65
49, 320, 61
50, 330, 61
52, 340, 61
55, 350, 59
56, 360, 69
58, 370, 66
60, 380, 66
61, 390, 70
62, 400, 67
62, 410, 66
64, 420, 68
64, 430, 69
64, 440, 69
65, 450, 68
67, 460, 69
{'count': 460, 'truepos': 26, 'falseneg': 5, 'unknownyes': 14, 'falsepos': 41, 'unique': 460}
26: K_all3.csv: three: 0, 0
3, 10
5, 20, 77
5, 30, 71
5, 40, 61
5, 50, 54
6, 60, 43
9, 70, 40
11, 80, 41
12, 90, 43
13, 100, 40
14, 110, 40
20, 120, 40
21, 130, 49
21, 140, 45
21, 150, 43
24, 160, 42
24, 170, 46
26, 180, 44
30, 190, 46
30, 200, 43
31, 210, 44
32, 220, 39
32, 230, 42
32, 240, 41
32, 250, 41
33, 260, 38
34, 270, 39
35, 280, 42
35, 290, 44
36, 300, 42
36, 310, 41
36, 320, 41
36, 330, 41
36, 340, 40
36, 350, 39
36, 360, 41
37, 370, 39
38, 380, 40
38, 390, 41
39, 400, 41
39, 410, 43
41, 420, 42
41, 430, 45
42, 440, 44
{'count': 947, 'truepos': 34, 'falseneg': 0, 'unknownyes': 11, 'falsepos': 8, 'unique': 440}
26: K_all3.csv: machine: 0, 0
4, 10
8, 20, 79
10, 30, 87
12, 40, 79
13, 50, 72
14, 60, 65
['yes' 'yes' 'no' 'no' 'no' 'no' 'no' 'no' 'no' 'yes']
[]
8, 60, 65
8, 70, 59
11, 80, 45
16, 90, 50
19, 100, 52
23, 110, 54
['no' 'no' 'yes' 'yes' 'no' 'yes' 'no' 'yes' 'no' 'no']
['no' 'no' 'no']
17, 110, 54
20, 120, 54
21, 130, 56
24, 140, 53
26, 150, 55
29, 160, 55
['yes' 'yes' 'yes' 'no' 'no' 'yes' 'yes' 'no' 'no' 'no']
[]
24, 160, 55
24, 170, 52
26, 180, 49
29, 190, 50
30, 200, 52
31, 210, 39
['no' 'no' 'no' 'yes' 'no' 'no' 'yes' 'yes' 'yes' 'no']
['no' 'no' 'no' 'no' 'no' 'no' 'no' 'yes' 'no' 'yes']
28, 210, 39
29, 220, 48
31, 230, 49
33, 240, 41
35, 250, 42
35, 260, 46
['yes' 'yes' 'yes' 'yes' 'yes' 'no' 'yes' 'no' 'yes' 'no']
['no' 'no' 'no' 'no' 'no' 'no' 'no' 'no' 'no' 'no']
33, 260, 46
34, 270, 42
34, 280, 41
35, 290, 41
35, 300, 41
36, 310, 40
['no' 'no' 'no' 'no' 'no' 'yes' 'no' 'yes' 'yes' 'no']
['no' 'no' 'no' 'no' 'no' 'no' 'no' 'no' 'no' 'no']
30, 310, 40
31, 320, 36
32, 330, 35
33, 340, 36
34, 350, 38
34, 360, 39
['yes' 'no' 'no' 'no' 'no' 'no' 'yes']
['no' 'no' 'no' 'no' 'no' 'no' 'no' 'no' 'no' 'no']
30, 360, 39
31, 370, 33
35, 380, 34
36, 390, 39
38, 400, 40
38, 410, 41
['no' 'no' 'yes' 'no' 'no' 'no' 'yes' 'no' 'no']
['no' 'no' 'no' 'no' 'no' 'no' 'no' 'no' 'no' 'no']
33, 410, 41
36, 420, 35
37, 430, 39
38, 440, 39
['no' 'yes' 'no' 'yes' 'no' 'no' 'no']
['no' 'no' 'no' 'no' 'no' 'no' 'no' 'no' 'no' 'no']
{'count': 586, 'truepos': 31, 'falseneg': 2, 'unknownyes': 12, 'falsepos': 4, 'unique': 440}
26: K_all3.csv: machine2: 0, 0
1, 10
2, 20, 93
4, 30, 62
4, 40, 60
6, 50, 52
10, 60, 51
['yes' 'yes' 'no' 'no' 'no' 'no' 'yes' 'yes' 'yes' 'no']
['no']
6, 60, 51
7, 70, 55
9, 80, 48
11, 90, 50
13, 100, 49
16, 110, 47
['yes' 'no' 'yes' 'yes' 'yes' 'yes' 'yes' 'yes' 'yes' 'yes']
['no' 'no']
15, 110, 47
17, 120, 46
20, 130, 48
23, 140, 50
23, 150, 51
23, 160, 47
['no' 'yes' 'no' 'no' 'no' 'no' 'no' 'no']
['no']
16, 160, 47
16, 170, 44
16, 180, 42
19, 190, 41
21, 200, 46
23, 210, 44
['no' 'no' 'no' 'yes' 'yes' 'yes' 'yes']
[]
20, 210, 44
23, 220, 43
30, 230, 45
30, 240, 37
33, 250, 37
33, 260, 40
['no' 'no' 'yes' 'no' 'yes' 'no' 'yes' 'no' 'no' 'no']
['no' 'no' 'no' 'no' 'no' 'no' 'no' 'no' 'no' 'no']
28, 260, 40
28, 270, 48
28, 280, 46
29, 290, 46
30, 300, 47
31, 310, 35
['no' 'yes' 'yes' 'no' 'no' 'no' 'yes']
['no' 'no' 'no' 'no' 'no' 'no' 'no' 'no' 'no' 'no']
30, 310, 35
31, 320, 34
32, 330, 35
32, 340, 36
34, 350, 36
34, 360, 39
['yes' 'yes' 'no' 'no' 'no' 'no']
['no' 'no' 'no' 'no' 'no' 'no' 'no' 'no' 'no' 'no']
32, 360, 39
32, 370, 36
32, 380, 37
32, 390, 36
34, 400, 35
35, 410, 39
['no' 'no' 'no' 'no']
['no' 'no' 'no' 'no' 'no' 'no' 'no' 'no' 'no' 'no']
33, 410, 39
34, 420, 36
35, 430, 37
37, 440, 38
38, 450, 41
40, 460, 42
['no' 'no' 'no' 'no' 'yes' 'no' 'no' 'no']
['no' 'no' 'no' 'no' 'no' 'no' 'no' 'no' 'no' 'no']
['no' 'no' 'no' 'no' 'no' 'no' 'yes' 'no']
['no' 'no' 'no' 'no' 'no' 'no' 'no' 'no' 'no' 'no']
{'count': 620, 'truepos': 27, 'falseneg': 4, 'unknownyes': 14, 'falsepos': 7, 'unique': 460}
26: K_all3.csv: machine3: 0, 0
0, 10
2, 20
3, 30, 69
3, 40, 65
4, 50, 61
7, 60, 50
7, 70, 58
null
[]
7, 80, 49
8, 90, 44
13, 100, 43
15, 110, 48
15, 120, 50
15, 130, 46
null
['no']
15, 130, 46
15, 140, 44
16, 150, 42
16, 160, 44
17, 170, 42
18, 180, 44
null
[]
18, 190, 44
18, 200, 43
18, 210, 42
18, 220, 42
19, 230, 42
19, 240, 43
null
[]
19, 250, 42
20, 260, 42
22, 270, 42
23, 280, 43
24, 290, 43
25, 300, 43
null
['no']
25, 300, 43
25, 310, 44
27, 320, 44
27, 330, 46
27, 340, 45
27, 350, 45
null
['no' 'no']
27, 350, 45
27, 360, 45
29, 370, 45
29, 380, 46
31, 390, 46
32, 400, 38
null
['no' 'no' 'no' 'yes' 'no' 'no' 'no' 'no' 'no' 'no']
33, 400, 38
33, 410, 41
33, 420, 40
33, 430, 40
34, 440, 37
34, 450, 38
null
['no' 'no' 'no' 'no' 'no' 'no' 'no' 'no' 'no' 'no']
34, 450, 38
34, 460, 40
34, 470, 37
34, 480, 37
34, 490, 37
34, 500, 36
null
['no' 'no' 'no' 'no' 'no' 'no' 'no' 'no' 'no' 'no']
34, 500, 36
35, 510, 36
35, 520, 37
35, 530, 37
36, 540, 37
36, 550, 38
null
['no' 'no' 'no' 'no' 'no' 'no' 'no' 'no' 'no' 'no']
36, 550, 38
null
['no' 'no' 'no' 'no' 'no' 'yes' 'no' 'no' 'no' 'no']
{'count': 688, 'truepos': 31, 'falseneg': 4, 'unknownyes': 10, 'falsepos': 6, 'unique': 550}

------------------------------------------------------------
Sender: LSF System <lsfadmin@n2e1-7>
Subject: Job 266966: </share/tjmenzie/zyu9/miniconda2/bin/python2.7 runner.py error_hpcc 26> Done

Job </share/tjmenzie/zyu9/miniconda2/bin/python2.7 runner.py error_hpcc 26> was submitted from host <login01.hpc.ncsu.edu> by user <zyu9> in cluster <henry2>.
Job was executed on host(s) <2*n2e1-7>, in queue <single_chassis>, as user <zyu9> in cluster <henry2>.
</home/zyu9> was used as the home directory.
</home/zyu9/projects/MAR_HPC/Error/src> was used as the working directory.
Started at Tue Oct 17 11:28:46 2017
Results reported at Tue Oct 17 19:21:49 2017

Your job looked like:

------------------------------------------------------------
# LSBATCH: User input
/share/tjmenzie/zyu9/miniconda2/bin/python2.7 runner.py error_hpcc 26
------------------------------------------------------------

Successfully completed.

Resource usage summary:

    CPU time   :  30968.18 sec.
    Max Memory :       218 MB
    Max Swap   :      1236 MB

    Max Processes  :         3
    Max Threads    :         8

The output (if any) is above this job summary.



PS:

Read file <./err/26.err.266966> for stderr output of this job.

