27: Hall.csv: none: 0, 0
5, 10
6, 20, 101
7, 30, 96
12, 40, 80
15, 50, 91
17, 60, 91
18, 70, 92
22, 80, 86
27, 90, 52
31, 100, 58
35, 110, 61
37, 120, 64
38, 130, 67
40, 140, 63
41, 150, 59
46, 160, 60
47, 170, 65
50, 180, 66
54, 190, 66
55, 200, 70
59, 210, 70
59, 220, 75
60, 230, 73
62, 240, 75
62, 250, 77
63, 260, 79
64, 270, 79
66, 280, 87
66, 290, 89
66, 300, 84
66, 310, 79
66, 320, 84
66, 330, 86
67, 340, 81
68, 350, 84
68, 360, 82
68, 370, 80
68, 380, 84
68, 390, 86
68, 400, 80
68, 410, 79
69, 420, 80
69, 430, 80
69, 440, 80
69, 450, 80
69, 460, 78
70, 470, 81
70, 480, 80
71, 490, 80
71, 500, 82
71, 510, 81
71, 520, 81
71, 530, 80
71, 540, 83
71, 550, 79
71, 560, 80
71, 570, 80
71, 580, 80
71, 590, 79
71, 600, 78
71, 610, 78
71, 620, 79
71, 630, 78
71, 640, 78
71, 650, 78
71, 660, 78
71, 670, 77
71, 680, 77
71, 690, 77
71, 700, 77
71, 710, 76
71, 720, 77
71, 730, 77
71, 740, 76
71, 750, 77
71, 760, 76
71, 770, 76
71, 780, 76
71, 790, 77
71, 800, 76
71, 810, 76
71, 820, 77
71, 830, 76
72, 840, 76
72, 850, 77
72, 860, 77
72, 870, 77
72, 880, 77
72, 890, 78
73, 900, 78
73, 910, 78
73, 920, 77
73, 930, 77
73, 940, 78
73, 950, 78
73, 960, 78
73, 970, 78
73, 980, 78
73, 990, 78
73, 1000, 78
73, 1010, 78
73, 1020, 78
73, 1030, 77
73, 1040, 78
73, 1050, 78
73, 1060, 78
73, 1070, 77
73, 1080, 77
73, 1090, 78
73, 1100, 77
73, 1110, 77
73, 1120, 78
73, 1130, 77
73, 1140, 77
73, 1150, 77
73, 1160, 77
73, 1170, 77
73, 1180, 77
73, 1190, 77
73, 1200, 77
{'count': 1200, 'truepos': 70, 'falseneg': 33, 'correction': 0, 'unknownyes': 1, 'falsepos': 3, 'unique': 1200}
27: Hall.csv: three: 0, 0
7, 10
8, 20, 109
11, 30, 109
12, 40, 105
16, 50, 102
18, 60, 104
21, 70, 114
27, 80, 72
31, 90, 72
37, 100, 81
43, 110, 82
47, 120, 91
50, 130, 94
53, 140, 88
55, 150, 85
58, 160, 86
59, 170, 102
59, 180, 80
63, 190, 75
67, 200, 78
70, 210, 85
71, 220, 85
74, 230, 85
77, 240, 88
78, 250, 92
81, 260, 91
82, 270, 95
83, 280, 94
83, 290, 96
83, 300, 94
83, 310, 93
83, 320, 93
83, 330, 94
83, 340, 91
83, 350, 93
83, 360, 92
84, 370, 89
84, 380, 92
84, 390, 91
84, 400, 91
84, 410, 91
84, 420, 92
84, 430, 90
84, 440, 90
84, 450, 91
84, 460, 90
84, 470, 89
84, 480, 89
84, 490, 90
84, 500, 90
84, 510, 90
84, 520, 89
84, 530, 91
85, 540, 90
{'count': 1128, 'truepos': 85, 'falseneg': 17, 'correction': 41, 'unknownyes': 2, 'falsepos': 0, 'unique': 540}
27: Hall.csv: machine: 0, 0
5, 10
9, 20, 100
11, 30, 107
11, 40, 124
12, 50, 103
14, 60, 89
13, 60, 89
18, 70, 78
21, 80, 91
22, 90, 58
23, 100, 61
26, 110, 59
30, 110, 59
33, 120, 77
35, 130, 69
37, 140, 67
38, 150, 65
40, 160, 63
49, 160, 63
54, 170, 75
56, 180, 83
58, 190, 73
59, 200, 87
64, 210, 84
68, 210, 84
70, 220, 87
73, 230, 88
76, 240, 92
76, 250, 94
79, 260, 92
82, 260, 92
83, 270, 104
83, 280, 107
84, 290, 100
84, 300, 102
85, 310, 99
86, 310, 99
86, 320, 100
88, 330, 101
89, 340, 104
89, 350, 107
89, 360, 102
89, 360, 102
89, 370, 103
89, 380, 103
89, 390, 103
89, 400, 101
89, 410, 102
89, 410, 102
89, 420, 100
89, 430, 101
89, 440, 98
89, 450, 99
89, 460, 100
90, 460, 100
90, 470, 103
91, 480, 102
91, 490, 102
91, 500, 102
91, 510, 99
92, 510, 99
92, 520, 106
92, 530, 105
92, 540, 100
92, 550, 98
92, 560, 100
92, 560, 100
92, 570, 99
92, 580, 99
92, 590, 99
92, 600, 98
92, 610, 99
92, 610, 99
92, 620, 99
92, 630, 98
92, 640, 98
92, 650, 98
92, 660, 98
92, 660, 98
92, 670, 97
92, 680, 98
92, 690, 98
92, 700, 97
92, 710, 98
92, 710, 98
92, 720, 97
92, 730, 97
92, 740, 98
92, 750, 98
{'count': 990, 'truepos': 88, 'falseneg': 14, 'correction': 22, 'unknownyes': 2, 'falsepos': 4, 'unique': 750}
27: Hall.csv: knee: 0, 0
8, 10
11, 20
14, 30
17, 40
19, 50
20, 60
25, 70
32, 80
33, 90
38, 100
39, 110
41, 120
44, 130
47, 140
48, 150
49, 160
52, 170
55, 180
55, 190
60, 200
61, 210
63, 220
67, 230
68, 240
68, 250
68, 260
68, 270
69, 280
69, 290
69, 300
69, 310
69, 320
{'count': 485, 'truepos': 81, 'falseneg': 14, 'correction': 13, 'unknownyes': 9, 'falsepos': 1, 'unique': 320}
27: Wahono.csv: none: 0, 0
6, 10
6, 20, 102
6, 30, 93
10, 40, 58
14, 50, 61
16, 60, 70
17, 70, 57
18, 80, 52
19, 90, 51
19, 100, 47
20, 110, 42
21, 120, 34
22, 130, 36
23, 140, 38
24, 150, 42
26, 160, 43
26, 170, 51
28, 180, 44
31, 190, 49
32, 200, 54
33, 210, 51
33, 220, 55
33, 230, 51
33, 240, 50
34, 250, 51
35, 260, 53
35, 270, 52
35, 280, 54
37, 290, 53
38, 300, 51
38, 310, 56
38, 320, 55
38, 330, 51
38, 340, 50
38, 350, 51
38, 360, 50
38, 370, 49
38, 380, 48
38, 390, 49
38, 400, 50
38, 410, 47
38, 420, 49
38, 430, 47
38, 440, 45
39, 450, 46
40, 460, 48
41, 470, 48
41, 480, 49
41, 490, 49
41, 500, 49
41, 510, 49
41, 520, 49
41, 530, 48
41, 540, 48
41, 550, 47
41, 560, 47
41, 570, 47
41, 580, 47
41, 590, 48
41, 600, 47
41, 610, 47
41, 620, 47
42, 630, 46
43, 640, 47
43, 650, 50
43, 660, 49
44, 670, 48
44, 680, 50
44, 690, 51
44, 700, 50
44, 710, 50
44, 720, 50
45, 730, 49
45, 740, 50
45, 750, 50
46, 760, 50
46, 770, 51
46, 780, 52
46, 790, 51
46, 800, 51
47, 810, 51
47, 820, 53
47, 830, 51
47, 840, 52
47, 850, 51
47, 860, 53
47, 870, 51
47, 880, 51
47, 890, 51
47, 900, 51
47, 910, 51
47, 920, 51
47, 930, 51
47, 940, 52
47, 950, 52
47, 960, 51
47, 970, 51
47, 980, 51
47, 990, 51
47, 1000, 51
47, 1010, 51
47, 1020, 51
47, 1030, 51
47, 1040, 50
47, 1050, 51
47, 1060, 50
47, 1070, 50
47, 1080, 51
47, 1090, 50
47, 1100, 50
47, 1110, 50
47, 1120, 50
47, 1130, 50
47, 1140, 50
{'count': 1140, 'truepos': 44, 'falseneg': 15, 'correction': 0, 'unknownyes': 3, 'falsepos': 3, 'unique': 1140}
27: Wahono.csv: three: 0, 0
6, 10
6, 20, 100
9, 30, 94
9, 40, 102
11, 50, 74
15, 60, 57
16, 70, 59
16, 80, 52
16, 90, 47
17, 100, 43
18, 110, 43
18, 120, 43
20, 130, 43
22, 140, 39
24, 150, 46
24, 160, 46
24, 170, 43
27, 180, 41
28, 190, 51
29, 200, 52
31, 210, 50
31, 220, 53
33, 230, 49
34, 240, 57
34, 250, 56
34, 260, 57
35, 270, 50
35, 280, 54
36, 290, 50
36, 300, 54
36, 310, 56
36, 320, 53
36, 330, 53
38, 340, 47
38, 350, 55
38, 360, 52
38, 370, 51
38, 380, 53
38, 390, 51
38, 400, 51
38, 410, 49
38, 420, 51
38, 430, 50
38, 440, 51
38, 450, 49
38, 460, 50
40, 470, 48
40, 480, 50
40, 490, 49
40, 500, 50
40, 510, 52
40, 520, 52
40, 530, 49
40, 540, 50
40, 550, 47
40, 560, 49
40, 570, 50
40, 580, 48
40, 590, 49
40, 600, 47
40, 610, 47
40, 620, 47
40, 630, 46
40, 640, 48
40, 650, 47
40, 660, 47
41, 670, 46
41, 680, 48
42, 690, 48
43, 700, 48
44, 710, 50
44, 720, 50
45, 730, 50
45, 740, 50
45, 750, 52
45, 760, 51
45, 770, 50
45, 780, 50
45, 790, 50
45, 800, 50
45, 810, 50
45, 820, 50
45, 830, 50
45, 840, 50
45, 850, 49
45, 860, 49
45, 870, 50
45, 880, 50
45, 890, 50
45, 900, 49
45, 910, 49
45, 920, 49
45, 930, 50
45, 940, 49
45, 950, 49
45, 960, 49
45, 970, 50
45, 980, 49
45, 990, 48
45, 1000, 49
45, 1010, 49
45, 1020, 48
45, 1030, 49
45, 1040, 49
45, 1050, 49
45, 1060, 48
45, 1070, 49
45, 1080, 49
45, 1090, 49
45, 1100, 48
45, 1110, 48
45, 1120, 48
45, 1130, 48
45, 1140, 48
45, 1150, 49
45, 1160, 49
46, 1170, 49
46, 1180, 49
46, 1190, 49
46, 1200, 49
46, 1210, 49
46, 1220, 49
46, 1230, 49
46, 1240, 49
46, 1250, 50
46, 1260, 50
46, 1270, 49
46, 1280, 49
46, 1290, 49
{'count': 2611, 'truepos': 46, 'falseneg': 14, 'correction': 27, 'unknownyes': 2, 'falsepos': 0, 'unique': 1290}
27: Wahono.csv: machine: 0, 0
5, 10
5, 20, 94
7, 30, 89
9, 40, 87
12, 50, 74
12, 60, 78
14, 70, 56
15, 80, 51
16, 90, 48
17, 100, 47
18, 110, 46
20, 120, 45
23, 120, 45
24, 130, 45
27, 140, 45
27, 150, 59
28, 160, 51
31, 170, 55
31, 170, 55
31, 180, 56
33, 190, 57
34, 200, 56
35, 210, 55
36, 220, 59
39, 220, 59
39, 230, 68
40, 240, 62
40, 250, 68
40, 260, 62
41, 270, 62
42, 270, 62
42, 280, 60
42, 290, 60
42, 300, 59
42, 310, 58
43, 320, 60
43, 320, 60
43, 330, 60
43, 340, 61
43, 350, 58
43, 360, 59
44, 370, 57
44, 370, 57
44, 380, 61
45, 390, 57
45, 400, 59
46, 410, 57
46, 420, 59
46, 420, 59
46, 430, 58
46, 440, 57
46, 450, 57
46, 460, 60
46, 470, 55
46, 470, 55
46, 480, 57
46, 490, 55
46, 500, 56
46, 510, 55
46, 520, 54
46, 520, 54
46, 530, 56
46, 540, 54
46, 550, 55
46, 560, 55
47, 570, 53
47, 570, 53
47, 580, 54
47, 590, 53
47, 600, 55
47, 610, 54
47, 620, 55
47, 620, 55
47, 630, 55
47, 640, 54
47, 650, 53
48, 660, 53
49, 670, 53
49, 670, 53
49, 680, 55
49, 690, 55
50, 700, 56
51, 710, 57
52, 720, 57
53, 720, 57
53, 730, 60
54, 740, 60
54, 750, 63
54, 760, 61
54, 770, 62
54, 770, 62
55, 780, 62
55, 790, 63
55, 800, 64
55, 810, 62
55, 820, 63
55, 820, 63
55, 830, 63
55, 840, 63
55, 850, 63
55, 860, 63
55, 870, 64
55, 870, 64
55, 880, 63
55, 890, 63
55, 900, 61
56, 910, 62
56, 920, 63
56, 920, 63
56, 930, 63
56, 940, 63
56, 950, 63
56, 960, 63
56, 970, 63
56, 970, 63
56, 980, 63
56, 990, 63
56, 1000, 63
56, 1010, 63
56, 1020, 63
56, 1020, 63
56, 1030, 62
56, 1040, 62
56, 1050, 62
56, 1060, 62
56, 1070, 62
56, 1070, 62
56, 1080, 62
56, 1090, 61
56, 1100, 61
56, 1110, 62
56, 1120, 61
56, 1120, 61
56, 1130, 61
56, 1140, 61
56, 1150, 62
56, 1160, 62
56, 1170, 61
56, 1170, 61
56, 1180, 61
56, 1190, 61
56, 1200, 61
56, 1210, 61
56, 1220, 61
56, 1230, 60
56, 1240, 60
56, 1250, 60
56, 1260, 60
56, 1270, 60
56, 1280, 60
56, 1280, 60
56, 1290, 60
56, 1300, 60
56, 1310, 60
56, 1320, 60
56, 1330, 60
56, 1330, 60
56, 1340, 60
56, 1350, 60
56, 1360, 60
56, 1370, 60
56, 1380, 59
56, 1380, 59
56, 1390, 60
56, 1400, 59
56, 1410, 60
56, 1420, 60
56, 1430, 59
56, 1430, 59
56, 1440, 60
56, 1450, 60
56, 1460, 60
56, 1470, 59
57, 1480, 60
{'count': 2155, 'truepos': 50, 'falseneg': 10, 'correction': 5, 'unknownyes': 2, 'falsepos': 7, 'unique': 1480}
27: Wahono.csv: knee: 0, 0
5, 10
5, 20
8, 30
9, 40
10, 50
12, 60
13, 70
13, 80
13, 90
13, 100
13, 110
14, 120
15, 130
15, 140
15, 150
16, 160
17, 170
17, 180
17, 190
18, 200
20, 210
20, 220
21, 230
23, 240
23, 250
24, 260
24, 270
24, 280
28, 290
28, 300
30, 310
31, 320
32, 330
32, 340
32, 350
32, 360
34, 370
35, 380
35, 390
35, 400
35, 410
35, 420
37, 430
37, 440
37, 450
37, 460
37, 470
38, 480
38, 490
38, 500
38, 510
38, 520
38, 530
38, 540
39, 550
39, 560
40, 570
40, 580
40, 590
40, 600
41, 610
41, 620
41, 630
41, 640
41, 650
41, 660
41, 670
41, 680
41, 690
42, 700
45, 710
46, 720
46, 730
46, 740
46, 750
46, 760
46, 770
46, 780
46, 790
46, 800
46, 810
46, 820
46, 830
46, 840
46, 850
46, 860
47, 870
47, 880
47, 890
47, 900
47, 910
47, 920
47, 930
47, 940
47, 950
48, 960
48, 970
48, 980
48, 990
48, 1000
48, 1010
48, 1020
49, 1030
49, 1040
49, 1050
49, 1060
49, 1070
49, 1080
49, 1090
50, 1100
50, 1110
50, 1120
50, 1130
50, 1140
50, 1150
50, 1160
50, 1170
50, 1180
50, 1190
50, 1200
50, 1210
50, 1220
50, 1230
50, 1240
50, 1250
50, 1260
50, 1270
50, 1280
51, 1290
51, 1300
51, 1310
51, 1320
51, 1330
51, 1340
51, 1350
51, 1360
51, 1370
51, 1380
51, 1390
51, 1400
51, 1410
51, 1420
51, 1430
51, 1440
51, 1450
51, 1460
52, 1470
52, 1480
52, 1490
52, 1500
52, 1510
52, 1520
52, 1530
52, 1540
52, 1550
{'count': 1958, 'truepos': 51, 'falseneg': 9, 'correction': 15, 'unknownyes': 2, 'falsepos': 1, 'unique': 1550}
27: Danijel.csv: none: 0, 0
1, 10
2, 20, 126
4, 30, 75
8, 40, 67
10, 50, 76
12, 60, 78
12, 70, 66
13, 80, 56
14, 90, 51
14, 100, 47
15, 110, 42
15, 120, 43
17, 130, 42
20, 140, 44
21, 150, 35
21, 160, 36
22, 170, 36
23, 180, 36
25, 190, 39
25, 200, 39
25, 210, 38
25, 220, 37
25, 230, 39
25, 240, 37
25, 250, 38
25, 260, 37
25, 270, 36
26, 280, 35
27, 290, 35
28, 300, 37
28, 310, 37
28, 320, 37
29, 330, 37
29, 340, 37
29, 350, 38
29, 360, 36
29, 370, 36
29, 380, 35
29, 390, 36
29, 400, 34
30, 410, 34
30, 420, 36
30, 430, 35
30, 440, 36
31, 450, 36
31, 460, 37
31, 470, 36
31, 480, 38
31, 490, 36
31, 500, 36
31, 510, 36
31, 520, 35
31, 530, 36
31, 540, 36
31, 550, 35
31, 560, 35
31, 570, 36
31, 580, 35
31, 590, 35
32, 600, 35
32, 610, 37
33, 620, 37
33, 630, 37
33, 640, 39
33, 650, 37
33, 660, 37
33, 670, 37
33, 680, 37
34, 690, 37
34, 700, 38
34, 710, 39
34, 720, 39
34, 730, 39
34, 740, 39
34, 750, 38
34, 760, 38
34, 770, 38
34, 780, 38
34, 790, 38
34, 800, 38
35, 810, 38
35, 820, 38
35, 830, 38
35, 840, 39
35, 850, 38
35, 860, 39
35, 870, 38
35, 880, 38
35, 890, 40
35, 900, 38
35, 910, 38
35, 920, 38
35, 930, 38
35, 940, 38
35, 950, 38
35, 960, 38
35, 970, 38
35, 980, 38
35, 990, 39
35, 1000, 38
35, 1010, 38
35, 1020, 39
35, 1030, 38
35, 1040, 38
35, 1050, 38
35, 1060, 37
35, 1070, 37
35, 1080, 38
35, 1090, 38
35, 1100, 37
35, 1110, 38
35, 1120, 37
35, 1130, 37
35, 1140, 38
35, 1150, 37
35, 1160, 38
35, 1170, 37
35, 1180, 37
35, 1190, 37
35, 1200, 37
35, 1210, 37
35, 1220, 37
35, 1230, 37
35, 1240, 37
35, 1250, 37
35, 1260, 37
35, 1270, 37
35, 1280, 37
35, 1290, 37
35, 1300, 37
35, 1310, 37
35, 1320, 37
35, 1330, 38
36, 1340, 37
36, 1350, 38
36, 1360, 38
36, 1370, 38
36, 1380, 39
36, 1390, 38
36, 1400, 39
36, 1410, 39
36, 1420, 38
36, 1430, 38
36, 1440, 38
36, 1450, 38
36, 1460, 38
36, 1470, 38
36, 1480, 38
{'count': 1480, 'truepos': 34, 'falseneg': 13, 'correction': 0, 'unknownyes': 1, 'falsepos': 2, 'unique': 1480}
27: Danijel.csv: three: 0, 0
2, 10
5, 20, 100
5, 30, 94
6, 40, 78
7, 50, 58
9, 60, 52
10, 70, 53
13, 80, 48
14, 90, 51
14, 100, 47
16, 110, 46
20, 120, 50
20, 130, 41
22, 140, 36
23, 150, 38
23, 160, 38
24, 170, 36
25, 180, 37
25, 190, 38
25, 200, 37
25, 210, 36
25, 220, 36
25, 230, 36
25, 240, 35
26, 250, 35
26, 260, 36
26, 270, 36
26, 280, 35
26, 290, 34
27, 300, 33
27, 310, 36
27, 320, 34
27, 330, 35
27, 340, 35
27, 350, 34
28, 360, 33
28, 370, 34
28, 380, 34
28, 390, 35
28, 400, 37
28, 410, 35
29, 420, 33
29, 430, 35
29, 440, 35
29, 450, 35
29, 460, 34
29, 470, 35
29, 480, 34
29, 490, 34
29, 500, 34
29, 510, 34
29, 520, 34
29, 530, 34
29, 540, 34
29, 550, 34
29, 560, 33
29, 570, 33
29, 580, 34
29, 590, 32
29, 600, 33
29, 610, 33
29, 620, 33
29, 630, 33
30, 640, 33
30, 650, 34
30, 660, 34
30, 670, 33
30, 680, 34
30, 690, 34
30, 700, 34
30, 710, 34
30, 720, 34
30, 730, 33
30, 740, 33
30, 750, 34
30, 760, 33
30, 770, 33
30, 780, 34
30, 790, 33
30, 800, 33
30, 810, 33
30, 820, 34
30, 830, 33
30, 840, 32
30, 850, 33
30, 860, 33
30, 870, 33
30, 880, 33
30, 890, 32
30, 900, 33
30, 910, 32
30, 920, 32
30, 930, 33
30, 940, 33
30, 950, 33
30, 960, 32
30, 970, 32
30, 980, 32
30, 990, 32
30, 1000, 33
30, 1010, 33
30, 1020, 32
30, 1030, 32
30, 1040, 33
30, 1050, 33
30, 1060, 32
30, 1070, 32
30, 1080, 32
30, 1090, 34
30, 1100, 32
30, 1110, 32
30, 1120, 33
30, 1130, 32
30, 1140, 32
30, 1150, 32
30, 1160, 32
30, 1170, 32
30, 1180, 33
30, 1190, 32
30, 1200, 33
30, 1210, 32
30, 1220, 32
30, 1230, 32
{'count': 2485, 'truepos': 30, 'falseneg': 16, 'correction': 22, 'unknownyes': 2, 'falsepos': 0, 'unique': 1230}
27: Danijel.csv: machine: 0, 0
3, 10
3, 20, 126
3, 30, 90
3, 40, 55
3, 50, 52
4, 60, 45
4, 60, 45
6, 70, 45
10, 80, 47
10, 90, 57
11, 100, 48
13, 110, 45
14, 120, 46
14, 130, 49
16, 140, 43
17, 150, 46
18, 160, 45
20, 170, 45
24, 170, 45
24, 180, 42
24, 190, 38
25, 200, 38
27, 210, 38
28, 220, 41
29, 220, 41
31, 230, 44
31, 240, 55
32, 250, 45
32, 260, 46
32, 270, 50
34, 270, 50
34, 280, 45
34, 290, 47
36, 300, 45
36, 310, 49
37, 320, 46
39, 320, 46
39, 330, 47
39, 340, 49
39, 350, 48
40, 360, 47
40, 370, 50
40, 370, 50
41, 380, 49
41, 390, 49
41, 400, 48
41, 410, 51
42, 420, 48
42, 420, 48
42, 430, 50
42, 440, 49
42, 450, 50
42, 460, 47
42, 470, 49
42, 470, 49
42, 480, 50
42, 490, 48
42, 500, 47
42, 510, 46
42, 520, 48
42, 520, 48
42, 530, 49
42, 540, 49
42, 550, 48
42, 560, 47
42, 570, 46
42, 570, 46
42, 580, 46
42, 590, 48
42, 600, 46
42, 610, 46
42, 620, 46
42, 620, 46
42, 630, 45
42, 640, 47
42, 650, 46
42, 660, 46
42, 670, 46
42, 670, 46
42, 680, 45
43, 690, 45
43, 700, 46
44, 710, 47
44, 720, 47
44, 720, 47
44, 730, 47
44, 740, 47
44, 750, 47
44, 760, 47
44, 770, 47
44, 770, 47
{'count': 1249, 'truepos': 40, 'falseneg': 5, 'correction': 9, 'unknownyes': 3, 'falsepos': 4, 'unique': 770}
27: Danijel.csv: knee: 0, 0
4, 10
5, 20
5, 30
7, 40
9, 50
11, 60
12, 70
13, 80
14, 90
16, 100
16, 110
18, 120
20, 130
22, 140
23, 150
23, 160
23, 170
23, 180
23, 190
24, 200
24, 210
24, 220
24, 230
24, 240
{'count': 368, 'truepos': 28, 'falseneg': 2, 'correction': 4, 'unknownyes': 18, 'falsepos': 0, 'unique': 240}
27: K_all3.csv: none: 0, 0
1, 10
3, 20, 92
3, 30, 58
3, 40, 41
7, 50, 37
7, 60, 49
7, 70, 42
8, 80, 38
8, 90, 37
9, 100, 35
10, 110, 36
10, 120, 35
11, 130, 34
12, 140, 34
13, 150, 34
13, 160, 35
15, 170, 35
16, 180, 36
17, 190, 37
17, 200, 37
17, 210, 36
17, 220, 36
17, 230, 36
17, 240, 36
17, 250, 36
17, 260, 36
17, 270, 36
17, 280, 36
17, 290, 36
17, 300, 36
17, 310, 36
17, 320, 36
17, 330, 36
17, 340, 36
17, 350, 35
17, 360, 35
17, 370, 35
17, 380, 35
17, 390, 35
17, 400, 35
18, 410, 35
18, 420, 36
18, 430, 36
18, 440, 36
18, 450, 36
18, 460, 36
18, 470, 35
18, 480, 35
18, 490, 35
18, 500, 35
18, 510, 35
20, 520, 35
20, 530, 23
22, 540, 23
22, 550, 26
22, 560, 25
22, 570, 24
22, 580, 24
23, 590, 24
23, 600, 25
23, 610, 25
23, 620, 25
23, 630, 25
{'count': 630, 'truepos': 20, 'falseneg': 21, 'correction': 0, 'unknownyes': 4, 'falsepos': 3, 'unique': 630}
27: K_all3.csv: three: 0, 0
2, 10
3, 20, 71
4, 30, 57
5, 40, 55
9, 50, 45
10, 60, 56
11, 70, 49
12, 80, 43
13, 90, 41
15, 100, 40
16, 110, 42
20, 120, 40
20, 130, 36
23, 140, 35
23, 150, 38
25, 160, 37
25, 170, 36
25, 180, 35
26, 190, 35
27, 200, 38
28, 210, 36
28, 220, 37
28, 230, 37
28, 240, 33
28, 250, 35
29, 260, 33
29, 270, 35
29, 280, 34
30, 290, 33
31, 300, 34
32, 310, 35
34, 320, 36
34, 330, 38
35, 340, 37
35, 350, 39
35, 360, 39
35, 370, 38
35, 380, 38
35, 390, 38
35, 400, 37
36, 410, 37
37, 420, 38
37, 430, 39
37, 440, 39
37, 450, 39
37, 460, 39
37, 470, 39
37, 480, 39
37, 490, 39
{'count': 1007, 'truepos': 37, 'falseneg': 4, 'correction': 25, 'unknownyes': 4, 'falsepos': 0, 'unique': 490}
27: K_all3.csv: machine: 0, 0
2, 10
3, 20, 68
5, 30, 64
8, 40, 62
9, 50, 62
9, 60, 55
12, 70, 46
12, 80, 47
14, 90, 42
14, 100, 42
14, 110, 41
15, 120, 40
15, 130, 41
15, 140, 40
17, 150, 39
17, 160, 42
17, 170, 40
17, 180, 39
18, 190, 39
19, 200, 40
19, 210, 40
19, 220, 40
19, 230, 40
19, 240, 40
20, 250, 40
20, 260, 30
20, 270, 28
21, 280, 27
21, 290, 28
21, 300, 28
24, 300, 28
24, 310, 30
24, 320, 29
25, 330, 29
25, 340, 30
25, 350, 29
27, 350, 29
27, 360, 31
27, 370, 31
27, 380, 30
27, 390, 30
27, 400, 30
28, 400, 30
29, 410, 31
29, 420, 33
31, 430, 33
31, 440, 34
31, 450, 33
31, 450, 33
31, 460, 33
31, 470, 33
32, 480, 33
32, 490, 34
33, 500, 34
{'count': 700, 'truepos': 30, 'falseneg': 6, 'correction': 6, 'unknownyes': 9, 'falsepos': 3, 'unique': 500}
27: K_all3.csv: knee: 0, 0
1, 10
2, 20
4, 30
6, 40
7, 50
8, 60
9, 70
10, 80
11, 90
12, 100
13, 110
15, 120
15, 130
16, 140
17, 150
17, 160
18, 170
18, 180
19, 190
20, 200
20, 210
20, 220
20, 230
21, 240
21, 250
22, 260
23, 270
23, 280
23, 290
23, 300
23, 310
23, 320
23, 330
24, 340
25, 350
25, 360
25, 370
25, 380
25, 390
25, 400
26, 410
26, 420
26, 430
27, 440
27, 450
28, 460
28, 470
28, 480
28, 490
28, 500
29, 510
29, 520
29, 530
30, 540
30, 550
30, 560
30, 570
32, 580
32, 590
32, 600
32, 610
32, 620
32, 630
32, 640
32, 650
32, 660
32, 670
32, 680
32, 690
32, 700
32, 710
32, 720
32, 730
32, 740
32, 750
32, 760
32, 770
32, 780
33, 790
33, 800
33, 810
33, 820
34, 830
34, 840
34, 850
34, 860
34, 870
34, 880
34, 890
34, 900
34, 910
34, 920
34, 930
34, 940
34, 950
34, 960
34, 970
34, 980
34, 990
34, 1000
34, 1010
34, 1020
34, 1030
35, 1040
35, 1050
35, 1060
35, 1070
35, 1080
35, 1090
35, 1100
36, 1110
36, 1120
36, 1130
36, 1140
36, 1150
36, 1160
36, 1170
36, 1180
36, 1190
36, 1200
36, 1210
36, 1220
36, 1230
36, 1240
{'count': 1792, 'truepos': 39, 'falseneg': 6, 'correction': 13, 'unknownyes': 0, 'falsepos': 12, 'unique': 1240}

------------------------------------------------------------
Sender: LSF System <lsfadmin@n2c3-7>
Subject: Job 629696: </share/tjmenzie/zyu9/miniconda2/bin/python2.7 runner.py error_hpcc 27> in cluster <henry2> Done

Job </share/tjmenzie/zyu9/miniconda2/bin/python2.7 runner.py error_hpcc 27> was submitted from host <login01.hpc.ncsu.edu> by user <zyu9> in cluster <henry2> at Wed Jan 31 09:58:22 2018.
Job was executed on host(s) <1*n2c3-7>, in queue <single_chassis>, as user <zyu9> in cluster <henry2> at Wed Jan 31 09:58:27 2018.
                            <1*n2c3-11>
</home/zyu9> was used as the home directory.
</home/zyu9/projects/MAR_HPC/Error/src> was used as the working directory.
Started at Wed Jan 31 09:58:27 2018.
Terminated at Wed Jan 31 11:01:11 2018.
Results reported at Wed Jan 31 11:01:11 2018.

Your job looked like:

------------------------------------------------------------
# LSBATCH: User input
/share/tjmenzie/zyu9/miniconda2/bin/python2.7 runner.py error_hpcc 27
------------------------------------------------------------

Successfully completed.

Resource usage summary:

    CPU time :                                   4438.79 sec.
    Max Memory :                                 286.16 MB
    Average Memory :                             228.14 MB
    Total Requested Memory :                     -
    Delta Memory :                               -
    Max Swap :                                   1313 MB
    Max Processes :                              3
    Max Threads :                                8
    Run time :                                   3774 sec.
    Turnaround time :                            3769 sec.

The output (if any) is above this job summary.



PS:

Read file <./err/27.err.629696> for stderr output of this job.

