27: Hall.csv: none: 0, 0
7, 10
9, 20, 118
10, 30, 121
14, 40, 114
16, 50, 95
21, 60, 87
28, 70, 91
32, 80, 114
37, 90, 72
38, 100, 80
40, 110, 72
44, 120, 73
45, 130, 79
47, 140, 74
50, 150, 78
54, 160, 82
56, 170, 83
58, 180, 83
59, 190, 91
59, 200, 83
59, 210, 81
62, 220, 78
64, 230, 81
65, 240, 90
67, 250, 91
68, 260, 92
69, 270, 89
70, 280, 90
70, 290, 88
72, 300, 84
72, 310, 91
72, 320, 92
72, 330, 87
72, 340, 87
72, 350, 87
73, 360, 83
73, 370, 87
73, 380, 85
73, 390, 84
73, 400, 84
73, 410, 82
73, 420, 84
74, 430, 83
74, 440, 83
74, 450, 84
74, 460, 84
74, 470, 83
74, 480, 82
75, 490, 81
75, 500, 86
75, 510, 84
75, 520, 83
75, 530, 83
75, 540, 83
75, 550, 82
75, 560, 82
75, 570, 81
75, 580, 83
75, 590, 83
75, 600, 81
75, 610, 81
75, 620, 81
75, 630, 81
75, 640, 81
75, 650, 81
75, 660, 81
75, 670, 81
75, 680, 81
75, 690, 80
75, 700, 80
75, 710, 80
75, 720, 80
75, 730, 80
75, 740, 80
75, 750, 80
75, 760, 80
75, 770, 79
76, 780, 80
76, 790, 81
76, 800, 81
76, 810, 81
76, 820, 81
76, 830, 81
76, 840, 81
76, 850, 81
76, 860, 80
76, 870, 81
76, 880, 80
76, 890, 80
76, 900, 81
76, 910, 80
76, 920, 80
76, 930, 80
76, 940, 80
76, 950, 80
76, 960, 80
76, 970, 80
76, 980, 80
76, 990, 80
76, 1000, 79
76, 1010, 80
76, 1020, 80
76, 1030, 80
76, 1040, 80
76, 1050, 80
76, 1060, 79
76, 1070, 80
76, 1080, 80
76, 1090, 80
76, 1100, 79
76, 1110, 79
76, 1120, 79
76, 1130, 79
76, 1140, 80
76, 1150, 79
76, 1160, 79
76, 1170, 80
76, 1180, 79
76, 1190, 79
{'count': 1190, 'truepos': 75, 'falseneg': 28, 'correction': 0, 'unknownyes': 1, 'falsepos': 1, 'unique': 1190}
27: Hall.csv: three: 0, 0
7, 10
8, 20, 111
9, 30, 108
12, 40, 104
16, 50, 107
20, 60, 96
23, 70, 89
28, 80, 87
33, 90, 94
38, 100, 76
40, 110, 84
42, 120, 80
43, 130, 77
48, 140, 72
55, 150, 75
55, 160, 102
57, 170, 87
59, 180, 98
62, 190, 87
65, 200, 84
67, 210, 85
69, 220, 85
73, 230, 87
75, 240, 92
78, 250, 93
80, 260, 98
80, 270, 98
80, 280, 97
80, 290, 101
80, 300, 93
81, 310, 96
83, 320, 93
83, 330, 98
83, 340, 98
83, 350, 96
83, 360, 97
83, 370, 98
83, 380, 92
83, 390, 104
83, 400, 92
83, 410, 90
83, 420, 92
83, 430, 95
83, 440, 91
83, 450, 92
83, 460, 92
84, 470, 92
84, 480, 93
84, 490, 91
84, 500, 89
84, 510, 92
84, 520, 89
84, 530, 89
84, 540, 89
84, 550, 90
84, 560, 90
84, 570, 90
84, 580, 90
{'count': 1196, 'truepos': 84, 'falseneg': 18, 'correction': 34, 'unknownyes': 2, 'falsepos': 0, 'unique': 580}
27: Hall.csv: machine: 0, 0
7, 10
7, 20, 115
11, 30, 102
12, 40, 110
15, 50, 92
19, 60, 91
['yes']
['no' 'yes' 'no' 'yes' 'no' 'no' 'no' 'no' 'no' 'no' 'yes' 'no' 'no' 'no'
 'no' 'no' 'no' 'no' 'no']
22, 60, 91
26, 70, 93
30, 80, 89
35, 90, 61
35, 100, 67
37, 110, 62
['yes']
['no' 'yes' 'no' 'no' 'yes' 'yes' 'yes' 'no' 'yes' 'yes' 'no' 'no' 'no'
 'no' 'no' 'no' 'yes' 'no' 'no']
43, 110, 62
45, 120, 74
47, 130, 71
51, 140, 67
51, 150, 77
52, 160, 69
['yes']
['no' 'no' 'yes' 'no' 'no' 'yes' 'yes' 'yes' 'no' 'no' 'no' 'no' 'no' 'no'
 'no' 'no' 'no' 'no' 'no']
56, 160, 69
60, 170, 72
62, 180, 78
65, 190, 76
67, 200, 81
67, 210, 87
['yes']
['no' 'yes' 'yes' 'no' 'no' 'no' 'no' 'no' 'yes' 'no' 'no' 'no' 'no' 'no'
 'yes' 'yes' 'no' 'no' 'no']
70, 210, 87
72, 220, 88
77, 230, 84
79, 240, 92
83, 250, 94
85, 260, 101
['yes']
['no' 'no' 'no' 'no' 'no' 'no' 'no' 'yes' 'no' 'no' 'no' 'no' 'no' 'no'
 'no' 'no' 'no' 'yes' 'no']
86, 260, 101
86, 270, 102
86, 280, 101
88, 290, 100
90, 300, 99
91, 310, 102
['yes']
['no' 'no' 'yes' 'no' 'no' 'no' 'yes' 'no' 'no' 'no' 'no' 'no' 'no' 'no'
 'no' 'no' 'no' 'no' 'no']
93, 310, 102
93, 320, 109
93, 330, 108
93, 340, 104
93, 350, 104
94, 360, 105
['yes']
['no' 'no' 'no' 'no' 'no' 'no' 'no' 'no' 'no' 'no' 'no' 'no' 'no' 'no'
 'no' 'no' 'no' 'yes' 'no']
95, 360, 105
95, 370, 108
95, 380, 106
95, 390, 105
95, 400, 104
95, 410, 103
['yes']
['no' 'no' 'no' 'no' 'no' 'no' 'no' 'no' 'no' 'no' 'no' 'no' 'no' 'no'
 'no' 'no' 'no' 'no' 'no']
96, 410, 103
96, 420, 108
96, 430, 105
96, 440, 108
96, 450, 102
96, 460, 103
['yes']
['no' 'no' 'no' 'no' 'no' 'no' 'no' 'no' 'no' 'no' 'no' 'no' 'no' 'no'
 'no' 'no' 'no' 'no' 'no']
96, 460, 103
96, 470, 102
96, 480, 104
96, 490, 103
96, 500, 103
96, 510, 101
['no']
['no' 'yes' 'no' 'no' 'no' 'no' 'no' 'no' 'no' 'no' 'no' 'no' 'no' 'no'
 'no' 'no' 'no' 'no' 'no']
96, 510, 101
96, 520, 102
{'count': 723, 'truepos': 95, 'falseneg': 7, 'correction': 24, 'unknownyes': 2, 'falsepos': 1, 'unique': 520}
27: Hall.csv: knee: 0, 0
6, 10
10, 20
14, 30
18, 40
23, 50
25, 60
25, 70
30, 80
31, 90
32, 100
35, 110
38, 120
40, 130
40, 140
44, 150
46, 160
48, 170
50, 180
51, 190
54, 200
57, 210
57, 220
59, 230
59, 240
59, 250
60, 260
61, 270
61, 280
62, 290
62, 300
64, 310
65, 320
65, 330
66, 340
67, 350
67, 360
67, 370
67, 380
67, 390
67, 400
67, 410
67, 420
68, 430
68, 440
68, 450
69, 460
69, 470
69, 480
69, 490
69, 500
{'count': 671, 'truepos': 88, 'falseneg': 14, 'correction': 26, 'unknownyes': 2, 'falsepos': 1, 'unique': 500}
27: Wahono.csv: none: 0, 0
4, 10
4, 20, 89
11, 30, 85
11, 40, 90
12, 50, 81
13, 60, 75
14, 70, 53
16, 80, 46
17, 90, 49
17, 100, 46
18, 110, 44
19, 120, 44
22, 130, 45
25, 140, 49
25, 150, 59
26, 160, 52
28, 170, 51
28, 180, 53
28, 190, 51
29, 200, 48
29, 210, 48
30, 220, 47
30, 230, 53
30, 240, 49
30, 250, 50
30, 260, 52
30, 270, 48
31, 280, 47
31, 290, 49
32, 300, 44
32, 310, 48
32, 320, 49
32, 330, 43
33, 340, 44
33, 350, 47
33, 360, 44
33, 370, 50
33, 380, 50
33, 390, 46
33, 400, 46
33, 410, 44
35, 420, 45
35, 430, 51
35, 440, 53
35, 450, 49
35, 460, 53
35, 470, 52
35, 480, 46
35, 490, 50
36, 500, 48
36, 510, 51
36, 520, 49
36, 530, 49
36, 540, 49
36, 550, 50
36, 560, 47
36, 570, 49
36, 580, 47
36, 590, 47
36, 600, 48
36, 610, 47
36, 620, 48
36, 630, 46
36, 640, 44
36, 650, 45
36, 660, 47
36, 670, 44
36, 680, 44
36, 690, 44
36, 700, 44
36, 710, 43
36, 720, 44
36, 730, 43
37, 740, 43
37, 750, 45
37, 760, 45
37, 770, 45
37, 780, 44
37, 790, 45
37, 800, 45
39, 810, 44
41, 820, 46
41, 830, 47
41, 840, 48
41, 850, 46
41, 860, 47
41, 870, 48
41, 880, 47
41, 890, 47
42, 900, 46
43, 910, 47
43, 920, 49
43, 930, 49
43, 940, 49
43, 950, 50
43, 960, 50
43, 970, 50
43, 980, 49
44, 990, 49
44, 1000, 51
44, 1010, 51
44, 1020, 49
44, 1030, 51
44, 1040, 49
44, 1050, 49
44, 1060, 49
44, 1070, 48
44, 1080, 49
44, 1090, 48
44, 1100, 50
44, 1110, 49
44, 1120, 48
44, 1130, 49
44, 1140, 48
44, 1150, 49
45, 1160, 49
45, 1170, 50
45, 1180, 50
45, 1190, 49
45, 1200, 49
45, 1210, 49
45, 1220, 50
45, 1230, 49
45, 1240, 50
45, 1250, 49
45, 1260, 49
45, 1270, 50
45, 1280, 50
45, 1290, 49
45, 1300, 49
45, 1310, 49
45, 1320, 49
45, 1330, 48
45, 1340, 48
45, 1350, 48
45, 1360, 49
45, 1370, 49
46, 1380, 48
46, 1390, 49
46, 1400, 50
46, 1410, 50
46, 1420, 49
46, 1430, 50
46, 1440, 50
46, 1450, 50
46, 1460, 49
46, 1470, 49
46, 1480, 49
46, 1490, 50
46, 1500, 50
46, 1510, 49
46, 1520, 49
46, 1530, 49
46, 1540, 49
46, 1550, 49
46, 1560, 48
46, 1570, 49
46, 1580, 49
46, 1590, 49
{'count': 1590, 'truepos': 40, 'falseneg': 19, 'correction': 0, 'unknownyes': 3, 'falsepos': 6, 'unique': 1590}
27: Wahono.csv: three: 0, 0
5, 10
5, 20, 102
8, 30, 92
12, 40, 88
13, 50, 91
16, 60, 78
19, 70, 77
19, 80, 69
19, 90, 59
19, 100, 48
19, 110, 47
21, 120, 45
24, 130, 49
24, 140, 51
25, 150, 47
25, 160, 48
27, 170, 47
28, 180, 50
29, 190, 50
30, 200, 50
31, 210, 49
34, 220, 51
34, 230, 60
34, 240, 60
35, 250, 57
37, 260, 59
38, 270, 62
39, 280, 62
39, 290, 64
39, 300, 62
39, 310, 61
39, 320, 58
39, 330, 57
40, 340, 56
40, 350, 56
41, 360, 55
41, 370, 59
42, 380, 55
42, 390, 54
42, 400, 55
42, 410, 54
42, 420, 55
42, 430, 51
42, 440, 55
42, 450, 53
42, 460, 52
42, 470, 52
42, 480, 52
42, 490, 51
42, 500, 52
42, 510, 50
42, 520, 51
43, 530, 51
44, 540, 51
44, 550, 52
44, 560, 52
44, 570, 51
44, 580, 51
44, 590, 51
44, 600, 53
45, 610, 51
45, 620, 54
46, 630, 52
48, 640, 53
48, 650, 56
48, 660, 57
48, 670, 57
48, 680, 56
48, 690, 57
48, 700, 57
48, 710, 56
48, 720, 56
48, 730, 56
48, 740, 55
48, 750, 56
48, 760, 56
48, 770, 55
48, 780, 56
48, 790, 54
48, 800, 54
48, 810, 55
48, 820, 54
48, 830, 55
48, 840, 55
48, 850, 55
48, 860, 54
48, 870, 54
48, 880, 54
48, 890, 54
48, 900, 54
48, 910, 54
48, 920, 55
48, 930, 53
48, 940, 53
48, 950, 53
48, 960, 53
48, 970, 54
48, 980, 53
48, 990, 53
48, 1000, 53
48, 1010, 53
48, 1020, 53
48, 1030, 52
48, 1040, 52
48, 1050, 53
48, 1060, 52
48, 1070, 52
48, 1080, 52
48, 1090, 53
48, 1100, 52
48, 1110, 52
48, 1120, 53
48, 1130, 52
48, 1140, 51
48, 1150, 52
48, 1160, 52
48, 1170, 52
48, 1180, 52
48, 1190, 52
48, 1200, 52
48, 1210, 52
48, 1220, 52
48, 1230, 52
48, 1240, 52
48, 1250, 52
48, 1260, 52
48, 1270, 51
49, 1280, 51
49, 1290, 52
49, 1300, 52
49, 1310, 52
49, 1320, 53
49, 1330, 52
49, 1340, 52
49, 1350, 52
49, 1360, 52
49, 1370, 52
49, 1380, 52
49, 1390, 52
49, 1400, 52
49, 1410, 52
49, 1420, 52
49, 1430, 52
49, 1440, 52
49, 1450, 52
49, 1460, 52
49, 1470, 52
49, 1480, 52
49, 1490, 51
49, 1500, 52
49, 1510, 52
49, 1520, 51
49, 1530, 51
49, 1540, 52
49, 1550, 52
49, 1560, 51
49, 1570, 52
49, 1580, 52
49, 1590, 52
49, 1600, 51
49, 1610, 51
49, 1620, 51
49, 1630, 52
49, 1640, 51
50, 1650, 52
50, 1660, 52
50, 1670, 52
50, 1680, 53
50, 1690, 52
50, 1700, 53
50, 1710, 53
50, 1720, 52
50, 1730, 52
50, 1740, 52
50, 1750, 53
50, 1760, 52
50, 1770, 52
50, 1780, 52
50, 1790, 52
50, 1800, 52
50, 1810, 52
50, 1820, 52
50, 1830, 52
50, 1840, 52
50, 1850, 52
50, 1860, 52
50, 1870, 52
50, 1880, 52
50, 1890, 52
50, 1900, 52
50, 1910, 52
50, 1920, 52
50, 1930, 52
50, 1940, 52
50, 1950, 52
50, 1960, 52
50, 1970, 52
50, 1980, 51
50, 1990, 52
50, 2000, 51
50, 2010, 51
50, 2020, 51
50, 2030, 51
50, 2040, 51
50, 2050, 51
50, 2060, 51
50, 2070, 51
50, 2080, 51
50, 2090, 51
50, 2100, 51
50, 2110, 51
50, 2120, 52
50, 2130, 51
50, 2140, 51
50, 2150, 51
51, 2160, 52
{'count': 4363, 'truepos': 51, 'falseneg': 11, 'correction': 42, 'unknownyes': 0, 'falsepos': 0, 'unique': 2160}
27: Wahono.csv: machine: 0, 0
5, 10
8, 20, 105
9, 30, 109
10, 40, 94
13, 50, 97
15, 60, 82
['yes']
['no' 'no' 'no' 'no' 'no' 'yes' 'no' 'no' 'no' 'no' 'no' 'no' 'yes' 'no'
 'no' 'no' 'yes' 'no' 'no']
16, 60, 82
18, 70, 74
18, 80, 68
18, 90, 59
18, 100, 51
18, 110, 44
['yes']
['no' 'no' 'no' 'no' 'no' 'no' 'no' 'no' 'no' 'no' 'no' 'no' 'no' 'no'
 'no' 'no' 'no' 'no' 'no']
18, 110, 44
19, 120, 42
21, 130, 43
24, 140, 46
24, 150, 50
24, 160, 46
['yes']
['no' 'no' 'no' 'no' 'no' 'no' 'no' 'no' 'no' 'no' 'no' 'no' 'no' 'no'
 'no' 'no' 'no' 'no' 'no']
24, 160, 46
25, 170, 45
25, 180, 45
28, 190, 44
30, 200, 48
31, 210, 52
['yes']
['no' 'yes' 'no' 'no' 'no' 'yes' 'no' 'no' 'no' 'no' 'no' 'no' 'yes' 'yes'
 'no' 'no' 'no' 'no' 'no']
33, 210, 52
35, 220, 54
35, 230, 66
35, 240, 59
35, 250, 55
36, 260, 53
['yes']
['no' 'no' 'no' 'no' 'no' 'no' 'no' 'no' 'no' 'no' 'no' 'no' 'no' 'no'
 'no' 'no' 'no' 'no' 'no']
36, 260, 53
36, 270, 58
36, 280, 50
36, 290, 59
36, 300, 51
36, 310, 49
['yes']
['no' 'no' 'no' 'no' 'no' 'no' 'no' 'no' 'no' 'no' 'no' 'no' 'no' 'no'
 'no' 'no' 'no' 'no' 'no']
36, 310, 49
36, 320, 49
37, 330, 47
37, 340, 57
38, 350, 49
38, 360, 49
['no']
['yes' 'no' 'no' 'no' 'no' 'no' 'no' 'no' 'no' 'no' 'no' 'no' 'no' 'no'
 'no' 'no' 'no' 'no' 'no']
38, 360, 49
39, 370, 50
39, 380, 50
39, 390, 50
40, 400, 49
40, 410, 50
['yes']
['no' 'no' 'no' 'no' 'no' 'no' 'no' 'no' 'no' 'no' 'no' 'no' 'no' 'no'
 'no' 'no' 'no' 'no' 'no']
40, 410, 50
41, 420, 51
42, 430, 50
43, 440, 52
43, 450, 51
43, 460, 55
['yes']
['no' 'no' 'no' 'no' 'no' 'no' 'no' 'yes' 'no' 'no' 'no' 'no' 'no' 'no'
 'no' 'no' 'no' 'no' 'no']
44, 460, 55
44, 470, 58
45, 480, 54
45, 490, 56
45, 500, 55
45, 510, 53
['no']
['no' 'no' 'no' 'no' 'no' 'no' 'no' 'no' 'no' 'no' 'no' 'no' 'no' 'no'
 'no' 'no' 'no' 'no' 'no']
44, 510, 53
45, 520, 52
45, 530, 52
45, 540, 56
45, 550, 56
45, 560, 54
['yes']
['no' 'no' 'no' 'no' 'yes' 'no' 'no' 'no' 'no' 'no' 'no' 'no' 'no' 'no'
 'no' 'no' 'no' 'no' 'no']
46, 560, 54
46, 570, 53
46, 580, 55
46, 590, 53
46, 600, 54
47, 610, 54
['yes']
['no' 'no' 'no' 'no' 'no' 'no' 'no' 'no' 'no' 'no' 'no' 'no' 'no' 'no'
 'no' 'no' 'no' 'no' 'no']
47, 610, 54
47, 620, 53
47, 630, 55
47, 640, 55
47, 650, 55
47, 660, 57
['yes']
['no' 'no' 'no' 'no' 'no' 'no' 'no' 'no' 'no' 'no' 'no' 'no' 'no' 'no'
 'no' 'no' 'no' 'no' 'no']
47, 660, 57
47, 670, 52
47, 680, 54
48, 690, 53
48, 700, 53
48, 710, 54
['yes']
['no' 'no' 'no' 'no' 'no' 'no' 'no' 'no' 'no' 'no' 'no' 'no' 'no' 'yes'
 'no' 'no' 'no' 'no' 'no']
48, 710, 54
48, 720, 53
49, 730, 53
49, 740, 54
49, 750, 55
49, 760, 54
['yes']
['no' 'no' 'no' 'no' 'no' 'no' 'no' 'no' 'no' 'no' 'no' 'no' 'no' 'no'
 'no' 'no' 'no' 'no' 'no']
49, 760, 54
49, 770, 55
49, 780, 54
49, 790, 55
49, 800, 55
49, 810, 55
['yes']
['no' 'yes' 'no' 'no' 'no' 'no' 'no' 'no' 'no' 'no' 'no' 'yes' 'no' 'no'
 'no' 'no' 'no' 'no' 'no']
50, 810, 55
50, 820, 55
50, 830, 55
50, 840, 54
50, 850, 55
50, 860, 55
['yes']
['no' 'no' 'no' 'no' 'no' 'no' 'no' 'no' 'no' 'no' 'no' 'no' 'no' 'no'
 'no' 'no' 'no' 'no' 'no']
50, 860, 55
50, 870, 55
51, 880, 55
51, 890, 57
51, 900, 55
51, 910, 55
['no']
['no' 'no' 'no' 'no' 'no' 'no' 'no' 'no' 'no' 'no' 'no' 'no' 'no' 'no'
 'no' 'no' 'no' 'no' 'no']
50, 910, 55
50, 920, 54
50, 930, 54
50, 940, 54
50, 950, 54
50, 960, 54
['yes']
['no' 'no' 'no' 'no' 'no' 'no' 'no' 'no' 'no' 'no' 'no' 'no' 'no' 'no'
 'no' 'no' 'no' 'no' 'no']
50, 960, 54
50, 970, 54
50, 980, 54
50, 990, 54
50, 1000, 54
50, 1010, 53
['yes']
['yes' 'no' 'no' 'no' 'no' 'no' 'no' 'no' 'no' 'no' 'no' 'no' 'no' 'no'
 'no' 'no' 'no' 'no' 'no']
51, 1010, 53
51, 1020, 55
51, 1030, 55
51, 1040, 55
51, 1050, 55
52, 1060, 55
['no']
['no' 'no' 'no' 'no' 'no' 'no' 'no' 'no' 'yes' 'no' 'no' 'no' 'no' 'no'
 'no' 'no' 'no' 'no' 'no']
51, 1060, 55
51, 1070, 54
51, 1080, 54
51, 1090, 54
51, 1100, 55
52, 1110, 54
['no']
['no' 'no' 'no' 'no' 'no' 'no' 'no' 'no' 'no' 'no' 'no' 'no' 'no' 'no'
 'no' 'no' 'no' 'no' 'no']
51, 1110, 54
51, 1120, 55
51, 1130, 54
51, 1140, 54
51, 1150, 54
51, 1160, 54
['yes']
['no' 'no' 'no' 'no' 'no' 'no' 'no' 'no' 'no' 'no' 'no' 'no' 'no' 'no'
 'no' 'no' 'no' 'no' 'no']
51, 1160, 54
51, 1170, 54
51, 1180, 54
51, 1190, 54
51, 1200, 54
51, 1210, 54
['yes']
['no' 'no' 'no' 'no' 'no' 'no' 'no' 'no' 'no' 'no' 'no' 'no' 'no' 'no'
 'no' 'no' 'no' 'no' 'no']
51, 1210, 54
51, 1220, 54
51, 1230, 55
51, 1240, 54
51, 1250, 53
51, 1260, 53
['no']
['no' 'no' 'no' 'no' 'no' 'no' 'no' 'no' 'no' 'no' 'no' 'no' 'no' 'no'
 'no' 'no' 'no' 'no' 'no']
50, 1260, 53
50, 1270, 53
51, 1280, 52
51, 1290, 54
51, 1300, 54
51, 1310, 54
['yes']
['no' 'no' 'no' 'no' 'no' 'no' 'no' 'no' 'no' 'no' 'no' 'no' 'no' 'no'
 'no' 'no' 'no' 'no' 'no']
51, 1310, 54
51, 1320, 54
51, 1330, 54
51, 1340, 55
51, 1350, 54
52, 1360, 54
['yes']
['no' 'no' 'no' 'no' 'no' 'no' 'no' 'no' 'no' 'no' 'no' 'no' 'no' 'no'
 'no' 'no' 'no' 'no' 'no']
52, 1360, 54
52, 1370, 55
52, 1380, 55
52, 1390, 55
52, 1400, 55
{'count': 1951, 'truepos': 51, 'falseneg': 9, 'correction': 19, 'unknownyes': 2, 'falsepos': 1, 'unique': 1400}
27: Wahono.csv: knee: 0, 0
3, 10
4, 20
6, 30
7, 40
7, 50
9, 60
11, 70
12, 80
13, 90
14, 100
15, 110
16, 120
16, 130
17, 140
18, 150
19, 160
23, 170
23, 180
23, 190
23, 200
24, 210
27, 220
29, 230
29, 240
29, 250
29, 260
29, 270
30, 280
30, 290
30, 300
31, 310
31, 320
31, 330
31, 340
32, 350
32, 360
32, 370
32, 380
32, 390
32, 400
32, 410
32, 420
32, 430
{'count': 635, 'truepos': 38, 'falseneg': 7, 'correction': 8, 'unknownyes': 17, 'falsepos': 2, 'unique': 430}
27: Danijel.csv: none: 0, 0
3, 10
3, 20, 103
4, 30, 72
5, 40, 50
7, 50, 50
7, 60, 56
8, 70, 50
9, 80, 50
9, 90, 48
10, 100, 45
11, 110, 45
11, 120, 48
12, 130, 46
13, 140, 47
16, 150, 48
17, 160, 49
19, 170, 53
21, 180, 51
22, 190, 53
24, 200, 51
24, 210, 55
27, 220, 53
28, 230, 54
28, 240, 52
28, 250, 51
29, 260, 49
29, 270, 49
29, 280, 49
29, 290, 48
31, 300, 48
31, 310, 45
31, 320, 41
31, 330, 42
31, 340, 41
31, 350, 42
31, 360, 40
31, 370, 39
31, 380, 38
31, 390, 39
31, 400, 40
31, 410, 40
31, 420, 40
31, 430, 37
32, 440, 39
32, 450, 39
32, 460, 39
32, 470, 40
32, 480, 39
32, 490, 39
32, 500, 41
33, 510, 38
33, 520, 40
33, 530, 40
33, 540, 40
33, 550, 38
33, 560, 39
33, 570, 40
33, 580, 38
33, 590, 38
33, 600, 38
33, 610, 39
33, 620, 38
33, 630, 37
33, 640, 37
33, 650, 37
33, 660, 38
33, 670, 37
33, 680, 38
33, 690, 37
33, 700, 37
33, 710, 37
33, 720, 37
33, 730, 37
33, 740, 37
33, 750, 37
33, 760, 36
33, 770, 37
33, 780, 36
33, 790, 38
33, 800, 37
33, 810, 36
33, 820, 36
33, 830, 37
33, 840, 37
33, 850, 36
33, 860, 37
33, 870, 35
33, 880, 36
34, 890, 36
34, 900, 37
34, 910, 39
34, 920, 38
34, 930, 37
34, 940, 38
34, 950, 37
34, 960, 38
34, 970, 39
34, 980, 37
34, 990, 37
34, 1000, 37
34, 1010, 37
34, 1020, 37
34, 1030, 38
34, 1040, 37
34, 1050, 36
34, 1060, 37
34, 1070, 36
34, 1080, 36
34, 1090, 37
34, 1100, 36
34, 1110, 36
34, 1120, 36
34, 1130, 36
34, 1140, 36
34, 1150, 36
34, 1160, 36
35, 1170, 36
35, 1180, 38
35, 1190, 37
35, 1200, 38
35, 1210, 37
35, 1220, 37
35, 1230, 39
35, 1240, 38
35, 1250, 37
35, 1260, 37
35, 1270, 37
35, 1280, 37
35, 1290, 37
35, 1300, 38
35, 1310, 38
35, 1320, 37
35, 1330, 38
35, 1340, 37
35, 1350, 37
35, 1360, 37
{'count': 1360, 'truepos': 30, 'falseneg': 16, 'correction': 0, 'unknownyes': 2, 'falsepos': 5, 'unique': 1360}
27: Danijel.csv: three: 0, 0
4, 10
4, 20, 121
5, 30, 94
6, 40, 79
6, 50, 68
9, 60, 51
12, 70, 59
15, 80, 64
16, 90, 70
17, 100, 61
18, 110, 56
18, 120, 54
19, 130, 46
20, 140, 45
20, 150, 45
20, 160, 43
20, 170, 42
21, 180, 42
21, 190, 42
22, 200, 42
22, 210, 43
22, 220, 43
24, 230, 43
24, 240, 45
24, 250, 44
24, 260, 44
24, 270, 44
25, 280, 44
25, 290, 45
25, 300, 45
26, 310, 45
27, 320, 44
28, 330, 45
28, 340, 47
28, 350, 47
28, 360, 47
28, 370, 47
29, 380, 47
29, 390, 48
29, 400, 48
29, 410, 48
29, 420, 48
29, 430, 48
30, 440, 48
30, 450, 40
30, 460, 39
30, 470, 39
30, 480, 37
30, 490, 37
30, 500, 39
32, 510, 37
32, 520, 40
32, 530, 40
32, 540, 41
32, 550, 39
32, 560, 40
32, 570, 38
32, 580, 38
32, 590, 40
33, 600, 39
33, 610, 39
33, 620, 38
33, 630, 39
33, 640, 38
33, 650, 38
33, 660, 39
33, 670, 39
33, 680, 38
33, 690, 40
33, 700, 37
33, 710, 38
33, 720, 37
33, 730, 38
34, 740, 37
34, 750, 38
34, 760, 38
34, 770, 39
34, 780, 38
34, 790, 37
34, 800, 38
34, 810, 37
34, 820, 38
34, 830, 38
34, 840, 38
34, 850, 38
34, 860, 38
34, 870, 38
34, 880, 37
34, 890, 38
34, 900, 38
34, 910, 38
34, 920, 37
34, 930, 37
34, 940, 37
34, 950, 37
34, 960, 37
34, 970, 37
34, 980, 37
34, 990, 36
34, 1000, 37
34, 1010, 37
34, 1020, 37
34, 1030, 37
34, 1040, 37
34, 1050, 37
34, 1060, 38
34, 1070, 37
34, 1080, 38
34, 1090, 37
34, 1100, 37
34, 1110, 38
34, 1120, 38
34, 1130, 36
34, 1140, 37
34, 1150, 36
34, 1160, 38
34, 1170, 36
34, 1180, 37
34, 1190, 37
34, 1200, 37
34, 1210, 37
34, 1220, 36
34, 1230, 36
34, 1240, 36
34, 1250, 37
34, 1260, 37
34, 1270, 36
34, 1280, 36
34, 1290, 36
34, 1300, 36
34, 1310, 37
34, 1320, 36
34, 1330, 36
34, 1340, 36
34, 1350, 36
34, 1360, 36
34, 1370, 36
34, 1380, 36
34, 1390, 36
34, 1400, 36
34, 1410, 36
34, 1420, 36
34, 1430, 35
34, 1440, 37
34, 1450, 36
34, 1460, 36
{'count': 2949, 'truepos': 34, 'falseneg': 12, 'correction': 27, 'unknownyes': 2, 'falsepos': 0, 'unique': 1460}
27: Danijel.csv: machine: 0, 0
4, 10
4, 20, 121
6, 30, 95
7, 40, 82
10, 50, 68
11, 60, 69
['yes']
['no' 'no' 'no' 'no' 'no' 'no' 'no' 'no' 'no' 'no' 'no' 'no' 'no' 'no'
 'no' 'no' 'no' 'no' 'no']
11, 60, 69
13, 70, 59
15, 80, 53
17, 90, 55
19, 100, 53
19, 110, 55
['yes']
['yes' 'yes' 'yes' 'no' 'no' 'no' 'no' 'no' 'no' 'no' 'no' 'no' 'no' 'no'
 'yes' 'no' 'no' 'no' 'no']
21, 110, 55
23, 120, 53
24, 130, 56
24, 140, 52
26, 150, 46
26, 160, 48
['yes']
['no' 'no' 'no' 'no' 'no' 'no' 'no' 'no' 'no' 'no' 'no' 'no' 'yes' 'no'
 'no' 'no' 'no' 'no' 'no']
26, 160, 48
26, 170, 46
26, 180, 45
27, 190, 44
27, 200, 44
27, 210, 44
['yes']
['no' 'no' 'no' 'yes' 'no' 'no' 'no' 'no' 'no' 'no' 'no' 'yes' 'no' 'no'
 'no' 'no' 'no' 'no' 'no']
29, 210, 44
29, 220, 46
29, 230, 45
29, 240, 45
29, 250, 45
29, 260, 45
['yes']
['no' 'no' 'no' 'no' 'no' 'no' 'no' 'no' 'no' 'no' 'no' 'no' 'no' 'no'
 'no' 'no' 'no' 'no' 'no']
28, 260, 45
30, 270, 45
31, 280, 42
31, 290, 41
31, 300, 42
32, 310, 42
['yes']
['no' 'no' 'no' 'no' 'no' 'no' 'no' 'no' 'no' 'no' 'no' 'no' 'no' 'no'
 'no' 'no' 'no' 'no' 'no']
32, 310, 42
32, 320, 45
33, 330, 42
33, 340, 42
34, 350, 43
35, 360, 44
['yes']
['yes' 'no' 'no' 'no' 'no' 'no' 'no' 'no' 'no' 'no' 'no' 'no' 'no' 'no'
 'no' 'no' 'no' 'no' 'no']
35, 360, 44
35, 370, 44
35, 380, 46
35, 390, 45
35, 400, 46
35, 410, 46
['yes']
['no' 'no' 'no' 'no' 'no' 'no' 'no' 'no' 'no' 'no' 'yes' 'no' 'no' 'no'
 'no' 'no' 'no' 'no' 'no']
36, 410, 46
36, 420, 44
36, 430, 44
36, 440, 43
36, 450, 44
37, 460, 42
['yes']
['no' 'no' 'no' 'no' 'no' 'no' 'no' 'no' 'no' 'no' 'no' 'no' 'no' 'no'
 'no' 'no' 'no' 'no' 'no']
37, 460, 42
37, 470, 43
37, 480, 43
37, 490, 44
37, 500, 43
37, 510, 42
['yes']
['no' 'no' 'no' 'no' 'no' 'no' 'no' 'no' 'no' 'no' 'no' 'no' 'no' 'no'
 'no' 'no' 'no' 'no' 'no']
36, 510, 42
36, 520, 44
36, 530, 42
36, 540, 40
36, 550, 42
36, 560, 40
['yes']
['no' 'no' 'no' 'no' 'no' 'no' 'no' 'no' 'no' 'no' 'no' 'no' 'no' 'no'
 'no' 'no' 'no' 'no' 'no']
37, 560, 40
37, 570, 41
37, 580, 42
37, 590, 43
37, 600, 43
37, 610, 42
['yes']
['no' 'no' 'no' 'no' 'no' 'no' 'no' 'no' 'no' 'no' 'no' 'no' 'no' 'no'
 'no' 'no' 'no' 'no' 'no']
37, 610, 42
37, 620, 41
38, 630, 43
38, 640, 45
38, 650, 43
38, 660, 44
['yes']
['no' 'no' 'no' 'no' 'no' 'no' 'no' 'no' 'no' 'no' 'no' 'no' 'no' 'no'
 'no' 'no' 'no' 'no' 'no']
38, 660, 44
39, 670, 42
39, 680, 44
39, 690, 44
39, 700, 43
39, 710, 44
['no']
['no' 'no' 'no' 'no' 'no' 'no' 'no' 'no' 'no' 'no' 'no' 'no' 'no' 'no'
 'no' 'no' 'no' 'no' 'no']
38, 710, 44
38, 720, 42
38, 730, 42
38, 740, 42
38, 750, 42
38, 760, 41
['yes']
['no' 'no' 'no' 'no' 'no' 'no' 'no' 'no' 'no' 'no' 'no' 'no' 'no' 'no'
 'no' 'no' 'no' 'no' 'no']
38, 760, 41
38, 770, 42
38, 780, 41
38, 790, 41
38, 800, 42
38, 810, 41
['no']
['no' 'no' 'no' 'no' 'no' 'no' 'no' 'no' 'no' 'no' 'no' 'no' 'no' 'no'
 'no' 'no' 'no' 'no' 'no']
37, 810, 41
37, 820, 40
37, 830, 40
37, 840, 40
37, 850, 40
37, 860, 39
['no']
['no' 'no' 'no' 'no' 'no' 'no' 'no' 'no' 'no' 'no' 'no' 'no' 'no' 'no'
 'no' 'no' 'no' 'no' 'no']
36, 860, 39
36, 870, 39
36, 880, 38
36, 890, 38
36, 900, 38
36, 910, 39
['yes']
['no' 'no' 'no' 'no' 'no' 'no' 'no' 'no' 'no' 'no' 'no' 'yes' 'no' 'no'
 'no' 'no' 'yes' 'no' 'no']
39, 910, 39
39, 920, 43
39, 930, 42
39, 940, 42
39, 950, 42
{'count': 1313, 'truepos': 38, 'falseneg': 8, 'correction': 10, 'unknownyes': 2, 'falsepos': 1, 'unique': 950}
27: Danijel.csv: knee: 0, 0
3, 10
3, 20
3, 30
3, 40
3, 50
7, 60
9, 70
12, 80
13, 90
14, 100
15, 110
17, 120
17, 130
18, 140
19, 150
21, 160
24, 170
25, 180
25, 190
27, 200
27, 210
28, 220
29, 230
29, 240
29, 250
29, 260
29, 270
29, 280
29, 290
29, 300
29, 310
29, 320
30, 330
30, 340
30, 350
30, 360
31, 370
31, 380
31, 390
31, 400
31, 410
31, 420
31, 430
{'count': 609, 'truepos': 35, 'falseneg': 7, 'correction': 7, 'unknownyes': 6, 'falsepos': 1, 'unique': 430}
27: K_all3.csv: none: 0, 0
2, 10
2, 20, 79
2, 30, 59
2, 40, 51
2, 50, 49
2, 60, 45
4, 70, 44
7, 80, 43
9, 90, 43
13, 100, 43
17, 110, 48
20, 120, 53
22, 130, 55
23, 140, 56
24, 150, 51
27, 160, 49
27, 170, 53
27, 180, 48
27, 190, 46
28, 200, 45
29, 210, 45
29, 220, 45
29, 230, 44
29, 240, 44
30, 250, 44
30, 260, 38
31, 270, 39
32, 280, 39
33, 290, 40
33, 300, 42
33, 310, 41
33, 320, 41
33, 330, 39
33, 340, 38
33, 350, 37
33, 360, 37
33, 370, 38
34, 380, 37
34, 390, 38
35, 400, 38
37, 410, 38
37, 420, 40
37, 430, 39
39, 440, 39
{'count': 440, 'truepos': 36, 'falseneg': 4, 'correction': 0, 'unknownyes': 5, 'falsepos': 3, 'unique': 440}
27: K_all3.csv: three: 0, 0
1, 10
1, 20, 94
1, 30, 61
1, 40, 51
1, 50, 48
1, 60, 46
1, 70, 44
1, 80, 43
2, 90, 42
4, 100, 43
7, 110, 49
9, 120, 48
10, 130, 48
11, 140, 46
12, 150, 45
15, 160, 45
18, 170, 48
24, 180, 49
25, 190, 59
25, 200, 55
26, 210, 51
27, 220, 50
28, 230, 49
29, 240, 49
29, 250, 48
29, 260, 47
29, 270, 46
30, 280, 45
30, 290, 41
31, 300, 37
31, 310, 42
31, 320, 40
31, 330, 38
31, 340, 37
33, 350, 37
33, 360, 39
33, 370, 39
33, 380, 38
33, 390, 38
35, 400, 37
35, 410, 41
35, 420, 39
35, 430, 38
35, 440, 39
35, 450, 39
36, 460, 38
36, 470, 39
36, 480, 38
36, 490, 38
37, 500, 39
37, 510, 40
37, 520, 39
37, 530, 39
37, 540, 39
37, 550, 39
{'count': 1133, 'truepos': 37, 'falseneg': 6, 'correction': 30, 'unknownyes': 2, 'falsepos': 0, 'unique': 550}
27: K_all3.csv: machine: 0, 0
1, 10
1, 20, 93
1, 30, 61
1, 40, 51
1, 50, 48
1, 60, 46
['yes']
['no' 'no' 'no' 'no' 'no' 'no' 'no' 'no' 'no' 'no' 'no' 'no' 'no' 'no'
 'no' 'no' 'no' 'no' 'no']
1, 60, 46
1, 70, 44
1, 80, 43
2, 90, 42
4, 100, 43
6, 110, 49
['yes']
['no' 'no' 'no' 'no' 'no' 'yes' 'no' 'no' 'no' 'no' 'no' 'no' 'no' 'no'
 'no' 'no' 'no' 'no' 'no']
6, 110, 49
7, 120, 47
9, 130, 44
10, 140, 45
12, 150, 43
15, 160, 45
['yes']
['no' 'no' 'no' 'no' 'no' 'yes' 'yes' 'no' 'no' 'yes' 'no' 'no' 'no' 'no'
 'no' 'no' 'no' 'no' 'no']
18, 160, 45
20, 170, 54
22, 180, 54
23, 190, 54
24, 200, 52
24, 210, 50
['yes']
['no' 'yes' 'no' 'no' 'no' 'no' 'no' 'no' 'no' 'no' 'no' 'no' 'no' 'no'
 'no' 'no' 'no' 'no' 'no']
23, 210, 50
24, 220, 48
24, 230, 47
24, 240, 46
25, 250, 45
25, 260, 45
['yes']
['no' 'no' 'no' 'no' 'no' 'no' 'no' 'no' 'no' 'no' 'no' 'yes' 'no' 'no'
 'no' 'no' 'no' 'no' 'no']
26, 260, 45
26, 270, 46
26, 280, 45
27, 290, 44
27, 300, 45
27, 310, 45
['yes']
['no' 'no' 'no' 'no' 'no' 'no' 'no' 'no' 'no' 'no' 'no' 'no' 'no' 'no'
 'no' 'no' 'no' 'no' 'no']
28, 310, 45
28, 320, 45
29, 330, 45
29, 340, 46
29, 350, 45
29, 360, 45
['yes']
['no' 'no' 'no' 'no' 'yes' 'no' 'no' 'no' 'no' 'no' 'no' 'no' 'no' 'no'
 'no' 'no' 'no' 'no' 'no']
29, 360, 45
29, 370, 45
29, 380, 45
29, 390, 45
29, 400, 45
29, 410, 44
['yes']
['no' 'no' 'no' 'no' 'no' 'no' 'no' 'no' 'no' 'no' 'no' 'no' 'no' 'no'
 'no' 'no' 'no' 'no' 'no']
29, 410, 44
30, 420, 44
30, 430, 34
31, 440, 34
32, 450, 36
32, 460, 38
['yes']
['yes' 'no' 'no' 'no' 'no' 'no' 'no' 'no' 'no' 'no' 'no' 'no' 'no' 'no'
 'no' 'no' 'no' 'no' 'no']
32, 460, 38
32, 470, 36
33, 480, 35
33, 490, 36
33, 500, 37
33, 510, 36
['yes']
['no' 'no' 'no' 'no' 'no' 'no' 'no' 'no' 'no' 'no' 'no' 'no' 'no' 'no'
 'no' 'no' 'no' 'no' 'no']
33, 510, 36
34, 520, 35
34, 530, 37
36, 540, 37
36, 550, 39
36, 560, 38
['yes']
['no' 'no' 'yes' 'no' 'no' 'no' 'no' 'no' 'no' 'no' 'no' 'no' 'no' 'no'
 'no' 'no' 'no' 'no' 'no']
37, 560, 38
37, 570, 40
37, 580, 39
37, 590, 39
37, 600, 39
37, 610, 39
['yes']
['no' 'no' 'no' 'no' 'no' 'no' 'no' 'no' 'no' 'no' 'no' 'no' 'no' 'no'
 'no' 'no' 'no' 'no' 'no']
37, 610, 39
37, 620, 39
37, 630, 39
38, 640, 39
{'count': 882, 'truepos': 35, 'falseneg': 8, 'correction': 5, 'unknownyes': 2, 'falsepos': 3, 'unique': 640}
27: K_all3.csv: knee: 0, 0
2, 10
2, 20
2, 30
3, 40
3, 50
3, 60
3, 70
3, 80
3, 90
3, 100
3, 110
3, 120
3, 130
3, 140
3, 150
4, 160
5, 170
6, 180
8, 190
8, 200
10, 210
12, 220
12, 230
14, 240
15, 250
17, 260
17, 270
18, 280
18, 290
18, 300
18, 310
19, 320
20, 330
22, 340
25, 350
27, 360
27, 370
27, 380
27, 390
28, 400
29, 410
29, 420
29, 430
29, 440
29, 450
30, 460
31, 470
32, 480
32, 490
32, 500
32, 510
35, 520
35, 530
35, 540
35, 550
35, 560
36, 570
36, 580
36, 590
37, 600
37, 610
37, 620
37, 630
37, 640
37, 650
38, 660
38, 670
38, 680
38, 690
38, 700
38, 710
38, 720
38, 730
38, 740
40, 750
42, 760
42, 770
42, 780
43, 790
43, 800
43, 810
44, 820
44, 830
44, 840
44, 850
44, 860
44, 870
44, 880
45, 890
45, 900
45, 910
45, 920
46, 930
46, 940
47, 950
47, 960
47, 970
47, 980
47, 990
47, 1000
47, 1010
47, 1020
48, 1030
49, 1040
49, 1050
49, 1060
49, 1070
49, 1080
49, 1090
49, 1100
49, 1110
49, 1120
49, 1130
49, 1140
49, 1150
49, 1160
49, 1170
49, 1180
49, 1190
49, 1200
49, 1210
49, 1220
49, 1230
49, 1240
49, 1250
49, 1260
49, 1270
49, 1280
49, 1290
49, 1300
50, 1310
50, 1320
50, 1330
50, 1340
50, 1350
50, 1360
50, 1370
50, 1380
50, 1390
50, 1400
50, 1410
50, 1420
50, 1430
50, 1440
51, 1450
51, 1460
51, 1470
51, 1480
51, 1490
51, 1500
51, 1510
51, 1520
51, 1530
51, 1540
51, 1550
51, 1560
51, 1570
51, 1580
51, 1590
51, 1600
51, 1610
51, 1620
53, 1630
53, 1640
53, 1650
53, 1660
53, 1670
54, 1680
54, 1690
54, 1700
54, 1704

------------------------------------------------------------
Sender: LSF System <lsfadmin@n2c1-9>
Subject: Job 759544: </share/tjmenzie/zyu9/miniconda2/bin/python2.7 runner.py error_hpcc 27> in cluster <henry2> Exited

Job </share/tjmenzie/zyu9/miniconda2/bin/python2.7 runner.py error_hpcc 27> was submitted from host <login01.hpc.ncsu.edu> by user <zyu9> in cluster <henry2> at Sat Feb 24 16:17:36 2018.
Job was executed on host(s) <1*n2c1-9>, in queue <single_chassis>, as user <zyu9> in cluster <henry2> at Sat Feb 24 16:17:42 2018.
                            <1*n2c1-11>
</home/zyu9> was used as the home directory.
</home/zyu9/projects/MAR_HPC/Error/src> was used as the working directory.
Started at Sat Feb 24 16:17:42 2018.
Terminated at Sat Feb 24 17:31:52 2018.
Results reported at Sat Feb 24 17:31:52 2018.

Your job looked like:

------------------------------------------------------------
# LSBATCH: User input
/share/tjmenzie/zyu9/miniconda2/bin/python2.7 runner.py error_hpcc 27
------------------------------------------------------------

Exited with exit code 1.

Resource usage summary:

    CPU time :                                   5593.18 sec.
    Max Memory :                                 294.30 MB
    Average Memory :                             238.65 MB
    Total Requested Memory :                     -
    Delta Memory :                               -
    Max Swap :                                   1336 MB
    Max Processes :                              3
    Max Threads :                                8
    Run time :                                   4453 sec.
    Turnaround time :                            4456 sec.

The output (if any) is above this job summary.



PS: The stderr output (if any) follows:

Traceback (most recent call last):
  File "runner.py", line 350, in <module>
    eval(cmd())
  File "<string>", line 1, in <module>
  File "runner.py", line 292, in error_hpcc
    result = BM25(file,queries[file],'knee','random')
  File "runner.py", line 193, in BM25
    seq = coded[np.argsort(read.body['time'][coded])]
TypeError: only integer scalar arrays can be converted to a scalar index


PS:

Fail to open stderr file ./err/27.err.759544: No such file or directory.
The stderr output is included in this report.

