27: Hall.csv: none: 0, 0
4, 10
9, 20, 94
10, 30, 97
14, 40, 103
18, 50, 118
20, 60, 113
21, 70, 113
24, 80, 115
24, 90, 105
28, 100, 93
32, 110, 93
36, 120, 78
42, 130, 83
46, 140, 87
51, 150, 98
52, 160, 103
54, 170, 95
56, 180, 93
57, 190, 87
60, 200, 83
61, 210, 90
63, 220, 79
64, 230, 85
65, 240, 81
67, 250, 83
67, 260, 89
68, 270, 84
68, 280, 86
68, 290, 83
70, 300, 83
72, 310, 85
72, 320, 90
72, 330, 92
72, 340, 87
72, 350, 86
72, 360, 86
73, 370, 86
74, 380, 84
74, 390, 87
74, 400, 86
74, 410, 85
74, 420, 86
74, 430, 86
74, 440, 83
74, 450, 83
74, 460, 83
74, 470, 82
75, 480, 84
75, 490, 82
75, 500, 82
75, 510, 85
75, 520, 82
76, 530, 84
76, 540, 84
76, 550, 84
76, 560, 83
76, 570, 83
76, 580, 82
76, 590, 83
76, 600, 83
76, 610, 82
76, 620, 82
76, 630, 83
76, 640, 82
76, 650, 81
{'count': 650, 'truepos': 74, 'falseneg': 28, 'correction': 0, 'unknownyes': 2, 'falsepos': 2, 'unique': 650}
27: Hall.csv: three: 0, 0
5, 10
6, 20, 98
8, 30, 95
9, 40, 97
15, 50, 89
18, 60, 87
22, 70, 77
25, 80, 86
26, 90, 86
29, 100, 81
33, 110, 75
35, 120, 63
37, 130, 70
42, 140, 65
47, 150, 76
50, 160, 84
55, 170, 80
57, 180, 97
58, 190, 93
59, 200, 95
62, 210, 85
64, 220, 87
68, 230, 95
68, 240, 110
69, 250, 90
72, 260, 89
75, 270, 92
76, 280, 102
76, 290, 98
77, 300, 96
77, 310, 98
78, 320, 95
79, 330, 97
80, 340, 99
80, 350, 101
81, 360, 102
81, 370, 97
81, 380, 95
81, 390, 94
81, 400, 95
81, 410, 97
81, 420, 100
81, 430, 94
81, 440, 93
81, 450, 93
81, 460, 92
81, 470, 91
81, 480, 91
82, 490, 91
82, 500, 93
82, 510, 92
82, 520, 95
82, 530, 92
82, 540, 93
82, 550, 95
82, 560, 91
82, 570, 93
82, 580, 92
82, 590, 90
82, 600, 91
82, 610, 91
82, 620, 91
82, 630, 89
82, 640, 90
82, 650, 89
82, 660, 90
82, 670, 90
82, 680, 89
82, 690, 90
82, 700, 91
82, 710, 90
82, 720, 89
82, 730, 89
82, 740, 89
82, 750, 89
82, 760, 88
82, 770, 88
82, 780, 88
82, 790, 88
82, 800, 88
82, 810, 87
82, 820, 87
82, 830, 87
82, 840, 88
82, 850, 87
82, 860, 87
82, 870, 88
82, 880, 88
82, 890, 87
{'count': 1832, 'truepos': 82, 'falseneg': 21, 'correction': 47, 'unknownyes': 1, 'falsepos': 0, 'unique': 890}
27: Hall.csv: machine: 0, 0
5, 10
5, 20, 100
8, 30, 92
9, 40, 85
13, 50, 63
18, 60, 77
[]
['no' 'no' 'no' 'yes' 'yes' 'no' 'yes' 'no' 'no' 'no' 'yes']
21, 60, 81
21, 70, 91
24, 80, 70
29, 90, 74
30, 100, 86
34, 110, 58
['yes']
['yes' 'no' 'no' 'no' 'no' 'yes' 'yes' 'yes' 'no' 'no' 'no' 'no' 'no'
 'yes' 'yes' 'no' 'no' 'no' 'no' 'yes' 'yes' 'yes' 'no' 'no' 'no' 'no'
 'yes' 'yes' 'no' 'no' 'no' 'no' 'no' 'no']
42, 110, 58
45, 120, 73
48, 130, 77
52, 140, 78
53, 150, 79
55, 160, 75
['yes']
['no' 'yes' 'yes' 'no' 'yes' 'no' 'no' 'no' 'no' 'no' 'no' 'no' 'no' 'yes'
 'no' 'yes' 'no' 'no' 'no' 'no' 'no' 'no' 'no' 'no' 'no' 'no' 'no' 'no'
 'no' 'yes' 'no' 'no' 'no' 'yes' 'yes' 'no' 'no' 'no' 'no' 'no' 'no' 'no'
 'no' 'no']
61, 160, 79
62, 170, 89
65, 180, 86
69, 190, 85
71, 200, 97
73, 210, 86
['yes']
['no' 'no' 'no' 'no' 'no' 'no' 'no' 'no' 'yes' 'no' 'no' 'no' 'no' 'no'
 'no' 'no' 'no' 'no' 'no' 'yes' 'no' 'yes' 'no' 'no' 'no' 'no' 'no' 'no'
 'no' 'no' 'no' 'no']
75, 210, 92
77, 220, 90
77, 230, 92
78, 240, 92
80, 250, 92
81, 260, 94
['yes']
['yes' 'no' 'no' 'no' 'no' 'no' 'no' 'yes' 'no' 'yes' 'no' 'no' 'yes' 'no'
 'no' 'yes' 'no' 'no']
85, 260, 95
87, 270, 100
88, 280, 98
89, 290, 104
89, 300, 101
89, 310, 102
['yes']
['yes' 'no' 'no' 'no' 'no' 'no' 'no' 'no' 'no' 'no']
90, 310, 100
91, 320, 102
91, 330, 102
92, 340, 100
92, 350, 104
92, 360, 101
['yes']
['no' 'no' 'yes' 'no' 'no' 'no']
92, 360, 99
92, 370, 102
92, 380, 103
92, 390, 102
92, 400, 100
92, 410, 100
['yes']
['no' 'no' 'no']
91, 410, 99
91, 420, 98
91, 430, 97
91, 440, 97
91, 450, 100
91, 460, 96
['yes']
['no' 'no']
{'count': 625, 'truepos': 91, 'falseneg': 10, 'correction': 27, 'unknownyes': 3, 'falsepos': 0, 'unique': 460}
27: Hall.csv: knee: 0, 0
7, 10
11, 20
15, 30
18, 40
19, 50
20, 60
23, 70
28, 80
30, 90
36, 100
41, 110
44, 120
46, 130
47, 140
49, 150
49, 160
52, 170
54, 180
55, 190
58, 200
60, 210
62, 220
64, 230
67, 240
67, 250
67, 260
68, 270
68, 280
68, 290
68, 300
69, 310
69, 320
70, 330
70, 340
70, 350
70, 360
70, 370
{'count': 546, 'truepos': 84, 'falseneg': 16, 'correction': 17, 'unknownyes': 4, 'falsepos': 2, 'unique': 370}
27: Wahono.csv: none: 0, 0
4, 10
6, 20, 110
7, 30, 92
8, 40, 90
9, 50, 61
11, 60, 47
14, 70, 54
16, 80, 59
16, 90, 63
17, 100, 53
18, 110, 48
18, 120, 48
20, 130, 45
20, 140, 48
21, 150, 45
21, 160, 46
21, 170, 43
21, 180, 43
22, 190, 43
23, 200, 45
23, 210, 45
23, 220, 44
24, 230, 44
24, 240, 44
24, 250, 45
24, 260, 45
25, 270, 45
25, 280, 46
26, 290, 46
26, 300, 47
26, 310, 46
27, 320, 47
28, 330, 48
29, 340, 48
29, 350, 48
29, 360, 47
29, 370, 47
30, 380, 47
30, 390, 47
30, 400, 41
30, 410, 43
30, 420, 45
30, 430, 42
30, 440, 42
30, 450, 40
30, 460, 42
30, 470, 42
30, 480, 41
30, 490, 42
30, 500, 38
30, 510, 38
32, 520, 38
32, 530, 41
32, 540, 43
32, 550, 41
32, 560, 41
32, 570, 40
32, 580, 39
32, 590, 40
32, 600, 39
32, 610, 40
32, 620, 38
32, 630, 40
32, 640, 39
32, 650, 40
32, 660, 38
32, 670, 39
33, 680, 38
34, 690, 40
34, 700, 42
34, 710, 40
35, 720, 41
35, 730, 42
35, 740, 42
35, 750, 42
35, 760, 41
35, 770, 41
35, 780, 41
35, 790, 42
35, 800, 40
35, 810, 41
35, 820, 41
35, 830, 41
35, 840, 41
35, 850, 40
35, 860, 40
35, 870, 40
35, 880, 41
35, 890, 40
35, 900, 41
35, 910, 39
35, 920, 41
35, 930, 40
35, 940, 41
36, 950, 40
36, 960, 40
36, 970, 41
36, 980, 40
36, 990, 40
36, 1000, 40
36, 1010, 40
36, 1020, 40
36, 1030, 40
36, 1040, 40
36, 1050, 39
36, 1060, 40
36, 1070, 40
36, 1080, 39
36, 1090, 40
36, 1100, 39
36, 1110, 39
36, 1120, 39
36, 1130, 39
36, 1140, 38
36, 1150, 39
36, 1160, 39
36, 1170, 39
36, 1180, 39
36, 1190, 38
36, 1200, 39
36, 1210, 39
36, 1220, 38
36, 1230, 39
36, 1240, 38
36, 1250, 39
36, 1260, 39
36, 1270, 39
36, 1280, 38
37, 1290, 38
37, 1300, 40
37, 1310, 39
37, 1320, 40
37, 1330, 40
37, 1340, 39
37, 1350, 39
37, 1360, 39
37, 1370, 39
37, 1380, 39
37, 1390, 39
37, 1400, 39
37, 1410, 39
37, 1420, 40
37, 1430, 39
37, 1440, 39
38, 1450, 39
{'count': 1450, 'truepos': 35, 'falseneg': 24, 'correction': 0, 'unknownyes': 3, 'falsepos': 3, 'unique': 1450}
27: Wahono.csv: three: 0, 0
4, 10
4, 20, 91
7, 30, 88
9, 40, 85
11, 50, 79
14, 60, 72
15, 70, 75
16, 80, 61
16, 90, 58
16, 100, 49
16, 110, 47
17, 120, 46
19, 130, 45
20, 140, 47
20, 150, 45
21, 160, 44
23, 170, 46
24, 180, 49
26, 190, 46
27, 200, 47
27, 210, 46
29, 220, 46
29, 230, 50
30, 240, 48
30, 250, 52
30, 260, 52
30, 270, 48
30, 280, 51
32, 290, 46
32, 300, 49
32, 310, 49
32, 320, 49
33, 330, 48
33, 340, 48
33, 350, 48
34, 360, 45
34, 370, 49
34, 380, 49
35, 390, 46
35, 400, 49
35, 410, 49
35, 420, 47
35, 430, 48
35, 440, 48
35, 450, 45
35, 460, 47
36, 470, 45
36, 480, 48
36, 490, 46
36, 500, 47
36, 510, 45
36, 520, 49
36, 530, 46
38, 540, 45
39, 550, 47
39, 560, 50
39, 570, 48
39, 580, 50
39, 590, 47
39, 600, 48
40, 610, 49
41, 620, 49
41, 630, 50
41, 640, 52
41, 650, 51
41, 660, 52
41, 670, 50
41, 680, 49
41, 690, 48
41, 700, 47
41, 710, 49
42, 720, 49
42, 730, 50
42, 740, 50
42, 750, 50
42, 760, 49
42, 770, 49
42, 780, 49
42, 790, 48
42, 800, 49
42, 810, 50
42, 820, 48
42, 830, 47
42, 840, 48
42, 850, 48
42, 860, 48
42, 870, 47
42, 880, 48
42, 890, 48
42, 900, 48
42, 910, 48
42, 920, 47
42, 930, 48
42, 940, 48
42, 950, 47
42, 960, 47
42, 970, 48
42, 980, 47
42, 990, 47
42, 1000, 48
42, 1010, 47
42, 1020, 47
42, 1030, 47
42, 1040, 47
42, 1050, 47
42, 1060, 47
42, 1070, 47
43, 1080, 47
43, 1090, 48
43, 1100, 48
43, 1110, 48
43, 1120, 47
43, 1130, 47
43, 1140, 47
43, 1150, 48
43, 1160, 47
43, 1170, 47
43, 1180, 47
43, 1190, 47
43, 1200, 47
43, 1210, 47
43, 1220, 47
43, 1230, 47
43, 1240, 47
43, 1250, 47
43, 1260, 47
43, 1270, 47
43, 1280, 47
43, 1290, 47
43, 1300, 47
43, 1310, 46
43, 1320, 47
43, 1330, 47
43, 1340, 47
43, 1350, 46
43, 1360, 47
43, 1370, 46
43, 1380, 46
43, 1390, 47
43, 1400, 46
43, 1410, 46
43, 1420, 46
43, 1430, 46
43, 1440, 46
43, 1450, 46
43, 1460, 46
43, 1470, 46
43, 1480, 46
43, 1490, 47
43, 1500, 46
43, 1510, 46
43, 1520, 46
43, 1530, 46
43, 1540, 46
{'count': 3112, 'truepos': 43, 'falseneg': 16, 'correction': 27, 'unknownyes': 3, 'falsepos': 0, 'unique': 1540}
27: Wahono.csv: machine: 0, 0
5, 10
5, 20, 100
9, 30, 88
10, 40, 86
12, 50, 77
14, 60, 65
[]
['no' 'no' 'no' 'no' 'no' 'no' 'no' 'yes' 'no' 'no' 'no' 'no' 'no']
15, 60, 61
16, 70, 66
17, 80, 63
19, 90, 54
19, 100, 53
19, 110, 49
[]
['no' 'yes' 'yes' 'no' 'no' 'no' 'no' 'no' 'no']
20, 110, 46
21, 120, 46
21, 130, 45
21, 140, 43
22, 150, 42
23, 160, 43
[]
['no' 'no' 'yes' 'no' 'no' 'no']
24, 160, 45
25, 170, 45
26, 180, 46
27, 190, 45
30, 200, 46
30, 210, 52
['yes']
['no' 'no' 'no' 'no' 'no' 'no' 'no' 'no' 'no' 'no' 'no' 'no' 'no' 'no'
 'yes' 'no' 'no' 'no' 'no' 'no' 'no' 'no' 'yes' 'no' 'no' 'no' 'yes' 'no'
 'no' 'no' 'no' 'no' 'no' 'no' 'no' 'no' 'no' 'no' 'no' 'no' 'no' 'no'
 'no' 'no']
31, 210, 50
32, 220, 51
34, 230, 50
34, 240, 60
35, 250, 51
35, 260, 54
['yes']
['no' 'no' 'no' 'no' 'no' 'no' 'no' 'no' 'no' 'no' 'no']
35, 260, 51
35, 270, 56
36, 280, 52
38, 290, 54
38, 300, 56
38, 310, 58
['yes']
['no' 'no' 'no' 'no' 'no' 'no' 'no' 'no' 'no' 'no' 'no' 'no']
38, 310, 52
38, 320, 52
39, 330, 53
39, 340, 55
40, 350, 51
40, 360, 57
['yes']
['no' 'no' 'no' 'no' 'no' 'no' 'no' 'no' 'no' 'no' 'no' 'no' 'no' 'no'
 'no' 'no' 'no' 'no' 'no']
39, 360, 56
39, 370, 54
39, 380, 53
39, 390, 53
39, 400, 53
39, 410, 51
['yes']
['yes' 'no' 'no' 'no' 'no' 'no']
38, 410, 53
38, 420, 52
39, 430, 49
39, 440, 51
39, 450, 54
39, 460, 50
['yes']
['no' 'no' 'no' 'no']
39, 460, 49
39, 470, 49
39, 480, 52
39, 490, 49
39, 500, 49
39, 510, 50
['yes']
['no' 'no']
39, 510, 48
39, 520, 48
39, 530, 48
40, 540, 47
40, 550, 47
40, 560, 49
['yes']
['no' 'no' 'no' 'no' 'no' 'no']
40, 560, 46
41, 570, 50
41, 580, 49
42, 590, 49
42, 600, 52
42, 610, 49
['yes']
['no' 'no' 'no' 'no' 'no' 'no' 'no' 'no' 'no' 'no' 'no']
41, 610, 49
41, 620, 48
41, 630, 49
41, 640, 49
41, 650, 48
41, 660, 47
['no']
['no' 'no' 'no']
40, 660, 48
40, 670, 46
40, 680, 46
40, 690, 47
40, 700, 45
40, 710, 46
['yes']
[]
40, 710, 45
40, 720, 44
40, 730, 44
40, 740, 45
41, 750, 44
41, 760, 46
['yes']
['no' 'no' 'no']
41, 760, 45
41, 770, 47
41, 780, 46
41, 790, 46
41, 800, 46
42, 810, 46
['yes']
[]
42, 810, 47
43, 820, 46
43, 830, 47
43, 840, 47
43, 850, 47
43, 860, 47
['yes']
['no' 'no' 'no' 'no' 'no' 'no' 'no' 'no']
43, 860, 47
43, 870, 47
43, 880, 48
43, 890, 47
43, 900, 47
43, 910, 47
['yes']
['no']
42, 910, 47
42, 920, 46
42, 930, 47
42, 940, 46
42, 950, 46
42, 960, 46
['yes']
['yes']
43, 960, 46
43, 970, 47
43, 980, 47
43, 990, 47
43, 1000, 47
43, 1010, 47
['yes']
['no' 'no']
43, 1010, 47
43, 1020, 46
43, 1030, 46
43, 1040, 47
43, 1050, 46
43, 1060, 46
['yes']
['no']
43, 1060, 46
43, 1070, 46
43, 1080, 46
43, 1090, 46
43, 1100, 46
43, 1110, 46
['yes']
[]
43, 1110, 46
43, 1120, 46
43, 1130, 46
{'count': 1311, 'truepos': 43, 'falseneg': 15, 'correction': 7, 'unknownyes': 4, 'falsepos': 0, 'unique': 1130}
27: Wahono.csv: knee: 0, 0
4, 10
5, 20
9, 30
9, 40
11, 50
13, 60
14, 70
14, 80
14, 90
15, 100
18, 110
19, 120
19, 130
19, 140
19, 150
19, 160
20, 170
21, 180
23, 190
24, 200
25, 210
26, 220
26, 230
27, 240
29, 250
31, 260
33, 270
36, 280
36, 290
36, 300
36, 310
36, 320
36, 330
37, 340
38, 350
39, 360
39, 370
39, 380
40, 390
40, 400
40, 410
40, 420
41, 430
41, 440
41, 450
42, 460
42, 470
42, 480
43, 490
43, 500
43, 510
43, 520
43, 530
43, 540
43, 550
43, 560
43, 570
43, 580
43, 590
43, 600
44, 610
44, 620
44, 630
45, 640
45, 650
45, 660
45, 670
45, 680
45, 690
45, 700
45, 710
45, 720
46, 730
46, 740
46, 750
46, 760
47, 770
47, 780
47, 790
47, 800
47, 810
47, 820
47, 830
47, 840
{'count': 1095, 'truepos': 51, 'falseneg': 7, 'correction': 8, 'unknownyes': 4, 'falsepos': 0, 'unique': 840}
27: Danijel.csv: none: 0, 0
3, 10
3, 20, 121
4, 30, 88
8, 40, 73
9, 50, 85
10, 60, 75
10, 70, 61
11, 80, 51
11, 90, 52
13, 100, 47
16, 110, 49
16, 120, 50
17, 130, 46
17, 140, 46
18, 150, 43
20, 160, 44
23, 170, 46
25, 180, 49
26, 190, 49
26, 200, 49
26, 210, 48
27, 220, 47
27, 230, 46
28, 240, 46
29, 250, 46
29, 260, 46
30, 270, 45
30, 280, 48
31, 290, 46
31, 300, 46
31, 310, 47
32, 320, 44
32, 330, 45
32, 340, 45
32, 350, 46
32, 360, 43
32, 370, 45
32, 380, 41
32, 390, 41
32, 400, 42
32, 410, 40
32, 420, 41
33, 430, 39
33, 440, 41
33, 450, 41
33, 460, 40
33, 470, 40
33, 480, 41
33, 490, 38
33, 500, 40
33, 510, 40
33, 520, 39
33, 530, 39
34, 540, 38
34, 550, 39
34, 560, 40
34, 570, 40
34, 580, 39
34, 590, 39
34, 600, 39
34, 610, 39
35, 620, 38
35, 630, 40
35, 640, 39
35, 650, 39
35, 660, 40
35, 670, 39
35, 680, 39
35, 690, 40
36, 700, 39
36, 710, 39
36, 720, 39
36, 730, 39
36, 740, 40
36, 750, 40
36, 760, 39
36, 770, 39
37, 780, 39
37, 790, 41
38, 800, 42
38, 810, 43
38, 820, 42
38, 830, 42
38, 840, 42
38, 850, 41
38, 860, 43
38, 870, 41
38, 880, 41
38, 890, 42
38, 900, 41
38, 910, 41
39, 920, 41
39, 930, 43
39, 940, 42
39, 950, 42
39, 960, 42
39, 970, 42
39, 980, 42
39, 990, 42
39, 1000, 43
39, 1010, 43
39, 1020, 42
39, 1030, 42
39, 1040, 42
39, 1050, 42
39, 1060, 42
39, 1070, 42
{'count': 1070, 'truepos': 35, 'falseneg': 11, 'correction': 0, 'unknownyes': 2, 'falsepos': 4, 'unique': 1070}
27: Danijel.csv: three: 0, 0
3, 10
3, 20, 109
4, 30, 75
5, 40, 57
6, 50, 55
7, 60, 50
9, 70, 47
9, 80, 47
12, 90, 44
15, 100, 52
17, 110, 54
18, 120, 51
18, 130, 50
18, 140, 44
19, 150, 42
19, 160, 42
19, 170, 41
19, 180, 41
20, 190, 40
23, 200, 41
23, 210, 45
23, 220, 44
23, 230, 43
23, 240, 43
23, 250, 43
23, 260, 43
23, 270, 43
23, 280, 43
23, 290, 44
24, 300, 44
24, 310, 45
24, 320, 45
24, 330, 45
24, 340, 45
24, 350, 45
24, 360, 45
24, 370, 45
24, 380, 45
24, 390, 45
24, 400, 45
24, 410, 46
24, 420, 46
24, 430, 46
24, 440, 46
24, 450, 46
24, 460, 46
24, 470, 46
24, 480, 46
24, 490, 46
24, 500, 46
24, 510, 47
24, 520, 47
24, 530, 47
24, 540, 47
25, 550, 47
25, 560, 48
26, 570, 48
26, 580, 49
26, 590, 49
26, 600, 49
26, 610, 49
26, 620, 50
26, 630, 49
26, 640, 50
26, 650, 50
26, 660, 50
26, 670, 50
26, 680, 50
27, 690, 50
27, 700, 51
27, 710, 51
27, 720, 51
27, 730, 51
27, 740, 51
27, 750, 51
27, 760, 51
27, 770, 51
27, 780, 51
27, 790, 51
27, 800, 51
27, 810, 51
27, 820, 51
27, 830, 51
27, 840, 51
27, 850, 51
27, 860, 51
27, 870, 51
27, 880, 51
27, 890, 51
27, 900, 51
27, 910, 52
27, 920, 52
27, 930, 52
27, 940, 52
27, 950, 52
27, 960, 52
27, 970, 52
27, 980, 52
27, 990, 52
27, 1000, 52
27, 1010, 52
27, 1020, 52
27, 1030, 52
27, 1040, 52
27, 1050, 52
27, 1060, 52
27, 1070, 52
27, 1080, 52
27, 1090, 52
27, 1100, 52
27, 1110, 52
27, 1120, 52
27, 1130, 52
27, 1140, 52
27, 1150, 52
27, 1160, 52
27, 1170, 52
27, 1180, 52
27, 1190, 52
27, 1200, 52
27, 1210, 52
27, 1220, 52
27, 1230, 52
27, 1240, 52
27, 1250, 52
27, 1260, 52
27, 1270, 52
28, 1280, 52
28, 1290, 53
28, 1300, 53
28, 1310, 53
28, 1320, 53
29, 1330, 53
29, 1340, 54
29, 1350, 54
29, 1360, 54
29, 1370, 54
29, 1380, 54
29, 1390, 54
29, 1400, 54
29, 1410, 54
29, 1420, 54
29, 1430, 53
29, 1440, 53
29, 1450, 53
29, 1460, 53
29, 1470, 53
29, 1480, 53
30, 1490, 53
30, 1500, 35
30, 1510, 34
30, 1520, 32
30, 1530, 34
30, 1540, 32
30, 1550, 33
30, 1560, 32
30, 1570, 32
30, 1580, 32
30, 1590, 32
30, 1600, 32
30, 1610, 32
30, 1620, 32
30, 1630, 32
30, 1640, 32
30, 1650, 32
{'count': 3331, 'truepos': 30, 'falseneg': 16, 'correction': 27, 'unknownyes': 2, 'falsepos': 0, 'unique': 1650}
27: Danijel.csv: machine: 0, 0
4, 10
5, 20, 115
5, 30, 109
8, 40, 80
9, 50, 88
13, 60, 66
[]
['yes' 'no' 'yes' 'no' 'no' 'no' 'no' 'no' 'no' 'no' 'no']
14, 60, 72
16, 70, 73
18, 80, 78
19, 90, 68
21, 100, 61
22, 110, 59
[]
['no' 'no' 'no' 'no' 'no' 'no' 'no' 'no']
22, 110, 54
24, 120, 54
25, 130, 57
27, 140, 53
27, 150, 55
28, 160, 52
[]
['no' 'yes' 'no' 'no' 'no' 'no' 'no' 'no' 'no' 'no']
29, 160, 48
32, 170, 51
33, 180, 52
33, 190, 47
33, 200, 48
33, 210, 45
['yes']
['no' 'no' 'no' 'no' 'no' 'no' 'yes' 'no' 'no' 'yes' 'no' 'yes' 'no' 'no'
 'no' 'no' 'yes' 'no' 'no' 'no' 'no' 'no' 'no' 'no' 'no' 'no' 'no' 'no'
 'no' 'no' 'no' 'no' 'no' 'no' 'no' 'no' 'no' 'no' 'no' 'no' 'no']
37, 210, 43
37, 220, 50
37, 230, 47
38, 240, 47
38, 250, 50
38, 260, 48
['yes']
['no' 'no' 'no' 'no' 'no' 'no' 'no' 'no' 'no' 'no' 'no' 'no' 'no' 'no'
 'no' 'no']
38, 260, 47
39, 270, 55
39, 280, 51
39, 290, 53
39, 300, 50
39, 310, 48
['yes']
['no' 'yes' 'no' 'no' 'no' 'no' 'no' 'no' 'no' 'no' 'yes' 'no' 'no']
39, 310, 47
39, 320, 47
39, 330, 46
39, 340, 46
39, 350, 46
39, 360, 46
['yes']
['no' 'no' 'no' 'no' 'no']
39, 360, 45
39, 370, 45
39, 380, 45
39, 390, 45
39, 400, 44
40, 410, 46
['yes']
['no' 'no' 'no' 'no' 'no' 'no' 'no' 'no' 'no' 'yes' 'no' 'no' 'no' 'no'
 'no' 'no' 'no' 'no' 'no' 'no' 'no' 'yes' 'no' 'no' 'no']
42, 410, 47
42, 420, 49
42, 430, 53
42, 440, 48
42, 450, 46
42, 460, 48
['yes']
['no' 'no' 'no' 'no' 'no' 'no']
42, 460, 47
42, 470, 48
42, 480, 48
43, 490, 47
43, 500, 48
43, 510, 48
['yes']
['no' 'no' 'no' 'no' 'no' 'no' 'no' 'no' 'no' 'no' 'no' 'no' 'no' 'no'
 'no']
43, 510, 50
43, 520, 48
43, 530, 47
43, 540, 48
43, 550, 48
43, 560, 48
['yes']
['no' 'no' 'no' 'no' 'no']
43, 560, 49
43, 570, 47
43, 580, 47
43, 590, 48
43, 600, 47
43, 610, 47
['yes']
['no']
43, 610, 47
43, 620, 46
43, 630, 47
43, 640, 46
43, 650, 47
43, 660, 46
['yes']
[]
42, 660, 46
42, 670, 45
42, 680, 46
42, 690, 45
42, 700, 45
42, 710, 45
['yes']
['yes' 'no' 'no']
{'count': 876, 'truepos': 40, 'falseneg': 5, 'correction': 9, 'unknownyes': 3, 'falsepos': 2, 'unique': 710}
27: Danijel.csv: knee: 0, 0
3, 10
5, 20
7, 30
8, 40
8, 50
10, 60
11, 70
12, 80
15, 90
16, 100
18, 110
19, 120
19, 130
19, 140
19, 150
19, 160
19, 170
20, 180
20, 190
20, 200
{'count': 302, 'truepos': 26, 'falseneg': 6, 'correction': 6, 'unknownyes': 16, 'falsepos': 0, 'unique': 200}
27: K_all3.csv: none: 0, 0
1, 10
1, 20, 93
2, 30, 75
4, 40, 54
5, 50, 44
6, 60, 42
6, 70, 40
6, 80, 37
8, 90, 36
9, 100, 41
10, 110, 41
13, 120, 40
14, 130, 43
16, 140, 42
18, 150, 41
18, 160, 40
18, 170, 38
18, 180, 37
19, 190, 37
19, 200, 37
19, 210, 37
22, 220, 37
24, 230, 40
24, 240, 42
24, 250, 41
24, 260, 41
24, 270, 40
25, 280, 40
25, 290, 42
25, 300, 41
25, 310, 41
26, 320, 41
26, 330, 42
27, 340, 41
28, 350, 42
28, 360, 42
28, 370, 42
28, 380, 42
28, 390, 42
28, 400, 42
28, 410, 42
28, 420, 41
28, 430, 41
28, 440, 41
28, 450, 41
28, 460, 41
28, 470, 41
28, 480, 41
29, 490, 41
30, 500, 42
30, 510, 33
31, 520, 33
31, 530, 35
31, 540, 33
31, 550, 33
32, 560, 33
32, 570, 34
32, 580, 34
33, 590, 34
33, 600, 35
33, 610, 35
33, 620, 35
33, 630, 35
33, 640, 35
33, 650, 35
{'count': 650, 'truepos': 27, 'falseneg': 14, 'correction': 0, 'unknownyes': 4, 'falsepos': 6, 'unique': 650}
27: K_all3.csv: three: 0, 0
1, 10
4, 20, 90
7, 30, 68
8, 40, 65
9, 50, 63
12, 60, 55
13, 70, 50
14, 80, 47
15, 90, 45
17, 100, 44
17, 110, 46
20, 120, 42
21, 130, 46
22, 140, 44
22, 150, 43
22, 160, 41
22, 170, 41
23, 180, 40
25, 190, 41
26, 200, 43
27, 210, 43
27, 220, 43
27, 230, 43
28, 240, 43
28, 250, 43
28, 260, 43
29, 270, 43
29, 280, 44
29, 290, 43
29, 300, 43
29, 310, 43
29, 320, 43
30, 330, 43
30, 340, 38
30, 350, 36
30, 360, 37
32, 370, 34
32, 380, 38
32, 390, 38
32, 400, 36
32, 410, 37
32, 420, 36
32, 430, 37
32, 440, 35
32, 450, 34
32, 460, 34
32, 470, 34
33, 480, 34
33, 490, 36
33, 500, 35
{'count': 1023, 'truepos': 33, 'falseneg': 6, 'correction': 19, 'unknownyes': 6, 'falsepos': 0, 'unique': 500}
27: K_all3.csv: machine: 0, 0
1, 10
5, 20, 90
8, 30, 70
9, 40, 66
11, 50, 62
11, 60, 57
[]
['no' 'no' 'no' 'no']
11, 60, 48
11, 70, 48
15, 80, 42
15, 90, 46
18, 100, 41
19, 110, 45
[]
['no' 'no' 'no' 'no' 'no' 'no' 'yes']
20, 110, 42
22, 120, 43
24, 130, 45
26, 140, 47
26, 150, 47
26, 160, 45
[]
['no' 'no' 'no' 'no' 'no' 'no' 'no']
26, 160, 43
26, 170, 43
26, 180, 42
26, 190, 42
26, 200, 41
26, 210, 41
[]
[]
27, 220, 41
27, 230, 42
28, 240, 41
28, 250, 42
28, 260, 42
28, 270, 42
[]
['no' 'no' 'no' 'no']
28, 270, 42
29, 280, 42
31, 290, 42
31, 300, 38
31, 310, 36
32, 320, 35
['yes']
['no' 'no' 'no' 'no' 'no' 'no' 'no' 'no' 'no' 'no' 'no' 'no' 'no' 'no'
 'no' 'no' 'no' 'no' 'no' 'no' 'no' 'no' 'no' 'no' 'no' 'no' 'no' 'no'
 'no' 'yes' 'no' 'no' 'no' 'no' 'yes' 'no' 'no' 'no' 'no']
33, 320, 36
33, 330, 37
33, 340, 37
33, 350, 36
33, 360, 36
34, 370, 37
['yes']
['no' 'no' 'yes' 'no' 'no' 'no' 'no' 'no' 'no' 'no' 'no' 'no' 'no' 'yes'
 'no' 'no' 'no']
37, 370, 37
37, 380, 42
37, 390, 40
37, 400, 40
37, 410, 41
37, 420, 39
['yes']
['no' 'no' 'no' 'no' 'no' 'no' 'no' 'no' 'no' 'no' 'no' 'no' 'no' 'no'
 'no' 'no' 'no' 'no' 'no' 'no' 'no' 'no' 'no']
37, 420, 40
37, 430, 39
37, 440, 40
37, 450, 39
37, 460, 39
38, 470, 39
['yes']
['no' 'no' 'no' 'no' 'no' 'no' 'no' 'no' 'no']
{'count': 574, 'truepos': 33, 'falseneg': 7, 'correction': 5, 'unknownyes': 5, 'falsepos': 5, 'unique': 470}
27: K_all3.csv: knee: 0, 0
1, 10
3, 20
3, 30
5, 40
6, 50
10, 60
11, 70
13, 80
14, 90
14, 100
15, 110
16, 120
17, 130
19, 140
20, 150
20, 160
21, 170
21, 180
21, 190
21, 200
21, 210
21, 220
21, 230
22, 240
23, 250
25, 260
25, 270
26, 280
27, 290
27, 300
27, 310
27, 320
27, 330
27, 340
27, 350
27, 360
28, 370
28, 380
28, 390
29, 400
29, 410
30, 420
30, 430
31, 440
32, 450
32, 460
32, 470
32, 480
32, 490
32, 500
32, 510
32, 520
33, 530
33, 540
33, 550
33, 560
33, 570
33, 580
33, 590
33, 600
33, 610
33, 620
33, 630
33, 640
33, 650
33, 660
33, 670
33, 680
33, 690
33, 700
33, 710
33, 720
33, 730
33, 740
33, 750
{'count': 1019, 'truepos': 35, 'falseneg': 8, 'correction': 6, 'unknownyes': 2, 'falsepos': 4, 'unique': 750}

------------------------------------------------------------
Sender: LSF System <lsfadmin@n2e4-9>
Subject: Job 639688: </share/tjmenzie/zyu9/miniconda2/bin/python2.7 runner.py error_hpcc 27> in cluster <henry2> Done

Job </share/tjmenzie/zyu9/miniconda2/bin/python2.7 runner.py error_hpcc 27> was submitted from host <login01.hpc.ncsu.edu> by user <zyu9> in cluster <henry2> at Thu Feb  1 12:17:34 2018.
Job was executed on host(s) <2*n2e4-9>, in queue <single_chassis>, as user <zyu9> in cluster <henry2> at Thu Feb  1 12:17:40 2018.
</home/zyu9> was used as the home directory.
</home/zyu9/projects/MAR_HPC/Error/src> was used as the working directory.
Started at Thu Feb  1 12:17:40 2018.
Terminated at Thu Feb  1 13:37:23 2018.
Results reported at Thu Feb  1 13:37:23 2018.

Your job looked like:

------------------------------------------------------------
# LSBATCH: User input
/share/tjmenzie/zyu9/miniconda2/bin/python2.7 runner.py error_hpcc 27
------------------------------------------------------------

Successfully completed.

Resource usage summary:

    CPU time :                                   6059.06 sec.
    Max Memory :                                 291.41 MB
    Average Memory :                             237.18 MB
    Total Requested Memory :                     -
    Delta Memory :                               -
    Max Swap :                                   1315 MB
    Max Processes :                              3
    Max Threads :                                8
    Run time :                                   4789 sec.
    Turnaround time :                            4789 sec.

The output (if any) is above this job summary.



PS: The stderr output (if any) follows:



PS:

Fail to open stderr file ./err/27.err.639688: No such file or directory.
The stderr output is included in this report.

