27: Hall.csv: none: 0, 0
8, 10
10, 20, 125
12, 30, 127
16, 40, 94
22, 50, 95
24, 60, 96
29, 70, 91
32, 80, 90
33, 90, 68
37, 100, 67
40, 110, 70
47, 120, 70
52, 130, 86
58, 140, 97
60, 150, 105
61, 160, 111
64, 170, 101
70, 180, 96
71, 190, 106
75, 200, 106
80, 210, 98
88, 220, 105
90, 230, 113
93, 240, 111
96, 250, 116
98, 260, 115
103, 270, 120
106, 280, 131
108, 290, 141
110, 300, 138
110, 310, 145
112, 320, 135
113, 330, 148
114, 340, 144
115, 350, 143
116, 360, 141
119, 370, 144
121, 380, 146
124, 390, 151
124, 400, 156
124, 410, 150
125, 420, 159
128, 430, 156
128, 440, 155
130, 450, 154
131, 460, 154
132, 470, 157
132, 480, 156
132, 490, 153
134, 500, 164
135, 510, 160
136, 520, 161
137, 530, 163
140, 540, 162
141, 550, 159
141, 560, 166
141, 570, 168
142, 580, 169
142, 590, 169
144, 600, 165
144, 610, 169
145, 620, 168
145, 630, 167
148, 640, 173
149, 650, 171
149, 660, 174
151, 670, 175
152, 680, 182
153, 690, 189
153, 700, 187
154, 710, 185
155, 720, 185
156, 730, 181
157, 740, 189
159, 750, 188
159, 760, 195
160, 770, 190
160, 780, 189
161, 790, 187
161, 800, 189
162, 810, 183
162, 820, 189
164, 830, 186
164, 840, 191
164, 850, 191
166, 860, 184
166, 870, 192
166, 880, 191
168, 890, 191
168, 900, 197
168, 910, 196
171, 920, 191
172, 930, 197
172, 940, 202
174, 950, 202
175, 960, 204
177, 970, 206
177, 980, 204
178, 990, 204
180, 1000, 208
180, 1010, 210
180, 1020, 206
180, 1030, 207
183, 1040, 206
185, 1050, 208
189, 1060, 218
190, 1070, 223
190, 1080, 224
191, 1090, 226
191, 1100, 226
194, 1110, 220
194, 1120, 236
195, 1130, 226
196, 1140, 228
197, 1150, 232
198, 1160, 231
200, 1170, 232
201, 1180, 234
203, 1190, 233
203, 1200, 237
203, 1210, 232
203, 1220, 235
203, 1230, 233
205, 1240, 226
206, 1250, 236
206, 1260, 234
208, 1270, 237
209, 1280, 238
211, 1290, 233
213, 1300, 247
215, 1310, 251
217, 1320, 246
218, 1330, 248
218, 1340, 248
220, 1350, 241
220, 1360, 246
221, 1370, 246
222, 1380, 255
223, 1390, 249
225, 1400, 261
225, 1410, 253
225, 1420, 255
226, 1430, 253
226, 1440, 247
227, 1450, 254
228, 1460, 253
228, 1470, 259
228, 1480, 253
230, 1490, 258
232, 1500, 259
233, 1510, 263
234, 1520, 264
235, 1530, 266
235, 1540, 257
236, 1550, 260
237, 1560, 262
238, 1570, 267
239, 1580, 263
239, 1590, 268
240, 1600, 262
241, 1610, 265
243, 1620, 266
244, 1630, 266
246, 1640, 267
246, 1650, 270
246, 1660, 263
250, 1670, 267
251, 1680, 275
251, 1690, 280
254, 1700, 271
254, 1710, 282
256, 1720, 277
257, 1730, 283
258, 1740, 283
260, 1750, 286
260, 1760, 295
260, 1770, 286
261, 1780, 286
261, 1790, 287
262, 1800, 286
263, 1810, 288
266, 1820, 292
267, 1830, 293
268, 1840, 296
269, 1850, 295
272, 1860, 302
273, 1870, 298
273, 1880, 305
275, 1890, 299
277, 1900, 305
278, 1910, 311
278, 1920, 309
281, 1930, 313
284, 1940, 320
285, 1950, 320
286, 1960, 321
286, 1970, 325
286, 1980, 319
287, 1990, 322
289, 2000, 322
289, 2010, 329
289, 2020, 325
289, 2030, 323
290, 2040, 323
291, 2050, 328
292, 2060, 322
294, 2070, 327
296, 2080, 328
298, 2090, 330
298, 2100, 329
299, 2110, 331
300, 2120, 334
302, 2130, 336
303, 2140, 339
304, 2150, 335
304, 2160, 337
306, 2170, 334
307, 2180, 344
308, 2190, 344
308, 2200, 342
308, 2210, 343
311, 2220, 339
315, 2230, 350
315, 2240, 356
317, 2250, 350
319, 2260, 358
322, 2270, 356
322, 2280, 364
322, 2290, 361
322, 2300, 359
322, 2310, 363
324, 2320, 356
324, 2330, 358
325, 2340, 358
326, 2350, 356
326, 2360, 362
327, 2370, 364
328, 2380, 357
328, 2390, 360
329, 2400, 356
331, 2410, 359
332, 2420, 363
334, 2430, 363
334, 2440, 366
334, 2450, 364
335, 2460, 365
336, 2470, 363
339, 2480, 364
340, 2490, 371
341, 2500, 370
342, 2510, 374
343, 2520, 374
344, 2530, 374
345, 2540, 373
345, 2550, 374
345, 2560, 370
345, 2570, 373
350, 2580, 372
351, 2590, 380
352, 2600, 385
352, 2610, 384
354, 2620, 382
356, 2630, 389
357, 2640, 391
359, 2650, 386
360, 2660, 397
362, 2670, 395
362, 2680, 396
364, 2690, 393
365, 2700, 396
365, 2710, 398
366, 2720, 393
366, 2730, 397
367, 2740, 397
368, 2750, 398
368, 2760, 400
369, 2770, 404
370, 2780, 401
371, 2790, 404
373, 2800, 402
375, 2810, 410
377, 2820, 411
378, 2830, 413
378, 2840, 412
378, 2850, 413
378, 2860, 410
379, 2870, 412
381, 2880, 414
382, 2890, 415
382, 2900, 414
384, 2910, 414
384, 2920, 415
384, 2930, 414
385, 2940, 416
386, 2950, 416
386, 2960, 415
386, 2970, 412
386, 2980, 412
386, 2990, 413
386, 3000, 414
387, 3010, 411
388, 3020, 413
389, 3030, 415
392, 3040, 413
393, 3050, 419
394, 3060, 421
394, 3070, 425
396, 3080, 421
397, 3090, 423
397, 3100, 424
397, 3110, 425
399, 3120, 424
399, 3130, 430
401, 3140, 427
402, 3150, 435
403, 3160, 432
404, 3170, 436
406, 3180, 436
407, 3190, 438
407, 3200, 435
408, 3210, 437
409, 3220, 436
410, 3230, 442
411, 3240, 440
411, 3250, 439
411, 3260, 437
412, 3270, 441
415, 3280, 440
416, 3290, 447
419, 3300, 444
419, 3310, 448
420, 3320, 449
422, 3330, 449
422, 3340, 455
422, 3350, 450
426, 3360, 451
426, 3370, 461
427, 3380, 455
428, 3390, 456
429, 3400, 460
431, 3410, 458
433, 3420, 459
433, 3430, 459
435, 3440, 461
435, 3450, 466
435, 3460, 470
436, 3470, 466
436, 3480, 465
436, 3490, 464
437, 3500, 462
438, 3510, 465
438, 3520, 465
440, 3530, 463
443, 3540, 466
445, 3550, 470
447, 3560, 475
447, 3570, 477
449, 3580, 477
449, 3590, 482
450, 3600, 478
452, 3610, 481
453, 3620, 483
455, 3630, 483
455, 3640, 487
458, 3650, 484
459, 3660, 487
460, 3670, 489
460, 3680, 490
460, 3690, 486
460, 3700, 489
463, 3710, 486
463, 3720, 492
463, 3730, 489
463, 3740, 491
463, 3750, 490
465, 3760, 491
468, 3770, 494
468, 3780, 495
469, 3790, 497
471, 3800, 497
472, 3810, 501
472, 3820, 500
472, 3830, 500
472, 3840, 501
{'count': 3840, 'truepos': 93, 'falseneg': 11, 'unknownyes': 2, 'falsepos': 379, 'unique': 3840}
27: Hall.csv: three: 0, 0
7, 10
9, 20, 109
11, 30, 110
13, 40, 113
20, 50, 95
25, 60, 111
29, 70, 94
34, 80, 96
40, 90, 81
44, 100, 88
46, 110, 97
52, 120, 87
53, 130, 102
57, 140, 91
62, 150, 86
65, 160, 101
67, 170, 102
70, 180, 95
71, 190, 106
75, 200, 99
79, 210, 100
81, 220, 108
84, 230, 100
87, 240, 103
90, 250, 107
92, 260, 111
96, 270, 108
97, 280, 121
97, 290, 117
97, 300, 115
99, 310, 112
99, 320, 110
101, 330, 109
102, 340, 113
102, 350, 115
102, 360, 117
103, 370, 113
103, 380, 113
103, 390, 114
103, 400, 113
103, 410, 111
103, 420, 112
103, 430, 111
103, 440, 113
{'count': 958, 'truepos': 99, 'falseneg': 3, 'unknownyes': 4, 'falsepos': 4, 'unique': 440}
27: Hall.csv: machine: 0, 0
8, 10
12, 20, 124
20, 30, 142
24, 40, 125
30, 50, 105
35, 60, 91
['yes' 'yes' 'yes' 'yes' 'yes' 'yes' 'yes' 'yes' 'yes' 'yes']
['no' 'no' 'no' 'no' 'no' 'no' 'no' 'no' 'no' 'no']
34, 60, 91
39, 70, 84
43, 80, 94
49, 90, 96
52, 100, 119
54, 110, 116
['no' 'no' 'yes' 'no' 'yes' 'yes' 'yes' 'no' 'yes' 'no']
['yes' 'no' 'no' 'no' 'no' 'no' 'no' 'no' 'no' 'no']
49, 110, 116
54, 120, 81
59, 130, 91
62, 140, 102
64, 150, 105
69, 160, 94
['yes' 'no' 'no' 'yes' 'yes' 'yes' 'no' 'no' 'no' 'yes']
['no' 'no' 'no' 'no' 'no' 'yes' 'no' 'no' 'no' 'no']
67, 160, 94
70, 170, 95
76, 180, 95
79, 190, 107
79, 200, 107
81, 210, 94
['yes' 'yes' 'yes' 'yes' 'yes' 'yes' 'yes' 'yes' 'no' 'yes']
['no' 'no' 'no' 'no' 'no' 'no' 'no' 'no' 'no' 'no']
79, 210, 94
82, 220, 94
85, 230, 97
87, 240, 100
89, 250, 99
92, 260, 102
['no' 'no' 'no' 'yes' 'yes' 'yes' 'yes' 'yes' 'yes' 'yes']
['yes' 'no' 'no' 'no' 'no' 'no' 'no' 'no' 'no' 'no']
91, 260, 102
93, 270, 101
95, 280, 105
98, 290, 106
100, 300, 108
103, 310, 111
['no' 'no' 'no' 'yes' 'no' 'no' 'yes' 'no' 'yes' 'yes']
['yes' 'no' 'no' 'yes' 'no' 'no' 'yes' 'no' 'no' 'yes']
102, 310, 111
104, 320, 116
105, 330, 118
105, 340, 118
106, 350, 114
107, 360, 117
['yes' 'no' 'yes' 'yes' 'yes' 'no' 'no' 'no' 'yes' 'no']
['no' 'no' 'no' 'no' 'no' 'no' 'no' 'no' 'no' 'no']
101, 360, 117
101, 370, 111
102, 380, 107
['no' 'no' 'yes' 'no' 'yes' 'yes' 'yes' 'yes' 'yes' 'yes']
['no' 'no' 'yes' 'no' 'no' 'yes' 'no' 'no' 'no' 'no']
{'count': 540, 'truepos': 90, 'falseneg': 8, 'unknownyes': 8, 'falsepos': 12, 'unique': 380}
27: Hall.csv: machine2: 0, 0
6, 10
9, 20, 104
14, 30, 111
18, 40, 132
26, 50, 105
32, 60, 107
['no' 'yes' 'yes' 'yes' 'yes' 'yes' 'yes' 'yes' 'yes' 'yes']
['no' 'no' 'no' 'yes' 'no' 'no' 'no' 'no' 'no' 'yes']
34, 60, 107
38, 70, 94
44, 80, 90
47, 90, 103
51, 100, 97
56, 110, 105
['yes' 'yes' 'yes' 'yes' 'yes' 'yes' 'no' 'yes' 'no' 'yes']
['no' 'yes' 'no' 'no' 'no' 'no' 'no' 'no' 'no' 'no']
56, 110, 105
60, 120, 103
66, 130, 106
66, 140, 115
70, 150, 105
76, 160, 96
['yes' 'yes' 'no' 'yes' 'yes' 'yes' 'yes' 'yes' 'no' 'yes']
['no' 'no' 'no' 'no' 'no' 'no' 'no' 'no' 'no' 'no']
77, 160, 96
82, 170, 103
85, 180, 106
86, 190, 111
92, 200, 104
93, 210, 115
['no' 'yes' 'yes' 'yes' 'no' 'yes' 'yes' 'yes' 'yes' 'no']
['no' 'no' 'no' 'no' 'no' 'no' 'no' 'no' 'no' 'no']
90, 210, 115
92, 220, 111
94, 230, 111
98, 240, 110
103, 250, 119
104, 260, 128
['yes' 'no' 'no' 'no' 'no' 'yes' 'yes' 'yes' 'no' 'yes']
['no' 'no' 'no' 'no' 'no' 'no' 'no' 'no' 'no' 'no']
101, 260, 128
103, 270, 123
105, 280, 123
105, 290, 124
105, 300, 123
109, 310, 120
['no' 'yes' 'no' 'no' 'yes' 'no' 'no' 'yes' 'yes' 'yes']
['no' 'no' 'yes' 'no' 'no' 'no' 'no' 'no' 'no' 'no']
109, 310, 120
110, 320, 125
112, 330, 127
113, 340, 129
113, 350, 127
116, 360, 124
['no' 'yes' 'yes' 'no' 'yes' 'no' 'no' 'yes' 'no' 'no']
['no' 'no' 'no' 'no' 'no' 'no' 'no' 'no' 'no' 'no']
113, 360, 124
115, 370, 127
117, 380, 130
117, 390, 136
118, 400, 129
118, 410, 135
['no' 'yes' 'no' 'yes' 'no' 'yes' 'no' 'yes' 'yes' 'no']
['no' 'no' 'no' 'no' 'no' 'no' 'no' 'no' 'no' 'no']
116, 410, 135
117, 420, 126
118, 430, 125
119, 440, 128
120, 450, 129
120, 460, 133
['no' 'no' 'yes' 'yes' 'yes' 'no' 'yes' 'yes' 'no' 'no']
['no' 'no' 'no' 'no' 'no' 'no' 'no' 'no' 'no' 'no']
116, 460, 133
117, 470, 123
['no' 'no' 'no' 'no' 'yes' 'yes' 'no' 'yes' 'no' 'yes']
['no' 'no' 'no' 'no' 'no' 'no' 'no' 'no' 'no' 'no']
{'count': 707, 'truepos': 96, 'falseneg': 3, 'unknownyes': 7, 'falsepos': 17, 'unique': 470}
27: Hall.csv: machine3: 0, 0
6, 10
9, 20, 106
12, 30, 106
14, 40, 114
19, 50, 98
21, 60, 101
null
['no']
21, 60, 101
25, 70, 96
29, 80, 93
33, 90, 90
39, 100, 82
41, 110, 88
null
['no' 'no' 'yes' 'no' 'yes' 'no' 'yes' 'no' 'no' 'yes']
44, 110, 88
47, 120, 89
48, 130, 92
51, 140, 80
53, 150, 83
56, 160, 78
null
['no' 'yes' 'yes' 'no' 'no' 'no' 'no' 'no' 'no' 'no']
58, 160, 78
61, 170, 84
62, 180, 80
64, 190, 77
64, 200, 86
66, 210, 86
null
['yes' 'no' 'no' 'no' 'no' 'no' 'yes' 'no' 'no' 'no']
68, 210, 86
72, 220, 84
73, 230, 89
73, 240, 85
73, 250, 83
74, 260, 85
null
['no' 'no' 'no' 'no' 'yes' 'no' 'yes' 'no' 'yes' 'no']
75, 260, 85
78, 270, 84
80, 280, 89
82, 290, 91
83, 300, 94
84, 310, 95
null
['no' 'no' 'no' 'no' 'no' 'yes' 'yes' 'no' 'no' 'no']
85, 310, 95
85, 320, 96
85, 330, 95
85, 340, 94
85, 350, 94
85, 360, 95
null
['yes' 'yes' 'no' 'no' 'no' 'no' 'no' 'no' 'no' 'no']
86, 360, 95
87, 370, 95
88, 380, 95
89, 390, 96
89, 400, 102
89, 410, 103
null
['no' 'no' 'no' 'no' 'yes' 'no' 'no' 'no' 'yes' 'no']
91, 410, 103
91, 420, 101
91, 430, 105
91, 440, 100
91, 450, 98
91, 460, 97
null
['no' 'no' 'no' 'no' 'no' 'no' 'no' 'no' 'no' 'no']
91, 460, 97
91, 470, 97
91, 480, 99
93, 490, 97
94, 500, 102
94, 510, 102
null
['yes' 'no' 'no' 'no' 'no' 'no' 'no' 'yes' 'no' 'no']
97, 510, 102
98, 520, 107
99, 530, 107
99, 540, 107
99, 550, 106
99, 560, 107
null
['no' 'no' 'yes' 'no' 'yes' 'no' 'no' 'no' 'no' 'no']
100, 560, 107
100, 570, 108
100, 580, 108
101, 590, 107
101, 600, 108
101, 610, 109
null
['no' 'no' 'no' 'no' 'yes' 'no' 'no' 'no' 'yes' 'no']
104, 610, 109
104, 620, 110
104, 630, 115
104, 640, 113
104, 650, 112
104, 660, 111
null
['no' 'no' 'no' 'no' 'no' 'no' 'no' 'no' 'no' 'no']
104, 660, 111
104, 670, 110
104, 680, 110
null
['no' 'no' 'no' 'no' 'no' 'no' 'no' 'no' 'no' 'no']
{'count': 980, 'truepos': 96, 'falseneg': 6, 'unknownyes': 4, 'falsepos': 8, 'unique': 680}
27: Wahono.csv: none: 0, 0
6, 10
8, 20, 100
11, 30, 101
15, 40, 104
16, 50, 94
20, 60, 85
22, 70, 80
25, 80, 80
26, 90, 83
27, 100, 78
29, 110, 66
30, 120, 75
33, 130, 57
34, 140, 59
35, 150, 72
38, 160, 74
41, 170, 76
43, 180, 83
45, 190, 88
46, 200, 85
46, 210, 90
47, 220, 85
48, 230, 84
49, 240, 84
52, 250, 81
53, 260, 83
54, 270, 86
56, 280, 87
56, 290, 99
56, 300, 90
56, 310, 84
58, 320, 78
59, 330, 85
59, 340, 87
60, 350, 86
63, 360, 85
66, 370, 93
68, 380, 99
69, 390, 110
70, 400, 98
76, 410, 104
77, 420, 124
80, 430, 121
83, 440, 127
83, 450, 149
84, 460, 131
87, 470, 131
88, 480, 145
89, 490, 153
90, 500, 138
92, 510, 154
94, 520, 154
96, 530, 176
96, 540, 159
96, 550, 162
97, 560, 150
97, 570, 149
99, 580, 142
101, 590, 145
102, 600, 153
103, 610, 147
104, 620, 147
105, 630, 151
106, 640, 149
108, 650, 157
110, 660, 168
111, 670, 166
111, 680, 172
114, 690, 159
115, 700, 158
118, 710, 157
119, 720, 170
121, 730, 161
122, 740, 175
122, 750, 168
123, 760, 164
128, 770, 164
128, 780, 174
129, 790, 169
130, 800, 166
132, 810, 179
134, 820, 181
135, 830, 190
136, 840, 190
137, 850, 179
140, 860, 185
141, 870, 197
143, 880, 191
146, 890, 194
147, 900, 202
150, 910, 199
152, 920, 220
153, 930, 212
154, 940, 218
155, 950, 211
158, 960, 205
158, 970, 220
159, 980, 214
159, 990, 214
160, 1000, 205
162, 1010, 209
165, 1020, 209
166, 1030, 227
170, 1040, 222
172, 1050, 233
172, 1060, 226
172, 1070, 225
174, 1080, 227
175, 1090, 228
175, 1100, 227
177, 1110, 219
177, 1120, 232
178, 1130, 226
178, 1140, 230
180, 1150, 227
181, 1160, 233
185, 1170, 232
185, 1180, 246
186, 1190, 244
187, 1200, 240
189, 1210, 240
191, 1220, 245
192, 1230, 257
193, 1240, 262
194, 1250, 256
197, 1260, 245
198, 1270, 260
198, 1280, 270
200, 1290, 263
200, 1300, 259
201, 1310, 265
202, 1320, 258
202, 1330, 263
205, 1340, 251
208, 1350, 262
208, 1360, 266
209, 1370, 270
209, 1380, 255
209, 1390, 260
209, 1400, 260
210, 1410, 261
212, 1420, 267
213, 1430, 262
214, 1440, 263
214, 1450, 258
214, 1460, 264
215, 1470, 265
215, 1480, 263
215, 1490, 262
217, 1500, 252
218, 1510, 262
218, 1520, 267
219, 1530, 266
221, 1540, 262
222, 1550, 265
224, 1560, 266
227, 1570, 276
228, 1580, 272
228, 1590, 271
228, 1600, 271
229, 1610, 276
230, 1620, 273
230, 1630, 276
230, 1640, 271
230, 1650, 272
230, 1660, 269
231, 1670, 278
231, 1680, 278
233, 1690, 272
233, 1700, 277
233, 1710, 277
234, 1720, 272
235, 1730, 280
236, 1740, 277
238, 1750, 275
239, 1760, 284
242, 1770, 279
243, 1780, 285
243, 1790, 280
244, 1800, 281
244, 1810, 282
244, 1820, 283
244, 1830, 283
245, 1840, 280
246, 1850, 277
246, 1860, 282
247, 1870, 286
248, 1880, 281
249, 1890, 283
249, 1900, 285
250, 1910, 287
250, 1920, 285
251, 1930, 284
251, 1940, 284
252, 1950, 289
252, 1960, 284
252, 1970, 283
254, 1980, 281
255, 1990, 289
255, 2000, 286
255, 2010, 287
255, 2020, 286
255, 2030, 288
257, 2040, 284
259, 2050, 289
259, 2060, 288
260, 2070, 291
260, 2080, 291
261, 2090, 286
261, 2100, 287
261, 2110, 289
262, 2120, 290
263, 2130, 288
264, 2140, 294
265, 2150, 297
265, 2160, 294
266, 2170, 294
267, 2180, 295
269, 2190, 302
269, 2200, 300
269, 2210, 304
271, 2220, 297
272, 2230, 302
272, 2240, 306
276, 2250, 306
276, 2260, 313
277, 2270, 310
278, 2280, 306
282, 2290, 307
286, 2300, 311
286, 2310, 322
287, 2320, 320
287, 2330, 320
288, 2340, 316
289, 2350, 315
290, 2360, 318
293, 2370, 324
294, 2380, 320
295, 2390, 325
297, 2400, 324
299, 2410, 325
302, 2420, 330
303, 2430, 326
303, 2440, 328
303, 2450, 328
304, 2460, 333
305, 2470, 329
307, 2480, 334
311, 2490, 333
313, 2500, 336
313, 2510, 340
314, 2520, 341
317, 2530, 342
318, 2540, 347
318, 2550, 350
318, 2560, 346
320, 2570, 345
322, 2580, 347
324, 2590, 349
326, 2600, 353
327, 2610, 356
328, 2620, 356
328, 2630, 358
329, 2640, 356
330, 2650, 356
331, 2660, 356
333, 2670, 357
335, 2680, 364
335, 2690, 366
338, 2700, 368
341, 2710, 368
341, 2720, 375
342, 2730, 375
342, 2740, 376
342, 2750, 375
344, 2760, 375
345, 2770, 376
346, 2780, 376
351, 2790, 378
351, 2800, 383
351, 2810, 380
352, 2820, 380
356, 2830, 382
357, 2840, 388
357, 2850, 391
357, 2860, 389
357, 2870, 385
357, 2880, 385
358, 2890, 387
359, 2900, 387
362, 2910, 391
363, 2920, 392
364, 2930, 395
365, 2940, 396
366, 2950, 392
366, 2960, 392
367, 2970, 392
367, 2980, 394
371, 2990, 394
372, 3000, 401
374, 3010, 400
378, 3020, 402
378, 3030, 408
378, 3040, 411
380, 3050, 409
380, 3060, 412
382, 3070, 409
385, 3080, 413
386, 3090, 420
388, 3100, 418
389, 3110, 421
390, 3120, 423
391, 3130, 422
393, 3140, 424
394, 3150, 426
395, 3160, 426
398, 3170, 431
398, 3180, 432
401, 3190, 435
402, 3200, 438
402, 3210, 438
402, 3220, 435
404, 3230, 435
406, 3240, 435
407, 3250, 442
408, 3260, 442
411, 3270, 441
412, 3280, 448
415, 3290, 446
415, 3300, 450
417, 3310, 450
417, 3320, 449
418, 3330, 451
420, 3340, 452
421, 3350, 452
422, 3360, 453
422, 3370, 458
422, 3380, 455
424, 3390, 454
427, 3400, 456
429, 3410, 458
430, 3420, 464
432, 3430, 465
432, 3440, 464
433, 3450, 468
433, 3460, 467
433, 3470, 467
433, 3480, 467
433, 3490, 466
433, 3500, 465
434, 3510, 464
435, 3520, 464
435, 3530, 466
435, 3540, 466
435, 3550, 462
437, 3560, 464
439, 3570, 468
440, 3580, 469
442, 3590, 471
444, 3600, 472
444, 3610, 477
445, 3620, 475
445, 3630, 475
445, 3640, 475
446, 3650, 474
447, 3660, 476
447, 3670, 479
448, 3680, 477
450, 3690, 478
452, 3700, 478
452, 3710, 484
454, 3720, 481
454, 3730, 485
454, 3740, 486
456, 3750, 486
457, 3760, 488
458, 3770, 488
460, 3780, 489
461, 3790, 490
461, 3800, 493
462, 3810, 492
463, 3820, 493
465, 3830, 495
466, 3840, 496
466, 3850, 498
468, 3860, 496
470, 3870, 500
471, 3880, 501
473, 3890, 501
475, 3900, 504
477, 3910, 505
479, 3920, 506
480, 3930, 510
480, 3940, 509
481, 3950, 508
481, 3960, 512
481, 3970, 509
482, 3980, 507
483, 3990, 509
484, 4000, 511
{'count': 4000, 'truepos': 55, 'falseneg': 5, 'unknownyes': 2, 'falsepos': 429, 'unique': 4000}
27: Wahono.csv: three: 0, 0
5, 10
5, 20, 101
9, 30, 93
11, 40, 89
13, 50, 74
14, 60, 59
17, 70, 45
20, 80, 52
22, 90, 54
23, 100, 54
23, 110, 55
25, 120, 50
27, 130, 53
31, 140, 57
33, 150, 65
34, 160, 69
35, 170, 67
36, 180, 70
36, 190, 65
37, 200, 68
38, 210, 66
40, 220, 70
41, 230, 68
42, 240, 70
43, 250, 77
44, 260, 66
44, 270, 67
44, 280, 75
45, 290, 65
48, 300, 65
48, 310, 78
48, 320, 73
50, 330, 67
52, 340, 76
52, 350, 88
52, 360, 82
52, 370, 75
52, 380, 71
52, 390, 75
52, 400, 72
52, 410, 73
52, 420, 73
53, 430, 77
53, 440, 77
53, 450, 71
53, 460, 70
54, 470, 72
55, 480, 69
55, 490, 76
56, 500, 78
57, 510, 67
57, 520, 71
57, 530, 70
59, 540, 70
59, 550, 73
60, 560, 69
60, 570, 72
61, 580, 71
62, 590, 72
63, 600, 74
64, 610, 75
66, 620, 75
66, 630, 81
66, 640, 83
67, 650, 78
68, 660, 81
68, 670, 86
68, 680, 83
69, 690, 83
69, 700, 86
70, 710, 84
70, 720, 87
70, 730, 87
70, 740, 85
71, 750, 84
71, 760, 84
73, 770, 87
74, 780, 87
74, 790, 87
75, 800, 88
76, 810, 92
77, 820, 92
78, 830, 93
78, 840, 93
78, 850, 93
79, 860, 95
80, 870, 96
80, 880, 94
81, 890, 97
81, 900, 96
81, 910, 97
82, 920, 97
82, 930, 97
82, 940, 98
82, 950, 96
82, 960, 96
83, 970, 95
83, 980, 97
84, 990, 97
84, 1000, 96
84, 1010, 97
85, 1020, 95
85, 1030, 98
86, 1040, 97
86, 1050, 98
87, 1060, 97
87, 1070, 98
88, 1080, 98
88, 1090, 99
88, 1100, 98
90, 1110, 98
90, 1120, 100
92, 1130, 101
93, 1140, 103
93, 1150, 103
93, 1160, 105
94, 1170, 104
94, 1180, 105
94, 1190, 103
95, 1200, 103
95, 1210, 105
96, 1220, 105
96, 1230, 107
96, 1240, 104
96, 1250, 107
96, 1260, 107
96, 1270, 106
97, 1280, 104
98, 1290, 106
98, 1300, 109
98, 1310, 106
98, 1320, 108
98, 1330, 107
98, 1340, 107
98, 1350, 109
98, 1360, 106
98, 1370, 105
99, 1380, 106
99, 1390, 106
100, 1400, 108
100, 1410, 108
100, 1420, 107
101, 1430, 107
101, 1440, 109
101, 1450, 109
101, 1460, 107
101, 1470, 108
102, 1480, 109
104, 1490, 109
104, 1500, 113
104, 1510, 111
106, 1520, 112
106, 1530, 115
106, 1540, 115
107, 1550, 114
107, 1560, 115
108, 1570, 115
108, 1580, 115
108, 1590, 116
108, 1600, 115
110, 1610, 116
111, 1620, 122
111, 1630, 122
112, 1640, 124
112, 1650, 125
112, 1660, 125
112, 1670, 123
112, 1680, 126
112, 1690, 124
112, 1700, 123
112, 1710, 123
112, 1720, 123
112, 1730, 121
112, 1740, 120
112, 1750, 121
113, 1760, 122
115, 1770, 127
115, 1780, 130
115, 1790, 130
115, 1800, 128
115, 1810, 127
116, 1820, 129
116, 1830, 128
116, 1840, 129
116, 1850, 128
116, 1860, 127
116, 1870, 126
116, 1880, 128
116, 1890, 127
116, 1900, 126
116, 1910, 127
116, 1920, 126
116, 1930, 127
116, 1940, 124
117, 1950, 125
117, 1960, 127
118, 1970, 126
118, 1980, 127
118, 1990, 128
119, 2000, 128
120, 2010, 132
120, 2020, 132
120, 2030, 135
120, 2040, 133
121, 2050, 130
122, 2060, 131
122, 2070, 133
124, 2080, 133
124, 2090, 136
124, 2100, 135
125, 2110, 133
126, 2120, 140
126, 2130, 139
127, 2140, 138
127, 2150, 144
127, 2160, 142
128, 2170, 140
128, 2180, 142
129, 2190, 142
130, 2200, 143
130, 2210, 145
130, 2220, 145
130, 2230, 144
130, 2240, 141
130, 2250, 143
130, 2260, 142
131, 2270, 140
132, 2280, 145
132, 2290, 144
132, 2300, 145
132, 2310, 144
133, 2320, 143
133, 2330, 145
134, 2340, 145
134, 2350, 145
134, 2360, 145
134, 2370, 145
134, 2380, 147
134, 2390, 146
134, 2400, 142
134, 2410, 145
134, 2420, 144
134, 2430, 144
134, 2440, 143
134, 2450, 143
135, 2460, 143
136, 2470, 144
137, 2480, 147
138, 2490, 148
138, 2500, 149
139, 2510, 149
140, 2520, 150
140, 2530, 149
140, 2540, 151
140, 2550, 152
141, 2560, 150
141, 2570, 151
142, 2580, 153
143, 2590, 153
143, 2600, 155
144, 2610, 151
144, 2620, 153
144, 2630, 153
145, 2640, 153
145, 2650, 154
145, 2660, 155
145, 2670, 154
145, 2680, 155
147, 2690, 154
147, 2700, 155
147, 2710, 156
{'count': 5945, 'truepos': 58, 'falseneg': 2, 'unknownyes': 2, 'falsepos': 89, 'unique': 2710}
27: Wahono.csv: machine: 0, 0
6, 10
8, 20, 103
8, 30, 105
10, 40, 97
13, 50, 91
14, 60, 80
['yes' 'yes' 'no' 'no' 'no' 'yes' 'yes' 'yes' 'yes' 'yes']
[]
10, 60, 80
14, 70, 61
15, 80, 64
17, 90, 57
19, 100, 58
19, 110, 59
['yes' 'yes' 'yes' 'no' 'yes' 'yes' 'no' 'yes' 'yes' 'yes']
[]
16, 110, 59
20, 120, 50
21, 130, 63
25, 140, 58
27, 150, 61
27, 160, 62
['yes' 'no' 'no' 'yes' 'yes' 'yes' 'yes' 'no' 'yes' 'no']
[]
24, 160, 62
24, 170, 58
24, 180, 55
25, 190, 53
27, 200, 54
29, 210, 56
['no' 'yes' 'yes' 'no' 'no' 'no' 'no' 'no' 'no']
[]
23, 210, 56
23, 220, 53
25, 230, 53
26, 240, 56
28, 250, 57
32, 260, 62
['no' 'no' 'no' 'no' 'no' 'yes' 'no' 'yes' 'yes']
['no' 'no' 'yes' 'no' 'no' 'no' 'no' 'no' 'no' 'no']
27, 260, 62
28, 270, 60
30, 280, 61
31, 290, 60
31, 300, 58
32, 310, 54
['no' 'no' 'yes' 'no' 'no' 'yes']
['yes' 'yes' 'no' 'yes' 'no' 'no' 'no' 'no' 'no' 'no']
31, 310, 54
32, 320, 49
32, 330, 48
34, 340, 50
35, 350, 52
36, 360, 61
['no' 'no' 'no' 'yes' 'no']
['no' 'no' 'no' 'no' 'no' 'no' 'no' 'no' 'no' 'no']
33, 360, 61
35, 370, 52
38, 380, 51
41, 390, 57
42, 400, 63
43, 410, 63
['yes' 'yes' 'no' 'yes' 'yes' 'yes' 'no' 'yes' 'no' 'yes']
['no' 'yes' 'yes' 'no' 'no' 'no' 'no' 'no' 'no' 'no']
42, 410, 63
45, 420, 60
48, 430, 69
50, 440, 70
53, 450, 76
54, 460, 81
['no' 'no' 'no' 'no' 'yes' 'yes' 'no' 'yes' 'yes' 'yes']
['no' 'no' 'no' 'no' 'yes' 'no' 'no' 'no' 'no' 'no']
50, 460, 81
52, 470, 72
54, 480, 74
55, 490, 79
55, 500, 74
57, 510, 76
['no' 'no' 'no' 'no' 'no' 'no' 'no' 'no' 'no' 'yes']
['no' 'no' 'no' 'no' 'no' 'no' 'yes' 'no' 'no' 'no']
52, 510, 76
54, 520, 64
54, 530, 68
54, 540, 66
57, 550, 66
59, 560, 72
['no' 'no' 'no' 'no' 'no' 'yes' 'yes' 'yes' 'yes' 'no']
['no' 'no' 'no' 'no' 'no' 'no' 'no' 'no' 'no' 'no']
53, 560, 72
54, 570, 63
54, 580, 65
56, 590, 65
58, 600, 68
58, 610, 69
['no' 'no' 'no' 'no' 'no' 'no' 'no' 'yes']
['no' 'no' 'no' 'no' 'no' 'no' 'no' 'yes' 'no' 'no']
54, 610, 69
54, 620, 61
59, 630, 62
60, 640, 74
61, 650, 72
62, 660, 71
['no' 'no' 'yes' 'no' 'no' 'no' 'no' 'no' 'no' 'yes']
['no' 'no' 'no' 'no' 'no' 'yes' 'no' 'no' 'no' 'yes']
58, 660, 71
60, 670, 68
60, 680, 71
61, 690, 71
63, 700, 72
65, 710, 76
['no' 'no' 'no' 'no' 'yes' 'yes' 'yes' 'no' 'yes' 'no']
['no' 'no' 'no' 'no' 'no' 'no' 'no' 'no' 'no' 'no']
62, 710, 76
63, 720, 72
63, 730, 74
65, 740, 72
66, 750, 76
68, 760, 77
['no' 'yes' 'no' 'no' 'no' 'no' 'yes' 'no']
['no' 'no' 'no' 'no' 'no' 'no' 'yes' 'no' 'no' 'no']
63, 760, 77
63, 770, 74
63, 780, 74
64, 790, 74
64, 800, 76
66, 810, 73
['no' 'no' 'no' 'yes']
['no' 'no' 'no' 'no' 'no' 'no' 'no' 'no' 'no' 'no']
64, 810, 73
66, 820, 74
67, 830, 77
68, 840, 78
70, 850, 78
71, 860, 82
['no' 'no' 'no' 'no' 'no' 'no' 'no' 'yes']
['no' 'no' 'no' 'no' 'no' 'no' 'no' 'no' 'no' 'no']
66, 860, 82
67, 870, 77
69, 880, 77
70, 890, 79
70, 900, 81
70, 910, 81
['no' 'no' 'no' 'no' 'no' 'no']
['no' 'no' 'no' 'no' 'no' 'no' 'no' 'no' 'no' 'no']
68, 910, 81
70, 920, 77
70, 930, 79
73, 940, 80
73, 950, 84
75, 960, 83
['no' 'no' 'no' 'no' 'no' 'no' 'no' 'no' 'no' 'no']
['no' 'no' 'no' 'no' 'yes' 'no' 'no' 'no' 'no' 'no']
67, 960, 83
67, 970, 75
67, 980, 75
67, 990, 74
68, 1000, 74
70, 1010, 76
['no' 'no' 'no' 'no']
['no' 'no' 'no' 'no' 'no' 'no' 'no' 'no' 'no' 'no']
68, 1010, 76
69, 1020, 79
71, 1030, 78
72, 1040, 82
72, 1050, 84
74, 1060, 85
['no' 'no' 'no' 'no' 'no' 'no' 'no']
['no' 'no' 'no' 'no' 'no' 'no' 'no' 'no' 'no' 'no']
70, 1060, 85
70, 1070, 79
72, 1080, 78
72, 1090, 82
73, 1100, 81
73, 1110, 82
['no' 'no' 'no' 'no' 'no']
['no' 'no' 'no' 'no' 'no' 'no' 'no' 'no' 'no' 'no']
68, 1110, 82
72, 1120, 75
72, 1130, 80
74, 1140, 79
74, 1150, 82
74, 1160, 82
['no' 'no' 'no' 'no' 'no' 'no']
['no' 'no' 'no' 'no' 'no' 'no' 'no' 'no' 'no' 'no']
70, 1160, 82
70, 1170, 78
73, 1180, 77
73, 1190, 80
75, 1200, 81
77, 1210, 82
['no' 'no' 'no' 'no' 'no' 'no' 'no' 'no']
['no' 'no' 'no' 'no' 'no' 'no' 'no' 'no' 'no' 'no']
69, 1210, 82
70, 1220, 76
72, 1230, 78
73, 1240, 80
76, 1250, 81
78, 1260, 85
['no' 'no' 'no' 'no' 'no' 'no' 'yes' 'no' 'no']
['no' 'no' 'no' 'no' 'no' 'no' 'no' 'no' 'no' 'no']
70, 1260, 85
72, 1270, 77
74, 1280, 78
75, 1290, 80
76, 1300, 81
77, 1310, 83
['no' 'no' 'no' 'no' 'no' 'no' 'no']
['no' 'no' 'no' 'no' 'no' 'no' 'no' 'no' 'no' 'no']
71, 1310, 83
73, 1320, 78
73, 1330, 80
74, 1340, 79
76, 1350, 81
79, 1360, 86
['no' 'no' 'no' 'no' 'no' 'no' 'no' 'no' 'no']
['no' 'no' 'no' 'no' 'no' 'no' 'yes' 'no' 'no' 'no']
74, 1360, 86
74, 1370, 80
75, 1380, 80
78, 1390, 80
78, 1400, 84
79, 1410, 83
['no' 'no' 'no' 'no' 'no' 'yes' 'no']
['no' 'no' 'no' 'no' 'no' 'no' 'no' 'no' 'no' 'no']
['no' 'no' 'no' 'no' 'no' 'no' 'yes']
['no' 'no' 'no' 'no' 'no' 'no' 'no' 'no' 'no' 'no']
{'count': 1875, 'truepos': 57, 'falseneg': 4, 'unknownyes': 1, 'falsepos': 22, 'unique': 1410}
27: Wahono.csv: machine2: 0, 0
4, 10
5, 20, 96
10, 30, 90
13, 40, 96
16, 50, 90
19, 60, 81
['yes' 'yes' 'yes' 'yes' 'yes' 'yes' 'yes' 'yes' 'yes' 'yes']
['no']
19, 60, 81
22, 70, 79
24, 80, 87
27, 90, 79
28, 100, 81
31, 110, 79
['no' 'no' 'no' 'yes' 'no' 'yes' 'yes' 'no' 'yes' 'yes']
['no' 'no' 'yes' 'no' 'no' 'no' 'no' 'no' 'no' 'no']
28, 110, 79
30, 120, 61
30, 130, 56
32, 140, 52
34, 150, 60
35, 160, 64
['yes' 'no' 'yes' 'no' 'no' 'no' 'yes' 'yes' 'no' 'yes']
['no' 'no' 'no' 'no' 'no' 'no' 'no' 'no' 'no' 'no']
32, 160, 64
36, 170, 53
38, 180, 63
38, 190, 70
41, 200, 66
43, 210, 74
['no' 'yes' 'yes' 'yes' 'yes' 'yes' 'yes' 'no' 'yes' 'no']
['no' 'no' 'no' 'yes' 'no' 'no' 'no' 'no' 'no' 'no']
41, 210, 74
45, 220, 65
45, 230, 70
45, 240, 74
47, 250, 76
48, 260, 73
['yes' 'yes' 'yes' 'yes' 'no' 'no' 'no' 'no' 'yes' 'no']
['no' 'no' 'no' 'no' 'no' 'no' 'no' 'no' 'no' 'no']
45, 260, 73
45, 270, 64
46, 280, 63
48, 290, 65
48, 300, 72
49, 310, 67
['no' 'no' 'yes' 'no' 'no' 'no' 'yes' 'yes' 'yes' 'yes']
['no' 'no' 'no' 'no' 'no' 'no' 'no' 'no' 'no' 'no']
46, 310, 67
48, 320, 60
49, 330, 65
51, 340, 73
52, 350, 75
53, 360, 75
['no' 'yes' 'no' 'no' 'no' 'no' 'no' 'yes' 'no' 'no']
['no' 'no' 'no' 'no' 'no' 'no' 'no' 'no' 'no' 'no']
46, 360, 75
48, 370, 59
48, 380, 63
51, 390, 64
52, 400, 67
53, 410, 76
['no' 'yes' 'no' 'no' 'no' 'no' 'no' 'yes' 'no']
['no' 'no' 'no' 'no' 'no' 'no' 'no' 'no' 'no' 'no']
46, 410, 76
46, 420, 59
49, 430, 57
50, 440, 64
53, 450, 65
56, 460, 68
['no' 'no' 'no' 'no' 'yes' 'yes' 'yes' 'yes' 'no' 'no']
['no' 'no' 'no' 'no' 'no' 'no' 'no' 'no' 'no' 'no']
53, 460, 68
54, 470, 62
56, 480, 63
57, 490, 66
58, 500, 67
59, 510, 68
['yes' 'no' 'yes' 'no' 'yes' 'no' 'no' 'no']
['no' 'yes' 'no' 'no' 'no' 'no' 'no' 'no' 'no' 'no']
59, 510, 68
62, 520, 69
63, 530, 75
65, 540, 74
67, 550, 78
68, 560, 79
['no' 'no' 'no' 'no' 'no' 'no' 'no' 'no' 'no' 'no']
['no' 'no' 'no' 'no' 'no' 'no' 'no' 'no' 'no' 'no']
59, 560, 79
60, 570, 69
62, 580, 68
63, 590, 74
63, 600, 75
66, 610, 75
['no' 'no' 'no' 'no' 'no' 'no' 'no' 'no' 'yes']
['no' 'no' 'no' 'no' 'no' 'no' 'no' 'no' 'no' 'no']
60, 610, 75
60, 620, 70
61, 630, 68
62, 640, 70
62, 650, 71
63, 660, 70
['no' 'no' 'no']
['no' 'no' 'no' 'no' 'no' 'no' 'no' 'no' 'no' 'no']
62, 660, 70
63, 670, 70
65, 680, 72
67, 690, 75
69, 700, 79
71, 710, 81
['no' 'yes' 'no' 'no' 'no' 'no' 'no' 'no' 'yes' 'no']
['no' 'no' 'yes' 'no' 'no' 'no' 'no' 'no' 'no' 'no']
66, 710, 81
67, 720, 77
68, 730, 78
70, 740, 79
70, 750, 81
71, 760, 81
['yes' 'no' 'yes' 'no' 'yes' 'no' 'no' 'no']
['no' 'no' 'no' 'no' 'no' 'yes' 'no' 'no' 'no' 'no']
67, 760, 81
68, 770, 79
69, 780, 79
69, 790, 81
69, 800, 82
70, 810, 81
['no' 'yes' 'no' 'yes']
['no' 'no' 'no' 'no' 'no' 'no' 'yes' 'no' 'no' 'no']
70, 810, 81
72, 820, 82
73, 830, 86
73, 840, 86
74, 850, 85
74, 860, 89
['no' 'yes' 'no' 'no' 'no']
['no' 'no' 'no' 'no' 'no' 'no' 'no' 'no' 'no' 'no']
70, 860, 89
71, 870, 81
71, 880, 81
74, 890, 81
75, 900, 85
75, 910, 86
['no' 'no' 'no' 'no' 'yes' 'no']
['no' 'no' 'no' 'no' 'no' 'no' 'no' 'no' 'no' 'no']
73, 910, 86
73, 920, 82
75, 930, 81
75, 940, 84
76, 950, 83
76, 960, 85
['no' 'no' 'no' 'no' 'no' 'no']
['no' 'no' 'no' 'no' 'no' 'no' 'no' 'no' 'no' 'no']
72, 960, 85
72, 970, 80
72, 980, 79
73, 990, 80
74, 1000, 80
74, 1010, 85
['no' 'no' 'no' 'no']
['no' 'no' 'no' 'no' 'no' 'no' 'no' 'no' 'no' 'no']
70, 1010, 85
70, 1020, 77
71, 1030, 78
71, 1040, 79
71, 1050, 79
71, 1060, 79
['no']
['no' 'no' 'no' 'no' 'no' 'no' 'no' 'no' 'no' 'no']
70, 1060, 79
70, 1070, 77
70, 1080, 76
71, 1090, 76
72, 1100, 78
73, 1110, 80
['no' 'no' 'no']
['no' 'no' 'no' 'no' 'no' 'no' 'no' 'no' 'no' 'no']
71, 1110, 80
73, 1120, 77
73, 1130, 79
74, 1140, 79
74, 1150, 81
74, 1160, 80
['no' 'no' 'no' 'no']
['no' 'no' 'no' 'no' 'no' 'no' 'no' 'no' 'no' 'no']
71, 1160, 80
71, 1170, 77
74, 1180, 77
75, 1190, 80
76, 1200, 81
78, 1210, 82
['no' 'no' 'no' 'no' 'no' 'no' 'no']
['no' 'no' 'no' 'no' 'no' 'no' 'no' 'no' 'no' 'no']
['no' 'no' 'no' 'no' 'no' 'no' 'no']
['no' 'no' 'no' 'no' 'no' 'no' 'no' 'no' 'no' 'no']
{'count': 1717, 'truepos': 56, 'falseneg': 3, 'unknownyes': 3, 'falsepos': 17, 'unique': 1210}
27: Wahono.csv: machine3: 0, 0
5, 10
5, 20, 95
6, 30, 91
8, 40, 83
11, 50, 73
13, 60, 74
null
['yes']
14, 60, 74
17, 70, 54
19, 80, 49
22, 90, 49
26, 100, 54
29, 110, 62
null
['no']
29, 110, 62
29, 120, 65
30, 130, 56
31, 140, 54
32, 150, 61
33, 160, 58
null
['no' 'no' 'no' 'no' 'no' 'no' 'no' 'no' 'no' 'no']
33, 160, 58
33, 170, 56
35, 180, 54
35, 190, 62
35, 200, 59
36, 210, 57
null
['no' 'no' 'no' 'no' 'no' 'no' 'no' 'no' 'no' 'no']
36, 210, 57
36, 220, 56
38, 230, 56
39, 240, 64
40, 250, 62
40, 260, 68
null
['no' 'no' 'no' 'no' 'no' 'no' 'no' 'no' 'no' 'no']
40, 260, 68
40, 270, 66
40, 280, 61
40, 290, 64
41, 300, 61
42, 310, 65
null
['no' 'no' 'no' 'no' 'no' 'no' 'no' 'no' 'no' 'no']
43, 310, 65
43, 320, 63
44, 330, 62
46, 340, 65
46, 350, 66
46, 360, 70
null
['no' 'no' 'no' 'no' 'no' 'no' 'no' 'no' 'no' 'no']
46, 360, 70
46, 370, 67
46, 380, 62
47, 390, 64
47, 400, 65
47, 410, 63
null
['no' 'no' 'no' 'no' 'no' 'no' 'no' 'no' 'no' 'no']
47, 410, 63
47, 420, 69
48, 430, 62
48, 440, 62
48, 450, 63
48, 460, 64
null
['no' 'no' 'no' 'no' 'yes' 'no' 'yes' 'no' 'no' 'no']
49, 460, 64
49, 470, 63
50, 480, 63
50, 490, 63
51, 500, 63
51, 510, 64
null
['no' 'no' 'no' 'no' 'no' 'no' 'no' 'no' 'no' 'no']
51, 510, 64
51, 520, 64
51, 530, 62
51, 540, 62
51, 550, 62
51, 560, 62
null
['no' 'no' 'no' 'no' 'no' 'no' 'no' 'no' 'no' 'no']
51, 560, 62
51, 570, 60
51, 580, 61
51, 590, 61
52, 600, 59
52, 610, 59
null
['no' 'no' 'no' 'no' 'no' 'no' 'no' 'no' 'no' 'no']
52, 610, 59
52, 620, 60
52, 630, 60
53, 640, 61
53, 650, 61
53, 660, 64
null
['no' 'no' 'no' 'no' 'no' 'no' 'no' 'no' 'no' 'yes']
54, 660, 64
55, 670, 62
55, 680, 62
55, 690, 63
55, 700, 63
55, 710, 62
null
['no' 'no' 'no' 'no' 'no' 'no' 'no' 'no' 'no' 'no']
56, 710, 62
56, 720, 65
56, 730, 63
56, 740, 64
57, 750, 63
58, 760, 65
null
['no' 'no' 'no' 'no' 'no' 'no' 'no' 'no' 'no' 'no']
58, 760, 65
58, 770, 65
58, 780, 65
59, 790, 65
59, 800, 67
59, 810, 67
null
['no' 'no' 'no' 'no' 'no' 'no' 'no' 'no' 'no' 'no']
59, 810, 67
59, 820, 67
59, 830, 65
59, 840, 67
59, 850, 65
59, 860, 67
null
['no' 'no' 'no' 'no' 'no' 'no' 'no' 'no' 'no' 'no']
59, 860, 67
59, 870, 65
59, 880, 65
59, 890, 66
60, 900, 65
60, 910, 65
null
['no' 'no' 'no' 'no' 'no' 'no' 'no' 'no' 'no' 'no']
60, 910, 65
60, 920, 66
61, 930, 64
61, 940, 66
61, 950, 66
62, 960, 65
null
['no' 'no' 'no' 'no' 'no' 'no' 'no' 'no' 'no' 'no']
null
['no' 'no' 'no' 'no' 'no' 'no' 'no' 'no' 'no' 'no']
{'count': 1290, 'truepos': 48, 'falseneg': 6, 'unknownyes': 8, 'falsepos': 14, 'unique': 960}
27: Danijel.csv: none: 0, 0
4, 10
4, 20, 121
6, 30, 89
9, 40, 77
10, 50, 77
11, 60, 65
13, 70, 61
14, 80, 57
16, 90, 55
22, 100, 45
26, 110, 54
30, 120, 55
31, 130, 54
34, 140, 57
35, 150, 60
37, 160, 59
39, 170, 66
42, 180, 63
43, 190, 79
44, 200, 71
47, 210, 66
48, 220, 82
51, 230, 73
53, 240, 76
54, 250, 84
54, 260, 81
56, 270, 80
60, 280, 97
61, 290, 100
61, 300, 110
61, 310, 96
62, 320, 91
62, 330, 105
63, 340, 103
64, 350, 96
67, 360, 103
69, 370, 91
70, 380, 101
72, 390, 101
74, 400, 96
77, 410, 97
77, 420, 101
78, 430, 100
78, 440, 105
78, 450, 99
78, 460, 101
81, 470, 100
81, 480, 109
81, 490, 105
82, 500, 109
83, 510, 107
84, 520, 111
85, 530, 115
85, 540, 118
86, 550, 113
87, 560, 117
89, 570, 116
92, 580, 112
92, 590, 114
92, 600, 116
93, 610, 113
94, 620, 111
94, 630, 115
94, 640, 115
95, 650, 112
97, 660, 112
98, 670, 118
99, 680, 122
100, 690, 121
101, 700, 120
102, 710, 122
104, 720, 120
105, 730, 126
105, 740, 129
107, 750, 124
107, 760, 127
108, 770, 127
108, 780, 127
108, 790, 125
108, 800, 123
108, 810, 127
109, 820, 125
109, 830, 125
110, 840, 125
112, 850, 126
112, 860, 131
114, 870, 128
115, 880, 136
115, 890, 137
117, 900, 133
117, 910, 139
118, 920, 135
120, 930, 135
120, 940, 139
120, 950, 139
123, 960, 139
124, 970, 139
126, 980, 139
128, 990, 146
129, 1000, 147
132, 1010, 147
132, 1020, 153
133, 1030, 149
136, 1040, 150
137, 1050, 158
138, 1060, 156
140, 1070, 155
140, 1080, 155
141, 1090, 155
143, 1100, 157
143, 1110, 159
144, 1120, 158
144, 1130, 163
144, 1140, 163
144, 1150, 158
145, 1160, 157
147, 1170, 160
149, 1180, 164
149, 1190, 162
150, 1200, 166
150, 1210, 168
150, 1220, 166
151, 1230, 166
151, 1240, 166
152, 1250, 165
153, 1260, 167
155, 1270, 168
156, 1280, 169
157, 1290, 171
157, 1300, 173
158, 1310, 173
158, 1320, 174
160, 1330, 173
163, 1340, 176
164, 1350, 178
166, 1360, 182
166, 1370, 183
169, 1380, 184
169, 1390, 188
169, 1400, 183
170, 1410, 185
172, 1420, 184
174, 1430, 186
176, 1440, 188
177, 1450, 190
180, 1460, 190
182, 1470, 193
182, 1480, 194
183, 1490, 195
183, 1500, 195
184, 1510, 195
186, 1520, 195
187, 1530, 198
188, 1540, 200
189, 1550, 198
190, 1560, 202
190, 1570, 201
{'count': 1570, 'truepos': 40, 'falseneg': 5, 'unknownyes': 3, 'falsepos': 150, 'unique': 1570}
27: Danijel.csv: three: 0, 0
4, 10
5, 20, 120
8, 30, 98
10, 40, 93
11, 50, 89
14, 60, 81
17, 70, 76
18, 80, 75
19, 90, 64
21, 100, 60
23, 110, 64
24, 120, 55
26, 130, 48
30, 140, 51
33, 150, 50
33, 160, 56
34, 170, 56
34, 180, 53
36, 190, 51
37, 200, 58
37, 210, 55
38, 220, 57
38, 230, 55
38, 240, 50
38, 250, 52
38, 260, 50
39, 270, 51
39, 280, 53
39, 290, 50
42, 300, 49
43, 310, 54
43, 320, 60
45, 330, 55
47, 340, 56
48, 350, 60
48, 360, 62
48, 370, 62
48, 380, 59
48, 390, 61
48, 400, 59
48, 410, 62
48, 420, 59
48, 430, 58
48, 440, 59
48, 450, 57
48, 460, 57
48, 470, 58
48, 480, 56
48, 490, 56
48, 500, 57
48, 510, 57
49, 520, 56
49, 530, 58
49, 540, 58
49, 550, 55
49, 560, 59
49, 570, 57
49, 580, 58
50, 590, 56
50, 600, 59
50, 610, 59
50, 620, 58
52, 630, 57
52, 640, 62
52, 650, 62
53, 660, 63
53, 670, 65
53, 680, 64
53, 690, 64
54, 700, 62
56, 710, 62
57, 720, 65
57, 730, 70
57, 740, 67
57, 750, 69
57, 760, 67
57, 770, 69
57, 780, 65
57, 790, 65
58, 800, 67
58, 810, 66
58, 820, 67
58, 830, 66
58, 840, 68
58, 850, 65
58, 860, 66
58, 870, 66
58, 880, 64
58, 890, 67
58, 900, 66
58, 910, 63
59, 920, 66
59, 930, 64
59, 940, 66
60, 950, 65
60, 960, 64
60, 970, 66
60, 980, 65
60, 990, 64
60, 1000, 66
61, 1010, 65
61, 1020, 65
61, 1030, 66
61, 1040, 66
61, 1050, 65
61, 1060, 65
61, 1070, 65
61, 1080, 66
61, 1090, 65
61, 1100, 65
61, 1110, 65
61, 1120, 65
62, 1130, 65
63, 1140, 67
63, 1150, 67
63, 1160, 67
63, 1170, 67
{'count': 2540, 'truepos': 44, 'falseneg': 1, 'unknownyes': 3, 'falsepos': 19, 'unique': 1170}
27: Danijel.csv: machine: 0, 0
3, 10
7, 20, 104
8, 30, 94
9, 40, 107
10, 50, 92
11, 60, 83
['no' 'yes' 'yes' 'no' 'no' 'yes' 'yes' 'yes' 'no' 'yes']
[]
6, 60, 83
7, 70, 59
10, 80, 55
15, 90, 55
18, 100, 70
23, 110, 67
['no' 'yes' 'no' 'no' 'yes' 'yes' 'yes' 'yes' 'yes' 'yes']
[]
20, 110, 67
22, 120, 62
23, 130, 58
27, 140, 51
29, 150, 56
30, 160, 56
['no' 'yes' 'yes' 'yes' 'no' 'yes' 'no' 'yes' 'yes' 'yes']
['no' 'no' 'no' 'no' 'no' 'no' 'no' 'no' 'no' 'no']
28, 160, 56
30, 170, 53
30, 180, 47
33, 190, 46
34, 200, 49
34, 210, 51
['no' 'no' 'yes' 'yes' 'no' 'yes' 'yes' 'yes' 'no' 'no']
['no' 'no' 'no' 'no' 'no' 'yes' 'no' 'no' 'no' 'no']
33, 210, 51
35, 220, 51
36, 230, 53
40, 240, 49
41, 250, 56
41, 260, 57
['yes' 'no' 'no' 'yes' 'no' 'no' 'no' 'yes' 'yes' 'yes']
['no' 'no' 'yes' 'no' 'no' 'no' 'no' 'no' 'no' 'no']
37, 260, 57
40, 270, 48
41, 280, 55
43, 290, 60
43, 300, 64
45, 310, 58
['no' 'no' 'no' 'no' 'no' 'no' 'yes' 'no' 'no' 'no']
['no' 'no' 'no' 'no' 'no' 'no' 'no' 'no' 'no' 'no']
36, 310, 58
37, 320, 46
38, 330, 47
38, 340, 49
38, 350, 47
39, 360, 46
['yes' 'no' 'no' 'no' 'yes' 'yes' 'yes']
['yes' 'no' 'no' 'no' 'no' 'no' 'no' 'no' 'no' 'no']
37, 360, 46
39, 370, 46
41, 380, 49
42, 390, 50
46, 400, 50
48, 410, 54
['no' 'no' 'no' 'yes' 'yes' 'no' 'no' 'no' 'no' 'yes']
['yes' 'no' 'no' 'no' 'no' 'no' 'no' 'no' 'no' 'no']
42, 410, 54
43, 420, 49
45, 430, 49
45, 440, 54
46, 450, 52
47, 460, 53
['no' 'yes' 'no' 'no' 'yes' 'no' 'yes' 'no']
['no' 'no' 'no' 'yes' 'no' 'no' 'no' 'no' 'no' 'no']
44, 460, 53
45, 470, 50
47, 480, 51
48, 490, 59
49, 500, 55
50, 510, 56
['no' 'no' 'no' 'yes' 'no' 'no' 'yes' 'no']
['no' 'no' 'no' 'no' 'no' 'no' 'no' 'no' 'no' 'no']
45, 510, 56
45, 520, 52
46, 530, 51
46, 540, 53
47, 550, 54
48, 560, 53
['no' 'no' 'no']
['no' 'no' 'no' 'no' 'no' 'no' 'no' 'no' 'no' 'no']
47, 560, 53
48, 570, 53
49, 580, 53
51, 590, 55
51, 600, 57
52, 610, 56
['no' 'no' 'yes' 'no' 'no' 'no']
['no' 'no' 'no' 'no' 'no' 'no' 'no' 'no' 'no' 'no']
48, 610, 56
49, 620, 55
52, 630, 54
52, 640, 60
52, 650, 60
54, 660, 57
['no' 'no' 'no' 'no' 'no' 'no']
['no' 'no' 'no' 'no' 'no' 'no' 'no' 'no' 'no' 'no']
50, 660, 57
52, 670, 59
54, 680, 61
55, 690, 63
58, 700, 66
58, 710, 69
['no' 'no' 'no' 'no' 'no' 'no' 'no' 'no' 'no']
['no' 'no' 'no' 'no' 'no' 'no' 'no' 'no' 'no' 'no']
49, 710, 69
51, 720, 53
51, 730, 55
53, 740, 55
54, 750, 58
57, 760, 60
['no' 'no' 'no' 'no' 'no' 'no' 'no' 'no']
['no' 'no' 'no' 'no' 'no' 'no' 'no' 'no' 'no' 'no']
['no' 'no' 'no' 'no' 'no' 'no' 'no' 'no']
['no' 'no' 'no' 'no' 'no' 'no' 'no' 'no' 'no' 'no']
{'count': 1015, 'truepos': 43, 'falseneg': 2, 'unknownyes': 3, 'falsepos': 7, 'unique': 760}
27: Danijel.csv: machine2: 0, 0
4, 10
6, 20, 100
7, 30, 95
8, 40, 93
11, 50, 70
13, 60, 76
['yes' 'yes' 'no' 'yes' 'no' 'yes' 'yes' 'no' 'yes' 'yes']
[]
10, 60, 76
12, 70, 74
14, 80, 64
16, 90, 61
20, 100, 56
21, 110, 62
['yes' 'yes' 'no' 'no' 'yes' 'no' 'yes' 'no' 'no' 'yes']
[]
17, 110, 62
17, 120, 61
19, 130, 56
21, 140, 56
23, 150, 56
24, 160, 53
['no' 'yes' 'yes' 'no' 'no' 'no' 'yes' 'no' 'yes' 'yes']
[]
19, 160, 53
22, 170, 49
24, 180, 56
26, 190, 54
29, 200, 54
31, 210, 61
['yes' 'yes' 'yes' 'yes' 'no' 'yes' 'no' 'yes' 'yes' 'yes']
['no' 'yes' 'no' 'yes' 'no' 'no' 'yes' 'no' 'no' 'no']
33, 210, 61
34, 220, 48
37, 230, 46
40, 240, 51
42, 250, 54
42, 260, 55
['yes' 'no' 'yes' 'no' 'no' 'yes' 'yes' 'no' 'no' 'yes']
['no' 'no' 'no' 'no' 'no' 'no' 'no' 'no' 'no' 'no']
38, 260, 55
38, 270, 49
38, 280, 47
39, 290, 46
40, 300, 49
40, 310, 50
['no' 'yes' 'no' 'yes' 'yes' 'yes' 'yes' 'yes' 'no']
['no' 'yes' 'no' 'no' 'no' 'no' 'no' 'no' 'no' 'no']
39, 310, 50
40, 320, 50
43, 330, 49
43, 340, 59
43, 350, 52
43, 360, 55
['no' 'no' 'no' 'no' 'no' 'yes']
['no' 'no' 'no' 'no' 'no' 'no' 'no' 'no' 'no' 'no']
39, 360, 55
40, 370, 47
41, 380, 49
42, 390, 48
42, 400, 50
44, 410, 50
['no' 'no' 'yes' 'no' 'no']
['no' 'no' 'no' 'no' 'no' 'yes' 'no' 'no' 'no' 'no']
42, 410, 50
43, 420, 49
44, 430, 51
46, 440, 51
49, 450, 55
49, 460, 63
['no' 'no' 'no' 'no' 'no' 'no' 'no' 'no' 'yes']
['no' 'no' 'no' 'no' 'no' 'no' 'no' 'no' 'no' 'no']
46, 460, 63
47, 470, 55
47, 480, 57
49, 490, 55
52, 500, 60
52, 510, 65
['no' 'no' 'no' 'no' 'no' 'yes' 'no']
['no' 'no' 'no' 'no' 'no' 'no' 'no' 'no' 'no' 'no']
46, 510, 65
47, 520, 51
48, 530, 53
48, 540, 56
51, 550, 57
52, 560, 65
['no' 'no' 'no' 'no' 'no' 'no']
['no' 'no' 'no' 'no' 'no' 'no' 'no' 'no' 'no' 'no']
46, 560, 65
49, 570, 52
51, 580, 58
51, 590, 60
52, 600, 59
55, 610, 60
['no' 'no' 'no' 'no' 'no' 'no' 'no' 'no' 'no']
['no' 'no' 'no' 'no' 'no' 'no' 'no' 'no' 'no' 'no']
48, 610, 60
49, 620, 53
50, 630, 54
51, 640, 56
53, 650, 56
53, 660, 60
['no' 'no' 'no' 'no' 'no']
['no' 'no' 'no' 'no' 'no' 'no' 'no' 'no' 'no' 'no']
50, 660, 60
51, 670, 54
54, 680, 57
55, 690, 62
58, 700, 64
58, 710, 68
['no' 'no' 'no' 'no' 'no' 'no' 'no' 'no']
['no' 'no' 'no' 'no' 'no' 'no' 'no' 'no' 'no' 'no']
51, 710, 68
52, 720, 55
52, 730, 57
53, 740, 57
56, 750, 57
58, 760, 65
['no' 'no' 'no' 'yes' 'no' 'no' 'no']
['no' 'no' 'no' 'no' 'no' 'no' 'no' 'no' 'no' 'no']
54, 760, 65
55, 770, 59
57, 780, 62
60, 790, 64
61, 800, 74
63, 810, 74
['no' 'no' 'no' 'no' 'no' 'no' 'no' 'no' 'no' 'no']
['no' 'no' 'no' 'no' 'no' 'no' 'no' 'no' 'no' 'no']
54, 810, 74
55, 820, 59
56, 830, 59
58, 840, 61
58, 850, 64
59, 860, 63
['no' 'no' 'yes' 'no' 'no' 'no']
['no' 'no' 'no' 'no' 'no' 'no' 'no' 'no' 'no' 'no']
55, 860, 63
56, 870, 59
59, 880, 60
59, 890, 63
59, 900, 64
61, 910, 63
['no' 'no' 'no' 'no' 'no' 'no']
['no' 'no' 'no' 'no' 'no' 'no' 'no' 'no' 'no' 'no']
['no' 'no' 'no' 'no' 'no' 'no']
['no' 'no' 'no' 'no' 'no' 'no' 'no' 'no' 'no' 'no']
{'count': 1297, 'truepos': 42, 'falseneg': 2, 'unknownyes': 4, 'falsepos': 13, 'unique': 910}
27: Danijel.csv: machine3: 0, 0
4, 10
4, 20, 129
6, 30, 95
10, 40, 88
10, 50, 88
11, 60, 65
null
[]
12, 70, 59
16, 80, 54
17, 90, 58
17, 100, 51
19, 110, 47
20, 120, 47
null
[]
22, 130, 48
22, 140, 48
23, 150, 44
23, 160, 46
24, 170, 42
27, 180, 43
null
[]
30, 190, 46
30, 200, 48
32, 210, 47
33, 220, 46
33, 230, 48
34, 240, 45
null
['no' 'no' 'no' 'yes' 'yes' 'no' 'no' 'no' 'no' 'no']
35, 240, 45
35, 250, 47
35, 260, 46
35, 270, 47
35, 280, 46
35, 290, 45
null
['no' 'no' 'no' 'no' 'no' 'no' 'no' 'no' 'no' 'no']
36, 290, 45
36, 300, 46
36, 310, 45
36, 320, 45
36, 330, 43
36, 340, 44
null
['no' 'no' 'no' 'no' 'no' 'no' 'no' 'no' 'no' 'no']
36, 340, 44
37, 350, 44
37, 360, 44
37, 370, 47
37, 380, 47
38, 390, 44
null
['no' 'no' 'no' 'no' 'no' 'no' 'no' 'no' 'no' 'no']
38, 390, 44
39, 400, 47
40, 410, 47
40, 420, 50
40, 430, 49
41, 440, 47
null
['no' 'no' 'no' 'no' 'no' 'no' 'no' 'no' 'no' 'no']
41, 440, 47
41, 450, 48
41, 460, 49
41, 470, 47
41, 480, 47
41, 490, 50
null
['no' 'no' 'no' 'yes' 'no' 'no' 'no' 'no' 'no' 'no']
43, 490, 50
45, 500, 49
45, 510, 53
45, 520, 52
46, 530, 51
46, 540, 54
null
['no' 'no' 'no' 'no' 'no' 'no' 'no' 'no' 'no' 'no']
46, 540, 54
46, 550, 53
46, 560, 54
46, 570, 53
46, 580, 52
46, 590, 51
null
['no' 'no' 'no' 'no' 'no' 'no' 'no' 'no' 'no' 'no']
46, 590, 51
46, 600, 55
46, 610, 55
46, 620, 53
46, 630, 52
46, 640, 52
null
['no' 'no' 'no' 'no' 'no' 'no' 'no' 'no' 'no' 'no']
46, 640, 52
46, 650, 54
46, 660, 51
46, 670, 52
46, 680, 54
46, 690, 50
null
['no' 'no' 'no' 'no' 'no' 'no' 'no' 'no' 'no' 'no']
46, 690, 50
46, 700, 51
46, 710, 51
46, 720, 50
47, 730, 51
47, 740, 51
null
['no' 'no' 'no' 'no' 'no' 'no' 'no' 'no' 'no' 'no']
47, 740, 51
47, 750, 52
47, 760, 52
47, 770, 52
47, 780, 53
47, 790, 53
null
['yes' 'no' 'no' 'no' 'no' 'no' 'no' 'no' 'no' 'no']
48, 790, 53
48, 800, 52
48, 810, 52
48, 820, 52
48, 830, 52
48, 840, 51
null
['no' 'no' 'no' 'no' 'no' 'no' 'no' 'no' 'no' 'no']
48, 840, 51
48, 850, 51
48, 860, 51
49, 870, 51
49, 880, 52
49, 890, 52
null
['no' 'no' 'no' 'no' 'no' 'no' 'no' 'no' 'no' 'no']
49, 890, 52
49, 900, 53
50, 910, 53
50, 920, 53
50, 930, 53
50, 940, 54
null
['no' 'no' 'no' 'no' 'no' 'no' 'no' 'no' 'no' 'no']
50, 940, 54
51, 950, 53
51, 960, 55
null
['no' 'no' 'no' 'no' 'no' 'no' 'no' 'no' 'no' 'no']
{'count': 1266, 'truepos': 39, 'falseneg': 4, 'unknownyes': 5, 'falsepos': 12, 'unique': 960}
27: K_all3.csv: none: 0, 0
1, 10
4, 20, 91
7, 30, 64
10, 40, 66
10, 50, 64
14, 60, 53
16, 70, 63
21, 80, 58
22, 90, 62
22, 100, 59
22, 110, 54
24, 120, 49
25, 130, 52
26, 140, 50
27, 150, 50
29, 160, 49
30, 170, 49
33, 180, 39
36, 190, 46
37, 200, 56
38, 210, 51
40, 220, 48
40, 230, 59
40, 240, 52
41, 250, 51
46, 260, 51
49, 270, 67
50, 280, 71
51, 290, 71
53, 300, 68
55, 310, 71
55, 320, 74
57, 330, 72
58, 340, 72
59, 350, 70
60, 360, 71
60, 370, 73
61, 380, 71
65, 390, 73
67, 400, 75
67, 410, 76
67, 420, 80
68, 430, 76
69, 440, 77
70, 450, 76
71, 460, 78
73, 470, 78
75, 480, 80
76, 490, 81
79, 500, 85
80, 510, 86
81, 520, 89
82, 530, 87
82, 540, 91
83, 550, 89
84, 560, 88
84, 570, 90
87, 580, 89
89, 590, 92
90, 600, 94
90, 610, 95
{'count': 610, 'truepos': 33, 'falseneg': 5, 'unknownyes': 7, 'falsepos': 57, 'unique': 610}
27: K_all3.csv: three: 0, 0
1, 10
2, 20, 92
3, 30, 63
6, 40, 50
7, 50, 49
9, 60, 45
11, 70, 45
17, 80, 44
19, 90, 54
20, 100, 52
21, 110, 49
22, 120, 46
24, 130, 46
26, 140, 49
27, 150, 48
27, 160, 48
27, 170, 46
27, 180, 45
27, 190, 45
29, 200, 44
29, 210, 46
29, 220, 45
29, 230, 44
30, 240, 44
30, 250, 43
31, 260, 40
31, 270, 38
31, 280, 37
31, 290, 37
32, 300, 36
32, 310, 36
33, 320, 37
33, 330, 37
33, 340, 38
34, 350, 37
35, 360, 37
35, 370, 39
35, 380, 39
35, 390, 38
36, 400, 38
39, 410, 38
41, 420, 42
41, 430, 44
{'count': 936, 'truepos': 33, 'falseneg': 1, 'unknownyes': 11, 'falsepos': 8, 'unique': 430}
27: K_all3.csv: machine: 0, 0
2, 10
3, 20, 69
5, 30, 66
7, 40, 63
8, 50, 58
10, 60, 57
['yes' 'yes' 'no' 'yes' 'no' 'yes' 'yes' 'no' 'yes' 'yes']
['yes']
6, 60, 57
10, 70, 47
11, 80, 62
13, 90, 51
13, 100, 51
14, 110, 45
['yes' 'yes' 'no' 'yes' 'yes' 'yes' 'no' 'no' 'yes']
['no']
12, 110, 45
16, 120, 45
18, 130, 48
18, 140, 47
22, 150, 44
23, 160, 50
['no' 'yes' 'yes' 'yes' 'yes' 'yes' 'yes' 'no' 'no' 'yes']
['no' 'no' 'no']
21, 160, 50
24, 170, 46
26, 180, 48
26, 190, 48
27, 200, 47
27, 210, 47
['yes' 'no' 'yes' 'yes' 'no' 'no' 'yes']
[]
24, 210, 47
25, 220, 44
29, 230, 44
31, 240, 47
32, 250, 42
32, 260, 43
['no' 'no' 'yes' 'no' 'no' 'no' 'no' 'no']
['no' 'no' 'no' 'no' 'no' 'no' 'no' 'no' 'yes' 'no']
27, 260, 43
27, 270, 44
27, 280, 43
28, 290, 43
30, 300, 44
31, 310, 38
['no' 'yes' 'no' 'no']
['no' 'no' 'no' 'no' 'no' 'no' 'no' 'no' 'no' 'no']
29, 310, 38
29, 320, 45
30, 330, 44
31, 340, 36
33, 350, 38
34, 360, 39
['yes' 'no' 'no' 'no' 'no']
['no' 'no' 'no' 'no' 'no' 'no' 'no' 'no' 'no' 'no']
32, 360, 39
34, 370, 36
35, 380, 39
38, 390, 40
39, 400, 42
41, 410, 44
['no' 'no' 'no' 'no' 'no' 'yes' 'no' 'no' 'no' 'no']
['no' 'no' 'no' 'no' 'no' 'no' 'no' 'no' 'no' 'no']
34, 410, 44
35, 420, 36
37, 430, 38
40, 440, 41
42, 450, 44
42, 460, 46
['no' 'no' 'no' 'no' 'no' 'no' 'no' 'yes' 'no' 'no']
['no' 'no' 'no' 'no' 'no' 'no' 'no' 'no' 'no' 'no']
33, 460, 46
36, 470, 35
['yes' 'no' 'yes']
['no' 'no' 'no' 'no' 'no' 'no' 'no' 'no' 'no' 'no']
{'count': 611, 'truepos': 29, 'falseneg': 7, 'unknownyes': 9, 'falsepos': 5, 'unique': 470}
27: K_all3.csv: machine2: 0, 0
1, 10
3, 20, 92
5, 30, 64
7, 40, 59
8, 50, 56
9, 60, 50
['yes' 'yes' 'yes' 'no' 'no' 'yes' 'no' 'yes' 'yes']
[]
6, 60, 50
10, 70, 54
14, 80, 61
15, 90, 61
18, 100, 54
19, 110, 56
['no' 'yes' 'yes' 'yes' 'yes' 'yes' 'yes' 'no' 'yes' 'yes']
['no' 'no']
17, 110, 56
20, 120, 51
21, 130, 56
23, 140, 56
24, 150, 55
26, 160, 53
['no' 'yes' 'no' 'no' 'yes' 'no' 'yes' 'no' 'yes' 'no']
[]
21, 160, 53
22, 170, 50
23, 180, 47
25, 190, 47
26, 200, 46
29, 210, 45
['yes' 'no' 'no' 'no' 'yes' 'yes' 'yes' 'no' 'yes' 'yes']
['yes' 'no']
27, 210, 45
28, 220, 47
30, 230, 46
32, 240, 43
33, 250, 42
36, 260, 44
['yes' 'no' 'no' 'no' 'no' 'yes' 'no' 'yes' 'no' 'yes']
['no' 'no' 'no' 'no' 'no' 'no' 'no' 'no' 'no' 'no']
31, 260, 44
34, 270, 41
34, 280, 45
34, 290, 42
35, 300, 43
37, 310, 41
['no' 'no' 'no' 'no' 'yes' 'no']
['no' 'no' 'no' 'no' 'no' 'no' 'no' 'no' 'no' 'no']
36, 310, 41
37, 320, 44
37, 330, 45
37, 340, 44
37, 350, 43
37, 360, 41
['no' 'no' 'no']
['no' 'no' 'no' 'no' 'no' 'no' 'no' 'no' 'no' 'no']
38, 360, 41
38, 370, 43
38, 380, 42
38, 390, 42
39, 400, 43
40, 410, 42
['no' 'no' 'yes' 'no' 'no']
['no' 'no' 'no' 'no' 'no' 'no' 'no' 'no' 'no' 'no']
['yes' 'no' 'no' 'no' 'no']
['no' 'no' 'no' 'no' 'no' 'no' 'no' 'no' 'no' 'no']
{'count': 544, 'truepos': 29, 'falseneg': 2, 'unknownyes': 14, 'falsepos': 9, 'unique': 410}
27: K_all3.csv: machine3: 0, 0
2, 10
3, 20, 72
5, 30, 66
9, 40, 64
11, 50, 64
12, 60, 65
null
[]
13, 70, 57
16, 80, 51
16, 90, 55
18, 100, 47
18, 110, 47
19, 120, 44
null
['no']
19, 120, 44
22, 130, 43
22, 140, 49
22, 150, 46
22, 160, 45
22, 170, 44
null
['no' 'no']
22, 170, 44
22, 180, 43
23, 190, 43
23, 200, 44
23, 210, 43
23, 220, 43
null
[]
23, 230, 43
23, 240, 43
24, 250, 43
24, 260, 43
24, 270, 43
24, 280, 43
null
['no']
24, 280, 43
24, 290, 42
24, 300, 42
24, 310, 42
24, 320, 42
24, 330, 42
null
[]
24, 340, 42
25, 350, 42
26, 360, 43
27, 370, 44
27, 380, 44
27, 390, 44
null
[]
28, 400, 44
28, 410, 45
29, 420, 45
29, 430, 45
29, 440, 45
30, 450, 45
null
['no' 'no' 'no' 'no' 'no' 'no' 'no' 'no' 'no' 'no']
30, 450, 45
30, 460, 34
31, 470, 33
31, 480, 37
32, 490, 36
32, 500, 36
null
['no' 'no' 'no' 'no' 'no' 'no' 'no' 'no' 'no' 'yes']
33, 500, 36
33, 510, 38
34, 520, 37
34, 530, 38
35, 540, 36
36, 550, 37
null
['no' 'no' 'yes' 'no' 'no' 'no' 'no' 'no' 'yes' 'no']
null
['no' 'yes' 'no' 'no' 'no' 'no' 'yes' 'no' 'no' 'no']
{'count': 666, 'truepos': 32, 'falseneg': 3, 'unknownyes': 10, 'falsepos': 5, 'unique': 550}

------------------------------------------------------------
Sender: LSF System <lsfadmin@n2e1-8>
Subject: Job 266967: </share/tjmenzie/zyu9/miniconda2/bin/python2.7 runner.py error_hpcc 27> Done

Job </share/tjmenzie/zyu9/miniconda2/bin/python2.7 runner.py error_hpcc 27> was submitted from host <login01.hpc.ncsu.edu> by user <zyu9> in cluster <henry2>.
Job was executed on host(s) <2*n2e1-8>, in queue <single_chassis>, as user <zyu9> in cluster <henry2>.
</home/zyu9> was used as the home directory.
</home/zyu9/projects/MAR_HPC/Error/src> was used as the working directory.
Started at Tue Oct 17 11:28:46 2017
Results reported at Tue Oct 17 19:21:23 2017

Your job looked like:

------------------------------------------------------------
# LSBATCH: User input
/share/tjmenzie/zyu9/miniconda2/bin/python2.7 runner.py error_hpcc 27
------------------------------------------------------------

Successfully completed.

Resource usage summary:

    CPU time   :  30862.65 sec.
    Max Memory :       200 MB
    Max Swap   :      1216 MB

    Max Processes  :         3
    Max Threads    :         8

The output (if any) is above this job summary.



PS:

Read file <./err/27.err.266967> for stderr output of this job.

