28: Hall.csv: none: 0, 0
8, 10
11, 20, 121
14, 30, 132
16, 40, 133
19, 50, 140
21, 60, 141
22, 70, 138
26, 80, 142
27, 90, 129
29, 100, 108
35, 110, 100
39, 120, 98
46, 130, 90
54, 140, 102
59, 150, 113
63, 160, 107
65, 170, 118
69, 180, 102
75, 190, 100
79, 200, 105
82, 210, 106
84, 220, 109
89, 230, 105
92, 240, 106
95, 250, 112
97, 260, 114
97, 270, 113
98, 280, 114
98, 290, 117
99, 300, 112
101, 310, 110
101, 320, 112
101, 330, 111
101, 340, 112
101, 350, 112
101, 360, 111
101, 370, 110
101, 380, 111
101, 390, 112
101, 400, 109
101, 410, 110
102, 420, 110
102, 430, 115
102, 440, 111
102, 450, 109
102, 460, 109
102, 470, 109
102, 480, 110
102, 490, 108
102, 500, 108
{'count': 500, 'truepos': 102, 'falseneg': 0, 'unknownyes': 4, 'falsepos': 0, 'unique': 500}
28: Hall.csv: three: 0, 0
8, 10
11, 20, 122
14, 30, 127
16, 40, 132
17, 50, 138
18, 60, 128
24, 70, 111
26, 80, 122
29, 90, 110
34, 100, 117
41, 110, 109
47, 120, 107
53, 130, 107
59, 140, 109
64, 150, 112
71, 160, 110
74, 170, 122
76, 180, 118
78, 190, 112
82, 200, 103
83, 210, 127
87, 220, 105
89, 230, 110
91, 240, 107
93, 250, 106
94, 260, 108
94, 270, 107
96, 280, 110
96, 290, 108
97, 300, 107
98, 310, 110
99, 320, 110
99, 330, 113
101, 340, 110
101, 350, 110
101, 360, 110
101, 370, 110
101, 380, 110
101, 390, 109
101, 400, 115
101, 410, 109
102, 420, 109
102, 430, 111
102, 440, 112
102, 450, 109
102, 460, 111
102, 470, 108
102, 480, 108
102, 490, 108
{'count': 980, 'truepos': 102, 'falseneg': 0, 'unknownyes': 4, 'falsepos': 0, 'unique': 490}
28: Hall.csv: machine: 0, 0
8, 10
9, 20, 126
10, 30, 116
14, 40, 107
15, 50, 120
18, 60, 101
20, 70, 104
27, 80, 88
29, 90, 101
31, 100, 97
37, 110, 79
41, 120, 82
48, 130, 78
54, 140, 87
58, 150, 92
62, 160, 96
64, 170, 92
66, 180, 93
68, 190, 95
73, 200, 87
79, 210, 91
83, 220, 96
87, 230, 98
89, 240, 106
92, 250, 103
94, 260, 107
95, 270, 107
96, 280, 107
96, 290, 107
96, 300, 105
97, 310, 105
99, 320, 105
99, 330, 107
99, 340, 108
99, 350, 107
{'count': 360, 'truepos': 99, 'falseneg': 0, 'unknownyes': 7, 'falsepos': 0, 'unique': 360}
28: Hall.csv: machine2: 0, 0
8, 10
10, 20, 126
11, 30, 121
14, 40, 117
21, 50, 110
22, 60, 129
23, 70, 120
31, 80, 115
39, 90, 97
43, 100, 105
49, 110, 107
52, 120, 107
56, 130, 108
62, 140, 97
65, 150, 111
70, 160, 102
72, 170, 108
75, 180, 101
78, 190, 99
83, 200, 103
87, 210, 105
88, 220, 108
90, 230, 110
92, 240, 112
93, 250, 114
94, 260, 107
98, 270, 107
98, 280, 111
99, 290, 112
100, 300, 110
101, 310, 113
101, 320, 114
101, 330, 113
101, 340, 111
101, 350, 110
101, 360, 110
101, 370, 111
101, 380, 113
101, 390, 111
101, 400, 109
101, 410, 110
102, 420, 110
102, 430, 114
102, 440, 113
102, 450, 113
102, 460, 109
102, 470, 109
102, 480, 109
102, 490, 109
{'count': 500, 'truepos': 102, 'falseneg': 0, 'unknownyes': 4, 'falsepos': 0, 'unique': 500}
28: Hall.csv: machine3: 0, 0
8, 10
10, 20, 123
11, 30, 120
12, 40, 115
17, 50, 106
19, 60, 105
21, 70, 107
23, 80, 91
29, 90, 98
34, 100, 107
40, 110, 87
47, 120, 87
52, 130, 99
56, 140, 95
59, 150, 97
66, 160, 90
71, 170, 102
73, 180, 115
77, 190, 104
80, 200, 106
82, 210, 110
85, 220, 103
90, 230, 100
91, 240, 107
93, 250, 110
94, 260, 112
95, 270, 107
95, 280, 110
96, 290, 108
96, 300, 109
98, 310, 108
98, 320, 113
98, 330, 110
100, 340, 108
100, 350, 113
100, 360, 114
100, 370, 109
100, 380, 111
101, 390, 110
101, 400, 111
101, 410, 109
101, 420, 109
101, 430, 108
101, 440, 108
101, 450, 108
101, 460, 107
102, 470, 107
102, 480, 109
102, 490, 110
102, 500, 108
102, 510, 108
{'count': 622, 'truepos': 102, 'falseneg': 0, 'unknownyes': 4, 'falsepos': 0, 'unique': 520}
28: Wahono.csv: none: 0, 0
6, 10
8, 20, 104
10, 30, 106
11, 40, 111
14, 50, 100
14, 60, 105
15, 70, 89
16, 80, 71
19, 90, 65
21, 100, 59
21, 110, 55
24, 120, 51
25, 130, 58
26, 140, 55
29, 150, 54
31, 160, 59
34, 170, 63
38, 180, 60
40, 190, 75
42, 200, 75
42, 210, 87
43, 220, 72
43, 230, 76
43, 240, 71
43, 250, 66
43, 260, 69
44, 270, 71
44, 280, 72
46, 290, 64
46, 300, 70
46, 310, 67
48, 320, 64
49, 330, 68
49, 340, 70
50, 350, 64
51, 360, 69
51, 370, 64
51, 380, 72
51, 390, 68
51, 400, 65
52, 410, 66
52, 420, 65
53, 430, 64
53, 440, 65
53, 450, 65
53, 460, 67
53, 470, 65
54, 480, 63
54, 490, 64
54, 500, 65
55, 510, 64
55, 520, 65
55, 530, 66
56, 540, 64
56, 550, 67
56, 560, 66
57, 570, 64
57, 580, 68
57, 590, 67
58, 600, 66
58, 610, 65
58, 620, 67
58, 630, 68
58, 640, 67
58, 650, 67
58, 660, 67
58, 670, 67
58, 680, 67
58, 690, 68
58, 700, 67
58, 710, 66
58, 720, 67
58, 730, 66
58, 740, 66
58, 750, 65
58, 760, 65
58, 770, 65
58, 780, 66
58, 790, 64
58, 800, 65
58, 810, 64
58, 820, 65
58, 830, 64
58, 840, 64
59, 850, 63
59, 860, 67
59, 870, 65
59, 880, 66
59, 890, 65
59, 900, 64
59, 910, 64
59, 920, 64
59, 930, 64
59, 940, 65
59, 950, 64
59, 960, 65
59, 970, 63
59, 980, 64
59, 990, 64
59, 1000, 64
59, 1010, 64
59, 1020, 63
59, 1030, 64
59, 1040, 64
59, 1050, 63
59, 1060, 64
59, 1070, 63
59, 1080, 63
59, 1090, 63
59, 1100, 63
59, 1110, 63
59, 1120, 63
59, 1130, 63
59, 1140, 63
59, 1150, 63
59, 1160, 63
59, 1170, 63
59, 1180, 63
59, 1190, 63
{'count': 1190, 'truepos': 59, 'falseneg': 0, 'unknownyes': 3, 'falsepos': 0, 'unique': 1190}
28: Wahono.csv: three: 0, 0
6, 10
7, 20, 99
8, 30, 98
11, 40, 97
12, 50, 101
13, 60, 72
15, 70, 60
18, 80, 54
19, 90, 53
21, 100, 50
22, 110, 51
25, 120, 49
26, 130, 56
26, 140, 56
28, 150, 52
30, 160, 58
35, 170, 57
37, 180, 67
38, 190, 72
39, 200, 62
40, 210, 71
42, 220, 65
43, 230, 67
43, 240, 70
43, 250, 65
43, 260, 64
43, 270, 65
43, 280, 65
44, 290, 60
44, 300, 59
45, 310, 60
46, 320, 58
46, 330, 64
46, 340, 63
47, 350, 56
47, 360, 66
47, 370, 64
48, 380, 59
48, 390, 60
49, 400, 59
49, 410, 61
49, 420, 60
49, 430, 61
49, 440, 63
51, 450, 57
51, 460, 61
51, 470, 60
52, 480, 59
53, 490, 63
53, 500, 62
53, 510, 63
53, 520, 63
53, 530, 63
53, 540, 62
53, 550, 61
54, 560, 62
55, 570, 61
55, 580, 63
56, 590, 65
57, 600, 65
58, 610, 65
58, 620, 68
58, 630, 66
58, 640, 66
58, 650, 66
58, 660, 66
58, 670, 67
58, 680, 66
58, 690, 65
58, 700, 67
58, 710, 65
58, 720, 65
58, 730, 66
58, 740, 65
58, 750, 65
58, 760, 64
58, 770, 64
58, 780, 65
58, 790, 63
58, 800, 65
58, 810, 65
58, 820, 64
58, 830, 65
58, 840, 64
58, 850, 64
58, 860, 64
58, 870, 64
58, 880, 63
58, 890, 64
59, 900, 64
59, 910, 64
59, 920, 64
59, 930, 63
59, 940, 64
59, 950, 64
59, 960, 64
59, 970, 64
59, 980, 63
59, 990, 63
59, 1000, 63
59, 1010, 63
60, 1020, 63
60, 1030, 64
60, 1040, 64
60, 1050, 64
60, 1060, 65
{'count': 2120, 'truepos': 60, 'falseneg': 0, 'unknownyes': 2, 'falsepos': 0, 'unique': 1060}
28: Wahono.csv: machine: 0, 0
6, 10
6, 20, 97
8, 30, 96
10, 40, 94
13, 50, 76
16, 60, 69
19, 70, 63
21, 80, 81
21, 90, 67
22, 100, 53
24, 110, 51
26, 120, 51
27, 130, 52
28, 140, 54
29, 150, 51
31, 160, 53
34, 170, 54
38, 180, 64
38, 190, 81
39, 200, 66
39, 210, 71
40, 220, 68
40, 230, 75
42, 240, 66
44, 250, 65
44, 260, 74
45, 270, 69
45, 280, 72
45, 290, 74
46, 300, 65
46, 310, 63
48, 320, 64
48, 330, 69
50, 340, 66
50, 350, 69
50, 360, 69
50, 370, 63
50, 380, 70
51, 390, 63
51, 400, 62
51, 410, 63
51, 420, 64
51, 430, 64
51, 440, 64
51, 450, 62
52, 460, 61
52, 470, 62
52, 480, 62
52, 490, 61
52, 500, 62
53, 510, 60
53, 520, 62
54, 530, 61
54, 540, 63
54, 550, 64
55, 560, 63
55, 570, 63
55, 580, 63
56, 590, 63
57, 600, 65
57, 610, 65
57, 620, 67
58, 630, 66
58, 640, 67
58, 650, 68
58, 660, 67
58, 670, 66
58, 680, 66
58, 690, 66
58, 700, 65
58, 710, 65
58, 720, 65
58, 730, 65
58, 740, 66
58, 750, 67
58, 760, 65
58, 770, 65
58, 780, 65
58, 790, 64
58, 800, 65
58, 810, 65
58, 820, 65
58, 830, 65
58, 840, 64
58, 850, 64
58, 860, 64
58, 870, 64
59, 880, 63
59, 890, 66
59, 900, 65
59, 910, 65
59, 920, 64
59, 930, 64
59, 940, 65
59, 950, 64
59, 960, 64
59, 970, 64
59, 980, 65
59, 990, 63
59, 1000, 63
59, 1010, 64
59, 1020, 63
59, 1030, 64
59, 1040, 64
59, 1050, 64
59, 1060, 63
59, 1070, 63
59, 1080, 63
59, 1090, 63
59, 1100, 64
59, 1110, 63
59, 1120, 64
59, 1130, 63
59, 1140, 63
59, 1150, 63
59, 1160, 63
{'count': 1170, 'truepos': 59, 'falseneg': 0, 'unknownyes': 3, 'falsepos': 0, 'unique': 1170}
28: Wahono.csv: machine2: 0, 0
6, 10
6, 20, 99
8, 30, 92
9, 40, 88
14, 50, 71
15, 60, 76
18, 70, 63
20, 80, 63
20, 90, 60
22, 100, 51
23, 110, 49
25, 120, 48
27, 130, 52
29, 140, 53
32, 150, 56
34, 160, 67
35, 170, 71
36, 180, 65
36, 190, 70
37, 200, 62
40, 210, 62
40, 220, 67
41, 230, 68
41, 240, 68
42, 250, 63
44, 260, 61
44, 270, 66
44, 280, 64
45, 290, 63
45, 300, 65
45, 310, 67
45, 320, 64
45, 330, 61
45, 340, 61
45, 350, 64
47, 360, 56
47, 370, 59
48, 380, 60
48, 390, 59
49, 400, 59
49, 410, 64
49, 420, 61
49, 430, 59
49, 440, 57
49, 450, 63
49, 460, 58
50, 470, 59
50, 480, 61
50, 490, 59
50, 500, 58
51, 510, 58
51, 520, 60
51, 530, 60
51, 540, 59
51, 550, 58
51, 560, 59
51, 570, 59
51, 580, 59
52, 590, 59
53, 600, 59
54, 610, 60
55, 620, 60
56, 630, 62
56, 640, 65
57, 650, 65
57, 660, 66
58, 670, 66
58, 680, 67
58, 690, 65
58, 700, 66
58, 710, 67
58, 720, 66
58, 730, 67
58, 740, 66
58, 750, 65
58, 760, 66
58, 770, 64
59, 780, 65
59, 790, 66
59, 800, 66
59, 810, 67
59, 820, 66
59, 830, 67
59, 840, 65
59, 850, 65
59, 860, 66
59, 870, 66
59, 880, 65
59, 890, 65
59, 900, 65
59, 910, 66
59, 920, 65
59, 930, 65
59, 940, 65
59, 950, 65
59, 960, 65
59, 970, 64
59, 980, 65
59, 990, 64
59, 1000, 64
59, 1010, 64
59, 1020, 64
59, 1030, 63
59, 1040, 63
59, 1050, 63
59, 1060, 64
59, 1070, 63
59, 1080, 64
59, 1090, 63
59, 1100, 63
59, 1110, 64
59, 1120, 63
59, 1130, 63
59, 1140, 63
59, 1150, 63
{'count': 1160, 'truepos': 59, 'falseneg': 0, 'unknownyes': 3, 'falsepos': 0, 'unique': 1160}
28: Wahono.csv: machine3: 0, 0
6, 10
7, 20, 100
7, 30, 99
10, 40, 90
13, 50, 84
14, 60, 89
19, 70, 65
21, 80, 65
23, 90, 62
24, 100, 62
24, 110, 62
24, 120, 51
26, 130, 48
27, 140, 51
31, 150, 50
36, 160, 63
36, 170, 71
37, 180, 69
39, 190, 64
41, 200, 70
41, 210, 77
41, 220, 63
41, 230, 66
42, 240, 68
42, 250, 68
43, 260, 60
45, 270, 61
45, 280, 65
46, 290, 63
46, 300, 70
47, 310, 69
48, 320, 62
48, 330, 67
48, 340, 63
48, 350, 67
48, 360, 63
48, 370, 61
49, 380, 60
49, 390, 65
49, 400, 61
49, 410, 60
50, 420, 63
50, 430, 60
50, 440, 60
50, 450, 59
51, 460, 61
51, 470, 61
52, 480, 61
52, 490, 62
52, 500, 64
52, 510, 61
53, 520, 61
53, 530, 61
53, 540, 61
53, 550, 61
53, 560, 61
55, 570, 60
55, 580, 65
57, 590, 63
57, 600, 64
58, 610, 67
58, 620, 68
59, 630, 66
59, 640, 69
59, 650, 68
59, 660, 69
59, 670, 69
59, 680, 68
59, 690, 69
59, 700, 67
59, 710, 68
59, 720, 67
59, 730, 67
59, 740, 66
59, 750, 66
59, 760, 66
59, 770, 66
59, 780, 65
59, 790, 64
59, 800, 66
59, 810, 66
59, 820, 65
59, 830, 64
59, 840, 65
59, 850, 65
59, 860, 65
59, 870, 65
59, 880, 65
59, 890, 65
59, 900, 65
59, 910, 64
59, 920, 64
59, 930, 65
59, 940, 65
59, 950, 64
59, 960, 64
59, 970, 64
59, 980, 64
59, 990, 65
59, 1000, 63
59, 1010, 63
59, 1020, 64
59, 1030, 63
59, 1040, 63
59, 1050, 64
59, 1060, 63
59, 1070, 64
59, 1080, 63
59, 1090, 63
59, 1100, 63
59, 1110, 63
59, 1120, 63
59, 1130, 63
59, 1140, 63
{'count': 1209, 'truepos': 59, 'falseneg': 0, 'unknownyes': 3, 'falsepos': 0, 'unique': 1150}
28: Danijel.csv: none: 0, 0
4, 10
4, 20, 132
7, 30, 89
11, 40, 87
15, 50, 86
15, 60, 96
16, 70, 76
18, 80, 70
19, 90, 71
22, 100, 66
22, 110, 72
25, 120, 57
26, 130, 57
29, 140, 54
31, 150, 57
34, 160, 51
34, 170, 52
36, 180, 50
36, 190, 53
36, 200, 51
36, 210, 51
36, 220, 48
36, 230, 47
37, 240, 47
37, 250, 47
38, 260, 48
38, 270, 49
38, 280, 49
38, 290, 51
38, 300, 47
38, 310, 47
39, 320, 46
40, 330, 48
40, 340, 49
40, 350, 49
40, 360, 47
41, 370, 46
41, 380, 50
41, 390, 47
41, 400, 48
41, 410, 50
41, 420, 47
42, 430, 48
42, 440, 50
42, 450, 47
43, 460, 48
43, 470, 49
43, 480, 48
43, 490, 51
44, 500, 48
44, 510, 50
44, 520, 50
44, 530, 49
44, 540, 49
44, 550, 48
44, 560, 48
44, 570, 48
44, 580, 48
44, 590, 48
44, 600, 48
44, 610, 48
44, 620, 48
44, 630, 48
44, 640, 47
44, 650, 48
44, 660, 48
45, 670, 47
45, 680, 48
45, 690, 48
45, 700, 48
45, 710, 48
45, 720, 48
45, 730, 48
45, 740, 49
45, 750, 48
45, 760, 48
45, 770, 48
45, 780, 48
45, 790, 48
{'count': 790, 'truepos': 45, 'falseneg': 0, 'unknownyes': 3, 'falsepos': 0, 'unique': 790}
28: Danijel.csv: three: 0, 0
4, 10
4, 20, 124
6, 30, 91
7, 40, 74
8, 50, 63
10, 60, 54
12, 70, 52
14, 80, 52
19, 90, 51
20, 100, 61
22, 110, 52
23, 120, 50
25, 130, 49
28, 140, 48
30, 150, 50
34, 160, 48
35, 170, 57
36, 180, 53
36, 190, 52
37, 200, 48
37, 210, 50
37, 220, 49
38, 230, 48
38, 240, 50
39, 250, 48
39, 260, 50
40, 270, 49
40, 280, 49
40, 290, 52
40, 300, 50
40, 310, 49
41, 320, 48
41, 330, 49
41, 340, 48
41, 350, 49
41, 360, 48
42, 370, 50
42, 380, 50
42, 390, 50
42, 400, 51
42, 410, 48
43, 420, 48
43, 430, 49
43, 440, 50
43, 450, 49
43, 460, 54
43, 470, 49
43, 480, 50
43, 490, 52
43, 500, 48
43, 510, 48
43, 520, 48
44, 530, 49
44, 540, 49
44, 550, 49
44, 560, 50
44, 570, 49
44, 580, 48
44, 590, 48
44, 600, 49
44, 610, 48
44, 620, 48
44, 630, 48
44, 640, 48
44, 650, 47
44, 660, 48
44, 670, 48
44, 680, 48
44, 690, 48
44, 700, 47
44, 710, 47
44, 720, 47
45, 730, 47
45, 740, 48
45, 750, 49
{'count': 1500, 'truepos': 45, 'falseneg': 0, 'unknownyes': 3, 'falsepos': 0, 'unique': 750}
28: Danijel.csv: machine: 0, 0
4, 10
4, 20, 117
4, 30, 102
7, 40, 62
9, 50, 69
11, 60, 66
16, 70, 64
20, 80, 78
21, 90, 91
22, 100, 67
24, 110, 64
26, 120, 63
26, 130, 62
27, 140, 56
32, 150, 53
34, 160, 54
35, 170, 55
36, 180, 53
36, 190, 57
38, 200, 52
38, 210, 53
38, 220, 52
38, 230, 51
38, 240, 52
38, 250, 54
38, 260, 49
39, 270, 48
40, 280, 50
40, 290, 49
40, 300, 50
41, 310, 49
41, 320, 49
41, 330, 50
41, 340, 49
41, 350, 48
41, 360, 49
41, 370, 47
43, 380, 47
43, 390, 53
43, 400, 51
43, 410, 50
43, 420, 53
43, 430, 51
43, 440, 49
43, 450, 51
44, 460, 49
44, 470, 50
44, 480, 51
44, 490, 50
44, 500, 53
44, 510, 50
44, 520, 49
44, 530, 49
44, 540, 50
44, 550, 48
44, 560, 49
44, 570, 48
44, 580, 49
44, 590, 49
44, 600, 49
44, 610, 49
44, 620, 48
44, 630, 48
44, 640, 48
44, 650, 48
44, 660, 48
44, 670, 47
45, 680, 47
45, 690, 48
45, 700, 48
45, 710, 48
45, 720, 48
45, 730, 48
45, 740, 48
45, 750, 48
45, 760, 48
{'count': 770, 'truepos': 45, 'falseneg': 0, 'unknownyes': 3, 'falsepos': 0, 'unique': 770}
28: Danijel.csv: machine2: 0, 0
4, 10
7, 20, 113
10, 30, 112
10, 40, 131
11, 50, 101
12, 60, 93
15, 70, 84
16, 80, 81
19, 90, 74
21, 100, 69
22, 110, 70
22, 120, 69
23, 130, 62
25, 140, 57
27, 150, 55
28, 160, 55
32, 170, 52
36, 180, 57
37, 190, 58
38, 200, 52
38, 210, 56
38, 220, 52
39, 230, 57
39, 240, 56
39, 250, 51
40, 260, 51
40, 270, 51
40, 280, 51
40, 290, 49
40, 300, 53
40, 310, 48
41, 320, 48
41, 330, 48
41, 340, 48
41, 350, 49
41, 360, 49
41, 370, 49
41, 380, 49
41, 390, 51
41, 400, 48
42, 410, 46
42, 420, 48
42, 430, 49
42, 440, 49
42, 450, 47
42, 460, 46
43, 470, 48
43, 480, 47
43, 490, 49
43, 500, 49
44, 510, 47
44, 520, 49
44, 530, 51
44, 540, 50
44, 550, 49
44, 560, 48
44, 570, 49
44, 580, 50
44, 590, 48
44, 600, 48
44, 610, 49
44, 620, 49
44, 630, 48
44, 640, 48
44, 650, 48
44, 660, 48
44, 670, 48
45, 680, 47
45, 690, 49
45, 700, 48
45, 710, 49
45, 720, 49
45, 730, 48
45, 740, 49
45, 750, 48
46, 760, 48
{'count': 770, 'truepos': 46, 'falseneg': 0, 'unknownyes': 2, 'falsepos': 0, 'unique': 770}
28: Danijel.csv: machine3: 0, 0
4, 10
5, 20, 125
6, 30, 102
7, 40, 93
9, 50, 68
10, 60, 61
11, 70, 56
16, 80, 51
19, 90, 59
20, 100, 62
24, 110, 60
24, 120, 72
28, 130, 57
28, 140, 64
31, 150, 55
32, 160, 50
34, 170, 48
35, 180, 53
35, 190, 51
36, 200, 49
36, 210, 50
36, 220, 47
37, 230, 47
38, 240, 50
38, 250, 48
38, 260, 49
40, 270, 48
41, 280, 53
41, 290, 56
41, 300, 52
41, 310, 52
41, 320, 49
41, 330, 49
41, 340, 51
41, 350, 48
42, 360, 48
43, 370, 49
43, 380, 51
43, 390, 50
43, 400, 50
43, 410, 50
43, 420, 49
43, 430, 50
43, 440, 48
43, 450, 49
43, 460, 52
44, 470, 48
44, 480, 49
44, 490, 54
44, 500, 50
44, 510, 49
44, 520, 51
44, 530, 49
44, 540, 48
44, 550, 48
44, 560, 48
44, 570, 47
44, 580, 48
44, 590, 49
45, 600, 48
46, 610, 48
46, 620, 50
46, 630, 50
46, 640, 50
46, 650, 49
46, 660, 49
46, 670, 49
46, 680, 49
46, 690, 49
46, 700, 49
46, 710, 49
{'count': 766, 'truepos': 46, 'falseneg': 0, 'unknownyes': 2, 'falsepos': 0, 'unique': 720}
28: K_all3.csv: none: 0, 0
1, 10
2, 20, 92
4, 30, 64
9, 40, 57
10, 50, 65
11, 60, 58
16, 70, 52
19, 80, 61
20, 90, 59
22, 100, 52
22, 110, 51
22, 120, 46
22, 130, 44
23, 140, 42
24, 150, 43
24, 160, 44
24, 170, 43
25, 180, 43
27, 190, 44
27, 200, 45
27, 210, 44
27, 220, 44
27, 230, 43
27, 240, 43
27, 250, 43
27, 260, 43
27, 270, 43
27, 280, 43
27, 290, 43
27, 300, 43
27, 310, 43
28, 320, 43
29, 330, 43
33, 340, 44
34, 350, 40
34, 360, 39
34, 370, 39
34, 380, 39
34, 390, 43
34, 400, 38
34, 410, 37
34, 420, 38
34, 430, 37
34, 440, 37
35, 450, 37
36, 460, 37
{'count': 460, 'truepos': 36, 'falseneg': 0, 'unknownyes': 9, 'falsepos': 0, 'unique': 460}
28: K_all3.csv: three: 0, 0
1, 10
2, 20, 93
2, 30, 62
4, 40, 54
8, 50, 48
12, 60, 49
13, 70, 63
15, 80, 56
19, 90, 53
21, 100, 58
21, 110, 54
22, 120, 49
22, 130, 49
22, 140, 45
23, 150, 44
23, 160, 44
24, 170, 43
24, 180, 44
25, 190, 43
26, 200, 44
26, 210, 45
27, 220, 44
27, 230, 44
27, 240, 44
27, 250, 43
27, 260, 43
27, 270, 43
27, 280, 43
27, 290, 43
27, 300, 43
27, 310, 43
27, 320, 43
28, 330, 42
29, 340, 43
33, 350, 44
34, 360, 40
34, 370, 41
34, 380, 40
34, 390, 42
34, 400, 37
34, 410, 38
34, 420, 37
35, 430, 37
35, 440, 38
35, 450, 37
36, 460, 37
36, 470, 38
36, 480, 38
36, 490, 40
{'count': 980, 'truepos': 36, 'falseneg': 0, 'unknownyes': 9, 'falsepos': 0, 'unique': 490}
28: K_all3.csv: machine: 0, 0
1, 10
2, 20, 93
2, 30, 63
3, 40, 54
4, 50, 43
7, 60, 41
11, 70, 43
12, 80, 49
13, 90, 44
16, 100, 43
17, 110, 51
20, 120, 47
20, 130, 50
21, 140, 47
21, 150, 46
22, 160, 44
23, 170, 45
24, 180, 43
24, 190, 43
26, 200, 43
26, 210, 45
26, 220, 44
26, 230, 43
27, 240, 43
27, 250, 43
27, 260, 43
27, 270, 43
27, 280, 43
27, 290, 43
27, 300, 43
27, 310, 43
27, 320, 43
28, 330, 42
30, 340, 43
31, 350, 39
32, 360, 37
32, 370, 37
32, 380, 37
32, 390, 36
32, 400, 37
32, 410, 37
32, 420, 37
33, 430, 35
34, 440, 35
35, 450, 36
36, 460, 37
36, 470, 38
37, 480, 38
38, 490, 39
{'count': 500, 'truepos': 38, 'falseneg': 0, 'unknownyes': 7, 'falsepos': 0, 'unique': 500}
28: K_all3.csv: machine2: 0, 0
1, 10
2, 20, 93
2, 30, 62
4, 40, 54
8, 50, 48
12, 60, 49
13, 70, 63
15, 80, 56
19, 90, 53
21, 100, 58
21, 110, 54
22, 120, 49
22, 130, 49
22, 140, 45
23, 150, 44
23, 160, 44
24, 170, 43
24, 180, 44
25, 190, 43
26, 200, 44
26, 210, 45
27, 220, 44
27, 230, 44
27, 240, 44
27, 250, 43
27, 260, 43
27, 270, 43
27, 280, 43
27, 290, 43
27, 300, 43
27, 310, 43
27, 320, 43
28, 330, 42
29, 340, 43
33, 350, 44
34, 360, 40
34, 370, 41
34, 380, 39
34, 390, 38
34, 400, 38
34, 410, 39
34, 420, 37
34, 430, 38
34, 440, 36
34, 450, 36
34, 460, 37
34, 470, 36
35, 480, 36
36, 490, 37
36, 500, 38
{'count': 510, 'truepos': 36, 'falseneg': 0, 'unknownyes': 9, 'falsepos': 0, 'unique': 510}
28: K_all3.csv: machine3: 0, 0
1, 10
2, 20, 92
4, 30, 63
8, 40, 58
9, 50, 58
10, 60, 52
11, 70, 46
14, 80, 45
15, 90, 46
17, 100, 43
19, 110, 44
22, 120, 43
22, 130, 46
22, 140, 44
23, 150, 42
24, 160, 43
24, 170, 44
24, 180, 43
25, 190, 43
27, 200, 44
27, 210, 45
27, 220, 44
27, 230, 44
27, 240, 43
27, 250, 43
27, 260, 43
27, 270, 43
27, 280, 43
27, 290, 43
27, 300, 43
27, 310, 43
27, 320, 43
28, 330, 42
29, 340, 43
33, 350, 44
34, 360, 42
34, 370, 41
34, 380, 39
34, 390, 39
34, 400, 37
34, 410, 37
34, 420, 37
34, 430, 38
34, 440, 36
34, 450, 37
35, 460, 36
36, 470, 38
36, 480, 38
36, 490, 38
36, 500, 38
36, 510, 39
36, 520, 38
36, 530, 38
{'count': 577, 'truepos': 37, 'falseneg': 0, 'unknownyes': 8, 'falsepos': 0, 'unique': 540}

------------------------------------------------------------
Sender: LSF System <lsfadmin@n2c1-3>
Subject: Job 270893: </share/tjmenzie/zyu9/miniconda2/bin/python2.7 runner.py error_hpcc 28> Done

Job </share/tjmenzie/zyu9/miniconda2/bin/python2.7 runner.py error_hpcc 28> was submitted from host <login01.hpc.ncsu.edu> by user <zyu9> in cluster <henry2>.
Job was executed on host(s) <2*n2c1-3>, in queue <single_chassis>, as user <zyu9> in cluster <henry2>.
</home/zyu9> was used as the home directory.
</home/zyu9/projects/MAR_HPC/Error/src> was used as the working directory.
Started at Sat Oct 21 09:24:08 2017
Results reported at Sat Oct 21 10:27:49 2017

Your job looked like:

------------------------------------------------------------
# LSBATCH: User input
/share/tjmenzie/zyu9/miniconda2/bin/python2.7 runner.py error_hpcc 28
------------------------------------------------------------

Successfully completed.

Resource usage summary:

    CPU time   :   5426.50 sec.
    Max Memory :       175 MB
    Max Swap   :      1193 MB

    Max Processes  :         3
    Max Threads    :         8

The output (if any) is above this job summary.



PS:

Read file <./err/28.err.270893> for stderr output of this job.

