28: Hall.csv: none: 0, 0
8, 10
11, 20, 121
14, 30, 132
16, 40, 133
19, 50, 140
21, 60, 141
25, 70, 91
28, 80, 93
33, 90, 85
40, 100, 89
42, 110, 92
46, 120, 101
52, 130, 88
57, 140, 96
60, 150, 103
62, 160, 104
67, 170, 96
70, 180, 91
76, 190, 93
79, 200, 99
82, 210, 102
85, 220, 99
88, 230, 103
93, 240, 106
95, 250, 117
96, 260, 118
98, 270, 114
99, 280, 113
99, 290, 112
100, 300, 113
101, 310, 114
101, 320, 113
101, 330, 115
101, 340, 114
101, 350, 113
101, 360, 110
101, 370, 109
101, 380, 109
101, 390, 109
101, 400, 108
101, 410, 111
101, 420, 108
101, 430, 108
101, 440, 109
101, 450, 107
101, 460, 107
{'count': 460, 'truepos': 101, 'falseneg': 0, 'correction': 0, 'unknownyes': 3, 'falsepos': 0, 'unique': 460}
28: Hall.csv: three: 0, 0
8, 10
9, 20, 122
12, 30, 119
17, 40, 116
19, 50, 125
21, 60, 127
27, 70, 86
28, 80, 91
29, 90, 79
33, 100, 77
40, 110, 73
44, 120, 86
49, 130, 81
53, 140, 93
57, 150, 95
60, 160, 103
63, 170, 99
67, 180, 97
71, 190, 89
75, 200, 97
77, 210, 103
77, 220, 94
80, 230, 95
85, 240, 101
90, 250, 99
94, 260, 104
97, 270, 112
98, 280, 118
99, 290, 118
100, 300, 117
100, 310, 112
100, 320, 116
100, 330, 112
100, 340, 112
100, 350, 111
102, 360, 108
102, 370, 116
102, 380, 112
102, 390, 111
102, 400, 111
102, 410, 112
102, 420, 110
102, 430, 110
102, 440, 110
102, 450, 111
102, 460, 109
102, 470, 109
102, 480, 108
{'count': 960, 'truepos': 102, 'falseneg': 0, 'correction': 0, 'unknownyes': 2, 'falsepos': 0, 'unique': 480}
28: Hall.csv: machine: 0, 0
8, 10
11, 20, 122
13, 30, 125
18, 40, 135
18, 50, 135
22, 60, 126
22, 60, 126
29, 70, 82
33, 80, 87
36, 90, 89
42, 100, 80
44, 110, 94
44, 110, 94
47, 120, 90
52, 130, 81
55, 140, 94
58, 150, 83
62, 160, 90
62, 160, 90
65, 170, 98
69, 180, 90
74, 190, 87
79, 200, 91
82, 210, 97
82, 210, 97
85, 220, 99
88, 230, 101
91, 240, 103
94, 250, 108
95, 260, 115
95, 260, 115
98, 270, 109
98, 280, 113
101, 290, 111
101, 300, 115
101, 310, 114
101, 310, 114
101, 320, 114
101, 330, 111
101, 340, 112
101, 350, 113
101, 360, 111
101, 360, 111
101, 370, 110
101, 380, 110
101, 390, 111
101, 400, 111
101, 410, 108
101, 410, 108
101, 420, 110
102, 430, 109
102, 440, 112
102, 450, 110
102, 460, 109
102, 460, 109
102, 470, 108
102, 480, 108
102, 490, 109
102, 500, 108
102, 510, 108
102, 510, 108
{'count': 702, 'truepos': 102, 'falseneg': 0, 'correction': 0, 'unknownyes': 2, 'falsepos': 0, 'unique': 510}
28: Hall.csv: knee: 0, 0
8, 10
10, 20
14, 30
15, 40
19, 50
21, 60
27, 70
31, 80
33, 90
38, 100
42, 110
44, 120
53, 130
58, 140
63, 150
66, 160
70, 170
72, 180
75, 190
79, 200
82, 210
86, 220
90, 230
92, 240
94, 250
95, 260
96, 270
97, 280
98, 290
98, 300
98, 310
98, 320
98, 330
99, 340
99, 350
100, 360
101, 370
101, 380
101, 390
101, 400
101, 410
101, 420
{'count': 571, 'truepos': 101, 'falseneg': 0, 'correction': 0, 'unknownyes': 3, 'falsepos': 0, 'unique': 420}
28: Wahono.csv: none: 0, 0
6, 10
6, 20, 99
7, 30, 97
12, 40, 86
15, 50, 85
15, 60, 92
15, 70, 63
19, 80, 52
21, 90, 49
23, 100, 45
27, 110, 46
28, 120, 61
29, 130, 58
30, 140, 57
33, 150, 54
33, 160, 62
35, 170, 56
35, 180, 67
36, 190, 60
37, 200, 56
39, 210, 58
40, 220, 60
41, 230, 66
42, 240, 61
42, 250, 63
43, 260, 59
44, 270, 60
44, 280, 61
45, 290, 59
45, 300, 63
45, 310, 69
46, 320, 59
46, 330, 58
47, 340, 60
48, 350, 62
48, 360, 66
48, 370, 60
49, 380, 60
49, 390, 60
49, 400, 61
49, 410, 62
49, 420, 61
50, 430, 59
50, 440, 65
50, 450, 62
50, 460, 61
50, 470, 59
50, 480, 59
52, 490, 58
52, 500, 61
52, 510, 60
52, 520, 61
52, 530, 60
52, 540, 60
53, 550, 61
53, 560, 61
54, 570, 60
56, 580, 62
56, 590, 66
57, 600, 66
57, 610, 67
57, 620, 66
58, 630, 67
58, 640, 66
58, 650, 66
58, 660, 67
58, 670, 67
58, 680, 66
58, 690, 66
58, 700, 65
58, 710, 65
58, 720, 65
58, 730, 66
58, 740, 66
58, 750, 65
58, 760, 66
58, 770, 65
58, 780, 65
58, 790, 64
58, 800, 65
58, 810, 65
58, 820, 63
58, 830, 64
58, 840, 64
58, 850, 65
58, 860, 64
58, 870, 63
59, 880, 63
59, 890, 65
59, 900, 64
59, 910, 65
59, 920, 64
59, 930, 64
59, 940, 65
59, 950, 64
59, 960, 64
59, 970, 63
59, 980, 64
59, 990, 64
59, 1000, 63
59, 1010, 64
59, 1020, 63
59, 1030, 63
59, 1040, 64
59, 1050, 63
59, 1060, 63
59, 1070, 63
59, 1080, 63
59, 1090, 63
59, 1100, 63
59, 1110, 63
59, 1120, 64
59, 1130, 63
{'count': 1130, 'truepos': 59, 'falseneg': 0, 'correction': 0, 'unknownyes': 3, 'falsepos': 0, 'unique': 1130}
28: Wahono.csv: three: 0, 0
6, 10
6, 20, 102
9, 30, 91
11, 40, 95
14, 50, 95
15, 60, 95
18, 70, 67
20, 80, 67
23, 90, 46
23, 100, 52
25, 110, 45
27, 120, 50
28, 130, 53
28, 140, 61
32, 150, 51
33, 160, 58
34, 170, 60
35, 180, 63
36, 190, 58
37, 200, 63
39, 210, 61
39, 220, 63
40, 230, 59
42, 240, 55
42, 250, 63
43, 260, 59
44, 270, 61
44, 280, 65
44, 290, 64
45, 300, 58
45, 310, 59
45, 320, 61
45, 330, 58
45, 340, 61
45, 350, 58
45, 360, 59
46, 370, 57
46, 380, 57
46, 390, 58
46, 400, 56
46, 410, 57
46, 420, 57
46, 430, 56
49, 440, 54
50, 450, 57
50, 460, 60
50, 470, 60
50, 480, 59
50, 490, 58
51, 500, 58
51, 510, 60
51, 520, 59
51, 530, 58
52, 540, 59
53, 550, 60
53, 560, 60
53, 570, 61
53, 580, 61
54, 590, 62
55, 600, 61
57, 610, 64
58, 620, 67
58, 630, 67
58, 640, 67
58, 650, 67
58, 660, 67
58, 670, 67
58, 680, 67
58, 690, 65
58, 700, 66
58, 710, 66
58, 720, 65
58, 730, 66
58, 740, 66
58, 750, 65
58, 760, 64
58, 770, 65
59, 780, 65
59, 790, 65
59, 800, 66
59, 810, 65
59, 820, 66
59, 830, 65
59, 840, 66
59, 850, 65
59, 860, 65
59, 870, 65
59, 880, 66
59, 890, 65
59, 900, 64
59, 910, 64
59, 920, 65
59, 930, 63
59, 940, 64
59, 950, 63
59, 960, 65
59, 970, 64
59, 980, 64
59, 990, 64
59, 1000, 64
59, 1010, 64
59, 1020, 64
59, 1030, 63
59, 1040, 64
59, 1050, 63
59, 1060, 63
59, 1070, 63
59, 1080, 63
{'count': 2160, 'truepos': 59, 'falseneg': 0, 'correction': 0, 'unknownyes': 3, 'falsepos': 0, 'unique': 1080}
28: Wahono.csv: machine: 0, 0
6, 10
7, 20, 100
8, 30, 101
10, 40, 94
12, 50, 71
15, 60, 55
16, 70, 62
20, 80, 48
23, 90, 41
25, 100, 47
28, 110, 54
30, 120, 61
30, 120, 61
30, 130, 58
30, 140, 57
32, 150, 55
32, 160, 57
34, 170, 55
34, 170, 55
35, 180, 60
36, 190, 58
40, 200, 58
41, 210, 70
42, 220, 63
42, 220, 63
43, 230, 64
44, 240, 63
44, 250, 68
44, 260, 68
47, 270, 63
47, 270, 63
48, 280, 64
48, 290, 64
48, 300, 70
48, 310, 65
48, 320, 67
48, 320, 67
49, 330, 62
49, 340, 66
49, 350, 62
50, 360, 61
50, 370, 69
50, 370, 69
50, 380, 61
50, 390, 60
50, 400, 63
50, 410, 62
50, 420, 62
50, 420, 62
51, 430, 60
51, 440, 63
51, 450, 62
51, 460, 61
51, 470, 61
51, 470, 61
51, 480, 62
51, 490, 60
51, 500, 61
52, 510, 59
52, 520, 61
52, 520, 61
52, 530, 60
52, 540, 59
52, 550, 60
53, 560, 60
54, 570, 62
54, 570, 62
55, 580, 64
56, 590, 63
56, 600, 65
57, 610, 65
58, 620, 67
58, 620, 67
58, 630, 68
58, 640, 66
58, 650, 66
58, 660, 67
58, 670, 67
58, 670, 67
58, 680, 66
58, 690, 66
58, 700, 65
58, 710, 66
58, 720, 65
58, 720, 65
58, 730, 67
58, 740, 64
58, 750, 65
58, 760, 65
58, 770, 65
58, 770, 65
58, 780, 64
58, 790, 65
58, 800, 64
58, 810, 64
58, 820, 64
58, 820, 64
58, 830, 64
58, 840, 64
58, 850, 64
58, 860, 64
58, 870, 64
58, 870, 64
58, 880, 64
59, 890, 63
59, 900, 65
59, 910, 64
59, 920, 64
59, 920, 64
59, 930, 65
59, 940, 65
59, 950, 64
59, 960, 64
59, 970, 64
59, 980, 63
59, 990, 65
59, 1000, 64
59, 1010, 63
59, 1020, 64
59, 1030, 64
59, 1040, 63
59, 1050, 63
59, 1060, 63
59, 1070, 63
59, 1080, 64
59, 1090, 64
59, 1090, 64
59, 1100, 64
59, 1110, 63
59, 1120, 63
59, 1130, 63
59, 1140, 63
59, 1140, 63
59, 1150, 63
59, 1160, 63
59, 1170, 63
59, 1180, 63
59, 1190, 63
59, 1190, 63
{'count': 1770, 'truepos': 59, 'falseneg': 0, 'correction': 0, 'unknownyes': 3, 'falsepos': 0, 'unique': 1190}
28: Wahono.csv: knee: 0, 0
6, 10
6, 20
{'count': 24, 'truepos': 6, 'falseneg': 0, 'correction': 0, 'unknownyes': 56, 'falsepos': 0, 'unique': 20}
28: Danijel.csv: none: 0, 0
4, 10
4, 20, 126
7, 30, 89
9, 40, 87
12, 50, 81
15, 60, 82
16, 70, 78
19, 80, 72
22, 90, 72
27, 100, 50
28, 110, 57
28, 120, 54
30, 130, 52
30, 140, 54
30, 150, 49
30, 160, 48
30, 170, 45
33, 180, 43
34, 190, 48
36, 200, 46
36, 210, 49
36, 220, 50
37, 230, 44
37, 240, 48
37, 250, 48
38, 260, 46
38, 270, 48
39, 280, 47
40, 290, 48
41, 300, 49
42, 310, 51
42, 320, 54
42, 330, 51
43, 340, 51
43, 350, 54
43, 360, 51
43, 370, 50
43, 380, 50
43, 390, 51
43, 400, 51
43, 410, 49
44, 420, 50
44, 430, 52
44, 440, 51
44, 450, 51
44, 460, 51
44, 470, 50
44, 480, 51
44, 490, 50
44, 500, 50
44, 510, 50
44, 520, 49
44, 530, 49
44, 540, 50
44, 550, 48
44, 560, 49
44, 570, 49
44, 580, 49
45, 590, 48
45, 600, 50
45, 610, 49
45, 620, 50
45, 630, 49
45, 640, 49
45, 650, 49
45, 660, 48
45, 670, 48
45, 680, 48
45, 690, 49
45, 700, 49
45, 710, 48
45, 720, 49
45, 730, 48
45, 740, 48
45, 750, 48
{'count': 750, 'truepos': 45, 'falseneg': 0, 'correction': 0, 'unknownyes': 3, 'falsepos': 0, 'unique': 750}
28: Danijel.csv: three: 0, 0
4, 10
5, 20, 114
7, 30, 104
7, 40, 99
10, 50, 73
13, 60, 72
18, 70, 71
19, 80, 83
20, 90, 69
23, 100, 43
26, 110, 48
29, 120, 50
29, 130, 56
29, 140, 48
30, 150, 47
30, 160, 46
32, 170, 47
32, 180, 49
33, 190, 50
33, 200, 52
34, 210, 45
35, 220, 46
37, 230, 46
38, 240, 47
39, 250, 49
39, 260, 49
41, 270, 47
41, 280, 50
41, 290, 52
41, 300, 50
41, 310, 49
41, 320, 50
41, 330, 49
41, 340, 49
41, 350, 48
41, 360, 49
41, 370, 49
42, 380, 47
42, 390, 49
42, 400, 49
42, 410, 48
43, 420, 48
43, 430, 49
43, 440, 49
43, 450, 48
43, 460, 49
44, 470, 49
44, 480, 49
44, 490, 50
44, 500, 51
44, 510, 50
44, 520, 50
44, 530, 49
44, 540, 49
44, 550, 49
44, 560, 49
44, 570, 49
44, 580, 50
45, 590, 48
45, 600, 49
45, 610, 49
45, 620, 49
45, 630, 49
45, 640, 49
45, 650, 50
45, 660, 48
45, 670, 49
45, 680, 49
45, 690, 49
45, 700, 48
45, 710, 48
45, 720, 48
45, 730, 48
45, 740, 48
45, 750, 48
45, 760, 48
{'count': 1520, 'truepos': 45, 'falseneg': 0, 'correction': 0, 'unknownyes': 3, 'falsepos': 0, 'unique': 760}
28: Danijel.csv: machine: 0, 0
4, 10
5, 20, 118
7, 30, 99
8, 40, 88
11, 50, 73
13, 60, 84
13, 60, 84
15, 70, 74
17, 80, 58
18, 90, 56
19, 100, 54
22, 110, 48
22, 110, 48
24, 120, 42
26, 130, 41
27, 140, 43
31, 150, 41
33, 160, 47
33, 160, 47
33, 170, 51
34, 180, 48
34, 190, 48
34, 200, 47
34, 210, 45
34, 210, 45
35, 220, 45
35, 230, 46
36, 240, 47
36, 250, 47
36, 260, 50
36, 260, 50
38, 270, 45
39, 280, 48
39, 290, 56
39, 300, 49
40, 310, 48
40, 310, 48
41, 320, 49
42, 330, 49
42, 340, 51
42, 350, 53
42, 360, 50
42, 360, 50
42, 370, 50
42, 380, 51
42, 390, 49
43, 400, 50
43, 410, 50
43, 410, 50
43, 420, 50
43, 430, 50
43, 440, 49
43, 450, 51
43, 460, 49
43, 460, 49
43, 470, 48
43, 480, 49
43, 490, 49
43, 500, 48
44, 510, 47
44, 510, 47
44, 520, 49
44, 530, 49
44, 540, 49
44, 550, 49
44, 560, 49
44, 560, 49
45, 570, 48
45, 580, 50
45, 590, 49
45, 600, 49
45, 610, 50
45, 610, 50
45, 620, 49
45, 630, 49
45, 640, 50
45, 650, 49
45, 660, 49
45, 660, 49
45, 670, 49
45, 680, 49
45, 690, 49
45, 700, 49
45, 710, 48
45, 710, 48
{'count': 1197, 'truepos': 45, 'falseneg': 0, 'correction': 0, 'unknownyes': 3, 'falsepos': 0, 'unique': 710}
28: Danijel.csv: knee: 0, 0
4, 10
5, 20
7, 30
9, 40
13, 50
16, 60
16, 70
20, 80
21, 90
22, 100
26, 110
28, 120
28, 130
28, 140
28, 150
{'count': 242, 'truepos': 28, 'falseneg': 0, 'correction': 0, 'unknownyes': 20, 'falsepos': 0, 'unique': 150}
28: K_all3.csv: none: 0, 0
2, 10
5, 20, 71
6, 30, 62
11, 40, 55
13, 50, 65
15, 60, 60
18, 70, 60
20, 80, 61
20, 90, 37
22, 100, 34
23, 110, 38
24, 120, 36
24, 130, 35
26, 140, 37
28, 150, 35
29, 160, 41
29, 170, 41
29, 180, 36
30, 190, 38
30, 200, 40
30, 210, 39
30, 220, 36
30, 230, 35
30, 240, 35
30, 250, 34
30, 260, 35
30, 270, 35
30, 280, 34
30, 290, 35
31, 300, 34
33, 310, 34
33, 320, 37
34, 330, 36
34, 340, 38
34, 350, 37
35, 360, 37
36, 370, 38
36, 380, 39
37, 390, 38
38, 400, 39
{'count': 400, 'truepos': 38, 'falseneg': 0, 'correction': 0, 'unknownyes': 7, 'falsepos': 0, 'unique': 400}
28: K_all3.csv: three: 0, 0
2, 10
5, 20, 71
6, 30, 64
12, 40, 54
12, 50, 68
15, 60, 61
16, 70, 58
19, 80, 49
21, 90, 56
21, 100, 35
21, 110, 32
23, 120, 31
23, 130, 36
24, 140, 30
25, 150, 34
25, 160, 34
28, 170, 32
29, 180, 37
29, 190, 37
30, 200, 38
30, 210, 37
30, 220, 38
30, 230, 35
30, 240, 35
30, 250, 35
30, 260, 37
30, 270, 35
32, 280, 34
34, 290, 36
34, 300, 39
35, 310, 38
35, 320, 40
35, 330, 39
35, 340, 40
35, 350, 38
36, 360, 38
37, 370, 39
38, 380, 39
38, 390, 41
38, 400, 41
{'count': 800, 'truepos': 38, 'falseneg': 0, 'correction': 0, 'unknownyes': 7, 'falsepos': 0, 'unique': 400}
28: K_all3.csv: machine: 0, 0
2, 10
5, 20, 71
6, 30, 63
11, 40, 54
13, 50, 63
15, 60, 60
17, 70, 58
18, 80, 55
20, 90, 50
21, 100, 39
22, 110, 33
22, 120, 33
22, 120, 33
23, 130, 32
23, 140, 31
25, 150, 33
26, 160, 36
27, 170, 34
27, 170, 34
27, 180, 36
28, 190, 34
30, 200, 36
30, 210, 36
30, 220, 38
30, 220, 38
30, 230, 35
30, 240, 35
30, 250, 35
30, 260, 36
31, 270, 35
31, 270, 35
32, 280, 36
33, 290, 36
33, 300, 37
34, 310, 37
34, 320, 38
34, 320, 38
34, 330, 38
34, 340, 37
35, 350, 37
36, 360, 38
37, 370, 39
37, 370, 39
37, 380, 39
38, 390, 40
{'count': 601, 'truepos': 38, 'falseneg': 0, 'correction': 0, 'unknownyes': 7, 'falsepos': 0, 'unique': 390}
28: K_all3.csv: knee: 0, 0
2, 10
5, 20
6, 30
11, 40
14, 50
14, 60
16, 70
17, 80
21, 90
21, 100
21, 110
21, 120
{'count': 189, 'truepos': 21, 'falseneg': 0, 'correction': 0, 'unknownyes': 24, 'falsepos': 0, 'unique': 120}

------------------------------------------------------------
Sender: LSF System <lsfadmin@n3m3-12>
Subject: Job 629164: </share/tjmenzie/zyu9/miniconda2/bin/python2.7 runner.py error_hpcc 28> in cluster <henry2> Done

Job </share/tjmenzie/zyu9/miniconda2/bin/python2.7 runner.py error_hpcc 28> was submitted from host <login01.hpc.ncsu.edu> by user <zyu9> in cluster <henry2> at Tue Jan 30 18:08:16 2018.
Job was executed on host(s) <2*n3m3-12>, in queue <single_chassis>, as user <zyu9> in cluster <henry2> at Tue Jan 30 18:08:18 2018.
</home/zyu9> was used as the home directory.
</home/zyu9/projects/MAR_HPC/Error/src> was used as the working directory.
Started at Tue Jan 30 18:08:18 2018.
Terminated at Tue Jan 30 18:56:36 2018.
Results reported at Tue Jan 30 18:56:36 2018.

Your job looked like:

------------------------------------------------------------
# LSBATCH: User input
/share/tjmenzie/zyu9/miniconda2/bin/python2.7 runner.py error_hpcc 28
------------------------------------------------------------

Successfully completed.

Resource usage summary:

    CPU time :                                   3995.45 sec.
    Max Memory :                                 280.44 MB
    Average Memory :                             221.45 MB
    Total Requested Memory :                     -
    Delta Memory :                               -
    Max Swap :                                   1324 MB
    Max Processes :                              3
    Max Threads :                                8
    Run time :                                   2898 sec.
    Turnaround time :                            2900 sec.

The output (if any) is above this job summary.



PS:

Read file <./err/28.err.629164> for stderr output of this job.

