29: Hall.csv: none: 0, 0
4, 10
6, 20, 107
10, 30, 101
12, 40, 103
15, 50, 96
18, 60, 102
19, 70, 106
21, 80, 102
24, 90, 61
27, 100, 61
32, 110, 64
35, 120, 72
38, 130, 73
38, 140, 76
41, 150, 71
43, 160, 68
47, 170, 70
53, 180, 77
56, 190, 100
61, 200, 83
64, 210, 82
64, 220, 90
64, 230, 88
64, 240, 80
64, 250, 91
64, 260, 84
64, 270, 84
65, 280, 87
67, 290, 77
68, 300, 84
68, 310, 84
69, 320, 87
70, 330, 87
70, 340, 86
70, 350, 89
70, 360, 85
71, 370, 86
71, 380, 94
71, 390, 86
71, 400, 89
71, 410, 89
71, 420, 87
71, 430, 90
71, 440, 92
71, 450, 86
71, 460, 82
71, 470, 88
71, 480, 82
72, 490, 81
72, 500, 80
72, 510, 81
72, 520, 82
72, 530, 83
73, 540, 81
73, 550, 80
74, 560, 81
74, 570, 81
75, 580, 81
78, 590, 82
78, 600, 85
78, 610, 85
78, 620, 85
78, 630, 85
78, 640, 84
78, 650, 85
78, 660, 84
78, 670, 84
78, 680, 84
78, 690, 84
78, 700, 83
78, 710, 84
78, 720, 84
78, 730, 83
78, 740, 83
78, 750, 83
{'count': 750, 'truepos': 75, 'falseneg': 28, 'correction': 0, 'unknownyes': 1, 'falsepos': 3, 'unique': 750}
29: Hall.csv: three: 0, 0
7, 10
9, 20, 113
11, 30, 121
14, 40, 123
14, 50, 124
16, 60, 115
21, 70, 90
26, 80, 78
31, 90, 77
33, 100, 79
36, 110, 75
39, 120, 77
40, 130, 71
43, 140, 71
45, 150, 74
47, 160, 82
50, 170, 82
51, 180, 85
54, 190, 77
58, 200, 78
59, 210, 75
60, 220, 82
63, 230, 77
68, 240, 77
69, 250, 85
72, 260, 87
74, 270, 87
74, 280, 92
75, 290, 89
76, 300, 89
76, 310, 89
76, 320, 89
76, 330, 88
76, 340, 87
77, 350, 86
77, 360, 88
77, 370, 88
77, 380, 88
77, 390, 87
78, 400, 87
78, 410, 90
78, 420, 90
79, 430, 89
79, 440, 93
79, 450, 91
79, 460, 91
79, 470, 89
79, 480, 92
79, 490, 89
79, 500, 89
79, 510, 88
79, 520, 86
79, 530, 87
79, 540, 87
79, 550, 87
79, 560, 85
79, 570, 85
79, 580, 85
79, 590, 86
79, 600, 86
79, 610, 85
79, 620, 86
79, 630, 84
79, 640, 85
79, 650, 85
79, 660, 84
79, 670, 84
79, 680, 84
79, 690, 84
79, 700, 84
79, 710, 84
{'count': 1467, 'truepos': 78, 'falseneg': 24, 'correction': 42, 'unknownyes': 2, 'falsepos': 1, 'unique': 710}
29: Hall.csv: machine: 0, 0
6, 10
8, 20, 112
9, 30, 111
12, 40, 106
13, 50, 110
19, 60, 100
23, 70, 113
28, 80, 73
33, 90, 74
34, 100, 76
34, 110, 71
38, 120, 69
47, 120, 69
49, 130, 88
53, 140, 80
57, 150, 83
60, 160, 91
60, 170, 90
62, 170, 90
65, 180, 85
66, 190, 86
68, 200, 85
72, 210, 85
73, 220, 88
75, 220, 88
78, 230, 93
79, 240, 98
82, 250, 92
84, 260, 98
84, 270, 102
89, 270, 102
90, 280, 112
91, 290, 106
92, 300, 109
92, 310, 111
92, 320, 105
92, 320, 105
92, 330, 105
93, 340, 104
93, 350, 105
93, 360, 104
93, 370, 103
93, 370, 103
94, 380, 104
94, 390, 106
95, 400, 103
95, 410, 105
95, 420, 104
95, 420, 104
95, 430, 104
95, 440, 104
96, 450, 103
96, 460, 103
96, 470, 102
96, 470, 102
96, 480, 102
96, 490, 103
{'count': 704, 'truepos': 94, 'falseneg': 8, 'correction': 17, 'unknownyes': 2, 'falsepos': 2, 'unique': 490}
29: Hall.csv: knee: 0, 0
6, 10
7, 20
8, 30
11, 40
15, 50
16, 60
18, 70
21, 80
25, 90
30, 100
32, 110
37, 120
43, 130
44, 140
48, 150
52, 160
52, 170
53, 180
56, 190
56, 200
59, 210
62, 220
64, 230
65, 240
66, 250
68, 260
68, 270
69, 280
70, 290
71, 300
72, 310
73, 320
73, 330
73, 340
74, 350
74, 360
74, 370
74, 380
74, 390
74, 400
74, 410
74, 420
74, 430
74, 440
74, 450
74, 460
74, 470
{'count': 646, 'truepos': 85, 'falseneg': 15, 'correction': 18, 'unknownyes': 4, 'falsepos': 1, 'unique': 470}
29: Wahono.csv: none: 0, 0
4, 10
4, 20, 96
9, 30, 91
10, 40, 86
12, 50, 88
14, 60, 82
14, 70, 55
14, 80, 47
14, 90, 43
14, 100, 41
14, 110, 41
14, 120, 41
14, 130, 41
14, 140, 41
15, 150, 42
16, 160, 43
19, 170, 43
21, 180, 47
22, 190, 44
23, 200, 44
23, 210, 45
24, 220, 43
25, 230, 46
25, 240, 49
25, 250, 51
25, 260, 43
26, 270, 43
26, 280, 45
27, 290, 46
27, 300, 48
28, 310, 45
28, 320, 45
28, 330, 46
28, 340, 46
28, 350, 44
29, 360, 43
29, 370, 45
30, 380, 44
30, 390, 44
32, 400, 43
32, 410, 46
32, 420, 47
32, 430, 45
32, 440, 46
32, 450, 44
32, 460, 44
32, 470, 46
32, 480, 44
33, 490, 44
33, 500, 44
33, 510, 43
34, 520, 43
34, 530, 45
35, 540, 43
35, 550, 43
35, 560, 45
35, 570, 44
35, 580, 44
35, 590, 46
35, 600, 45
36, 610, 43
36, 620, 44
36, 630, 44
36, 640, 45
36, 650, 43
36, 660, 43
36, 670, 44
36, 680, 44
36, 690, 42
36, 700, 42
37, 710, 42
37, 720, 43
37, 730, 44
37, 740, 43
37, 750, 44
37, 760, 44
37, 770, 44
37, 780, 44
37, 790, 44
37, 800, 43
37, 810, 43
37, 820, 42
37, 830, 43
37, 840, 43
37, 850, 42
37, 860, 42
37, 870, 43
37, 880, 42
37, 890, 42
37, 900, 42
37, 910, 42
37, 920, 41
37, 930, 42
37, 940, 41
37, 950, 41
37, 960, 41
37, 970, 41
37, 980, 42
37, 990, 41
37, 1000, 41
37, 1010, 41
37, 1020, 41
37, 1030, 41
37, 1040, 41
37, 1050, 41
37, 1060, 40
37, 1070, 41
37, 1080, 41
37, 1090, 41
38, 1100, 41
38, 1110, 42
38, 1120, 42
39, 1130, 42
40, 1140, 44
40, 1150, 45
40, 1160, 44
40, 1170, 44
40, 1180, 44
40, 1190, 45
40, 1200, 43
40, 1210, 44
40, 1220, 44
40, 1230, 44
40, 1240, 44
40, 1250, 44
40, 1260, 43
40, 1270, 44
40, 1280, 44
40, 1290, 44
40, 1300, 44
40, 1310, 44
40, 1320, 44
40, 1330, 43
40, 1340, 43
40, 1350, 43
40, 1360, 43
42, 1370, 43
42, 1380, 46
42, 1390, 46
42, 1400, 46
42, 1410, 46
42, 1420, 47
42, 1430, 46
43, 1440, 46
43, 1450, 47
43, 1460, 47
43, 1470, 47
43, 1480, 47
43, 1490, 47
43, 1500, 47
43, 1510, 47
43, 1520, 47
43, 1530, 47
43, 1540, 47
43, 1550, 46
43, 1560, 47
43, 1570, 47
43, 1580, 46
43, 1590, 46
43, 1600, 47
43, 1610, 46
43, 1620, 46
43, 1630, 46
43, 1640, 46
43, 1650, 46
43, 1660, 46
43, 1670, 46
43, 1680, 47
43, 1690, 46
43, 1700, 46
43, 1710, 46
43, 1720, 46
43, 1730, 46
43, 1740, 46
43, 1750, 46
{'count': 1750, 'truepos': 39, 'falseneg': 21, 'correction': 0, 'unknownyes': 2, 'falsepos': 4, 'unique': 1750}
29: Wahono.csv: three: 0, 0
5, 10
7, 20, 93
9, 30, 105
9, 40, 108
10, 50, 95
10, 60, 85
12, 70, 66
15, 80, 63
17, 90, 66
17, 100, 62
20, 110, 58
23, 120, 50
23, 130, 52
24, 140, 45
27, 150, 44
29, 160, 53
30, 170, 53
30, 180, 60
31, 190, 50
31, 200, 50
31, 210, 47
32, 220, 49
32, 230, 57
32, 240, 48
32, 250, 48
32, 260, 52
34, 270, 50
34, 280, 52
34, 290, 51
34, 300, 50
35, 310, 49
35, 320, 51
36, 330, 46
36, 340, 51
37, 350, 51
37, 360, 50
37, 370, 49
37, 380, 51
37, 390, 49
37, 400, 50
37, 410, 45
37, 420, 48
37, 430, 47
37, 440, 47
37, 450, 49
37, 460, 47
37, 470, 45
37, 480, 48
37, 490, 46
39, 500, 44
40, 510, 46
42, 520, 47
42, 530, 49
43, 540, 50
44, 550, 53
45, 560, 54
45, 570, 56
45, 580, 55
45, 590, 56
45, 600, 55
45, 610, 55
45, 620, 55
46, 630, 55
46, 640, 55
46, 650, 55
47, 660, 55
47, 670, 58
47, 680, 57
48, 690, 57
48, 700, 58
48, 710, 59
48, 720, 57
48, 730, 57
48, 740, 56
48, 750, 56
48, 760, 58
48, 770, 56
48, 780, 55
48, 790, 56
48, 800, 55
48, 810, 55
48, 820, 55
48, 830, 55
48, 840, 55
48, 850, 55
48, 860, 55
48, 870, 54
48, 880, 55
48, 890, 55
48, 900, 55
48, 910, 54
48, 920, 55
48, 930, 55
48, 940, 54
49, 950, 54
49, 960, 55
49, 970, 55
49, 980, 55
49, 990, 54
49, 1000, 55
49, 1010, 55
49, 1020, 55
49, 1030, 54
49, 1040, 54
49, 1050, 55
49, 1060, 54
49, 1070, 55
49, 1080, 54
49, 1090, 54
49, 1100, 54
49, 1110, 54
49, 1120, 54
49, 1130, 54
49, 1140, 54
49, 1150, 54
49, 1160, 54
49, 1170, 54
49, 1180, 54
49, 1190, 53
49, 1200, 54
49, 1210, 53
49, 1220, 53
49, 1230, 53
49, 1240, 53
49, 1250, 53
49, 1260, 53
49, 1270, 54
49, 1280, 53
49, 1290, 53
49, 1300, 53
49, 1310, 53
49, 1320, 53
49, 1330, 53
49, 1340, 53
49, 1350, 53
49, 1360, 52
49, 1370, 52
49, 1380, 53
49, 1390, 53
49, 1400, 53
49, 1410, 52
49, 1420, 53
49, 1430, 53
49, 1440, 52
49, 1450, 52
49, 1460, 52
49, 1470, 52
49, 1480, 52
49, 1490, 52
49, 1500, 52
49, 1510, 52
49, 1520, 52
49, 1530, 52
49, 1540, 52
49, 1550, 52
{'count': 3129, 'truepos': 49, 'falseneg': 12, 'correction': 27, 'unknownyes': 1, 'falsepos': 0, 'unique': 1550}
29: Wahono.csv: machine: 0, 0
4, 10
5, 20, 95
6, 30, 98
6, 40, 84
10, 50, 53
10, 60, 57
10, 70, 41
10, 80, 38
11, 90, 37
11, 100, 39
13, 110, 38
13, 120, 40
13, 130, 38
13, 140, 37
14, 150, 37
17, 160, 38
18, 170, 43
18, 180, 43
20, 190, 40
20, 200, 38
21, 210, 38
22, 220, 38
24, 230, 36
27, 240, 42
31, 240, 42
31, 250, 48
31, 260, 47
31, 270, 51
32, 280, 45
32, 290, 48
33, 290, 48
33, 300, 50
33, 310, 47
33, 320, 47
33, 330, 46
34, 340, 46
34, 340, 46
34, 350, 45
35, 360, 46
35, 370, 47
36, 380, 48
37, 390, 48
38, 390, 48
39, 400, 48
39, 410, 51
39, 420, 48
39, 430, 51
39, 440, 47
41, 440, 47
41, 450, 50
41, 460, 53
41, 470, 52
41, 480, 52
42, 490, 50
42, 490, 50
43, 500, 51
43, 510, 54
44, 520, 52
46, 530, 52
46, 540, 56
48, 540, 56
48, 550, 57
48, 560, 58
49, 570, 56
49, 580, 58
49, 590, 56
50, 590, 56
50, 600, 59
51, 610, 58
51, 620, 60
51, 630, 60
51, 640, 60
51, 640, 60
51, 650, 61
51, 660, 58
51, 670, 60
51, 680, 59
51, 690, 59
52, 690, 59
52, 700, 62
52, 710, 59
52, 720, 61
52, 730, 60
52, 740, 60
52, 740, 60
52, 750, 60
52, 760, 59
52, 770, 60
52, 780, 58
52, 790, 59
52, 790, 59
52, 800, 58
52, 810, 59
53, 820, 59
53, 830, 60
53, 840, 61
54, 840, 61
54, 850, 62
54, 860, 62
54, 870, 61
54, 880, 60
54, 890, 61
54, 890, 61
54, 900, 60
54, 910, 59
54, 920, 59
54, 930, 61
54, 940, 63
54, 940, 63
54, 950, 60
54, 960, 60
54, 970, 60
54, 980, 60
54, 990, 61
54, 990, 61
54, 1000, 59
55, 1010, 59
55, 1020, 61
56, 1030, 61
57, 1040, 61
57, 1040, 61
57, 1050, 63
57, 1060, 63
57, 1070, 62
57, 1080, 62
57, 1090, 62
57, 1090, 62
57, 1100, 62
57, 1110, 62
57, 1120, 62
57, 1130, 62
57, 1140, 62
57, 1150, 61
57, 1160, 61
57, 1170, 62
57, 1180, 62
57, 1190, 61
57, 1200, 61
57, 1200, 61
57, 1210, 62
57, 1220, 61
57, 1230, 61
57, 1240, 61
57, 1250, 61
57, 1250, 61
{'count': 1902, 'truepos': 54, 'falseneg': 6, 'correction': 11, 'unknownyes': 2, 'falsepos': 3, 'unique': 1250}
29: Wahono.csv: knee: 0, 0
7, 10
8, 20
10, 30
11, 40
11, 50
16, 60
16, 70
17, 80
20, 90
22, 100
22, 110
25, 120
27, 130
29, 140
29, 150
29, 160
29, 170
31, 180
32, 190
32, 200
34, 210
35, 220
36, 230
38, 240
38, 250
38, 260
38, 270
38, 280
40, 290
41, 300
42, 310
42, 320
42, 330
42, 340
42, 350
42, 360
42, 370
43, 380
43, 390
43, 400
43, 410
43, 420
43, 430
43, 440
43, 450
43, 460
44, 470
44, 480
44, 490
44, 500
44, 510
{'count': 718, 'truepos': 45, 'falseneg': 7, 'correction': 5, 'unknownyes': 10, 'falsepos': 3, 'unique': 510}
29: Danijel.csv: none: 0, 0
1, 10
1, 20, 123
2, 30, 117
4, 40, 77
8, 50, 67
8, 60, 73
8, 70, 59
8, 80, 49
8, 90, 47
8, 100, 46
8, 110, 46
9, 120, 46
9, 130, 50
10, 140, 48
12, 150, 50
15, 160, 53
18, 170, 55
20, 180, 56
20, 190, 37
20, 200, 34
20, 210, 33
21, 220, 32
21, 230, 32
22, 240, 34
22, 250, 31
23, 260, 35
23, 270, 37
23, 280, 33
24, 290, 32
24, 300, 35
25, 310, 33
25, 320, 36
25, 330, 33
26, 340, 34
26, 350, 34
26, 360, 35
26, 370, 34
26, 380, 34
26, 390, 35
26, 400, 34
27, 410, 33
27, 420, 37
27, 430, 37
27, 440, 36
27, 450, 35
27, 460, 37
28, 470, 34
29, 480, 37
29, 490, 40
29, 500, 38
29, 510, 39
30, 520, 36
30, 530, 37
30, 540, 36
30, 550, 36
30, 560, 39
30, 570, 37
30, 580, 36
30, 590, 36
30, 600, 35
30, 610, 35
30, 620, 35
30, 630, 37
30, 640, 36
30, 650, 35
30, 660, 36
30, 670, 36
31, 680, 34
31, 690, 36
31, 700, 35
31, 710, 36
31, 720, 35
31, 730, 35
31, 740, 35
31, 750, 35
32, 760, 35
32, 770, 37
32, 780, 36
32, 790, 35
32, 800, 35
32, 810, 36
32, 820, 35
32, 830, 36
33, 840, 35
33, 850, 36
33, 860, 36
33, 870, 37
33, 880, 36
33, 890, 35
33, 900, 36
33, 910, 37
33, 920, 35
33, 930, 36
33, 940, 35
33, 950, 36
33, 960, 36
33, 970, 36
33, 980, 36
33, 990, 35
33, 1000, 36
33, 1010, 35
33, 1020, 35
34, 1030, 35
34, 1040, 37
34, 1050, 37
35, 1060, 36
35, 1070, 37
35, 1080, 37
35, 1090, 38
35, 1100, 37
35, 1110, 37
35, 1120, 37
35, 1130, 37
35, 1140, 37
35, 1150, 37
35, 1160, 37
35, 1170, 37
35, 1180, 37
35, 1190, 37
35, 1200, 37
35, 1210, 37
{'count': 1210, 'truepos': 32, 'falseneg': 14, 'correction': 0, 'unknownyes': 2, 'falsepos': 3, 'unique': 1210}
29: Danijel.csv: three: 0, 0
3, 10
5, 20, 100
5, 30, 89
6, 40, 76
6, 50, 56
6, 60, 44
8, 70, 43
10, 80, 49
11, 90, 49
12, 100, 45
14, 110, 44
17, 120, 44
18, 130, 49
20, 140, 46
21, 150, 35
22, 160, 37
23, 170, 39
24, 180, 36
25, 190, 38
25, 200, 42
25, 210, 38
26, 220, 37
27, 230, 39
27, 240, 40
27, 250, 38
27, 260, 41
28, 270, 39
28, 280, 39
29, 290, 37
30, 300, 38
30, 310, 38
31, 320, 38
32, 330, 39
32, 340, 42
32, 350, 41
32, 360, 43
32, 370, 43
32, 380, 41
32, 390, 40
32, 400, 40
32, 410, 39
32, 420, 41
32, 430, 41
34, 440, 39
34, 450, 41
34, 460, 41
35, 470, 40
35, 480, 43
35, 490, 43
35, 500, 41
35, 510, 41
35, 520, 41
35, 530, 42
35, 540, 42
35, 550, 40
35, 560, 43
35, 570, 41
35, 580, 41
36, 590, 40
36, 600, 43
36, 610, 43
36, 620, 44
36, 630, 42
36, 640, 42
36, 650, 41
36, 660, 41
36, 670, 41
36, 680, 42
36, 690, 40
36, 700, 40
36, 710, 41
36, 720, 40
36, 730, 40
36, 740, 40
36, 750, 40
36, 760, 40
36, 770, 40
36, 780, 39
36, 790, 39
36, 800, 40
36, 810, 40
36, 820, 39
36, 830, 39
36, 840, 39
36, 850, 39
36, 860, 39
36, 870, 39
36, 880, 39
36, 890, 39
36, 900, 39
36, 910, 39
37, 920, 38
37, 930, 40
37, 940, 39
37, 950, 40
37, 960, 40
37, 970, 39
37, 980, 39
37, 990, 39
37, 1000, 39
37, 1010, 40
37, 1020, 39
37, 1030, 39
37, 1040, 39
37, 1050, 40
37, 1060, 39
37, 1070, 39
37, 1080, 39
37, 1090, 39
37, 1100, 39
37, 1110, 39
37, 1120, 39
37, 1130, 39
37, 1140, 39
37, 1150, 39
37, 1160, 39
37, 1170, 39
37, 1180, 39
37, 1190, 39
37, 1200, 39
37, 1210, 39
37, 1220, 39
37, 1230, 39
37, 1240, 39
37, 1250, 39
37, 1260, 39
38, 1270, 39
{'count': 2566, 'truepos': 38, 'falseneg': 9, 'correction': 22, 'unknownyes': 1, 'falsepos': 0, 'unique': 1270}
29: Danijel.csv: machine: 0, 0
2, 10
3, 20, 104
3, 30, 101
5, 40, 65
7, 50, 74
8, 60, 68
9, 70, 58
10, 80, 53
10, 90, 53
11, 100, 50
11, 110, 50
12, 120, 49
14, 130, 48
16, 140, 50
18, 150, 49
18, 160, 48
18, 170, 47
19, 180, 44
21, 190, 45
21, 200, 35
22, 210, 34
22, 220, 34
23, 230, 33
23, 240, 34
31, 240, 34
31, 250, 41
32, 260, 41
32, 270, 42
33, 280, 41
33, 290, 45
35, 290, 45
36, 300, 44
36, 310, 48
36, 320, 45
36, 330, 44
36, 340, 43
37, 340, 43
37, 350, 46
37, 360, 44
37, 370, 44
37, 380, 44
38, 390, 44
38, 390, 44
38, 400, 44
38, 410, 45
38, 420, 44
39, 430, 43
39, 440, 47
39, 440, 47
39, 450, 46
39, 460, 46
39, 470, 44
39, 480, 44
39, 490, 45
40, 490, 45
41, 500, 44
41, 510, 46
42, 520, 45
42, 530, 47
42, 540, 47
43, 540, 47
43, 550, 49
43, 560, 50
43, 570, 47
43, 580, 48
43, 590, 48
43, 590, 48
43, 600, 47
43, 610, 48
43, 620, 48
43, 630, 48
43, 640, 46
43, 640, 46
43, 650, 48
43, 660, 47
43, 670, 46
43, 680, 47
44, 690, 47
44, 690, 47
44, 700, 48
44, 710, 47
44, 720, 47
44, 730, 47
44, 740, 47
44, 740, 47
44, 750, 47
44, 760, 47
44, 770, 47
44, 780, 47
44, 790, 47
44, 790, 47
44, 800, 47
44, 810, 47
44, 820, 47
{'count': 1259, 'truepos': 44, 'falseneg': 1, 'correction': 13, 'unknownyes': 3, 'falsepos': 0, 'unique': 820}
29: Danijel.csv: knee: 0, 0
3, 10
5, 20
7, 30
7, 40
9, 50
11, 60
11, 70
12, 80
14, 90
16, 100
18, 110
18, 120
18, 130
20, 140
22, 150
22, 160
22, 170
23, 180
23, 190
23, 200
23, 210
25, 220
25, 230
25, 240
26, 250
26, 260
26, 270
27, 280
27, 290
27, 300
28, 310
28, 320
28, 330
29, 340
29, 350
29, 360
30, 370
30, 380
30, 390
30, 400
31, 410
31, 420
32, 430
32, 440
32, 450
32, 460
32, 470
32, 480
32, 490
32, 500
32, 510
32, 520
32, 530
33, 540
33, 550
33, 560
33, 570
33, 580
33, 590
33, 600
33, 610
33, 620
33, 630
33, 640
33, 650
{'count': 789, 'truepos': 36, 'falseneg': 8, 'correction': 8, 'unknownyes': 4, 'falsepos': 0, 'unique': 650}
29: K_all3.csv: none: 0, 0
2, 10
3, 20, 71
4, 30, 60
6, 40, 46
6, 50, 50
7, 60, 41
7, 70, 39
8, 80, 37
10, 90, 38
11, 100, 40
11, 110, 39
12, 120, 38
13, 130, 38
13, 140, 38
14, 150, 37
15, 160, 37
16, 170, 37
17, 180, 38
17, 190, 39
17, 200, 39
18, 210, 38
21, 220, 39
21, 230, 35
22, 240, 33
22, 250, 34
22, 260, 32
22, 270, 33
22, 280, 28
23, 290, 31
23, 300, 28
23, 310, 28
25, 320, 29
25, 330, 32
26, 340, 31
27, 350, 32
27, 360, 31
27, 370, 31
28, 380, 34
28, 390, 34
29, 400, 33
29, 410, 34
29, 420, 33
29, 430, 33
30, 440, 32
30, 450, 33
31, 460, 32
31, 470, 33
32, 480, 33
32, 490, 34
32, 500, 34
32, 510, 34
{'count': 510, 'truepos': 30, 'falseneg': 10, 'correction': 0, 'unknownyes': 5, 'falsepos': 2, 'unique': 510}
29: K_all3.csv: three: 0, 0
2, 10
4, 20, 71
4, 30, 60
5, 40, 47
6, 50, 42
9, 60, 38
11, 70, 41
13, 80, 42
15, 90, 45
16, 100, 44
17, 110, 43
17, 120, 44
18, 130, 41
19, 140, 42
20, 150, 42
20, 160, 29
21, 170, 29
21, 180, 31
21, 190, 28
21, 200, 29
22, 210, 30
22, 220, 29
23, 230, 30
24, 240, 30
25, 250, 30
26, 260, 34
26, 270, 32
26, 280, 34
27, 290, 30
27, 300, 31
27, 310, 32
27, 320, 31
27, 330, 31
28, 340, 30
28, 350, 31
28, 360, 32
28, 370, 31
28, 380, 32
28, 390, 31
28, 400, 30
28, 410, 30
29, 420, 30
29, 430, 32
29, 440, 33
30, 450, 31
30, 460, 32
30, 470, 32
30, 480, 32
30, 490, 32
30, 500, 32
30, 510, 32
30, 520, 32
30, 530, 32
30, 540, 32
30, 550, 32
{'count': 1127, 'truepos': 30, 'falseneg': 11, 'correction': 26, 'unknownyes': 4, 'falsepos': 0, 'unique': 550}
29: K_all3.csv: machine: 0, 0
0, 10
3, 20
4, 30, 71
5, 40, 66
5, 50, 57
6, 60, 48
7, 70, 46
7, 70, 46
9, 80, 45
9, 90, 45
10, 100, 43
10, 110, 41
11, 120, 40
10, 120, 40
12, 130, 40
15, 140, 42
16, 150, 44
19, 160, 43
20, 170, 45
23, 170, 45
25, 180, 36
25, 190, 35
25, 200, 38
25, 210, 35
25, 220, 32
26, 220, 32
28, 230, 34
28, 240, 35
29, 250, 37
29, 260, 36
29, 270, 38
29, 270, 38
31, 280, 35
31, 290, 38
31, 300, 36
31, 310, 38
31, 320, 37
31, 320, 37
31, 330, 36
31, 340, 35
32, 350, 35
32, 360, 35
33, 370, 35
34, 370, 35
34, 380, 38
34, 390, 38
34, 400, 37
34, 410, 36
35, 420, 37
35, 420, 37
36, 430, 38
36, 440, 38
36, 450, 39
37, 460, 38
38, 470, 39
{'count': 748, 'truepos': 35, 'falseneg': 6, 'correction': 5, 'unknownyes': 4, 'falsepos': 3, 'unique': 470}
29: K_all3.csv: knee: 0, 0
2, 10
5, 20
6, 30
8, 40
9, 50
11, 60
12, 70
14, 80
16, 90
16, 100
17, 110
18, 120
18, 130
18, 140
19, 150
20, 160
20, 170
21, 180
21, 190
21, 200
23, 210
25, 220
25, 230
25, 240
25, 250
26, 260
26, 270
26, 280
26, 290
26, 300
26, 310
27, 320
27, 330
27, 340
27, 350
28, 360
29, 370
30, 380
32, 390
32, 400
32, 410
32, 420
32, 430
33, 440
33, 450
34, 460
34, 470
34, 480
34, 490
34, 500
34, 510
34, 520
35, 530
36, 540
36, 550
36, 560
37, 570
37, 580
37, 590
37, 600
37, 610
37, 620
37, 630
37, 640
37, 650
37, 660
37, 670
37, 680
37, 690
37, 700
37, 710
37, 720
37, 730
39, 740
39, 750
39, 760
39, 770
39, 780
40, 790
40, 800
40, 810
40, 820
40, 830
40, 840
40, 850
40, 860
40, 870
40, 880
40, 890
41, 900
41, 910
41, 920
41, 930
41, 940
41, 950
41, 960
41, 970
41, 980
41, 990
41, 1000
41, 1010
41, 1020
41, 1030
42, 1040
42, 1050
42, 1060
42, 1070
42, 1080
42, 1090
42, 1100
42, 1110
42, 1120
42, 1130
42, 1140
42, 1150
43, 1160
43, 1170
43, 1180
44, 1190
44, 1200
44, 1210
44, 1220
44, 1230
44, 1240
44, 1250
44, 1260
44, 1270
44, 1280
44, 1290
44, 1300
44, 1310
44, 1320
44, 1330
44, 1340
45, 1350
45, 1360
45, 1370
45, 1380
45, 1390
45, 1400
46, 1410
46, 1420
46, 1430
46, 1440
46, 1450
46, 1460
46, 1470
46, 1480
46, 1490
{'count': 1862, 'truepos': 37, 'falseneg': 8, 'correction': 17, 'unknownyes': 0, 'falsepos': 9, 'unique': 1490}

------------------------------------------------------------
Sender: LSF System <lsfadmin@n2c3-6>
Subject: Job 629698: </share/tjmenzie/zyu9/miniconda2/bin/python2.7 runner.py error_hpcc 29> in cluster <henry2> Done

Job </share/tjmenzie/zyu9/miniconda2/bin/python2.7 runner.py error_hpcc 29> was submitted from host <login01.hpc.ncsu.edu> by user <zyu9> in cluster <henry2> at Wed Jan 31 09:58:22 2018.
Job was executed on host(s) <2*n2c3-6>, in queue <single_chassis>, as user <zyu9> in cluster <henry2> at Wed Jan 31 09:58:27 2018.
</home/zyu9> was used as the home directory.
</home/zyu9/projects/MAR_HPC/Error/src> was used as the working directory.
Started at Wed Jan 31 09:58:27 2018.
Terminated at Wed Jan 31 11:20:49 2018.
Results reported at Wed Jan 31 11:20:49 2018.

Your job looked like:

------------------------------------------------------------
# LSBATCH: User input
/share/tjmenzie/zyu9/miniconda2/bin/python2.7 runner.py error_hpcc 29
------------------------------------------------------------

Successfully completed.

Resource usage summary:

    CPU time :                                   4510.57 sec.
    Max Memory :                                 291.76 MB
    Average Memory :                             236.99 MB
    Total Requested Memory :                     -
    Delta Memory :                               -
    Max Swap :                                   1317 MB
    Max Processes :                              3
    Max Threads :                                8
    Run time :                                   4944 sec.
    Turnaround time :                            4947 sec.

The output (if any) is above this job summary.



PS:

Read file <./err/29.err.629698> for stderr output of this job.

