3: Hall.csv: none: 0, 0
9, 10
11, 20, 134
14, 30, 132
23, 40, 94
24, 50, 106
30, 60, 90
34, 70, 70
37, 80, 79
41, 90, 78
43, 100, 86
48, 110, 82
55, 120, 92
57, 130, 108
57, 140, 113
60, 150, 108
63, 160, 101
68, 170, 96
74, 180, 96
81, 190, 94
85, 200, 111
87, 210, 120
89, 220, 117
95, 230, 113
98, 240, 120
101, 250, 124
104, 260, 123
106, 270, 128
107, 280, 131
107, 290, 133
109, 300, 126
110, 310, 129
112, 320, 130
113, 330, 143
116, 340, 139
116, 350, 143
118, 360, 150
119, 370, 145
119, 380, 155
119, 390, 145
119, 400, 141
121, 410, 149
124, 420, 144
124, 430, 145
124, 440, 146
125, 450, 156
125, 460, 152
126, 470, 148
126, 480, 151
129, 490, 146
130, 500, 149
130, 510, 153
131, 520, 152
132, 530, 157
133, 540, 153
134, 550, 163
134, 560, 160
135, 570, 163
135, 580, 165
137, 590, 162
140, 600, 158
140, 610, 161
140, 620, 166
141, 630, 165
141, 640, 161
143, 650, 161
143, 660, 164
143, 670, 165
144, 680, 164
145, 690, 160
147, 700, 165
147, 710, 166
147, 720, 169
147, 730, 170
147, 740, 161
147, 750, 159
147, 760, 164
149, 770, 161
151, 780, 166
152, 790, 168
152, 800, 170
152, 810, 168
152, 820, 166
155, 830, 169
156, 840, 171
156, 850, 170
158, 860, 172
159, 870, 175
159, 880, 176
160, 890, 175
160, 900, 177
161, 910, 176
163, 920, 179
163, 930, 184
164, 940, 185
165, 950, 182
167, 960, 182
167, 970, 187
167, 980, 192
167, 990, 186
168, 1000, 186
170, 1010, 188
170, 1020, 188
170, 1030, 190
172, 1040, 190
172, 1050, 191
174, 1060, 192
174, 1070, 191
174, 1080, 190
175, 1090, 191
175, 1100, 193
175, 1110, 191
175, 1120, 192
175, 1130, 190
175, 1140, 191
175, 1150, 191
175, 1160, 191
176, 1170, 191
179, 1180, 192
180, 1190, 198
180, 1200, 200
183, 1210, 197
183, 1220, 200
184, 1230, 203
186, 1240, 202
187, 1250, 204
188, 1260, 206
188, 1270, 209
189, 1280, 205
190, 1290, 209
190, 1300, 209
191, 1310, 208
193, 1320, 212
195, 1330, 212
196, 1340, 216
196, 1350, 217
197, 1360, 215
198, 1370, 219
200, 1380, 223
202, 1390, 229
202, 1400, 236
203, 1410, 233
205, 1420, 229
205, 1430, 236
205, 1440, 232
207, 1450, 230
210, 1460, 231
211, 1470, 244
212, 1480, 240
212, 1490, 240
213, 1500, 237
213, 1510, 240
214, 1520, 240
219, 1530, 238
223, 1540, 249
225, 1550, 258
226, 1560, 260
228, 1570, 255
230, 1580, 263
231, 1590, 264
231, 1600, 263
231, 1610, 264
232, 1620, 265
233, 1630, 264
233, 1640, 268
235, 1650, 260
235, 1660, 262
236, 1670, 259
236, 1680, 265
238, 1690, 265
239, 1700, 266
239, 1710, 267
240, 1720, 264
240, 1730, 268
242, 1740, 264
244, 1750, 270
244, 1760, 272
244, 1770, 270
245, 1780, 267
245, 1790, 269
246, 1800, 270
247, 1810, 267
249, 1820, 267
250, 1830, 268
250, 1840, 272
251, 1850, 270
251, 1860, 271
253, 1870, 274
254, 1880, 279
254, 1890, 278
257, 1900, 277
258, 1910, 280
258, 1920, 279
260, 1930, 283
261, 1940, 285
261, 1950, 284
263, 1960, 283
265, 1970, 293
266, 1980, 295
266, 1990, 296
267, 2000, 293
268, 2010, 296
270, 2020, 294
271, 2030, 296
271, 2040, 295
273, 2050, 294
275, 2060, 298
275, 2070, 303
276, 2080, 303
277, 2090, 299
278, 2100, 307
278, 2110, 305
278, 2120, 305
278, 2130, 301
278, 2140, 303
278, 2150, 305
278, 2160, 307
280, 2170, 304
281, 2180, 301
282, 2190, 303
284, 2200, 306
287, 2210, 305
288, 2220, 311
288, 2230, 310
291, 2240, 311
293, 2250, 315
295, 2260, 321
295, 2270, 324
295, 2280, 323
297, 2290, 319
299, 2300, 325
299, 2310, 325
300, 2320, 326
300, 2330, 327
300, 2340, 328
300, 2350, 326
300, 2360, 322
302, 2370, 324
303, 2380, 323
305, 2390, 325
306, 2400, 327
308, 2410, 327
312, 2420, 329
313, 2430, 335
314, 2440, 337
318, 2450, 338
318, 2460, 346
320, 2470, 342
320, 2480, 346
321, 2490, 347
322, 2500, 345
322, 2510, 351
323, 2520, 350
324, 2530, 353
326, 2540, 349
326, 2550, 354
327, 2560, 357
327, 2570, 355
330, 2580, 355
332, 2590, 358
334, 2600, 364
335, 2610, 369
337, 2620, 368
339, 2630, 364
339, 2640, 368
339, 2650, 367
339, 2660, 370
340, 2670, 371
340, 2680, 371
341, 2690, 365
344, 2700, 369
346, 2710, 375
346, 2720, 374
347, 2730, 376
348, 2740, 377
348, 2750, 378
348, 2760, 376
348, 2770, 379
348, 2780, 375
348, 2790, 376
348, 2800, 373
348, 2810, 373
350, 2820, 374
352, 2830, 376
352, 2840, 379
352, 2850, 379
352, 2860, 378
354, 2870, 378
355, 2880, 381
357, 2890, 384
357, 2900, 380
358, 2910, 383
359, 2920, 385
360, 2930, 388
361, 2940, 389
362, 2950, 386
365, 2960, 389
365, 2970, 392
367, 2980, 391
368, 2990, 393
369, 3000, 394
369, 3010, 397
370, 3020, 394
374, 3030, 395
375, 3040, 397
378, 3050, 398
379, 3060, 405
379, 3070, 402
379, 3080, 404
380, 3090, 402
381, 3100, 403
382, 3110, 404
{'count': 3110, 'truepos': 99, 'falseneg': 6, 'unknownyes': 1, 'falsepos': 283, 'unique': 3110}
3: Hall.csv: three: 0, 0
8, 10
11, 20, 121
15, 30, 122
21, 40, 99
27, 50, 96
32, 60, 97
36, 70, 86
40, 80, 86
43, 90, 90
45, 100, 94
49, 110, 78
52, 120, 87
59, 130, 87
61, 140, 95
64, 150, 92
70, 160, 87
76, 170, 92
78, 180, 99
81, 190, 97
85, 200, 97
86, 210, 102
91, 220, 102
93, 230, 109
97, 240, 109
99, 250, 118
99, 260, 128
101, 270, 117
101, 280, 117
102, 290, 117
103, 300, 121
105, 310, 118
106, 320, 121
108, 330, 119
108, 340, 122
108, 350, 119
108, 360, 122
108, 370, 120
109, 380, 124
109, 390, 124
109, 400, 121
109, 410, 122
109, 420, 119
109, 430, 120
109, 440, 120
109, 450, 118
110, 460, 118
110, 470, 118
111, 480, 118
111, 490, 119
111, 500, 121
111, 510, 119
112, 520, 119
113, 530, 121
113, 540, 126
113, 550, 123
113, 560, 122
113, 570, 121
113, 580, 122
114, 590, 121
115, 600, 123
115, 610, 123
115, 620, 124
115, 630, 124
115, 640, 123
{'count': 1397, 'truepos': 100, 'falseneg': 2, 'unknownyes': 4, 'falsepos': 15, 'unique': 640}
3: Hall.csv: machine: 0, 0
7, 10
10, 20, 109
17, 30, 107
22, 40, 104
28, 50, 97
33, 60, 99
['yes' 'yes' 'yes' 'no' 'yes' 'no' 'yes' 'yes' 'yes' 'yes']
['no' 'no' 'no' 'no' 'no' 'no' 'no' 'no' 'no' 'yes']
33, 60, 99
39, 70, 74
44, 80, 80
47, 90, 93
51, 100, 83
55, 110, 88
['yes' 'yes' 'yes' 'yes' 'yes' 'yes' 'yes' 'yes' 'no' 'yes']
['no' 'no' 'no' 'no' 'no' 'no' 'no' 'no' 'no' 'yes']
58, 110, 88
60, 120, 101
63, 130, 98
64, 140, 107
66, 150, 98
70, 160, 96
['yes' 'yes' 'yes' 'no' 'yes' 'yes' 'yes' 'yes' 'no' 'no']
['no' 'no' 'no' 'no' 'no' 'no' 'yes' 'no' 'no' 'no']
67, 160, 96
72, 170, 93
77, 180, 99
79, 190, 103
82, 200, 100
87, 210, 102
['yes' 'no' 'yes' 'yes' 'no' 'yes' 'yes' 'no' 'yes' 'yes']
['no' 'yes' 'yes' 'no' 'no' 'no' 'no' 'no' 'no' 'no']
88, 210, 102
90, 220, 109
92, 230, 113
94, 240, 110
101, 250, 108
103, 260, 118
['yes' 'no' 'yes' 'no' 'no' 'no' 'no' 'no' 'yes' 'no']
['no' 'no' 'yes' 'no' 'yes' 'no' 'no' 'no' 'yes' 'no']
99, 260, 118
99, 270, 115
100, 280, 109
101, 290, 109
103, 300, 110
104, 310, 113
['yes' 'yes' 'yes' 'yes' 'no' 'yes' 'no' 'yes' 'no' 'no']
['yes' 'no' 'yes' 'no' 'no' 'no' 'no' 'yes' 'no' 'no']
103, 310, 113
106, 320, 110
109, 330, 120
111, 340, 125
111, 350, 129
111, 360, 126
['no' 'no' 'no' 'no' 'no' 'no' 'yes' 'yes' 'yes' 'yes']
['no' 'no' 'no' 'no' 'no' 'no' 'no' 'no' 'no' 'no']
107, 360, 126
109, 370, 121
110, 380, 129
110, 390, 128
110, 400, 122
111, 410, 119
['no' 'no' 'no' 'no' 'no' 'yes' 'yes' 'no' 'yes' 'no']
['yes' 'no' 'no' 'no' 'no' 'no' 'no' 'no' 'no' 'no']
108, 410, 119
109, 420, 118
110, 430, 117
110, 440, 118
111, 450, 117
112, 460, 120
['yes' 'no' 'no' 'yes' 'yes' 'yes' 'no' 'yes' 'yes' 'yes']
['yes' 'no' 'no' 'no' 'no' 'no' 'no' 'no' 'no' 'no']
110, 460, 120
111, 470, 116
112, 480, 118
114, 490, 119
115, 500, 123
117, 510, 127
['no' 'no' 'yes' 'no' 'no' 'yes' 'yes' 'yes' 'yes' 'yes']
['no' 'no' 'no' 'no' 'no' 'no' 'no' 'no' 'no' 'no']
112, 510, 127
113, 520, 118
115, 530, 121
117, 540, 125
118, 550, 128
118, 560, 129
['no' 'no' 'no' 'no' 'no' 'no' 'yes' 'no' 'no' 'no']
['no' 'no' 'yes' 'no' 'no' 'no' 'no' 'no' 'no' 'no']
114, 560, 129
117, 570, 121
118, 580, 127
118, 590, 127
119, 600, 127
121, 610, 128
['no' 'no' 'no' 'no' 'no' 'yes' 'no' 'yes' 'no' 'no']
['no' 'no' 'no' 'no' 'no' 'no' 'no' 'no' 'no' 'no']
116, 610, 128
117, 620, 126
119, 630, 126
122, 640, 127
122, 650, 135
122, 660, 134
['no' 'no' 'no' 'no' 'no' 'no' 'yes' 'no' 'no' 'no']
['no' 'no' 'no' 'no' 'no' 'no' 'no' 'no' 'no' 'no']
114, 660, 134
['no' 'yes' 'no' 'no' 'no' 'yes' 'no' 'yes' 'no' 'no']
['no' 'no' 'no' 'no' 'no' 'yes' 'no' 'no' 'no' 'no']
{'count': 940, 'truepos': 91, 'falseneg': 9, 'unknownyes': 6, 'falsepos': 18, 'unique': 660}
3: Hall.csv: machine2: 0, 0
9, 10
13, 20, 139
17, 30, 150
21, 40, 107
26, 50, 100
32, 60, 101
['yes' 'no' 'yes' 'no' 'yes' 'yes' 'yes' 'yes' 'yes' 'yes']
['yes' 'no' 'no' 'no' 'no' 'no' 'no' 'no' 'no' 'no']
33, 60, 101
37, 70, 88
43, 80, 88
48, 90, 94
50, 100, 98
51, 110, 92
['yes' 'yes' 'no' 'no' 'yes' 'yes' 'no' 'yes' 'no' 'yes']
['no' 'no' 'no' 'no' 'no' 'no' 'no' 'no' 'no' 'no']
48, 110, 92
50, 120, 81
55, 130, 77
59, 140, 80
62, 150, 83
66, 160, 84
['yes' 'no' 'yes' 'yes' 'yes' 'yes' 'yes' 'yes' 'yes' 'yes']
['no' 'no' 'no' 'no' 'yes' 'no' 'no' 'yes' 'no' 'no']
69, 160, 84
72, 170, 89
80, 180, 89
85, 190, 98
87, 200, 101
93, 210, 100
['yes' 'no' 'no' 'yes' 'yes' 'yes' 'no' 'yes' 'yes' 'no']
['yes' 'no' 'no' 'no' 'no' 'no' 'no' 'yes' 'no' 'no']
91, 210, 100
95, 220, 107
98, 230, 111
103, 240, 111
104, 250, 120
105, 260, 126
['yes' 'yes' 'yes' 'yes' 'no' 'yes' 'no' 'no' 'yes' 'yes']
['no' 'no' 'no' 'no' 'no' 'no' 'no' 'no' 'no' 'no']
104, 260, 126
105, 270, 118
108, 280, 118
109, 290, 119
111, 300, 125
111, 310, 119
['yes' 'no' 'no' 'yes' 'no' 'no' 'no' 'yes' 'no' 'no']
['no' 'no' 'no' 'no' 'no' 'yes' 'no' 'no' 'no' 'yes']
107, 310, 119
109, 320, 117
110, 330, 120
111, 340, 119
113, 350, 120
116, 360, 122
['no' 'no' 'no' 'no' 'yes' 'no' 'yes' 'yes' 'no' 'yes']
['no' 'no' 'no' 'no' 'no' 'no' 'no' 'no' 'no' 'no']
['no' 'no' 'no' 'no' 'no' 'yes' 'no' 'yes' 'yes' 'yes']
['no' 'no' 'no' 'no' 'no' 'no' 'no' 'no' 'yes' 'no']
{'count': 528, 'truepos': 91, 'falseneg': 5, 'unknownyes': 10, 'falsepos': 23, 'unique': 360}
3: Hall.csv: machine3: 0, 0
6, 10
7, 20, 104
9, 30, 98
12, 40, 99
17, 50, 92
22, 60, 94
null
['no']
22, 60, 94
26, 70, 90
31, 80, 90
36, 90, 66
42, 100, 71
44, 110, 81
null
['no' 'no' 'yes' 'no' 'no' 'no' 'no' 'yes' 'no' 'no']
46, 110, 81
49, 120, 72
51, 130, 76
53, 140, 76
56, 150, 76
60, 160, 78
null
['yes' 'no' 'no' 'no' 'no' 'no' 'no' 'no' 'no' 'no']
60, 160, 78
63, 170, 83
65, 180, 84
71, 190, 85
75, 200, 90
77, 210, 93
null
['no' 'yes' 'no' 'no' 'no' 'no' 'no' 'no' 'no' 'no']
78, 210, 93
80, 220, 96
81, 230, 93
81, 240, 95
82, 250, 95
84, 260, 94
null
['no' 'no' 'yes' 'no' 'yes' 'yes' 'no' 'no' 'no' 'no']
87, 260, 94
89, 270, 99
90, 280, 104
90, 290, 103
92, 300, 101
92, 310, 103
null
['no' 'yes' 'no' 'no' 'no' 'no' 'no' 'no' 'no' 'no']
93, 310, 103
94, 320, 103
96, 330, 104
96, 340, 104
96, 350, 106
96, 360, 107
null
['no' 'no' 'no' 'no' 'no' 'no' 'no' 'no' 'no' 'no']
96, 360, 107
97, 370, 105
98, 380, 106
98, 390, 110
99, 400, 107
99, 410, 109
null
['no' 'no' 'no' 'no' 'no' 'no' 'no' 'no' 'no' 'no']
99, 410, 109
99, 420, 108
100, 430, 107
100, 440, 109
100, 450, 108
100, 460, 107
null
['no' 'no' 'no' 'no' 'no' 'no' 'no' 'no' 'no' 'no']
100, 460, 107
100, 470, 106
100, 480, 108
100, 490, 106
101, 500, 106
101, 510, 109
null
['no' 'no' 'no' 'no' 'no' 'no' 'no' 'no' 'no' 'no']
101, 510, 109
101, 520, 110
101, 530, 108
103, 540, 107
103, 550, 110
103, 560, 109
null
['no' 'no' 'no' 'no' 'no' 'no' 'no' 'no' 'no' 'no']
104, 560, 109
104, 570, 110
105, 580, 110
null
['no' 'no' 'no' 'no' 'no' 'no' 'no' 'no' 'no' 'no']
{'count': 913, 'truepos': 96, 'falseneg': 6, 'unknownyes': 4, 'falsepos': 9, 'unique': 580}
3: Wahono.csv: none: 0, 0
6, 10
6, 20, 99
8, 30, 99
10, 40, 93
16, 50, 90
19, 60, 86
21, 70, 87
26, 80, 76
28, 90, 75
33, 100, 72
36, 110, 70
38, 120, 72
38, 130, 74
39, 140, 63
40, 150, 64
41, 160, 63
44, 170, 64
47, 180, 71
49, 190, 75
52, 200, 78
53, 210, 84
54, 220, 80
55, 230, 86
56, 240, 84
57, 250, 90
58, 260, 93
59, 270, 87
59, 280, 85
62, 290, 80
62, 300, 88
62, 310, 83
63, 320, 82
66, 330, 86
68, 340, 86
69, 350, 87
69, 360, 91
72, 370, 93
73, 380, 95
74, 390, 101
74, 400, 94
75, 410, 100
76, 420, 103
79, 430, 102
81, 440, 107
81, 450, 114
82, 460, 110
84, 470, 116
84, 480, 108
86, 490, 125
89, 500, 111
90, 510, 125
91, 520, 115
92, 530, 113
93, 540, 112
94, 550, 116
94, 560, 117
95, 570, 115
96, 580, 116
97, 590, 116
97, 600, 121
97, 610, 117
100, 620, 118
102, 630, 127
104, 640, 137
106, 650, 126
108, 660, 132
109, 670, 134
111, 680, 132
113, 690, 137
115, 700, 141
117, 710, 146
118, 720, 146
118, 730, 148
119, 740, 141
119, 750, 146
120, 760, 148
120, 770, 144
121, 780, 142
121, 790, 138
123, 800, 147
123, 810, 154
126, 820, 151
128, 830, 159
129, 840, 167
131, 850, 158
133, 860, 164
133, 870, 163
134, 880, 160
135, 890, 167
136, 900, 158
137, 910, 166
138, 920, 173
141, 930, 161
142, 940, 181
142, 950, 183
143, 960, 175
143, 970, 182
146, 980, 183
147, 990, 172
147, 1000, 178
149, 1010, 175
149, 1020, 184
152, 1030, 180
152, 1040, 185
152, 1050, 187
152, 1060, 189
152, 1070, 183
153, 1080, 195
153, 1090, 180
155, 1100, 185
156, 1110, 192
156, 1120, 190
159, 1130, 183
159, 1140, 194
161, 1150, 190
161, 1160, 190
162, 1170, 195
163, 1180, 191
164, 1190, 196
164, 1200, 199
165, 1210, 196
166, 1220, 192
167, 1230, 194
171, 1240, 195
171, 1250, 199
171, 1260, 201
173, 1270, 203
174, 1280, 204
176, 1290, 202
177, 1300, 206
178, 1310, 204
178, 1320, 208
179, 1330, 208
181, 1340, 209
182, 1350, 212
182, 1360, 211
184, 1370, 209
186, 1380, 217
188, 1390, 218
190, 1400, 217
190, 1410, 218
191, 1420, 219
191, 1430, 223
193, 1440, 216
194, 1450, 223
194, 1460, 222
194, 1470, 220
196, 1480, 219
197, 1490, 221
197, 1500, 223
198, 1510, 224
199, 1520, 223
200, 1530, 224
202, 1540, 225
203, 1550, 226
203, 1560, 227
204, 1570, 223
204, 1580, 227
204, 1590, 228
205, 1600, 226
205, 1610, 226
205, 1620, 226
205, 1630, 228
205, 1640, 227
205, 1650, 230
207, 1660, 225
208, 1670, 230
209, 1680, 230
212, 1690, 230
214, 1700, 237
215, 1710, 239
216, 1720, 240
217, 1730, 240
219, 1740, 241
221, 1750, 241
222, 1760, 246
222, 1770, 245
223, 1780, 245
223, 1790, 247
224, 1800, 243
224, 1810, 244
225, 1820, 244
225, 1830, 246
226, 1840, 245
228, 1850, 246
230, 1860, 247
231, 1870, 252
232, 1880, 254
232, 1890, 253
234, 1900, 258
236, 1910, 258
236, 1920, 260
237, 1930, 262
237, 1940, 260
238, 1950, 260
238, 1960, 261
241, 1970, 261
241, 1980, 263
243, 1990, 265
244, 2000, 265
244, 2010, 269
246, 2020, 268
249, 2030, 270
250, 2040, 274
253, 2050, 271
254, 2060, 277
257, 2070, 281
258, 2080, 280
258, 2090, 282
259, 2100, 284
261, 2110, 288
262, 2120, 288
263, 2130, 285
263, 2140, 287
264, 2150, 284
264, 2160, 287
264, 2170, 287
264, 2180, 289
264, 2190, 285
266, 2200, 284
268, 2210, 287
268, 2220, 291
269, 2230, 289
270, 2240, 289
270, 2250, 294
271, 2260, 290
272, 2270, 294
273, 2280, 292
276, 2290, 294
278, 2300, 300
278, 2310, 305
281, 2320, 303
281, 2330, 307
284, 2340, 307
284, 2350, 308
284, 2360, 310
284, 2370, 306
285, 2380, 307
285, 2390, 306
286, 2400, 309
287, 2410, 311
288, 2420, 311
289, 2430, 311
290, 2440, 314
294, 2450, 313
296, 2460, 318
296, 2470, 321
296, 2480, 321
298, 2490, 322
299, 2500, 325
299, 2510, 329
299, 2520, 326
301, 2530, 325
303, 2540, 329
305, 2550, 331
306, 2560, 334
308, 2570, 333
308, 2580, 340
308, 2590, 337
309, 2600, 337
311, 2610, 339
312, 2620, 338
313, 2630, 339
315, 2640, 340
317, 2650, 340
320, 2660, 342
323, 2670, 348
326, 2680, 352
326, 2690, 357
328, 2700, 354
329, 2710, 357
330, 2720, 361
332, 2730, 359
333, 2740, 361
335, 2750, 363
336, 2760, 367
337, 2770, 365
337, 2780, 369
337, 2790, 367
337, 2800, 367
337, 2810, 366
337, 2820, 365
339, 2830, 364
340, 2840, 366
340, 2850, 371
342, 2860, 370
343, 2870, 372
345, 2880, 370
345, 2890, 375
346, 2900, 373
347, 2910, 375
347, 2920, 378
347, 2930, 372
347, 2940, 376
347, 2950, 372
349, 2960, 371
349, 2970, 375
351, 2980, 374
352, 2990, 379
352, 3000, 376
352, 3010, 379
352, 3020, 375
353, 3030, 378
353, 3040, 375
354, 3050, 377
356, 3060, 378
356, 3070, 380
356, 3080, 379
358, 3090, 380
359, 3100, 380
360, 3110, 381
360, 3120, 383
362, 3130, 383
365, 3140, 384
367, 3150, 390
368, 3160, 388
368, 3170, 389
368, 3180, 390
368, 3190, 390
368, 3200, 389
{'count': 3200, 'truepos': 52, 'falseneg': 7, 'unknownyes': 3, 'falsepos': 316, 'unique': 3200}
3: Wahono.csv: three: 0, 0
6, 10
8, 20, 102
10, 30, 102
13, 40, 111
16, 50, 93
19, 60, 85
21, 70, 79
22, 80, 83
23, 90, 77
23, 100, 64
23, 110, 53
23, 120, 52
25, 130, 48
26, 140, 52
29, 150, 51
32, 160, 53
36, 170, 59
37, 180, 67
39, 190, 66
40, 200, 60
41, 210, 66
42, 220, 69
42, 230, 73
42, 240, 66
42, 250, 66
45, 260, 60
46, 270, 67
47, 280, 77
47, 290, 74
49, 300, 64
49, 310, 71
49, 320, 71
50, 330, 68
51, 340, 65
52, 350, 69
53, 360, 70
54, 370, 66
54, 380, 70
54, 390, 68
56, 400, 67
57, 410, 81
57, 420, 75
57, 430, 72
57, 440, 71
57, 450, 72
58, 460, 72
59, 470, 74
60, 480, 74
60, 490, 80
60, 500, 79
60, 510, 79
60, 520, 75
61, 530, 71
61, 540, 76
62, 550, 73
63, 560, 74
64, 570, 74
64, 580, 75
64, 590, 74
65, 600, 77
66, 610, 77
66, 620, 82
67, 630, 79
69, 640, 81
70, 650, 87
70, 660, 82
70, 670, 84
70, 680, 81
71, 690, 86
72, 700, 83
73, 710, 83
73, 720, 85
74, 730, 83
74, 740, 88
74, 750, 84
75, 760, 85
75, 770, 88
75, 780, 86
75, 790, 90
76, 800, 88
76, 810, 86
76, 820, 86
76, 830, 84
77, 840, 89
77, 850, 89
78, 860, 90
78, 870, 94
78, 880, 90
79, 890, 88
79, 900, 90
79, 910, 94
79, 920, 92
79, 930, 90
79, 940, 88
79, 950, 93
80, 960, 89
80, 970, 92
81, 980, 89
81, 990, 94
82, 1000, 93
83, 1010, 93
85, 1020, 92
85, 1030, 95
85, 1040, 96
85, 1050, 95
85, 1060, 95
85, 1070, 99
85, 1080, 94
86, 1090, 93
86, 1100, 95
86, 1110, 97
86, 1120, 94
86, 1130, 96
86, 1140, 95
87, 1150, 96
88, 1160, 97
88, 1170, 98
89, 1180, 97
89, 1190, 100
89, 1200, 97
89, 1210, 99
89, 1220, 99
90, 1230, 100
92, 1240, 100
93, 1250, 104
93, 1260, 107
94, 1270, 108
94, 1280, 111
94, 1290, 104
94, 1300, 105
94, 1310, 106
94, 1320, 105
94, 1330, 107
95, 1340, 105
96, 1350, 107
96, 1360, 108
96, 1370, 109
96, 1380, 106
97, 1390, 109
97, 1400, 106
97, 1410, 106
98, 1420, 109
98, 1430, 111
98, 1440, 109
98, 1450, 108
98, 1460, 108
98, 1470, 108
99, 1480, 108
99, 1490, 112
99, 1500, 110
99, 1510, 112
101, 1520, 110
101, 1530, 114
101, 1540, 112
101, 1550, 112
101, 1560, 112
101, 1570, 110
102, 1580, 111
103, 1590, 113
103, 1600, 115
103, 1610, 113
103, 1620, 114
103, 1630, 113
103, 1640, 113
103, 1650, 113
103, 1660, 115
103, 1670, 113
104, 1680, 111
105, 1690, 112
106, 1700, 113
106, 1710, 112
106, 1720, 113
107, 1730, 113
107, 1740, 115
107, 1750, 115
108, 1760, 114
108, 1770, 117
108, 1780, 116
108, 1790, 115
108, 1800, 115
109, 1810, 114
109, 1820, 115
110, 1830, 116
112, 1840, 119
112, 1850, 119
112, 1860, 118
113, 1870, 120
114, 1880, 120
115, 1890, 121
115, 1900, 123
115, 1910, 122
{'count': 4153, 'truepos': 59, 'falseneg': 0, 'unknownyes': 3, 'falsepos': 56, 'unique': 1910}
3: Wahono.csv: machine: 0, 0
5, 10
7, 20, 94
8, 30, 93
9, 40, 98
15, 50, 69
18, 60, 85
['yes' 'yes' 'no' 'yes' 'yes' 'yes' 'yes' 'yes' 'no' 'yes']
['no']
15, 60, 85
16, 70, 94
16, 80, 74
18, 90, 59
20, 100, 57
24, 110, 59
['yes' 'yes' 'yes' 'yes' 'no' 'yes' 'yes' 'yes' 'yes' 'no']
[]
21, 110, 59
24, 120, 64
28, 130, 65
31, 140, 75
32, 150, 80
35, 160, 64
['no' 'yes' 'yes' 'yes' 'no' 'yes' 'yes' 'no' 'no' 'yes']
['no' 'no' 'no' 'no' 'no' 'no' 'yes' 'no' 'no' 'no']
32, 160, 64
36, 170, 64
39, 180, 71
40, 190, 77
42, 200, 76
43, 210, 75
['no' 'no' 'no' 'no' 'yes' 'no' 'no' 'yes' 'yes' 'yes']
['no' 'yes' 'no' 'no' 'no' 'no' 'no' 'no' 'no' 'no']
40, 210, 75
41, 220, 69
43, 230, 67
45, 240, 74
47, 250, 77
48, 260, 80
['no' 'no' 'no' 'no' 'no' 'yes' 'no' 'no' 'no' 'no']
['no' 'no' 'no' 'no' 'no' 'no' 'no' 'no' 'no' 'no']
42, 260, 80
42, 270, 66
44, 280, 62
45, 290, 69
45, 300, 74
45, 310, 71
['no' 'no' 'no' 'no' 'no' 'yes' 'yes' 'no' 'no' 'yes']
['no' 'no' 'no' 'no' 'no' 'no' 'no' 'no' 'no' 'yes']
43, 310, 71
44, 320, 59
46, 330, 58
46, 340, 60
47, 350, 60
49, 360, 62
['no' 'no' 'no' 'no' 'no' 'no' 'yes' 'no' 'yes' 'no']
['no' 'no' 'no' 'no' 'no' 'no' 'no' 'no' 'no' 'no']
43, 360, 62
44, 370, 56
46, 380, 55
49, 390, 59
51, 400, 65
52, 410, 69
['no' 'no' 'no' 'no' 'no' 'no' 'yes' 'yes' 'no' 'no']
['no' 'no' 'no' 'no' 'no' 'no' 'yes' 'no' 'no' 'no']
47, 410, 69
49, 420, 60
50, 430, 59
50, 440, 60
50, 450, 61
56, 460, 59
['no' 'no' 'no' 'yes' 'no' 'no' 'no' 'yes' 'no' 'no']
['no' 'yes' 'no' 'no' 'no' 'no' 'no' 'no' 'no' 'no']
51, 460, 59
53, 470, 60
57, 480, 65
57, 490, 77
58, 500, 78
59, 510, 75
['yes' 'no' 'no' 'no' 'no' 'no' 'yes' 'yes' 'no' 'yes']
['no' 'no' 'no' 'no' 'no' 'no' 'no' 'no' 'no' 'no']
53, 510, 75
55, 520, 68
55, 530, 70
57, 540, 73
58, 550, 81
58, 560, 79
['no' 'no' 'no' 'no' 'no' 'no' 'no' 'no' 'yes' 'yes']
['no' 'no' 'no' 'no' 'no' 'yes' 'no' 'no' 'no' 'no']
52, 560, 79
55, 570, 62
56, 580, 72
56, 590, 69
56, 600, 71
58, 610, 67
['no' 'no' 'yes' 'no' 'yes' 'no' 'yes' 'yes' 'no' 'no']
['no' 'no' 'no' 'no' 'no' 'no' 'no' 'no' 'no' 'no']
53, 610, 67
57, 620, 63
57, 630, 71
57, 640, 70
57, 650, 69
58, 660, 68
['no' 'no' 'no' 'no' 'no' 'no' 'no']
['no' 'no' 'no' 'no' 'no' 'no' 'no' 'no' 'no' 'no']
52, 660, 68
54, 670, 63
55, 680, 65
57, 690, 65
57, 700, 66
58, 710, 69
['no' 'no' 'no' 'no' 'no' 'yes']
['no' 'no' 'no' 'no' 'no' 'no' 'no' 'no' 'no' 'no']
53, 710, 69
55, 720, 61
58, 730, 65
59, 740, 71
60, 750, 74
61, 760, 73
['no' 'no' 'no' 'no' 'no' 'no' 'no' 'yes']
['no' 'no' 'no' 'no' 'no' 'no' 'no' 'no' 'no' 'no']
54, 760, 73
55, 770, 61
56, 780, 64
60, 790, 65
60, 800, 71
60, 810, 70
['no' 'no' 'no' 'no' 'no' 'no']
['no' 'no' 'no' 'no' 'no' 'no' 'no' 'no' 'no' 'no']
54, 810, 70
55, 820, 62
57, 830, 66
58, 840, 75
58, 850, 67
58, 860, 68
['no' 'no' 'no' 'no']
['no' 'yes' 'no' 'no' 'no' 'no' 'no' 'no' 'no' 'no']
57, 860, 68
58, 870, 64
59, 880, 66
60, 890, 67
60, 900, 67
60, 910, 67
['no' 'no' 'yes' 'no' 'no' 'no']
['no' 'yes' 'no' 'no' 'no' 'no' 'no' 'no' 'no' 'no']
56, 910, 67
59, 920, 62
61, 930, 67
62, 940, 67
64, 950, 70
66, 960, 73
['yes' 'yes' 'no' 'no' 'yes' 'no' 'no' 'no' 'yes' 'no']
['yes' 'no' 'no' 'no' 'no' 'no' 'no' 'no' 'no' 'no']
61, 960, 73
62, 970, 68
62, 980, 68
63, 990, 69
64, 1000, 71
67, 1010, 71
['no' 'no' 'no' 'yes' 'no' 'no']
['yes' 'no' 'no' 'no' 'no' 'no' 'no' 'no' 'no' 'no']
66, 1010, 71
67, 1020, 73
68, 1030, 73
71, 1040, 76
73, 1050, 79
73, 1060, 82
['no' 'no' 'no' 'no' 'no' 'no' 'no' 'no' 'no' 'no']
['no' 'no' 'no' 'no' 'no' 'no' 'no' 'no' 'no' 'no']
65, 1060, 82
66, 1070, 70
66, 1080, 72
66, 1090, 72
67, 1100, 71
67, 1110, 73
['no' 'no' 'no']
['no' 'no' 'no' 'no' 'no' 'no' 'no' 'no' 'no' 'no']
65, 1110, 73
67, 1120, 70
68, 1130, 72
70, 1140, 73
72, 1150, 76
73, 1160, 78
['no' 'no' 'no' 'no' 'no' 'no' 'no' 'no' 'no']
['no' 'no' 'no' 'no' 'no' 'no' 'no' 'no' 'no' 'no']
64, 1160, 78
64, 1170, 68
66, 1180, 69
68, 1190, 72
68, 1200, 75
68, 1210, 75
['no' 'no' 'no' 'no']
['no' 'no' 'no' 'no' 'no' 'no' 'no' 'no' 'no' 'no']
64, 1210, 75
67, 1220, 68
68, 1230, 71
69, 1240, 73
70, 1250, 74
70, 1260, 75
['no' 'no' 'yes' 'no' 'no' 'no']
['no' 'no' 'no' 'no' 'no' 'no' 'no' 'no' 'no' 'no']
64, 1260, 75
64, 1270, 68
67, 1280, 68
67, 1290, 73
67, 1300, 73
67, 1310, 71
['no' 'no' 'yes']
['no' 'no' 'no' 'no' 'no' 'no' 'no' 'no' 'no' 'no']
66, 1310, 71
68, 1320, 70
70, 1330, 73
72, 1340, 76
73, 1350, 78
75, 1360, 80
['no' 'no' 'no' 'no' 'no' 'no' 'no' 'no' 'no' 'no']
['no' 'no' 'no' 'no' 'no' 'no' 'no' 'no' 'no' 'no']
66, 1360, 80
68, 1370, 70
71, 1380, 73
71, 1390, 77
71, 1400, 76
71, 1410, 76
['no' 'no' 'no' 'no' 'no']
['no' 'no' 'no' 'no' 'no' 'no' 'no' 'no' 'no' 'no']
66, 1410, 76
70, 1420, 70
71, 1430, 78
72, 1440, 78
73, 1450, 79
74, 1460, 79
['no' 'no' 'no' 'no' 'no' 'no' 'no' 'no']
['no' 'no' 'no' 'no' 'no' 'yes' 'no' 'no' 'no' 'no']
68, 1460, 79
68, 1470, 73
69, 1480, 72
71, 1490, 74
71, 1500, 76
73, 1510, 76
['no' 'no' 'no' 'no' 'no' 'no']
['no' 'no' 'no' 'no' 'no' 'no' 'no' 'no' 'no' 'no']
['no' 'no' 'no' 'no' 'no' 'no']
['no' 'no' 'no' 'no' 'no' 'no' 'no' 'no' 'no' 'no']
{'count': 2028, 'truepos': 52, 'falseneg': 8, 'unknownyes': 2, 'falsepos': 15, 'unique': 1510}
3: Wahono.csv: machine2: 0, 0
4, 10
8, 20, 91
10, 30, 97
14, 40, 98
16, 50, 91
20, 60, 89
['yes' 'yes' 'yes' 'yes' 'no' 'yes' 'yes' 'yes' 'no' 'yes']
[]
18, 60, 89
21, 70, 93
26, 80, 91
27, 90, 101
30, 100, 95
34, 110, 59
['yes' 'yes' 'no' 'no' 'yes' 'yes' 'yes' 'no' 'no' 'no']
['no' 'no' 'no' 'no' 'no' 'no' 'no' 'no' 'no' 'no']
32, 110, 59
33, 120, 66
36, 130, 64
39, 140, 78
42, 150, 80
44, 160, 84
['yes' 'no' 'yes' 'yes' 'yes' 'yes' 'yes' 'yes' 'no' 'yes']
['no' 'no' 'no' 'no' 'no' 'no' 'no' 'no' 'no' 'no']
42, 160, 84
45, 170, 83
47, 180, 90
47, 190, 97
49, 200, 86
52, 210, 89
['no' 'yes' 'no' 'no' 'no' 'no' 'no' 'no' 'no' 'yes']
['no' 'no' 'no' 'yes' 'no' 'no' 'no' 'no' 'no' 'no']
47, 210, 89
49, 220, 86
51, 230, 85
52, 240, 82
52, 250, 90
55, 260, 83
['yes' 'no' 'no' 'no' 'yes' 'no' 'yes' 'yes' 'yes' 'yes']
['no' 'no' 'no' 'no' 'no' 'no' 'no' 'no' 'no' 'no']
53, 260, 83
54, 270, 79
55, 280, 82
56, 290, 83
58, 300, 85
59, 310, 84
['no' 'no' 'yes' 'yes' 'yes' 'no' 'no' 'no' 'no' 'yes']
['no' 'no' 'no' 'no' 'no' 'no' 'no' 'no' 'no' 'no']
53, 310, 84
55, 320, 72
56, 330, 75
58, 340, 76
58, 350, 86
59, 360, 77
['no' 'no' 'no' 'no' 'no' 'no' 'yes' 'yes' 'no' 'no']
['no' 'no' 'no' 'no' 'no' 'no' 'no' 'no' 'no' 'no']
55, 360, 77
55, 370, 78
57, 380, 76
59, 390, 84
60, 400, 91
60, 410, 96
['no' 'no' 'no' 'no' 'no' 'yes' 'yes' 'yes' 'yes' 'no']
['no' 'no' 'no' 'no' 'no' 'no' 'no' 'no' 'no' 'no']
57, 410, 96
57, 420, 80
59, 430, 76
59, 440, 86
59, 450, 81
62, 460, 79
['no' 'no' 'no' 'no' 'no' 'no' 'no' 'no' 'yes' 'yes']
['no' 'no' 'no' 'no' 'no' 'no' 'no' 'no' 'no' 'no']
56, 460, 79
57, 470, 71
59, 480, 75
61, 490, 76
62, 500, 76
63, 510, 79
['no' 'no' 'no' 'yes' 'yes' 'no' 'no' 'no' 'yes' 'no']
['no' 'no' 'no' 'no' 'no' 'no' 'no' 'no' 'no' 'no']
60, 510, 79
60, 520, 75
63, 530, 73
66, 540, 81
70, 550, 80
73, 560, 86
['no' 'no' 'no' 'yes' 'no' 'no' 'no' 'no' 'no' 'no']
['no' 'no' 'no' 'no' 'yes' 'no' 'no' 'no' 'no' 'no']
67, 560, 86
68, 570, 79
68, 580, 80
69, 590, 80
71, 600, 81
72, 610, 85
['no' 'no' 'no' 'no' 'yes' 'no' 'yes' 'no' 'no' 'no']
['no' 'no' 'no' 'no' 'no' 'no' 'no' 'no' 'no' 'no']
65, 610, 85
65, 620, 76
67, 630, 76
67, 640, 76
67, 650, 77
69, 660, 77
['yes' 'no' 'no' 'yes' 'no' 'yes' 'no' 'no']
['no' 'no' 'no' 'no' 'no' 'no' 'no' 'no' 'no' 'no']
64, 660, 77
66, 670, 75
67, 680, 78
70, 690, 78
74, 700, 81
74, 710, 85
['no' 'no' 'no' 'no' 'no' 'no' 'no' 'no' 'no' 'no']
['no' 'no' 'no' 'no' 'no' 'no' 'no' 'no' 'no' 'yes']
72, 710, 85
73, 720, 84
74, 730, 84
75, 740, 86
77, 750, 86
79, 760, 90
['no' 'no' 'no' 'no' 'yes' 'yes' 'no' 'no' 'no' 'no']
['no' 'no' 'no' 'no' 'no' 'no' 'no' 'no' 'no' 'no']
72, 760, 90
72, 770, 83
73, 780, 81
75, 790, 83
77, 800, 84
77, 810, 89
['no' 'no' 'no' 'no' 'no' 'no']
['no' 'no' 'no' 'no' 'no' 'no' 'no' 'no' 'no' 'no']
73, 810, 89
74, 820, 82
76, 830, 84
78, 840, 85
80, 850, 87
80, 860, 90
['no' 'no' 'no' 'no' 'no' 'no' 'no' 'no' 'no']
['no' 'no' 'no' 'no' 'no' 'no' 'no' 'no' 'no' 'no']
72, 860, 90
72, 870, 79
74, 880, 79
75, 890, 84
76, 900, 82
78, 910, 86
['no' 'no' 'no' 'no' 'no' 'no' 'no']
['no' 'no' 'no' 'no' 'no' 'no' 'no' 'no' 'no' 'no']
72, 910, 86
74, 920, 79
74, 930, 81
75, 940, 82
77, 950, 81
78, 960, 85
['no' 'no' 'no' 'no' 'no' 'no']
['no' 'no' 'no' 'no' 'no' 'no' 'no' 'no' 'no' 'no']
75, 960, 85
75, 970, 80
76, 980, 81
76, 990, 82
78, 1000, 82
79, 1010, 84
['no' 'no' 'no' 'no' 'no' 'no' 'no']
['no' 'no' 'no' 'no' 'no' 'no' 'no' 'no' 'no' 'no']
74, 1010, 84
74, 1020, 80
75, 1030, 80
76, 1040, 81
76, 1050, 82
79, 1060, 82
['no' 'no' 'no' 'yes' 'no' 'no']
['no' 'no' 'no' 'no' 'no' 'no' 'no' 'no' 'no' 'no']
['no' 'no' 'no' 'yes' 'no' 'no']
['no' 'no' 'no' 'no' 'no' 'no' 'no' 'no' 'no' 'no']
{'count': 1563, 'truepos': 53, 'falseneg': 1, 'unknownyes': 8, 'falsepos': 24, 'unique': 1060}
3: Wahono.csv: machine3: 0, 0
5, 10
5, 20, 91
6, 30, 93
11, 40, 74
14, 50, 87
16, 60, 82
null
['no']
16, 60, 82
16, 70, 75
17, 80, 50
18, 90, 49
20, 100, 47
22, 110, 46
null
[]
25, 120, 48
25, 130, 54
27, 140, 49
28, 150, 51
28, 160, 48
29, 170, 46
null
[]
32, 180, 47
35, 190, 56
36, 200, 61
39, 210, 60
42, 220, 67
43, 230, 67
null
['no' 'no' 'no' 'no' 'no' 'no' 'no' 'no' 'no' 'no']
43, 230, 67
44, 240, 71
45, 250, 75
45, 260, 73
46, 270, 71
47, 280, 69
null
['no' 'no' 'no' 'no' 'no' 'no' 'no' 'no' 'no' 'no']
47, 280, 69
48, 290, 72
49, 300, 70
50, 310, 76
50, 320, 75
52, 330, 72
null
['no' 'no' 'no' 'no' 'no' 'no' 'no' 'no' 'yes' 'no']
52, 330, 72
54, 340, 70
55, 350, 74
55, 360, 75
56, 370, 75
56, 380, 74
null
['no' 'no' 'no' 'no' 'no' 'no' 'no' 'no' 'no' 'no']
56, 380, 74
56, 390, 74
56, 400, 74
56, 410, 74
56, 420, 71
58, 430, 70
null
['no' 'no' 'no' 'no' 'no' 'no' 'no' 'no' 'no' 'no']
58, 430, 70
59, 440, 79
59, 450, 76
59, 460, 81
59, 470, 75
59, 480, 77
null
['no' 'no' 'no' 'yes' 'no' 'no' 'no' 'no' 'no' 'no']
60, 480, 77
61, 490, 76
63, 500, 80
63, 510, 82
63, 520, 84
64, 530, 79
null
['no' 'no' 'no' 'no' 'no' 'no' 'no' 'no' 'no' 'no']
64, 530, 79
65, 540, 80
67, 550, 82
67, 560, 87
67, 570, 86
67, 580, 80
null
['no' 'no' 'no' 'no' 'no' 'no' 'no' 'no' 'no' 'no']
67, 580, 80
67, 590, 81
67, 600, 80
68, 610, 78
68, 620, 84
68, 630, 88
null
['no' 'no' 'no' 'no' 'no' 'no' 'no' 'no' 'no' 'no']
68, 630, 88
68, 640, 83
68, 650, 82
68, 660, 81
68, 670, 78
69, 680, 79
null
['no' 'no' 'no' 'no' 'no' 'no' 'no' 'no' 'no' 'no']
69, 680, 79
69, 690, 86
69, 700, 80
69, 710, 82
69, 720, 82
70, 730, 82
null
['no' 'no' 'no' 'no' 'no' 'no' 'no' 'no' 'no' 'no']
70, 730, 82
70, 740, 82
70, 750, 83
70, 760, 82
70, 770, 82
70, 780, 82
null
['no' 'no' 'no' 'no' 'no' 'no' 'no' 'no' 'no' 'no']
70, 780, 82
72, 790, 84
72, 800, 85
72, 810, 85
72, 820, 85
72, 830, 84
null
['no' 'no' 'no' 'no' 'no' 'no' 'no' 'no' 'no' 'no']
72, 830, 84
73, 840, 85
73, 850, 85
74, 860, 86
74, 870, 87
75, 880, 86
null
['no' 'no' 'no' 'no' 'no' 'no' 'no' 'no' 'no' 'no']
75, 880, 86
76, 890, 89
76, 900, 89
76, 910, 89
76, 920, 88
76, 930, 87
null
['no' 'no' 'no' 'no' 'no' 'no' 'no' 'no' 'no' 'no']
76, 930, 87
76, 940, 88
77, 950, 89
77, 960, 89
77, 970, 88
77, 980, 90
null
['no' 'no' 'no' 'no' 'no' 'no' 'no' 'no' 'no' 'no']
77, 980, 90
79, 990, 88
80, 1000, 91
80, 1010, 91
80, 1020, 90
80, 1030, 91
null
['no' 'no' 'no' 'no' 'no' 'no' 'no' 'no' 'no' 'no']
80, 1030, 91
80, 1040, 91
81, 1050, 91
81, 1060, 92
81, 1070, 92
81, 1080, 91
null
['no' 'no' 'no' 'no' 'no' 'no' 'no' 'no' 'no' 'no']
81, 1080, 91
81, 1090, 92
81, 1100, 90
82, 1110, 92
82, 1120, 94
82, 1130, 94
null
['no' 'no' 'no' 'no' 'no' 'no' 'no' 'no' 'no' 'no']
82, 1130, 94
82, 1140, 93
82, 1150, 92
82, 1160, 92
82, 1170, 91
82, 1180, 91
null
['no' 'no' 'no' 'no' 'no' 'no' 'no' 'no' 'no' 'no']
82, 1180, 91
82, 1190, 91
82, 1200, 90
83, 1210, 90
84, 1220, 93
84, 1230, 93
null
['no' 'no' 'no' 'no' 'no' 'no' 'no' 'no' 'no' 'no']
84, 1230, 93
85, 1240, 93
85, 1250, 94
85, 1260, 94
85, 1270, 96
87, 1280, 93
null
['no' 'no' 'no' 'no' 'no' 'no' 'no' 'no' 'no' 'yes']
88, 1280, 93
89, 1290, 97
89, 1300, 99
89, 1310, 100
89, 1320, 97
91, 1330, 98
null
['no' 'no' 'no' 'no' 'no' 'no' 'no' 'no' 'no' 'no']
91, 1330, 98
91, 1340, 101
91, 1350, 99
91, 1360, 102
91, 1370, 100
91, 1380, 100
null
['no' 'no' 'no' 'no' 'no' 'no' 'no' 'no' 'no' 'no']
91, 1380, 100
91, 1390, 99
91, 1400, 99
91, 1410, 101
92, 1420, 101
92, 1430, 100
null
['no' 'no' 'no' 'no' 'no' 'no' 'no' 'no' 'no' 'no']
92, 1430, 100
92, 1440, 100
92, 1450, 99
92, 1460, 100
92, 1470, 99
92, 1480, 99
null
['yes' 'no' 'no' 'no' 'no' 'no' 'no' 'no' 'no' 'no']
92, 1480, 99
92, 1490, 99
92, 1500, 98
92, 1510, 99
92, 1520, 98
92, 1530, 99
null
['no' 'no' 'no' 'no' 'no' 'no' 'no' 'no' 'no' 'no']
92, 1530, 99
94, 1540, 98
94, 1550, 101
94, 1560, 102
94, 1570, 101
94, 1580, 100
null
['no' 'no' 'no' 'no' 'no' 'no' 'no' 'no' 'no' 'no']
94, 1580, 100
94, 1590, 100
94, 1600, 99
94, 1610, 100
95, 1620, 101
95, 1630, 102
null
['no' 'no' 'no' 'no' 'no' 'no' 'no' 'no' 'no' 'no']
95, 1630, 102
95, 1640, 102
95, 1650, 102
95, 1660, 101
95, 1670, 101
96, 1680, 103
null
['no' 'no' 'no' 'no' 'no' 'no' 'no' 'no' 'no' 'no']
96, 1680, 103
96, 1690, 103
97, 1700, 103
97, 1710, 106
98, 1720, 105
98, 1730, 106
null
['no' 'no' 'no' 'no' 'no' 'no' 'no' 'no' 'no' 'no']
98, 1730, 106
98, 1740, 106
98, 1750, 106
98, 1760, 105
98, 1770, 105
98, 1780, 105
null
['no' 'no' 'no' 'no' 'no' 'no' 'no' 'no' 'no' 'no']
98, 1780, 105
98, 1790, 105
98, 1800, 105
99, 1810, 104
99, 1820, 105
99, 1830, 106
null
['no' 'no' 'no' 'no' 'no' 'no' 'no' 'no' 'no' 'no']
99, 1830, 106
101, 1840, 105
null
['no' 'no' 'no' 'no' 'no' 'no' 'no' 'no' 'no' 'no']
{'count': 2641, 'truepos': 56, 'falseneg': 4, 'unknownyes': 2, 'falsepos': 45, 'unique': 1840}
3: Danijel.csv: none: 0, 0
3, 10
3, 20, 117
7, 30, 91
10, 40, 92
12, 50, 88
14, 60, 82
17, 70, 79
22, 80, 77
23, 90, 83
24, 100, 87
25, 110, 80
27, 120, 74
28, 130, 74
28, 140, 72
29, 150, 63
33, 160, 60
36, 170, 57
38, 180, 60
41, 190, 64
43, 200, 64
43, 210, 69
45, 220, 65
49, 230, 65
50, 240, 73
52, 250, 72
54, 260, 73
58, 270, 77
59, 280, 94
62, 290, 94
64, 300, 96
64, 310, 99
65, 320, 95
66, 330, 94
68, 340, 97
68, 350, 101
68, 360, 106
69, 370, 95
69, 380, 99
71, 390, 94
71, 400, 102
72, 410, 91
72, 420, 96
73, 430, 96
73, 440, 102
74, 450, 94
75, 460, 94
78, 470, 96
78, 480, 94
80, 490, 95
82, 500, 99
82, 510, 101
83, 520, 103
83, 530, 101
84, 540, 96
85, 550, 98
85, 560, 104
86, 570, 101
87, 580, 101
88, 590, 101
88, 600, 105
89, 610, 106
90, 620, 109
90, 630, 105
93, 640, 109
93, 650, 110
94, 660, 108
96, 670, 106
98, 680, 116
99, 690, 119
101, 700, 125
101, 710, 122
101, 720, 124
102, 730, 122
103, 740, 119
103, 750, 120
103, 760, 121
104, 770, 122
106, 780, 120
106, 790, 126
107, 800, 124
108, 810, 124
109, 820, 130
109, 830, 130
111, 840, 126
115, 850, 130
116, 860, 138
116, 870, 139
116, 880, 136
119, 890, 138
120, 900, 139
120, 910, 141
123, 920, 140
124, 930, 145
125, 940, 144
127, 950, 145
130, 960, 151
131, 970, 154
134, 980, 159
137, 990, 163
138, 1000, 171
139, 1010, 171
139, 1020, 171
139, 1030, 170
141, 1040, 170
142, 1050, 168
143, 1060, 169
145, 1070, 167
145, 1080, 173
147, 1090, 172
147, 1100, 170
149, 1110, 172
149, 1120, 180
150, 1130, 173
151, 1140, 176
152, 1150, 173
154, 1160, 179
156, 1170, 179
157, 1180, 186
158, 1190, 187
159, 1200, 184
160, 1210, 188
162, 1220, 192
165, 1230, 190
166, 1240, 198
168, 1250, 196
168, 1260, 199
169, 1270, 205
170, 1280, 202
170, 1290, 203
171, 1300, 200
172, 1310, 204
172, 1320, 205
173, 1330, 203
174, 1340, 201
174, 1350, 205
175, 1360, 208
176, 1370, 202
177, 1380, 203
177, 1390, 203
178, 1400, 202
181, 1410, 204
182, 1420, 204
184, 1430, 205
184, 1440, 207
185, 1450, 207
186, 1460, 211
186, 1470, 210
188, 1480, 209
188, 1490, 215
188, 1500, 214
188, 1510, 210
190, 1520, 207
190, 1530, 211
191, 1540, 210
191, 1550, 211
192, 1560, 212
193, 1570, 212
195, 1580, 211
195, 1590, 215
195, 1600, 219
196, 1610, 216
198, 1620, 217
198, 1630, 222
201, 1640, 217
202, 1650, 224
204, 1660, 230
205, 1670, 227
207, 1680, 227
207, 1690, 235
207, 1700, 235
208, 1710, 236
210, 1720, 238
212, 1730, 239
214, 1740, 244
214, 1750, 242
216, 1760, 241
216, 1770, 244
218, 1780, 246
220, 1790, 251
222, 1800, 253
222, 1810, 255
224, 1820, 251
226, 1830, 261
226, 1840, 257
226, 1850, 261
226, 1860, 258
227, 1870, 257
227, 1880, 254
228, 1890, 255
232, 1900, 260
233, 1910, 265
234, 1920, 267
235, 1930, 264
237, 1940, 261
237, 1950, 266
238, 1960, 266
240, 1970, 266
240, 1980, 266
240, 1990, 267
241, 2000, 271
242, 2010, 266
242, 2020, 268
244, 2030, 269
246, 2040, 272
248, 2050, 276
249, 2060, 279
249, 2070, 277
251, 2080, 277
252, 2090, 279
254, 2100, 281
257, 2110, 281
257, 2120, 293
258, 2130, 287
259, 2140, 292
260, 2150, 294
262, 2160, 294
263, 2170, 292
263, 2180, 302
263, 2190, 292
264, 2200, 295
265, 2210, 295
265, 2220, 292
266, 2230, 290
267, 2240, 294
267, 2250, 298
269, 2260, 294
270, 2270, 298
270, 2280, 296
270, 2290, 296
270, 2300, 295
272, 2310, 301
272, 2320, 298
272, 2330, 298
273, 2340, 293
273, 2350, 299
275, 2360, 294
277, 2370, 302
278, 2380, 302
281, 2390, 303
282, 2400, 310
282, 2410, 310
282, 2420, 310
283, 2430, 306
284, 2440, 308
284, 2450, 308
285, 2460, 311
287, 2470, 308
288, 2480, 312
289, 2490, 319
290, 2500, 312
292, 2510, 312
294, 2520, 312
296, 2530, 316
296, 2540, 315
297, 2550, 317
297, 2560, 319
297, 2570, 316
297, 2580, 315
298, 2590, 317
298, 2600, 318
298, 2610, 318
299, 2620, 317
300, 2630, 320
303, 2640, 319
304, 2650, 321
304, 2660, 324
305, 2670, 324
306, 2680, 325
306, 2690, 324
306, 2700, 325
306, 2710, 326
307, 2720, 325
307, 2730, 325
307, 2740, 324
{'count': 2740, 'truepos': 42, 'falseneg': 5, 'unknownyes': 1, 'falsepos': 265, 'unique': 2740}
3: Danijel.csv: three: 0, 0
4, 10
4, 20, 114
6, 30, 95
8, 40, 81
8, 50, 86
12, 60, 58
13, 70, 66
16, 80, 62
20, 90, 62
26, 100, 65
29, 110, 76
30, 120, 74
32, 130, 55
33, 140, 52
33, 150, 58
34, 160, 54
34, 170, 53
34, 180, 50
34, 190, 49
36, 200, 47
37, 210, 55
39, 220, 50
42, 230, 53
44, 240, 56
44, 250, 60
44, 260, 57
46, 270, 57
47, 280, 55
47, 290, 62
49, 300, 56
49, 310, 59
49, 320, 59
49, 330, 58
50, 340, 57
50, 350, 60
50, 360, 60
52, 370, 58
52, 380, 64
52, 390, 60
52, 400, 60
52, 410, 59
52, 420, 62
53, 430, 60
53, 440, 63
53, 450, 61
53, 460, 61
53, 470, 62
53, 480, 61
53, 490, 59
53, 500, 61
53, 510, 61
53, 520, 60
53, 530, 59
53, 540, 60
53, 550, 60
53, 560, 60
54, 570, 60
54, 580, 61
54, 590, 61
55, 600, 60
55, 610, 64
55, 620, 64
58, 630, 62
58, 640, 68
58, 650, 65
59, 660, 67
59, 670, 65
60, 680, 65
60, 690, 66
60, 700, 68
61, 710, 65
61, 720, 66
61, 730, 68
61, 740, 68
61, 750, 65
61, 760, 66
{'count': 1650, 'truepos': 44, 'falseneg': 1, 'unknownyes': 3, 'falsepos': 17, 'unique': 760}
3: Danijel.csv: machine: 0, 0
3, 10
5, 20, 108
10, 30, 96
11, 40, 96
14, 50, 80
16, 60, 79
['no' 'yes' 'no' 'yes' 'yes' 'no' 'no' 'yes' 'yes' 'yes']
[]
12, 60, 79
13, 70, 66
15, 80, 55
21, 90, 46
23, 100, 58
27, 110, 55
['yes' 'yes' 'no' 'yes' 'yes' 'yes' 'yes' 'yes' 'yes' 'yes']
[]
26, 110, 55
26, 120, 62
28, 130, 51
29, 140, 54
32, 150, 51
35, 160, 50
['yes' 'no' 'yes' 'yes' 'yes' 'yes' 'no' 'no' 'yes' 'yes']
['no' 'no' 'no' 'no' 'no' 'no' 'no' 'no' 'no' 'no']
32, 160, 50
33, 170, 49
35, 180, 48
37, 190, 50
39, 200, 55
40, 210, 56
['no' 'yes' 'no' 'yes' 'yes' 'no' 'no' 'no' 'no' 'yes']
['no' 'no' 'no' 'no' 'no' 'no' 'no' 'no' 'no' 'no']
35, 210, 56
37, 220, 48
39, 230, 51
41, 240, 56
42, 250, 58
45, 260, 59
['yes' 'yes' 'yes' 'no' 'yes' 'yes' 'no' 'no' 'no' 'no']
['no' 'yes' 'yes' 'no' 'no' 'no' 'no' 'no' 'no' 'no']
42, 260, 59
45, 270, 53
46, 280, 58
47, 290, 59
47, 300, 56
48, 310, 57
['no' 'no' 'no' 'no' 'yes' 'no' 'yes' 'no' 'no' 'no']
['no' 'no' 'no' 'no' 'no' 'no' 'no' 'no' 'no' 'no']
42, 310, 57
44, 320, 50
46, 330, 51
48, 340, 53
49, 350, 58
51, 360, 57
['no' 'no' 'no' 'no' 'no' 'no' 'no' 'no' 'no' 'no']
['no' 'no' 'no' 'no' 'no' 'no' 'no' 'no' 'no' 'no']
44, 360, 57
45, 370, 51
45, 380, 52
46, 390, 51
47, 400, 50
47, 410, 53
['no' 'no' 'no' 'no' 'no' 'yes' 'yes' 'yes' 'yes' 'no']
['no' 'no' 'no' 'yes' 'no' 'no' 'no' 'no' 'no' 'no']
42, 410, 53
44, 420, 47
44, 430, 51
47, 440, 52
49, 450, 59
50, 460, 64
['no' 'no' 'no' 'no' 'no' 'no' 'no' 'no' 'no']
['no' 'no' 'no' 'no' 'no' 'no' 'no' 'no' 'no' 'no']
43, 460, 64
46, 470, 48
47, 480, 53
47, 490, 54
48, 500, 53
50, 510, 56
['yes' 'no' 'no' 'no' 'yes' 'no' 'no' 'no']
['no' 'no' 'no' 'no' 'no' 'no' 'no' 'no' 'no' 'no']
44, 510, 56
44, 520, 51
46, 530, 49
47, 540, 55
49, 550, 56
50, 560, 60
['no' 'no' 'no' 'no' 'no' 'no']
['no' 'no' 'no' 'no' 'no' 'no' 'no' 'no' 'no' 'no']
46, 560, 60
46, 570, 52
49, 580, 52
50, 590, 56
52, 600, 55
52, 610, 60
['no' 'no' 'no' 'no' 'no' 'no' 'no']
['no' 'no' 'no' 'no' 'no' 'no' 'no' 'no' 'no' 'no']
46, 610, 60
48, 620, 51
50, 630, 52
52, 640, 54
53, 650, 58
54, 660, 61
['no' 'no' 'no' 'no' 'no' 'no' 'no' 'no']
['no' 'no' 'no' 'no' 'no' 'no' 'no' 'no' 'no' 'no']
48, 660, 61
48, 670, 52
48, 680, 51
48, 690, 52
50, 700, 52
50, 710, 54
['no' 'no' 'no' 'no']
['no' 'no' 'no' 'no' 'no' 'no' 'no' 'no' 'no' 'no']
46, 710, 54
49, 720, 49
50, 730, 53
53, 740, 53
54, 750, 57
54, 760, 59
['no' 'no' 'no' 'no' 'no' 'no' 'no' 'yes']
['no' 'no' 'no' 'no' 'no' 'no' 'no' 'no' 'no' 'no']
47, 760, 59
48, 770, 50
49, 780, 51
51, 790, 52
53, 800, 56
54, 810, 58
['no' 'no' 'no' 'no' 'no' 'no' 'no']
['no' 'no' 'no' 'no' 'no' 'no' 'no' 'no' 'no' 'no']
50, 810, 58
52, 820, 53
52, 830, 56
54, 840, 57
55, 850, 60
58, 860, 60
['no' 'no' 'yes' 'no' 'no' 'no' 'no' 'no' 'no']
['no' 'no' 'no' 'no' 'no' 'no' 'no' 'no' 'no' 'no']
['no' 'no' 'no' 'no' 'yes' 'no' 'no' 'no' 'no']
['no' 'no' 'no' 'no' 'no' 'no' 'no' 'no' 'no' 'no']
{'count': 1156, 'truepos': 40, 'falseneg': 4, 'unknownyes': 4, 'falsepos': 11, 'unique': 860}
3: Danijel.csv: machine2: 0, 0
4, 10
6, 20, 129
8, 30, 129
9, 40, 120
13, 50, 103
16, 60, 105
['yes' 'yes' 'yes' 'no' 'yes' 'yes' 'yes' 'yes' 'yes' 'no']
[]
15, 60, 105
19, 70, 84
23, 80, 81
25, 90, 83
26, 100, 80
28, 110, 69
['no' 'yes' 'no' 'yes' 'yes' 'yes' 'yes' 'no' 'yes' 'yes']
[]
25, 110, 69
26, 120, 93
26, 130, 70
28, 140, 58
32, 150, 59
37, 160, 52
['no' 'yes' 'yes' 'yes' 'yes' 'no' 'yes' 'no' 'yes' 'yes']
['no' 'no' 'no' 'no' 'no' 'no' 'no' 'no' 'no' 'no']
35, 160, 52
37, 170, 62
42, 180, 58
43, 190, 68
45, 200, 68
45, 210, 73
['no' 'no' 'yes' 'yes' 'no' 'no' 'no' 'no' 'yes' 'no']
['no' 'no' 'no' 'no' 'no' 'no' 'no' 'no' 'no' 'no']
38, 210, 73
41, 220, 54
41, 230, 64
44, 240, 61
47, 250, 70
48, 260, 77
['no' 'no' 'yes' 'yes' 'no' 'yes' 'yes' 'no' 'no' 'no']
['no' 'no' 'yes' 'no' 'no' 'no' 'yes' 'no' 'no' 'no']
44, 260, 77
45, 270, 62
47, 280, 63
47, 290, 71
48, 300, 62
49, 310, 67
['yes' 'no' 'no' 'yes' 'no' 'yes' 'no' 'no' 'yes' 'yes']
['no' 'no' 'no' 'no' 'no' 'no' 'no' 'no' 'no' 'no']
44, 310, 67
45, 320, 55
46, 330, 57
46, 340, 59
47, 350, 57
47, 360, 62
['no' 'no' 'yes' 'no' 'no' 'no' 'no' 'yes' 'yes' 'yes']
['no' 'no' 'no' 'no' 'no' 'no' 'no' 'no' 'no' 'no']
47, 360, 62
49, 370, 53
49, 380, 57
50, 390, 57
50, 400, 58
54, 410, 56
['no' 'no' 'no' 'no' 'yes' 'no' 'yes' 'no' 'no' 'no']
['no' 'no' 'no' 'no' 'no' 'no' 'no' 'no' 'no' 'no']
['no' 'yes' 'no' 'no' 'no' 'yes' 'no' 'no' 'no' 'no']
['no' 'no' 'no' 'no' 'no' 'no' 'no' 'no' 'no' 'no']
{'count': 589, 'truepos': 41, 'falseneg': 1, 'unknownyes': 6, 'falsepos': 8, 'unique': 410}
3: Danijel.csv: machine3: 0, 0
3, 10
4, 20, 123
4, 30, 106
5, 40, 72
6, 50, 58
6, 60, 59
null
[]
9, 70, 47
12, 80, 61
15, 90, 60
17, 100, 62
19, 110, 57
20, 120, 59
null
[]
21, 130, 54
23, 140, 52
24, 150, 55
25, 160, 49
25, 170, 49
26, 180, 46
null
[]
27, 190, 46
28, 200, 45
30, 210, 45
32, 220, 47
33, 230, 49
33, 240, 49
null
['yes' 'no' 'no' 'no' 'no' 'no' 'no' 'no' 'yes' 'no']
34, 240, 49
36, 250, 48
36, 260, 51
38, 270, 51
38, 280, 51
39, 290, 51
null
['no' 'yes' 'no' 'no' 'no' 'no' 'no' 'no' 'no' 'no']
40, 290, 51
40, 300, 55
40, 310, 51
40, 320, 52
40, 330, 50
40, 340, 51
null
['no' 'no' 'no' 'no' 'no' 'no' 'no' 'no' 'no' 'no']
40, 340, 51
40, 350, 49
41, 360, 49
42, 370, 51
42, 380, 50
42, 390, 52
null
['no' 'no' 'no' 'no' 'no' 'no' 'no' 'no' 'no' 'no']
42, 390, 52
42, 400, 51
42, 410, 50
43, 420, 48
43, 430, 51
44, 440, 50
null
['no' 'no' 'no' 'no' 'no' 'no' 'no' 'no' 'no' 'no']
44, 440, 50
44, 450, 51
44, 460, 51
44, 470, 51
44, 480, 51
45, 490, 51
null
['no' 'no' 'no' 'no' 'no' 'no' 'no' 'no' 'no' 'no']
45, 490, 51
46, 500, 52
48, 510, 52
49, 520, 56
49, 530, 57
49, 540, 57
null
['no' 'no' 'no' 'no' 'no' 'no' 'no' 'no' 'no' 'no']
49, 540, 57
49, 550, 58
50, 560, 57
51, 570, 59
51, 580, 59
51, 590, 63
null
['no' 'no' 'no' 'no' 'no' 'no' 'no' 'no' 'no' 'no']
51, 590, 63
51, 600, 59
51, 610, 59
51, 620, 59
51, 630, 58
51, 640, 60
null
['no' 'no' 'no' 'no' 'no' 'no' 'no' 'no' 'no' 'no']
51, 640, 60
51, 650, 58
53, 660, 62
53, 670, 63
53, 680, 64
53, 690, 61
null
['no' 'no' 'no' 'no' 'no' 'no' 'no' 'no' 'no' 'no']
53, 690, 61
53, 700, 62
53, 710, 60
53, 720, 61
53, 730, 59
54, 740, 62
null
['no' 'no' 'no' 'no' 'no' 'no' 'no' 'no' 'no' 'no']
54, 740, 62
54, 750, 60
54, 760, 65
54, 770, 62
54, 780, 66
54, 790, 66
null
['no' 'no' 'no' 'no' 'no' 'no' 'no' 'no' 'no' 'no']
54, 790, 66
54, 800, 61
54, 810, 59
55, 820, 61
55, 830, 61
55, 840, 60
null
['no' 'no' 'no' 'no' 'no' 'no' 'no' 'no' 'no' 'no']
55, 840, 60
55, 850, 60
55, 860, 60
56, 870, 59
56, 880, 61
56, 890, 60
null
['no' 'no' 'no' 'no' 'no' 'no' 'no' 'no' 'no' 'no']
56, 890, 60
57, 900, 60
57, 910, 62
57, 920, 61
57, 930, 63
null
['no' 'no' 'no' 'no' 'no' 'no' 'no' 'no' 'no' 'no']
{'count': 1306, 'truepos': 40, 'falseneg': 5, 'unknownyes': 3, 'falsepos': 17, 'unique': 930}
3: K_all3.csv: none: 0, 0
1, 10
3, 20, 92
6, 30, 73
10, 40, 68
11, 50, 70
12, 60, 62
15, 70, 57
16, 80, 57
19, 90, 52
21, 100, 54
22, 110, 56
24, 120, 50
25, 130, 49
28, 140, 45
29, 150, 49
31, 160, 48
33, 170, 43
33, 180, 43
34, 190, 44
34, 200, 43
34, 210, 41
35, 220, 40
37, 230, 42
37, 240, 43
39, 250, 42
40, 260, 46
42, 270, 47
45, 280, 48
46, 290, 52
47, 300, 55
48, 310, 53
53, 320, 54
55, 330, 62
56, 340, 64
56, 350, 63
58, 360, 62
59, 370, 65
59, 380, 66
61, 390, 65
62, 400, 69
62, 410, 67
62, 420, 68
63, 430, 67
63, 440, 68
65, 450, 69
67, 460, 70
70, 470, 72
71, 480, 76
72, 490, 77
74, 500, 78
77, 510, 79
79, 520, 83
80, 530, 85
81, 540, 86
81, 550, 86
82, 560, 86
83, 570, 87
{'count': 570, 'truepos': 29, 'falseneg': 5, 'unknownyes': 11, 'falsepos': 54, 'unique': 570}
3: K_all3.csv: three: 0, 0
1, 10
2, 20, 94
2, 30, 62
6, 40, 54
11, 50, 52
12, 60, 67
16, 70, 58
21, 80, 60
22, 90, 68
23, 100, 63
23, 110, 57
23, 120, 51
24, 130, 47
26, 140, 48
27, 150, 51
28, 160, 51
28, 170, 51
28, 180, 49
29, 190, 47
29, 200, 48
30, 210, 47
32, 220, 41
32, 230, 48
33, 240, 43
34, 250, 43
34, 260, 41
34, 270, 42
36, 280, 41
37, 290, 42
37, 300, 47
37, 310, 46
37, 320, 44
38, 330, 43
38, 340, 47
38, 350, 44
38, 360, 42
39, 370, 43
39, 380, 45
41, 390, 42
41, 400, 44
41, 410, 44
41, 420, 44
41, 430, 46
42, 440, 44
44, 450, 45
{'count': 968, 'truepos': 32, 'falseneg': 2, 'unknownyes': 11, 'falsepos': 12, 'unique': 450}
3: K_all3.csv: machine: 0, 0
1, 10
2, 20, 90
3, 30, 65
5, 40, 61
5, 50, 61
5, 60, 53
['no' 'no' 'no' 'no' 'no']
['no']
1, 60, 53
2, 70, 61
4, 80, 62
6, 90, 58
9, 100, 56
10, 110, 61
['no' 'no' 'yes' 'yes' 'no' 'no' 'yes' 'yes' 'yes']
['no']
6, 110, 61
7, 120, 54
11, 130, 49
14, 140, 53
17, 150, 56
20, 160, 59
['no' 'yes' 'no' 'no' 'no' 'no' 'yes' 'yes' 'yes' 'no']
['yes']
15, 160, 59
16, 170, 54
18, 180, 52
21, 190, 52
22, 200, 54
25, 210, 51
['no' 'no' 'no' 'no' 'no' 'yes' 'no' 'no' 'no' 'no']
['no']
17, 210, 51
18, 220, 50
20, 230, 48
23, 240, 50
23, 250, 51
24, 260, 49
['no' 'yes' 'no' 'no' 'no' 'yes' 'no' 'no' 'yes' 'no']
[]
16, 260, 49
17, 270, 45
18, 280, 45
19, 290, 46
19, 300, 45
21, 310, 44
['no' 'no' 'no' 'no' 'yes' 'yes' 'yes']
['no' 'no']
17, 310, 44
17, 320, 41
18, 330, 41
19, 340, 41
20, 350, 42
23, 360, 43
['yes' 'no' 'yes' 'yes' 'no' 'no']
['no']
22, 360, 43
22, 370, 45
23, 380, 44
24, 390, 44
27, 400, 45
28, 410, 47
['no' 'no' 'no' 'yes' 'no' 'no']
[]
24, 410, 47
25, 420, 44
26, 430, 45
29, 440, 45
29, 450, 48
30, 460, 47
['no' 'no' 'yes' 'no' 'no' 'no']
['no' 'no' 'no' 'no' 'no' 'no' 'no' 'no' 'yes' 'no']
28, 460, 47
28, 470, 45
30, 480, 45
33, 490, 37
36, 500, 44
36, 510, 47
['no' 'no' 'yes' 'no' 'no' 'no' 'no' 'no' 'yes']
['no' 'no' 'no' 'no' 'no' 'no' 'no' 'no' 'no' 'no']
30, 510, 47
31, 520, 35
33, 530, 36
35, 540, 40
36, 550, 44
38, 560, 44
['no' 'no' 'no' 'no' 'no' 'no' 'no' 'yes' 'no']
['no' 'no' 'no' 'no' 'no' 'no' 'no' 'no' 'no' 'no']
32, 560, 44
34, 570, 37
35, 580, 40
35, 590, 40
36, 600, 41
39, 610, 41
['no' 'no' 'yes' 'no' 'no' 'yes' 'no']
['no' 'no' 'no' 'no' 'no' 'no' 'no' 'no' 'no' 'no']
['no' 'no' 'no' 'yes' 'no' 'yes' 'no']
['no' 'no' 'no' 'yes' 'no' 'no' 'no' 'no' 'no' 'no']
{'count': 751, 'truepos': 23, 'falseneg': 9, 'unknownyes': 13, 'falsepos': 13, 'unique': 610}
3: K_all3.csv: machine2: 0, 0
2, 10
4, 20, 72
4, 30, 66
4, 40, 55
7, 50, 43
12, 60, 50
['yes' 'yes' 'no' 'yes' 'yes' 'yes' 'yes' 'yes' 'yes' 'no']
['no']
10, 60, 50
13, 70, 64
14, 80, 62
14, 90, 60
16, 100, 51
18, 110, 53
['no' 'no' 'yes' 'no' 'yes' 'no' 'yes' 'yes' 'yes' 'yes']
[]
15, 110, 53
16, 120, 46
19, 130, 45
21, 140, 49
25, 150, 47
27, 160, 52
['no' 'no' 'yes' 'yes' 'no' 'yes' 'yes' 'yes' 'no' 'no']
[]
22, 160, 52
22, 170, 47
23, 180, 44
23, 190, 45
24, 200, 44
25, 210, 45
['no' 'yes' 'no' 'yes' 'yes']
['no' 'no']
25, 210, 45
27, 220, 45
29, 230, 47
30, 240, 48
31, 250, 38
32, 260, 39
['no' 'no' 'no' 'no' 'no' 'no' 'no' 'no']
['no' 'no' 'no' 'no' 'no' 'no' 'no' 'no' 'no' 'yes']
27, 260, 39
28, 270, 46
33, 280, 46
36, 290, 39
36, 300, 49
37, 310, 45
['no' 'no' 'yes' 'yes' 'yes' 'yes' 'yes' 'no' 'yes' 'no']
['no' 'no' 'no' 'no' 'no' 'no' 'no' 'no' 'no' 'no']
35, 310, 45
36, 320, 43
37, 330, 45
38, 340, 46
40, 350, 47
40, 360, 51
['no' 'no' 'no' 'no' 'no' 'no' 'yes']
['no' 'no' 'no' 'no' 'no' 'no' 'no' 'no' 'no' 'no']
38, 360, 51
39, 370, 44
41, 380, 43
42, 390, 47
43, 400, 47
44, 410, 48
['no' 'no' 'no' 'no' 'no' 'yes' 'no' 'no' 'no']
['no' 'no' 'yes' 'no' 'no' 'no' 'no' 'no' 'no' 'no']
40, 410, 48
41, 420, 44
['no' 'yes' 'yes' 'no']
['no' 'no' 'no' 'no' 'no' 'no' 'no' 'no' 'no' 'no']
{'count': 582, 'truepos': 31, 'falseneg': 2, 'unknownyes': 12, 'falsepos': 10, 'unique': 420}
3: K_all3.csv: machine3: 0, 0
1, 10
2, 20, 92
2, 30, 62
3, 40, 55
4, 50, 49
4, 60, 46
null
[]
6, 70, 42
8, 80, 49
10, 90, 48
12, 100, 48
13, 110, 46
16, 120, 45
null
['no' 'no']
16, 120, 45
20, 130, 51
20, 140, 53
21, 150, 47
24, 160, 46
25, 170, 48
null
[]
27, 180, 49
27, 190, 49
27, 200, 47
28, 210, 46
28, 220, 47
28, 230, 46
null
[]
28, 240, 46
28, 250, 45
28, 260, 45
30, 270, 45
31, 280, 38
31, 290, 39
null
['no' 'no' 'no' 'no' 'no' 'yes' 'no' 'no' 'no' 'no']
32, 290, 39
32, 300, 40
33, 310, 41
33, 320, 43
33, 330, 39
33, 340, 38
null
['no' 'no' 'no' 'no' 'no' 'no' 'no' 'no' 'no' 'no']
33, 340, 38
33, 350, 37
33, 360, 38
35, 370, 36
36, 380, 39
37, 390, 39
null
['no' 'no' 'no' 'no' 'no' 'no' 'no' 'no' 'no' 'no']
38, 390, 39
38, 400, 43
39, 410, 42
40, 420, 43
41, 430, 44
42, 440, 44
null
['no' 'no' 'no' 'no' 'no' 'no' 'no' 'no' 'no' 'no']
null
['no' 'no' 'no' 'no' 'no' 'no' 'no' 'no' 'no' 'no']
{'count': 579, 'truepos': 36, 'falseneg': 1, 'unknownyes': 8, 'falsepos': 6, 'unique': 440}

------------------------------------------------------------
Sender: LSF System <lsfadmin@n2a1-5>
Subject: Job 267537: </share/tjmenzie/zyu9/miniconda2/bin/python2.7 runner.py error_hpcc 3> Done

Job </share/tjmenzie/zyu9/miniconda2/bin/python2.7 runner.py error_hpcc 3> was submitted from host <login01.hpc.ncsu.edu> by user <zyu9> in cluster <henry2>.
Job was executed on host(s) <2*n2a1-5>, in queue <single_chassis>, as user <zyu9> in cluster <henry2>.
</home/zyu9> was used as the home directory.
</home/zyu9/projects/MAR_HPC/Error/src> was used as the working directory.
Started at Wed Oct 18 09:16:20 2017
Results reported at Wed Oct 18 14:25:49 2017

Your job looked like:

------------------------------------------------------------
# LSBATCH: User input
/share/tjmenzie/zyu9/miniconda2/bin/python2.7 runner.py error_hpcc 3
------------------------------------------------------------

Successfully completed.

Resource usage summary:

    CPU time   :  20768.96 sec.
    Max Memory :       183 MB
    Max Swap   :      1201 MB

    Max Processes  :         3
    Max Threads    :         8

The output (if any) is above this job summary.



PS:

Read file <./err/3.err.267537> for stderr output of this job.

