30: Hall.csv: none: 0, 0
8, 10
10, 20, 124
13, 30, 121
15, 40, 124
17, 50, 120
24, 60, 121
25, 70, 124
25, 80, 122
28, 90, 119
31, 100, 111
37, 110, 102
45, 120, 100
52, 130, 107
56, 140, 106
60, 150, 102
61, 160, 113
63, 170, 108
66, 180, 97
71, 190, 100
73, 200, 111
78, 210, 97
82, 220, 94
84, 230, 96
88, 240, 98
92, 250, 103
96, 260, 108
97, 270, 114
97, 280, 113
98, 290, 111
99, 300, 110
101, 310, 111
101, 320, 112
101, 330, 114
101, 340, 115
101, 350, 112
101, 360, 111
101, 370, 111
101, 380, 112
101, 390, 112
101, 400, 111
101, 410, 110
101, 420, 108
102, 430, 107
102, 440, 109
102, 450, 109
102, 460, 108
102, 470, 108
102, 480, 112
102, 490, 110
102, 500, 110
102, 510, 109
102, 520, 108
102, 530, 108
102, 540, 108
{'count': 540, 'truepos': 102, 'falseneg': 0, 'unknownyes': 4, 'falsepos': 0, 'unique': 540}
30: Hall.csv: three: 0, 0
8, 10
9, 20, 124
11, 30, 115
14, 40, 115
18, 50, 118
18, 60, 129
22, 70, 106
26, 80, 105
30, 90, 110
36, 100, 88
40, 110, 91
47, 120, 90
52, 130, 95
55, 140, 101
62, 150, 99
66, 160, 102
70, 170, 101
76, 180, 99
77, 190, 110
80, 200, 105
84, 210, 104
89, 220, 103
92, 230, 105
94, 240, 112
95, 250, 113
97, 260, 111
98, 270, 112
98, 280, 116
99, 290, 116
100, 300, 112
101, 310, 116
101, 320, 113
101, 330, 116
101, 340, 118
101, 350, 116
101, 360, 116
101, 370, 111
101, 380, 113
102, 390, 111
102, 400, 110
102, 410, 112
102, 420, 112
102, 430, 111
102, 440, 109
102, 450, 109
102, 460, 111
102, 470, 108
{'count': 940, 'truepos': 102, 'falseneg': 0, 'unknownyes': 4, 'falsepos': 0, 'unique': 470}
30: Hall.csv: machine: 0, 0
8, 10
10, 20, 125
14, 30, 124
18, 40, 128
21, 50, 134
22, 60, 137
25, 70, 134
27, 80, 144
30, 90, 156
35, 100, 111
42, 110, 109
48, 120, 117
53, 130, 117
57, 140, 118
63, 150, 110
65, 160, 114
71, 170, 105
74, 180, 103
79, 190, 100
83, 200, 101
85, 210, 109
89, 220, 104
93, 230, 107
94, 240, 117
94, 250, 110
95, 260, 108
96, 270, 108
97, 280, 109
98, 290, 113
98, 300, 113
98, 310, 112
98, 320, 110
98, 330, 108
99, 340, 107
99, 350, 107
99, 360, 108
100, 370, 107
100, 380, 107
100, 390, 108
101, 400, 109
102, 410, 112
102, 420, 110
102, 430, 111
102, 440, 110
102, 450, 110
102, 460, 109
102, 470, 108
102, 480, 108
102, 490, 110
{'count': 500, 'truepos': 102, 'falseneg': 0, 'unknownyes': 4, 'falsepos': 0, 'unique': 500}
30: Hall.csv: machine2: 0, 0
8, 10
10, 20, 124
14, 30, 122
15, 40, 127
16, 50, 124
16, 60, 126
19, 70, 101
22, 80, 95
25, 90, 113
30, 100, 126
35, 110, 96
43, 120, 97
52, 130, 97
58, 140, 110
64, 150, 109
67, 160, 113
69, 170, 108
71, 180, 100
74, 190, 104
78, 200, 109
83, 210, 104
87, 220, 107
88, 230, 113
90, 240, 103
92, 250, 109
94, 260, 110
95, 270, 110
97, 280, 109
97, 290, 112
99, 300, 115
100, 310, 111
101, 320, 111
101, 330, 113
101, 340, 114
101, 350, 114
101, 360, 112
101, 370, 110
101, 380, 109
101, 390, 109
101, 400, 109
101, 410, 110
101, 420, 110
101, 430, 108
101, 440, 108
{'count': 450, 'truepos': 101, 'falseneg': 0, 'unknownyes': 5, 'falsepos': 0, 'unique': 450}
30: Hall.csv: machine3: 0, 0
8, 10
9, 20, 125
11, 30, 117
13, 40, 110
14, 50, 109
16, 60, 107
19, 70, 112
25, 80, 105
28, 90, 111
30, 100, 112
37, 110, 86
41, 120, 87
48, 130, 89
52, 140, 95
58, 150, 95
63, 160, 108
69, 170, 102
74, 180, 108
77, 190, 112
80, 200, 104
83, 210, 103
87, 220, 103
91, 230, 105
92, 240, 116
94, 250, 113
95, 260, 114
96, 270, 111
96, 280, 110
98, 290, 110
99, 300, 111
99, 310, 112
99, 320, 115
99, 330, 112
99, 340, 110
100, 350, 110
100, 360, 108
100, 370, 109
101, 380, 110
101, 390, 108
101, 400, 112
101, 410, 110
101, 420, 107
101, 430, 107
101, 440, 109
101, 450, 109
101, 460, 109
{'count': 572, 'truepos': 102, 'falseneg': 0, 'unknownyes': 4, 'falsepos': 0, 'unique': 470}
30: Wahono.csv: none: 0, 0
6, 10
8, 20, 102
8, 30, 109
10, 40, 93
11, 50, 83
12, 60, 67
17, 70, 62
18, 80, 76
19, 90, 66
20, 100, 62
24, 110, 59
26, 120, 62
27, 130, 61
29, 140, 56
32, 150, 59
33, 160, 61
36, 170, 60
37, 180, 68
37, 190, 62
37, 200, 63
39, 210, 59
39, 220, 57
40, 230, 59
40, 240, 57
42, 250, 58
42, 260, 68
42, 270, 63
42, 280, 57
42, 290, 61
43, 300, 59
44, 310, 59
45, 320, 59
45, 330, 59
45, 340, 56
45, 350, 55
45, 360, 56
45, 370, 57
47, 380, 55
48, 390, 58
49, 400, 59
49, 410, 61
49, 420, 61
49, 430, 59
49, 440, 58
49, 450, 58
49, 460, 57
50, 470, 58
51, 480, 58
51, 490, 62
51, 500, 59
51, 510, 61
51, 520, 59
51, 530, 59
52, 540, 58
53, 550, 61
55, 560, 61
56, 570, 64
56, 580, 64
58, 590, 64
58, 600, 68
58, 610, 67
58, 620, 68
58, 630, 66
58, 640, 65
58, 650, 66
58, 660, 66
58, 670, 66
58, 680, 65
58, 690, 66
58, 700, 67
58, 710, 66
58, 720, 65
58, 730, 65
58, 740, 66
58, 750, 67
58, 760, 64
58, 770, 65
58, 780, 64
58, 790, 65
59, 800, 64
59, 810, 65
59, 820, 66
59, 830, 66
59, 840, 66
59, 850, 64
59, 860, 66
59, 870, 65
59, 880, 65
59, 890, 65
59, 900, 64
59, 910, 65
59, 920, 64
59, 930, 64
59, 940, 64
59, 950, 64
59, 960, 64
59, 970, 64
59, 980, 65
59, 990, 64
59, 1000, 64
59, 1010, 64
59, 1020, 63
59, 1030, 64
59, 1040, 64
59, 1050, 64
59, 1060, 63
59, 1070, 63
{'count': 1070, 'truepos': 59, 'falseneg': 0, 'unknownyes': 3, 'falsepos': 0, 'unique': 1070}
30: Wahono.csv: three: 0, 0
6, 10
6, 20, 103
8, 30, 93
11, 40, 92
13, 50, 90
14, 60, 78
16, 70, 63
17, 80, 54
19, 90, 50
23, 100, 46
24, 110, 54
25, 120, 52
25, 130, 50
26, 140, 48
28, 150, 48
30, 160, 50
32, 170, 54
32, 180, 57
34, 190, 57
34, 200, 60
36, 210, 56
36, 220, 60
37, 230, 58
38, 240, 58
39, 250, 57
42, 260, 57
43, 270, 61
44, 280, 60
44, 290, 62
45, 300, 61
46, 310, 60
47, 320, 61
47, 330, 61
47, 340, 62
47, 350, 62
47, 360, 59
47, 370, 61
48, 380, 58
48, 390, 62
48, 400, 64
48, 410, 58
48, 420, 61
48, 430, 58
49, 440, 57
49, 450, 60
49, 460, 58
50, 470, 58
50, 480, 60
50, 490, 60
50, 500, 58
52, 510, 58
52, 520, 62
52, 530, 61
52, 540, 60
52, 550, 61
52, 560, 62
52, 570, 62
52, 580, 61
53, 590, 60
53, 600, 62
54, 610, 62
55, 620, 62
55, 630, 63
55, 640, 64
55, 650, 64
57, 660, 62
58, 670, 65
58, 680, 68
58, 690, 66
58, 700, 65
58, 710, 67
58, 720, 66
58, 730, 65
58, 740, 65
58, 750, 65
58, 760, 65
58, 770, 65
58, 780, 66
58, 790, 65
58, 800, 65
58, 810, 64
58, 820, 63
59, 830, 64
59, 840, 65
59, 850, 65
59, 860, 65
59, 870, 65
59, 880, 65
59, 890, 65
59, 900, 65
59, 910, 64
59, 920, 65
59, 930, 65
59, 940, 65
59, 950, 64
59, 960, 64
59, 970, 64
59, 980, 64
59, 990, 65
59, 1000, 64
59, 1010, 64
59, 1020, 64
59, 1030, 64
59, 1040, 64
59, 1050, 64
59, 1060, 63
59, 1070, 63
59, 1080, 63
59, 1090, 64
59, 1100, 64
59, 1110, 63
59, 1120, 63
59, 1130, 63
59, 1140, 63
59, 1150, 63
59, 1160, 63
59, 1170, 63
59, 1180, 64
59, 1190, 63
59, 1200, 63
59, 1210, 63
{'count': 2420, 'truepos': 59, 'falseneg': 0, 'unknownyes': 3, 'falsepos': 0, 'unique': 1210}
30: Wahono.csv: machine: 0, 0
6, 10
6, 20, 102
8, 30, 96
10, 40, 94
12, 50, 89
13, 60, 67
16, 70, 54
19, 80, 54
22, 90, 53
24, 100, 57
27, 110, 61
27, 120, 66
27, 130, 57
28, 140, 54
29, 150, 54
31, 160, 52
33, 170, 58
34, 180, 59
35, 190, 56
35, 200, 60
35, 210, 61
35, 220, 59
37, 230, 53
37, 240, 57
40, 250, 55
41, 260, 58
42, 270, 60
43, 280, 60
43, 290, 60
44, 300, 57
45, 310, 59
45, 320, 59
45, 330, 58
45, 340, 55
45, 350, 58
45, 360, 57
45, 370, 57
45, 380, 56
47, 390, 55
47, 400, 61
47, 410, 59
48, 420, 55
49, 430, 59
49, 440, 57
49, 450, 59
49, 460, 60
50, 470, 57
51, 480, 59
51, 490, 59
51, 500, 60
51, 510, 60
51, 520, 59
52, 530, 59
53, 540, 60
53, 550, 62
55, 560, 60
56, 570, 63
58, 580, 63
58, 590, 68
58, 600, 68
58, 610, 68
58, 620, 66
58, 630, 67
58, 640, 67
58, 650, 67
58, 660, 68
58, 670, 66
58, 680, 66
58, 690, 67
58, 700, 66
58, 710, 65
58, 720, 65
58, 730, 66
58, 740, 67
59, 750, 65
59, 760, 68
59, 770, 66
59, 780, 66
59, 790, 66
59, 800, 66
59, 810, 66
59, 820, 66
59, 830, 67
59, 840, 65
59, 850, 65
59, 860, 66
59, 870, 66
59, 880, 65
59, 890, 65
59, 900, 65
59, 910, 65
59, 920, 65
59, 930, 65
59, 940, 65
59, 950, 64
59, 960, 63
59, 970, 64
59, 980, 64
59, 990, 64
59, 1000, 64
59, 1010, 64
59, 1020, 63
59, 1030, 64
59, 1040, 64
59, 1050, 63
59, 1060, 63
59, 1070, 63
59, 1080, 63
59, 1090, 64
59, 1100, 63
59, 1110, 63
59, 1120, 63
59, 1130, 63
59, 1140, 63
59, 1150, 63
59, 1160, 63
59, 1170, 63
{'count': 1180, 'truepos': 59, 'falseneg': 0, 'unknownyes': 3, 'falsepos': 0, 'unique': 1180}
30: Wahono.csv: machine2: 0, 0
6, 10
8, 20, 98
9, 30, 111
12, 40, 110
12, 50, 110
14, 60, 82
16, 70, 78
17, 80, 72
21, 90, 70
23, 100, 71
23, 110, 70
26, 120, 62
26, 130, 64
27, 140, 57
29, 150, 56
33, 160, 54
35, 170, 61
36, 180, 55
36, 190, 64
37, 200, 62
38, 210, 59
38, 220, 58
38, 230, 59
39, 240, 54
42, 250, 56
42, 260, 74
44, 270, 57
45, 280, 65
46, 290, 60
46, 300, 68
46, 310, 66
46, 320, 65
46, 330, 62
49, 340, 60
49, 350, 66
49, 360, 63
49, 370, 61
49, 380, 62
49, 390, 59
50, 400, 60
50, 410, 62
50, 420, 64
51, 430, 63
51, 440, 63
52, 450, 61
52, 460, 61
52, 470, 60
52, 480, 62
53, 490, 61
53, 500, 65
53, 510, 64
53, 520, 63
54, 530, 61
55, 540, 63
55, 550, 63
56, 560, 64
57, 570, 66
57, 580, 67
57, 590, 66
57, 600, 65
58, 610, 65
58, 620, 67
58, 630, 67
58, 640, 67
58, 650, 67
58, 660, 67
58, 670, 67
58, 680, 65
58, 690, 65
58, 700, 65
58, 710, 65
58, 720, 64
58, 730, 64
58, 740, 65
58, 750, 66
58, 760, 65
58, 770, 66
58, 780, 64
58, 790, 64
58, 800, 66
58, 810, 64
58, 820, 65
58, 830, 64
58, 840, 64
58, 850, 64
59, 860, 63
59, 870, 64
59, 880, 65
59, 890, 66
59, 900, 66
59, 910, 63
59, 920, 64
59, 930, 64
59, 940, 64
59, 950, 65
59, 960, 64
59, 970, 64
59, 980, 65
59, 990, 64
59, 1000, 64
59, 1010, 64
59, 1020, 64
59, 1030, 64
59, 1040, 64
59, 1050, 64
59, 1060, 63
59, 1070, 64
59, 1080, 64
59, 1090, 63
59, 1100, 63
59, 1110, 63
59, 1120, 63
59, 1130, 63
{'count': 1140, 'truepos': 59, 'falseneg': 0, 'unknownyes': 3, 'falsepos': 0, 'unique': 1140}
30: Wahono.csv: machine3: 0, 0
6, 10
6, 20, 99
7, 30, 97
10, 40, 95
11, 50, 74
14, 60, 58
20, 70, 57
21, 80, 67
22, 90, 59
22, 100, 54
23, 110, 49
24, 120, 49
25, 130, 48
26, 140, 48
31, 150, 49
32, 160, 66
33, 170, 60
33, 180, 58
34, 190, 55
34, 200, 56
35, 210, 57
36, 220, 57
38, 230, 56
38, 240, 61
39, 250, 61
39, 260, 58
42, 270, 56
42, 280, 63
43, 290, 58
43, 300, 63
45, 310, 56
45, 320, 66
45, 330, 61
46, 340, 59
46, 350, 61
47, 360, 57
47, 370, 58
47, 380, 59
49, 390, 60
50, 400, 59
50, 410, 61
50, 420, 62
50, 430, 59
50, 440, 60
50, 450, 58
50, 460, 59
50, 470, 61
50, 480, 59
50, 490, 58
50, 500, 60
50, 510, 58
50, 520, 58
51, 530, 57
51, 540, 60
51, 550, 59
51, 560, 59
51, 570, 60
51, 580, 59
52, 590, 58
52, 600, 59
54, 610, 57
55, 620, 62
56, 630, 62
58, 640, 64
58, 650, 66
58, 660, 66
58, 670, 66
58, 680, 66
58, 690, 66
58, 700, 66
58, 710, 65
58, 720, 66
58, 730, 65
58, 740, 66
58, 750, 66
58, 760, 66
58, 770, 65
58, 780, 65
58, 790, 64
58, 800, 65
58, 810, 64
58, 820, 64
58, 830, 63
58, 840, 64
59, 850, 64
59, 860, 65
59, 870, 66
59, 880, 66
59, 890, 66
59, 900, 64
59, 910, 66
59, 920, 65
59, 930, 66
59, 940, 65
59, 950, 64
59, 960, 63
59, 970, 63
59, 980, 65
59, 990, 64
59, 1000, 64
59, 1010, 64
59, 1020, 64
59, 1030, 64
59, 1040, 63
59, 1050, 63
59, 1060, 64
59, 1070, 63
59, 1080, 63
59, 1090, 63
59, 1100, 63
59, 1110, 63
59, 1120, 63
59, 1130, 63
59, 1140, 63
59, 1150, 63
59, 1160, 63
59, 1170, 63
{'count': 1239, 'truepos': 59, 'falseneg': 0, 'unknownyes': 3, 'falsepos': 0, 'unique': 1180}
30: Danijel.csv: none: 0, 0
4, 10
4, 20, 123
7, 30, 93
8, 40, 94
11, 50, 73
12, 60, 69
14, 70, 63
17, 80, 58
22, 90, 61
24, 100, 69
26, 110, 65
27, 120, 70
28, 130, 61
28, 140, 61
30, 150, 52
34, 160, 46
34, 170, 53
35, 180, 48
36, 190, 50
36, 200, 49
36, 210, 47
37, 220, 48
37, 230, 48
37, 240, 47
38, 250, 46
40, 260, 49
40, 270, 51
41, 280, 49
41, 290, 50
41, 300, 53
41, 310, 49
41, 320, 50
41, 330, 49
42, 340, 49
42, 350, 49
42, 360, 50
42, 370, 49
42, 380, 48
42, 390, 51
42, 400, 50
43, 410, 48
43, 420, 51
43, 430, 50
43, 440, 50
43, 450, 51
44, 460, 50
44, 470, 51
44, 480, 50
44, 490, 50
44, 500, 50
44, 510, 50
44, 520, 50
44, 530, 51
44, 540, 49
44, 550, 49
44, 560, 48
44, 570, 49
44, 580, 49
44, 590, 48
44, 600, 48
44, 610, 48
44, 620, 49
44, 630, 48
44, 640, 47
44, 650, 48
44, 660, 48
44, 670, 48
44, 680, 48
45, 690, 47
45, 700, 48
45, 710, 48
45, 720, 49
45, 730, 48
45, 740, 48
45, 750, 48
{'count': 750, 'truepos': 45, 'falseneg': 0, 'unknownyes': 3, 'falsepos': 0, 'unique': 750}
30: Danijel.csv: three: 0, 0
4, 10
4, 20, 117
5, 30, 97
7, 40, 77
8, 50, 71
9, 60, 60
14, 70, 55
15, 80, 74
20, 90, 58
22, 100, 66
22, 110, 72
24, 120, 57
25, 130, 57
26, 140, 51
29, 150, 49
31, 160, 53
34, 170, 49
35, 180, 50
35, 190, 50
35, 200, 50
35, 210, 46
36, 220, 47
37, 230, 45
37, 240, 49
38, 250, 47
39, 260, 48
39, 270, 49
40, 280, 48
40, 290, 51
41, 300, 49
41, 310, 49
41, 320, 48
41, 330, 49
41, 340, 49
41, 350, 51
41, 360, 50
41, 370, 48
41, 380, 48
42, 390, 47
42, 400, 48
43, 410, 49
43, 420, 50
43, 430, 49
43, 440, 51
43, 450, 49
44, 460, 48
44, 470, 51
44, 480, 50
44, 490, 50
44, 500, 51
44, 510, 51
44, 520, 49
44, 530, 50
44, 540, 49
44, 550, 48
44, 560, 49
44, 570, 49
44, 580, 48
44, 590, 49
44, 600, 49
44, 610, 49
44, 620, 48
44, 630, 48
45, 640, 47
45, 650, 48
45, 660, 48
45, 670, 48
45, 680, 49
45, 690, 48
45, 700, 48
45, 710, 48
45, 720, 48
45, 730, 48
45, 740, 48
45, 750, 48
{'count': 1500, 'truepos': 45, 'falseneg': 0, 'unknownyes': 3, 'falsepos': 0, 'unique': 750}
30: Danijel.csv: machine: 0, 0
4, 10
4, 20, 123
6, 30, 94
8, 40, 75
9, 50, 64
10, 60, 60
14, 70, 55
16, 80, 62
19, 90, 64
20, 100, 65
23, 110, 59
25, 120, 60
26, 130, 59
28, 140, 55
30, 150, 55
31, 160, 49
33, 170, 47
34, 180, 50
35, 190, 47
36, 200, 49
36, 210, 48
36, 220, 46
37, 230, 45
37, 240, 48
38, 250, 45
39, 260, 48
39, 270, 48
40, 280, 50
40, 290, 50
41, 300, 51
41, 310, 54
41, 320, 52
41, 330, 47
41, 340, 50
41, 350, 49
41, 360, 47
41, 370, 47
41, 380, 48
41, 390, 48
41, 400, 49
41, 410, 49
41, 420, 45
41, 430, 47
42, 440, 47
42, 450, 48
43, 460, 48
43, 470, 49
43, 480, 49
43, 490, 48
44, 500, 48
44, 510, 49
44, 520, 49
44, 530, 51
44, 540, 48
44, 550, 48
44, 560, 49
45, 570, 47
45, 580, 49
45, 590, 49
45, 600, 49
45, 610, 50
45, 620, 49
45, 630, 49
45, 640, 49
45, 650, 48
45, 660, 49
45, 670, 48
45, 680, 48
45, 690, 49
45, 700, 48
45, 710, 48
45, 720, 48
45, 730, 48
45, 740, 48
45, 750, 48
45, 760, 48
45, 770, 48
{'count': 780, 'truepos': 45, 'falseneg': 0, 'unknownyes': 3, 'falsepos': 0, 'unique': 780}
30: Danijel.csv: machine2: 0, 0
4, 10
4, 20, 120
6, 30, 95
10, 40, 80
12, 50, 92
14, 60, 86
15, 70, 76
18, 80, 65
22, 90, 66
24, 100, 72
24, 110, 69
24, 120, 59
25, 130, 54
27, 140, 52
29, 150, 53
31, 160, 56
33, 170, 54
34, 180, 51
34, 190, 49
35, 200, 46
36, 210, 49
38, 220, 47
39, 230, 50
40, 240, 53
41, 250, 52
41, 260, 52
41, 270, 53
41, 280, 52
41, 290, 52
41, 300, 50
41, 310, 51
41, 320, 48
41, 330, 49
41, 340, 49
41, 350, 48
41, 360, 49
41, 370, 49
41, 380, 48
41, 390, 48
42, 400, 47
42, 410, 52
42, 420, 49
42, 430, 48
42, 440, 49
44, 450, 47
44, 460, 53
44, 470, 50
44, 480, 50
44, 490, 49
44, 500, 50
44, 510, 52
44, 520, 50
44, 530, 50
44, 540, 48
44, 550, 48
44, 560, 48
44, 570, 48
44, 580, 49
44, 590, 48
44, 600, 48
44, 610, 49
44, 620, 49
44, 630, 48
44, 640, 47
44, 650, 47
45, 660, 47
45, 670, 48
45, 680, 49
45, 690, 49
45, 700, 49
45, 710, 49
45, 720, 49
45, 730, 48
45, 740, 48
46, 750, 48
46, 760, 49
{'count': 770, 'truepos': 46, 'falseneg': 0, 'unknownyes': 2, 'falsepos': 0, 'unique': 770}
30: Danijel.csv: machine3: 0, 0
4, 10
4, 20, 118
6, 30, 96
9, 40, 83
10, 50, 85
11, 60, 67
13, 70, 59
16, 80, 54
20, 90, 57
25, 100, 65
27, 110, 76
28, 120, 74
28, 130, 67
29, 140, 55
31, 150, 54
32, 160, 51
36, 170, 50
36, 180, 51
36, 190, 51
36, 200, 49
36, 210, 48
36, 220, 47
37, 230, 46
37, 240, 46
37, 250, 50
38, 260, 46
38, 270, 46
38, 280, 48
38, 290, 46
38, 300, 46
38, 310, 45
39, 320, 44
40, 330, 47
41, 340, 47
41, 350, 47
42, 360, 48
42, 370, 51
42, 380, 50
42, 390, 49
42, 400, 49
42, 410, 48
42, 420, 48
42, 430, 49
42, 440, 48
42, 450, 48
42, 460, 49
42, 470, 48
42, 480, 47
42, 490, 47
43, 500, 47
43, 510, 49
43, 520, 47
43, 530, 48
43, 540, 48
43, 550, 48
43, 560, 47
44, 570, 47
45, 580, 49
45, 590, 50
45, 600, 49
45, 610, 49
45, 620, 49
45, 630, 49
45, 640, 49
45, 650, 49
45, 660, 49
45, 670, 48
45, 680, 49
45, 690, 49
45, 700, 48
45, 710, 48
45, 720, 48
45, 730, 49
45, 740, 48
45, 750, 48
45, 760, 48
45, 770, 48
{'count': 825, 'truepos': 45, 'falseneg': 0, 'unknownyes': 3, 'falsepos': 0, 'unique': 780}
30: K_all3.csv: none: 0, 0
1, 10
2, 20, 91
4, 30, 64
7, 40, 59
10, 50, 53
11, 60, 60
13, 70, 52
17, 80, 51
20, 90, 58
20, 100, 57
22, 110, 51
22, 120, 50
22, 130, 45
23, 140, 44
23, 150, 44
24, 160, 43
24, 170, 44
25, 180, 43
26, 190, 44
26, 200, 45
27, 210, 44
27, 220, 44
27, 230, 44
27, 240, 43
27, 250, 43
27, 260, 43
27, 270, 43
27, 280, 43
27, 290, 43
27, 300, 43
27, 310, 43
27, 320, 43
28, 330, 42
29, 340, 43
33, 350, 44
34, 360, 39
34, 370, 41
34, 380, 38
34, 390, 40
34, 400, 38
34, 410, 38
34, 420, 38
34, 430, 38
34, 440, 36
34, 450, 36
35, 460, 36
36, 470, 37
37, 480, 38
37, 490, 39
{'count': 490, 'truepos': 37, 'falseneg': 0, 'unknownyes': 8, 'falsepos': 0, 'unique': 490}
30: K_all3.csv: three: 0, 0
1, 10
2, 20, 93
2, 30, 63
3, 40, 54
4, 50, 43
7, 60, 41
11, 70, 43
12, 80, 49
13, 90, 44
16, 100, 43
17, 110, 51
20, 120, 47
20, 130, 50
21, 140, 47
21, 150, 46
22, 160, 44
23, 170, 45
24, 180, 43
24, 190, 43
26, 200, 43
26, 210, 45
26, 220, 44
26, 230, 43
27, 240, 43
27, 250, 43
27, 260, 43
27, 270, 43
27, 280, 43
27, 290, 43
27, 300, 43
27, 310, 43
27, 320, 43
28, 330, 42
30, 340, 43
31, 350, 37
32, 360, 38
32, 370, 39
32, 380, 37
32, 390, 37
32, 400, 36
33, 410, 35
33, 420, 37
33, 430, 36
34, 440, 35
36, 450, 36
37, 460, 38
37, 470, 39
37, 480, 39
39, 490, 39
39, 500, 42
{'count': 1000, 'truepos': 39, 'falseneg': 0, 'unknownyes': 6, 'falsepos': 0, 'unique': 500}
30: K_all3.csv: machine: 0, 0
1, 10
2, 20, 92
3, 30, 62
5, 40, 49
7, 50, 44
12, 60, 46
14, 70, 62
17, 80, 59
19, 90, 57
21, 100, 52
21, 110, 54
21, 120, 51
21, 130, 47
22, 140, 45
22, 150, 45
23, 160, 44
23, 170, 45
24, 180, 45
25, 190, 45
25, 200, 46
26, 210, 45
26, 220, 45
26, 230, 45
26, 240, 43
27, 250, 43
27, 260, 43
27, 270, 43
27, 280, 43
27, 290, 43
27, 300, 43
27, 310, 43
27, 320, 43
28, 330, 43
30, 340, 43
30, 350, 40
32, 360, 35
32, 370, 39
33, 380, 36
33, 390, 38
33, 400, 37
33, 410, 36
33, 420, 36
34, 430, 35
34, 440, 37
34, 450, 36
36, 460, 36
{'count': 470, 'truepos': 36, 'falseneg': 0, 'unknownyes': 9, 'falsepos': 0, 'unique': 470}
30: K_all3.csv: machine2: 0, 0
1, 10
2, 20, 93
3, 30, 63
5, 40, 50
6, 50, 44
8, 60, 43
10, 70, 44
13, 80, 44
15, 90, 49
19, 100, 48
21, 110, 53
21, 120, 52
21, 130, 48
21, 140, 46
22, 150, 44
23, 160, 44
23, 170, 45
23, 180, 45
24, 190, 44
25, 200, 45
25, 210, 45
26, 220, 44
26, 230, 45
26, 240, 44
27, 250, 43
27, 260, 43
27, 270, 43
27, 280, 43
27, 290, 43
27, 300, 43
27, 310, 43
27, 320, 43
28, 330, 43
29, 340, 43
33, 350, 44
34, 360, 42
34, 370, 39
34, 380, 37
34, 390, 39
34, 400, 38
34, 410, 37
34, 420, 38
34, 430, 36
34, 440, 36
36, 450, 36
36, 460, 38
36, 470, 38
{'count': 480, 'truepos': 36, 'falseneg': 0, 'unknownyes': 9, 'falsepos': 0, 'unique': 480}
30: K_all3.csv: machine3: 0, 0
1, 10
2, 20, 94
2, 30, 62
4, 40, 54
8, 50, 48
12, 60, 49
13, 70, 62
15, 80, 56
19, 90, 54
21, 100, 58
21, 110, 54
22, 120, 50
22, 130, 48
22, 140, 45
23, 150, 43
23, 160, 43
24, 170, 42
24, 180, 44
25, 190, 43
26, 200, 44
26, 210, 44
27, 220, 44
27, 230, 44
27, 240, 44
27, 250, 43
27, 260, 43
27, 270, 43
27, 280, 43
27, 290, 43
27, 300, 43
27, 310, 43
27, 320, 43
28, 330, 42
29, 340, 43
33, 350, 44
34, 360, 40
34, 370, 40
34, 380, 38
34, 390, 38
34, 400, 37
34, 410, 38
34, 420, 37
34, 430, 36
35, 440, 36
35, 450, 37
35, 460, 37
35, 470, 38
35, 480, 38
35, 490, 37
35, 500, 37
36, 510, 37
36, 520, 38
{'count': 566, 'truepos': 36, 'falseneg': 0, 'unknownyes': 9, 'falsepos': 0, 'unique': 530}

------------------------------------------------------------
Sender: LSF System <lsfadmin@n2c1-7>
Subject: Job 270895: </share/tjmenzie/zyu9/miniconda2/bin/python2.7 runner.py error_hpcc 30> Done

Job </share/tjmenzie/zyu9/miniconda2/bin/python2.7 runner.py error_hpcc 30> was submitted from host <login01.hpc.ncsu.edu> by user <zyu9> in cluster <henry2>.
Job was executed on host(s) <2*n2c1-7>, in queue <single_chassis>, as user <zyu9> in cluster <henry2>.
</home/zyu9> was used as the home directory.
</home/zyu9/projects/MAR_HPC/Error/src> was used as the working directory.
Started at Sat Oct 21 09:24:08 2017
Results reported at Sat Oct 21 10:27:35 2017

Your job looked like:

------------------------------------------------------------
# LSBATCH: User input
/share/tjmenzie/zyu9/miniconda2/bin/python2.7 runner.py error_hpcc 30
------------------------------------------------------------

Successfully completed.

Resource usage summary:

    CPU time   :   5358.45 sec.
    Max Memory :       170 MB
    Max Swap   :      1189 MB

    Max Processes  :         3
    Max Threads    :         8

The output (if any) is above this job summary.



PS:

Read file <./err/30.err.270895> for stderr output of this job.

