30: Hall.csv: none: 0, 0
8, 10
10, 20, 124
13, 30, 121
17, 40, 127
19, 50, 130
22, 60, 131
24, 70, 135
26, 80, 146
29, 90, 153
29, 100, 154
31, 110, 140
38, 120, 112
43, 130, 116
48, 140, 119
51, 150, 120
54, 160, 118
61, 170, 116
66, 180, 121
71, 190, 148
74, 200, 149
76, 210, 147
79, 220, 153
82, 230, 140
86, 240, 143
92, 250, 127
94, 260, 130
97, 270, 138
98, 280, 138
100, 290, 136
100, 300, 130
101, 310, 127
102, 320, 121
104, 330, 131
106, 340, 131
108, 350, 125
112, 360, 130
113, 370, 142
115, 380, 134
116, 390, 132
119, 400, 136
121, 410, 139
123, 420, 140
123, 430, 149
124, 440, 140
125, 450, 144
125, 460, 139
126, 470, 143
127, 480, 146
127, 490, 149
129, 500, 151
130, 510, 168
130, 520, 170
130, 530, 156
130, 540, 170
132, 550, 154
134, 560, 157
134, 570, 153
136, 580, 159
137, 590, 167
137, 600, 162
138, 610, 161
138, 620, 177
142, 630, 169
142, 640, 182
143, 650, 183
144, 660, 178
145, 670, 188
145, 680, 180
146, 690, 194
149, 700, 186
151, 710, 203
152, 720, 201
154, 730, 203
155, 740, 199
155, 750, 195
157, 760, 200
158, 770, 200
159, 780, 204
160, 790, 199
161, 800, 201
162, 810, 196
162, 820, 196
163, 830, 201
164, 840, 200
165, 850, 205
166, 860, 204
168, 870, 208
168, 880, 204
169, 890, 202
169, 900, 206
170, 910, 201
173, 920, 207
173, 930, 215
174, 940, 212
176, 950, 213
176, 960, 220
177, 970, 217
178, 980, 215
179, 990, 223
179, 1000, 223
179, 1010, 223
180, 1020, 218
180, 1030, 218
181, 1040, 217
182, 1050, 219
182, 1060, 235
184, 1070, 218
184, 1080, 222
184, 1090, 220
185, 1100, 220
187, 1110, 225
189, 1120, 227
189, 1130, 227
189, 1140, 233
189, 1150, 223
189, 1160, 227
190, 1170, 230
191, 1180, 226
191, 1190, 236
191, 1200, 231
193, 1210, 226
194, 1220, 236
196, 1230, 229
197, 1240, 225
197, 1250, 231
199, 1260, 227
200, 1270, 228
200, 1280, 228
202, 1290, 228
204, 1300, 231
204, 1310, 233
205, 1320, 229
206, 1330, 231
207, 1340, 231
209, 1350, 230
210, 1360, 234
212, 1370, 235
212, 1380, 240
213, 1390, 234
215, 1400, 239
215, 1410, 250
216, 1420, 244
218, 1430, 247
219, 1440, 248
221, 1450, 255
223, 1460, 252
225, 1470, 257
226, 1480, 260
227, 1490, 257
228, 1500, 256
228, 1510, 263
229, 1520, 264
230, 1530, 260
231, 1540, 260
231, 1550, 262
233, 1560, 264
234, 1570, 262
235, 1580, 263
236, 1590, 270
237, 1600, 268
237, 1610, 268
238, 1620, 267
240, 1630, 265
241, 1640, 275
242, 1650, 276
242, 1660, 276
246, 1670, 277
247, 1680, 281
248, 1690, 283
248, 1700, 284
250, 1710, 287
252, 1720, 285
252, 1730, 284
254, 1740, 283
254, 1750, 287
257, 1760, 286
257, 1770, 291
260, 1780, 294
261, 1790, 297
261, 1800, 302
262, 1810, 295
263, 1820, 291
263, 1830, 294
264, 1840, 291
265, 1850, 293
265, 1860, 294
265, 1870, 298
265, 1880, 294
266, 1890, 299
267, 1900, 294
268, 1910, 295
269, 1920, 297
270, 1930, 299
270, 1940, 297
271, 1950, 301
272, 1960, 298
273, 1970, 294
274, 1980, 296
274, 1990, 300
274, 2000, 297
274, 2010, 299
275, 2020, 301
276, 2030, 300
277, 2040, 303
278, 2050, 303
278, 2060, 303
278, 2070, 302
279, 2080, 299
280, 2090, 302
280, 2100, 303
281, 2110, 307
283, 2120, 302
284, 2130, 304
284, 2140, 306
285, 2150, 303
287, 2160, 304
288, 2170, 310
289, 2180, 310
290, 2190, 309
292, 2200, 312
294, 2210, 315
294, 2220, 318
294, 2230, 315
294, 2240, 313
294, 2250, 315
295, 2260, 315
297, 2270, 315
297, 2280, 316
299, 2290, 317
299, 2300, 321
300, 2310, 320
300, 2320, 324
300, 2330, 321
300, 2340, 320
301, 2350, 322
303, 2360, 327
305, 2370, 327
305, 2380, 333
306, 2390, 330
307, 2400, 331
308, 2410, 334
310, 2420, 335
310, 2430, 337
311, 2440, 333
311, 2450, 337
311, 2460, 340
313, 2470, 334
314, 2480, 337
315, 2490, 341
316, 2500, 340
317, 2510, 341
317, 2520, 342
317, 2530, 340
317, 2540, 342
320, 2550, 341
322, 2560, 345
323, 2570, 347
323, 2580, 347
325, 2590, 350
327, 2600, 351
328, 2610, 352
328, 2620, 354
329, 2630, 357
330, 2640, 354
331, 2650, 356
333, 2660, 358
334, 2670, 361
334, 2680, 362
335, 2690, 360
335, 2700, 362
336, 2710, 358
337, 2720, 362
337, 2730, 365
338, 2740, 363
339, 2750, 363
341, 2760, 364
344, 2770, 365
344, 2780, 375
346, 2790, 375
347, 2800, 377
347, 2810, 377
350, 2820, 373
350, 2830, 380
351, 2840, 380
353, 2850, 383
354, 2860, 385
355, 2870, 385
356, 2880, 389
357, 2890, 388
358, 2900, 387
358, 2910, 388
358, 2920, 388
358, 2930, 387
360, 2940, 384
360, 2950, 394
361, 2960, 392
361, 2970, 390
363, 2980, 391
365, 2990, 395
366, 3000, 396
369, 3010, 398
369, 3020, 399
370, 3030, 399
371, 3040, 399
373, 3050, 404
374, 3060, 402
374, 3070, 405
375, 3080, 401
376, 3090, 404
376, 3100, 404
379, 3110, 406
380, 3120, 409
381, 3130, 410
381, 3140, 412
383, 3150, 411
385, 3160, 413
386, 3170, 417
389, 3180, 415
390, 3190, 421
391, 3200, 423
392, 3210, 425
394, 3220, 423
395, 3230, 424
397, 3240, 424
397, 3250, 426
398, 3260, 427
398, 3270, 424
399, 3280, 427
400, 3290, 426
401, 3300, 429
402, 3310, 434
406, 3320, 433
408, 3330, 438
408, 3340, 441
408, 3350, 441
411, 3360, 438
411, 3370, 441
413, 3380, 441
414, 3390, 445
416, 3400, 444
416, 3410, 448
417, 3420, 447
417, 3430, 448
419, 3440, 445
419, 3450, 448
419, 3460, 447
420, 3470, 446
420, 3480, 446
421, 3490, 446
422, 3500, 449
425, 3510, 449
427, 3520, 453
429, 3530, 455
430, 3540, 456
432, 3550, 456
435, 3560, 460
435, 3570, 461
436, 3580, 461
438, 3590, 463
439, 3600, 466
441, 3610, 466
441, 3620, 472
441, 3630, 469
443, 3640, 469
444, 3650, 477
444, 3660, 474
444, 3670, 472
444, 3680, 474
445, 3690, 474
445, 3700, 474
446, 3710, 473
446, 3720, 477
446, 3730, 473
448, 3740, 474
448, 3750, 478
449, 3760, 472
449, 3770, 476
449, 3780, 476
449, 3790, 475
450, 3800, 476
451, 3810, 475
453, 3820, 475
453, 3830, 479
454, 3840, 479
456, 3850, 478
456, 3860, 484
456, 3870, 482
{'count': 3870, 'truepos': 93, 'falseneg': 11, 'unknownyes': 2, 'falsepos': 363, 'unique': 3870}
30: Hall.csv: three: 0, 0
8, 10
12, 20, 119
13, 30, 140
14, 40, 135
16, 50, 130
20, 60, 127
23, 70, 135
25, 80, 134
29, 90, 127
31, 100, 136
38, 110, 118
44, 120, 117
50, 130, 119
55, 140, 116
60, 150, 117
62, 160, 116
68, 170, 115
69, 180, 124
74, 190, 113
77, 200, 108
78, 210, 112
81, 220, 103
84, 230, 102
86, 240, 104
89, 250, 106
90, 260, 110
93, 270, 109
96, 280, 114
96, 290, 116
96, 300, 115
98, 310, 109
98, 320, 115
98, 330, 115
99, 340, 113
101, 350, 113
101, 360, 115
101, 370, 116
102, 380, 116
104, 390, 115
104, 400, 119
104, 410, 116
106, 420, 114
106, 430, 118
107, 440, 116
108, 450, 118
108, 460, 122
108, 470, 119
108, 480, 122
109, 490, 118
109, 500, 121
109, 510, 119
109, 520, 119
109, 530, 118
109, 540, 118
109, 550, 120
109, 560, 118
110, 570, 118
113, 580, 123
113, 590, 129
113, 600, 130
113, 610, 134
113, 620, 125
113, 630, 125
113, 640, 126
113, 650, 126
114, 660, 126
115, 670, 128
117, 680, 129
117, 690, 129
117, 700, 128
117, 710, 128
117, 720, 128
117, 730, 133
117, 740, 129
117, 750, 128
117, 760, 129
117, 770, 127
117, 780, 128
118, 790, 126
118, 800, 128
118, 810, 129
119, 820, 127
119, 830, 128
121, 840, 129
121, 850, 131
121, 860, 131
122, 870, 130
122, 880, 132
122, 890, 131
122, 900, 131
123, 910, 130
123, 920, 132
123, 930, 130
123, 940, 132
123, 950, 130
123, 960, 131
123, 970, 131
123, 980, 133
{'count': 2113, 'truepos': 98, 'falseneg': 4, 'unknownyes': 4, 'falsepos': 25, 'unique': 980}
30: Hall.csv: machine: 0, 0
7, 10
11, 20, 114
11, 30, 129
16, 40, 116
18, 50, 144
19, 60, 143
['yes' 'yes' 'yes' 'yes' 'no' 'yes' 'no' 'yes' 'no' 'yes']
['no' 'no']
16, 60, 143
20, 70, 108
22, 80, 108
24, 90, 100
26, 100, 97
30, 110, 99
['yes' 'no' 'yes' 'no' 'yes' 'no' 'yes' 'yes' 'yes' 'yes']
['no' 'no' 'no' 'no' 'no' 'no' 'no' 'no' 'no' 'no']
26, 110, 99
32, 120, 96
39, 130, 86
45, 140, 87
51, 150, 91
53, 160, 92
['yes' 'yes' 'yes' 'yes' 'yes' 'no' 'yes' 'yes' 'yes' 'yes']
['no' 'yes' 'yes' 'yes' 'no' 'no' 'yes' 'no' 'no' 'no']
56, 160, 92
61, 170, 85
64, 180, 86
66, 190, 87
71, 200, 83
75, 210, 88
['yes' 'yes' 'yes' 'yes' 'yes' 'yes' 'no' 'yes' 'yes' 'yes']
['no' 'no' 'yes' 'no' 'no' 'no' 'no' 'no' 'no' 'no']
76, 210, 88
78, 220, 92
82, 230, 91
83, 240, 95
88, 250, 91
90, 260, 99
['no' 'yes' 'yes' 'yes' 'yes' 'yes' 'yes' 'yes' 'yes' 'yes']
['no' 'yes' 'no' 'yes' 'no' 'no' 'yes' 'no' 'no' 'no']
92, 260, 99
95, 270, 102
100, 280, 106
100, 290, 117
104, 300, 116
106, 310, 128
['no' 'yes' 'no' 'yes' 'yes' 'yes' 'no' 'yes' 'yes' 'yes']
['no' 'no' 'no' 'no' 'yes' 'no' 'no' 'no' 'no' 'no']
105, 310, 128
105, 320, 128
107, 330, 118
108, 340, 125
110, 350, 124
110, 360, 127
['yes' 'no' 'yes' 'no' 'yes' 'yes' 'no' 'yes' 'no' 'yes']
['no' 'no' 'yes' 'no' 'no' 'no' 'no' 'no' 'no' 'no']
107, 360, 127
107, 370, 121
108, 380, 117
108, 390, 121
109, 400, 122
111, 410, 119
['no' 'no' 'no' 'no' 'no' 'yes' 'no' 'yes' 'yes' 'yes']
['no' 'no' 'yes' 'no' 'no' 'no' 'no' 'no' 'no' 'no']
109, 410, 119
109, 420, 117
109, 430, 117
110, 440, 117
112, 450, 118
112, 460, 120
['yes' 'no' 'yes' 'no' 'yes' 'yes' 'no' 'no' 'no' 'no']
['no' 'no' 'no' 'no' 'no' 'no' 'no' 'no' 'no' 'no']
106, 460, 120
106, 470, 112
107, 480, 112
109, 490, 114
109, 500, 116
['no' 'no' 'no' 'no' 'yes' 'yes' 'no' 'yes' 'no' 'no']
['no' 'no' 'no' 'yes' 'no' 'no' 'no' 'no' 'no' 'no']
{'count': 692, 'truepos': 93, 'falseneg': 8, 'unknownyes': 5, 'falsepos': 11, 'unique': 500}
30: Hall.csv: machine2: 0, 0
5, 10
10, 20, 96
15, 30, 110
18, 40, 128
18, 50, 137
21, 60, 128
['yes' 'no' 'yes' 'no' 'yes' 'yes' 'yes' 'yes' 'yes' 'yes']
['yes']
20, 60, 128
26, 70, 121
29, 80, 125
33, 90, 131
40, 100, 123
47, 110, 141
['yes' 'yes' 'yes' 'yes' 'yes' 'no' 'no' 'yes' 'yes' 'yes']
['no' 'no' 'no' 'no' 'no' 'no' 'no' 'no' 'no' 'no']
49, 110, 141
53, 120, 123
57, 130, 121
63, 140, 119
66, 150, 128
70, 160, 113
['yes' 'yes' 'yes' 'yes' 'yes' 'no' 'yes' 'yes' 'no' 'yes']
['no' 'yes' 'no' 'no' 'no' 'no' 'no' 'no' 'no' 'no']
69, 160, 113
72, 170, 108
78, 180, 100
80, 190, 114
83, 200, 107
88, 210, 107
['yes' 'yes' 'yes' 'yes' 'no' 'no' 'yes' 'yes' 'yes' 'yes']
['no' 'no' 'no' 'no' 'no' 'no' 'yes' 'no' 'no' 'no']
89, 210, 107
93, 220, 111
97, 230, 119
101, 240, 113
104, 250, 120
106, 260, 125
['yes' 'yes' 'no' 'no' 'yes' 'yes' 'no' 'no' 'yes' 'yes']
['no' 'no' 'yes' 'no' 'no' 'no' 'no' 'no' 'no' 'no']
103, 260, 125
104, 270, 117
106, 280, 115
108, 290, 123
112, 300, 124
113, 310, 128
['no' 'yes' 'yes' 'no' 'yes' 'no' 'yes' 'yes' 'yes' 'yes']
['yes' 'no' 'no' 'no' 'no' 'no' 'no' 'no' 'no' 'no']
112, 310, 128
113, 320, 123
114, 330, 125
114, 340, 128
117, 350, 124
118, 360, 131
['yes' 'yes' 'no' 'no' 'yes' 'no' 'no' 'no' 'no' 'no']
['no' 'no' 'no' 'no' 'no' 'no' 'no' 'no' 'no' 'no']
113, 360, 131
114, 370, 124
116, 380, 126
118, 390, 131
119, 400, 130
121, 410, 134
['no' 'no' 'no' 'no' 'yes' 'yes' 'no' 'no' 'yes' 'yes']
['no' 'no' 'no' 'no' 'no' 'no' 'no' 'no' 'no' 'no']
118, 410, 134
118, 420, 132
118, 430, 131
118, 440, 130
119, 450, 127
120, 460, 129
['no' 'no' 'no' 'no' 'no' 'no' 'yes' 'yes' 'yes' 'no']
['no' 'no' 'no' 'no' 'no' 'no' 'no' 'no' 'no' 'no']
116, 460, 129
117, 470, 123
117, 480, 124
117, 490, 124
['yes' 'no' 'no' 'no' 'yes' 'no' 'yes' 'yes' 'no' 'no']
['no' 'no' 'no' 'no' 'no' 'no' 'no' 'no' 'no' 'no']
{'count': 715, 'truepos': 100, 'falseneg': 1, 'unknownyes': 5, 'falsepos': 15, 'unique': 490}
30: Hall.csv: machine3: 0, 0
8, 10
10, 20, 123
11, 30, 127
14, 40, 115
15, 50, 111
19, 60, 108
null
['no']
19, 60, 108
21, 70, 111
23, 80, 97
26, 90, 102
30, 100, 101
36, 110, 92
null
['no' 'no' 'no' 'no' 'no' 'yes' 'no' 'no' 'no' 'no']
37, 110, 92
41, 120, 93
46, 130, 97
53, 140, 100
56, 150, 112
59, 160, 108
null
['no' 'yes' 'no' 'no' 'no' 'no' 'no' 'no' 'no' 'no']
60, 160, 108
63, 170, 109
66, 180, 103
66, 190, 120
70, 200, 102
76, 210, 101
null
['no' 'no' 'no' 'no' 'no' 'no' 'no' 'yes' 'no' 'no']
77, 210, 101
80, 220, 111
82, 230, 111
86, 240, 102
87, 250, 111
89, 260, 104
null
['no' 'no' 'no' 'yes' 'no' 'no' 'no' 'no' 'no' 'no']
89, 260, 104
91, 270, 105
92, 280, 102
93, 290, 105
95, 300, 106
97, 310, 105
null
['no' 'no' 'no' 'no' 'no' 'no' 'no' 'no' 'yes' 'no']
98, 310, 105
100, 320, 110
101, 330, 112
101, 340, 114
102, 350, 114
102, 360, 113
null
['no' 'no' 'no' 'no' 'no' 'no' 'no' 'no' 'no' 'no']
102, 360, 113
102, 370, 115
103, 380, 116
105, 390, 114
105, 400, 122
105, 410, 117
null
['no' 'no' 'no' 'no' 'no' 'no' 'no' 'no' 'no' 'no']
105, 410, 117
105, 420, 118
105, 430, 115
105, 440, 115
105, 450, 111
105, 460, 113
null
['no' 'no' 'no' 'no' 'no' 'no' 'no' 'no' 'no' 'no']
105, 460, 113
105, 470, 115
106, 480, 112
106, 490, 115
106, 500, 114
107, 510, 113
null
['no' 'no' 'no' 'no' 'no' 'no' 'no' 'no' 'no' 'no']
107, 510, 113
107, 520, 113
107, 530, 115
107, 540, 116
107, 550, 115
null
['yes' 'no' 'no' 'no' 'no' 'no' 'no' 'no' 'no' 'no']
{'count': 847, 'truepos': 100, 'falseneg': 2, 'unknownyes': 4, 'falsepos': 8, 'unique': 550}
30: Hall.csv: machine4: 0, 0
8, 10
11, 20, 124
12, 30, 140
12, 40, 137
14, 50, 121
19, 60, 121
24, 70, 125
28, 80, 133
31, 90, 140
37, 100, 103
43, 110, 118
48, 120, 114
51, 130, 109
57, 140, 103
60, 150, 115
63, 160, 119
67, 170, 97
71, 180, 93
73, 190, 100
74, 200, 108
78, 210, 96
83, 220, 100
88, 230, 115
90, 240, 115
91, 250, 115
93, 260, 111
93, 270, 111
93, 280, 110
93, 290, 113
94, 300, 108
95, 310, 108
97, 320, 109
98, 330, 112
99, 340, 112
99, 350, 113
99, 360, 115
99, 370, 113
101, 380, 112
102, 390, 116
102, 400, 114
102, 410, 115
102, 420, 116
102, 430, 114
102, 440, 115
102, 450, 113
102, 460, 114
102, 470, 112
102, 480, 111
103, 490, 112
103, 500, 113
103, 510, 113
103, 520, 112
103, 530, 110
103, 540, 112
103, 550, 113
103, 560, 110
104, 570, 111
104, 580, 111
104, 590, 113
104, 600, 112
104, 610, 110
104, 620, 112
{'count': 797, 'truepos': 92, 'falseneg': 10, 'unknownyes': 4, 'falsepos': 12, 'unique': 620}
30: Wahono.csv: none: 0, 0
7, 10
9, 20, 115
10, 30, 116
12, 40, 116
14, 50, 115
16, 60, 101
18, 70, 105
19, 80, 100
20, 90, 88
20, 100, 85
23, 110, 70
27, 120, 75
30, 130, 80
31, 140, 77
33, 150, 85
36, 160, 80
40, 170, 73
41, 180, 81
43, 190, 81
44, 200, 82
46, 210, 81
48, 220, 94
50, 230, 93
53, 240, 99
55, 250, 92
56, 260, 104
56, 270, 100
59, 280, 98
60, 290, 105
61, 300, 104
62, 310, 95
63, 320, 94
65, 330, 99
66, 340, 106
69, 350, 99
70, 360, 107
74, 370, 114
76, 380, 127
77, 390, 131
78, 400, 132
78, 410, 139
78, 420, 126
81, 430, 129
82, 440, 121
83, 450, 134
85, 460, 125
86, 470, 132
86, 480, 140
88, 490, 128
88, 500, 128
90, 510, 129
92, 520, 123
95, 530, 125
97, 540, 126
97, 550, 136
97, 560, 128
98, 570, 127
101, 580, 124
102, 590, 131
103, 600, 125
105, 610, 129
106, 620, 127
107, 630, 129
108, 640, 137
108, 650, 133
111, 660, 131
113, 670, 134
113, 680, 134
114, 690, 135
116, 700, 136
118, 710, 141
118, 720, 140
121, 730, 144
123, 740, 150
123, 750, 168
125, 760, 155
126, 770, 159
126, 780, 165
126, 790, 164
127, 800, 160
128, 810, 161
128, 820, 155
128, 830, 166
130, 840, 159
132, 850, 158
133, 860, 162
133, 870, 166
134, 880, 164
135, 890, 159
135, 900, 164
135, 910, 164
136, 920, 161
137, 930, 161
137, 940, 161
138, 950, 163
138, 960, 162
139, 970, 161
140, 980, 159
141, 990, 167
141, 1000, 162
142, 1010, 163
145, 1020, 165
145, 1030, 175
146, 1040, 173
147, 1050, 169
147, 1060, 170
148, 1070, 164
150, 1080, 171
151, 1090, 179
153, 1100, 173
154, 1110, 181
154, 1120, 185
155, 1130, 183
156, 1140, 185
156, 1150, 188
156, 1160, 187
157, 1170, 182
157, 1180, 183
160, 1190, 183
160, 1200, 191
162, 1210, 191
165, 1220, 192
169, 1230, 202
169, 1240, 205
169, 1250, 204
169, 1260, 201
170, 1270, 198
172, 1280, 199
173, 1290, 214
173, 1300, 208
173, 1310, 206
175, 1320, 210
175, 1330, 209
177, 1340, 206
179, 1350, 216
182, 1360, 209
184, 1370, 219
188, 1380, 225
189, 1390, 229
190, 1400, 235
191, 1410, 232
191, 1420, 234
191, 1430, 238
192, 1440, 237
192, 1450, 229
193, 1460, 235
193, 1470, 229
194, 1480, 233
194, 1490, 235
195, 1500, 235
195, 1510, 231
196, 1520, 231
197, 1530, 240
199, 1540, 231
201, 1550, 246
202, 1560, 237
202, 1570, 234
204, 1580, 233
205, 1590, 231
207, 1600, 239
207, 1610, 241
209, 1620, 237
213, 1630, 245
215, 1640, 242
216, 1650, 249
217, 1660, 246
218, 1670, 247
220, 1680, 249
221, 1690, 250
221, 1700, 248
224, 1710, 246
225, 1720, 252
227, 1730, 253
228, 1740, 254
228, 1750, 253
228, 1760, 255
229, 1770, 251
231, 1780, 254
231, 1790, 257
232, 1800, 259
235, 1810, 254
235, 1820, 258
237, 1830, 259
238, 1840, 262
238, 1850, 263
239, 1860, 264
240, 1870, 261
240, 1880, 265
241, 1890, 262
241, 1900, 264
241, 1910, 265
243, 1920, 267
244, 1930, 268
245, 1940, 270
245, 1950, 275
246, 1960, 269
247, 1970, 274
248, 1980, 275
249, 1990, 274
249, 2000, 277
250, 2010, 276
252, 2020, 278
253, 2030, 280
254, 2040, 281
255, 2050, 281
255, 2060, 284
256, 2070, 283
256, 2080, 282
257, 2090, 282
257, 2100, 281
259, 2110, 282
259, 2120, 286
260, 2130, 284
261, 2140, 284
261, 2150, 285
265, 2160, 285
266, 2170, 290
268, 2180, 292
269, 2190, 293
271, 2200, 291
272, 2210, 295
273, 2220, 295
275, 2230, 298
275, 2240, 299
276, 2250, 299
277, 2260, 301
277, 2270, 303
277, 2280, 300
279, 2290, 303
279, 2300, 304
279, 2310, 305
279, 2320, 302
279, 2330, 303
279, 2340, 302
280, 2350, 301
283, 2360, 300
283, 2370, 304
284, 2380, 303
286, 2390, 304
286, 2400, 306
287, 2410, 306
288, 2420, 309
288, 2430, 308
288, 2440, 308
289, 2450, 308
289, 2460, 308
290, 2470, 308
292, 2480, 310
292, 2490, 311
293, 2500, 311
293, 2510, 312
293, 2520, 312
294, 2530, 309
294, 2540, 314
295, 2550, 311
295, 2560, 313
{'count': 2560, 'truepos': 51, 'falseneg': 6, 'unknownyes': 5, 'falsepos': 244, 'unique': 2560}
30: Wahono.csv: three: 0, 0
6, 10
6, 20, 100
9, 30, 94
9, 40, 93
13, 50, 71
15, 60, 81
19, 70, 65
21, 80, 67
23, 90, 70
24, 100, 68
25, 110, 60
26, 120, 57
28, 130, 57
31, 140, 60
33, 150, 59
35, 160, 60
37, 170, 65
40, 180, 72
41, 190, 80
41, 200, 71
42, 210, 71
42, 220, 73
42, 230, 69
42, 240, 66
43, 250, 65
44, 260, 63
46, 270, 68
48, 280, 71
49, 290, 69
49, 300, 72
52, 310, 70
54, 320, 76
54, 330, 79
54, 340, 76
55, 350, 75
56, 360, 71
56, 370, 76
58, 380, 79
58, 390, 83
59, 400, 80
60, 410, 81
61, 420, 74
62, 430, 76
62, 440, 77
62, 450, 78
62, 460, 77
62, 470, 76
62, 480, 75
62, 490, 73
63, 500, 74
63, 510, 77
64, 520, 76
65, 530, 80
65, 540, 79
65, 550, 78
66, 560, 77
68, 570, 79
68, 580, 81
68, 590, 80
70, 600, 80
70, 610, 84
70, 620, 84
70, 630, 85
70, 640, 84
71, 650, 87
71, 660, 84
71, 670, 84
71, 680, 85
71, 690, 82
72, 700, 85
72, 710, 90
72, 720, 95
72, 730, 84
73, 740, 88
74, 750, 91
74, 760, 85
74, 770, 92
74, 780, 90
75, 790, 88
76, 800, 90
76, 810, 98
77, 820, 97
77, 830, 94
78, 840, 92
78, 850, 100
79, 860, 100
79, 870, 109
79, 880, 98
79, 890, 96
79, 900, 94
79, 910, 99
79, 920, 92
79, 930, 99
80, 940, 93
80, 950, 93
80, 960, 92
80, 970, 92
81, 980, 93
81, 990, 94
82, 1000, 96
82, 1010, 96
82, 1020, 97
82, 1030, 95
82, 1040, 93
82, 1050, 94
83, 1060, 93
83, 1070, 99
83, 1080, 95
84, 1090, 93
86, 1100, 96
88, 1110, 97
90, 1120, 102
90, 1130, 108
91, 1140, 102
91, 1150, 103
91, 1160, 107
91, 1170, 106
91, 1180, 102
91, 1190, 105
92, 1200, 106
92, 1210, 104
92, 1220, 104
92, 1230, 104
92, 1240, 104
92, 1250, 103
92, 1260, 103
92, 1270, 102
92, 1280, 102
92, 1290, 103
93, 1300, 101
93, 1310, 103
93, 1320, 104
93, 1330, 103
93, 1340, 102
93, 1350, 104
93, 1360, 102
93, 1370, 102
93, 1380, 101
93, 1390, 101
95, 1400, 102
95, 1410, 103
95, 1420, 105
95, 1430, 104
95, 1440, 103
96, 1450, 105
97, 1460, 106
97, 1470, 107
97, 1480, 106
97, 1490, 106
97, 1500, 107
97, 1510, 105
97, 1520, 105
97, 1530, 106
98, 1540, 105
98, 1550, 105
99, 1560, 105
100, 1570, 107
100, 1580, 109
101, 1590, 108
101, 1600, 109
101, 1610, 109
101, 1620, 108
101, 1630, 109
101, 1640, 109
101, 1650, 109
101, 1660, 109
101, 1670, 109
101, 1680, 110
102, 1690, 110
103, 1700, 109
104, 1710, 112
106, 1720, 111
107, 1730, 115
107, 1740, 114
107, 1750, 115
107, 1760, 115
107, 1770, 114
107, 1780, 115
107, 1790, 115
107, 1800, 115
107, 1810, 115
107, 1820, 113
107, 1830, 114
108, 1840, 114
108, 1850, 114
108, 1860, 115
108, 1870, 114
108, 1880, 115
108, 1890, 115
108, 1900, 114
109, 1910, 114
109, 1920, 115
109, 1930, 116
109, 1940, 116
109, 1950, 115
109, 1960, 115
109, 1970, 116
109, 1980, 116
110, 1990, 115
112, 2000, 116
112, 2010, 119
112, 2020, 118
112, 2030, 119
112, 2040, 119
113, 2050, 119
113, 2060, 121
113, 2070, 121
114, 2080, 119
115, 2090, 121
116, 2100, 122
117, 2110, 124
117, 2120, 126
118, 2130, 125
118, 2140, 126
118, 2150, 126
119, 2160, 126
119, 2170, 128
119, 2180, 127
120, 2190, 126
120, 2200, 128
122, 2210, 128
122, 2220, 130
122, 2230, 130
122, 2240, 131
124, 2250, 130
124, 2260, 131
{'count': 4905, 'truepos': 59, 'falseneg': 0, 'unknownyes': 3, 'falsepos': 65, 'unique': 2260}
30: Wahono.csv: machine: 0, 0
5, 10
5, 20, 95
7, 30, 88
10, 40, 92
14, 50, 85
18, 60, 86
['yes' 'yes' 'yes' 'yes' 'yes' 'yes' 'yes' 'yes' 'yes' 'yes']
['yes']
19, 60, 86
23, 70, 87
24, 80, 101
29, 90, 82
30, 100, 95
36, 110, 88
['yes' 'yes' 'yes' 'yes' 'yes' 'yes' 'yes' 'yes' 'no' 'no']
['no' 'no' 'no' 'no' 'no' 'no' 'no' 'no' 'no' 'no']
32, 110, 88
32, 120, 72
33, 130, 69
35, 140, 68
37, 150, 61
37, 160, 64
['no' 'yes' 'yes' 'yes' 'no' 'yes' 'yes' 'yes' 'no' 'no']
['no' 'no' 'no' 'no' 'no' 'no' 'no' 'no' 'yes' 'no']
35, 160, 64
38, 170, 60
39, 180, 62
40, 190, 65
41, 200, 64
42, 210, 65
['yes' 'yes' 'no' 'no' 'yes' 'no' 'yes' 'no' 'no' 'yes']
['no' 'no' 'no' 'no' 'no' 'no' 'no' 'yes' 'no' 'no']
37, 210, 65
40, 220, 56
41, 230, 56
41, 240, 63
43, 250, 58
47, 260, 59
['no' 'no' 'no' 'no' 'yes' 'no' 'no' 'no' 'yes' 'yes']
['yes' 'no' 'no' 'no' 'no' 'no' 'no' 'no' 'no' 'no']
43, 260, 59
43, 270, 55
44, 280, 63
46, 290, 59
47, 300, 63
47, 310, 68
['no' 'yes' 'yes' 'yes' 'no' 'yes' 'yes' 'yes' 'yes' 'yes']
['no' 'no' 'no' 'no' 'no' 'no' 'no' 'no' 'no' 'no']
43, 310, 68
43, 320, 56
46, 330, 58
47, 340, 66
48, 350, 71
48, 360, 67
['no' 'no' 'yes' 'no' 'no' 'yes' 'no' 'yes' 'no' 'no']
['no' 'no' 'no' 'no' 'no' 'no' 'no' 'no' 'no' 'no']
42, 360, 67
43, 370, 58
43, 380, 60
45, 390, 56
46, 400, 57
47, 410, 59
['no' 'no' 'no' 'yes' 'yes']
['no' 'no' 'no' 'no' 'no' 'no' 'no' 'no' 'no' 'no']
44, 410, 59
46, 420, 60
47, 430, 57
48, 440, 59
48, 450, 60
49, 460, 61
['no' 'no' 'yes' 'no' 'no']
['no' 'no' 'no' 'no' 'no' 'no' 'no' 'no' 'no' 'no']
48, 460, 61
49, 470, 59
50, 480, 61
50, 490, 65
51, 500, 68
52, 510, 69
['no' 'no' 'no' 'no' 'no' 'no']
['no' 'no' 'no' 'no' 'no' 'no' 'yes' 'no' 'no' 'no']
47, 510, 69
47, 520, 59
48, 530, 57
51, 540, 59
52, 550, 62
54, 560, 62
['no' 'yes' 'yes' 'yes' 'no' 'yes' 'yes']
['no' 'no' 'no' 'no' 'yes' 'no' 'no' 'no' 'no' 'no']
52, 560, 62
53, 570, 63
54, 580, 65
56, 590, 64
57, 600, 67
57, 610, 70
['no' 'no' 'no' 'no' 'no' 'no']
['no' 'no' 'no' 'no' 'no' 'no' 'no' 'no' 'no' 'no']
52, 610, 70
53, 620, 63
54, 630, 63
56, 640, 65
58, 650, 68
59, 660, 72
['no' 'no' 'no' 'no' 'no' 'no' 'no' 'no']
['no' 'no' 'no' 'no' 'no' 'no' 'no' 'no' 'no' 'no']
52, 660, 72
53, 670, 62
57, 680, 63
60, 690, 69
62, 700, 76
63, 710, 79
['no' 'no' 'no' 'no' 'no' 'no' 'no' 'no' 'no' 'no']
['no' 'no' 'no' 'no' 'no' 'no' 'no' 'no' 'no' 'no']
53, 710, 79
53, 720, 61
53, 730, 61
53, 740, 62
55, 750, 61
56, 760, 65
['yes' 'no' 'no' 'no']
['no' 'no' 'no' 'no' 'no' 'no' 'no' 'no' 'no' 'no']
58, 760, 65
58, 770, 67
58, 780, 66
58, 790, 66
59, 800, 66
61, 810, 66
['no' 'no' 'no' 'no' 'no' 'no' 'no']
['no' 'yes' 'no' 'no' 'no' 'no' 'no' 'no' 'no' 'no']
56, 810, 66
56, 820, 64
56, 830, 65
56, 840, 64
57, 850, 63
57, 860, 65
['no']
['no' 'no' 'no' 'no' 'no' 'no' 'no' 'no' 'no' 'no']
56, 860, 65
56, 870, 64
59, 880, 65
60, 890, 67
60, 900, 66
62, 910, 68
['no' 'no' 'no' 'no' 'no' 'no']
['no' 'no' 'no' 'no' 'no' 'no' 'no' 'no' 'no' 'no']
58, 910, 68
58, 920, 66
58, 930, 65
59, 940, 65
59, 950, 67
60, 960, 67
['no' 'no' 'no' 'no']
['no' 'no' 'no' 'no' 'no' 'no' 'no' 'no' 'no' 'no']
56, 960, 67
57, 970, 63
59, 980, 64
61, 990, 66
62, 1000, 69
62, 1010, 70
['no' 'no' 'no' 'no' 'yes' 'no']
['no' 'no' 'no' 'no' 'no' 'no' 'no' 'no' 'no' 'no']
60, 1010, 70
62, 1020, 67
63, 1030, 70
63, 1040, 70
66, 1050, 70
67, 1060, 74
['no' 'no' 'no' 'no' 'no' 'no' 'no' 'no' 'no']
['no' 'no' 'no' 'no' 'no' 'no' 'no' 'no' 'no' 'no']
59, 1060, 74
61, 1070, 65
61, 1080, 68
64, 1090, 67
64, 1100, 71
65, 1110, 71
['no' 'yes' 'no' 'no' 'no' 'no']
['no' 'no' 'no' 'no' 'no' 'no' 'no' 'no' 'no' 'no']
60, 1110, 71
61, 1120, 66
62, 1130, 66
62, 1140, 67
64, 1150, 68
66, 1160, 70
['no' 'no' 'no' 'yes' 'no' 'no']
['no' 'no' 'no' 'no' 'no' 'no' 'no' 'yes' 'no' 'no']
64, 1160, 70
65, 1170, 70
65, 1180, 71
66, 1190, 71
67, 1200, 72
67, 1210, 73
['no' 'yes' 'no' 'no' 'no']
['no' 'no' 'no' 'no' 'no' 'no' 'no' 'no' 'no' 'no']
66, 1210, 73
66, 1220, 71
68, 1230, 72
69, 1240, 74
70, 1250, 76
73, 1260, 77
['no' 'no' 'no' 'no' 'no' 'no' 'no' 'no']
['no' 'no' 'no' 'no' 'no' 'no' 'no' 'no' 'no' 'no']
65, 1260, 77
67, 1270, 70
68, 1280, 73
70, 1290, 74
70, 1300, 78
71, 1310, 80
['no' 'no' 'no' 'yes' 'no' 'no']
['no' 'no' 'no' 'no' 'no' 'no' 'no' 'no' 'no' 'no']
67, 1310, 80
68, 1320, 73
68, 1330, 74
69, 1340, 73
70, 1350, 74
71, 1360, 75
['no' 'no' 'no' 'no']
['no' 'no' 'no' 'no' 'no' 'no' 'no' 'no' 'no' 'no']
68, 1360, 75
68, 1370, 73
70, 1380, 73
70, 1390, 76
72, 1400, 75
72, 1410, 78
['no' 'no' 'no' 'no' 'no']
['no' 'no' 'no' 'no' 'no' 'no' 'no' 'no' 'no' 'no']
71, 1410, 78
72, 1420, 77
73, 1430, 78
73, 1440, 79
74, 1450, 79
75, 1460, 79
['no' 'no' 'no' 'no' 'no' 'no' 'no']
['no' 'no' 'no' 'no' 'no' 'no' 'no' 'no' 'no' 'no']
71, 1460, 79
73, 1470, 76
74, 1480, 79
75, 1490, 82
76, 1500, 81
77, 1510, 83
['no' 'no' 'no' 'no' 'no' 'no' 'no' 'no' 'no']
['no' 'no' 'no' 'no' 'no' 'no' 'no' 'no' 'no' 'no']
71, 1510, 83
71, 1520, 76
72, 1530, 76
72, 1540, 78
72, 1550, 77
74, 1560, 77
['no' 'no' 'no' 'no' 'no']
['no' 'no' 'no' 'no' 'no' 'no' 'no' 'no' 'no' 'no']
['no' 'no' 'no' 'no' 'no']
['no' 'no' 'no' 'no' 'no' 'no' 'no' 'no' 'no' 'no']
{'count': 2076, 'truepos': 53, 'falseneg': 6, 'unknownyes': 3, 'falsepos': 17, 'unique': 1560}
30: Wahono.csv: machine2: 0, 0
5, 10
7, 20, 93
10, 30, 102
12, 40, 131
14, 50, 120
15, 60, 127
['no' 'no' 'yes' 'no' 'no' 'yes' 'yes' 'yes' 'yes' 'yes']
[]
11, 60, 127
14, 70, 108
16, 80, 104
18, 90, 113
20, 100, 105
21, 110, 88
['no' 'no' 'no' 'yes' 'no' 'no' 'yes' 'yes' 'yes' 'yes']
[]
19, 110, 88
21, 120, 74
24, 130, 72
26, 140, 74
28, 150, 73
28, 160, 73
['yes' 'yes' 'yes' 'yes' 'yes' 'yes' 'yes' 'yes' 'yes' 'yes']
[]
28, 160, 73
31, 170, 68
33, 180, 70
37, 190, 65
40, 200, 71
42, 210, 69
['yes' 'no' 'no' 'yes' 'yes' 'yes' 'yes' 'yes' 'yes' 'yes']
['no' 'no' 'no' 'no' 'no' 'no' 'no' 'no' 'no' 'no']
41, 210, 69
43, 220, 71
46, 230, 71
48, 240, 77
49, 250, 80
52, 260, 82
['yes' 'no' 'no' 'no' 'no' 'yes' 'yes' 'yes' 'no' 'no']
['no' 'no' 'no' 'no' 'no' 'no' 'no' 'no' 'no' 'no']
47, 260, 82
47, 270, 74
49, 280, 75
50, 290, 79
51, 300, 78
51, 310, 77
['yes' 'no' 'no' 'no' 'no' 'no' 'yes' 'yes' 'yes' 'yes']
['no' 'no' 'no' 'no' 'no' 'no' 'no' 'no' 'no' 'no']
47, 310, 77
48, 320, 65
51, 330, 64
54, 340, 71
55, 350, 72
55, 360, 77
['yes' 'no' 'yes' 'yes' 'no' 'yes' 'no' 'no' 'no' 'no']
['no' 'no' 'no' 'no' 'no' 'no' 'no' 'no' 'no' 'yes']
50, 360, 77
51, 370, 65
51, 380, 66
51, 390, 64
53, 400, 62
53, 410, 68
['no' 'no' 'yes' 'yes' 'no' 'yes' 'yes']
['no' 'yes' 'no' 'no' 'no' 'no' 'no' 'no' 'no' 'no']
52, 410, 68
52, 420, 67
52, 430, 62
54, 440, 64
55, 450, 64
55, 460, 67
['no' 'yes' 'no' 'no' 'yes']
['no' 'no' 'no' 'no' 'no' 'no' 'no' 'no' 'no' 'no']
52, 460, 67
52, 470, 64
55, 480, 60
56, 490, 67
59, 500, 68
59, 510, 74
['no' 'no' 'yes' 'no' 'no' 'no' 'no']
['no' 'no' 'no' 'no' 'no' 'no' 'no' 'no' 'no' 'no']
54, 510, 74
59, 520, 64
61, 530, 71
66, 540, 73
69, 550, 83
69, 560, 88
['no' 'no' 'no' 'no' 'no' 'no' 'no' 'no' 'no' 'no']
['no' 'no' 'no' 'no' 'no' 'no' 'no' 'no' 'no' 'no']
61, 560, 88
61, 570, 75
62, 580, 76
62, 590, 74
64, 600, 74
65, 610, 76
['no' 'no' 'no' 'yes' 'no' 'no' 'yes' 'yes' 'no']
['no' 'no' 'no' 'no' 'no' 'no' 'no' 'no' 'no' 'no']
59, 610, 76
59, 620, 70
59, 630, 69
60, 640, 71
60, 650, 70
61, 660, 68
['no' 'no']
['no' 'no' 'no' 'no' 'no' 'no' 'no' 'no' 'no' 'no']
60, 660, 68
60, 670, 70
63, 680, 70
64, 690, 73
65, 700, 80
66, 710, 74
['no' 'no' 'no' 'no' 'yes' 'no' 'no']
['no' 'no' 'no' 'no' 'no' 'no' 'no' 'no' 'no' 'no']
61, 710, 74
61, 720, 70
61, 730, 69
63, 740, 73
64, 750, 76
65, 760, 74
['no' 'no' 'no' 'no']
['no' 'no' 'no' 'no' 'no' 'no' 'no' 'no' 'no' 'no']
64, 760, 74
67, 770, 80
68, 780, 82
69, 790, 81
70, 800, 83
72, 810, 84
['no' 'no' 'no' 'no' 'no' 'no' 'no' 'no' 'no']
['no' 'no' 'no' 'no' 'no' 'no' 'no' 'no' 'no' 'no']
67, 810, 84
69, 820, 80
69, 830, 82
72, 840, 84
73, 850, 84
75, 860, 86
['no' 'no' 'no' 'no' 'no' 'no' 'no' 'no' 'no']
['no' 'no' 'no' 'no' 'no' 'no' 'no' 'no' 'no' 'no']
71, 860, 86
71, 870, 85
71, 880, 83
73, 890, 80
73, 900, 83
73, 910, 82
['no' 'no' 'no' 'no' 'no' 'no']
['no' 'no' 'no' 'no' 'no' 'no' 'no' 'no' 'no' 'no']
70, 910, 82
70, 920, 80
71, 930, 78
74, 940, 78
74, 950, 86
74, 960, 83
['no' 'no' 'no' 'no' 'no' 'no']
['no' 'no' 'no' 'no' 'no' 'no' 'no' 'no' 'no' 'no']
69, 960, 83
70, 970, 77
71, 980, 80
71, 990, 80
72, 1000, 81
73, 1010, 81
['no' 'no' 'no' 'no']
['no' 'no' 'no' 'no' 'no' 'no' 'no' 'no' 'no' 'no']
72, 1010, 81
72, 1020, 81
72, 1030, 80
72, 1040, 82
73, 1050, 81
73, 1060, 84
['no' 'no' 'no' 'no']
['no' 'no' 'no' 'no' 'no' 'no' 'no' 'no' 'no' 'no']
70, 1060, 84
71, 1070, 77
73, 1080, 77
73, 1090, 80
75, 1100, 81
76, 1110, 81
['no' 'no' 'yes' 'no' 'no' 'no' 'no']
['no' 'no' 'no' 'no' 'no' 'no' 'no' 'no' 'no' 'no']
73, 1110, 81
74, 1120, 81
75, 1130, 81
75, 1140, 83
77, 1150, 83
78, 1160, 86
['yes' 'no' 'no' 'no' 'no' 'no']
['no' 'no' 'no' 'no' 'no' 'no' 'no' 'no' 'no' 'no']
76, 1160, 86
76, 1170, 84
76, 1180, 84
77, 1190, 85
78, 1200, 85
78, 1210, 87
['no' 'yes' 'no' 'no' 'no']
['no' 'no' 'no' 'no' 'no' 'no' 'no' 'no' 'no' 'no']
75, 1210, 87
77, 1220, 82
77, 1230, 84
78, 1240, 84
82, 1250, 85
83, 1260, 90
['no' 'no' 'no' 'no' 'no' 'no' 'no' 'no']
['no' 'no' 'no' 'no' 'no' 'no' 'no' 'no' 'no' 'no']
77, 1260, 90
80, 1270, 83
80, 1280, 87
80, 1290, 86
81, 1300, 87
82, 1310, 89
['no' 'no' 'no' 'no' 'no' 'no']
['no' 'no' 'no' 'no' 'no' 'no' 'no' 'no' 'no' 'no']
78, 1310, 89
80, 1320, 84
81, 1330, 87
81, 1340, 88
81, 1350, 88
82, 1360, 88
['yes' 'no' 'no' 'no' 'no']
['no' 'no' 'no' 'no' 'no' 'no' 'no' 'no' 'no' 'no']
83, 1360, 88
85, 1370, 89
85, 1380, 91
86, 1390, 91
86, 1400, 93
87, 1410, 92
['yes' 'no' 'no' 'no' 'no' 'no' 'no']
['no' 'no' 'no' 'no' 'no' 'no' 'no' 'no' 'no' 'no']
83, 1410, 92
85, 1420, 89
85, 1430, 92
87, 1440, 90
87, 1450, 93
87, 1460, 94
['no' 'no' 'no' 'no' 'no']
['no' 'no' 'no' 'no' 'no' 'no' 'no' 'no' 'no' 'no']
84, 1460, 94
85, 1470, 90
85, 1480, 91
88, 1490, 92
89, 1500, 95
89, 1510, 95
['no' 'no' 'no' 'no' 'no' 'no']
['no' 'no' 'no' 'no' 'no' 'no' 'no' 'no' 'no' 'no']
84, 1510, 95
86, 1520, 91
86, 1530, 92
87, 1540, 92
89, 1550, 95
89, 1560, 97
['no' 'no' 'no' 'no' 'no']
['no' 'no' 'no' 'no' 'no' 'no' 'no' 'no' 'no' 'no']
88, 1560, 97
89, 1570, 95
91, 1580, 96
93, 1590, 98
94, 1600, 101
95, 1610, 102
['no' 'no' 'no' 'no' 'no' 'no' 'no' 'no' 'no']
['no' 'no' 'no' 'no' 'no' 'no' 'no' 'no' 'no' 'no']
87, 1610, 102
88, 1620, 94
91, 1630, 95
93, 1640, 99
95, 1650, 102
95, 1660, 106
['no' 'no' 'no' 'no' 'no' 'no' 'no' 'no']
['no' 'no' 'no' 'no' 'no' 'no' 'no' 'no' 'no' 'no']
88, 1660, 106
89, 1670, 95
90, 1680, 96
91, 1690, 97
91, 1700, 99
91, 1710, 98
['no' 'no' 'no']
['no' 'no' 'no' 'no' 'no' 'no' 'no' 'no' 'no' 'no']
90, 1710, 98
90, 1720, 96
91, 1730, 97
91, 1740, 98
91, 1750, 97
91, 1760, 98
['no' 'no']
['no' 'no' 'no' 'no' 'no' 'no' 'no' 'no' 'no' 'no']
92, 1760, 98
93, 1770, 98
95, 1780, 100
96, 1790, 103
97, 1800, 104
98, 1810, 105
['no' 'no' 'no' 'no' 'no' 'no' 'no' 'no' 'no']
['no' 'no' 'no' 'no' 'no' 'no' 'no' 'no' 'no' 'no']
90, 1810, 105
91, 1820, 96
93, 1830, 97
95, 1840, 100
95, 1850, 102
97, 1860, 102
['no' 'no' 'no' 'no' 'no' 'no' 'no']
['no' 'no' 'no' 'no' 'no' 'no' 'no' 'no' 'no' 'no']
['no' 'no' 'no' 'no' 'no' 'no' 'no']
['no' 'no' 'no' 'no' 'no' 'no' 'no' 'no' 'no' 'no']
{'count': 2615, 'truepos': 58, 'falseneg': 2, 'unknownyes': 2, 'falsepos': 33, 'unique': 1860}
30: Wahono.csv: machine3: 0, 0
5, 10
7, 20, 106
10, 30, 97
11, 40, 101
13, 50, 93
15, 60, 87
null
['no']
15, 60, 87
17, 70, 82
19, 80, 82
20, 90, 79
21, 100, 70
21, 110, 65
null
[]
23, 120, 60
27, 130, 62
28, 140, 60
29, 150, 58
31, 160, 56
34, 170, 60
null
['no' 'no' 'no' 'no' 'no' 'no' 'no' 'no' 'no' 'no']
34, 170, 60
34, 180, 62
36, 190, 60
36, 200, 62
36, 210, 59
37, 220, 61
null
['no' 'no' 'no' 'no' 'no' 'no' 'no' 'no' 'no' 'no']
37, 220, 61
40, 230, 58
40, 240, 67
42, 250, 61
43, 260, 62
44, 270, 65
null
['no' 'no' 'no' 'no' 'no' 'no' 'yes' 'no' 'no' 'no']
45, 270, 65
46, 280, 65
47, 290, 62
47, 300, 65
47, 310, 62
48, 320, 61
null
['no' 'no' 'no' 'no' 'no' 'no' 'no' 'no' 'no' 'no']
48, 320, 61
49, 330, 62
49, 340, 64
49, 350, 66
49, 360, 62
50, 370, 64
null
['no' 'no' 'no' 'no' 'no' 'no' 'no' 'no' 'no' 'no']
50, 370, 64
50, 380, 66
51, 390, 65
51, 400, 71
51, 410, 69
51, 420, 70
null
['no' 'no' 'no' 'no' 'no' 'no' 'no' 'no' 'no' 'no']
51, 420, 70
51, 430, 71
51, 440, 69
51, 450, 62
52, 460, 62
52, 470, 66
null
['no' 'no' 'no' 'no' 'no' 'no' 'no' 'no' 'no' 'no']
52, 470, 66
52, 480, 64
52, 490, 66
52, 500, 66
52, 510, 64
52, 520, 62
null
['no' 'no' 'no' 'no' 'no' 'no' 'no' 'no' 'no' 'no']
52, 520, 62
52, 530, 60
54, 540, 62
54, 550, 65
55, 560, 62
55, 570, 64
null
['no' 'no' 'no' 'no' 'no' 'no' 'no' 'no' 'no' 'no']
55, 570, 64
55, 580, 66
55, 590, 64
56, 600, 64
56, 610, 68
56, 620, 65
null
['no' 'no' 'no' 'no' 'no' 'no' 'no' 'no' 'no' 'no']
57, 620, 65
57, 630, 67
57, 640, 67
57, 650, 65
57, 660, 67
58, 670, 65
null
['no' 'no' 'no' 'no' 'no' 'no' 'no' 'no' 'no' 'no']
58, 670, 65
58, 680, 65
58, 690, 66
58, 700, 65
59, 710, 65
59, 720, 67
null
['no' 'no' 'no' 'no' 'no' 'no' 'no' 'no' 'no' 'no']
59, 720, 67
60, 730, 69
60, 740, 68
60, 750, 70
60, 760, 71
61, 770, 66
null
['no' 'no' 'no' 'no' 'no' 'no' 'no' 'no' 'no' 'no']
61, 770, 66
62, 780, 70
62, 790, 69
62, 800, 69
63, 810, 69
63, 820, 70
null
['no' 'no' 'no' 'no' 'no' 'no' 'no' 'no' 'no' 'no']
63, 820, 70
63, 830, 69
64, 840, 70
64, 850, 71
64, 860, 71
64, 870, 71
null
['no' 'no' 'no' 'no' 'no' 'no' 'no' 'no' 'no' 'no']
64, 870, 71
64, 880, 70
64, 890, 72
64, 900, 70
66, 910, 70
66, 920, 74
null
['no' 'no' 'no' 'no' 'no' 'no' 'no' 'no' 'no' 'no']
67, 920, 74
67, 930, 73
68, 940, 74
69, 950, 77
72, 960, 77
72, 970, 83
null
['no' 'no' 'no' 'no' 'no' 'no' 'no' 'no' 'no' 'no']
72, 970, 83
72, 980, 84
72, 990, 81
72, 1000, 82
72, 1010, 80
72, 1020, 83
null
['no' 'no' 'no' 'no' 'no' 'no' 'no' 'no' 'no' 'no']
73, 1020, 83
73, 1030, 83
74, 1040, 82
74, 1050, 85
75, 1060, 84
75, 1070, 85
null
['no' 'no' 'no' 'no' 'no' 'no' 'no' 'no' 'no' 'no']
75, 1070, 85
75, 1080, 86
75, 1090, 84
75, 1100, 84
76, 1110, 83
76, 1120, 85
null
['no' 'no' 'no' 'no' 'no' 'no' 'no' 'no' 'no' 'no']
76, 1120, 85
76, 1130, 85
76, 1140, 85
76, 1150, 84
76, 1160, 84
77, 1170, 84
null
['no' 'yes' 'no' 'no' 'no' 'no' 'no' 'no' 'no' 'no']
78, 1170, 84
78, 1180, 86
78, 1190, 88
79, 1200, 87
79, 1210, 90
79, 1220, 88
null
['no' 'no' 'no' 'no' 'no' 'no' 'no' 'no' 'no' 'no']
79, 1220, 88
80, 1230, 88
80, 1240, 90
80, 1250, 90
81, 1260, 92
81, 1270, 93
null
['no' 'no' 'no' 'no' 'no' 'no' 'no' 'no' 'no' 'no']
81, 1270, 93
81, 1280, 90
81, 1290, 91
81, 1300, 91
81, 1310, 91
81, 1320, 90
null
['no' 'no' 'no' 'no' 'no' 'no' 'no' 'no' 'no' 'no']
82, 1320, 90
82, 1330, 91
82, 1340, 93
82, 1350, 91
83, 1360, 91
83, 1370, 91
null
['no' 'no' 'no' 'no' 'no' 'no' 'no' 'no' 'no' 'no']
83, 1370, 91
83, 1380, 91
83, 1390, 91
83, 1400, 91
83, 1410, 91
83, 1420, 91
null
['no' 'no' 'no' 'no' 'no' 'no' 'no' 'no' 'no' 'no']
83, 1420, 91
84, 1430, 90
84, 1440, 91
84, 1450, 91
85, 1460, 91
85, 1470, 92
null
['no' 'no' 'no' 'no' 'no' 'no' 'no' 'no' 'no' 'no']
85, 1470, 92
85, 1480, 92
85, 1490, 91
85, 1500, 91
85, 1510, 90
85, 1520, 91
null
['no' 'no' 'no' 'no' 'no' 'no' 'no' 'no' 'no' 'no']
85, 1520, 91
85, 1530, 91
85, 1540, 90
86, 1550, 90
86, 1560, 92
86, 1570, 92
null
['no' 'no' 'no' 'no' 'no' 'no' 'no' 'no' 'no' 'no']
86, 1570, 92
86, 1580, 92
86, 1590, 91
86, 1600, 92
null
['no' 'no' 'no' 'no' 'no' 'no' 'no' 'no' 'no' 'no']
{'count': 2280, 'truepos': 58, 'falseneg': 0, 'unknownyes': 4, 'falsepos': 28, 'unique': 1600}
30: Wahono.csv: machine4: 0, 0
6, 10
6, 20, 100
7, 30, 94
9, 40, 85
12, 50, 69
14, 60, 66
15, 70, 58
16, 80, 55
18, 90, 49
19, 100, 51
20, 110, 51
21, 120, 51
21, 130, 51
24, 140, 49
24, 150, 52
24, 160, 47
25, 170, 46
25, 180, 47
25, 190, 45
25, 200, 45
26, 210, 45
27, 220, 45
28, 230, 47
28, 240, 48
28, 250, 48
30, 260, 48
31, 270, 47
33, 280, 46
34, 290, 52
35, 300, 51
36, 310, 58
37, 320, 57
38, 330, 58
40, 340, 61
40, 350, 62
40, 360, 61
40, 370, 60
41, 380, 59
41, 390, 67
44, 400, 62
45, 410, 71
45, 420, 76
45, 430, 75
45, 440, 70
45, 450, 68
45, 460, 76
46, 470, 69
46, 480, 69
47, 490, 67
47, 500, 68
48, 510, 73
48, 520, 71
49, 530, 69
49, 540, 79
49, 550, 76
49, 560, 70
50, 570, 70
50, 580, 72
50, 590, 69
50, 600, 71
51, 610, 67
51, 620, 77
51, 630, 72
51, 640, 70
52, 650, 70
52, 660, 71
52, 670, 77
52, 680, 74
52, 690, 77
52, 700, 70
52, 710, 72
52, 720, 67
52, 730, 68
52, 740, 71
52, 750, 68
52, 760, 66
52, 770, 67
52, 780, 66
52, 790, 69
52, 800, 68
52, 810, 68
52, 820, 67
52, 830, 67
52, 840, 66
53, 850, 63
54, 860, 70
54, 870, 65
55, 880, 66
55, 890, 70
55, 900, 68
55, 910, 66
57, 920, 64
57, 930, 69
57, 940, 68
57, 950, 68
59, 960, 67
59, 970, 69
61, 980, 68
61, 990, 74
61, 1000, 72
61, 1010, 74
61, 1020, 73
61, 1030, 72
62, 1040, 70
63, 1050, 72
63, 1060, 73
63, 1070, 73
63, 1080, 73
63, 1090, 74
63, 1100, 72
64, 1110, 73
64, 1120, 72
64, 1130, 74
65, 1140, 73
65, 1150, 73
65, 1160, 73
66, 1170, 75
66, 1180, 76
66, 1190, 76
66, 1200, 74
66, 1210, 75
66, 1220, 74
66, 1230, 75
66, 1240, 75
66, 1250, 75
66, 1260, 74
67, 1270, 73
67, 1280, 75
67, 1290, 74
67, 1300, 75
67, 1310, 74
67, 1320, 74
68, 1330, 74
68, 1340, 74
68, 1350, 75
69, 1360, 74
70, 1370, 77
70, 1380, 76
71, 1390, 77
71, 1400, 79
72, 1410, 78
72, 1420, 80
72, 1430, 80
73, 1440, 79
73, 1450, 81
73, 1460, 83
73, 1470, 81
73, 1480, 80
73, 1490, 81
73, 1500, 80
73, 1510, 81
73, 1520, 80
73, 1530, 79
73, 1540, 80
73, 1550, 80
73, 1560, 80
73, 1570, 79
74, 1580, 79
74, 1590, 81
74, 1600, 82
74, 1610, 79
74, 1620, 80
75, 1630, 81
75, 1640, 81
75, 1650, 81
77, 1660, 80
78, 1670, 83
78, 1680, 84
78, 1690, 84
{'count': 2005, 'truepos': 46, 'falseneg': 15, 'unknownyes': 1, 'falsepos': 32, 'unique': 1690}
30: Danijel.csv: none: 0, 0
5, 10
5, 20, 126
7, 30, 99
10, 40, 92
11, 50, 93
14, 60, 66
15, 70, 70
19, 80, 64
20, 90, 67
24, 100, 57
27, 110, 63
30, 120, 68
31, 130, 65
35, 140, 65
36, 150, 72
37, 160, 68
37, 170, 68
37, 180, 57
39, 190, 58
39, 200, 65
42, 210, 65
43, 220, 70
44, 230, 76
44, 240, 77
44, 250, 70
45, 260, 68
48, 270, 72
49, 280, 84
49, 290, 80
51, 300, 73
53, 310, 81
54, 320, 88
57, 330, 74
58, 340, 77
59, 350, 85
61, 360, 82
62, 370, 90
65, 380, 84
66, 390, 87
69, 400, 86
72, 410, 94
73, 420, 94
73, 430, 94
75, 440, 97
77, 450, 92
79, 460, 101
79, 470, 97
80, 480, 96
81, 490, 98
83, 500, 98
84, 510, 107
86, 520, 104
86, 530, 107
87, 540, 103
88, 550, 116
89, 560, 105
90, 570, 109
91, 580, 105
91, 590, 109
91, 600, 109
91, 610, 105
92, 620, 107
96, 630, 108
96, 640, 113
97, 650, 111
98, 660, 112
100, 670, 117
101, 680, 115
101, 690, 123
102, 700, 114
103, 710, 117
106, 720, 123
107, 730, 134
110, 740, 134
112, 750, 133
113, 760, 140
114, 770, 138
116, 780, 137
118, 790, 147
118, 800, 147
120, 810, 142
120, 820, 157
120, 830, 152
121, 840, 144
121, 850, 147
121, 860, 146
123, 870, 145
124, 880, 147
125, 890, 146
126, 900, 150
126, 910, 148
126, 920, 151
126, 930, 148
127, 940, 145
127, 950, 148
127, 960, 150
129, 970, 146
132, 980, 147
135, 990, 153
136, 1000, 158
136, 1010, 158
137, 1020, 158
137, 1030, 156
137, 1040, 155
138, 1050, 153
139, 1060, 154
139, 1070, 154
139, 1080, 155
139, 1090, 154
139, 1100, 156
139, 1110, 155
140, 1120, 153
140, 1130, 154
141, 1140, 155
143, 1150, 155
143, 1160, 160
144, 1170, 162
145, 1180, 161
146, 1190, 158
147, 1200, 160
148, 1210, 161
148, 1220, 162
149, 1230, 161
150, 1240, 161
151, 1250, 166
151, 1260, 169
152, 1270, 164
152, 1280, 166
153, 1290, 164
154, 1300, 166
154, 1310, 167
156, 1320, 165
158, 1330, 169
159, 1340, 171
162, 1350, 173
163, 1360, 177
163, 1370, 176
163, 1380, 178
165, 1390, 177
165, 1400, 176
168, 1410, 180
169, 1420, 182
171, 1430, 181
171, 1440, 185
173, 1450, 183
173, 1460, 187
173, 1470, 185
173, 1480, 185
174, 1490, 186
174, 1500, 190
175, 1510, 185
176, 1520, 189
177, 1530, 187
178, 1540, 189
178, 1550, 189
178, 1560, 189
179, 1570, 189
180, 1580, 190
181, 1590, 190
182, 1600, 192
{'count': 1600, 'truepos': 39, 'falseneg': 6, 'unknownyes': 3, 'falsepos': 143, 'unique': 1600}
30: Danijel.csv: three: 0, 0
4, 10
6, 20, 114
6, 30, 119
7, 40, 91
12, 50, 76
14, 60, 88
15, 70, 69
17, 80, 61
17, 90, 57
19, 100, 51
20, 110, 51
22, 120, 47
24, 130, 51
27, 140, 55
30, 150, 56
32, 160, 51
33, 170, 53
35, 180, 51
36, 190, 53
37, 200, 52
37, 210, 55
38, 220, 52
42, 230, 51
44, 240, 58
45, 250, 59
46, 260, 56
46, 270, 57
47, 280, 57
48, 290, 59
49, 300, 62
49, 310, 59
49, 320, 60
50, 330, 61
51, 340, 61
51, 350, 63
52, 360, 62
54, 370, 62
55, 380, 64
56, 390, 64
57, 400, 64
57, 410, 66
58, 420, 66
59, 430, 69
61, 440, 71
61, 450, 75
62, 460, 73
63, 470, 76
63, 480, 81
64, 490, 77
64, 500, 79
65, 510, 79
65, 520, 78
65, 530, 77
65, 540, 74
65, 550, 75
65, 560, 72
65, 570, 76
65, 580, 72
66, 590, 79
66, 600, 75
66, 610, 78
67, 620, 77
67, 630, 74
67, 640, 74
67, 650, 73
68, 660, 75
69, 670, 77
69, 680, 79
69, 690, 78
70, 700, 76
70, 710, 78
70, 720, 76
70, 730, 75
71, 740, 82
71, 750, 79
71, 760, 78
71, 770, 77
71, 780, 79
72, 790, 80
72, 800, 83
73, 810, 77
74, 820, 83
74, 830, 80
76, 840, 78
76, 850, 82
76, 860, 82
76, 870, 81
76, 880, 82
76, 890, 81
77, 900, 81
78, 910, 82
{'count': 1982, 'truepos': 45, 'falseneg': 0, 'unknownyes': 3, 'falsepos': 33, 'unique': 910}
30: Danijel.csv: machine: 0, 0
4, 10
6, 20, 123
8, 30, 113
9, 40, 105
10, 50, 90
11, 60, 78
['no' 'yes' 'yes' 'yes' 'yes' 'no' 'yes' 'yes' 'yes' 'yes']
[]
9, 60, 78
12, 70, 59
16, 80, 64
19, 90, 67
20, 100, 66
22, 110, 58
['yes' 'no' 'yes' 'no' 'yes' 'yes' 'no' 'yes' 'yes' 'yes']
[]
18, 110, 58
22, 120, 54
25, 130, 62
27, 140, 62
30, 150, 61
33, 160, 51
['no' 'no' 'no' 'yes' 'no' 'yes' 'yes' 'no' 'yes' 'yes']
['no' 'no' 'no' 'no' 'no' 'no' 'no' 'no' 'no' 'no']
29, 160, 51
31, 170, 55
32, 180, 50
32, 190, 50
35, 200, 48
37, 210, 54
['yes' 'no' 'no' 'yes' 'no' 'no' 'yes' 'yes' 'yes' 'no']
['no' 'no' 'no' 'no' 'no' 'no' 'no' 'no' 'no' 'no']
34, 210, 54
36, 220, 51
40, 230, 51
42, 240, 58
44, 250, 60
47, 260, 59
['no' 'yes' 'yes' 'yes' 'yes' 'yes' 'no' 'yes' 'no' 'no']
['no' 'no' 'no' 'no' 'no' 'no' 'no' 'no' 'no' 'no']
43, 260, 59
44, 270, 57
44, 280, 64
45, 290, 56
48, 300, 60
49, 310, 63
['no' 'no' 'no' 'yes' 'no' 'no' 'no' 'no' 'yes' 'no']
['no' 'no' 'no' 'no' 'no' 'no' 'no' 'no' 'no' 'no']
43, 310, 63
43, 320, 60
44, 330, 58
44, 340, 57
47, 350, 56
48, 360, 70
['no' 'no' 'no' 'no' 'no' 'no' 'yes' 'yes' 'no' 'no']
['no' 'no' 'no' 'no' 'no' 'no' 'no' 'no' 'yes' 'no']
42, 360, 70
43, 370, 52
45, 380, 52
48, 390, 54
48, 400, 57
49, 410, 56
['no' 'no' 'no' 'no' 'no' 'yes' 'no' 'no' 'no' 'yes']
['yes' 'no' 'no' 'no' 'no' 'no' 'no' 'no' 'no' 'no']
43, 410, 56
45, 420, 52
47, 430, 52
49, 440, 56
50, 450, 59
51, 460, 57
['no' 'yes' 'yes' 'no' 'no' 'no' 'yes' 'no' 'no' 'no']
['no' 'no' 'no' 'no' 'no' 'no' 'no' 'no' 'no' 'no']
44, 460, 57
45, 470, 51
45, 480, 53
46, 490, 53
48, 500, 53
48, 510, 56
['no' 'no' 'no' 'no' 'yes']
['no' 'no' 'no' 'no' 'no' 'no' 'no' 'no' 'no' 'no']
45, 510, 56
46, 520, 52
46, 530, 56
47, 540, 54
48, 550, 55
48, 560, 57
['no' 'no' 'no']
['no' 'no' 'no' 'no' 'no' 'no' 'yes' 'no' 'no' 'no']
48, 560, 57
48, 570, 54
49, 580, 55
51, 590, 55
51, 600, 60
52, 610, 58
['no' 'no' 'no' 'no' 'no' 'no']
['no' 'no' 'no' 'no' 'no' 'no' 'no' 'no' 'no' 'no']
49, 610, 58
53, 620, 57
53, 630, 65
54, 640, 63
55, 650, 64
56, 660, 67
['no' 'no' 'no' 'no' 'yes' 'no' 'no' 'no' 'no']
['no' 'no' 'no' 'no' 'no' 'no' 'no' 'no' 'no' 'no']
49, 660, 67
50, 670, 55
50, 680, 55
52, 690, 55
52, 700, 59
52, 710, 57
['no' 'no' 'no']
['no' 'no' 'no' 'no' 'no' 'no' 'no' 'no' 'no' 'no']
50, 710, 57
50, 720, 59
50, 730, 56
50, 740, 55
51, 750, 56
53, 760, 56
['no' 'no' 'yes']
['no' 'no' 'no' 'no' 'no' 'no' 'no' 'no' 'no' 'no']
52, 760, 56
52, 770, 56
55, 780, 59
56, 790, 60
56, 800, 61
57, 810, 61
['no' 'no' 'no' 'no' 'no']
['no' 'no' 'no' 'no' 'no' 'no' 'no' 'no' 'no' 'no']
53, 810, 61
53, 820, 58
53, 830, 58
56, 840, 57
59, 850, 61
62, 860, 65
['no' 'no' 'no' 'no' 'no' 'no' 'no' 'no' 'no' 'no']
['no' 'no' 'no' 'no' 'no' 'no' 'no' 'no' 'no' 'no']
['no' 'no' 'no' 'no' 'no' 'no' 'no' 'no' 'no' 'no']
['no' 'no' 'no' 'no' 'no' 'no' 'no' 'no' 'no' 'no']
{'count': 1144, 'truepos': 41, 'falseneg': 2, 'unknownyes': 5, 'falsepos': 14, 'unique': 860}
30: Danijel.csv: machine2: 0, 0
2, 10
3, 20, 118
3, 30, 100
5, 40, 74
7, 50, 67
8, 60, 64
['no' 'no' 'no' 'yes' 'no' 'yes' 'yes' 'yes']
[]
5, 60, 64
8, 70, 73
10, 80, 80
15, 90, 81
17, 100, 90
19, 110, 89
['yes' 'yes' 'yes' 'no' 'no' 'yes' 'yes' 'no' 'yes' 'no']
[]
16, 110, 89
18, 120, 71
19, 130, 71
19, 140, 64
23, 150, 60
25, 160, 61
['no' 'no' 'no' 'yes' 'no' 'no' 'no' 'yes' 'no' 'yes']
[]
19, 160, 61
21, 170, 62
24, 180, 57
27, 190, 57
29, 200, 63
30, 210, 61
['no' 'yes' 'yes' 'no' 'yes' 'yes' 'yes' 'yes' 'no' 'yes']
['no' 'no' 'no' 'no' 'no' 'no' 'yes' 'no' 'yes' 'yes']
32, 210, 61
37, 220, 48
38, 230, 56
38, 240, 54
43, 250, 52
44, 260, 59
['yes' 'yes' 'yes' 'yes' 'yes' 'yes' 'yes' 'no' 'yes' 'yes']
['no' 'no' 'no' 'no' 'no' 'no' 'no' 'no' 'no' 'no']
43, 260, 59
44, 270, 60
45, 280, 58
46, 290, 60
47, 300, 61
47, 310, 61
['no' 'yes' 'no' 'no' 'yes' 'yes' 'no' 'yes' 'no' 'yes']
['no' 'no' 'no' 'no' 'no' 'no' 'no' 'no' 'no' 'no']
43, 310, 61
43, 320, 55
44, 330, 54
44, 340, 54
44, 350, 54
45, 360, 52
['yes' 'yes' 'no' 'no' 'no' 'yes' 'yes' 'no']
['no' 'no' 'no' 'no' 'no' 'no' 'no' 'no' 'no' 'no']
42, 360, 52
42, 370, 55
43, 380, 55
43, 390, 53
45, 400, 56
46, 410, 58
['no' 'no' 'no' 'no' 'no']
['no' 'no' 'no' 'no' 'no' 'no' 'no' 'no' 'no' 'no']
42, 410, 58
43, 420, 51
44, 430, 53
46, 440, 52
46, 450, 56
47, 460, 54
['no' 'no' 'no' 'no' 'no' 'no']
['no' 'no' 'no' 'no' 'no' 'no' 'no' 'no' 'yes' 'no']
43, 460, 54
46, 470, 51
47, 480, 55
48, 490, 55
51, 500, 57
51, 510, 60
['no' 'no' 'no' 'no' 'no' 'no' 'no' 'yes' 'no']
['no' 'no' 'no' 'no' 'no' 'no' 'no' 'no' 'no' 'no']
47, 510, 60
47, 520, 53
49, 530, 57
52, 540, 58
52, 550, 64
54, 560, 66
['no' 'no' 'no' 'no' 'yes' 'no' 'no' 'no' 'no']
['no' 'no' 'no' 'no' 'no' 'no' 'no' 'no' 'no' 'no']
50, 560, 66
50, 570, 59
50, 580, 61
51, 590, 61
52, 600, 61
54, 610, 64
['no' 'no' 'no' 'no' 'no']
['no' 'no' 'no' 'no' 'no' 'no' 'no' 'no' 'no' 'no']
50, 610, 64
50, 620, 59
50, 630, 60
52, 640, 62
53, 650, 58
53, 660, 61
['no' 'no' 'no']
['no' 'no' 'no' 'no' 'no' 'no' 'no' 'no' 'no' 'no']
53, 660, 61
54, 670, 61
56, 680, 62
59, 690, 62
61, 700, 68
62, 710, 69
['no' 'no' 'no' 'no' 'no' 'no' 'no' 'yes' 'no' 'no']
['no' 'no' 'no' 'no' 'no' 'no' 'no' 'no' 'no' 'no']
57, 710, 69
57, 720, 64
57, 730, 65
59, 740, 63
59, 750, 67
61, 760, 65
['no' 'no' 'no' 'no' 'no' 'no']
['no' 'no' 'no' 'no' 'no' 'no' 'no' 'no' 'no' 'no']
56, 760, 65
58, 770, 62
58, 780, 65
59, 790, 70
59, 800, 66
60, 810, 66
['no' 'no' 'no' 'no' 'no']
['no' 'no' 'no' 'no' 'no' 'no' 'no' 'no' 'no' 'no']
56, 810, 66
62, 820, 63
62, 830, 72
62, 840, 69
63, 850, 70
66, 860, 69
['no' 'no' 'yes' 'no' 'no' 'no' 'no' 'no' 'no' 'no']
['yes' 'no' 'no' 'no' 'no' 'no' 'no' 'no' 'no' 'yes']
['no' 'no' 'yes' 'no' 'no' 'no' 'no' 'no' 'no' 'no']
['no' 'no' 'yes' 'yes' 'no' 'no' 'no' 'no' 'no' 'no']
{'count': 1208, 'truepos': 44, 'falseneg': 0, 'unknownyes': 4, 'falsepos': 19, 'unique': 860}
30: Danijel.csv: machine3: 0, 0
4, 10
5, 20, 128
7, 30, 101
9, 40, 98
11, 50, 104
11, 60, 101
null
[]
14, 70, 74
15, 80, 74
17, 90, 64
18, 100, 64
20, 110, 56
20, 120, 57
null
[]
21, 130, 49
24, 140, 47
28, 150, 51
30, 160, 56
34, 170, 53
35, 180, 53
null
['no' 'no' 'no' 'no' 'no' 'no' 'no' 'no' 'no' 'no']
35, 180, 53
38, 190, 55
38, 200, 55
39, 210, 62
40, 220, 54
40, 230, 56
null
['no' 'no' 'no' 'no' 'no' 'no' 'no' 'no' 'no' 'no']
40, 230, 56
40, 240, 59
40, 250, 52
40, 260, 53
40, 270, 52
40, 280, 51
null
['no' 'no' 'no' 'no' 'no' 'no' 'no' 'no' 'no' 'no']
40, 280, 51
41, 290, 52
41, 300, 53
41, 310, 53
41, 320, 52
41, 330, 51
null
['no' 'no' 'no' 'no' 'no' 'no' 'no' 'no' 'no' 'no']
41, 330, 51
41, 340, 51
41, 350, 50
41, 360, 51
42, 370, 49
42, 380, 50
null
['no' 'no' 'no' 'no' 'no' 'no' 'no' 'no' 'no' 'no']
42, 380, 50
42, 390, 50
42, 400, 50
42, 410, 50
42, 420, 48
42, 430, 48
null
['no' 'no' 'no' 'no' 'no' 'no' 'no' 'no' 'no' 'no']
42, 430, 48
42, 440, 48
42, 450, 47
43, 460, 48
43, 470, 50
43, 480, 49
null
['no' 'no' 'no' 'no' 'no' 'no' 'no' 'no' 'no' 'no']
43, 480, 49
43, 490, 48
43, 500, 49
43, 510, 49
43, 520, 50
43, 530, 48
null
['no' 'no' 'no' 'no' 'no' 'no' 'no' 'no' 'no' 'no']
43, 530, 48
43, 540, 48
43, 550, 48
44, 560, 48
45, 570, 48
45, 580, 50
null
['no' 'no' 'no' 'no' 'no' 'no' 'no' 'no' 'no' 'no']
45, 580, 50
46, 590, 49
48, 600, 50
48, 610, 53
49, 620, 52
49, 630, 54
null
['no' 'no' 'no' 'no' 'no' 'no' 'no' 'no' 'no' 'no']
49, 630, 54
49, 640, 53
50, 650, 53
50, 660, 55
50, 670, 55
50, 680, 54
null
['no' 'no' 'no' 'no' 'no' 'no' 'no' 'no' 'no' 'no']
50, 680, 54
50, 690, 54
50, 700, 54
50, 710, 54
51, 720, 53
51, 730, 55
null
['no' 'no' 'no' 'no' 'no' 'no' 'no' 'no' 'no' 'no']
51, 730, 55
51, 740, 55
51, 750, 54
52, 760, 55
52, 770, 56
53, 780, 56
null
['no' 'yes' 'no' 'no' 'no' 'no' 'no' 'no' 'no' 'no']
55, 780, 56
55, 790, 59
56, 800, 60
56, 810, 60
56, 820, 61
56, 830, 61
null
['no' 'no' 'no' 'no' 'no' 'no' 'no' 'no' 'no' 'no']
56, 830, 61
56, 840, 60
57, 850, 62
57, 860, 63
57, 870, 61
57, 880, 62
null
['no' 'no' 'no' 'no' 'no' 'no' 'no' 'no' 'no' 'no']
57, 880, 62
57, 890, 63
57, 900, 61
59, 910, 61
59, 920, 66
60, 930, 65
null
['no' 'no' 'no' 'no' 'no' 'no' 'no' 'no' 'no' 'no']
60, 930, 65
60, 940, 65
60, 950, 66
60, 960, 65
60, 970, 66
60, 980, 65
null
['no' 'no' 'no' 'no' 'no' 'no' 'no' 'no' 'no' 'no']
60, 980, 65
61, 990, 64
61, 1000, 67
62, 1010, 66
62, 1020, 67
62, 1030, 68
null
['no' 'no' 'no' 'no' 'no' 'no' 'no' 'no' 'no' 'no']
62, 1030, 68
63, 1040, 66
63, 1050, 68
63, 1060, 68
63, 1070, 67
63, 1080, 69
null
['no' 'no' 'no' 'no' 'no' 'no' 'no' 'no' 'no' 'no']
63, 1080, 69
63, 1090, 69
63, 1100, 67
63, 1110, 68
64, 1120, 67
64, 1130, 68
null
['no' 'no' 'no' 'no' 'no' 'no' 'no' 'no' 'no' 'no']
64, 1130, 68
64, 1140, 68
64, 1150, 68
null
['no' 'no' 'no' 'no' 'no' 'no' 'no' 'no' 'no' 'no']
{'count': 1649, 'truepos': 45, 'falseneg': 1, 'unknownyes': 2, 'falsepos': 19, 'unique': 1150}
30: Danijel.csv: machine4: 0, 0
3, 10
5, 20, 104
6, 30, 93
8, 40, 86
9, 50, 82
10, 60, 69
12, 70, 61
15, 80, 58
15, 90, 60
15, 100, 55
16, 110, 48
16, 120, 46
18, 130, 44
24, 140, 48
28, 150, 55
29, 160, 62
29, 170, 57
30, 180, 52
33, 190, 46
33, 200, 48
33, 210, 45
33, 220, 45
33, 230, 44
34, 240, 44
35, 250, 43
36, 260, 47
36, 270, 45
37, 280, 48
38, 290, 51
38, 300, 47
38, 310, 47
38, 320, 49
38, 330, 49
38, 340, 47
38, 350, 46
39, 360, 44
39, 370, 47
39, 380, 45
39, 390, 47
40, 400, 46
41, 410, 47
41, 420, 48
42, 430, 50
42, 440, 49
42, 450, 48
42, 460, 47
42, 470, 47
42, 480, 48
42, 490, 47
42, 500, 48
43, 510, 47
43, 520, 48
43, 530, 49
43, 540, 48
43, 550, 47
43, 560, 47
44, 570, 47
44, 580, 49
44, 590, 49
44, 600, 48
44, 610, 48
45, 620, 48
45, 630, 49
45, 640, 50
46, 650, 49
46, 660, 51
46, 670, 50
46, 680, 50
46, 690, 49
46, 700, 50
46, 710, 50
46, 720, 49
46, 730, 49
46, 740, 49
46, 750, 49
46, 760, 50
46, 770, 49
47, 780, 49
47, 790, 50
47, 800, 52
47, 810, 50
47, 820, 50
47, 830, 50
47, 840, 50
47, 850, 50
{'count': 1026, 'truepos': 41, 'falseneg': 5, 'unknownyes': 2, 'falsepos': 6, 'unique': 850}
30: K_all3.csv: none: 0, 0
2, 10
3, 20, 72
4, 30, 66
4, 40, 60
8, 50, 50
17, 60, 59
18, 70, 81
19, 80, 76
21, 90, 69
22, 100, 66
27, 110, 58
29, 120, 71
31, 130, 69
32, 140, 53
35, 150, 56
37, 160, 54
39, 170, 57
39, 180, 60
43, 190, 53
43, 200, 63
44, 210, 64
44, 220, 56
44, 230, 62
46, 240, 57
48, 250, 56
49, 260, 57
49, 270, 59
52, 280, 61
52, 290, 61
53, 300, 59
56, 310, 59
57, 320, 62
59, 330, 64
61, 340, 66
63, 350, 68
64, 360, 73
65, 370, 72
66, 380, 70
67, 390, 73
68, 400, 74
71, 410, 75
72, 420, 80
74, 430, 79
74, 440, 79
75, 450, 79
{'count': 450, 'truepos': 31, 'falseneg': 2, 'unknownyes': 12, 'falsepos': 44, 'unique': 450}
30: K_all3.csv: three: 0, 0
1, 10
3, 20, 93
3, 30, 65
4, 40, 57
5, 50, 50
8, 60, 45
11, 70, 47
13, 80, 48
14, 90, 48
16, 100, 46
16, 110, 45
17, 120, 42
19, 130, 41
22, 140, 42
24, 150, 42
27, 160, 43
28, 170, 45
29, 180, 46
29, 190, 46
30, 200, 45
30, 210, 38
34, 220, 36
35, 230, 42
35, 240, 43
35, 250, 43
37, 260, 40
39, 270, 44
40, 280, 46
40, 290, 57
40, 300, 49
42, 310, 45
42, 320, 48
42, 330, 49
42, 340, 51
44, 350, 47
45, 360, 48
45, 370, 50
45, 380, 49
46, 390, 48
47, 400, 50
47, 410, 50
47, 420, 51
47, 430, 50
48, 440, 50
48, 450, 51
48, 460, 51
48, 470, 51
48, 480, 51
{'count': 1039, 'truepos': 37, 'falseneg': 0, 'unknownyes': 8, 'falsepos': 11, 'unique': 480}
30: K_all3.csv: machine: 0, 0
2, 10
4, 20, 69
8, 30, 68
9, 40, 79
14, 50, 71
14, 60, 73
['yes' 'yes' 'no' 'yes' 'no' 'no' 'yes' 'no' 'no' 'yes']
[]
8, 60, 73
10, 70, 68
11, 80, 63
12, 90, 60
14, 100, 55
17, 110, 56
['no' 'yes' 'no' 'no' 'yes' 'yes' 'yes' 'yes' 'no' 'no']
[]
12, 110, 56
17, 120, 55
19, 130, 57
23, 140, 55
24, 150, 58
27, 160, 57
['yes' 'yes' 'yes' 'no' 'no' 'yes' 'yes' 'yes' 'yes' 'yes']
['no' 'no' 'no' 'no']
26, 160, 57
27, 170, 56
27, 180, 54
27, 190, 51
27, 200, 49
31, 210, 47
['yes' 'no' 'no' 'no' 'yes' 'yes' 'no' 'yes' 'no' 'yes']
['yes' 'no' 'no' 'no' 'no' 'no' 'no' 'no' 'no' 'no']
27, 210, 47
29, 220, 46
30, 230, 46
31, 240, 41
35, 250, 42
36, 260, 50
['yes' 'no' 'no' 'yes' 'no' 'no' 'no' 'no' 'no' 'no']
['no' 'no' 'no' 'no' 'no' 'no' 'no' 'no' 'no' 'no']
27, 260, 50
29, 270, 44
33, 280, 45
33, 290, 43
36, 300, 41
38, 310, 46
['no' 'no' 'no' 'yes' 'no' 'no' 'yes' 'no' 'yes' 'no']
['no' 'no' 'no' 'no' 'no' 'no' 'no' 'no' 'no' 'no']
31, 310, 46
31, 320, 40
32, 330, 37
35, 340, 38
36, 350, 41
37, 360, 44
['no' 'no' 'yes' 'no' 'no' 'no' 'no' 'no' 'yes' 'no']
['no' 'no' 'no' 'no' 'no' 'no' 'no' 'no' 'no' 'no']
30, 360, 44
32, 370, 34
33, 380, 37
36, 390, 39
37, 400, 40
38, 410, 41
['yes' 'no' 'no' 'no' 'no' 'yes' 'no' 'no' 'no' 'yes']
['no' 'no' 'no' 'no' 'no' 'no' 'no' 'no' 'no' 'no']
34, 410, 41
35, 420, 37
36, 430, 38
37, 440, 39
39, 450, 40
['no' 'no' 'no' 'no' 'no' 'no' 'no']
['no' 'no' 'no' 'no' 'no' 'no' 'no' 'no' 'no' 'no']
{'count': 601, 'truepos': 30, 'falseneg': 4, 'unknownyes': 11, 'falsepos': 5, 'unique': 450}
30: K_all3.csv: machine2: 0, 0
3, 10
5, 20, 74
6, 30, 72
8, 40, 64
11, 50, 64
13, 60, 64
['yes' 'no' 'no' 'no' 'yes' 'yes' 'no' 'yes' 'no' 'yes']
['yes']
10, 60, 64
11, 70, 61
12, 80, 54
14, 90, 50
17, 100, 51
18, 110, 54
['yes' 'yes' 'yes' 'no' 'no' 'yes' 'no' 'yes' 'no' 'yes']
[]
14, 110, 54
17, 120, 46
20, 130, 48
22, 140, 48
26, 150, 50
28, 160, 56
['yes' 'yes' 'yes' 'yes' 'no' 'yes' 'no' 'no' 'no' 'no']
['no' 'no']
26, 160, 56
26, 170, 54
28, 180, 49
30, 190, 49
31, 200, 44
33, 210, 41
['no' 'yes' 'no' 'no' 'yes' 'yes' 'yes' 'yes' 'yes' 'no']
['no' 'no' 'no' 'no' 'no' 'no' 'no' 'no' 'no' 'no']
31, 210, 41
32, 220, 40
33, 230, 41
34, 240, 45
36, 250, 46
37, 260, 47
['no' 'yes' 'no' 'yes' 'no' 'yes' 'yes' 'yes' 'no' 'yes']
['no' 'no' 'no' 'no' 'no' 'no' 'no' 'no' 'no' 'no']
36, 260, 47
37, 270, 45
38, 280, 44
39, 290, 45
43, 300, 44
45, 310, 51
['no' 'no' 'yes' 'no' 'no' 'no' 'yes' 'no' 'no' 'no']
['no' 'no' 'no' 'no' 'no' 'no' 'no' 'no' 'no' 'no']
39, 310, 51
41, 320, 44
42, 330, 47
42, 340, 46
43, 350, 46
43, 360, 47
['no' 'no' 'no' 'no' 'no' 'no']
['no' 'no' 'no' 'no' 'no' 'no' 'no' 'no' 'no' 'no']
40, 360, 47
41, 370, 43
43, 380, 44
45, 390, 46
45, 400, 48
49, 410, 48
['yes' 'no' 'yes' 'no' 'yes' 'yes' 'no' 'no' 'no' 'no']
['no' 'no' 'no' 'no' 'no' 'no' 'no' 'no' 'no' 'no']
['no' 'no' 'yes' 'no' 'yes' 'yes' 'no' 'no' 'yes' 'no']
['no' 'no' 'no' 'no' 'no' 'no' 'no' 'no' 'no' 'no']
{'count': 578, 'truepos': 34, 'falseneg': 1, 'unknownyes': 10, 'falsepos': 12, 'unique': 410}
30: K_all3.csv: machine3: 0, 0
2, 10
4, 20, 73
4, 30, 73
6, 40, 69
9, 50, 70
9, 60, 71
null
[]
11, 70, 57
14, 80, 53
16, 90, 55
17, 100, 56
18, 110, 52
20, 120, 50
null
[]
21, 130, 50
23, 140, 48
23, 150, 50
23, 160, 47
25, 170, 46
25, 180, 49
null
[]
25, 190, 47
27, 200, 46
28, 210, 47
28, 220, 48
28, 230, 47
28, 240, 47
null
['no']
28, 240, 47
28, 250, 47
30, 260, 46
32, 270, 45
32, 280, 41
32, 290, 41
null
['no' 'no' 'no' 'no' 'no' 'yes' 'no' 'no' 'no' 'no']
33, 290, 41
33, 300, 42
34, 310, 39
34, 320, 40
35, 330, 39
35, 340, 42
null
['no' 'no' 'no' 'no' 'no' 'no' 'no' 'no' 'no' 'no']
35, 340, 42
35, 350, 39
35, 360, 42
35, 370, 41
35, 380, 41
35, 390, 39
null
['no' 'no' 'no' 'yes' 'no' 'no' 'no' 'no' 'no' 'no']
36, 390, 39
36, 400, 40
36, 410, 39
36, 420, 38
37, 430, 38
39, 440, 39
null
['no' 'no' 'no' 'no' 'no' 'no' 'no' 'no' 'no' 'no']
null
['no' 'no' 'no' 'no' 'no' 'no' 'no' 'no' 'no' 'no']
{'count': 620, 'truepos': 33, 'falseneg': 1, 'unknownyes': 11, 'falsepos': 7, 'unique': 440}
30: K_all3.csv: machine4: 0, 0
0, 10
1, 20
3, 30, 102
5, 40, 62
5, 50, 59
7, 60, 49
8, 70, 50
10, 80, 47
12, 90, 46
14, 100, 45
15, 110, 47
16, 120, 47
18, 130, 45
19, 140, 46
20, 150, 46
21, 160, 45
21, 170, 46
23, 180, 44
23, 190, 46
25, 200, 45
26, 210, 47
26, 220, 47
28, 230, 47
29, 240, 49
29, 250, 49
29, 260, 49
29, 270, 48
29, 280, 46
29, 290, 46
30, 300, 46
30, 310, 39
32, 320, 37
33, 330, 41
34, 340, 41
34, 350, 41
34, 360, 40
34, 370, 39
36, 380, 39
36, 390, 44
37, 400, 40
38, 410, 42
39, 420, 44
40, 430, 43
41, 440, 44
41, 450, 44
41, 460, 44
41, 470, 44
{'count': 591, 'truepos': 30, 'falseneg': 5, 'unknownyes': 10, 'falsepos': 11, 'unique': 470}

------------------------------------------------------------
Sender: LSF System <lsfadmin@n2a1-9>
Subject: Job 299596: </share/tjmenzie/zyu9/miniconda2/bin/python2.7 runner.py error_hpcc 30> Done

Job </share/tjmenzie/zyu9/miniconda2/bin/python2.7 runner.py error_hpcc 30> was submitted from host <login01.hpc.ncsu.edu> by user <zyu9> in cluster <henry2>.
Job was executed on host(s) <1*n2a1-9>, in queue <single_chassis>, as user <zyu9> in cluster <henry2>.
                            <1*n2a1-7>
</home/zyu9> was used as the home directory.
</home/zyu9/projects/MAR_HPC/Error/src> was used as the working directory.
Started at Mon Nov  6 09:14:01 2017
Results reported at Mon Nov  6 14:56:54 2017

Your job looked like:

------------------------------------------------------------
# LSBATCH: User input
/share/tjmenzie/zyu9/miniconda2/bin/python2.7 runner.py error_hpcc 30
------------------------------------------------------------

Successfully completed.

Resource usage summary:

    CPU time   :  23809.82 sec.
    Max Memory :       186 MB
    Max Swap   :      1204 MB

    Max Processes  :         3
    Max Threads    :         8

The output (if any) is above this job summary.



PS:

Read file <./err/30.err.299596> for stderr output of this job.

