30: Hall.csv: none: 0, 0
5, 10
7, 20, 103
10, 30, 96
12, 40, 90
15, 50, 94
16, 60, 97
16, 70, 85
18, 80, 67
20, 90, 66
24, 100, 63
30, 110, 71
34, 120, 63
36, 130, 69
40, 140, 67
41, 150, 77
42, 160, 74
45, 170, 74
48, 180, 78
52, 190, 80
55, 200, 87
56, 210, 91
59, 220, 81
64, 230, 85
66, 240, 87
70, 250, 94
70, 260, 94
74, 270, 94
75, 280, 98
76, 290, 99
76, 300, 100
76, 310, 95
76, 320, 96
76, 330, 94
76, 340, 95
77, 350, 89
77, 360, 97
78, 370, 96
79, 380, 91
79, 390, 93
79, 400, 96
79, 410, 93
79, 420, 92
79, 430, 90
79, 440, 92
79, 450, 95
79, 460, 94
79, 470, 92
79, 480, 90
79, 490, 91
79, 500, 88
79, 510, 90
80, 520, 91
80, 530, 91
80, 540, 91
80, 550, 93
80, 560, 91
80, 570, 90
80, 580, 89
80, 590, 89
80, 600, 90
80, 610, 87
80, 620, 88
80, 630, 89
80, 640, 86
80, 650, 86
80, 660, 86
80, 670, 85
80, 680, 86
80, 690, 87
80, 700, 86
80, 710, 86
80, 720, 85
80, 730, 85
80, 740, 86
80, 750, 86
80, 760, 85
80, 770, 86
80, 780, 85
80, 790, 85
80, 800, 85
80, 810, 86
80, 820, 85
80, 830, 85
80, 840, 85
80, 850, 85
{'count': 850, 'truepos': 76, 'falseneg': 27, 'correction': 0, 'unknownyes': 1, 'falsepos': 4, 'unique': 850}
30: Hall.csv: three: 0, 0
4, 10
7, 20, 96
9, 30, 102
11, 40, 104
15, 50, 104
17, 60, 108
18, 70, 100
22, 80, 95
26, 90, 91
26, 100, 104
31, 110, 83
36, 120, 80
42, 130, 83
47, 140, 85
50, 150, 88
52, 160, 82
56, 170, 85
59, 180, 86
61, 190, 88
61, 200, 85
63, 210, 83
67, 220, 83
70, 230, 90
71, 240, 95
74, 250, 92
75, 260, 97
76, 270, 99
77, 280, 95
78, 290, 94
80, 300, 95
81, 310, 95
81, 320, 98
81, 330, 96
81, 340, 98
81, 350, 96
81, 360, 94
81, 370, 95
81, 380, 96
81, 390, 93
81, 400, 93
81, 410, 94
82, 420, 94
82, 430, 93
82, 440, 95
82, 450, 93
82, 460, 92
82, 470, 94
82, 480, 90
82, 490, 91
82, 500, 89
82, 510, 89
82, 520, 89
82, 530, 89
82, 540, 87
82, 550, 88
82, 560, 89
82, 570, 88
82, 580, 88
82, 590, 88
82, 600, 88
82, 610, 88
82, 620, 88
82, 630, 88
82, 640, 88
82, 650, 87
82, 660, 87
82, 670, 87
82, 680, 87
82, 690, 87
82, 700, 87
82, 710, 87
82, 720, 87
82, 730, 87
{'count': 1507, 'truepos': 82, 'falseneg': 20, 'correction': 44, 'unknownyes': 2, 'falsepos': 0, 'unique': 730}
30: Hall.csv: machine: 0, 0
6, 10
8, 20, 102
9, 30, 100
12, 40, 99
18, 50, 102
20, 60, 116
[]
['no' 'no' 'no' 'no' 'yes' 'no']
21, 60, 111
21, 70, 110
26, 80, 103
26, 90, 108
32, 100, 90
39, 110, 74
[]
['yes' 'no' 'no' 'no' 'no' 'no' 'no' 'yes' 'yes' 'no' 'no' 'yes' 'no' 'no'
 'no' 'yes' 'no' 'no' 'yes' 'no' 'no' 'yes' 'no' 'no' 'no' 'no' 'yes' 'no'
 'yes' 'yes' 'no' 'no' 'no' 'no' 'no' 'no' 'no' 'no']
47, 110, 77
48, 120, 113
51, 130, 101
54, 140, 91
55, 150, 90
58, 160, 81
['yes']
['no' 'no' 'no' 'no' 'no' 'yes' 'no' 'yes' 'no' 'no' 'no' 'no' 'no' 'no'
 'no' 'no' 'no' 'no' 'yes' 'no' 'no' 'no' 'no' 'no' 'no' 'no' 'no' 'no'
 'no' 'no' 'no' 'no' 'no' 'no' 'yes' 'no' 'no' 'yes' 'no' 'no' 'no' 'no'
 'no']
62, 160, 86
65, 170, 89
66, 180, 88
69, 190, 85
70, 200, 92
71, 210, 93
['yes']
['no' 'no' 'no' 'yes' 'no' 'yes' 'no' 'no' 'no' 'no' 'no' 'no' 'no' 'no'
 'no' 'no' 'no' 'no' 'no' 'no' 'no' 'no' 'no' 'no' 'no' 'no' 'no' 'no'
 'no' 'no']
71, 210, 85
74, 220, 84
75, 230, 88
75, 240, 87
77, 250, 86
80, 260, 87
['yes']
['no' 'no' 'yes' 'no' 'no' 'no' 'yes' 'yes' 'no' 'no' 'no' 'no' 'no' 'yes']
83, 260, 92
86, 270, 101
86, 280, 103
88, 290, 100
88, 300, 99
89, 310, 100
['yes']
['no' 'no' 'yes' 'no' 'no' 'no' 'no' 'no' 'no' 'no']
88, 310, 101
88, 320, 99
88, 330, 99
88, 340, 98
88, 350, 98
88, 360, 96
['yes']
['no' 'no' 'no' 'no']
87, 360, 95
88, 370, 95
88, 380, 97
88, 390, 97
88, 400, 97
89, 410, 95
['no']
['no' 'no' 'no' 'no' 'no']
88, 410, 96
88, 420, 96
88, 430, 94
88, 440, 94
88, 450, 95
88, 460, 94
['yes']
['no']
88, 460, 94
88, 470, 94
88, 480, 94
{'count': 638, 'truepos': 88, 'falseneg': 12, 'correction': 18, 'unknownyes': 4, 'falsepos': 0, 'unique': 480}
30: Hall.csv: knee: 0, 0
8, 10
11, 20
13, 30
16, 40
17, 50
18, 60
21, 70
24, 80
25, 90
27, 100
31, 110
38, 120
40, 130
43, 140
47, 150
51, 160
54, 170
56, 180
58, 190
60, 200
60, 210
62, 220
62, 230
63, 240
64, 250
66, 260
67, 270
67, 280
67, 290
67, 300
67, 310
68, 320
70, 330
71, 340
71, 350
71, 360
72, 370
72, 380
74, 390
74, 400
75, 410
75, 420
75, 430
75, 440
75, 450
75, 460
75, 470
75, 480
75, 490
75, 500
75, 510
75, 520
{'count': 675, 'truepos': 82, 'falseneg': 20, 'correction': 19, 'unknownyes': 2, 'falsepos': 2, 'unique': 520}
30: Wahono.csv: none: 0, 0
5, 10
5, 20, 100
8, 30, 90
9, 40, 83
11, 50, 66
12, 60, 58
13, 70, 49
13, 80, 48
14, 90, 45
14, 100, 42
15, 110, 41
15, 120, 41
16, 130, 41
17, 140, 41
17, 150, 42
17, 160, 42
18, 170, 42
18, 180, 45
18, 190, 45
18, 200, 45
18, 210, 45
18, 220, 46
18, 230, 46
19, 240, 46
19, 250, 49
19, 260, 49
19, 270, 49
19, 280, 50
19, 290, 50
19, 300, 50
20, 310, 50
21, 320, 52
22, 330, 53
23, 340, 51
24, 350, 51
27, 360, 53
27, 370, 53
27, 380, 52
28, 390, 52
30, 400, 53
32, 410, 49
33, 420, 53
33, 430, 51
33, 440, 54
34, 450, 47
36, 460, 52
36, 470, 51
36, 480, 52
36, 490, 52
37, 500, 50
37, 510, 53
37, 520, 52
37, 530, 53
37, 540, 54
37, 550, 53
37, 560, 50
37, 570, 54
37, 580, 51
37, 590, 50
37, 600, 49
37, 610, 48
37, 620, 48
37, 630, 48
37, 640, 47
37, 650, 46
37, 660, 47
37, 670, 47
37, 680, 46
37, 690, 45
37, 700, 45
37, 710, 47
37, 720, 45
37, 730, 46
37, 740, 45
37, 750, 44
37, 760, 44
37, 770, 44
38, 780, 44
39, 790, 44
39, 800, 47
39, 810, 47
39, 820, 47
39, 830, 46
39, 840, 45
39, 850, 46
40, 860, 47
40, 870, 47
41, 880, 46
42, 890, 47
42, 900, 48
43, 910, 48
44, 920, 49
44, 930, 52
44, 940, 51
45, 950, 51
45, 960, 51
45, 970, 51
45, 980, 52
45, 990, 52
45, 1000, 52
45, 1010, 51
46, 1020, 51
47, 1030, 53
47, 1040, 54
47, 1050, 55
47, 1060, 53
47, 1070, 54
47, 1080, 53
47, 1090, 54
47, 1100, 52
47, 1110, 53
47, 1120, 52
47, 1130, 53
47, 1140, 52
47, 1150, 52
47, 1160, 51
47, 1170, 52
47, 1180, 53
48, 1190, 52
48, 1200, 54
48, 1210, 54
48, 1220, 53
48, 1230, 53
48, 1240, 53
48, 1250, 53
48, 1260, 54
48, 1270, 53
48, 1280, 53
48, 1290, 53
48, 1300, 53
48, 1310, 53
48, 1320, 53
48, 1330, 53
48, 1340, 53
48, 1350, 52
48, 1360, 52
48, 1370, 53
48, 1380, 52
48, 1390, 52
49, 1400, 52
49, 1410, 54
49, 1420, 54
49, 1430, 54
49, 1440, 54
49, 1450, 54
49, 1460, 54
49, 1470, 53
49, 1480, 54
49, 1490, 53
49, 1500, 53
49, 1510, 53
49, 1520, 53
49, 1530, 53
49, 1540, 53
49, 1550, 53
49, 1560, 53
49, 1570, 54
49, 1580, 53
49, 1590, 53
49, 1600, 53
49, 1610, 53
49, 1620, 53
49, 1630, 53
49, 1640, 53
49, 1650, 53
49, 1660, 52
49, 1670, 53
49, 1680, 53
49, 1690, 52
49, 1700, 53
49, 1710, 53
49, 1720, 52
49, 1730, 52
49, 1740, 53
49, 1750, 53
49, 1760, 52
49, 1770, 53
49, 1780, 52
49, 1790, 52
49, 1800, 52
49, 1810, 52
49, 1820, 52
49, 1830, 52
49, 1840, 52
49, 1850, 52
49, 1860, 52
49, 1870, 52
49, 1880, 52
49, 1890, 52
49, 1900, 52
49, 1910, 52
49, 1920, 52
49, 1930, 52
{'count': 1930, 'truepos': 42, 'falseneg': 20, 'correction': 0, 'unknownyes': 0, 'falsepos': 7, 'unique': 1930}
30: Wahono.csv: three: 0, 0
5, 10
6, 20, 105
8, 30, 93
9, 40, 95
14, 50, 71
15, 60, 86
16, 70, 73
18, 80, 60
19, 90, 53
19, 100, 53
19, 110, 49
19, 120, 49
19, 130, 47
19, 140, 46
19, 150, 44
19, 160, 45
19, 170, 45
20, 180, 46
20, 190, 46
21, 200, 46
21, 210, 46
21, 220, 46
22, 230, 47
23, 240, 49
26, 250, 50
27, 260, 55
29, 270, 52
29, 280, 52
29, 290, 51
30, 300, 49
30, 310, 51
30, 320, 49
30, 330, 48
30, 340, 47
30, 350, 45
30, 360, 44
31, 370, 41
31, 380, 44
32, 390, 41
32, 400, 47
32, 410, 46
32, 420, 45
32, 430, 43
32, 440, 45
33, 450, 45
33, 460, 45
33, 470, 45
33, 480, 46
33, 490, 44
33, 500, 44
33, 510, 44
33, 520, 44
34, 530, 41
34, 540, 45
34, 550, 43
34, 560, 44
34, 570, 42
34, 580, 43
34, 590, 43
34, 600, 44
34, 610, 42
34, 620, 43
34, 630, 41
35, 640, 42
35, 650, 43
36, 660, 43
37, 670, 43
37, 680, 46
37, 690, 46
37, 700, 45
37, 710, 45
37, 720, 45
39, 730, 44
39, 740, 46
39, 750, 47
39, 760, 46
39, 770, 46
39, 780, 46
39, 790, 47
40, 800, 46
40, 810, 47
40, 820, 46
40, 830, 46
40, 840, 47
40, 850, 46
40, 860, 46
40, 870, 46
40, 880, 46
40, 890, 46
40, 900, 45
40, 910, 46
40, 920, 45
40, 930, 45
40, 940, 46
40, 950, 45
41, 960, 46
41, 970, 46
41, 980, 48
41, 990, 46
41, 1000, 46
41, 1010, 46
41, 1020, 46
41, 1030, 46
41, 1040, 46
41, 1050, 46
41, 1060, 46
41, 1070, 46
41, 1080, 45
41, 1090, 46
41, 1100, 46
41, 1110, 47
41, 1120, 46
41, 1130, 45
41, 1140, 46
41, 1150, 45
41, 1160, 46
41, 1170, 46
41, 1180, 47
41, 1190, 45
41, 1200, 45
41, 1210, 45
41, 1220, 45
41, 1230, 45
41, 1240, 45
41, 1250, 45
41, 1260, 45
41, 1270, 45
41, 1280, 45
41, 1290, 45
41, 1300, 45
41, 1310, 45
41, 1320, 44
41, 1330, 45
41, 1340, 44
41, 1350, 44
41, 1360, 44
41, 1370, 45
41, 1380, 45
41, 1390, 44
41, 1400, 44
41, 1410, 44
41, 1420, 44
41, 1430, 44
41, 1440, 44
41, 1450, 44
41, 1460, 44
41, 1470, 45
41, 1480, 44
41, 1490, 44
41, 1500, 44
41, 1510, 44
41, 1520, 44
41, 1530, 44
{'count': 3091, 'truepos': 41, 'falseneg': 18, 'correction': 26, 'unknownyes': 3, 'falsepos': 0, 'unique': 1530}
30: Wahono.csv: machine: 0, 0
4, 10
4, 20, 87
7, 30, 84
10, 40, 85
10, 50, 89
10, 60, 67
[]
['yes' 'no' 'no' 'yes' 'no' 'no' 'no' 'no' 'no']
11, 60, 56
15, 70, 60
15, 80, 57
16, 90, 48
17, 100, 47
17, 110, 46
[]
['no' 'no' 'no' 'no' 'yes' 'no' 'no' 'no' 'yes']
17, 110, 42
18, 120, 42
19, 130, 42
21, 140, 42
22, 150, 47
22, 160, 45
[]
['no' 'no' 'no' 'no' 'no' 'no' 'no' 'yes']
22, 160, 43
23, 170, 43
24, 180, 43
26, 190, 43
27, 200, 45
28, 210, 45
[]
['no' 'yes' 'no' 'no' 'no' 'no' 'no' 'no' 'no' 'no' 'no' 'no' 'no' 'no'
 'no' 'no' 'no' 'no' 'no' 'no' 'no']
29, 210, 45
30, 220, 46
30, 230, 52
31, 240, 48
31, 250, 50
31, 260, 50
['yes']
['no' 'no' 'no' 'no' 'no' 'no' 'no' 'no' 'no' 'no' 'no' 'no' 'no' 'no'
 'no' 'no' 'no' 'no' 'no' 'no' 'yes' 'no' 'no' 'no' 'no' 'no' 'no' 'no']
30, 260, 46
30, 270, 47
31, 280, 46
31, 290, 47
31, 300, 48
32, 310, 45
['yes']
['no' 'no' 'no' 'no' 'no' 'no' 'no' 'no' 'no' 'no' 'no' 'no' 'no' 'no'
 'no' 'no' 'no' 'no']
32, 310, 50
32, 320, 48
32, 330, 47
33, 340, 47
34, 350, 45
34, 360, 47
['yes']
['no' 'no' 'yes' 'no' 'no' 'no' 'no']
34, 360, 46
34, 370, 51
34, 380, 50
34, 390, 46
34, 400, 45
34, 410, 46
['yes']
['no' 'no' 'no' 'no']
34, 410, 44
34, 420, 48
34, 430, 43
34, 440, 46
34, 450, 44
34, 460, 44
['yes']
[]
34, 460, 43
34, 470, 43
35, 480, 45
36, 490, 45
36, 500, 46
36, 510, 45
['yes']
['no' 'no' 'no' 'no' 'no' 'no']
36, 510, 44
36, 520, 46
36, 530, 44
36, 540, 44
36, 550, 42
36, 560, 44
['yes']
['no' 'no' 'no']
36, 560, 45
36, 570, 44
36, 580, 44
37, 590, 43
37, 600, 45
38, 610, 44
['yes']
['no' 'no' 'no' 'no' 'no' 'no' 'no' 'no']
38, 610, 45
38, 620, 44
38, 630, 45
38, 640, 44
38, 650, 43
39, 660, 44
['yes']
['no' 'no' 'no' 'no']
38, 660, 44
38, 670, 44
39, 680, 43
40, 690, 44
40, 700, 47
40, 710, 45
['no']
['yes' 'no' 'yes' 'no' 'no' 'no' 'no' 'no' 'no' 'no' 'no' 'no']
41, 710, 46
41, 720, 47
42, 730, 46
42, 740, 49
42, 750, 48
42, 760, 47
['yes']
['no' 'no' 'no']
42, 760, 48
42, 770, 47
42, 780, 46
42, 790, 48
42, 800, 49
42, 810, 47
['yes']
['no']
42, 810, 47
42, 820, 47
42, 830, 48
42, 840, 47
42, 850, 47
42, 860, 47
['yes']
['yes']
42, 860, 46
43, 870, 46
43, 880, 48
45, 890, 46
45, 900, 49
46, 910, 49
['yes']
['no' 'no' 'no' 'no' 'no' 'no' 'no' 'no' 'yes' 'no' 'no' 'no' 'no']
47, 910, 51
48, 920, 52
48, 930, 54
48, 940, 54
48, 950, 54
48, 960, 54
['yes']
['no' 'yes' 'no' 'no' 'no' 'no' 'no' 'no']
48, 960, 53
48, 970, 53
48, 980, 52
48, 990, 52
48, 1000, 52
48, 1010, 52
['yes']
['no']
47, 1010, 53
47, 1020, 51
47, 1030, 51
47, 1040, 50
47, 1050, 50
47, 1060, 51
['yes']
[]
47, 1060, 50
47, 1070, 51
47, 1080, 51
47, 1090, 51
47, 1100, 50
47, 1110, 51
['yes']
['no']
47, 1110, 50
47, 1120, 50
47, 1130, 50
47, 1140, 50
47, 1150, 50
47, 1160, 50
['yes']
['no' 'no']
47, 1160, 50
47, 1170, 50
47, 1180, 50
47, 1190, 50
47, 1200, 50
47, 1210, 50
['yes']
[]
47, 1210, 50
47, 1220, 50
47, 1230, 50
48, 1240, 50
48, 1250, 51
48, 1260, 51
['no']
['no' 'no' 'no' 'no' 'no']
{'count': 1447, 'truepos': 45, 'falseneg': 14, 'correction': 9, 'unknownyes': 3, 'falsepos': 3, 'unique': 1260}
30: Wahono.csv: knee: 0, 0
3, 10
4, 20
6, 30
6, 40
6, 50
7, 60
9, 70
10, 80
11, 90
11, 100
12, 110
12, 120
12, 130
14, 140
16, 150
17, 160
18, 170
18, 180
18, 190
19, 200
19, 210
20, 220
20, 230
21, 240
23, 250
23, 260
23, 270
25, 280
26, 290
27, 300
28, 310
29, 320
30, 330
31, 340
31, 350
31, 360
31, 370
31, 380
31, 390
31, 400
31, 410
{'count': 719, 'truepos': 38, 'falseneg': 6, 'correction': 8, 'unknownyes': 18, 'falsepos': 2, 'unique': 410}
30: Danijel.csv: none: 0, 0
3, 10
3, 20, 125
4, 30, 87
5, 40, 67
5, 50, 63
7, 60, 52
7, 70, 53
7, 80, 46
9, 90, 43
9, 100, 43
10, 110, 41
11, 120, 41
13, 130, 41
14, 140, 46
16, 150, 44
17, 160, 48
18, 170, 46
18, 180, 46
21, 190, 43
21, 200, 47
21, 210, 45
21, 220, 44
21, 230, 44
21, 240, 44
21, 250, 44
22, 260, 44
22, 270, 45
23, 280, 45
23, 290, 45
24, 300, 44
25, 310, 45
25, 320, 46
25, 330, 45
25, 340, 45
26, 350, 45
26, 360, 46
27, 370, 46
27, 380, 47
27, 390, 47
27, 400, 47
27, 410, 47
28, 420, 47
29, 430, 48
29, 440, 49
30, 450, 49
30, 460, 40
31, 470, 38
31, 480, 42
31, 490, 38
31, 500, 40
31, 510, 40
31, 520, 40
31, 530, 38
31, 540, 40
31, 550, 38
32, 560, 38
33, 570, 41
33, 580, 41
33, 590, 39
33, 600, 39
33, 610, 40
33, 620, 40
33, 630, 39
34, 640, 39
34, 650, 40
34, 660, 41
34, 670, 41
34, 680, 40
34, 690, 39
34, 700, 41
34, 710, 39
34, 720, 39
34, 730, 39
34, 740, 39
34, 750, 38
34, 760, 39
34, 770, 39
34, 780, 38
34, 790, 39
34, 800, 39
35, 810, 38
35, 820, 39
35, 830, 39
35, 840, 39
35, 850, 39
35, 860, 39
35, 870, 39
35, 880, 39
35, 890, 38
35, 900, 38
35, 910, 38
36, 920, 38
36, 930, 39
36, 940, 39
36, 950, 39
36, 960, 40
36, 970, 40
36, 980, 40
37, 990, 39
37, 1000, 41
37, 1010, 41
37, 1020, 40
38, 1030, 40
38, 1040, 42
38, 1050, 42
38, 1060, 42
38, 1070, 41
38, 1080, 41
38, 1090, 42
38, 1100, 43
38, 1110, 41
38, 1120, 42
38, 1130, 42
38, 1140, 41
38, 1150, 41
38, 1160, 41
38, 1170, 42
38, 1180, 41
38, 1190, 41
38, 1200, 41
38, 1210, 41
38, 1220, 41
38, 1230, 41
38, 1240, 41
38, 1250, 41
38, 1260, 41
{'count': 1260, 'truepos': 32, 'falseneg': 14, 'correction': 0, 'unknownyes': 2, 'falsepos': 6, 'unique': 1260}
30: Danijel.csv: three: 0, 0
4, 10
5, 20, 108
7, 30, 103
8, 40, 89
10, 50, 81
11, 60, 79
15, 70, 59
16, 80, 66
18, 90, 55
20, 100, 53
24, 110, 54
26, 120, 62
27, 130, 59
30, 140, 57
31, 150, 49
33, 160, 53
33, 170, 51
33, 180, 49
33, 190, 47
33, 200, 45
33, 210, 47
33, 220, 44
33, 230, 45
33, 240, 42
33, 250, 42
35, 260, 42
35, 270, 46
35, 280, 43
35, 290, 44
35, 300, 42
35, 310, 44
35, 320, 42
35, 330, 42
35, 340, 41
35, 350, 42
35, 360, 42
35, 370, 41
35, 380, 41
35, 390, 41
35, 400, 42
36, 410, 41
37, 420, 41
37, 430, 44
37, 440, 44
37, 450, 42
37, 460, 41
37, 470, 42
37, 480, 42
37, 490, 43
37, 500, 41
37, 510, 41
37, 520, 42
37, 530, 42
37, 540, 43
37, 550, 41
37, 560, 41
37, 570, 40
37, 580, 42
37, 590, 41
37, 600, 41
37, 610, 41
37, 620, 41
37, 630, 40
37, 640, 41
37, 650, 40
37, 660, 40
37, 670, 40
37, 680, 41
37, 690, 40
37, 700, 39
37, 710, 40
37, 720, 40
37, 730, 40
37, 740, 41
37, 750, 40
37, 760, 40
37, 770, 39
37, 780, 39
37, 790, 39
37, 800, 39
37, 810, 39
37, 820, 39
37, 830, 39
37, 840, 39
37, 850, 39
{'count': 1722, 'truepos': 37, 'falseneg': 9, 'correction': 19, 'unknownyes': 2, 'falsepos': 0, 'unique': 850}
30: Danijel.csv: machine: 0, 0
2, 10
2, 20, 105
2, 30, 71
2, 40, 56
3, 50, 54
6, 60, 49
[]
['no' 'no' 'no']
6, 60, 55
9, 70, 55
10, 80, 57
12, 90, 56
14, 100, 53
14, 110, 52
[]
['no' 'no' 'no' 'no' 'no' 'no' 'no' 'no' 'no' 'no' 'no' 'no' 'no' 'no']
14, 110, 48
15, 120, 48
16, 130, 44
16, 140, 43
16, 150, 41
17, 160, 40
[]
['yes' 'yes']
19, 160, 41
19, 170, 42
20, 180, 40
21, 190, 40
22, 200, 40
23, 210, 41
[]
['no' 'no' 'no' 'no' 'no' 'no' 'no' 'no' 'no' 'no' 'no' 'no' 'no']
23, 210, 40
23, 220, 40
24, 230, 40
26, 240, 41
28, 250, 43
29, 260, 45
[]
['yes' 'yes' 'no' 'no' 'no' 'no' 'no' 'no' 'no' 'no' 'no' 'no' 'no']
31, 260, 45
33, 270, 42
34, 280, 45
34, 290, 45
34, 300, 44
34, 310, 43
['yes']
['no' 'no' 'no' 'no' 'no' 'no' 'no' 'no' 'no' 'no' 'no' 'no' 'no' 'no'
 'no' 'no' 'no' 'no' 'no' 'no' 'no' 'no' 'no' 'no' 'no' 'no' 'no' 'yes'
 'no' 'no']
34, 310, 44
34, 320, 42
34, 330, 44
34, 340, 42
35, 350, 42
35, 360, 43
['yes']
['no' 'no' 'no' 'no' 'no' 'no' 'no' 'no' 'no' 'no' 'no' 'no' 'no' 'no'
 'no']
35, 360, 42
35, 370, 42
35, 380, 41
35, 390, 42
35, 400, 42
36, 410, 42
['yes']
['no' 'no' 'no' 'no' 'no' 'no' 'no' 'no']
35, 410, 43
36, 420, 40
36, 430, 43
37, 440, 42
38, 450, 42
38, 460, 43
['yes']
['no' 'no' 'no' 'no' 'no' 'no' 'no' 'no' 'no' 'no' 'no' 'no' 'no' 'no'
 'no' 'no' 'no']
38, 460, 44
38, 470, 44
38, 480, 43
38, 490, 43
38, 500, 43
38, 510, 42
['yes']
['no']
37, 510, 42
37, 520, 41
37, 530, 41
37, 540, 42
37, 550, 42
38, 560, 41
['yes']
['no' 'no' 'no' 'no']
37, 560, 42
37, 570, 41
37, 580, 41
37, 590, 41
38, 600, 41
38, 610, 41
['no']
['no' 'no' 'no' 'yes' 'no' 'no' 'no']
38, 610, 42
38, 620, 41
38, 630, 41
38, 640, 41
38, 650, 41
38, 660, 41
['yes']
['no' 'no' 'no' 'no']
38, 660, 42
38, 670, 41
38, 680, 41
38, 690, 41
38, 700, 41
38, 710, 41
['yes']
['no' 'no' 'no']
38, 710, 41
{'count': 853, 'truepos': 38, 'falseneg': 7, 'correction': 6, 'unknownyes': 3, 'falsepos': 0, 'unique': 710}
30: Danijel.csv: knee: 0, 0
3, 10
5, 20
6, 30
8, 40
10, 50
10, 60
13, 70
13, 80
18, 90
19, 100
20, 110
21, 120
22, 130
23, 140
24, 150
26, 160
27, 170
29, 180
29, 190
30, 200
31, 210
32, 220
32, 230
33, 240
34, 250
34, 260
34, 270
34, 280
36, 290
36, 300
36, 310
37, 320
37, 330
37, 340
37, 350
37, 360
37, 370
37, 380
38, 390
38, 400
38, 410
38, 420
38, 430
38, 440
38, 450
38, 460
39, 470
39, 480
39, 490
39, 500
39, 510
39, 520
39, 530
39, 540
40, 550
40, 560
40, 570
40, 580
40, 590
40, 600
{'count': 796, 'truepos': 42, 'falseneg': 2, 'correction': 7, 'unknownyes': 4, 'falsepos': 2, 'unique': 600}
30: K_all3.csv: none: 0, 0
3, 10
6, 20, 74
6, 30, 63
7, 40, 57
8, 50, 46
9, 60, 42
10, 70, 41
11, 80, 41
12, 90, 41
14, 100, 41
14, 110, 41
16, 120, 39
17, 130, 41
17, 140, 41
18, 150, 40
18, 160, 40
19, 170, 40
19, 180, 41
20, 190, 40
20, 200, 41
21, 210, 40
22, 220, 41
22, 230, 41
22, 240, 40
22, 250, 40
22, 260, 40
22, 270, 40
24, 280, 40
24, 290, 41
25, 300, 41
27, 310, 42
28, 320, 44
29, 330, 45
30, 340, 46
30, 350, 40
31, 360, 39
31, 370, 38
31, 380, 38
31, 390, 36
32, 400, 35
32, 410, 37
32, 420, 36
32, 430, 36
32, 440, 35
32, 450, 37
34, 460, 35
34, 470, 38
34, 480, 37
34, 490, 38
34, 500, 37
34, 510, 38
34, 520, 37
34, 530, 37
34, 540, 36
35, 550, 36
35, 560, 37
35, 570, 37
35, 580, 37
35, 590, 37
35, 600, 37
{'count': 600, 'truepos': 30, 'falseneg': 12, 'correction': 0, 'unknownyes': 3, 'falsepos': 5, 'unique': 600}
30: K_all3.csv: three: 0, 0
2, 10
4, 20, 71
4, 30, 58
8, 40, 45
9, 50, 59
11, 60, 53
12, 70, 54
13, 80, 47
17, 90, 43
17, 100, 50
19, 110, 43
20, 120, 43
20, 130, 42
22, 140, 40
22, 150, 41
23, 160, 40
23, 170, 41
23, 180, 41
23, 190, 40
24, 200, 40
24, 210, 40
25, 220, 40
25, 230, 41
26, 240, 40
27, 250, 41
27, 260, 42
30, 270, 42
31, 280, 38
31, 290, 38
31, 300, 38
31, 310, 37
31, 320, 36
32, 330, 36
33, 340, 37
33, 350, 37
33, 360, 38
33, 370, 38
33, 380, 37
33, 390, 36
33, 400, 36
33, 410, 36
33, 420, 36
33, 430, 37
33, 440, 35
33, 450, 35
33, 460, 36
33, 470, 36
33, 480, 35
33, 490, 35
33, 500, 35
33, 510, 35
33, 520, 35
{'count': 1061, 'truepos': 33, 'falseneg': 8, 'correction': 20, 'unknownyes': 4, 'falsepos': 0, 'unique': 520}
30: K_all3.csv: machine: 0, 0
0, 10
4, 20
4, 30, 74
6, 40, 65
6, 50, 62
10, 60, 50
10, 70, 54
[]
['no']
10, 70, 47
12, 80, 47
15, 90, 47
15, 100, 48
15, 110, 44
16, 120, 42
[]
['yes' 'no' 'no' 'no' 'no' 'no']
17, 120, 43
18, 130, 44
18, 140, 43
18, 150, 42
20, 160, 41
21, 170, 42
[]
['no' 'no' 'yes' 'no']
21, 170, 41
22, 180, 41
23, 190, 41
25, 200, 42
28, 210, 42
29, 220, 45
[]
['no' 'no' 'no' 'yes' 'no' 'no']
30, 220, 45
30, 230, 43
31, 240, 40
31, 250, 44
31, 260, 40
31, 270, 38
['yes']
['no' 'no' 'no' 'no' 'no' 'no' 'no' 'no' 'no' 'yes' 'no' 'no' 'no' 'no'
 'no' 'no' 'no' 'no' 'no' 'no' 'no' 'no' 'no' 'no' 'no' 'no' 'no' 'yes'
 'no' 'no' 'no' 'no' 'no' 'no' 'no' 'no' 'yes' 'no' 'no' 'yes' 'no' 'no'
 'no' 'no' 'no' 'no' 'no' 'no' 'no' 'no']
35, 270, 36
36, 280, 44
36, 290, 44
36, 300, 42
36, 310, 41
36, 320, 42
['yes']
['no' 'no' 'no' 'yes' 'no' 'no' 'no' 'no' 'no' 'no' 'no' 'no' 'no' 'no'
 'no' 'no' 'no' 'no' 'no' 'no' 'no' 'no' 'no' 'no']
36, 320, 41
36, 330, 44
37, 340, 41
38, 350, 42
39, 360, 42
40, 370, 45
['no']
['no' 'no' 'no' 'no' 'no' 'no' 'no' 'no' 'no' 'no' 'no' 'no' 'no' 'no'
 'no' 'no' 'no' 'no' 'no' 'no' 'no' 'no' 'no']
40, 370, 43
40, 380, 45
41, 390, 44
{'count': 507, 'truepos': 32, 'falseneg': 9, 'correction': 8, 'unknownyes': 4, 'falsepos': 9, 'unique': 390}
30: K_all3.csv: knee: 0, 0
0, 10
4, 20
4, 30
4, 40
4, 50
{'count': 66, 'truepos': 6, 'falseneg': 2, 'correction': 2, 'unknownyes': 37, 'falsepos': 0, 'unique': 50}

------------------------------------------------------------
Sender: LSF System <lsfadmin@n2e4-1>
Subject: Job 639691: </share/tjmenzie/zyu9/miniconda2/bin/python2.7 runner.py error_hpcc 30> in cluster <henry2> Done

Job </share/tjmenzie/zyu9/miniconda2/bin/python2.7 runner.py error_hpcc 30> was submitted from host <login01.hpc.ncsu.edu> by user <zyu9> in cluster <henry2> at Thu Feb  1 12:17:34 2018.
Job was executed on host(s) <2*n2e4-1>, in queue <single_chassis>, as user <zyu9> in cluster <henry2> at Thu Feb  1 12:17:40 2018.
</home/zyu9> was used as the home directory.
</home/zyu9/projects/MAR_HPC/Error/src> was used as the working directory.
Started at Thu Feb  1 12:17:40 2018.
Terminated at Thu Feb  1 13:33:34 2018.
Results reported at Thu Feb  1 13:33:34 2018.

Your job looked like:

------------------------------------------------------------
# LSBATCH: User input
/share/tjmenzie/zyu9/miniconda2/bin/python2.7 runner.py error_hpcc 30
------------------------------------------------------------

Successfully completed.

Resource usage summary:

    CPU time :                                   5839.87 sec.
    Max Memory :                                 280.08 MB
    Average Memory :                             222.68 MB
    Total Requested Memory :                     -
    Delta Memory :                               -
    Max Swap :                                   1305 MB
    Max Processes :                              3
    Max Threads :                                8
    Run time :                                   4566 sec.
    Turnaround time :                            4560 sec.

The output (if any) is above this job summary.



PS: The stderr output (if any) follows:



PS:

Fail to open stderr file ./err/30.err.639691: No such file or directory.
The stderr output is included in this report.

