31: Hall.csv: none: 0, 0
8, 10
11, 20, 121
12, 30, 144
15, 40, 137
16, 50, 137
18, 60, 138
21, 70, 130
25, 80, 144
27, 90, 162
27, 100, 172
28, 110, 144
32, 120, 128
37, 130, 123
42, 140, 128
46, 150, 129
49, 160, 123
56, 170, 137
60, 180, 143
65, 190, 131
69, 200, 142
75, 210, 123
79, 220, 122
84, 230, 125
90, 240, 128
93, 250, 134
95, 260, 139
98, 270, 148
101, 280, 134
103, 290, 147
108, 300, 139
109, 310, 145
112, 320, 139
114, 330, 149
117, 340, 142
118, 350, 161
120, 360, 160
120, 370, 156
121, 380, 149
122, 390, 154
122, 400, 153
124, 410, 159
126, 420, 163
127, 430, 165
127, 440, 175
128, 450, 160
128, 460, 162
130, 470, 167
131, 480, 164
132, 490, 169
133, 500, 170
136, 510, 177
138, 520, 186
139, 530, 189
139, 540, 191
139, 550, 178
139, 560, 179
140, 570, 178
140, 580, 171
141, 590, 179
142, 600, 177
143, 610, 165
144, 620, 178
144, 630, 177
147, 640, 174
148, 650, 177
150, 660, 179
151, 670, 185
151, 680, 184
151, 690, 181
151, 700, 184
152, 710, 180
155, 720, 182
155, 730, 195
155, 740, 189
156, 750, 187
158, 760, 184
160, 770, 192
160, 780, 192
162, 790, 185
164, 800, 188
164, 810, 189
166, 820, 192
167, 830, 205
169, 840, 197
170, 850, 200
170, 860, 200
170, 870, 198
172, 880, 201
173, 890, 205
173, 900, 202
174, 910, 206
176, 920, 207
176, 930, 211
178, 940, 206
178, 950, 210
178, 960, 206
180, 970, 203
181, 980, 208
182, 990, 210
183, 1000, 215
183, 1010, 219
185, 1020, 214
187, 1030, 217
188, 1040, 228
189, 1050, 229
191, 1060, 225
193, 1070, 230
193, 1080, 235
195, 1090, 235
195, 1100, 239
195, 1110, 237
197, 1120, 234
197, 1130, 241
199, 1140, 239
200, 1150, 237
200, 1160, 242
200, 1170, 235
202, 1180, 239
204, 1190, 238
205, 1200, 243
205, 1210, 238
206, 1220, 241
207, 1230, 244
207, 1240, 241
208, 1250, 242
209, 1260, 249
210, 1270, 247
212, 1280, 249
212, 1290, 256
213, 1300, 247
213, 1310, 248
215, 1320, 251
216, 1330, 249
216, 1340, 257
216, 1350, 255
216, 1360, 245
217, 1370, 250
219, 1380, 254
221, 1390, 256
222, 1400, 260
222, 1410, 253
223, 1420, 254
224, 1430, 254
225, 1440, 258
226, 1450, 264
227, 1460, 259
227, 1470, 270
228, 1480, 268
229, 1490, 262
230, 1500, 262
232, 1510, 262
234, 1520, 264
235, 1530, 269
237, 1540, 270
237, 1550, 271
239, 1560, 273
240, 1570, 272
242, 1580, 276
243, 1590, 276
245, 1600, 278
246, 1610, 280
249, 1620, 283
252, 1630, 286
253, 1640, 292
253, 1650, 293
253, 1660, 292
254, 1670, 291
255, 1680, 289
256, 1690, 295
257, 1700, 291
257, 1710, 292
258, 1720, 295
259, 1730, 299
260, 1740, 295
262, 1750, 299
263, 1760, 297
264, 1770, 301
264, 1780, 298
265, 1790, 301
266, 1800, 294
267, 1810, 298
268, 1820, 303
268, 1830, 302
269, 1840, 299
269, 1850, 305
270, 1860, 308
272, 1870, 308
272, 1880, 307
272, 1890, 309
273, 1900, 304
274, 1910, 311
276, 1920, 313
277, 1930, 310
278, 1940, 318
278, 1950, 316
278, 1960, 317
279, 1970, 315
279, 1980, 323
280, 1990, 321
281, 2000, 316
285, 2010, 320
285, 2020, 321
285, 2030, 320
286, 2040, 328
288, 2050, 322
290, 2060, 324
292, 2070, 323
292, 2080, 327
294, 2090, 326
297, 2100, 329
298, 2110, 332
298, 2120, 331
300, 2130, 329
302, 2140, 331
302, 2150, 335
304, 2160, 335
305, 2170, 342
307, 2180, 336
308, 2190, 342
308, 2200, 344
310, 2210, 345
310, 2220, 344
312, 2230, 347
313, 2240, 344
314, 2250, 344
314, 2260, 347
314, 2270, 346
314, 2280, 341
315, 2290, 346
317, 2300, 352
317, 2310, 355
318, 2320, 352
320, 2330, 351
321, 2340, 355
321, 2350, 358
321, 2360, 359
323, 2370, 357
326, 2380, 363
327, 2390, 361
328, 2400, 359
330, 2410, 363
330, 2420, 372
330, 2430, 367
330, 2440, 366
330, 2450, 363
331, 2460, 364
333, 2470, 364
335, 2480, 372
335, 2490, 373
335, 2500, 370
335, 2510, 373
335, 2520, 374
337, 2530, 373
337, 2540, 372
338, 2550, 371
338, 2560, 368
339, 2570, 368
339, 2580, 373
339, 2590, 367
341, 2600, 369
341, 2610, 371
342, 2620, 369
342, 2630, 374
342, 2640, 377
345, 2650, 372
345, 2660, 375
345, 2670, 375
346, 2680, 376
346, 2690, 375
348, 2700, 376
350, 2710, 377
352, 2720, 381
352, 2730, 379
353, 2740, 383
354, 2750, 380
355, 2760, 385
355, 2770, 383
355, 2780, 380
355, 2790, 384
355, 2800, 386
355, 2810, 381
356, 2820, 379
356, 2830, 382
356, 2840, 381
358, 2850, 381
359, 2860, 381
359, 2870, 384
359, 2880, 382
359, 2890, 385
360, 2900, 380
361, 2910, 386
361, 2920, 383
361, 2930, 383
362, 2940, 383
363, 2950, 386
365, 2960, 386
367, 2970, 386
367, 2980, 390
368, 2990, 387
370, 3000, 392
371, 3010, 394
374, 3020, 395
374, 3030, 400
375, 3040, 399
377, 3050, 397
377, 3060, 402
379, 3070, 401
379, 3080, 403
379, 3090, 404
380, 3100, 402
382, 3110, 406
383, 3120, 406
384, 3130, 407
389, 3140, 409
392, 3150, 414
392, 3160, 419
394, 3170, 418
394, 3180, 422
396, 3190, 419
397, 3200, 423
399, 3210, 422
400, 3220, 426
402, 3230, 426
403, 3240, 426
403, 3250, 427
404, 3260, 427
404, 3270, 429
405, 3280, 431
406, 3290, 427
406, 3300, 429
407, 3310, 428
409, 3320, 431
409, 3330, 434
410, 3340, 434
410, 3350, 433
410, 3360, 433
{'count': 3360, 'truepos': 99, 'falseneg': 6, 'unknownyes': 1, 'falsepos': 311, 'unique': 3360}
31: Hall.csv: three: 0, 0
8, 10
10, 20, 125
13, 30, 121
15, 40, 118
18, 50, 120
20, 60, 127
22, 70, 128
27, 80, 130
30, 90, 124
37, 100, 99
44, 110, 101
51, 120, 108
57, 130, 117
61, 140, 115
65, 150, 113
68, 160, 106
72, 170, 103
75, 180, 111
78, 190, 112
78, 200, 110
83, 210, 98
88, 220, 103
88, 230, 107
90, 240, 106
91, 250, 110
94, 260, 109
94, 270, 111
94, 280, 109
95, 290, 107
96, 300, 111
98, 310, 114
98, 320, 116
98, 330, 113
98, 340, 114
98, 350, 111
99, 360, 109
99, 370, 111
99, 380, 109
100, 390, 111
101, 400, 112
101, 410, 110
102, 420, 110
103, 430, 112
104, 440, 111
105, 450, 114
105, 460, 115
105, 470, 115
105, 480, 114
105, 490, 113
106, 500, 113
106, 510, 114
107, 520, 115
108, 530, 116
108, 540, 116
108, 550, 116
109, 560, 115
109, 570, 117
109, 580, 115
110, 590, 115
110, 600, 117
111, 610, 117
111, 620, 119
111, 630, 117
111, 640, 118
111, 650, 118
112, 660, 117
112, 670, 118
113, 680, 118
113, 690, 120
114, 700, 120
114, 710, 121
115, 720, 123
{'count': 1576, 'truepos': 97, 'falseneg': 6, 'unknownyes': 3, 'falsepos': 18, 'unique': 720}
31: Hall.csv: machine: 0, 0
6, 10
10, 20, 104
12, 30, 115
15, 40, 125
15, 50, 129
17, 60, 125
['yes' 'no' 'yes' 'yes' 'yes' 'yes' 'yes' 'no' 'yes' 'yes']
['no']
16, 60, 125
20, 70, 114
26, 80, 110
29, 90, 125
29, 100, 129
33, 110, 110
['no' 'no' 'yes' 'no' 'yes' 'yes' 'yes' 'yes' 'yes' 'yes']
['yes' 'yes' 'yes' 'no' 'no' 'no' 'no' 'no' 'no' 'no']
32, 110, 110
39, 120, 92
47, 130, 100
54, 140, 107
56, 150, 107
59, 160, 107
['yes' 'yes' 'yes' 'no' 'yes' 'no' 'yes' 'yes' 'no' 'yes']
['no' 'no' 'no' 'no' 'no' 'no' 'no' 'no' 'no' 'no']
58, 160, 107
63, 170, 101
66, 180, 102
69, 190, 102
73, 200, 96
75, 210, 100
['yes' 'yes' 'yes' 'yes' 'yes' 'yes' 'yes' 'yes' 'yes' 'yes']
['no' 'no' 'yes' 'no' 'no' 'no' 'no' 'no' 'no' 'no']
76, 210, 100
80, 220, 95
82, 230, 109
83, 240, 100
86, 250, 98
87, 260, 101
['yes' 'yes' 'yes' 'yes' 'yes' 'yes' 'yes' 'yes' 'no' 'yes']
['yes' 'no' 'no' 'yes' 'yes' 'no' 'no' 'no' 'no' 'no']
89, 260, 101
89, 270, 100
89, 280, 105
93, 290, 101
94, 300, 106
97, 310, 104
['no' 'no' 'no' 'yes' 'no' 'no' 'yes' 'yes' 'yes' 'yes']
['no' 'no' 'no' 'no' 'yes' 'no' 'no' 'no' 'no' 'no']
95, 310, 104
98, 320, 109
100, 330, 108
102, 340, 122
104, 350, 121
106, 360, 124
['yes' 'no' 'yes' 'yes' 'yes' 'yes' 'no' 'yes' 'yes' 'yes']
['no' 'no' 'no' 'no' 'yes' 'no' 'no' 'yes' 'no' 'no']
105, 360, 124
108, 370, 128
109, 380, 130
110, 390, 127
111, 400, 131
112, 410, 132
['no' 'yes' 'no' 'yes' 'yes' 'no' 'yes' 'no' 'yes' 'yes']
['no' 'no' 'no' 'no' 'no' 'yes' 'no' 'no' 'no' 'no']
108, 410, 132
109, 420, 120
109, 430, 121
111, 440, 120
111, 450, 122
111, 460, 123
['no' 'no' 'no' 'no' 'yes' 'no' 'no' 'yes' 'yes' 'no']
['no' 'no' 'no' 'no' 'no' 'no' 'no' 'no' 'no' 'no']
102, 460, 123
102, 470, 108
103, 480, 110
104, 490, 110
108, 500, 112
108, 510, 119
['no' 'no' 'yes' 'yes' 'no' 'yes' 'no' 'no' 'no' 'no']
['no' 'no' 'no' 'no' 'no' 'no' 'no' 'no' 'no' 'no']
103, 510, 119
104, 520, 109
['no' 'no' 'yes' 'no' 'yes' 'no' 'yes' 'no' 'yes' 'yes']
['yes' 'no' 'no' 'no' 'no' 'no' 'no' 'no' 'no' 'no']
{'count': 731, 'truepos': 94, 'falseneg': 7, 'unknownyes': 5, 'falsepos': 8, 'unique': 520}
31: Hall.csv: machine2: 0, 0
7, 10
10, 20, 110
12, 30, 127
15, 40, 128
19, 50, 130
24, 60, 143
['no' 'no' 'no' 'yes' 'yes' 'yes' 'yes' 'yes' 'yes' 'yes']
['no' 'no' 'yes' 'no']
22, 60, 143
25, 70, 148
26, 80, 157
29, 90, 146
31, 100, 150
38, 110, 106
['yes' 'yes' 'yes' 'yes' 'yes' 'no' 'no' 'no' 'yes' 'yes']
['no' 'no' 'no' 'no' 'yes' 'no' 'no' 'no' 'no' 'no']
37, 110, 106
42, 120, 99
49, 130, 95
54, 140, 102
60, 150, 112
64, 160, 112
['yes' 'yes' 'no' 'no' 'yes' 'yes' 'yes' 'yes' 'yes' 'no']
['no' 'yes' 'no' 'no' 'no' 'no' 'no' 'no' 'no' 'yes']
63, 160, 112
67, 170, 111
73, 180, 105
74, 190, 112
77, 200, 106
79, 210, 107
['no' 'yes' 'yes' 'yes' 'yes' 'yes' 'yes' 'yes' 'yes' 'yes']
['no' 'no' 'no' 'no' 'no' 'no' 'no' 'yes' 'no' 'no']
79, 210, 107
84, 220, 105
86, 230, 104
89, 240, 106
93, 250, 103
96, 260, 105
['no' 'no' 'yes' 'yes' 'yes' 'no' 'yes' 'yes' 'no' 'no']
['no' 'no' 'no' 'no' 'no' 'no' 'no' 'no' 'no' 'no']
92, 260, 105
96, 270, 109
98, 280, 111
100, 290, 112
103, 300, 112
104, 310, 117
['yes' 'no' 'yes' 'yes' 'yes' 'yes' 'yes' 'yes' 'yes' 'yes']
['no' 'no' 'yes' 'no' 'no' 'no' 'no' 'no' 'yes' 'no']
104, 310, 117
105, 320, 115
108, 330, 115
108, 340, 120
109, 350, 119
109, 360, 120
['no' 'yes' 'no' 'no' 'no' 'yes' 'yes' 'yes' 'no' 'no']
['no' 'no' 'no' 'no' 'no' 'no' 'no' 'no' 'no' 'no']
106, 360, 120
106, 370, 114
107, 380, 114
109, 390, 118
111, 400, 120
111, 410, 123
['no' 'no' 'no' 'no' 'no' 'yes' 'yes' 'yes' 'no' 'no']
['no' 'no' 'no' 'no' 'no' 'no' 'no' 'no' 'no' 'no']
107, 410, 123
111, 420, 116
113, 430, 122
113, 440, 130
115, 450, 122
118, 460, 126
['no' 'no' 'no' 'no' 'no' 'yes' 'yes' 'yes' 'yes' 'yes']
['no' 'no' 'yes' 'no' 'no' 'no' 'no' 'no' 'no' 'no']
117, 460, 126
118, 470, 136
119, 480, 134
120, 490, 135
120, 500, 134
121, 510, 131
['no' 'no' 'no' 'no' 'no' 'no' 'no' 'no' 'no' 'yes']
['no' 'yes' 'no' 'no' 'no' 'no' 'no' 'no' 'no' 'no']
114, 510, 131
114, 520, 123
114, 530, 125
114, 540, 124
114, 550, 122
117, 560, 122
['no' 'no' 'no' 'yes' 'yes' 'no' 'yes' 'yes' 'yes' 'no']
['no' 'no' 'no' 'no' 'no' 'no' 'no' 'no' 'no' 'no']
['no' 'no' 'no' 'no' 'no' 'no' 'yes' 'no' 'yes' 'no']
['no' 'no' 'no' 'no' 'no' 'no' 'no' 'no' 'no' 'no']
{'count': 821, 'truepos': 98, 'falseneg': 4, 'unknownyes': 4, 'falsepos': 13, 'unique': 560}
31: Hall.csv: machine3: 0, 0
6, 10
9, 20, 105
11, 30, 111
16, 40, 108
18, 50, 120
18, 60, 120
null
['no' 'yes']
18, 60, 120
22, 70, 111
25, 80, 116
26, 90, 123
28, 100, 115
32, 110, 106
null
['yes' 'yes' 'no' 'no' 'no' 'no' 'no' 'no' 'no' 'no']
34, 110, 106
40, 120, 105
47, 130, 109
54, 140, 107
59, 150, 115
63, 160, 120
null
['no' 'no' 'no' 'yes' 'no' 'no' 'no' 'no' 'no' 'no']
65, 160, 120
67, 170, 113
71, 180, 103
73, 190, 115
76, 200, 96
77, 210, 103
null
['no' 'no' 'no' 'no' 'no' 'no' 'no' 'no' 'no' 'no']
77, 210, 103
81, 220, 93
83, 230, 102
86, 240, 99
91, 250, 99
92, 260, 110
null
['no' 'no' 'no' 'no' 'no' 'no' 'yes' 'no' 'no' 'no']
92, 260, 110
93, 270, 108
93, 280, 110
95, 290, 107
96, 300, 109
96, 310, 110
null
['no' 'no' 'no' 'no' 'yes' 'no' 'no' 'no' 'no' 'no']
97, 310, 110
97, 320, 110
98, 330, 108
98, 340, 109
98, 350, 109
98, 360, 109
null
['no' 'no' 'yes' 'no' 'no' 'no' 'no' 'no' 'no' 'no']
100, 360, 109
100, 370, 109
101, 380, 109
101, 390, 109
101, 400, 110
102, 410, 108
null
['yes' 'no' 'no' 'no' 'no' 'no' 'no' 'no' 'no' 'no']
103, 410, 108
104, 420, 112
107, 430, 113
107, 440, 120
107, 450, 116
107, 460, 115
null
['no' 'no' 'no' 'no' 'no' 'no' 'no' 'no' 'no' 'no']
107, 460, 115
107, 470, 119
107, 480, 116
107, 490, 115
107, 500, 116
108, 510, 115
null
['no' 'no' 'no' 'no' 'no' 'no' 'no' 'no' 'no' 'no']
108, 510, 115
109, 520, 116
109, 530, 121
109, 540, 117
109, 550, 119
110, 560, 116
null
['no' 'no' 'no' 'no' 'no' 'no' 'no' 'no' 'no' 'no']
110, 560, 116
110, 570, 118
110, 580, 119
110, 590, 118
110, 600, 117
110, 610, 117
null
['no' 'no' 'no' 'no' 'no' 'no' 'no' 'no' 'no' 'no']
110, 610, 117
110, 620, 116
110, 630, 117
110, 640, 117
111, 650, 116
111, 660, 118
null
['no' 'no' 'no' 'no' 'no' 'no' 'no' 'no' 'no' 'no']
111, 660, 118
112, 670, 117
113, 680, 119
114, 690, 121
114, 700, 124
115, 710, 122
null
['no' 'no' 'no' 'no' 'no' 'no' 'no' 'no' 'no' 'no']
115, 710, 122
115, 720, 124
115, 730, 123
null
['no' 'no' 'no' 'no' 'no' 'no' 'no' 'no' 'no' 'no']
{'count': 1099, 'truepos': 99, 'falseneg': 4, 'unknownyes': 3, 'falsepos': 16, 'unique': 730}
31: Hall.csv: machine4: 0, 0
6, 10
10, 20, 103
14, 30, 108
16, 40, 121
21, 50, 120
23, 60, 129
26, 70, 138
26, 80, 154
28, 90, 151
30, 100, 151
36, 110, 103
43, 120, 111
48, 130, 120
52, 140, 109
57, 150, 105
60, 160, 113
62, 170, 113
64, 180, 90
67, 190, 101
71, 200, 95
74, 210, 89
78, 220, 102
82, 230, 103
83, 240, 112
86, 250, 105
90, 260, 110
92, 270, 115
92, 280, 119
93, 290, 113
93, 300, 107
93, 310, 112
94, 320, 108
95, 330, 109
95, 340, 108
96, 350, 106
96, 360, 111
96, 370, 107
96, 380, 108
96, 390, 106
96, 400, 108
96, 410, 108
96, 420, 104
97, 430, 103
97, 440, 107
98, 450, 104
98, 460, 112
98, 470, 107
99, 480, 107
100, 490, 108
100, 500, 111
100, 510, 109
101, 520, 111
102, 530, 112
102, 540, 111
102, 550, 110
102, 560, 110
102, 570, 113
102, 580, 112
102, 590, 109
102, 600, 110
102, 610, 112
102, 620, 111
103, 630, 110
103, 640, 113
103, 650, 110
103, 660, 110
103, 670, 110
104, 680, 111
104, 690, 112
104, 700, 110
104, 710, 111
104, 720, 110
104, 730, 111
104, 740, 110
104, 750, 111
104, 760, 110
104, 770, 110
{'count': 975, 'truepos': 93, 'falseneg': 9, 'unknownyes': 4, 'falsepos': 11, 'unique': 770}
31: Wahono.csv: none: 0, 0
6, 10
7, 20, 102
8, 30, 92
10, 40, 90
13, 50, 87
15, 60, 84
16, 70, 81
18, 80, 66
19, 90, 58
23, 100, 53
23, 110, 61
25, 120, 52
27, 130, 54
29, 140, 55
30, 150, 59
34, 160, 58
35, 170, 55
36, 180, 60
37, 190, 56
39, 200, 55
39, 210, 60
42, 220, 59
44, 230, 69
47, 240, 75
48, 250, 80
49, 260, 82
52, 270, 81
54, 280, 77
55, 290, 77
55, 300, 81
57, 310, 75
60, 320, 88
60, 330, 83
60, 340, 83
62, 350, 86
62, 360, 90
64, 370, 95
66, 380, 94
67, 390, 95
68, 400, 91
68, 410, 92
69, 420, 96
70, 430, 96
72, 440, 91
75, 450, 99
75, 460, 114
75, 470, 102
76, 480, 100
78, 490, 106
78, 500, 114
81, 510, 115
81, 520, 116
84, 530, 120
85, 540, 120
85, 550, 127
86, 560, 115
87, 570, 120
87, 580, 122
87, 590, 119
89, 600, 122
89, 610, 122
90, 620, 118
91, 630, 123
94, 640, 121
95, 650, 116
98, 660, 123
100, 670, 126
102, 680, 121
103, 690, 131
103, 700, 132
108, 710, 127
108, 720, 132
108, 730, 143
111, 740, 133
113, 750, 142
114, 760, 147
115, 770, 146
116, 780, 145
117, 790, 155
119, 800, 145
122, 810, 149
124, 820, 164
125, 830, 162
126, 840, 163
128, 850, 168
128, 860, 164
128, 870, 166
128, 880, 160
130, 890, 161
130, 900, 160
131, 910, 158
131, 920, 165
133, 930, 162
136, 940, 168
136, 950, 171
136, 960, 173
137, 970, 177
137, 980, 172
140, 990, 171
143, 1000, 173
143, 1010, 175
143, 1020, 170
143, 1030, 174
146, 1040, 171
147, 1050, 173
148, 1060, 179
149, 1070, 177
151, 1080, 176
151, 1090, 182
151, 1100, 179
154, 1110, 174
155, 1120, 183
156, 1130, 181
157, 1140, 182
157, 1150, 182
157, 1160, 180
158, 1170, 183
158, 1180, 186
158, 1190, 184
159, 1200, 186
160, 1210, 186
161, 1220, 185
161, 1230, 186
162, 1240, 183
164, 1250, 186
164, 1260, 189
166, 1270, 188
167, 1280, 191
167, 1290, 195
167, 1300, 194
168, 1310, 192
168, 1320, 193
169, 1330, 191
169, 1340, 190
170, 1350, 193
172, 1360, 193
172, 1370, 191
173, 1380, 196
174, 1390, 192
174, 1400, 192
176, 1410, 197
177, 1420, 200
179, 1430, 199
180, 1440, 199
181, 1450, 201
181, 1460, 203
181, 1470, 203
182, 1480, 200
184, 1490, 204
184, 1500, 207
184, 1510, 210
185, 1520, 205
185, 1530, 205
188, 1540, 203
188, 1550, 210
188, 1560, 205
189, 1570, 207
190, 1580, 208
190, 1590, 209
190, 1600, 211
190, 1610, 211
191, 1620, 214
194, 1630, 209
198, 1640, 211
200, 1650, 219
201, 1660, 223
202, 1670, 220
203, 1680, 225
203, 1690, 228
205, 1700, 221
205, 1710, 225
205, 1720, 224
208, 1730, 222
209, 1740, 228
210, 1750, 231
212, 1760, 231
215, 1770, 232
215, 1780, 236
216, 1790, 235
217, 1800, 240
217, 1810, 238
217, 1820, 239
218, 1830, 238
220, 1840, 237
220, 1850, 240
220, 1860, 238
221, 1870, 240
223, 1880, 244
223, 1890, 246
224, 1900, 244
226, 1910, 246
229, 1920, 249
229, 1930, 250
229, 1940, 252
230, 1950, 251
231, 1960, 251
231, 1970, 251
232, 1980, 252
233, 1990, 256
234, 2000, 255
234, 2010, 258
234, 2020, 258
235, 2030, 255
235, 2040, 256
237, 2050, 255
239, 2060, 257
242, 2070, 259
243, 2080, 263
246, 2090, 267
248, 2100, 268
248, 2110, 273
248, 2120, 272
250, 2130, 270
251, 2140, 271
252, 2150, 271
253, 2160, 271
253, 2170, 272
253, 2180, 274
254, 2190, 273
254, 2200, 279
259, 2210, 279
260, 2220, 284
260, 2230, 288
261, 2240, 286
262, 2250, 290
264, 2260, 288
265, 2270, 290
266, 2280, 289
266, 2290, 296
267, 2300, 292
267, 2310, 294
267, 2320, 293
268, 2330, 293
268, 2340, 291
268, 2350, 298
271, 2360, 291
271, 2370, 295
273, 2380, 296
275, 2390, 301
275, 2400, 302
275, 2410, 303
275, 2420, 302
277, 2430, 296
278, 2440, 301
278, 2450, 302
278, 2460, 301
280, 2470, 301
280, 2480, 301
282, 2490, 301
284, 2500, 305
285, 2510, 305
289, 2520, 306
292, 2530, 314
294, 2540, 314
295, 2550, 316
296, 2560, 318
297, 2570, 320
299, 2580, 317
299, 2590, 321
299, 2600, 322
300, 2610, 319
300, 2620, 320
301, 2630, 318
301, 2640, 324
302, 2650, 322
302, 2660, 321
302, 2670, 325
304, 2680, 323
304, 2690, 325
305, 2700, 324
306, 2710, 326
306, 2720, 328
308, 2730, 325
309, 2740, 331
309, 2750, 330
{'count': 2750, 'truepos': 55, 'falseneg': 7, 'unknownyes': 0, 'falsepos': 254, 'unique': 2750}
31: Wahono.csv: three: 0, 0
5, 10
6, 20, 102
8, 30, 92
11, 40, 97
11, 50, 96
15, 60, 63
19, 70, 66
20, 80, 79
22, 90, 71
22, 100, 60
23, 110, 55
27, 120, 52
29, 130, 58
30, 140, 60
31, 150, 51
31, 160, 52
34, 170, 50
38, 180, 64
40, 190, 70
42, 200, 78
45, 210, 76
45, 220, 78
48, 230, 76
49, 240, 73
49, 250, 80
50, 260, 75
51, 270, 76
54, 280, 86
56, 290, 90
57, 300, 97
57, 310, 102
58, 320, 84
59, 330, 83
59, 340, 84
59, 350, 88
60, 360, 78
60, 370, 78
60, 380, 78
60, 390, 82
63, 400, 82
63, 410, 86
63, 420, 90
64, 430, 85
64, 440, 91
64, 450, 82
64, 460, 89
65, 470, 86
65, 480, 89
65, 490, 89
66, 500, 81
66, 510, 86
66, 520, 90
66, 530, 95
67, 540, 87
68, 550, 90
68, 560, 90
69, 570, 89
70, 580, 93
70, 590, 90
70, 600, 96
70, 610, 96
70, 620, 90
70, 630, 93
71, 640, 85
71, 650, 91
71, 660, 88
71, 670, 92
71, 680, 88
71, 690, 91
71, 700, 94
71, 710, 83
73, 720, 86
73, 730, 86
73, 740, 88
73, 750, 89
73, 760, 88
75, 770, 89
75, 780, 87
75, 790, 89
76, 800, 88
76, 810, 90
76, 820, 90
76, 830, 89
76, 840, 88
76, 850, 90
77, 860, 87
78, 870, 90
80, 880, 87
81, 890, 91
81, 900, 93
81, 910, 92
82, 920, 92
82, 930, 93
82, 940, 94
82, 950, 93
82, 960, 94
82, 970, 91
82, 980, 92
82, 990, 94
83, 1000, 95
83, 1010, 94
83, 1020, 92
83, 1030, 94
83, 1040, 93
84, 1050, 92
85, 1060, 95
85, 1070, 94
86, 1080, 97
86, 1090, 97
86, 1100, 97
86, 1110, 99
86, 1120, 97
87, 1130, 96
90, 1140, 100
91, 1150, 103
91, 1160, 104
91, 1170, 104
91, 1180, 103
91, 1190, 102
91, 1200, 102
91, 1210, 102
91, 1220, 102
91, 1230, 102
92, 1240, 101
92, 1250, 103
93, 1260, 104
93, 1270, 104
93, 1280, 103
94, 1290, 103
94, 1300, 103
94, 1310, 104
94, 1320, 105
94, 1330, 104
94, 1340, 103
94, 1350, 103
94, 1360, 103
95, 1370, 102
95, 1380, 104
96, 1390, 103
96, 1400, 104
96, 1410, 104
96, 1420, 104
96, 1430, 104
96, 1440, 104
96, 1450, 104
97, 1460, 103
97, 1470, 105
98, 1480, 104
98, 1490, 106
100, 1500, 106
100, 1510, 110
101, 1520, 108
101, 1530, 109
101, 1540, 109
101, 1550, 109
101, 1560, 109
102, 1570, 110
102, 1580, 109
103, 1590, 110
103, 1600, 111
103, 1610, 110
104, 1620, 110
104, 1630, 112
104, 1640, 113
105, 1650, 113
105, 1660, 116
105, 1670, 116
106, 1680, 115
107, 1690, 117
107, 1700, 117
107, 1710, 117
107, 1720, 117
107, 1730, 116
107, 1740, 117
108, 1750, 115
108, 1760, 116
109, 1770, 117
109, 1780, 119
110, 1790, 118
110, 1800, 120
110, 1810, 119
110, 1820, 120
110, 1830, 119
110, 1840, 118
110, 1850, 118
111, 1860, 118
112, 1870, 120
112, 1880, 119
112, 1890, 120
112, 1900, 121
113, 1910, 120
113, 1920, 122
113, 1930, 121
113, 1940, 121
113, 1950, 121
113, 1960, 120
115, 1970, 120
115, 1980, 122
115, 1990, 122
115, 2000, 122
116, 2010, 122
117, 2020, 125
117, 2030, 128
117, 2040, 127
117, 2050, 125
117, 2060, 124
117, 2070, 124
118, 2080, 125
119, 2090, 127
119, 2100, 130
119, 2110, 128
120, 2120, 130
121, 2130, 131
121, 2140, 132
122, 2150, 133
122, 2160, 134
123, 2170, 134
124, 2180, 135
125, 2190, 138
125, 2200, 141
125, 2210, 138
125, 2220, 137
125, 2230, 135
125, 2240, 136
126, 2250, 135
126, 2260, 138
126, 2270, 137
126, 2280, 137
126, 2290, 137
128, 2300, 137
128, 2310, 139
129, 2320, 138
129, 2330, 141
129, 2340, 138
130, 2350, 139
131, 2360, 141
131, 2370, 141
132, 2380, 140
133, 2390, 142
135, 2400, 141
135, 2410, 144
136, 2420, 145
136, 2430, 146
136, 2440, 145
137, 2450, 145
138, 2460, 146
138, 2470, 150
139, 2480, 148
139, 2490, 150
139, 2500, 149
139, 2510, 149
139, 2520, 148
139, 2530, 148
139, 2540, 148
139, 2550, 149
139, 2560, 148
139, 2570, 149
139, 2580, 148
139, 2590, 147
{'count': 5634, 'truepos': 61, 'falseneg': 1, 'unknownyes': 0, 'falsepos': 78, 'unique': 2590}
31: Wahono.csv: machine: 0, 0
6, 10
9, 20, 106
9, 30, 137
9, 40, 116
11, 50, 104
11, 60, 102
['no' 'no' 'yes' 'yes' 'yes' 'no' 'yes' 'no' 'no' 'yes']
[]
6, 60, 102
9, 70, 77
12, 80, 66
14, 90, 62
16, 100, 55
21, 110, 52
['yes' 'yes' 'yes' 'yes' 'yes' 'yes' 'yes' 'yes' 'no' 'yes']
['yes' 'no']
19, 110, 52
20, 120, 55
21, 130, 50
25, 140, 49
27, 150, 58
31, 160, 54
['yes' 'no' 'no' 'no' 'no' 'yes' 'no' 'yes' 'no' 'yes']
['no' 'no' 'no' 'no' 'no' 'no' 'no' 'no' 'no' 'no']
26, 160, 54
26, 170, 57
29, 180, 52
29, 190, 59
32, 200, 55
33, 210, 61
['no' 'no' 'no' 'no' 'yes' 'yes' 'yes' 'no' 'no' 'yes']
['no' 'no' 'no' 'no' 'no' 'no' 'no' 'no' 'no' 'no']
27, 210, 61
28, 220, 50
31, 230, 49
32, 240, 49
36, 250, 50
38, 260, 58
['yes' 'yes' 'yes' 'yes' 'yes' 'yes' 'yes' 'yes' 'yes' 'no']
['no' 'no' 'no' 'yes' 'no' 'no' 'no' 'no' 'no' 'yes']
38, 260, 58
38, 270, 56
38, 280, 59
38, 290, 55
38, 300, 58
39, 310, 56
['yes' 'no' 'yes' 'no' 'yes' 'yes' 'yes' 'yes' 'yes' 'no']
['no' 'yes' 'no' 'no' 'no' 'no' 'yes' 'no' 'no' 'no']
41, 310, 56
45, 320, 59
46, 330, 70
48, 340, 63
50, 350, 68
51, 360, 68
['yes' 'yes' 'no' 'yes' 'no' 'no' 'no' 'no' 'no' 'no']
['no' 'no' 'no' 'no' 'no' 'yes' 'no' 'no' 'no' 'no']
46, 360, 68
48, 370, 62
49, 380, 67
51, 390, 66
52, 400, 69
52, 410, 69
['no' 'yes' 'yes' 'no' 'no' 'yes' 'yes' 'no' 'yes' 'no']
['no' 'no' 'no' 'no' 'no' 'yes' 'no' 'no' 'no' 'no']
48, 410, 69
51, 420, 58
52, 430, 62
52, 440, 67
52, 450, 65
53, 460, 62
['no' 'no' 'no' 'no' 'yes' 'no']
['no' 'no' 'no' 'no' 'no' 'no' 'no' 'no' 'yes' 'no']
50, 460, 62
52, 470, 60
54, 480, 61
55, 490, 64
56, 500, 66
59, 510, 66
['yes' 'no' 'no' 'no' 'no' 'yes' 'no' 'yes' 'no' 'yes']
['no' 'no' 'no' 'no' 'no' 'no' 'no' 'no' 'no' 'no']
54, 510, 66
54, 520, 64
56, 530, 63
56, 540, 66
59, 550, 64
61, 560, 68
['no' 'no' 'no' 'yes' 'no' 'no' 'no' 'no']
['no' 'no' 'no' 'no' 'no' 'no' 'no' 'no' 'no' 'no']
54, 560, 68
55, 570, 63
57, 580, 62
59, 590, 66
61, 600, 70
63, 610, 73
['no' 'no' 'no' 'no' 'yes' 'no' 'no' 'no' 'no']
['no' 'no' 'no' 'no' 'no' 'no' 'yes' 'no' 'no' 'no']
59, 610, 73
60, 620, 67
62, 630, 70
65, 640, 74
65, 650, 79
66, 660, 78
['no' 'no' 'no' 'no' 'no' 'yes' 'no' 'yes' 'no']
['no' 'no' 'no' 'no' 'no' 'no' 'no' 'yes' 'no' 'no']
61, 660, 78
62, 670, 70
62, 680, 71
62, 690, 70
62, 700, 70
64, 710, 70
['yes' 'no' 'no']
['no' 'no' 'no' 'no' 'no' 'no' 'no' 'no' 'no' 'no']
63, 710, 70
63, 720, 72
66, 730, 72
67, 740, 76
68, 750, 76
69, 760, 78
['no' 'no' 'no' 'no' 'no' 'no' 'no']
['no' 'no' 'no' 'no' 'no' 'no' 'no' 'no' 'no' 'no']
64, 760, 78
65, 770, 72
66, 780, 72
66, 790, 75
68, 800, 74
69, 810, 76
['no' 'no' 'no' 'no' 'no']
['no' 'no' 'no' 'no' 'no' 'no' 'no' 'no' 'no' 'no']
66, 810, 76
67, 820, 75
70, 830, 75
71, 840, 78
72, 850, 78
73, 860, 81
['no' 'no' 'no' 'no' 'no' 'no' 'no']
['no' 'no' 'no' 'no' 'no' 'no' 'no' 'no' 'no' 'no']
68, 860, 81
71, 870, 75
72, 880, 80
72, 890, 80
73, 900, 80
74, 910, 81
['no' 'no' 'no' 'no' 'no' 'no' 'no']
['no' 'no' 'no' 'no' 'no' 'no' 'no' 'no' 'no' 'no']
67, 910, 81
69, 920, 74
69, 930, 77
71, 940, 76
71, 950, 80
73, 960, 80
['no' 'no' 'no' 'no' 'no' 'no']
['no' 'no' 'no' 'no' 'no' 'no' 'no' 'no' 'no' 'no']
72, 960, 80
73, 970, 81
74, 980, 82
76, 990, 83
77, 1000, 84
81, 1010, 85
['no' 'no' 'no' 'no' 'no' 'no' 'no' 'no' 'no' 'no']
['no' 'no' 'no' 'no' 'no' 'no' 'no' 'no' 'no' 'no']
['no' 'no' 'no' 'no' 'no' 'no' 'no' 'no' 'no' 'no']
['no' 'no' 'no' 'no' 'no' 'no' 'no' 'no' 'no' 'no']
{'count': 1359, 'truepos': 55, 'falseneg': 3, 'unknownyes': 4, 'falsepos': 17, 'unique': 1010}
31: Wahono.csv: machine2: 0, 0
7, 10
9, 20, 110
12, 30, 98
15, 40, 103
16, 50, 117
16, 60, 112
['no' 'no' 'no' 'yes' 'yes' 'yes' 'yes' 'yes' 'no' 'yes']
[]
13, 60, 112
18, 70, 70
20, 80, 72
23, 90, 74
24, 100, 83
30, 110, 75
['yes' 'no' 'yes' 'yes' 'yes' 'no' 'no' 'no' 'no' 'yes']
['no' 'no' 'yes' 'no' 'no' 'no' 'no' 'no' 'no' 'no']
29, 110, 75
33, 120, 79
37, 130, 73
39, 140, 83
42, 150, 84
43, 160, 80
['no' 'yes' 'no' 'yes' 'yes' 'no' 'yes' 'no' 'yes' 'no']
['yes' 'no' 'no' 'no' 'no' 'no' 'no' 'no' 'no' 'no']
40, 160, 80
43, 170, 65
46, 180, 68
48, 190, 75
50, 200, 75
50, 210, 71
['yes' 'no' 'no' 'yes' 'yes' 'yes' 'yes' 'no' 'no' 'yes']
['no' 'no' 'no' 'no' 'no' 'no' 'yes' 'no' 'no' 'yes']
50, 210, 71
50, 220, 72
50, 230, 71
51, 240, 68
53, 250, 68
54, 260, 82
['yes' 'no' 'no' 'yes' 'yes' 'yes' 'no' 'yes' 'yes' 'no']
['no' 'no' 'no' 'no' 'no' 'no' 'no' 'no' 'no' 'no']
53, 260, 82
55, 270, 73
55, 280, 92
56, 290, 80
57, 300, 84
57, 310, 83
['no' 'yes' 'no' 'no' 'no' 'no' 'no' 'no' 'no' 'yes']
['no' 'no' 'no' 'no' 'no' 'no' 'no' 'no' 'no' 'no']
50, 310, 83
54, 320, 62
54, 330, 71
54, 340, 69
56, 350, 66
60, 360, 65
['no' 'no' 'yes' 'no' 'yes' 'yes' 'no' 'yes' 'yes' 'no']
['no' 'no' 'no' 'no' 'no' 'no' 'no' 'no' 'no' 'yes']
56, 360, 65
58, 370, 69
60, 380, 69
61, 390, 70
62, 400, 72
64, 410, 75
['no' 'no' 'no' 'no' 'no' 'no' 'no' 'yes' 'no' 'no']
['no' 'no' 'no' 'no' 'no' 'no' 'no' 'no' 'no' 'no']
56, 410, 75
58, 420, 65
58, 430, 70
58, 440, 67
60, 450, 67
62, 460, 69
['no' 'no' 'no' 'no' 'yes' 'no' 'no' 'yes' 'yes' 'yes']
['no' 'no' 'no' 'no' 'no' 'no' 'no' 'no' 'no' 'no']
57, 460, 69
59, 470, 65
61, 480, 68
63, 490, 68
65, 500, 72
66, 510, 76
['yes' 'no' 'no' 'yes' 'no' 'yes' 'no' 'no' 'no' 'no']
['no' 'no' 'no' 'no' 'no' 'no' 'no' 'no' 'no' 'no']
59, 510, 76
59, 520, 70
59, 530, 68
60, 540, 70
60, 550, 72
63, 560, 68
['no' 'no' 'no' 'no' 'no' 'yes' 'no' 'yes' 'no' 'yes']
['no' 'no' 'no' 'no' 'no' 'no' 'no' 'no' 'no' 'no']
59, 560, 68
60, 570, 68
60, 580, 69
60, 590, 68
60, 600, 67
61, 610, 67
['no' 'no' 'no' 'no' 'yes' 'yes' 'yes' 'no' 'no']
['no' 'no' 'no' 'no' 'no' 'no' 'no' 'no' 'no' 'no']
59, 610, 67
60, 620, 68
61, 630, 70
64, 640, 76
64, 650, 82
65, 660, 83
['no' 'no' 'no' 'no' 'no' 'no' 'no' 'no' 'no']
['no' 'no' 'no' 'no' 'no' 'no' 'no' 'no' 'no' 'no']
58, 660, 83
59, 670, 68
61, 680, 67
62, 690, 70
65, 700, 71
66, 710, 75
['no' 'no' 'no' 'yes' 'no' 'yes' 'no' 'no' 'no']
['no' 'no' 'no' 'no' 'no' 'no' 'no' 'no' 'no' 'no']
60, 710, 75
61, 720, 67
62, 730, 73
64, 740, 72
66, 750, 72
68, 760, 77
['no' 'no' 'no' 'no' 'no' 'no' 'no' 'no' 'no']
['no' 'no' 'no' 'no' 'no' 'no' 'no' 'no' 'no' 'no']
64, 760, 77
65, 770, 71
66, 780, 72
68, 790, 73
68, 800, 76
69, 810, 77
['yes' 'no' 'no' 'no' 'no' 'yes']
['no' 'no' 'no' 'no' 'no' 'no' 'no' 'no' 'no' 'no']
68, 810, 77
69, 820, 78
70, 830, 80
70, 840, 80
70, 850, 78
70, 860, 78
['no' 'no' 'no' 'no' 'no']
['no' 'no' 'no' 'no' 'no' 'no' 'no' 'no' 'no' 'no']
70, 860, 78
70, 870, 78
73, 880, 78
74, 890, 86
75, 900, 87
76, 910, 89
['no' 'no' 'no' 'no' 'no' 'no' 'no' 'no' 'no' 'no']
['no' 'no' 'no' 'no' 'no' 'no' 'no' 'no' 'no' 'no']
68, 910, 89
70, 920, 75
72, 930, 79
75, 940, 82
76, 950, 90
78, 960, 87
['no' 'no' 'no' 'no' 'no' 'yes' 'yes' 'no' 'no' 'no']
['no' 'no' 'no' 'no' 'no' 'no' 'no' 'no' 'no' 'no']
71, 960, 87
71, 970, 80
71, 980, 79
74, 990, 78
77, 1000, 84
77, 1010, 88
['no' 'no' 'no' 'no' 'no' 'no' 'no' 'no']
['no' 'no' 'no' 'no' 'no' 'no' 'no' 'no' 'no' 'no']
70, 1010, 88
72, 1020, 77
72, 1030, 78
73, 1040, 79
74, 1050, 80
74, 1060, 80
['no' 'no' 'no' 'no' 'no']
['no' 'no' 'no' 'no' 'no' 'no' 'no' 'no' 'no' 'no']
70, 1060, 80
71, 1070, 75
71, 1080, 76
72, 1090, 75
74, 1100, 77
74, 1110, 81
['no' 'no' 'no' 'no']
['no' 'no' 'no' 'no' 'no' 'no' 'no' 'no' 'no' 'no']
71, 1110, 81
71, 1120, 76
72, 1130, 75
72, 1140, 77
72, 1150, 79
74, 1160, 77
['no' 'no' 'no']
['no' 'no' 'no' 'no' 'no' 'no' 'no' 'no' 'no' 'no']
['no' 'no' 'no']
['no' 'no' 'no' 'no' 'no' 'no' 'no' 'no' 'no' 'no']
{'count': 1685, 'truepos': 54, 'falseneg': 4, 'unknownyes': 4, 'falsepos': 18, 'unique': 1160}
31: Wahono.csv: machine3: 0, 0
4, 10
7, 20, 87
8, 30, 95
8, 40, 94
12, 50, 68
14, 60, 90
null
[]
15, 70, 69
16, 80, 61
19, 90, 55
20, 100, 60
21, 110, 54
23, 120, 50
null
[]
27, 130, 52
27, 140, 60
29, 150, 56
31, 160, 60
35, 170, 54
35, 180, 63
null
['no' 'no' 'no' 'no' 'no' 'no' 'no' 'no' 'no' 'no']
36, 180, 63
37, 190, 63
37, 200, 64
38, 210, 63
38, 220, 65
38, 230, 59
null
['no' 'no' 'no' 'no' 'no' 'no' 'no' 'no' 'no' 'no']
38, 230, 59
38, 240, 58
39, 250, 60
41, 260, 59
41, 270, 61
41, 280, 60
null
['no' 'no' 'no' 'no' 'no' 'no' 'no' 'no' 'no' 'no']
41, 280, 60
41, 290, 59
42, 300, 57
44, 310, 60
46, 320, 64
46, 330, 61
null
['no' 'no' 'yes' 'no' 'no' 'no' 'no' 'no' 'no' 'no']
47, 330, 61
48, 340, 67
50, 350, 65
50, 360, 71
51, 370, 67
51, 380, 73
null
['no' 'yes' 'no' 'no' 'no' 'no' 'no' 'no' 'no' 'no']
52, 380, 73
54, 390, 65
55, 400, 67
56, 410, 71
56, 420, 71
56, 430, 70
null
['no' 'no' 'no' 'no' 'no' 'no' 'no' 'no' 'no' 'no']
56, 430, 70
56, 440, 67
56, 450, 66
58, 460, 68
58, 470, 74
59, 480, 70
null
['no' 'no' 'no' 'no' 'no' 'no' 'no' 'no' 'no' 'no']
59, 480, 70
60, 490, 72
60, 500, 72
60, 510, 72
61, 520, 74
62, 530, 77
null
['no' 'no' 'no' 'no' 'no' 'no' 'no' 'no' 'no' 'no']
62, 530, 77
62, 540, 74
63, 550, 75
63, 560, 75
63, 570, 75
63, 580, 80
null
['no' 'no' 'no' 'no' 'no' 'no' 'no' 'no' 'no' 'no']
63, 580, 80
64, 590, 75
64, 600, 77
64, 610, 80
64, 620, 76
65, 630, 77
null
['no' 'no' 'no' 'no' 'no' 'no' 'no' 'no' 'yes' 'no']
66, 630, 77
67, 640, 79
67, 650, 84
67, 660, 80
69, 670, 79
70, 680, 81
null
['no' 'no' 'no' 'no' 'no' 'no' 'no' 'no' 'no' 'no']
70, 680, 81
71, 690, 82
71, 700, 84
71, 710, 82
73, 720, 82
73, 730, 88
null
['no' 'no' 'no' 'no' 'no' 'no' 'no' 'no' 'no' 'no']
73, 730, 88
73, 740, 88
73, 750, 87
73, 760, 86
74, 770, 84
75, 780, 90
null
['no' 'no' 'no' 'no' 'no' 'no' 'no' 'no' 'no' 'no']
75, 780, 90
75, 790, 91
75, 800, 89
75, 810, 88
75, 820, 87
75, 830, 91
null
['no' 'no' 'no' 'no' 'no' 'no' 'no' 'no' 'no' 'no']
75, 830, 91
75, 840, 87
75, 850, 90
75, 860, 85
75, 870, 84
75, 880, 87
null
['no' 'no' 'no' 'no' 'no' 'no' 'no' 'no' 'no' 'no']
75, 880, 87
75, 890, 86
75, 900, 85
76, 910, 85
76, 920, 88
76, 930, 87
null
['no' 'no' 'no' 'no' 'no' 'no' 'no' 'no' 'no' 'no']
76, 930, 87
76, 940, 89
77, 950, 87
77, 960, 90
78, 970, 87
79, 980, 88
null
['no' 'no' 'no' 'no' 'no' 'no' 'no' 'no' 'no' 'no']
79, 980, 88
79, 990, 90
79, 1000, 92
80, 1010, 90
80, 1020, 90
81, 1030, 91
null
['no' 'no' 'no' 'no' 'no' 'no' 'no' 'no' 'no' 'no']
81, 1030, 91
81, 1040, 94
81, 1050, 91
81, 1060, 93
81, 1070, 90
83, 1080, 91
null
['yes' 'no' 'no' 'no' 'no' 'no' 'no' 'no' 'no' 'no']
84, 1080, 91
85, 1090, 95
86, 1100, 97
86, 1110, 97
86, 1120, 97
86, 1130, 95
null
['no' 'no' 'no' 'no' 'no' 'no' 'no' 'no' 'no' 'no']
86, 1130, 95
86, 1140, 95
86, 1150, 95
86, 1160, 95
86, 1170, 95
86, 1180, 94
null
['no' 'no' 'no' 'no' 'no' 'no' 'no' 'no' 'no' 'no']
86, 1180, 94
87, 1190, 95
87, 1200, 94
87, 1210, 95
87, 1220, 96
87, 1230, 95
null
['no' 'no' 'no' 'no' 'no' 'no' 'no' 'no' 'no' 'no']
87, 1230, 95
87, 1240, 94
87, 1250, 93
87, 1260, 94
88, 1270, 94
88, 1280, 95
null
['no' 'no' 'no' 'no' 'no' 'no' 'no' 'no' 'no' 'no']
88, 1280, 95
89, 1290, 95
90, 1300, 97
90, 1310, 98
90, 1320, 97
90, 1330, 97
null
['no' 'no' 'no' 'no' 'no' 'no' 'no' 'no' 'no' 'no']
90, 1330, 97
90, 1340, 96
90, 1350, 97
91, 1360, 96
91, 1370, 98
91, 1380, 99
null
['no' 'no' 'no' 'no' 'no' 'no' 'no' 'no' 'no' 'no']
92, 1380, 99
92, 1390, 97
93, 1400, 98
93, 1410, 99
93, 1420, 100
93, 1430, 100
null
['no' 'no' 'no' 'no' 'no' 'no' 'no' 'no' 'no' 'no']
93, 1430, 100
93, 1440, 100
93, 1450, 98
94, 1460, 100
94, 1470, 99
95, 1480, 100
null
['yes' 'no' 'no' 'no' 'no' 'no' 'no' 'no' 'no' 'no']
null
['no' 'no' 'no' 'no' 'no' 'no' 'no' 'no' 'no' 'no']
{'count': 2115, 'truepos': 58, 'falseneg': 1, 'unknownyes': 3, 'falsepos': 37, 'unique': 1480}
31: Wahono.csv: machine4: 0, 0
6, 10
6, 20, 100
7, 30, 96
10, 40, 86
11, 50, 73
14, 60, 55
15, 70, 53
18, 80, 47
19, 90, 59
20, 100, 53
20, 110, 50
22, 120, 47
24, 130, 50
24, 140, 58
24, 150, 51
29, 160, 49
31, 170, 56
35, 180, 59
36, 190, 64
37, 200, 61
38, 210, 62
39, 220, 65
39, 230, 66
40, 240, 59
41, 250, 60
42, 260, 63
42, 270, 64
43, 280, 59
44, 290, 59
44, 300, 61
45, 310, 61
46, 320, 63
46, 330, 62
49, 340, 60
49, 350, 67
49, 360, 68
49, 370, 66
49, 380, 64
49, 390, 63
49, 400, 61
50, 410, 67
50, 420, 67
51, 430, 66
51, 440, 69
51, 450, 66
52, 460, 64
52, 470, 67
52, 480, 65
52, 490, 71
53, 500, 68
53, 510, 76
53, 520, 65
53, 530, 69
53, 540, 67
55, 550, 68
55, 560, 70
56, 570, 75
58, 580, 69
58, 590, 77
58, 600, 71
58, 610, 72
59, 620, 70
59, 630, 73
60, 640, 72
60, 650, 74
60, 660, 74
60, 670, 72
60, 680, 71
60, 690, 79
60, 700, 77
60, 710, 75
60, 720, 71
62, 730, 75
62, 740, 73
63, 750, 75
63, 760, 75
63, 770, 77
64, 780, 75
64, 790, 75
64, 800, 77
64, 810, 74
64, 820, 76
64, 830, 74
64, 840, 77
64, 850, 75
64, 860, 73
64, 870, 78
64, 880, 73
64, 890, 76
64, 900, 73
64, 910, 71
64, 920, 73
64, 930, 71
64, 940, 70
64, 950, 72
64, 960, 72
64, 970, 71
64, 980, 71
64, 990, 70
64, 1000, 73
64, 1010, 71
64, 1020, 73
64, 1030, 71
64, 1040, 71
65, 1050, 70
66, 1060, 71
66, 1070, 73
66, 1080, 73
66, 1090, 72
67, 1100, 72
67, 1110, 76
67, 1120, 74
69, 1130, 73
71, 1140, 74
71, 1150, 78
71, 1160, 77
71, 1170, 76
71, 1180, 78
71, 1190, 77
71, 1200, 78
72, 1210, 76
73, 1220, 78
73, 1230, 80
73, 1240, 78
73, 1250, 78
73, 1260, 78
74, 1270, 78
74, 1280, 79
74, 1290, 80
74, 1300, 78
74, 1310, 78
74, 1320, 79
74, 1330, 79
74, 1340, 78
74, 1350, 79
{'count': 1642, 'truepos': 51, 'falseneg': 6, 'unknownyes': 5, 'falsepos': 23, 'unique': 1350}
31: Danijel.csv: none: 0, 0
5, 10
8, 20, 117
11, 30, 126
14, 40, 145
16, 50, 143
18, 60, 136
21, 70, 127
23, 80, 129
25, 90, 132
28, 100, 132
29, 110, 142
29, 120, 132
31, 130, 123
33, 140, 108
36, 150, 120
37, 160, 133
40, 170, 107
42, 180, 95
43, 190, 111
43, 200, 85
44, 210, 78
45, 220, 89
48, 230, 89
53, 240, 84
54, 250, 87
56, 260, 90
56, 270, 93
58, 280, 88
59, 290, 88
60, 300, 83
63, 310, 88
64, 320, 92
65, 330, 89
67, 340, 89
70, 350, 88
71, 360, 90
72, 370, 91
73, 380, 94
75, 390, 93
76, 400, 93
79, 410, 92
80, 420, 101
81, 430, 96
82, 440, 92
83, 450, 105
83, 460, 95
84, 470, 101
85, 480, 99
86, 490, 96
88, 500, 98
89, 510, 98
90, 520, 99
91, 530, 102
91, 540, 101
92, 550, 102
93, 560, 104
95, 570, 104
95, 580, 108
98, 590, 110
98, 600, 113
101, 610, 110
102, 620, 114
104, 630, 119
105, 640, 125
106, 650, 124
106, 660, 138
106, 670, 126
106, 680, 129
107, 690, 125
108, 700, 126
109, 710, 126
109, 720, 125
112, 730, 133
112, 740, 136
112, 750, 129
113, 760, 134
113, 770, 131
114, 780, 133
114, 790, 133
114, 800, 133
116, 810, 133
117, 820, 136
117, 830, 133
117, 840, 130
118, 850, 134
118, 860, 130
119, 870, 131
119, 880, 133
122, 890, 136
123, 900, 144
124, 910, 143
128, 920, 142
128, 930, 152
130, 940, 148
130, 950, 155
132, 960, 157
132, 970, 157
134, 980, 153
135, 990, 162
137, 1000, 151
139, 1010, 156
139, 1020, 154
140, 1030, 156
141, 1040, 160
141, 1050, 160
141, 1060, 162
141, 1070, 162
141, 1080, 157
145, 1090, 159
147, 1100, 169
148, 1110, 172
149, 1120, 172
152, 1130, 171
153, 1140, 176
153, 1150, 179
153, 1160, 173
153, 1170, 175
153, 1180, 172
154, 1190, 172
154, 1200, 171
154, 1210, 170
155, 1220, 172
156, 1230, 174
156, 1240, 174
158, 1250, 173
158, 1260, 174
158, 1270, 176
158, 1280, 175
160, 1290, 173
161, 1300, 178
161, 1310, 180
161, 1320, 179
162, 1330, 177
162, 1340, 179
164, 1350, 177
167, 1360, 182
168, 1370, 186
170, 1380, 185
170, 1390, 192
173, 1400, 195
174, 1410, 194
175, 1420, 196
178, 1430, 201
178, 1440, 201
178, 1450, 200
178, 1460, 200
180, 1470, 197
181, 1480, 201
181, 1490, 201
182, 1500, 200
182, 1510, 201
183, 1520, 201
184, 1530, 198
185, 1540, 202
186, 1550, 203
189, 1560, 202
192, 1570, 204
192, 1580, 210
192, 1590, 208
192, 1600, 209
192, 1610, 206
194, 1620, 206
194, 1630, 209
194, 1640, 208
195, 1650, 208
197, 1660, 211
200, 1670, 212
200, 1680, 220
201, 1690, 217
203, 1700, 217
204, 1710, 221
205, 1720, 221
208, 1730, 221
208, 1740, 225
208, 1750, 225
209, 1760, 226
211, 1770, 226
213, 1780, 228
214, 1790, 231
217, 1800, 231
218, 1810, 237
218, 1820, 239
218, 1830, 238
219, 1840, 238
222, 1850, 238
223, 1860, 240
225, 1870, 241
225, 1880, 245
225, 1890, 244
226, 1900, 243
227, 1910, 245
229, 1920, 247
231, 1930, 249
231, 1940, 252
234, 1950, 251
235, 1960, 262
236, 1970, 260
236, 1980, 259
236, 1990, 257
237, 2000, 259
237, 2010, 261
238, 2020, 260
240, 2030, 261
241, 2040, 263
242, 2050, 261
243, 2060, 264
244, 2070, 263
245, 2080, 264
247, 2090, 268
249, 2100, 265
251, 2110, 269
251, 2120, 274
253, 2130, 272
254, 2140, 277
255, 2150, 273
256, 2160, 277
258, 2170, 277
258, 2180, 279
258, 2190, 278
260, 2200, 277
261, 2210, 282
263, 2220, 284
265, 2230, 287
265, 2240, 286
266, 2250, 284
267, 2260, 285
269, 2270, 288
270, 2280, 294
270, 2290, 288
271, 2300, 290
273, 2310, 289
275, 2320, 292
277, 2330, 293
279, 2340, 298
280, 2350, 298
281, 2360, 301
282, 2370, 300
283, 2380, 304
284, 2390, 302
284, 2400, 302
284, 2410, 303
285, 2420, 304
285, 2430, 307
288, 2440, 305
289, 2450, 308
289, 2460, 308
291, 2470, 309
291, 2480, 312
291, 2490, 310
{'count': 2490, 'truepos': 43, 'falseneg': 2, 'unknownyes': 3, 'falsepos': 248, 'unique': 2490}
31: Danijel.csv: three: 0, 0
4, 10
6, 20, 113
6, 30, 102
9, 40, 92
12, 50, 93
14, 60, 90
16, 70, 87
18, 80, 80
20, 90, 79
21, 100, 88
24, 110, 77
28, 120, 75
29, 130, 82
30, 140, 68
35, 150, 57
36, 160, 60
38, 170, 59
39, 180, 60
41, 190, 60
41, 200, 65
41, 210, 63
42, 220, 61
42, 230, 67
42, 240, 62
45, 250, 60
46, 260, 64
47, 270, 64
49, 280, 65
50, 290, 72
51, 300, 74
51, 310, 69
53, 320, 74
54, 330, 71
54, 340, 76
54, 350, 78
54, 360, 70
54, 370, 70
55, 380, 75
56, 390, 74
56, 400, 80
56, 410, 74
57, 420, 76
58, 430, 78
58, 440, 84
58, 450, 79
58, 460, 74
59, 470, 78
59, 480, 78
59, 490, 79
59, 500, 82
59, 510, 77
59, 520, 76
60, 530, 72
60, 540, 79
60, 550, 75
61, 560, 75
61, 570, 80
61, 580, 77
62, 590, 76
62, 600, 77
65, 610, 75
65, 620, 79
65, 630, 79
66, 640, 83
66, 650, 82
66, 660, 80
66, 670, 83
66, 680, 81
67, 690, 81
67, 700, 79
67, 710, 80
67, 720, 80
67, 730, 80
67, 740, 81
68, 750, 77
68, 760, 81
68, 770, 77
68, 780, 78
69, 790, 80
69, 800, 80
69, 810, 78
69, 820, 78
70, 830, 77
70, 840, 80
70, 850, 81
70, 860, 82
70, 870, 80
70, 880, 79
71, 890, 78
71, 900, 79
71, 910, 79
71, 920, 79
72, 930, 79
72, 940, 78
72, 950, 79
72, 960, 80
72, 970, 78
72, 980, 78
72, 990, 80
72, 1000, 78
73, 1010, 78
74, 1020, 80
75, 1030, 82
75, 1040, 83
76, 1050, 83
77, 1060, 85
77, 1070, 89
77, 1080, 86
78, 1090, 87
78, 1100, 88
78, 1110, 85
78, 1120, 87
78, 1130, 87
78, 1140, 87
78, 1150, 86
78, 1160, 88
79, 1170, 85
79, 1180, 88
79, 1190, 88
79, 1200, 86
79, 1210, 87
79, 1220, 87
80, 1230, 87
80, 1240, 87
80, 1250, 87
80, 1260, 88
80, 1270, 87
80, 1280, 88
80, 1290, 88
81, 1300, 88
81, 1310, 89
81, 1320, 88
82, 1330, 87
82, 1340, 89
82, 1350, 89
83, 1360, 89
83, 1370, 89
84, 1380, 89
84, 1390, 90
85, 1400, 90
85, 1410, 90
85, 1420, 90
85, 1430, 90
85, 1440, 90
{'count': 3145, 'truepos': 42, 'falseneg': 4, 'unknownyes': 2, 'falsepos': 43, 'unique': 1440}
31: Danijel.csv: machine: 0, 0
4, 10
7, 20, 117
8, 30, 119
9, 40, 112
11, 50, 91
13, 60, 94
['no' 'yes' 'yes' 'no' 'no' 'yes' 'yes' 'yes' 'yes' 'no']
[]
10, 60, 94
13, 70, 95
15, 80, 105
17, 90, 86
20, 100, 88
22, 110, 100
['yes' 'yes' 'no' 'no' 'yes' 'yes' 'yes' 'no' 'yes' 'no']
[]
18, 110, 100
19, 120, 88
21, 130, 82
21, 140, 88
23, 150, 73
27, 160, 65
['no' 'yes' 'yes' 'no' 'no' 'no' 'yes' 'no' 'yes' 'no']
[]
21, 160, 65
24, 170, 57
24, 180, 60
25, 190, 55
28, 200, 54
30, 210, 54
['no' 'no' 'no' 'yes' 'no' 'no' 'yes' 'no' 'yes' 'yes']
['no' 'no' 'yes' 'no' 'no' 'no' 'no' 'no' 'no' 'no']
25, 210, 54
26, 220, 46
28, 230, 47
28, 240, 48
31, 250, 46
32, 260, 48
['yes' 'yes' 'yes' 'yes' 'yes' 'no' 'yes' 'no' 'yes' 'no']
['yes' 'no' 'no' 'no' 'no' 'no' 'no' 'no' 'no' 'no']
30, 260, 48
33, 270, 45
37, 280, 48
38, 290, 65
40, 300, 58
42, 310, 63
['no' 'no' 'no' 'no' 'no' 'no' 'no' 'yes' 'no' 'no']
['no' 'no' 'no' 'no' 'no' 'no' 'no' 'no' 'no' 'no']
33, 310, 63
35, 320, 43
37, 330, 46
39, 340, 47
39, 350, 50
40, 360, 49
['yes' 'no' 'no' 'no' 'no' 'no' 'yes' 'yes' 'no' 'yes']
['no' 'no' 'yes' 'no' 'no' 'no' 'no' 'yes' 'no' 'no']
39, 360, 49
41, 370, 47
42, 380, 50
43, 390, 51
43, 400, 52
45, 410, 53
['no' 'no' 'no' 'yes' 'no' 'no' 'no' 'yes' 'yes' 'no']
['no' 'no' 'no' 'no' 'no' 'no' 'no' 'no' 'no' 'no']
39, 410, 53
41, 420, 46
43, 430, 48
45, 440, 50
49, 450, 53
50, 460, 62
['no' 'no' 'yes' 'yes' 'no' 'no' 'no' 'no' 'no' 'no']
['no' 'no' 'no' 'no' 'no' 'no' 'no' 'no' 'no' 'no']
47, 460, 62
47, 470, 55
48, 480, 55
48, 490, 58
50, 500, 55
52, 510, 62
['no' 'no' 'no' 'no' 'no' 'no' 'no' 'no' 'no' 'no']
['no' 'no' 'no' 'no' 'no' 'no' 'no' 'no' 'no' 'no']
43, 510, 62
44, 520, 52
45, 530, 51
45, 540, 55
47, 550, 54
47, 560, 58
['yes' 'no' 'no' 'no' 'yes' 'yes']
['no' 'no' 'no' 'no' 'no' 'no' 'no' 'no' 'no' 'no']
46, 560, 58
47, 570, 52
49, 580, 53
50, 590, 55
50, 600, 56
52, 610, 56
['no' 'no' 'no' 'yes' 'no' 'no']
['no' 'no' 'no' 'no' 'no' 'no' 'no' 'no' 'no' 'no']
47, 610, 56
48, 620, 53
49, 630, 56
49, 640, 56
49, 650, 54
52, 660, 54
['no' 'no' 'no' 'no' 'yes']
['no' 'no' 'no' 'no' 'no' 'no' 'no' 'no' 'no' 'no']
['no' 'no' 'yes' 'no' 'no']
['no' 'no' 'no' 'no' 'no' 'no' 'no' 'no' 'no' 'no']
{'count': 877, 'truepos': 40, 'falseneg': 3, 'unknownyes': 5, 'falsepos': 8, 'unique': 660}
31: Danijel.csv: machine2: 0, 0
3, 10
6, 20, 118
7, 30, 132
8, 40, 117
10, 50, 101
10, 60, 87
['no' 'yes' 'yes' 'yes' 'no' 'no' 'no' 'yes' 'no' 'yes']
[]
6, 60, 87
7, 70, 64
7, 80, 57
8, 90, 54
9, 100, 52
9, 110, 52
['yes' 'no' 'yes']
[]
8, 110, 52
8, 120, 47
8, 130, 45
10, 140, 44
12, 150, 46
15, 160, 49
['no' 'yes' 'no' 'yes' 'no' 'yes' 'no']
[]
12, 160, 49
15, 170, 49
18, 180, 55
21, 190, 63
25, 200, 64
29, 210, 68
['no' 'yes' 'yes' 'yes' 'yes' 'yes' 'yes' 'yes' 'yes' 'no']
[]
27, 210, 68
27, 220, 66
29, 230, 60
30, 240, 62
32, 250, 59
35, 260, 56
['no' 'no' 'no' 'yes' 'yes' 'no' 'no' 'yes' 'yes' 'yes']
['yes' 'no' 'no' 'no' 'no' 'no' 'no' 'no' 'no' 'no']
37, 260, 56
39, 270, 59
40, 280, 63
40, 290, 61
41, 300, 61
42, 310, 61
['no' 'no' 'no' 'yes' 'no' 'no' 'no' 'no' 'no' 'no']
['no' 'no' 'no' 'no' 'no' 'no' 'no' 'no' 'no' 'no']
34, 310, 61
35, 320, 50
36, 330, 48
37, 340, 50
38, 350, 52
38, 360, 53
['no' 'no' 'no' 'no' 'no' 'yes' 'yes' 'yes']
['no' 'no' 'no' 'no' 'no' 'no' 'no' 'no' 'no' 'no']
36, 360, 53
37, 370, 49
37, 380, 50
39, 390, 49
41, 400, 52
41, 410, 54
['no' 'no' 'no' 'no' 'no' 'no']
['no' 'no' 'no' 'no' 'no' 'no' 'no' 'no' 'no' 'no']
38, 410, 54
38, 420, 49
39, 430, 50
40, 440, 55
40, 450, 53
40, 460, 54
['no' 'no' 'no' 'no']
['no' 'no' 'no' 'no' 'no' 'no' 'no' 'no' 'no' 'no']
36, 460, 54
37, 470, 47
38, 480, 47
39, 490, 47
40, 500, 49
40, 510, 50
['no' 'no' 'no' 'no']
['no' 'no' 'no' 'yes' 'no' 'no' 'no' 'no' 'no' 'no']
40, 510, 50
40, 520, 49
41, 530, 49
42, 540, 51
43, 550, 51
43, 560, 52
['no' 'yes' 'no' 'no' 'yes' 'no']
['no' 'no' 'no' 'no' 'no' 'no' 'no' 'no' 'no' 'no']
39, 560, 52
41, 570, 47
43, 580, 50
45, 590, 54
45, 600, 54
45, 610, 60
['yes' 'no' 'no' 'yes' 'no' 'no']
['no' 'no' 'no' 'no' 'no' 'no' 'no' 'no' 'no' 'no']
44, 610, 60
44, 620, 54
44, 630, 56
44, 640, 54
47, 650, 53
48, 660, 58
['no' 'no' 'no' 'no' 'no']
['no' 'no' 'no' 'no' 'no' 'no' 'no' 'no' 'no' 'no']
44, 660, 58
44, 670, 52
44, 680, 51
45, 690, 52
45, 700, 53
45, 710, 54
['no' 'no']
['no' 'no' 'no' 'no' 'no' 'no' 'no' 'no' 'no' 'no']
44, 710, 54
44, 720, 53
44, 730, 52
44, 740, 53
45, 750, 52
47, 760, 54
['no' 'no' 'no' 'no']
['no' 'yes' 'no' 'no' 'no' 'no' 'no' 'no' 'no' 'no']
45, 760, 54
45, 770, 53
46, 780, 53
49, 790, 53
50, 800, 56
50, 810, 56
['yes' 'no' 'yes' 'no' 'no' 'no' 'yes']
['no' 'no' 'no' 'no' 'no' 'no' 'no' 'no' 'no' 'no']
47, 810, 56
50, 820, 53
51, 830, 57
51, 840, 57
53, 850, 57
55, 860, 59
['no' 'no' 'yes' 'no' 'no' 'no' 'no' 'no' 'yes']
['no' 'no' 'no' 'no' 'no' 'no' 'no' 'no' 'no' 'no']
51, 860, 59
52, 870, 56
52, 880, 57
52, 890, 57
53, 900, 57
53, 910, 58
['yes' 'no' 'no']
['no' 'no' 'yes' 'no' 'no' 'no' 'no' 'no' 'no' 'no']
52, 910, 58
52, 920, 56
55, 930, 56
55, 940, 60
56, 950, 60
57, 960, 62
['yes' 'no' 'no' 'no' 'no' 'yes']
['no' 'no' 'no' 'no' 'no' 'no' 'yes' 'no' 'no' 'no']
56, 960, 62
57, 970, 60
58, 980, 62
58, 990, 63
58, 1000, 63
61, 1010, 63
['no' 'no' 'no' 'no' 'no' 'yes' 'yes']
['no' 'no' 'no' 'no' 'no' 'no' 'no' 'no' 'no' 'no']
['no' 'no' 'no' 'yes' 'no' 'no' 'yes']
['no' 'no' 'no' 'no' 'no' 'no' 'no' 'no' 'no' 'no']
{'count': 1361, 'truepos': 41, 'falseneg': 3, 'unknownyes': 4, 'falsepos': 17, 'unique': 1010}
31: Danijel.csv: machine3: 0, 0
4, 10
4, 20, 124
7, 30, 95
8, 40, 86
12, 50, 70
14, 60, 76
null
[]
14, 70, 71
15, 80, 58
15, 90, 58
15, 100, 51
17, 110, 47
22, 120, 47
null
[]
26, 130, 59
27, 140, 63
30, 150, 59
31, 160, 51
32, 170, 54
33, 180, 49
null
['no' 'no' 'no' 'no' 'no' 'no' 'no' 'no' 'no' 'no']
33, 180, 49
34, 190, 51
35, 200, 51
36, 210, 50
37, 220, 52
38, 230, 49
null
['no' 'no' 'no' 'no' 'no' 'no' 'no' 'no' 'no' 'no']
38, 230, 49
39, 240, 51
39, 250, 54
41, 260, 51
41, 270, 55
42, 280, 53
null
['no' 'no' 'no' 'no' 'no' 'no' 'no' 'no' 'no' 'no']
42, 280, 53
43, 290, 54
44, 300, 54
44, 310, 60
44, 320, 56
44, 330, 56
null
['no' 'no' 'no' 'no' 'no' 'no' 'no' 'no' 'no' 'no']
46, 330, 56
47, 340, 56
48, 350, 59
50, 360, 62
50, 370, 64
50, 380, 61
null
['no' 'no' 'no' 'no' 'no' 'no' 'no' 'no' 'no' 'no']
50, 380, 61
50, 390, 60
50, 400, 61
50, 410, 59
50, 420, 61
50, 430, 59
null
['no' 'no' 'no' 'no' 'no' 'no' 'no' 'no' 'no' 'no']
50, 430, 59
50, 440, 57
50, 450, 57
51, 460, 58
51, 470, 63
51, 480, 62
null
['no' 'no' 'no' 'no' 'no' 'no' 'no' 'no' 'no' 'no']
51, 480, 62
51, 490, 60
51, 500, 61
51, 510, 60
52, 520, 61
53, 530, 62
null
['no' 'no' 'no' 'no' 'no' 'no' 'no' 'no' 'no' 'no']
54, 530, 62
55, 540, 64
55, 550, 63
55, 560, 63
55, 570, 65
55, 580, 65
null
['no' 'no' 'no' 'no' 'no' 'no' 'no' 'no' 'no' 'no']
55, 580, 65
55, 590, 60
55, 600, 60
55, 610, 63
55, 620, 64
55, 630, 62
null
['no' 'no' 'no' 'no' 'no' 'no' 'no' 'no' 'no' 'no']
55, 630, 62
56, 640, 63
56, 650, 63
57, 660, 64
58, 670, 64
58, 680, 65
null
['no' 'no' 'no' 'no' 'no' 'no' 'no' 'no' 'no' 'no']
58, 680, 65
58, 690, 66
58, 700, 66
59, 710, 66
59, 720, 67
60, 730, 65
null
['no' 'no' 'no' 'no' 'no' 'no' 'no' 'no' 'no' 'no']
60, 730, 65
60, 740, 68
60, 750, 68
60, 760, 67
60, 770, 67
60, 780, 66
null
['no' 'no' 'no' 'no' 'no' 'yes' 'no' 'no' 'no' 'no']
61, 780, 66
62, 790, 67
62, 800, 68
62, 810, 67
62, 820, 66
62, 830, 66
null
['no' 'no' 'no' 'no' 'no' 'no' 'no' 'no' 'no' 'no']
62, 830, 66
62, 840, 67
63, 850, 68
63, 860, 69
63, 870, 69
64, 880, 69
null
['no' 'no' 'no' 'no' 'no' 'no' 'no' 'no' 'no' 'no']
64, 880, 69
64, 890, 71
64, 900, 70
64, 910, 71
64, 920, 70
65, 930, 69
null
['no' 'no' 'no' 'no' 'no' 'no' 'no' 'no' 'no' 'no']
65, 930, 69
66, 940, 70
67, 950, 75
67, 960, 76
67, 970, 76
67, 980, 73
null
['no' 'no' 'no' 'no' 'no' 'no' 'no' 'no' 'no' 'no']
67, 980, 73
68, 990, 74
68, 1000, 76
69, 1010, 77
69, 1020, 77
69, 1030, 77
null
['no' 'no' 'no' 'no' 'no' 'no' 'no' 'no' 'no' 'no']
69, 1030, 77
69, 1040, 77
70, 1050, 76
70, 1060, 76
70, 1070, 77
71, 1080, 77
null
['no' 'no' 'no' 'no' 'no' 'no' 'no' 'no' 'no' 'no']
72, 1080, 77
72, 1090, 79
72, 1100, 77
72, 1110, 78
72, 1120, 77
72, 1130, 77
null
['no' 'no' 'no' 'no' 'no' 'no' 'no' 'no' 'no' 'no']
72, 1130, 77
72, 1140, 78
72, 1150, 76
72, 1160, 77
72, 1170, 76
72, 1180, 76
null
['no' 'no' 'no' 'no' 'no' 'no' 'no' 'no' 'no' 'no']
72, 1180, 76
72, 1190, 77
72, 1200, 77
72, 1210, 77
72, 1220, 76
73, 1230, 76
null
['no' 'no' 'no' 'no' 'no' 'no' 'no' 'no' 'no' 'no']
null
['no' 'no' 'no' 'no' 'no' 'no' 'no' 'no' 'no' 'no']
{'count': 1741, 'truepos': 45, 'falseneg': 0, 'unknownyes': 3, 'falsepos': 28, 'unique': 1230}
31: Danijel.csv: machine4: 0, 0
2, 10
3, 20, 102
4, 30, 84
5, 40, 58
6, 50, 49
6, 60, 50
7, 70, 47
7, 80, 50
8, 90, 49
10, 100, 53
13, 110, 56
14, 120, 62
16, 130, 54
17, 140, 56
18, 150, 52
18, 160, 53
20, 170, 49
22, 180, 51
22, 190, 51
23, 200, 49
23, 210, 50
27, 220, 49
29, 230, 54
31, 240, 54
31, 250, 49
32, 260, 46
32, 270, 46
33, 280, 43
34, 290, 46
34, 300, 46
34, 310, 49
34, 320, 45
34, 330, 44
35, 340, 43
36, 350, 45
36, 360, 47
37, 370, 45
38, 380, 46
38, 390, 49
39, 400, 48
39, 410, 52
39, 420, 50
40, 430, 51
40, 440, 53
41, 450, 48
42, 460, 50
42, 470, 52
42, 480, 52
42, 490, 51
43, 500, 54
44, 510, 52
44, 520, 52
44, 530, 57
44, 540, 53
44, 550, 52
44, 560, 53
44, 570, 53
44, 580, 51
44, 590, 51
44, 600, 49
44, 610, 54
44, 620, 49
45, 630, 55
45, 640, 52
45, 650, 51
45, 660, 52
45, 670, 52
45, 680, 50
45, 690, 50
45, 700, 52
45, 710, 54
45, 720, 50
45, 730, 51
46, 740, 52
47, 750, 51
47, 760, 54
47, 770, 54
47, 780, 52
47, 790, 53
47, 800, 51
47, 810, 53
47, 820, 53
47, 830, 51
47, 840, 52
47, 850, 52
47, 860, 51
48, 870, 51
48, 880, 52
49, 890, 54
50, 900, 54
51, 910, 54
51, 920, 55
51, 930, 55
51, 940, 55
51, 950, 55
51, 960, 56
51, 970, 54
51, 980, 55
51, 990, 55
51, 1000, 55
51, 1010, 55
51, 1020, 54
51, 1030, 54
51, 1040, 54
52, 1050, 54
52, 1060, 55
52, 1070, 55
53, 1080, 55
53, 1090, 56
53, 1100, 56
53, 1110, 57
53, 1120, 56
53, 1130, 57
53, 1140, 56
53, 1150, 56
54, 1160, 56
54, 1170, 58
55, 1180, 58
57, 1190, 58
57, 1200, 61
57, 1210, 61
57, 1220, 61
{'count': 1500, 'truepos': 39, 'falseneg': 7, 'unknownyes': 2, 'falsepos': 18, 'unique': 1220}
31: K_all3.csv: none: 0, 0
2, 10
4, 20, 71
4, 30, 67
8, 40, 59
13, 50, 70
16, 60, 73
19, 70, 72
22, 80, 74
22, 90, 76
23, 100, 70
27, 110, 66
31, 120, 66
33, 130, 54
35, 140, 50
36, 150, 51
39, 160, 57
41, 170, 61
41, 180, 62
44, 190, 55
44, 200, 60
44, 210, 54
45, 220, 55
46, 230, 55
46, 240, 56
49, 250, 54
53, 260, 59
54, 270, 63
56, 280, 65
58, 290, 68
60, 300, 68
62, 310, 75
63, 320, 71
63, 330, 69
64, 340, 70
67, 350, 74
67, 360, 74
68, 370, 75
70, 380, 74
71, 390, 78
74, 400, 77
75, 410, 81
77, 420, 81
80, 430, 84
{'count': 430, 'truepos': 33, 'falseneg': 2, 'unknownyes': 10, 'falsepos': 47, 'unique': 430}
31: K_all3.csv: three: 0, 0
0, 10
2, 20
2, 30, 71
2, 40, 67
3, 50, 61
5, 60, 51
6, 70, 51
8, 80, 48
8, 90, 50
9, 100, 46
11, 110, 46
13, 120, 47
14, 130, 46
14, 140, 45
16, 150, 44
18, 160, 46
22, 170, 48
23, 180, 52
24, 190, 51
26, 200, 50
28, 210, 52
28, 220, 53
29, 230, 52
32, 240, 51
34, 250, 49
35, 260, 44
37, 270, 47
37, 280, 52
37, 290, 47
37, 300, 50
37, 310, 47
38, 320, 45
38, 330, 46
39, 340, 44
40, 350, 46
42, 360, 48
42, 370, 52
43, 380, 51
43, 390, 51
43, 400, 54
44, 410, 49
45, 420, 49
46, 430, 49
46, 440, 51
46, 450, 51
46, 460, 50
47, 470, 50
47, 480, 53
49, 490, 50
51, 500, 53
{'count': 1107, 'truepos': 37, 'falseneg': 2, 'unknownyes': 6, 'falsepos': 14, 'unique': 500}
31: K_all3.csv: machine: 0, 0
1, 10
2, 20, 91
4, 30, 63
9, 40, 57
12, 50, 61
13, 60, 59
['no' 'yes' 'yes' 'no' 'no' 'no' 'no' 'yes' 'yes' 'yes']
[]
8, 60, 59
10, 70, 47
11, 80, 46
13, 90, 42
14, 100, 43
18, 110, 42
['no' 'yes' 'yes' 'no' 'yes' 'yes' 'no' 'yes' 'no' 'yes']
['no' 'no']
14, 110, 42
19, 120, 48
21, 130, 57
22, 140, 57
25, 150, 54
26, 160, 55
['yes' 'yes' 'yes' 'yes' 'no' 'no' 'yes' 'no' 'yes' 'yes']
['no']
23, 160, 55
24, 170, 47
24, 180, 48
25, 190, 46
29, 200, 46
30, 210, 50
['yes' 'no' 'yes' 'no' 'no' 'yes' 'yes' 'no' 'yes' 'yes']
['no' 'no' 'no' 'no' 'no' 'no' 'no' 'no' 'no' 'no']
27, 210, 50
28, 220, 45
28, 230, 46
32, 240, 45
33, 250, 43
35, 260, 42
['no' 'no' 'no' 'yes' 'yes' 'yes' 'no' 'no' 'yes' 'yes']
['no' 'no' 'no' 'no' 'no' 'no' 'no' 'no' 'no' 'no']
33, 260, 42
34, 270, 45
35, 280, 43
39, 290, 42
40, 300, 49
40, 310, 48
['no' 'no' 'yes' 'no' 'no' 'no' 'no' 'no' 'no']
['no' 'no' 'no' 'no' 'no' 'no' 'no' 'no' 'no' 'no']
33, 310, 48
36, 320, 37
36, 330, 42
36, 340, 42
37, 350, 42
38, 360, 41
['yes' 'yes' 'no' 'no' 'no']
['no' 'no' 'no' 'no' 'no' 'no' 'no' 'no' 'no' 'no']
36, 360, 41
39, 370, 39
41, 380, 42
41, 390, 44
41, 400, 44
['no' 'no' 'yes' 'yes' 'no' 'yes']
['no' 'no' 'no' 'no' 'no' 'no' 'no' 'no' 'no' 'no']
{'count': 523, 'truepos': 33, 'falseneg': 5, 'unknownyes': 7, 'falsepos': 7, 'unique': 400}
31: K_all3.csv: machine2: 0, 0
2, 10
3, 20, 69
7, 30, 64
10, 40, 65
10, 50, 61
10, 60, 58
['no' 'no' 'no' 'no' 'yes' 'yes' 'no' 'no' 'yes' 'no']
[]
3, 60, 58
5, 70, 57
5, 80, 51
8, 90, 47
11, 100, 48
12, 110, 49
['yes' 'yes' 'no' 'yes' 'no' 'yes' 'yes' 'yes' 'yes']
[]
11, 110, 49
14, 120, 45
18, 130, 48
19, 140, 54
20, 150, 51
22, 160, 51
['yes' 'no' 'no' 'yes' 'yes' 'no' 'no' 'no' 'yes' 'no']
[]
18, 160, 51
20, 170, 47
21, 180, 49
21, 190, 48
21, 200, 47
22, 210, 46
['yes' 'yes' 'no' 'no' 'yes']
[]
20, 210, 46
22, 220, 46
25, 230, 47
26, 240, 50
26, 250, 50
28, 260, 49
['no' 'no' 'no' 'no' 'no' 'no' 'no' 'no']
['no']
20, 260, 49
21, 270, 44
22, 280, 45
23, 290, 44
25, 300, 45
27, 310, 47
['yes' 'no' 'no' 'yes' 'no' 'no' 'no']
[]
22, 310, 47
25, 320, 45
27, 330, 47
28, 340, 47
29, 350, 47
32, 360, 48
['no' 'no' 'yes' 'yes' 'yes' 'yes' 'no' 'yes' 'no' 'yes']
['no' 'yes' 'no' 'no' 'no' 'no' 'no' 'no' 'no' 'no']
31, 360, 48
33, 370, 40
34, 380, 43
35, 390, 41
36, 400, 41
37, 410, 42
['yes' 'no' 'no' 'yes' 'no' 'no' 'yes' 'no']
['no' 'no' 'no' 'no' 'no' 'yes' 'no' 'no' 'no' 'no']
35, 410, 42
36, 420, 41
37, 430, 42
39, 440, 43
42, 450, 46
43, 460, 51
['no' 'no' 'no' 'no' 'no' 'no' 'yes' 'no' 'yes' 'no']
['no' 'no' 'no' 'no' 'no' 'no' 'yes' 'no' 'no' 'no']
38, 460, 51
40, 470, 42
40, 480, 44
44, 490, 44
44, 500, 52
46, 510, 49
['yes' 'no' 'yes' 'no' 'no' 'yes' 'no' 'no' 'yes' 'no']
['no' 'no' 'no' 'no' 'no' 'no' 'no' 'no' 'no' 'no']
41, 510, 49
['no']
['no' 'no' 'no' 'no' 'no' 'no' 'no' 'no' 'no' 'no']
{'count': 703, 'truepos': 34, 'falseneg': 2, 'unknownyes': 9, 'falsepos': 8, 'unique': 510}
31: K_all3.csv: machine3: 0, 0
1, 10
2, 20, 92
4, 30, 63
6, 40, 58
8, 50, 54
10, 60, 54
null
['yes']
11, 60, 54
14, 70, 53
15, 80, 54
17, 90, 49
22, 100, 47
22, 110, 54
null
['no' 'no']
22, 110, 54
23, 120, 47
24, 130, 46
24, 140, 46
24, 150, 45
24, 160, 44
null
[]
25, 170, 43
25, 180, 43
26, 190, 43
27, 200, 43
27, 210, 43
29, 220, 43
null
['no']
29, 220, 43
30, 230, 45
31, 240, 42
32, 250, 43
32, 260, 39
32, 270, 41
null
['no' 'no' 'no' 'yes' 'no' 'no' 'no' 'no' 'no' 'no']
33, 270, 41
33, 280, 42
33, 290, 40
33, 300, 39
33, 310, 37
34, 320, 37
null
['no' 'no' 'no' 'no' 'no' 'no' 'no' 'no' 'no' 'no']
34, 320, 37
34, 330, 38
35, 340, 40
35, 350, 42
35, 360, 40
35, 370, 40
null
['no' 'no' 'no' 'no' 'no' 'no' 'no' 'no' 'no' 'no']
35, 370, 40
36, 380, 38
36, 390, 41
36, 400, 40
36, 410, 40
37, 420, 40
null
['no' 'no' 'no' 'no' 'no' 'no' 'no' 'no' 'no' 'no']
37, 420, 40
37, 430, 41
38, 440, 40
38, 450, 41
38, 460, 41
39, 470, 41
null
['no' 'no' 'no' 'no' 'no' 'no' 'no' 'no' 'no' 'no']
null
['no' 'no' 'no' 'no' 'no' 'no' 'no' 'no' 'no' 'no']
{'count': 671, 'truepos': 30, 'falseneg': 1, 'unknownyes': 14, 'falsepos': 9, 'unique': 470}
31: K_all3.csv: machine4: 0, 0
1, 10
2, 20, 92
4, 30, 64
7, 40, 59
9, 50, 53
9, 60, 56
12, 70, 45
16, 80, 51
17, 90, 58
18, 100, 51
18, 110, 44
19, 120, 41
20, 130, 41
20, 140, 41
21, 150, 40
21, 160, 40
21, 170, 39
21, 180, 39
21, 190, 39
22, 200, 39
22, 210, 40
22, 220, 40
22, 230, 40
22, 240, 39
22, 250, 39
22, 260, 39
23, 270, 39
24, 280, 40
24, 290, 41
24, 300, 41
26, 310, 41
26, 320, 42
26, 330, 42
27, 340, 42
27, 350, 43
28, 360, 43
31, 370, 43
31, 380, 37
31, 390, 36
31, 400, 35
32, 410, 35
32, 420, 35
33, 430, 36
33, 440, 36
33, 450, 35
33, 460, 35
34, 470, 36
36, 480, 37
37, 490, 39
37, 500, 40
37, 510, 40
38, 520, 39
{'count': 648, 'truepos': 28, 'falseneg': 6, 'unknownyes': 11, 'falsepos': 10, 'unique': 520}

------------------------------------------------------------
Sender: LSF System <lsfadmin@n2c1-8>
Subject: Job 299597: </share/tjmenzie/zyu9/miniconda2/bin/python2.7 runner.py error_hpcc 31> Done

Job </share/tjmenzie/zyu9/miniconda2/bin/python2.7 runner.py error_hpcc 31> was submitted from host <login01.hpc.ncsu.edu> by user <zyu9> in cluster <henry2>.
Job was executed on host(s) <2*n2c1-8>, in queue <single_chassis>, as user <zyu9> in cluster <henry2>.
</home/zyu9> was used as the home directory.
</home/zyu9/projects/MAR_HPC/Error/src> was used as the working directory.
Started at Mon Nov  6 09:14:01 2017
Results reported at Mon Nov  6 15:15:40 2017

Your job looked like:

------------------------------------------------------------
# LSBATCH: User input
/share/tjmenzie/zyu9/miniconda2/bin/python2.7 runner.py error_hpcc 31
------------------------------------------------------------

Successfully completed.

Resource usage summary:

    CPU time   :  24543.81 sec.
    Max Memory :       169 MB
    Max Swap   :      1187 MB

    Max Processes  :         3
    Max Threads    :         8

The output (if any) is above this job summary.



PS:

Read file <./err/31.err.299597> for stderr output of this job.

