33: Hall.csv: none: 0, 0
8, 10
9, 20, 124
11, 30, 116
15, 40, 111
17, 50, 120
20, 60, 118
23, 70, 124
25, 80, 128
28, 90, 127
29, 100, 131
32, 110, 133
37, 120, 108
43, 130, 116
48, 140, 122
54, 150, 127
59, 160, 128
63, 170, 121
68, 180, 122
73, 190, 117
74, 200, 147
78, 210, 121
83, 220, 133
88, 230, 122
92, 240, 114
93, 250, 124
96, 260, 119
98, 270, 118
102, 280, 119
104, 290, 127
106, 300, 128
108, 310, 128
109, 320, 133
109, 330, 141
110, 340, 133
111, 350, 131
113, 360, 133
113, 370, 130
113, 380, 134
114, 390, 135
115, 400, 134
115, 410, 133
115, 420, 132
118, 430, 130
119, 440, 135
120, 450, 141
122, 460, 138
122, 470, 142
123, 480, 145
125, 490, 140
129, 500, 144
131, 510, 149
132, 520, 154
133, 530, 153
133, 540, 157
133, 550, 156
133, 560, 151
133, 570, 153
133, 580, 151
136, 590, 153
136, 600, 154
137, 610, 157
138, 620, 154
139, 630, 155
140, 640, 158
140, 650, 160
140, 660, 157
140, 670, 159
141, 680, 156
144, 690, 159
146, 700, 162
148, 710, 166
148, 720, 174
149, 730, 171
149, 740, 173
150, 750, 166
152, 760, 168
152, 770, 173
153, 780, 173
153, 790, 173
154, 800, 172
155, 810, 172
156, 820, 176
157, 830, 176
158, 840, 180
159, 850, 179
161, 860, 183
161, 870, 182
162, 880, 185
163, 890, 189
163, 900, 184
164, 910, 188
164, 920, 189
164, 930, 191
165, 940, 190
166, 950, 190
166, 960, 194
169, 970, 196
170, 980, 193
170, 990, 195
173, 1000, 194
176, 1010, 198
179, 1020, 201
179, 1030, 207
179, 1040, 206
181, 1050, 203
182, 1060, 204
182, 1070, 206
182, 1080, 202
183, 1090, 206
183, 1100, 205
184, 1110, 205
185, 1120, 206
186, 1130, 208
187, 1140, 211
188, 1150, 211
189, 1160, 208
191, 1170, 210
191, 1180, 216
193, 1190, 213
194, 1200, 217
195, 1210, 214
198, 1220, 217
198, 1230, 222
199, 1240, 219
199, 1250, 219
199, 1260, 218
199, 1270, 219
200, 1280, 218
200, 1290, 224
202, 1300, 219
202, 1310, 218
204, 1320, 220
204, 1330, 227
205, 1340, 224
205, 1350, 230
207, 1360, 226
209, 1370, 230
210, 1380, 230
210, 1390, 234
211, 1400, 235
211, 1410, 234
212, 1420, 233
213, 1430, 232
215, 1440, 232
215, 1450, 233
215, 1460, 237
216, 1470, 236
218, 1480, 239
219, 1490, 239
220, 1500, 240
222, 1510, 241
222, 1520, 241
225, 1530, 246
225, 1540, 249
226, 1550, 251
229, 1560, 251
229, 1570, 257
229, 1580, 256
229, 1590, 257
231, 1600, 257
233, 1610, 259
235, 1620, 264
235, 1630, 268
235, 1640, 261
236, 1650, 264
236, 1660, 267
236, 1670, 266
237, 1680, 264
238, 1690, 263
240, 1700, 264
242, 1710, 261
242, 1720, 271
244, 1730, 266
244, 1740, 266
245, 1750, 268
245, 1760, 269
246, 1770, 270
247, 1780, 272
247, 1790, 270
247, 1800, 268
248, 1810, 275
251, 1820, 272
252, 1830, 276
254, 1840, 274
255, 1850, 278
256, 1860, 279
257, 1870, 276
257, 1880, 278
260, 1890, 281
261, 1900, 282
261, 1910, 284
262, 1920, 284
264, 1930, 285
266, 1940, 286
266, 1950, 292
266, 1960, 292
267, 1970, 291
267, 1980, 295
268, 1990, 289
268, 2000, 294
271, 2010, 292
271, 2020, 295
271, 2030, 296
272, 2040, 296
273, 2050, 297
274, 2060, 294
276, 2070, 302
277, 2080, 306
277, 2090, 304
277, 2100, 304
279, 2110, 305
280, 2120, 306
282, 2130, 306
284, 2140, 313
285, 2150, 308
285, 2160, 311
286, 2170, 315
286, 2180, 312
288, 2190, 313
290, 2200, 313
291, 2210, 317
292, 2220, 318
293, 2230, 315
295, 2240, 317
295, 2250, 324
298, 2260, 328
299, 2270, 326
300, 2280, 322
300, 2290, 325
303, 2300, 330
303, 2310, 331
305, 2320, 334
305, 2330, 337
308, 2340, 335
309, 2350, 344
309, 2360, 344
310, 2370, 341
311, 2380, 343
312, 2390, 347
313, 2400, 344
313, 2410, 349
313, 2420, 348
315, 2430, 347
319, 2440, 349
322, 2450, 352
324, 2460, 361
325, 2470, 366
325, 2480, 361
325, 2490, 363
325, 2500, 362
326, 2510, 356
328, 2520, 366
328, 2530, 365
331, 2540, 363
332, 2550, 367
333, 2560, 373
334, 2570, 370
334, 2580, 381
336, 2590, 371
336, 2600, 377
338, 2610, 373
339, 2620, 380
339, 2630, 382
341, 2640, 377
342, 2650, 379
342, 2660, 374
343, 2670, 374
344, 2680, 377
345, 2690, 376
348, 2700, 382
350, 2710, 381
351, 2720, 386
352, 2730, 389
353, 2740, 391
354, 2750, 391
354, 2760, 385
354, 2770, 388
356, 2780, 387
360, 2790, 389
361, 2800, 392
362, 2810, 396
362, 2820, 395
363, 2830, 395
365, 2840, 395
365, 2850, 400
368, 2860, 400
370, 2870, 406
370, 2880, 406
371, 2890, 403
373, 2900, 406
373, 2910, 409
374, 2920, 409
376, 2930, 409
377, 2940, 412
379, 2950, 413
379, 2960, 415
380, 2970, 419
380, 2980, 416
381, 2990, 417
383, 3000, 420
385, 3010, 422
386, 3020, 423
388, 3030, 423
388, 3040, 425
391, 3050, 424
392, 3060, 431
393, 3070, 430
393, 3080, 428
394, 3090, 430
395, 3100, 432
396, 3110, 432
397, 3120, 432
398, 3130, 433
400, 3140, 432
401, 3150, 430
403, 3160, 433
404, 3170, 441
406, 3180, 441
409, 3190, 444
409, 3200, 452
409, 3210, 444
409, 3220, 450
411, 3230, 452
411, 3240, 452
413, 3250, 450
413, 3260, 457
414, 3270, 454
414, 3280, 450
414, 3290, 450
416, 3300, 451
416, 3310, 456
416, 3320, 454
416, 3330, 453
416, 3340, 452
417, 3350, 451
419, 3360, 454
420, 3370, 457
420, 3380, 457
420, 3390, 460
423, 3400, 454
425, 3410, 460
427, 3420, 465
427, 3430, 465
427, 3440, 463
427, 3450, 469
431, 3460, 461
431, 3470, 463
433, 3480, 469
433, 3490, 472
434, 3500, 470
434, 3510, 471
435, 3520, 473
435, 3530, 468
436, 3540, 467
437, 3550, 472
440, 3560, 470
442, 3570, 476
445, 3580, 479
446, 3590, 482
447, 3600, 482
447, 3610, 486
447, 3620, 485
449, 3630, 480
449, 3640, 481
451, 3650, 484
451, 3660, 491
451, 3670, 488
451, 3680, 485
451, 3690, 485
452, 3700, 483
453, 3710, 487
453, 3720, 487
454, 3730, 485
456, 3740, 488
458, 3750, 489
458, 3760, 488
458, 3770, 487
458, 3780, 492
459, 3790, 487
460, 3800, 490
460, 3810, 493
460, 3820, 493
461, 3830, 489
462, 3840, 491
464, 3850, 492
466, 3860, 495
467, 3870, 495
470, 3880, 496
473, 3890, 502
474, 3900, 503
475, 3910, 505
476, 3920, 507
477, 3930, 505
478, 3940, 507
478, 3950, 506
479, 3960, 507
479, 3970, 507
482, 3980, 506
482, 3990, 511
483, 4000, 511
483, 4010, 510
484, 4020, 513
485, 4030, 512
487, 4040, 512
{'count': 4040, 'truepos': 90, 'falseneg': 13, 'unknownyes': 3, 'falsepos': 397, 'unique': 4040}
33: Hall.csv: three: 0, 0
8, 10
10, 20, 127
13, 30, 123
14, 40, 138
17, 50, 126
20, 60, 124
24, 70, 121
26, 80, 130
30, 90, 126
36, 100, 101
42, 110, 105
49, 120, 100
52, 130, 112
57, 140, 110
61, 150, 112
66, 160, 109
70, 170, 111
74, 180, 115
75, 190, 120
78, 200, 113
84, 210, 102
87, 220, 108
89, 230, 114
90, 240, 108
93, 250, 106
93, 260, 115
94, 270, 113
97, 280, 108
98, 290, 115
100, 300, 113
103, 310, 115
105, 320, 118
105, 330, 128
105, 340, 126
106, 350, 120
106, 360, 124
107, 370, 119
108, 380, 121
108, 390, 122
108, 400, 118
108, 410, 120
109, 420, 120
109, 430, 121
109, 440, 121
109, 450, 121
109, 460, 118
109, 470, 118
109, 480, 121
109, 490, 120
109, 500, 120
110, 510, 116
110, 520, 120
110, 530, 117
110, 540, 120
110, 550, 118
111, 560, 119
111, 570, 118
111, 580, 120
111, 590, 121
111, 600, 120
114, 610, 119
114, 620, 122
114, 630, 122
115, 640, 122
115, 650, 124
116, 660, 124
117, 670, 125
117, 680, 127
118, 690, 127
118, 700, 127
118, 710, 126
118, 720, 125
118, 730, 128
118, 740, 127
119, 750, 125
119, 760, 126
{'count': 1653, 'truepos': 99, 'falseneg': 3, 'unknownyes': 4, 'falsepos': 20, 'unique': 760}
33: Hall.csv: machine: 0, 0
5, 10
9, 20, 99
14, 30, 108
18, 40, 113
20, 50, 124
24, 60, 130
['yes' 'yes' 'yes' 'yes' 'yes' 'no' 'yes' 'yes' 'yes' 'yes']
['no' 'no']
23, 60, 130
28, 70, 127
33, 80, 130
38, 90, 119
46, 100, 117
51, 110, 118
['no' 'no' 'yes' 'yes' 'yes' 'yes' 'yes' 'yes' 'yes' 'yes']
['yes' 'no' 'yes' 'no' 'no' 'no' 'no' 'no' 'yes' 'no']
52, 110, 118
58, 120, 109
61, 130, 121
64, 140, 113
66, 150, 109
69, 160, 108
['yes' 'yes' 'yes' 'yes' 'yes' 'yes' 'no' 'yes' 'yes' 'no']
['no' 'no' 'no' 'no' 'no' 'no' 'yes' 'no' 'no' 'no']
69, 160, 108
75, 170, 108
76, 180, 108
77, 190, 108
80, 200, 104
84, 210, 105
['yes' 'no' 'yes' 'yes' 'yes' 'yes' 'yes' 'yes' 'yes' 'yes']
['yes' 'no' 'no' 'no' 'no' 'yes' 'no' 'no' 'yes' 'no']
84, 210, 105
84, 220, 110
84, 230, 110
85, 240, 100
90, 250, 102
91, 260, 114
['yes' 'yes' 'no' 'yes' 'yes' 'yes' 'no' 'yes' 'yes' 'yes']
['no' 'yes' 'no' 'no' 'yes' 'yes' 'no' 'no' 'no' 'no']
92, 260, 114
93, 270, 104
94, 280, 103
99, 290, 104
101, 300, 112
102, 310, 114
['yes' 'no' 'no' 'no' 'yes' 'no' 'yes' 'yes' 'yes' 'no']
['no' 'no' 'no' 'no' 'no' 'yes' 'no' 'no' 'no' 'no']
98, 310, 114
100, 320, 106
101, 330, 110
101, 340, 114
104, 350, 110
106, 360, 118
['no' 'no' 'yes' 'no' 'no' 'yes' 'yes' 'no' 'yes' 'yes']
['no' 'no' 'no' 'no' 'no' 'no' 'no' 'no' 'no' 'no']
103, 360, 118
104, 370, 115
105, 380, 117
107, 390, 118
109, 400, 121
111, 410, 133
['no' 'no' 'no' 'yes' 'no' 'yes' 'no' 'yes' 'no' 'no']
['yes' 'yes' 'no' 'no' 'no' 'no' 'no' 'no' 'no' 'no']
105, 410, 133
107, 420, 117
108, 430, 122
108, 440, 125
109, 450, 125
110, 460, 123
['no' 'no' 'no' 'no' 'yes' 'no' 'no' 'yes' 'yes' 'no']
['no' 'yes' 'no' 'no' 'no' 'no' 'no' 'no' 'no' 'no']
105, 460, 123
106, 470, 115
106, 480, 115
106, 490, 115
107, 500, 114
108, 510, 118
['no' 'yes' 'no' 'no' 'yes' 'no' 'no' 'yes' 'no' 'yes']
['no' 'no' 'no' 'no' 'no' 'no' 'no' 'no' 'no' 'no']
105, 510, 118
105, 520, 111
['no' 'yes' 'no' 'yes' 'no' 'yes' 'yes' 'no' 'yes' 'yes']
['no' 'no' 'no' 'no' 'no' 'no' 'no' 'no' 'no' 'no']
{'count': 732, 'truepos': 94, 'falseneg': 8, 'unknownyes': 4, 'falsepos': 9, 'unique': 520}
33: Hall.csv: machine2: 0, 0
9, 10
14, 20, 141
15, 30, 187
17, 40, 174
19, 50, 163
24, 60, 160
['no' 'no' 'yes' 'no' 'no' 'no' 'yes' 'yes' 'no' 'yes']
['no' 'no']
18, 60, 160
22, 70, 130
23, 80, 129
25, 90, 124
29, 100, 116
31, 110, 135
['yes' 'no' 'yes' 'yes' 'no' 'yes' 'yes' 'yes' 'no' 'yes']
['no' 'no' 'no' 'no' 'no' 'no' 'no' 'no' 'no' 'no']
31, 110, 135
38, 120, 109
44, 130, 108
51, 140, 110
56, 150, 114
60, 160, 113
['no' 'yes' 'yes' 'yes' 'no' 'yes' 'no' 'yes' 'yes' 'yes']
['no' 'yes' 'no' 'no' 'no' 'no' 'no' 'no' 'no' 'no']
61, 160, 113
64, 170, 100
70, 180, 98
75, 190, 102
77, 200, 119
79, 210, 111
['yes' 'yes' 'yes' 'yes' 'yes' 'yes' 'yes' 'yes' 'yes' 'no']
['no' 'yes' 'no' 'no' 'no' 'no' 'no' 'no' 'no' 'no']
81, 210, 111
85, 220, 104
90, 230, 106
90, 240, 118
90, 250, 108
93, 260, 105
['no' 'yes' 'yes' 'yes' 'yes' 'yes' 'yes' 'yes' 'yes' 'yes']
['no' 'no' 'no' 'no' 'no' 'no' 'no' 'no' 'no' 'no']
93, 260, 105
97, 270, 107
101, 280, 110
102, 290, 115
102, 300, 116
104, 310, 115
['yes' 'no' 'yes' 'yes' 'yes' 'no' 'yes' 'yes' 'yes' 'yes']
['yes' 'no' 'no' 'no' 'no' 'no' 'no' 'no' 'no' 'yes']
104, 310, 115
105, 320, 120
106, 330, 118
109, 340, 119
109, 350, 120
111, 360, 122
['yes' 'no' 'yes' 'no' 'no' 'no' 'yes' 'yes' 'yes' 'yes']
['no' 'no' 'no' 'no' 'no' 'no' 'no' 'no' 'no' 'no']
111, 360, 122
112, 370, 123
113, 380, 122
114, 390, 123
116, 400, 125
117, 410, 127
['no' 'no' 'no' 'no' 'no' 'no' 'no' 'yes' 'yes' 'yes']
['no' 'no' 'no' 'no' 'no' 'no' 'no' 'yes' 'no' 'no']
111, 410, 127
112, 420, 119
112, 430, 121
112, 440, 122
113, 450, 120
114, 460, 123
['no' 'no' 'yes' 'no' 'yes' 'yes' 'yes' 'no' 'yes' 'no']
['no' 'no' 'no' 'no' 'no' 'no' 'no' 'no' 'no' 'no']
110, 460, 123
110, 470, 117
110, 480, 116
['yes' 'yes' 'yes' 'no' 'yes' 'yes' 'yes' 'no' 'yes' 'yes']
['no' 'no' 'no' 'no' 'no' 'no' 'no' 'no' 'no' 'no']
{'count': 705, 'truepos': 97, 'falseneg': 4, 'unknownyes': 5, 'falsepos': 12, 'unique': 480}
33: Hall.csv: machine3: 0, 0
6, 10
9, 20, 106
11, 30, 113
13, 40, 112
14, 50, 113
16, 60, 108
null
['no' 'no']
16, 60, 108
17, 70, 109
23, 80, 84
26, 90, 99
30, 100, 96
35, 110, 86
null
['no' 'no' 'no' 'no' 'no' 'yes' 'yes' 'no' 'no' 'no']
37, 110, 86
43, 120, 91
47, 130, 89
51, 140, 88
55, 150, 90
59, 160, 100
null
['no' 'yes' 'no' 'no' 'yes' 'no' 'no' 'yes' 'no' 'no']
61, 160, 100
63, 170, 97
69, 180, 94
71, 190, 100
73, 200, 98
77, 210, 104
null
['yes' 'no' 'no' 'no' 'no' 'no' 'no' 'no' 'no' 'no']
78, 210, 104
81, 220, 100
84, 230, 104
89, 240, 100
91, 250, 105
96, 260, 104
null
['yes' 'no' 'no' 'no' 'yes' 'no' 'no' 'no' 'no' 'no']
97, 260, 104
99, 270, 118
99, 280, 115
101, 290, 115
102, 300, 118
102, 310, 116
null
['no' 'no' 'no' 'no' 'no' 'no' 'no' 'no' 'no' 'no']
103, 310, 116
105, 320, 118
105, 330, 120
105, 340, 119
105, 350, 119
105, 360, 122
null
['no' 'no' 'no' 'no' 'no' 'no' 'no' 'no' 'no' 'no']
105, 360, 122
105, 370, 118
105, 380, 119
105, 390, 115
105, 400, 114
105, 410, 114
null
['no' 'no' 'no' 'no' 'no' 'no' 'no' 'no' 'no' 'no']
105, 410, 114
105, 420, 116
105, 430, 115
105, 440, 116
106, 450, 113
106, 460, 113
null
['yes' 'no' 'no' 'no' 'no' 'no' 'no' 'no' 'no' 'yes']
108, 460, 113
109, 470, 115
109, 480, 118
109, 490, 119
109, 500, 115
109, 510, 116
null
['no' 'no' 'no' 'no' 'no' 'no' 'no' 'no' 'no' 'no']
109, 510, 116
110, 520, 115
110, 530, 117
110, 540, 119
110, 550, 118
110, 560, 118
null
['no' 'no' 'no' 'no' 'no' 'no' 'no' 'no' 'no' 'no']
110, 560, 118
110, 570, 118
110, 580, 118
110, 590, 119
110, 600, 118
110, 610, 117
null
['no' 'no' 'no' 'no' 'no' 'no' 'no' 'yes' 'no' 'no']
111, 610, 117
111, 620, 119
111, 630, 117
111, 640, 117
111, 650, 120
111, 660, 118
null
['no' 'no' 'no' 'no' 'no' 'no' 'no' 'no' 'no' 'no']
111, 660, 118
111, 670, 117
111, 680, 117
111, 690, 117
111, 700, 118
112, 710, 117
null
['no' 'no' 'no' 'no' 'no' 'no' 'no' 'no' 'no' 'no']
null
['no' 'no' 'no' 'no' 'no' 'no' 'no' 'no' 'no' 'no']
{'count': 1073, 'truepos': 100, 'falseneg': 2, 'unknownyes': 4, 'falsepos': 12, 'unique': 710}
33: Wahono.csv: none: 0, 0
6, 10
7, 20, 105
7, 30, 101
9, 40, 92
9, 50, 87
13, 60, 57
15, 70, 57
17, 80, 58
18, 90, 54
21, 100, 50
22, 110, 60
23, 120, 51
23, 130, 52
25, 140, 48
29, 150, 50
31, 160, 57
32, 170, 56
34, 180, 55
34, 190, 62
35, 200, 56
37, 210, 57
39, 220, 63
44, 230, 61
45, 240, 70
47, 250, 70
47, 260, 75
49, 270, 70
49, 280, 74
50, 290, 76
52, 300, 69
52, 310, 79
54, 320, 75
54, 330, 78
54, 340, 86
55, 350, 74
56, 360, 78
59, 370, 90
61, 380, 84
61, 390, 90
62, 400, 85
64, 410, 86
66, 420, 89
66, 430, 94
67, 440, 97
68, 450, 95
69, 460, 95
70, 470, 100
71, 480, 109
71, 490, 99
73, 500, 99
74, 510, 109
74, 520, 107
75, 530, 107
76, 540, 113
76, 550, 103
80, 560, 109
81, 570, 123
82, 580, 107
83, 590, 114
83, 600, 117
83, 610, 110
84, 620, 107
84, 630, 111
84, 640, 122
85, 650, 109
88, 660, 112
90, 670, 120
90, 680, 123
90, 690, 109
92, 700, 116
93, 710, 117
96, 720, 130
97, 730, 132
98, 740, 128
100, 750, 131
101, 760, 122
101, 770, 122
101, 780, 126
101, 790, 123
103, 800, 128
104, 810, 126
107, 820, 126
108, 830, 135
108, 840, 142
110, 850, 137
112, 860, 136
112, 870, 155
114, 880, 143
115, 890, 146
116, 900, 147
117, 910, 154
119, 920, 146
121, 930, 153
122, 940, 159
126, 950, 162
127, 960, 169
128, 970, 176
128, 980, 180
130, 990, 165
131, 1000, 172
132, 1010, 167
134, 1020, 170
137, 1030, 172
138, 1040, 177
141, 1050, 183
142, 1060, 183
142, 1070, 182
143, 1080, 182
145, 1090, 182
146, 1100, 190
146, 1110, 191
149, 1120, 191
150, 1130, 192
153, 1140, 199
154, 1150, 206
154, 1160, 197
156, 1170, 196
156, 1180, 205
158, 1190, 200
160, 1200, 214
161, 1210, 205
162, 1220, 199
164, 1230, 204
165, 1240, 201
165, 1250, 203
167, 1260, 205
169, 1270, 208
169, 1280, 211
169, 1290, 215
170, 1300, 212
172, 1310, 212
173, 1320, 215
173, 1330, 221
173, 1340, 219
175, 1350, 221
177, 1360, 217
178, 1370, 226
180, 1380, 229
181, 1390, 233
185, 1400, 233
185, 1410, 233
186, 1420, 234
187, 1430, 229
188, 1440, 230
190, 1450, 234
193, 1460, 242
193, 1470, 243
193, 1480, 246
194, 1490, 239
194, 1500, 241
195, 1510, 241
197, 1520, 241
197, 1530, 245
197, 1540, 246
197, 1550, 244
198, 1560, 241
200, 1570, 244
201, 1580, 244
202, 1590, 246
202, 1600, 244
204, 1610, 248
205, 1620, 253
205, 1630, 256
205, 1640, 254
205, 1650, 250
205, 1660, 252
208, 1670, 248
208, 1680, 254
210, 1690, 257
210, 1700, 255
213, 1710, 259
215, 1720, 259
216, 1730, 269
218, 1740, 265
218, 1750, 262
219, 1760, 265
219, 1770, 264
220, 1780, 271
221, 1790, 267
222, 1800, 270
222, 1810, 269
223, 1820, 268
226, 1830, 268
230, 1840, 272
230, 1850, 279
230, 1860, 278
231, 1870, 276
231, 1880, 278
231, 1890, 280
232, 1900, 275
233, 1910, 280
233, 1920, 281
233, 1930, 274
233, 1940, 276
234, 1950, 276
235, 1960, 281
236, 1970, 280
236, 1980, 284
237, 1990, 281
237, 2000, 279
238, 2010, 279
238, 2020, 285
238, 2030, 284
239, 2040, 285
240, 2050, 283
242, 2060, 281
243, 2070, 283
243, 2080, 284
243, 2090, 282
243, 2100, 284
247, 2110, 283
248, 2120, 289
250, 2130, 292
250, 2140, 293
250, 2150, 293
250, 2160, 295
250, 2170, 295
251, 2180, 289
252, 2190, 292
252, 2200, 292
252, 2210, 290
252, 2220, 292
253, 2230, 290
254, 2240, 293
255, 2250, 294
255, 2260, 292
255, 2270, 294
256, 2280, 293
256, 2290, 292
257, 2300, 295
258, 2310, 293
259, 2320, 297
261, 2330, 296
261, 2340, 299
262, 2350, 298
263, 2360, 302
264, 2370, 300
265, 2380, 308
267, 2390, 306
270, 2400, 306
271, 2410, 318
273, 2420, 309
274, 2430, 314
274, 2440, 319
277, 2450, 318
279, 2460, 322
280, 2470, 322
280, 2480, 319
282, 2490, 321
282, 2500, 320
284, 2510, 320
286, 2520, 323
287, 2530, 323
288, 2540, 327
289, 2550, 323
290, 2560, 324
293, 2570, 326
293, 2580, 330
294, 2590, 328
296, 2600, 332
298, 2610, 337
300, 2620, 339
303, 2630, 341
304, 2640, 340
306, 2650, 339
308, 2660, 345
310, 2670, 347
312, 2680, 347
312, 2690, 349
314, 2700, 348
315, 2710, 350
318, 2720, 349
318, 2730, 352
319, 2740, 350
319, 2750, 352
319, 2760, 350
319, 2770, 351
320, 2780, 351
320, 2790, 350
320, 2800, 349
323, 2810, 350
324, 2820, 356
326, 2830, 359
328, 2840, 362
329, 2850, 363
329, 2860, 362
330, 2870, 363
330, 2880, 362
331, 2890, 364
332, 2900, 364
332, 2910, 368
334, 2920, 363
337, 2930, 367
340, 2940, 367
341, 2950, 372
342, 2960, 373
344, 2970, 376
344, 2980, 379
345, 2990, 376
346, 3000, 380
347, 3010, 378
348, 3020, 380
350, 3030, 379
351, 3040, 382
352, 3050, 383
353, 3060, 385
354, 3070, 385
355, 3080, 386
357, 3090, 386
358, 3100, 388
358, 3110, 392
358, 3120, 388
359, 3130, 389
360, 3140, 393
361, 3150, 390
361, 3160, 389
363, 3170, 389
363, 3180, 392
365, 3190, 392
366, 3200, 394
367, 3210, 394
368, 3220, 397
368, 3230, 398
369, 3240, 398
371, 3250, 399
373, 3260, 398
375, 3270, 400
375, 3280, 405
378, 3290, 403
378, 3300, 408
380, 3310, 408
381, 3320, 410
383, 3330, 412
384, 3340, 410
385, 3350, 414
388, 3360, 414
389, 3370, 418
389, 3380, 418
391, 3390, 419
393, 3400, 418
393, 3410, 423
395, 3420, 425
399, 3430, 424
399, 3440, 431
402, 3450, 428
402, 3460, 433
402, 3470, 435
403, 3480, 433
403, 3490, 433
406, 3500, 433
407, 3510, 433
409, 3520, 436
410, 3530, 438
410, 3540, 438
412, 3550, 438
412, 3560, 441
414, 3570, 439
415, 3580, 442
416, 3590, 442
416, 3600, 445
417, 3610, 443
419, 3620, 446
420, 3630, 446
421, 3640, 447
424, 3650, 450
424, 3660, 451
424, 3670, 451
424, 3680, 452
425, 3690, 451
426, 3700, 452
426, 3710, 451
428, 3720, 452
430, 3730, 454
432, 3740, 459
433, 3750, 462
433, 3760, 462
433, 3770, 460
434, 3780, 459
434, 3790, 461
435, 3800, 463
436, 3810, 461
439, 3820, 463
441, 3830, 464
444, 3840, 467
444, 3850, 471
445, 3860, 468
448, 3870, 472
448, 3880, 476
449, 3890, 475
450, 3900, 477
453, 3910, 477
453, 3920, 480
454, 3930, 478
455, 3940, 480
457, 3950, 482
458, 3960, 485
459, 3970, 489
461, 3980, 489
462, 3990, 488
464, 4000, 491
466, 4010, 492
466, 4020, 494
467, 4030, 492
468, 4040, 497
470, 4050, 495
471, 4060, 499
474, 4070, 498
474, 4080, 501
475, 4090, 502
476, 4100, 501
476, 4110, 503
476, 4120, 502
479, 4130, 502
481, 4140, 505
482, 4150, 508
483, 4160, 509
484, 4170, 509
484, 4180, 513
484, 4190, 512
485, 4200, 512
485, 4210, 511
486, 4220, 511
488, 4230, 512
488, 4240, 516
{'count': 4240, 'truepos': 52, 'falseneg': 9, 'unknownyes': 1, 'falsepos': 436, 'unique': 4240}
33: Wahono.csv: three: 0, 0
6, 10
6, 20, 100
9, 30, 95
10, 40, 91
14, 50, 79
18, 60, 77
20, 70, 78
23, 80, 78
23, 90, 82
25, 100, 64
26, 110, 59
27, 120, 56
31, 130, 52
32, 140, 53
32, 150, 49
33, 160, 47
35, 170, 51
37, 180, 52
38, 190, 53
40, 200, 57
42, 210, 62
43, 220, 65
44, 230, 66
46, 240, 61
46, 250, 67
47, 260, 66
47, 270, 69
50, 280, 65
50, 290, 69
51, 300, 67
51, 310, 70
51, 320, 73
52, 330, 69
53, 340, 67
54, 350, 69
56, 360, 69
56, 370, 77
56, 380, 72
57, 390, 80
58, 400, 80
58, 410, 78
58, 420, 81
58, 430, 81
58, 440, 77
59, 450, 80
59, 460, 79
59, 470, 81
61, 480, 74
61, 490, 79
61, 500, 82
62, 510, 81
62, 520, 79
62, 530, 78
62, 540, 78
62, 550, 79
62, 560, 78
62, 570, 74
62, 580, 80
62, 590, 78
63, 600, 75
64, 610, 76
64, 620, 75
64, 630, 81
64, 640, 76
64, 650, 81
65, 660, 75
65, 670, 78
65, 680, 80
67, 690, 77
68, 700, 81
68, 710, 83
69, 720, 83
70, 730, 84
70, 740, 86
70, 750, 83
71, 760, 82
71, 770, 86
72, 780, 83
72, 790, 89
72, 800, 87
72, 810, 85
72, 820, 85
74, 830, 86
74, 840, 90
75, 850, 87
75, 860, 90
76, 870, 92
76, 880, 91
76, 890, 91
78, 900, 91
78, 910, 94
78, 920, 94
78, 930, 93
78, 940, 95
78, 950, 93
79, 960, 92
79, 970, 92
82, 980, 91
82, 990, 97
82, 1000, 96
83, 1010, 96
83, 1020, 99
83, 1030, 96
83, 1040, 96
83, 1050, 96
83, 1060, 96
83, 1070, 97
83, 1080, 95
84, 1090, 94
84, 1100, 96
84, 1110, 97
84, 1120, 96
85, 1130, 96
85, 1140, 101
85, 1150, 98
85, 1160, 97
85, 1170, 97
86, 1180, 98
86, 1190, 101
86, 1200, 99
86, 1210, 100
86, 1220, 97
86, 1230, 99
86, 1240, 97
86, 1250, 99
87, 1260, 97
87, 1270, 99
87, 1280, 99
87, 1290, 99
88, 1300, 99
88, 1310, 103
88, 1320, 100
88, 1330, 98
89, 1340, 100
89, 1350, 101
89, 1360, 100
89, 1370, 101
89, 1380, 100
89, 1390, 99
90, 1400, 99
90, 1410, 98
90, 1420, 98
90, 1430, 99
90, 1440, 99
91, 1450, 99
91, 1460, 100
91, 1470, 100
91, 1480, 98
91, 1490, 99
91, 1500, 99
92, 1510, 98
92, 1520, 100
92, 1530, 100
92, 1540, 99
92, 1550, 99
92, 1560, 100
92, 1570, 100
93, 1580, 99
93, 1590, 101
94, 1600, 101
94, 1610, 103
94, 1620, 102
96, 1630, 102
96, 1640, 105
96, 1650, 106
98, 1660, 106
98, 1670, 109
98, 1680, 108
98, 1690, 108
98, 1700, 107
98, 1710, 107
98, 1720, 107
98, 1730, 109
98, 1740, 107
98, 1750, 105
99, 1760, 106
100, 1770, 108
100, 1780, 109
100, 1790, 109
100, 1800, 109
100, 1810, 108
101, 1820, 108
101, 1830, 109
101, 1840, 109
101, 1850, 108
101, 1860, 109
101, 1870, 109
101, 1880, 108
103, 1890, 108
103, 1900, 112
103, 1910, 111
103, 1920, 111
103, 1930, 110
104, 1940, 110
104, 1950, 112
104, 1960, 110
104, 1970, 110
104, 1980, 111
104, 1990, 112
104, 2000, 111
104, 2010, 111
104, 2020, 111
104, 2030, 110
104, 2040, 110
104, 2050, 110
105, 2060, 110
105, 2070, 112
105, 2080, 111
108, 2090, 112
109, 2100, 114
{'count': 4584, 'truepos': 61, 'falseneg': 1, 'unknownyes': 0, 'falsepos': 48, 'unique': 2100}
33: Wahono.csv: machine: 0, 0
6, 10
6, 20, 102
8, 30, 90
12, 40, 94
16, 50, 94
18, 60, 92
['yes' 'yes' 'yes' 'no' 'no' 'yes' 'yes' 'yes' 'no' 'yes']
[]
13, 60, 92
16, 70, 95
19, 80, 94
21, 90, 94
21, 100, 91
23, 110, 72
['yes' 'yes' 'no' 'yes' 'yes' 'yes' 'yes' 'yes' 'yes' 'yes']
[]
22, 110, 72
25, 120, 70
27, 130, 73
29, 140, 75
32, 150, 70
35, 160, 71
['no' 'yes' 'yes' 'yes' 'no' 'yes' 'yes' 'yes' 'yes' 'yes']
['no' 'no' 'no' 'no' 'no' 'no' 'no' 'no' 'no' 'yes']
35, 160, 71
36, 170, 74
37, 180, 72
38, 190, 70
38, 200, 71
39, 210, 63
['no' 'no' 'no' 'yes' 'yes' 'yes' 'no' 'yes' 'no' 'yes']
['no' 'no' 'no' 'no' 'no' 'no' 'no' 'yes' 'no' 'no']
35, 210, 63
37, 220, 54
39, 230, 57
41, 240, 58
43, 250, 61
43, 260, 68
['yes' 'yes' 'no' 'no' 'yes' 'no' 'yes' 'yes' 'yes' 'yes']
['no' 'no' 'no' 'no' 'no' 'no' 'no' 'no' 'no' 'yes']
44, 260, 68
47, 270, 62
47, 280, 65
53, 290, 67
53, 300, 84
53, 310, 90
['no' 'no' 'no' 'no' 'no' 'no' 'yes' 'yes' 'no' 'no']
['no' 'no' 'no' 'no' 'yes' 'no' 'no' 'no' 'no' 'no']
45, 310, 90
46, 320, 57
49, 330, 61
50, 340, 67
50, 350, 65
51, 360, 62
['yes' 'no' 'no' 'yes' 'no' 'no' 'no' 'no' 'no' 'yes']
['no' 'no' 'no' 'no' 'no' 'no' 'no' 'no' 'no' 'no']
45, 360, 62
46, 370, 55
46, 380, 57
46, 390, 57
48, 400, 57
49, 410, 61
['no' 'yes' 'no' 'no' 'yes' 'no' 'yes']
['no' 'no' 'no' 'no' 'yes' 'yes' 'no' 'no' 'no' 'no']
47, 410, 61
51, 420, 60
52, 430, 65
52, 440, 69
54, 450, 65
55, 460, 70
['yes' 'no' 'no' 'no' 'no' 'no' 'no' 'no' 'no']
['no' 'no' 'no' 'no' 'no' 'no' 'no' 'no' 'no' 'no']
51, 460, 70
52, 470, 65
53, 480, 71
54, 490, 72
56, 500, 72
57, 510, 82
['no' 'no' 'no' 'no' 'no' 'no' 'no' 'no']
['no' 'no' 'no' 'no' 'no' 'no' 'no' 'no' 'no' 'no']
53, 510, 82
54, 520, 69
55, 530, 69
57, 540, 70
60, 550, 79
61, 560, 83
['no' 'no' 'no' 'no' 'no' 'no' 'no' 'no' 'no' 'no']
['no' 'no' 'no' 'no' 'no' 'no' 'no' 'no' 'no' 'no']
53, 560, 83
55, 570, 66
57, 580, 68
58, 590, 69
58, 600, 70
58, 610, 67
['yes' 'no' 'no' 'no' 'no' 'no' 'no' 'no']
['no' 'no' 'no' 'no' 'no' 'no' 'no' 'no' 'no' 'no']
53, 610, 67
54, 620, 63
55, 630, 64
56, 640, 69
58, 650, 69
60, 660, 72
['no' 'no' 'no' 'no' 'no' 'no' 'no']
['no' 'no' 'no' 'no' 'no' 'no' 'no' 'no' 'no' 'no']
56, 660, 72
59, 670, 65
61, 680, 71
61, 690, 79
62, 700, 73
64, 710, 78
['no' 'yes' 'yes' 'no' 'no' 'no' 'no' 'no' 'no']
['no' 'no' 'no' 'no' 'no' 'no' 'no' 'no' 'no' 'no']
58, 710, 78
60, 720, 67
60, 730, 70
60, 740, 68
61, 750, 69
62, 760, 69
['yes' 'no' 'no' 'no' 'no']
['no' 'no' 'yes' 'yes' 'no' 'no' 'no' 'no' 'yes' 'no']
61, 760, 69
62, 770, 68
63, 780, 71
64, 790, 70
64, 800, 73
66, 810, 72
['no' 'no' 'no' 'no' 'yes' 'no' 'yes' 'yes']
['no' 'no' 'no' 'no' 'no' 'no' 'no' 'no' 'no' 'no']
62, 810, 72
62, 820, 70
64, 830, 71
65, 840, 74
65, 850, 75
65, 860, 76
['no' 'yes' 'no']
['no' 'no' 'no' 'no' 'no' 'no' 'no' 'no' 'no' 'no']
63, 860, 76
65, 870, 72
68, 880, 74
69, 890, 78
70, 900, 78
70, 910, 79
['no' 'no' 'no' 'yes' 'no' 'yes' 'no']
['no' 'no' 'no' 'no' 'no' 'no' 'no' 'no' 'no' 'no']
68, 910, 79
71, 920, 76
71, 930, 81
72, 940, 81
73, 950, 82
75, 960, 85
['no' 'no' 'yes' 'no' 'no' 'no' 'no' 'no' 'no']
['no' 'yes' 'no' 'no' 'no' 'no' 'no' 'no' 'no' 'no']
69, 960, 85
70, 970, 78
73, 980, 78
74, 990, 84
77, 1000, 87
77, 1010, 93
['no' 'no' 'no' 'no' 'no' 'no' 'no' 'no' 'no']
['no' 'no' 'no' 'no' 'no' 'no' 'no' 'no' 'no' 'no']
70, 1010, 93
73, 1020, 79
75, 1030, 83
76, 1040, 86
77, 1050, 88
80, 1060, 88
['no' 'no' 'no' 'no' 'no' 'no' 'no' 'no' 'no' 'no']
['no' 'no' 'no' 'no' 'no' 'no' 'no' 'no' 'no' 'no']
70, 1060, 88
70, 1070, 78
73, 1080, 77
75, 1090, 80
75, 1100, 85
78, 1110, 84
['no' 'no' 'no' 'no' 'no' 'no' 'no' 'no' 'no']
['no' 'no' 'no' 'no' 'no' 'no' 'no' 'no' 'no' 'no']
72, 1110, 84
72, 1120, 82
72, 1130, 81
73, 1140, 81
74, 1150, 81
74, 1160, 81
['no' 'no' 'no' 'no']
['no' 'no' 'no' 'no' 'no' 'no' 'no' 'no' 'no' 'no']
72, 1160, 81
73, 1170, 80
74, 1180, 80
75, 1190, 81
77, 1200, 83
78, 1210, 87
['no' 'no' 'no' 'no' 'no' 'no' 'no']
['no' 'no' 'no' 'no' 'no' 'no' 'no' 'no' 'no' 'no']
71, 1210, 87
71, 1220, 78
71, 1230, 77
71, 1240, 77
71, 1250, 76
73, 1260, 77
['no' 'no']
['no' 'no' 'no' 'no' 'no' 'no' 'no' 'no' 'no' 'no']
72, 1260, 77
73, 1270, 77
73, 1280, 79
75, 1290, 79
77, 1300, 82
78, 1310, 85
['no' 'no' 'no' 'no' 'no' 'no' 'no']
['no' 'no' 'no' 'no' 'no' 'no' 'no' 'no' 'no' 'no']
73, 1310, 85
74, 1320, 79
74, 1330, 80
75, 1340, 79
76, 1350, 81
77, 1360, 82
['no' 'no' 'no' 'no' 'no' 'no']
['no' 'no' 'no' 'no' 'no' 'no' 'no' 'no' 'no' 'no']
72, 1360, 82
73, 1370, 77
74, 1380, 78
74, 1390, 80
75, 1400, 80
75, 1410, 80
['no' 'no' 'no']
['no' 'no' 'no' 'no' 'no' 'no' 'no' 'no' 'no' 'no']
72, 1410, 80
72, 1420, 77
72, 1430, 77
75, 1440, 78
75, 1450, 81
77, 1460, 80
['no' 'no' 'no' 'no' 'no']
['no' 'no' 'no' 'no' 'no' 'no' 'no' 'no' 'no' 'no']
['no' 'no' 'no' 'no' 'no']
['no' 'no' 'no' 'no' 'no' 'no' 'no' 'no' 'no' 'no']
{'count': 1952, 'truepos': 55, 'falseneg': 4, 'unknownyes': 3, 'falsepos': 17, 'unique': 1460}
33: Wahono.csv: machine2: 0, 0
7, 10
9, 20, 109
11, 30, 112
15, 40, 119
17, 50, 118
19, 60, 118
['no' 'yes' 'no' 'yes' 'yes' 'no' 'no' 'yes' 'no' 'no']
['no']
14, 60, 118
14, 70, 117
16, 80, 97
20, 90, 99
22, 100, 94
23, 110, 81
['no' 'yes' 'yes' 'yes' 'yes' 'yes' 'yes' 'yes' 'yes' 'no']
[]
21, 110, 81
25, 120, 73
30, 130, 78
34, 140, 62
37, 150, 69
39, 160, 69
['yes' 'no' 'yes' 'yes' 'no' 'yes' 'yes' 'yes' 'yes' 'no']
['no' 'no' 'no' 'no' 'no' 'no' 'no' 'no' 'no' 'no']
37, 160, 69
40, 170, 66
47, 180, 71
48, 190, 88
52, 200, 88
53, 210, 99
['yes' 'yes' 'no' 'no' 'no' 'no' 'yes' 'no' 'yes' 'no']
['no' 'no' 'no' 'no' 'no' 'no' 'no' 'yes' 'no' 'no']
51, 210, 99
54, 220, 84
57, 230, 93
58, 240, 103
60, 250, 100
63, 260, 109
['yes' 'no' 'yes' 'no' 'no' 'yes' 'yes' 'no' 'no' 'no']
['no' 'no' 'no' 'no' 'no' 'no' 'no' 'no' 'no' 'no']
57, 260, 109
60, 270, 86
61, 280, 97
63, 290, 89
64, 300, 97
65, 310, 93
['no' 'no' 'yes' 'yes' 'no' 'no' 'no' 'yes' 'yes' 'yes']
['no' 'no' 'no' 'no' 'no' 'no' 'no' 'no' 'no' 'no']
60, 310, 93
61, 320, 80
63, 330, 82
63, 340, 84
64, 350, 80
66, 360, 81
['yes' 'yes' 'no' 'yes' 'no' 'no' 'no' 'no' 'yes' 'no']
['no' 'no' 'no' 'no' 'no' 'no' 'no' 'no' 'no' 'no']
62, 360, 81
66, 370, 78
67, 380, 84
69, 390, 84
72, 400, 91
74, 410, 95
['no' 'no' 'no' 'no' 'no' 'no' 'no' 'no' 'no' 'no']
['no' 'no' 'no' 'no' 'no' 'no' 'no' 'no' 'no' 'no']
67, 410, 95
68, 420, 87
69, 430, 89
72, 440, 89
73, 450, 97
75, 460, 93
['yes' 'no' 'no' 'no' 'no' 'no' 'no' 'yes' 'no' 'no']
['no' 'no' 'no' 'no' 'no' 'no' 'no' 'no' 'no' 'no']
67, 460, 93
68, 470, 82
68, 480, 84
68, 490, 84
68, 500, 83
69, 510, 82
['yes' 'no' 'yes' 'yes' 'no' 'no' 'no' 'no' 'no' 'no']
['no' 'no' 'no' 'no' 'no' 'no' 'no' 'no' 'no' 'no']
64, 510, 82
66, 520, 77
67, 530, 79
69, 540, 81
69, 550, 86
72, 560, 84
['no' 'yes' 'no' 'no' 'no' 'no' 'yes' 'no' 'yes' 'no']
['no' 'no' 'no' 'no' 'no' 'no' 'no' 'no' 'no' 'no']
66, 560, 84
67, 570, 77
68, 580, 77
68, 590, 80
70, 600, 76
71, 610, 81
['no' 'no' 'yes' 'no' 'no' 'yes' 'yes' 'yes' 'no' 'yes']
['no' 'no' 'no' 'no' 'no' 'no' 'no' 'no' 'no' 'yes']
68, 610, 81
68, 620, 79
69, 630, 79
70, 640, 81
70, 650, 85
71, 660, 81
['no' 'no' 'yes' 'no' 'yes' 'yes' 'yes' 'yes' 'yes' 'no']
['no' 'no' 'no' 'no' 'no' 'no' 'no' 'no' 'no' 'no']
72, 660, 81
74, 670, 84
75, 680, 87
76, 690, 90
77, 700, 90
77, 710, 94
['no' 'no' 'no' 'no' 'no' 'no' 'no' 'no' 'yes']
['no' 'no' 'no' 'no' 'no' 'no' 'no' 'no' 'no' 'no']
71, 710, 94
72, 720, 83
73, 730, 82
74, 740, 86
76, 750, 85
76, 760, 90
['no' 'yes' 'no' 'no' 'no' 'no']
['no' 'no' 'no' 'no' 'no' 'no' 'no' 'no' 'no' 'no']
71, 760, 90
73, 770, 83
74, 780, 85
74, 790, 87
74, 800, 88
74, 810, 85
['no' 'no' 'no']
['no' 'no' 'no' 'no' 'no' 'no' 'no' 'no' 'no' 'no']
71, 810, 85
71, 820, 81
73, 830, 80
75, 840, 82
79, 850, 85
79, 860, 90
['no' 'no' 'no' 'no' 'no' 'no' 'no' 'no']
['yes' 'no' 'no' 'no' 'no' 'no' 'no' 'no' 'no' 'no']
73, 860, 90
74, 870, 81
76, 880, 84
76, 890, 85
76, 900, 86
76, 910, 85
['no' 'no' 'yes' 'no' 'no']
['no' 'no' 'no' 'no' 'no' 'no' 'no' 'no' 'no' 'no']
75, 910, 85
76, 920, 84
76, 930, 86
76, 940, 85
77, 950, 85
77, 960, 86
['no' 'no' 'no' 'no']
['no' 'no' 'no' 'no' 'no' 'no' 'no' 'no' 'no' 'no']
76, 960, 86
77, 970, 85
79, 980, 87
79, 990, 90
79, 1000, 89
81, 1010, 89
['no' 'no' 'no' 'no' 'no' 'no']
['no' 'no' 'no' 'no' 'no' 'no' 'no' 'no' 'no' 'no']
75, 1010, 89
75, 1020, 83
75, 1030, 83
76, 1040, 82
77, 1050, 83
78, 1060, 86
['no' 'no' 'no']
['no' 'no' 'no' 'no' 'no' 'no' 'no' 'no' 'no' 'no']
76, 1060, 86
77, 1070, 83
78, 1080, 84
78, 1090, 86
80, 1100, 86
80, 1110, 89
['no' 'no' 'no' 'no' 'no']
['no' 'no' 'no' 'no' 'no' 'no' 'no' 'no' 'no' 'no']
75, 1110, 89
76, 1120, 82
79, 1130, 83
80, 1140, 88
80, 1150, 88
80, 1160, 90
['no' 'no' 'no' 'no' 'no']
['no' 'no' 'no' 'no' 'no' 'no' 'no' 'no' 'no' 'no']
78, 1160, 90
79, 1170, 84
79, 1180, 87
80, 1190, 85
80, 1200, 86
81, 1210, 87
['no' 'no' 'no' 'no' 'no']
['no' 'no' 'no' 'no' 'no' 'no' 'no' 'no' 'no' 'no']
78, 1210, 87
79, 1220, 84
81, 1230, 87
82, 1240, 88
83, 1250, 90
85, 1260, 91
['no' 'yes' 'no' 'no' 'no' 'no' 'no']
['no' 'no' 'no' 'no' 'no' 'no' 'no' 'no' 'no' 'no']
81, 1260, 91
84, 1270, 88
84, 1280, 93
85, 1290, 93
86, 1300, 94
88, 1310, 95
['no' 'no' 'no' 'no' 'no' 'no' 'no' 'no']
['no' 'no' 'no' 'no' 'no' 'no' 'no' 'no' 'no' 'no']
81, 1310, 95
81, 1320, 88
82, 1330, 88
83, 1340, 88
85, 1350, 91
86, 1360, 93
['no' 'no' 'no' 'no' 'no' 'no']
['no' 'no' 'no' 'no' 'no' 'no' 'no' 'no' 'no' 'no']
81, 1360, 93
81, 1370, 88
81, 1380, 87
81, 1390, 87
82, 1400, 87
83, 1410, 88
['no' 'no']
['no' 'no' 'no' 'no' 'no' 'no' 'no' 'no' 'no' 'no']
82, 1410, 88
85, 1420, 88
86, 1430, 91
86, 1440, 91
87, 1450, 91
88, 1460, 94
['no' 'no' 'no' 'no' 'no' 'yes' 'no']
['no' 'no' 'no' 'no' 'no' 'no' 'no' 'no' 'no' 'no']
84, 1460, 94
86, 1470, 90
86, 1480, 92
91, 1490, 92
91, 1500, 98
92, 1510, 98
['no' 'no' 'no' 'no' 'no' 'no' 'no' 'no' 'no' 'no']
['no' 'no' 'no' 'no' 'no' 'no' 'no' 'no' 'no' 'no']
84, 1510, 98
85, 1520, 90
87, 1530, 90
88, 1540, 93
89, 1550, 94
89, 1560, 96
['no' 'no' 'no' 'no' 'no' 'no']
['no' 'no' 'no' 'no' 'no' 'no' 'no' 'no' 'no' 'no']
85, 1560, 96
86, 1570, 92
87, 1580, 92
88, 1590, 93
90, 1600, 95
90, 1610, 97
['no' 'no' 'no' 'no' 'no' 'no' 'no']
['no' 'no' 'no' 'no' 'no' 'no' 'no' 'no' 'no' 'no']
85, 1610, 97
86, 1620, 90
87, 1630, 92
87, 1640, 93
87, 1650, 92
88, 1660, 92
['no' 'no' 'no' 'no']
['no' 'no' 'no' 'no' 'no' 'no' 'no' 'no' 'no' 'no']
['no' 'no' 'no' 'no']
['no' 'no' 'no' 'no' 'no' 'no' 'no' 'no' 'no' 'no']
{'count': 2376, 'truepos': 60, 'falseneg': 0, 'unknownyes': 2, 'falsepos': 25, 'unique': 1660}
33: Wahono.csv: machine3: 0, 0
6, 10
7, 20, 103
7, 30, 100
9, 40, 88
14, 50, 77
15, 60, 87
null
[]
17, 70, 68
18, 80, 65
20, 90, 59
22, 100, 54
22, 110, 57
23, 120, 49
null
[]
23, 130, 49
25, 140, 47
28, 150, 48
30, 160, 54
31, 170, 57
32, 180, 58
null
['no' 'no' 'no' 'no' 'no' 'no' 'no' 'no' 'no' 'no']
32, 180, 58
33, 190, 58
34, 200, 58
34, 210, 59
35, 220, 57
36, 230, 55
null
['no' 'no' 'no' 'no' 'yes' 'no' 'no' 'no' 'no' 'no']
37, 230, 55
37, 240, 55
38, 250, 53
38, 260, 56
40, 270, 52
40, 280, 58
null
['no' 'no' 'no' 'no' 'no' 'no' 'no' 'no' 'no' 'no']
40, 280, 58
41, 290, 57
42, 300, 55
43, 310, 64
43, 320, 59
43, 330, 62
null
['no' 'no' 'no' 'no' 'no' 'no' 'no' 'yes' 'no' 'yes']
44, 330, 62
44, 340, 62
44, 350, 60
45, 360, 56
46, 370, 56
46, 380, 59
null
['no' 'no' 'no' 'no' 'no' 'no' 'no' 'no' 'no' 'no']
46, 380, 59
46, 390, 59
48, 400, 59
49, 410, 60
50, 420, 59
50, 430, 64
null
['no' 'no' 'no' 'no' 'no' 'yes' 'no' 'no' 'no' 'no']
51, 430, 64
51, 440, 62
51, 450, 66
52, 460, 64
52, 470, 64
52, 480, 68
null
['no' 'no' 'no' 'no' 'no' 'no' 'no' 'no' 'no' 'no']
52, 480, 68
52, 490, 63
53, 500, 65
53, 510, 65
53, 520, 64
53, 530, 65
null
['no' 'no' 'no' 'no' 'no' 'no' 'no' 'no' 'no' 'no']
53, 530, 65
53, 540, 66
53, 550, 63
53, 560, 64
53, 570, 61
53, 580, 62
null
['no' 'no' 'no' 'no' 'no' 'no' 'no' 'no' 'no' 'no']
53, 580, 62
53, 590, 63
53, 600, 63
53, 610, 60
54, 620, 61
54, 630, 60
null
['no' 'no' 'no' 'no' 'no' 'no' 'no' 'no' 'no' 'no']
54, 630, 60
55, 640, 62
55, 650, 63
56, 660, 61
56, 670, 63
56, 680, 62
null
['no' 'no' 'no' 'yes' 'no' 'no' 'no' 'no' 'no' 'no']
57, 680, 62
60, 690, 63
60, 700, 67
60, 710, 67
60, 720, 68
60, 730, 66
null
['no' 'no' 'no' 'no' 'no' 'no' 'no' 'no' 'no' 'no']
61, 730, 66
61, 740, 68
63, 750, 68
65, 760, 70
65, 770, 76
65, 780, 75
null
['no' 'no' 'no' 'no' 'no' 'no' 'no' 'no' 'no' 'no']
66, 780, 75
67, 790, 76
69, 800, 79
70, 810, 81
70, 820, 83
71, 830, 82
null
['no' 'no' 'no' 'no' 'no' 'no' 'no' 'no' 'no' 'no']
72, 830, 82
72, 840, 84
72, 850, 83
72, 860, 82
73, 870, 83
73, 880, 83
null
['no' 'no' 'no' 'no' 'no' 'no' 'no' 'no' 'no' 'no']
73, 880, 83
73, 890, 85
73, 900, 84
74, 910, 82
74, 920, 84
75, 930, 83
null
['no' 'no' 'no' 'no' 'no' 'no' 'no' 'no' 'no' 'no']
75, 930, 83
75, 940, 84
75, 950, 85
75, 960, 83
75, 970, 84
75, 980, 83
null
['no' 'no' 'no' 'no' 'no' 'no' 'no' 'no' 'no' 'no']
75, 980, 83
75, 990, 83
75, 1000, 83
75, 1010, 83
76, 1020, 83
76, 1030, 84
null
['no' 'no' 'no' 'no' 'no' 'no' 'no' 'no' 'no' 'no']
76, 1030, 84
77, 1040, 84
77, 1050, 85
78, 1060, 84
79, 1070, 87
79, 1080, 87
null
['no' 'no' 'no' 'no' 'no' 'no' 'no' 'no' 'no' 'no']
79, 1080, 87
79, 1090, 87
79, 1100, 87
79, 1110, 88
79, 1120, 86
79, 1130, 87
null
['yes' 'no' 'no' 'no' 'no' 'no' 'no' 'no' 'no' 'no']
80, 1130, 87
80, 1140, 88
80, 1150, 88
81, 1160, 87
81, 1170, 90
81, 1180, 90
null
['no' 'no' 'no' 'no' 'no' 'no' 'no' 'no' 'no' 'no']
81, 1180, 90
81, 1190, 89
81, 1200, 88
81, 1210, 88
81, 1220, 88
81, 1230, 88
null
['no' 'no' 'no' 'no' 'no' 'no' 'no' 'no' 'no' 'no']
81, 1230, 88
82, 1240, 88
82, 1250, 90
82, 1260, 90
82, 1270, 89
82, 1280, 90
null
['no' 'no' 'no' 'no' 'no' 'no' 'no' 'no' 'no' 'no']
83, 1280, 90
83, 1290, 91
83, 1300, 90
83, 1310, 90
83, 1320, 91
84, 1330, 91
null
['no' 'no' 'no' 'no' 'no' 'no' 'no' 'no' 'no' 'no']
84, 1330, 91
84, 1340, 91
85, 1350, 92
85, 1360, 93
85, 1370, 92
85, 1380, 92
null
['no' 'no' 'no' 'no' 'no' 'no' 'no' 'no' 'no' 'no']
85, 1380, 92
85, 1390, 92
85, 1400, 91
85, 1410, 91
85, 1420, 92
85, 1430, 92
null
['no' 'no' 'no' 'no' 'no' 'no' 'no' 'no' 'no' 'no']
85, 1430, 92
87, 1440, 91
88, 1450, 95
88, 1460, 94
88, 1470, 95
88, 1480, 94
null
['no' 'no' 'no' 'no' 'no' 'no' 'no' 'no' 'no' 'no']
88, 1480, 94
88, 1490, 94
88, 1500, 94
88, 1510, 94
88, 1520, 94
88, 1530, 94
null
['no' 'no' 'no' 'no' 'no' 'no' 'no' 'no' 'no' 'no']
88, 1530, 94
88, 1540, 93
88, 1550, 94
88, 1560, 93
88, 1570, 93
88, 1580, 93
null
['no' 'no' 'no' 'no' 'no' 'no' 'no' 'no' 'no' 'no']
88, 1580, 93
88, 1590, 93
88, 1600, 93
89, 1610, 93
90, 1620, 95
90, 1630, 96
null
['no' 'no' 'no' 'no' 'no' 'no' 'no' 'no' 'no' 'no']
90, 1630, 96
90, 1640, 97
91, 1650, 95
91, 1660, 98
91, 1670, 97
91, 1680, 96
null
['no' 'no' 'no' 'no' 'no' 'no' 'no' 'no' 'no' 'no']
91, 1680, 96
91, 1690, 96
91, 1700, 97
91, 1710, 96
91, 1720, 96
91, 1730, 96
null
['no' 'no' 'no' 'no' 'no' 'no' 'no' 'no' 'no' 'no']
91, 1730, 96
91, 1740, 96
91, 1750, 96
91, 1760, 96
91, 1770, 96
91, 1780, 96
null
['no' 'no' 'no' 'no' 'no' 'no' 'yes' 'no' 'no' 'no']
91, 1780, 96
91, 1790, 96
91, 1800, 96
91, 1810, 96
91, 1820, 96
null
['no' 'no' 'no' 'no' 'no' 'no' 'no' 'no' 'no' 'no']
{'count': 2598, 'truepos': 55, 'falseneg': 6, 'unknownyes': 1, 'falsepos': 36, 'unique': 1820}
33: Danijel.csv: none: 0, 0
4, 10
4, 20, 101
6, 30, 86
7, 40, 83
10, 50, 66
13, 60, 70
14, 70, 80
18, 80, 58
21, 90, 58
21, 100, 63
23, 110, 55
25, 120, 58
25, 130, 58
28, 140, 53
32, 150, 57
34, 160, 54
35, 170, 52
37, 180, 53
38, 190, 51
41, 200, 53
42, 210, 57
43, 220, 55
46, 230, 58
48, 240, 63
50, 250, 66
51, 260, 68
53, 270, 68
54, 280, 74
55, 290, 77
56, 300, 75
58, 310, 79
59, 320, 85
60, 330, 91
62, 340, 88
63, 350, 97
66, 360, 90
67, 370, 97
68, 380, 103
69, 390, 114
71, 400, 110
73, 410, 113
74, 420, 123
75, 430, 112
76, 440, 115
78, 450, 110
79, 460, 109
80, 470, 114
81, 480, 107
82, 490, 111
84, 500, 114
87, 510, 126
87, 520, 114
88, 530, 114
89, 540, 116
89, 550, 134
90, 560, 116
91, 570, 117
94, 580, 117
94, 590, 126
94, 600, 123
97, 610, 121
99, 620, 132
99, 630, 127
99, 640, 126
100, 650, 125
101, 660, 121
101, 670, 126
102, 680, 126
103, 690, 129
105, 700, 120
105, 710, 131
106, 720, 124
107, 730, 123
108, 740, 128
108, 750, 130
109, 760, 130
109, 770, 131
110, 780, 133
111, 790, 132
111, 800, 140
111, 810, 131
111, 820, 130
111, 830, 126
112, 840, 127
115, 850, 134
116, 860, 137
118, 870, 130
120, 880, 137
120, 890, 139
120, 900, 140
121, 910, 139
122, 920, 141
123, 930, 140
126, 940, 144
130, 950, 144
131, 960, 149
133, 970, 148
133, 980, 154
136, 990, 150
138, 1000, 155
139, 1010, 157
139, 1020, 158
140, 1030, 159
141, 1040, 156
142, 1050, 160
143, 1060, 169
143, 1070, 166
144, 1080, 168
145, 1090, 167
146, 1100, 168
147, 1110, 164
148, 1120, 166
152, 1130, 166
155, 1140, 178
160, 1150, 187
160, 1160, 196
161, 1170, 201
163, 1180, 191
163, 1190, 195
166, 1200, 200
169, 1210, 207
172, 1220, 211
173, 1230, 216
175, 1240, 214
175, 1250, 219
175, 1260, 213
177, 1270, 211
179, 1280, 223
181, 1290, 217
182, 1300, 228
183, 1310, 220
183, 1320, 228
184, 1330, 224
184, 1340, 224
186, 1350, 222
186, 1360, 227
186, 1370, 224
187, 1380, 223
188, 1390, 222
188, 1400, 226
189, 1410, 222
190, 1420, 226
191, 1430, 224
193, 1440, 228
194, 1450, 229
195, 1460, 234
199, 1470, 233
200, 1480, 240
201, 1490, 236
202, 1500, 243
203, 1510, 242
203, 1520, 249
204, 1530, 245
207, 1540, 243
208, 1550, 247
210, 1560, 244
211, 1570, 246
211, 1580, 249
211, 1590, 244
211, 1600, 244
211, 1610, 243
212, 1620, 243
212, 1630, 244
213, 1640, 246
214, 1650, 244
215, 1660, 245
216, 1670, 245
216, 1680, 244
218, 1690, 246
220, 1700, 249
221, 1710, 255
222, 1720, 259
224, 1730, 258
225, 1740, 254
227, 1750, 259
227, 1760, 259
229, 1770, 261
230, 1780, 261
230, 1790, 261
230, 1800, 264
232, 1810, 259
234, 1820, 261
235, 1830, 262
235, 1840, 265
236, 1850, 261
239, 1860, 264
239, 1870, 270
239, 1880, 268
242, 1890, 271
244, 1900, 273
245, 1910, 273
246, 1920, 276
248, 1930, 276
249, 1940, 277
249, 1950, 275
250, 1960, 276
253, 1970, 279
253, 1980, 280
253, 1990, 282
254, 2000, 282
255, 2010, 283
257, 2020, 282
258, 2030, 287
259, 2040, 285
260, 2050, 287
260, 2060, 288
260, 2070, 287
261, 2080, 286
262, 2090, 289
262, 2100, 287
263, 2110, 292
263, 2120, 288
264, 2130, 289
267, 2140, 291
267, 2150, 292
268, 2160, 294
268, 2170, 292
269, 2180, 292
270, 2190, 295
272, 2200, 295
273, 2210, 295
276, 2220, 297
279, 2230, 302
281, 2240, 310
282, 2250, 312
282, 2260, 315
282, 2270, 311
285, 2280, 309
285, 2290, 314
285, 2300, 313
285, 2310, 310
286, 2320, 313
287, 2330, 315
289, 2340, 315
289, 2350, 319
289, 2360, 317
289, 2370, 318
290, 2380, 316
293, 2390, 315
293, 2400, 320
294, 2410, 321
294, 2420, 321
294, 2430, 322
295, 2440, 320
296, 2450, 325
298, 2460, 325
298, 2470, 325
299, 2480, 329
299, 2490, 329
299, 2500, 327
302, 2510, 325
304, 2520, 329
305, 2530, 332
306, 2540, 335
306, 2550, 334
308, 2560, 334
309, 2570, 336
310, 2580, 341
313, 2590, 338
314, 2600, 341
314, 2610, 341
314, 2620, 342
315, 2630, 341
315, 2640, 343
316, 2650, 345
317, 2660, 345
318, 2670, 345
319, 2680, 346
320, 2690, 345
320, 2700, 346
320, 2710, 348
321, 2720, 345
324, 2730, 349
324, 2740, 353
324, 2750, 351
325, 2760, 350
326, 2770, 348
328, 2780, 349
329, 2790, 353
330, 2800, 354
330, 2810, 354
331, 2820, 354
331, 2830, 352
331, 2840, 354
332, 2850, 354
333, 2860, 357
333, 2870, 356
335, 2880, 356
337, 2890, 359
338, 2900, 361
339, 2910, 364
340, 2920, 363
340, 2930, 366
342, 2940, 363
346, 2950, 363
347, 2960, 370
347, 2970, 371
348, 2980, 373
348, 2990, 373
350, 3000, 373
351, 3010, 374
352, 3020, 373
354, 3030, 375
354, 3040, 379
355, 3050, 377
355, 3060, 378
357, 3070, 378
358, 3080, 379
358, 3090, 380
360, 3100, 378
360, 3110, 384
362, 3120, 379
363, 3130, 382
365, 3140, 384
367, 3150, 386
370, 3160, 387
{'count': 3160, 'truepos': 42, 'falseneg': 6, 'unknownyes': 0, 'falsepos': 328, 'unique': 3160}
33: Danijel.csv: three: 0, 0
4, 10
5, 20, 128
6, 30, 115
6, 40, 104
8, 50, 64
12, 60, 63
14, 70, 80
16, 80, 77
18, 90, 74
21, 100, 61
24, 110, 64
24, 120, 67
26, 130, 58
28, 140, 57
30, 150, 53
34, 160, 52
35, 170, 56
35, 180, 55
37, 190, 53
37, 200, 54
37, 210, 52
40, 220, 52
41, 230, 53
42, 240, 55
43, 250, 52
43, 260, 56
44, 270, 54
45, 280, 55
47, 290, 54
47, 300, 58
47, 310, 57
47, 320, 56
48, 330, 55
49, 340, 57
50, 350, 57
51, 360, 60
52, 370, 59
52, 380, 60
52, 390, 60
53, 400, 59
53, 410, 63
54, 420, 60
54, 430, 62
55, 440, 61
55, 450, 63
55, 460, 62
56, 470, 63
57, 480, 63
57, 490, 66
57, 500, 63
58, 510, 65
58, 520, 64
58, 530, 65
58, 540, 64
58, 550, 65
58, 560, 67
59, 570, 63
59, 580, 65
59, 590, 64
59, 600, 64
59, 610, 64
{'count': 1328, 'truepos': 45, 'falseneg': 0, 'unknownyes': 3, 'falsepos': 14, 'unique': 610}
33: Danijel.csv: machine: 0, 0
3, 10
4, 20, 107
7, 30, 94
8, 40, 97
8, 50, 83
11, 60, 53
['no' 'no' 'yes' 'yes' 'yes' 'yes' 'no' 'yes' 'no' 'yes']
[]
7, 60, 53
11, 70, 54
12, 80, 72
18, 90, 67
20, 100, 89
22, 110, 89
['yes' 'yes' 'no' 'no' 'no' 'no' 'no' 'yes' 'no' 'no']
[]
16, 110, 89
20, 120, 56
24, 130, 62
26, 140, 64
31, 150, 62
33, 160, 71
['no' 'no' 'yes' 'yes' 'yes' 'yes' 'yes' 'no' 'yes' 'yes']
['no' 'no' 'no' 'no' 'yes' 'no' 'no' 'no' 'no' 'no']
32, 160, 71
34, 170, 57
36, 180, 60
39, 190, 70
40, 200, 76
41, 210, 69
['yes' 'no' 'no' 'no' 'yes' 'yes' 'yes' 'no' 'yes' 'yes']
['no' 'no' 'no' 'no' 'no' 'no' 'no' 'no' 'no' 'no']
37, 210, 69
38, 220, 61
40, 230, 61
41, 240, 64
42, 250, 66
44, 260, 64
['no' 'no' 'yes' 'no' 'yes' 'no' 'no' 'yes' 'no' 'yes']
['no' 'no' 'no' 'no' 'no' 'no' 'no' 'no' 'no' 'no']
42, 260, 64
43, 270, 56
44, 280, 60
47, 290, 56
48, 300, 60
49, 310, 67
['no' 'yes' 'yes' 'no' 'no' 'no' 'no' 'no' 'no' 'yes']
['no' 'no' 'no' 'no' 'no' 'no' 'no' 'no' 'no' 'no']
44, 310, 67
45, 320, 53
46, 330, 57
47, 340, 58
48, 350, 57
49, 360, 61
['no' 'no' 'no' 'yes' 'no' 'no' 'no' 'yes' 'no' 'no']
['no' 'no' 'no' 'no' 'no' 'no' 'no' 'no' 'no' 'no']
42, 360, 61
43, 370, 52
43, 380, 53
43, 390, 53
44, 400, 52
45, 410, 52
['no' 'no' 'yes' 'no' 'no' 'yes' 'no' 'no' 'no' 'no']
['no' 'no' 'no' 'no' 'no' 'yes' 'no' 'yes' 'no' 'no']
40, 410, 52
43, 420, 47
45, 430, 49
47, 440, 52
47, 450, 55
50, 460, 57
['no' 'no' 'yes' 'no' 'no' 'yes' 'no' 'yes' 'yes' 'no']
['no' 'no' 'yes' 'no' 'yes' 'no' 'yes' 'no' 'no' 'no']
47, 460, 57
49, 470, 54
51, 480, 56
54, 490, 62
55, 500, 70
56, 510, 72
['no' 'no' 'no' 'yes' 'no' 'no' 'no' 'yes' 'no' 'no']
['no' 'no' 'no' 'no' 'no' 'no' 'no' 'no' 'no' 'no']
49, 510, 72
50, 520, 59
50, 530, 59
50, 540, 57
50, 550, 59
50, 560, 58
['no' 'no' 'no' 'yes' 'yes' 'yes' 'no' 'yes']
['no' 'no' 'no' 'no' 'no' 'no' 'no' 'no' 'no' 'no']
46, 560, 58
47, 570, 51
48, 580, 53
49, 590, 55
50, 600, 55
50, 610, 54
['no' 'no' 'no' 'no']
['no' 'no' 'no' 'no' 'no' 'no' 'no' 'no' 'no' 'yes']
47, 610, 54
47, 620, 52
48, 630, 51
49, 640, 53
49, 650, 54
51, 660, 53
['no' 'no' 'no' 'no']
['no' 'no' 'no' 'no' 'no' 'no' 'no' 'no' 'no' 'no']
['no' 'no' 'no' 'no']
['no' 'no' 'no' 'no' 'no' 'no' 'no' 'no' 'no' 'no']
{'count': 886, 'truepos': 41, 'falseneg': 3, 'unknownyes': 4, 'falsepos': 7, 'unique': 660}
33: Danijel.csv: machine2: 0, 0
5, 10
10, 20, 136
11, 30, 179
13, 40, 150
15, 50, 170
18, 60, 167
['no' 'no' 'yes' 'yes' 'no' 'no' 'no' 'no' 'yes' 'no']
['no' 'no']
11, 60, 167
12, 70, 113
15, 80, 100
16, 90, 99
18, 100, 95
18, 110, 88
['yes' 'no' 'yes' 'yes' 'yes' 'no' 'yes' 'yes' 'no' 'yes']
[]
16, 110, 88
18, 120, 74
21, 130, 76
22, 140, 73
25, 150, 73
29, 160, 79
['yes' 'yes' 'no' 'yes' 'no' 'no' 'yes' 'no' 'no' 'yes']
[]
24, 160, 79
24, 170, 72
26, 180, 69
29, 190, 69
31, 200, 70
34, 210, 54
['no' 'yes' 'yes' 'yes' 'yes' 'yes' 'yes' 'no' 'no' 'yes']
['no' 'yes' 'no' 'no' 'no' 'no' 'no' 'no' 'no' 'no']
33, 210, 54
36, 220, 55
38, 230, 56
40, 240, 54
43, 250, 59
45, 260, 65
['yes' 'yes' 'no' 'yes' 'yes' 'yes' 'yes' 'no' 'no' 'no']
['no' 'no' 'no' 'yes' 'no' 'no' 'no' 'no' 'no' 'no']
46, 260, 65
46, 270, 70
47, 280, 68
50, 290, 68
50, 300, 75
50, 310, 79
['no' 'yes' 'yes' 'no' 'yes' 'yes' 'no' 'yes' 'yes' 'yes']
['no' 'no' 'no' 'no' 'no' 'no' 'no' 'no' 'no' 'no']
48, 310, 79
50, 320, 65
51, 330, 71
53, 340, 73
56, 350, 73
58, 360, 80
['no' 'no' 'no' 'no' 'no' 'no' 'no' 'no' 'no' 'yes']
['no' 'no' 'no' 'no' 'no' 'no' 'no' 'no' 'no' 'no']
51, 360, 80
54, 370, 63
56, 380, 65
57, 390, 69
59, 400, 69
59, 410, 70
['no' 'no' 'yes' 'no' 'no' 'no' 'yes' 'no' 'no' 'no']
['no' 'no' 'no' 'no' 'no' 'no' 'no' 'no' 'no' 'no']
53, 410, 70
54, 420, 65
55, 430, 63
58, 440, 67
58, 450, 71
59, 460, 69
['no' 'no' 'no' 'no' 'no' 'no' 'yes' 'no' 'yes' 'yes']
['no' 'no' 'no' 'no' 'no' 'no' 'no' 'no' 'no' 'no']
55, 460, 69
57, 470, 63
57, 480, 66
57, 490, 66
58, 500, 63
59, 510, 66
['no' 'no' 'no' 'no' 'no' 'no' 'yes' 'yes' 'yes']
['no' 'no' 'no' 'no' 'no' 'no' 'no' 'no' 'no' 'no']
57, 510, 66
57, 520, 64
57, 530, 64
58, 540, 63
58, 550, 64
58, 560, 63
['no' 'no' 'no' 'no' 'no']
['no' 'no' 'no' 'no' 'no' 'no' 'no' 'no' 'no' 'no']
55, 560, 63
56, 570, 61
57, 580, 62
58, 590, 63
59, 600, 63
61, 610, 67
['no' 'no' 'no' 'no' 'no' 'no' 'no']
['no' 'no' 'no' 'no' 'no' 'no' 'no' 'no' 'no' 'no']
57, 610, 67
59, 620, 63
61, 630, 64
62, 640, 69
64, 650, 69
65, 660, 73
['no' 'no' 'no' 'no' 'no' 'no' 'no' 'no' 'no' 'no']
['no' 'no' 'no' 'no' 'no' 'no' 'no' 'no' 'no' 'no']
56, 660, 73
57, 670, 62
57, 680, 63
59, 690, 62
59, 700, 66
59, 710, 66
['no' 'no' 'no' 'no']
['no' 'no' 'no' 'no' 'no' 'no' 'no' 'no' 'no' 'no']
55, 710, 66
56, 720, 60
57, 730, 60
58, 740, 61
60, 750, 65
61, 760, 65
['no' 'no' 'no' 'no' 'no' 'no']
['no' 'no' 'no' 'no' 'no' 'no' 'no' 'no' 'no' 'no']
59, 760, 65
59, 770, 64
61, 780, 64
62, 790, 68
63, 800, 66
63, 810, 68
['no' 'no' 'no' 'no' 'no' 'no']
['no' 'no' 'no' 'no' 'no' 'no' 'no' 'no' 'no' 'no']
58, 810, 68
58, 820, 62
59, 830, 62
61, 840, 63
63, 850, 67
64, 860, 70
['no' 'no' 'no' 'no' 'no' 'no']
['no' 'no' 'no' 'no' 'no' 'no' 'no' 'no' 'no' 'no']
60, 860, 70
60, 870, 65
61, 880, 65
61, 890, 65
62, 900, 66
63, 910, 67
['no' 'no' 'no']
['no' 'no' 'no' 'no' 'no' 'no' 'no' 'no' 'no' 'no']
62, 910, 67
64, 920, 66
64, 930, 68
65, 940, 69
65, 950, 69
65, 960, 69
['no' 'no' 'no' 'no']
['no' 'no' 'no' 'no' 'no' 'no' 'no' 'no' 'no' 'no']
63, 960, 69
64, 970, 67
64, 980, 69
67, 990, 69
68, 1000, 73
68, 1010, 74
['no' 'no' 'no' 'no' 'no' 'no']
['no' 'no' 'no' 'no' 'no' 'no' 'no' 'no' 'no' 'no']
65, 1010, 74
67, 1020, 69
67, 1030, 75
68, 1040, 76
69, 1050, 76
70, 1060, 78
['no' 'no' 'no' 'no' 'no' 'no']
['no' 'no' 'no' 'no' 'no' 'no' 'no' 'no' 'no' 'no']
65, 1060, 78
67, 1070, 69
['no' 'no' 'no']
['no' 'no' 'no' 'no' 'no' 'no' 'no' 'no' 'no' 'no']
{'count': 1527, 'truepos': 43, 'falseneg': 2, 'unknownyes': 3, 'falsepos': 23, 'unique': 1070}
33: Danijel.csv: machine3: 0, 0
4, 10
6, 20, 118
6, 30, 113
7, 40, 94
8, 50, 80
9, 60, 61
null
[]
11, 70, 59
14, 80, 54
18, 90, 55
20, 100, 60
22, 110, 63
26, 120, 61
null
['no']
26, 120, 61
27, 130, 69
28, 140, 66
30, 150, 63
32, 160, 54
34, 170, 52
null
['no' 'no' 'no' 'no' 'no' 'no' 'no' 'no' 'no' 'no']
34, 170, 52
35, 180, 52
36, 190, 51
36, 200, 51
36, 210, 51
37, 220, 48
null
['no' 'no' 'no' 'no' 'no' 'no' 'no' 'no' 'no' 'no']
37, 220, 48
37, 230, 49
39, 240, 49
42, 250, 51
42, 260, 56
42, 270, 57
null
['no' 'no' 'no' 'no' 'no' 'no' 'no' 'no' 'no' 'yes']
42, 270, 57
43, 280, 55
43, 290, 55
44, 300, 54
44, 310, 53
45, 320, 55
null
['no' 'no' 'no' 'no' 'no' 'no' 'yes' 'no' 'no' 'no']
46, 320, 55
46, 330, 56
46, 340, 56
47, 350, 54
48, 360, 57
50, 370, 59
null
['no' 'no' 'no' 'no' 'no' 'no' 'yes' 'no' 'no' 'no']
51, 370, 59
51, 380, 59
51, 390, 64
51, 400, 60
51, 410, 59
51, 420, 62
null
['no' 'no' 'no' 'no' 'no' 'no' 'no' 'no' 'no' 'no']
51, 420, 62
51, 430, 58
51, 440, 62
51, 450, 58
51, 460, 60
51, 470, 58
null
['no' 'no' 'no' 'no' 'no' 'no' 'no' 'no' 'no' 'no']
51, 470, 58
51, 480, 58
51, 490, 59
51, 500, 57
52, 510, 57
52, 520, 59
null
['no' 'no' 'no' 'no' 'no' 'no' 'no' 'no' 'no' 'no']
52, 520, 59
53, 530, 58
53, 540, 61
54, 550, 60
55, 560, 60
55, 570, 62
null
['no' 'no' 'no' 'no' 'no' 'no' 'no' 'no' 'no' 'no']
55, 570, 62
56, 580, 61
58, 590, 63
58, 600, 65
58, 610, 66
58, 620, 63
null
['no' 'no' 'no' 'no' 'no' 'no' 'no' 'no' 'no' 'no']
58, 620, 63
59, 630, 64
60, 640, 66
61, 650, 67
61, 660, 68
61, 670, 69
null
['no' 'no' 'no' 'no' 'no' 'no' 'no' 'no' 'no' 'no']
61, 670, 69
62, 680, 69
62, 690, 71
62, 700, 72
62, 710, 70
63, 720, 71
null
['no' 'no' 'no' 'no' 'no' 'no' 'no' 'no' 'no' 'no']
63, 720, 71
63, 730, 69
63, 740, 72
63, 750, 70
64, 760, 68
64, 770, 70
null
['no' 'no' 'no' 'no' 'no' 'no' 'no' 'no' 'no' 'no']
65, 770, 70
65, 780, 71
66, 790, 71
66, 800, 72
66, 810, 74
66, 820, 72
null
['no' 'no' 'no' 'no' 'no' 'no' 'no' 'no' 'no' 'no']
67, 820, 72
67, 830, 72
67, 840, 73
67, 850, 71
67, 860, 72
67, 870, 72
null
['no' 'no' 'no' 'no' 'no' 'no' 'no' 'no' 'no' 'no']
67, 870, 72
68, 880, 73
68, 890, 73
68, 900, 72
68, 910, 75
68, 920, 72
null
['no' 'no' 'no' 'no' 'no' 'no' 'no' 'no' 'no' 'no']
68, 920, 72
68, 930, 72
null
['no' 'no' 'no' 'no' 'no' 'no' 'no' 'no' 'no' 'no']
{'count': 1347, 'truepos': 43, 'falseneg': 2, 'unknownyes': 3, 'falsepos': 25, 'unique': 930}
33: K_all3.csv: none: 0, 0
2, 10
3, 20, 72
6, 30, 66
9, 40, 69
10, 50, 67
13, 60, 61
17, 70, 60
20, 80, 65
22, 90, 65
24, 100, 64
27, 110, 64
27, 120, 67
27, 130, 60
27, 140, 57
30, 150, 53
34, 160, 42
35, 170, 46
35, 180, 48
36, 190, 44
36, 200, 47
36, 210, 44
38, 220, 43
39, 230, 47
42, 240, 47
43, 250, 51
47, 260, 53
47, 270, 59
48, 280, 58
49, 290, 59
50, 300, 55
52, 310, 57
53, 320, 59
55, 330, 62
57, 340, 66
57, 350, 65
59, 360, 66
59, 370, 67
63, 380, 69
64, 390, 74
65, 400, 72
67, 410, 73
68, 420, 75
69, 430, 74
73, 440, 76
74, 450, 79
75, 460, 80
75, 470, 83
76, 480, 81
77, 490, 81
80, 500, 82
80, 510, 87
82, 520, 88
83, 530, 87
83, 540, 89
85, 550, 88
89, 560, 91
{'count': 560, 'truepos': 30, 'falseneg': 8, 'unknownyes': 7, 'falsepos': 59, 'unique': 560}
33: K_all3.csv: three: 0, 0
1, 10
2, 20, 93
2, 30, 63
3, 40, 54
4, 50, 43
8, 60, 41
11, 70, 45
15, 80, 46
15, 90, 52
15, 100, 46
16, 110, 42
17, 120, 44
20, 130, 43
23, 140, 45
24, 150, 47
24, 160, 47
26, 170, 45
27, 180, 46
29, 190, 46
31, 200, 47
32, 210, 42
33, 220, 43
33, 230, 47
35, 240, 40
37, 250, 50
37, 260, 48
37, 270, 45
39, 280, 46
40, 290, 46
41, 300, 45
41, 310, 46
41, 320, 47
42, 330, 45
43, 340, 47
43, 350, 48
43, 360, 48
43, 370, 47
43, 380, 49
{'count': 830, 'truepos': 32, 'falseneg': 1, 'unknownyes': 12, 'falsepos': 11, 'unique': 380}
33: K_all3.csv: machine: 0, 0
2, 10
3, 20, 71
4, 30, 65
5, 40, 63
8, 50, 55
11, 60, 58
['yes' 'no' 'no' 'yes' 'yes' 'yes' 'yes' 'yes' 'no' 'yes']
[]
8, 60, 58
12, 70, 57
17, 80, 58
21, 90, 62
23, 100, 66
24, 110, 62
['no' 'yes' 'yes' 'yes' 'yes' 'yes' 'yes' 'no' 'yes' 'no']
['no' 'no']
20, 110, 62
21, 120, 56
22, 130, 52
23, 140, 49
24, 150, 49
24, 160, 47
['yes' 'no' 'no' 'no' 'no' 'yes' 'yes' 'yes' 'no' 'no']
['no']
18, 160, 47
20, 170, 46
21, 180, 46
24, 190, 46
26, 200, 49
27, 210, 48
['yes' 'no' 'yes' 'no' 'no' 'yes' 'no' 'yes' 'no' 'no']
[]
21, 210, 48
21, 220, 46
22, 230, 44
24, 240, 44
26, 250, 45
27, 260, 46
['no' 'no' 'no' 'no' 'no' 'no']
['yes']
24, 260, 46
25, 270, 44
25, 280, 45
26, 290, 44
27, 300, 45
32, 310, 45
['no' 'no' 'yes' 'no' 'no' 'no' 'yes' 'no' 'no']
['no' 'no' 'no' 'no' 'no' 'no' 'no' 'no' 'no' 'no']
26, 310, 45
27, 320, 44
28, 330, 44
30, 340, 45
31, 350, 36
34, 360, 36
['no' 'yes' 'no' 'no' 'no' 'yes' 'yes' 'yes' 'no']
['no' 'no' 'no' 'no' 'no' 'no' 'no' 'no' 'no' 'no']
32, 360, 36
34, 370, 38
35, 380, 41
36, 390, 40
37, 400, 41
39, 410, 43
['yes' 'no' 'no' 'no' 'no' 'no' 'no' 'no']
['no' 'no' 'no' 'no' 'no' 'no' 'no' 'yes' 'no' 'no']
36, 410, 43
36, 420, 40
37, 430, 41
40, 440, 42
40, 450, 44
41, 460, 43
['no' 'yes' 'no' 'no' 'yes' 'no']
['no' 'no' 'no' 'no' 'no' 'no' 'no' 'no' 'no' 'no']
['no' 'yes' 'no' 'no' 'yes' 'no']
['no' 'no' 'no' 'no' 'no' 'no' 'no' 'no' 'no' 'no']
{'count': 582, 'truepos': 29, 'falseneg': 3, 'unknownyes': 13, 'falsepos': 9, 'unique': 460}
33: K_all3.csv: machine2: 0, 0
1, 10
2, 20, 93
5, 30, 63
7, 40, 59
8, 50, 59
10, 60, 50
['no' 'yes' 'no' 'no' 'yes' 'no' 'yes' 'no' 'no' 'no']
[]
3, 60, 50
7, 70, 45
8, 80, 52
11, 90, 46
12, 100, 48
13, 110, 45
['yes' 'yes' 'yes' 'yes' 'yes' 'yes' 'no' 'yes' 'yes' 'no']
[]
12, 110, 45
14, 120, 43
16, 130, 45
18, 140, 47
19, 150, 48
22, 160, 47
['no' 'no' 'no' 'no' 'no' 'no' 'yes' 'yes' 'yes' 'no']
['yes']
18, 160, 47
19, 170, 47
21, 180, 47
24, 190, 49
29, 200, 51
29, 210, 59
['no' 'yes' 'yes' 'no' 'no' 'no' 'no' 'no' 'no' 'no']
['no' 'no']
21, 210, 59
24, 220, 45
24, 230, 46
25, 240, 45
26, 250, 46
27, 260, 46
['yes' 'yes' 'yes' 'yes' 'no' 'yes' 'yes' 'yes']
[]
26, 260, 46
28, 270, 45
28, 280, 48
28, 290, 47
31, 300, 46
33, 310, 39
['no' 'no' 'no' 'no' 'no' 'no' 'yes']
['no' 'no' 'no' 'no' 'no' 'no' 'no' 'no' 'no' 'no']
27, 310, 39
27, 320, 45
28, 330, 44
32, 340, 45
35, 350, 38
37, 360, 43
['no' 'yes' 'yes' 'no' 'no' 'no' 'yes' 'no' 'no' 'no']
['no' 'no' 'no' 'no' 'yes' 'no' 'no' 'no' 'no' 'no']
35, 360, 43
35, 370, 42
35, 380, 41
35, 390, 41
35, 400, 42
38, 410, 39
['no' 'no' 'yes' 'no' 'yes']
['no' 'no' 'no' 'yes' 'no' 'no' 'no' 'no' 'no' 'no']
['no' 'no' 'yes' 'yes' 'no']
['yes' 'no' 'no' 'no' 'no' 'no' 'no' 'no' 'no' 'no']
{'count': 552, 'truepos': 30, 'falseneg': 2, 'unknownyes': 13, 'falsepos': 7, 'unique': 410}
33: K_all3.csv: machine3: 0, 0
1, 10
3, 20, 92
4, 30, 64
4, 40, 55
7, 50, 41
12, 60, 49
null
['no' 'no']
12, 60, 49
15, 70, 58
17, 80, 56
17, 90, 55
17, 100, 45
20, 110, 42
null
[]
20, 120, 46
20, 130, 42
24, 140, 40
26, 150, 46
26, 160, 47
28, 170, 46
null
['no']
28, 170, 46
28, 180, 47
29, 190, 46
31, 200, 47
32, 210, 46
32, 220, 44
null
['no' 'no' 'no' 'no' 'no' 'no' 'no' 'no' 'no' 'no']
32, 220, 44
32, 230, 43
33, 240, 40
34, 250, 43
34, 260, 42
34, 270, 41
null
['yes' 'no' 'no' 'no' 'no' 'no' 'no' 'no' 'no' 'no']
35, 270, 41
36, 280, 42
36, 290, 44
36, 300, 44
36, 310, 40
37, 320, 41
null
['no' 'no' 'no' 'no' 'no' 'no' 'no' 'no' 'no' 'no']
37, 320, 41
37, 330, 42
37, 340, 41
37, 350, 41
37, 360, 43
37, 370, 41
null
['no' 'no' 'no' 'no' 'no' 'no' 'no' 'no' 'no' 'no']
37, 370, 41
37, 380, 40
37, 390, 40
38, 400, 40
41, 410, 41
41, 420, 44
null
['no' 'no' 'no' 'no' 'no' 'no' 'no' 'no' 'no' 'no']
41, 420, 44
42, 430, 44
42, 440, 45
42, 450, 45
null
['no' 'no' 'no' 'no' 'no' 'no' 'no' 'no' 'no' 'no']
{'count': 630, 'truepos': 32, 'falseneg': 3, 'unknownyes': 10, 'falsepos': 10, 'unique': 450}

------------------------------------------------------------
Sender: LSF System <lsfadmin@n2b1-4>
Subject: Job 294815: </share/tjmenzie/zyu9/miniconda2/bin/python2.7 runner.py error_hpcc 33> Done

Job </share/tjmenzie/zyu9/miniconda2/bin/python2.7 runner.py error_hpcc 33> was submitted from host <login01.hpc.ncsu.edu> by user <zyu9> in cluster <henry2>.
Job was executed on host(s) <2*n2b1-4>, in queue <single_chassis>, as user <zyu9> in cluster <henry2>.
</home/zyu9> was used as the home directory.
</home/zyu9/projects/MAR_HPC/Error/src> was used as the working directory.
Started at Fri Nov  3 11:20:21 2017
Results reported at Fri Nov  3 21:02:35 2017

Your job looked like:

------------------------------------------------------------
# LSBATCH: User input
/share/tjmenzie/zyu9/miniconda2/bin/python2.7 runner.py error_hpcc 33
------------------------------------------------------------

Successfully completed.

Resource usage summary:

    CPU time   :  37953.23 sec.
    Max Memory :       204 MB
    Max Swap   :      1223 MB

    Max Processes  :         3
    Max Threads    :         8

The output (if any) is above this job summary.



PS:

Read file <./err/33.err.294815> for stderr output of this job.

