36: Hall.csv: none: 0, 0
8, 10
9, 20, 124
10, 30, 126
12, 40, 112
15, 50, 109
20, 60, 92
23, 70, 102
27, 80, 119
28, 90, 130
30, 100, 108
34, 110, 86
37, 120, 86
42, 130, 87
47, 140, 90
51, 150, 99
58, 160, 98
64, 170, 110
70, 180, 117
74, 190, 111
76, 200, 124
80, 210, 136
81, 220, 135
84, 230, 117
88, 240, 128
95, 250, 115
99, 260, 120
101, 270, 126
102, 280, 123
103, 290, 127
104, 300, 124
104, 310, 126
108, 320, 123
108, 330, 123
110, 340, 121
112, 350, 127
114, 360, 126
117, 370, 128
118, 380, 134
120, 390, 138
121, 400, 144
122, 410, 139
123, 420, 142
125, 430, 148
125, 440, 148
126, 450, 149
126, 460, 151
127, 470, 142
127, 480, 143
129, 490, 141
129, 500, 142
130, 510, 147
130, 520, 146
130, 530, 154
131, 540, 146
131, 550, 153
134, 560, 143
135, 570, 152
136, 580, 159
138, 590, 157
140, 600, 165
142, 610, 160
142, 620, 162
143, 630, 159
143, 640, 165
143, 650, 162
147, 660, 159
149, 670, 164
149, 680, 169
150, 690, 168
150, 700, 165
151, 710, 167
153, 720, 171
154, 730, 174
155, 740, 174
155, 750, 173
156, 760, 174
157, 770, 171
157, 780, 177
157, 790, 175
159, 800, 176
159, 810, 175
159, 820, 177
159, 830, 176
161, 840, 177
162, 850, 179
164, 860, 181
166, 870, 182
166, 880, 184
166, 890, 183
167, 900, 181
167, 910, 191
168, 920, 187
170, 930, 193
171, 940, 200
172, 950, 196
173, 960, 197
174, 970, 200
175, 980, 197
177, 990, 202
178, 1000, 200
178, 1010, 203
179, 1020, 205
181, 1030, 205
183, 1040, 208
185, 1050, 209
187, 1060, 209
187, 1070, 214
187, 1080, 215
187, 1090, 213
187, 1100, 209
187, 1110, 210
188, 1120, 206
190, 1130, 209
191, 1140, 217
191, 1150, 214
193, 1160, 213
193, 1170, 219
193, 1180, 218
194, 1190, 216
195, 1200, 214
195, 1210, 219
195, 1220, 214
197, 1230, 221
199, 1240, 221
202, 1250, 221
204, 1260, 225
204, 1270, 226
204, 1280, 226
207, 1290, 227
209, 1300, 231
209, 1310, 232
209, 1320, 232
209, 1330, 231
210, 1340, 229
212, 1350, 231
213, 1360, 233
213, 1370, 232
215, 1380, 237
216, 1390, 237
216, 1400, 238
216, 1410, 240
216, 1420, 240
216, 1430, 237
216, 1440, 235
217, 1450, 235
217, 1460, 238
217, 1470, 236
219, 1480, 237
220, 1490, 235
221, 1500, 238
221, 1510, 240
222, 1520, 241
223, 1530, 236
223, 1540, 240
224, 1550, 237
226, 1560, 239
226, 1570, 243
227, 1580, 243
227, 1590, 243
230, 1600, 244
231, 1610, 246
232, 1620, 254
233, 1630, 254
233, 1640, 256
233, 1650, 252
234, 1660, 254
235, 1670, 252
237, 1680, 257
237, 1690, 257
237, 1700, 257
237, 1710, 254
237, 1720, 257
238, 1730, 253
241, 1740, 255
241, 1750, 259
242, 1760, 262
242, 1770, 258
243, 1780, 262
245, 1790, 260
246, 1800, 266
247, 1810, 270
248, 1820, 268
248, 1830, 269
249, 1840, 269
249, 1850, 271
249, 1860, 270
249, 1870, 270
250, 1880, 267
252, 1890, 271
252, 1900, 274
253, 1910, 273
257, 1920, 278
257, 1930, 283
257, 1940, 286
258, 1950, 284
259, 1960, 282
261, 1970, 281
261, 1980, 282
261, 1990, 278
261, 2000, 278
263, 2010, 278
266, 2020, 282
268, 2030, 289
270, 2040, 291
272, 2050, 293
273, 2060, 295
273, 2070, 298
273, 2080, 295
274, 2090, 298
275, 2100, 294
276, 2110, 297
277, 2120, 297
279, 2130, 300
279, 2140, 301
279, 2150, 301
280, 2160, 297
282, 2170, 301
283, 2180, 302
285, 2190, 305
286, 2200, 306
287, 2210, 307
287, 2220, 311
289, 2230, 306
291, 2240, 313
291, 2250, 318
294, 2260, 315
295, 2270, 321
296, 2280, 322
297, 2290, 326
298, 2300, 327
300, 2310, 322
300, 2320, 329
302, 2330, 327
302, 2340, 327
303, 2350, 330
303, 2360, 328
303, 2370, 332
303, 2380, 328
303, 2390, 329
304, 2400, 329
304, 2410, 330
304, 2420, 329
304, 2430, 328
305, 2440, 327
306, 2450, 328
306, 2460, 331
306, 2470, 328
307, 2480, 327
307, 2490, 328
309, 2500, 329
311, 2510, 330
312, 2520, 333
314, 2530, 335
314, 2540, 336
314, 2550, 335
316, 2560, 335
317, 2570, 335
317, 2580, 338
317, 2590, 337
318, 2600, 337
319, 2610, 340
321, 2620, 343
321, 2630, 343
321, 2640, 342
321, 2650, 339
322, 2660, 340
323, 2670, 341
325, 2680, 342
327, 2690, 347
327, 2700, 352
327, 2710, 350
328, 2720, 352
328, 2730, 349
332, 2740, 352
333, 2750, 354
333, 2760, 357
336, 2770, 354
340, 2780, 363
340, 2790, 365
343, 2800, 366
343, 2810, 372
345, 2820, 373
346, 2830, 370
346, 2840, 371
346, 2850, 373
346, 2860, 372
347, 2870, 372
348, 2880, 369
349, 2890, 373
350, 2900, 374
352, 2910, 378
353, 2920, 379
354, 2930, 382
355, 2940, 382
358, 2950, 384
360, 2960, 388
360, 2970, 390
362, 2980, 389
362, 2990, 390
362, 3000, 394
362, 3010, 390
363, 3020, 386
363, 3030, 390
363, 3040, 390
363, 3050, 391
364, 3060, 388
364, 3070, 389
365, 3080, 388
367, 3090, 393
369, 3100, 394
369, 3110, 396
369, 3120, 396
370, 3130, 391
371, 3140, 396
371, 3150, 398
372, 3160, 400
374, 3170, 398
374, 3180, 399
376, 3190, 400
376, 3200, 403
376, 3210, 401
376, 3220, 402
379, 3230, 402
379, 3240, 404
379, 3250, 406
380, 3260, 406
380, 3270, 407
380, 3280, 407
383, 3290, 406
385, 3300, 409
385, 3310, 412
387, 3320, 411
388, 3330, 413
388, 3340, 414
388, 3350, 413
390, 3360, 412
391, 3370, 416
391, 3380, 418
392, 3390, 418
392, 3400, 418
392, 3410, 418
393, 3420, 418
394, 3430, 416
395, 3440, 417
396, 3450, 420
398, 3460, 424
399, 3470, 426
399, 3480, 428
400, 3490, 425
401, 3500, 427
401, 3510, 430
402, 3520, 428
404, 3530, 432
404, 3540, 431
405, 3550, 433
406, 3560, 432
406, 3570, 432
407, 3580, 430
408, 3590, 434
408, 3600, 434
408, 3610, 432
409, 3620, 432
409, 3630, 432
410, 3640, 433
411, 3650, 435
413, 3660, 438
414, 3670, 440
414, 3680, 445
415, 3690, 440
418, 3700, 441
419, 3710, 444
421, 3720, 446
422, 3730, 449
424, 3740, 448
425, 3750, 451
425, 3760, 451
425, 3770, 453
426, 3780, 451
426, 3790, 450
427, 3800, 452
429, 3810, 452
429, 3820, 454
432, 3830, 455
436, 3840, 459
436, 3850, 462
436, 3860, 461
436, 3870, 462
437, 3880, 460
{'count': 3880, 'truepos': 92, 'falseneg': 11, 'unknownyes': 3, 'falsepos': 345, 'unique': 3880}
36: Hall.csv: three: 0, 0
8, 10
12, 20, 121
13, 30, 133
17, 40, 131
18, 50, 143
20, 60, 139
20, 70, 136
25, 80, 108
32, 90, 118
37, 100, 107
43, 110, 109
48, 120, 112
52, 130, 108
56, 140, 111
61, 150, 108
65, 160, 114
68, 170, 115
71, 180, 108
74, 190, 116
76, 200, 109
79, 210, 106
81, 220, 108
84, 230, 103
89, 240, 98
93, 250, 107
95, 260, 109
97, 270, 114
100, 280, 114
101, 290, 118
101, 300, 118
102, 310, 115
102, 320, 116
104, 330, 115
105, 340, 121
106, 350, 119
106, 360, 125
107, 370, 125
107, 380, 124
107, 390, 127
107, 400, 123
108, 410, 121
108, 420, 125
108, 430, 123
108, 440, 123
108, 450, 120
109, 460, 120
109, 470, 126
109, 480, 125
109, 490, 122
110, 500, 122
110, 510, 128
110, 520, 121
110, 530, 121
112, 540, 119
112, 550, 124
112, 560, 122
112, 570, 121
112, 580, 121
112, 590, 122
113, 600, 121
113, 610, 122
113, 620, 122
113, 630, 121
113, 640, 121
113, 650, 122
113, 660, 124
113, 670, 125
113, 680, 122
113, 690, 122
114, 700, 120
114, 710, 121
114, 720, 123
116, 730, 124
116, 740, 126
116, 750, 128
117, 760, 123
119, 770, 125
119, 780, 129
119, 790, 128
120, 800, 129
120, 810, 130
120, 820, 129
121, 830, 128
121, 840, 129
122, 850, 129
122, 860, 130
122, 870, 131
123, 880, 130
123, 890, 132
123, 900, 130
123, 910, 131
123, 920, 130
123, 930, 130
124, 940, 130
{'count': 2052, 'truepos': 100, 'falseneg': 2, 'unknownyes': 4, 'falsepos': 24, 'unique': 940}
36: Hall.csv: machine: 0, 0
8, 10
12, 20, 123
13, 30, 149
13, 40, 138
17, 50, 123
21, 60, 122
['yes' 'yes' 'yes' 'yes' 'yes' 'no' 'yes' 'no' 'yes' 'yes']
['no' 'no']
19, 60, 122
21, 70, 119
25, 80, 126
28, 90, 121
33, 100, 132
40, 110, 112
['no' 'yes' 'yes' 'yes' 'yes' 'yes' 'yes' 'yes' 'yes' 'yes']
['no' 'no' 'yes' 'no' 'no' 'no' 'no' 'no' 'no' 'no']
42, 110, 112
47, 120, 102
52, 130, 110
58, 140, 112
62, 150, 113
64, 160, 113
['no' 'no' 'yes' 'yes' 'yes' 'yes' 'yes' 'yes' 'no' 'yes']
['no' 'no' 'no' 'no' 'no' 'no' 'no' 'no' 'no' 'no']
62, 160, 113
68, 170, 102
73, 180, 104
78, 190, 111
79, 200, 122
82, 210, 109
['yes' 'yes' 'no' 'yes' 'yes' 'yes' 'yes' 'yes' 'yes' 'no']
['no' 'no' 'no' 'yes' 'yes' 'no' 'no' 'no' 'no' 'no']
81, 210, 109
82, 220, 108
85, 230, 102
86, 240, 104
90, 250, 100
93, 260, 106
['no' 'yes' 'yes' 'yes' 'yes' 'yes' 'yes' 'no' 'yes' 'yes']
['yes' 'no' 'no' 'no' 'yes' 'no' 'yes' 'no' 'yes' 'no']
95, 260, 106
99, 270, 112
103, 280, 119
105, 290, 126
105, 300, 128
107, 310, 120
['no' 'no' 'no' 'yes' 'yes' 'yes' 'yes' 'yes' 'yes' 'yes']
['no' 'no' 'no' 'no' 'no' 'no' 'no' 'yes' 'no' 'no']
105, 310, 120
107, 320, 123
109, 330, 124
110, 340, 129
111, 350, 130
113, 360, 127
['no' 'no' 'yes' 'no' 'no' 'no' 'no' 'yes' 'yes' 'yes']
['no' 'no' 'no' 'no' 'no' 'yes' 'no' 'no' 'no' 'no']
111, 360, 127
112, 370, 127
115, 380, 127
116, 390, 134
117, 400, 134
117, 410, 133
['yes' 'no' 'no' 'yes' 'yes' 'yes' 'yes' 'no' 'yes' 'no']
['no' 'no' 'no' 'no' 'no' 'no' 'no' 'no' 'no' 'no']
112, 410, 133
112, 420, 127
113, 430, 125
113, 440, 128
115, 450, 123
115, 460, 131
['no' 'no' 'no' 'yes' 'no' 'no' 'yes' 'yes' 'yes' 'yes']
['no' 'no' 'no' 'no' 'no' 'no' 'no' 'no' 'no' 'no']
110, 460, 131
111, 470, 121
112, 480, 121
112, 490, 122
112, 500, 122
112, 510, 123
['yes' 'no' 'yes' 'yes' 'yes' 'no' 'yes' 'yes' 'no' 'no']
['no' 'no' 'no' 'yes' 'no' 'no' 'no' 'no' 'no' 'no']
108, 510, 123
108, 520, 114
108, 530, 115
109, 540, 114
109, 550, 116
110, 560, 115
['no' 'no' 'yes' 'no' 'yes' 'yes' 'yes' 'yes' 'yes' 'no']
['yes' 'no' 'no' 'no' 'no' 'no' 'no' 'no' 'no' 'no']
['no' 'no' 'no' 'yes' 'yes' 'yes' 'yes' 'yes' 'yes' 'no']
['yes' 'no' 'no' 'no' 'no' 'no' 'no' 'no' 'no' 'no']
{'count': 772, 'truepos': 97, 'falseneg': 5, 'unknownyes': 4, 'falsepos': 12, 'unique': 560}
36: Hall.csv: machine2: 0, 0
8, 10
11, 20, 122
15, 30, 127
18, 40, 136
22, 50, 139
22, 60, 142
['no' 'yes' 'yes' 'no' 'yes' 'yes' 'no' 'yes' 'yes' 'yes']
['no' 'no']
19, 60, 142
21, 70, 133
24, 80, 119
26, 90, 125
27, 100, 119
33, 110, 115
['no' 'yes' 'no' 'yes' 'no' 'yes' 'yes' 'yes' 'yes' 'yes']
['no' 'no' 'no' 'no' 'no' 'no' 'no' 'no' 'no' 'no']
30, 110, 115
37, 120, 96
42, 130, 97
48, 140, 97
53, 150, 93
56, 160, 104
['yes' 'yes' 'yes' 'yes' 'yes' 'yes' 'yes' 'no' 'yes' 'no']
['no' 'no' 'no' 'no' 'yes' 'no' 'no' 'yes' 'no' 'no']
57, 160, 104
61, 170, 95
64, 180, 92
67, 190, 87
71, 200, 92
75, 210, 98
['yes' 'yes' 'yes' 'yes' 'yes' 'yes' 'yes' 'yes' 'yes' 'yes']
['no' 'no' 'yes' 'no' 'no' 'no' 'no' 'no' 'yes' 'no']
77, 210, 98
80, 220, 102
82, 230, 107
84, 240, 109
86, 250, 106
89, 260, 110
['yes' 'no' 'yes' 'no' 'yes' 'yes' 'yes' 'no' 'yes' 'yes']
['no' 'yes' 'no' 'no' 'no' 'no' 'no' 'no' 'no' 'no']
87, 260, 110
89, 270, 107
90, 280, 104
94, 290, 102
96, 300, 107
97, 310, 109
['no' 'yes' 'no' 'yes' 'no' 'no' 'yes' 'yes' 'no' 'yes']
['no' 'no' 'no' 'no' 'no' 'no' 'yes' 'no' 'no' 'no']
93, 310, 109
94, 320, 105
95, 330, 104
98, 340, 107
99, 350, 112
100, 360, 115
['no' 'yes' 'no' 'no' 'yes' 'yes' 'yes' 'no' 'yes' 'no']
['yes' 'no' 'no' 'no' 'no' 'no' 'no' 'no' 'yes' 'no']
95, 360, 115
97, 370, 106
99, 380, 109
100, 390, 109
102, 400, 111
102, 410, 115
['no' 'no' 'yes' 'yes' 'yes' 'no' 'no' 'no' 'yes' 'yes']
['no' 'yes' 'no' 'no' 'no' 'no' 'no' 'no' 'no' 'no']
99, 410, 115
102, 420, 107
103, 430, 113
106, 440, 117
109, 450, 126
109, 460, 133
['no' 'yes' 'no' 'yes' 'yes' 'yes' 'no' 'no' 'yes' 'no']
['no' 'no' 'no' 'no' 'no' 'no' 'yes' 'no' 'no' 'no']
105, 460, 133
109, 470, 117
111, 480, 128
111, 490, 133
113, 500, 132
114, 510, 135
['no' 'no' 'no' 'no' 'no' 'no' 'yes' 'no' 'no' 'no']
['no' 'no' 'no' 'yes' 'no' 'no' 'no' 'yes' 'no' 'yes']
108, 510, 135
108, 520, 120
109, 530, 119
110, 540, 122
112, 550, 124
114, 560, 124
['no' 'no' 'no' 'no' 'no' 'no' 'no' 'no' 'no' 'no']
['no' 'no' 'no' 'no' 'no' 'no' 'no' 'no' 'no' 'no']
108, 560, 124
108, 570, 123
109, 580, 120
109, 590, 120
110, 600, 120
111, 610, 121
['no' 'no' 'no' 'no' 'yes' 'yes' 'yes' 'yes' 'no' 'no']
['no' 'no' 'no' 'no' 'no' 'no' 'no' 'no' 'no' 'no']
108, 610, 121
108, 620, 118
109, 630, 118
109, 640, 118
110, 650, 118
110, 660, 118
['no' 'no' 'no' 'yes' 'yes' 'yes' 'yes' 'yes' 'yes' 'yes']
['no' 'no' 'no' 'no' 'no' 'no' 'no' 'no' 'no' 'no']
108, 660, 118
109, 670, 116
110, 680, 118
111, 690, 119
112, 700, 124
112, 710, 125
['no' 'no' 'no' 'no' 'no' 'yes' 'yes' 'yes' 'yes' 'yes']
['no' 'no' 'no' 'no' 'no' 'no' 'no' 'no' 'no' 'no']
109, 710, 125
110, 720, 119
114, 730, 119
114, 740, 125
115, 750, 124
116, 760, 124
['no' 'no' 'no' 'no' 'no' 'no' 'no' 'no' 'yes' 'yes']
['no' 'no' 'no' 'no' 'no' 'no' 'no' 'no' 'no' 'no']
111, 760, 124
113, 770, 119
113, 780, 122
113, 790, 121
115, 800, 122
117, 810, 125
['no' 'no' 'no' 'no' 'no' 'no' 'yes' 'yes' 'yes' 'yes']
['no' 'no' 'no' 'no' 'no' 'no' 'no' 'no' 'no' 'no']
113, 810, 125
116, 820, 123
117, 830, 129
118, 840, 131
118, 850, 131
123, 860, 130
['no' 'no' 'no' 'no' 'no' 'no' 'no' 'no' 'yes' 'no']
['no' 'no' 'no' 'no' 'no' 'no' 'no' 'no' 'no' 'no']
116, 860, 130
119, 870, 129
120, 880, 133
121, 890, 133
121, 900, 135
123, 910, 135
['no' 'no' 'no' 'no' 'no' 'no' 'no' 'no' 'no' 'no']
['no' 'no' 'no' 'no' 'no' 'no' 'no' 'no' 'no' 'no']
116, 910, 135
116, 920, 130
117, 930, 129
118, 940, 129
118, 950, 130
119, 960, 130
['no' 'no' 'no' 'yes' 'yes' 'yes' 'yes' 'yes' 'yes' 'no']
['no' 'no' 'no' 'no' 'no' 'no' 'no' 'no' 'no' 'no']
119, 960, 130
119, 970, 131
120, 980, 132
123, 990, 135
123, 1000, 138
123, 1010, 137
['no' 'no' 'no' 'no' 'no' 'no' 'no' 'yes' 'yes' 'yes']
['no' 'no' 'no' 'no' 'no' 'no' 'no' 'no' 'no' 'no']
120, 1010, 137
120, 1020, 131
120, 1030, 131
120, 1040, 130
120, 1050, 132
120, 1060, 131
['no' 'yes' 'yes' 'yes' 'yes' 'yes' 'yes']
['no' 'no' 'no' 'no' 'no' 'no' 'no' 'no' 'no' 'no']
119, 1060, 131
120, 1070, 130
121, 1080, 132
121, 1090, 136
121, 1100, 135
123, 1110, 134
['no' 'no' 'no' 'no']
['no' 'no' 'no' 'no' 'no' 'no' 'no' 'no' 'no' 'no']
120, 1110, 134
122, 1120, 134
124, 1130, 135
124, 1140, 139
125, 1150, 138
127, 1160, 139
['no' 'no' 'no' 'no' 'no' 'no' 'no']
['no' 'no' 'no' 'no' 'no' 'no' 'no' 'no' 'no' 'no']
125, 1160, 139
126, 1170, 140
129, 1180, 143
130, 1190, 145
130, 1200, 150
131, 1210, 147
['no' 'no' 'no' 'no' 'no' 'no' 'no' 'no']
['no' 'no' 'no' 'no' 'no' 'no' 'no' 'no' 'no' 'no']
126, 1210, 147
127, 1220, 145
128, 1230, 145
128, 1240, 148
128, 1250, 145
129, 1260, 144
['no' 'no' 'no' 'no' 'no']
['no' 'no' 'no' 'no' 'no' 'no' 'no' 'no' 'no' 'no']
124, 1260, 144
127, 1270, 135
127, 1280, 137
128, 1290, 137
129, 1300, 140
132, 1310, 139
['no' 'no' 'no' 'no' 'no' 'no' 'no' 'no']
['no' 'no' 'no' 'no' 'no' 'no' 'no' 'no' 'no' 'no']
127, 1310, 139
127, 1320, 138
130, 1330, 136
130, 1340, 138
132, 1350, 138
133, 1360, 140
['no' 'no' 'no' 'no' 'no' 'no' 'no']
['no' 'no' 'no' 'no' 'no' 'no' 'no' 'no' 'no' 'no']
['no' 'no' 'no' 'no' 'no' 'no' 'no']
['no' 'no' 'no' 'no' 'no' 'no' 'no' 'no' 'no' 'no']
{'count': 1993, 'truepos': 96, 'falseneg': 7, 'unknownyes': 3, 'falsepos': 31, 'unique': 1360}
36: Hall.csv: machine3: 0, 0
8, 10
11, 20, 124
11, 30, 133
14, 40, 127
15, 50, 115
17, 60, 126
null
['no' 'no']
17, 60, 126
20, 70, 107
25, 80, 98
29, 90, 103
33, 100, 107
40, 110, 94
null
['no' 'no' 'no' 'no' 'no' 'no' 'no' 'no' 'no' 'no']
41, 110, 94
46, 120, 102
53, 130, 109
56, 140, 114
62, 150, 107
67, 160, 112
null
['no' 'no' 'no' 'no' 'no' 'no' 'no' 'no' 'no' 'no']
67, 160, 112
70, 170, 108
72, 180, 108
75, 190, 105
79, 200, 103
83, 210, 103
null
['no' 'no' 'no' 'no' 'no' 'no' 'no' 'no' 'no' 'no']
83, 210, 103
86, 220, 105
89, 230, 111
91, 240, 115
93, 250, 109
93, 260, 111
null
['no' 'no' 'no' 'yes' 'no' 'no' 'no' 'no' 'no' 'no']
94, 260, 111
96, 270, 110
96, 280, 114
96, 290, 110
98, 300, 109
98, 310, 110
null
['no' 'no' 'no' 'no' 'no' 'no' 'no' 'no' 'no' 'yes']
99, 310, 110
99, 320, 109
100, 330, 108
100, 340, 111
100, 350, 107
101, 360, 109
null
['no' 'no' 'no' 'no' 'no' 'no' 'no' 'no' 'no' 'no']
101, 360, 109
101, 370, 109
102, 380, 109
102, 390, 110
102, 400, 109
102, 410, 111
null
['no' 'no' 'no' 'no' 'no' 'no' 'no' 'no' 'no' 'no']
102, 410, 111
104, 420, 110
104, 430, 112
104, 440, 110
105, 450, 111
107, 460, 113
null
['no' 'no' 'no' 'no' 'no' 'no' 'no' 'no' 'no' 'no']
107, 460, 113
107, 470, 115
108, 480, 115
108, 490, 115
109, 500, 115
109, 510, 117
null
['no' 'no' 'no' 'no' 'no' 'no' 'no' 'yes' 'no' 'no']
110, 510, 117
110, 520, 116
110, 530, 118
110, 540, 116
110, 550, 116
null
['no' 'no' 'no' 'no' 'no' 'no' 'no' 'no' 'no' 'no']
{'count': 890, 'truepos': 100, 'falseneg': 2, 'unknownyes': 4, 'falsepos': 10, 'unique': 550}
36: Hall.csv: machine4: 0, 0
7, 10
10, 20, 113
11, 30, 122
15, 40, 113
18, 50, 121
21, 60, 123
24, 70, 126
25, 80, 129
26, 90, 122
31, 100, 116
38, 110, 98
43, 120, 98
48, 130, 105
53, 140, 97
57, 150, 105
60, 160, 108
64, 170, 101
68, 180, 101
70, 190, 106
71, 200, 105
76, 210, 101
77, 220, 110
81, 230, 101
81, 240, 104
85, 250, 100
88, 260, 104
90, 270, 108
91, 280, 109
92, 290, 108
92, 300, 114
93, 310, 111
93, 320, 111
94, 330, 112
95, 340, 109
98, 350, 109
100, 360, 119
100, 370, 123
100, 380, 118
100, 390, 113
100, 400, 112
100, 410, 111
101, 420, 113
101, 430, 115
102, 440, 113
103, 450, 112
104, 460, 113
105, 470, 114
105, 480, 120
105, 490, 116
106, 500, 115
106, 510, 119
106, 520, 117
106, 530, 116
106, 540, 116
107, 550, 116
108, 560, 119
108, 570, 118
108, 580, 116
109, 590, 121
109, 600, 122
109, 610, 119
109, 620, 120
110, 630, 118
110, 640, 117
111, 650, 117
111, 660, 119
111, 670, 120
112, 680, 121
112, 690, 120
112, 700, 120
112, 710, 119
113, 720, 118
113, 730, 122
113, 740, 123
113, 750, 121
113, 760, 121
113, 770, 120
113, 780, 120
113, 790, 120
114, 800, 119
114, 810, 121
114, 820, 121
{'count': 1063, 'truepos': 92, 'falseneg': 10, 'unknownyes': 4, 'falsepos': 22, 'unique': 820}
36: Wahono.csv: none: 0, 0
5, 10
6, 20, 98
7, 30, 95
10, 40, 78
11, 50, 80
17, 60, 60
20, 70, 78
22, 80, 78
26, 90, 69
28, 100, 78
30, 110, 72
30, 120, 51
31, 130, 48
32, 140, 47
34, 150, 53
39, 160, 57
42, 170, 75
44, 180, 82
48, 190, 78
50, 200, 97
52, 210, 102
53, 220, 90
56, 230, 104
58, 240, 100
59, 250, 103
60, 260, 95
61, 270, 96
63, 280, 102
63, 290, 115
64, 300, 106
67, 310, 110
67, 320, 118
70, 330, 123
71, 340, 129
72, 350, 128
73, 360, 119
73, 370, 125
75, 380, 105
76, 390, 116
77, 400, 111
79, 410, 112
80, 420, 113
80, 430, 122
81, 440, 111
81, 450, 110
82, 460, 111
83, 470, 112
87, 480, 111
89, 490, 112
89, 500, 118
89, 510, 114
89, 520, 115
90, 530, 111
92, 540, 109
94, 550, 122
94, 560, 120
96, 570, 115
99, 580, 121
102, 590, 126
105, 600, 135
108, 610, 141
110, 620, 148
111, 630, 163
111, 640, 171
111, 650, 156
111, 660, 154
112, 670, 141
112, 680, 146
113, 690, 141
116, 700, 145
118, 710, 145
118, 720, 148
120, 730, 149
122, 740, 158
127, 750, 163
128, 760, 173
128, 770, 167
128, 780, 170
131, 790, 173
132, 800, 176
132, 810, 171
133, 820, 178
133, 830, 175
134, 840, 175
135, 850, 173
135, 860, 174
135, 870, 177
136, 880, 173
137, 890, 169
137, 900, 177
141, 910, 171
142, 920, 169
144, 930, 178
144, 940, 181
144, 950, 182
145, 960, 179
146, 970, 181
148, 980, 178
148, 990, 179
149, 1000, 184
151, 1010, 179
152, 1020, 185
152, 1030, 189
154, 1040, 192
155, 1050, 192
156, 1060, 190
158, 1070, 189
159, 1080, 195
160, 1090, 188
162, 1100, 194
164, 1110, 197
165, 1120, 198
165, 1130, 204
165, 1140, 199
167, 1150, 200
168, 1160, 199
168, 1170, 200
169, 1180, 206
169, 1190, 205
170, 1200, 203
170, 1210, 207
170, 1220, 208
171, 1230, 206
173, 1240, 202
173, 1250, 212
175, 1260, 207
175, 1270, 214
176, 1280, 211
177, 1290, 210
180, 1300, 216
182, 1310, 214
183, 1320, 224
183, 1330, 230
185, 1340, 229
187, 1350, 225
190, 1360, 232
191, 1370, 237
192, 1380, 240
193, 1390, 239
194, 1400, 236
194, 1410, 245
195, 1420, 239
197, 1430, 239
198, 1440, 244
200, 1450, 242
201, 1460, 243
203, 1470, 246
203, 1480, 251
203, 1490, 246
204, 1500, 244
206, 1510, 250
207, 1520, 253
209, 1530, 256
210, 1540, 250
211, 1550, 261
211, 1560, 255
212, 1570, 252
214, 1580, 254
214, 1590, 260
215, 1600, 260
215, 1610, 261
216, 1620, 258
216, 1630, 259
217, 1640, 255
217, 1650, 261
218, 1660, 254
218, 1670, 263
218, 1680, 258
218, 1690, 257
218, 1700, 256
220, 1710, 259
221, 1720, 260
222, 1730, 256
223, 1740, 261
223, 1750, 262
225, 1760, 264
226, 1770, 268
227, 1780, 268
227, 1790, 260
228, 1800, 269
229, 1810, 263
230, 1820, 267
230, 1830, 266
230, 1840, 267
230, 1850, 269
231, 1860, 270
232, 1870, 271
235, 1880, 270
238, 1890, 276
238, 1900, 278
238, 1910, 279
238, 1920, 280
240, 1930, 279
240, 1940, 284
241, 1950, 280
242, 1960, 283
242, 1970, 286
243, 1980, 281
245, 1990, 286
245, 2000, 291
245, 2010, 292
247, 2020, 289
248, 2030, 288
250, 2040, 289
250, 2050, 290
251, 2060, 294
253, 2070, 294
253, 2080, 294
254, 2090, 295
256, 2100, 294
256, 2110, 296
257, 2120, 297
259, 2130, 298
259, 2140, 303
261, 2150, 299
262, 2160, 303
262, 2170, 300
263, 2180, 301
264, 2190, 299
265, 2200, 297
266, 2210, 299
268, 2220, 300
269, 2230, 304
270, 2240, 308
272, 2250, 307
274, 2260, 310
275, 2270, 308
276, 2280, 309
278, 2290, 309
278, 2300, 311
279, 2310, 311
279, 2320, 315
279, 2330, 311
280, 2340, 314
281, 2350, 312
281, 2360, 313
283, 2370, 312
285, 2380, 316
286, 2390, 318
289, 2400, 317
289, 2410, 318
289, 2420, 318
289, 2430, 318
289, 2440, 316
292, 2450, 316
292, 2460, 325
292, 2470, 323
292, 2480, 324
294, 2490, 322
296, 2500, 326
299, 2510, 329
300, 2520, 335
302, 2530, 332
302, 2540, 336
305, 2550, 333
306, 2560, 336
306, 2570, 338
306, 2580, 340
307, 2590, 336
309, 2600, 340
309, 2610, 344
309, 2620, 342
310, 2630, 339
310, 2640, 341
311, 2650, 342
312, 2660, 342
313, 2670, 346
313, 2680, 347
314, 2690, 347
315, 2700, 345
315, 2710, 344
317, 2720, 347
317, 2730, 347
318, 2740, 347
318, 2750, 346
319, 2760, 346
319, 2770, 348
322, 2780, 344
323, 2790, 348
323, 2800, 350
325, 2810, 348
326, 2820, 352
326, 2830, 352
326, 2840, 353
326, 2850, 355
327, 2860, 351
327, 2870, 355
327, 2880, 353
330, 2890, 354
332, 2900, 355
334, 2910, 357
338, 2920, 358
339, 2930, 366
339, 2940, 368
339, 2950, 365
341, 2960, 363
344, 2970, 365
344, 2980, 367
344, 2990, 366
344, 3000, 367
346, 3010, 364
347, 3020, 370
349, 3030, 368
349, 3040, 370
349, 3050, 371
350, 3060, 370
351, 3070, 372
355, 3080, 374
358, 3090, 378
362, 3100, 384
363, 3110, 388
364, 3120, 389
365, 3130, 391
368, 3140, 390
368, 3150, 389
369, 3160, 393
370, 3170, 394
370, 3180, 395
371, 3190, 394
371, 3200, 395
373, 3210, 396
373, 3220, 400
373, 3230, 396
374, 3240, 396
374, 3250, 396
376, 3260, 398
376, 3270, 401
377, 3280, 400
378, 3290, 399
379, 3300, 400
380, 3310, 402
382, 3320, 404
382, 3330, 404
385, 3340, 403
388, 3350, 406
{'count': 3350, 'truepos': 54, 'falseneg': 7, 'unknownyes': 1, 'falsepos': 334, 'unique': 3350}
36: Wahono.csv: three: 0, 0
6, 10
6, 20, 101
6, 30, 96
13, 40, 69
14, 50, 100
16, 60, 73
16, 70, 68
19, 80, 51
20, 90, 55
23, 100, 50
24, 110, 55
25, 120, 55
27, 130, 52
29, 140, 54
33, 150, 53
35, 160, 57
35, 170, 57
39, 180, 62
40, 190, 73
43, 200, 69
44, 210, 71
45, 220, 74
46, 230, 72
47, 240, 68
49, 250, 67
50, 260, 71
51, 270, 74
51, 280, 83
51, 290, 80
51, 300, 84
51, 310, 74
52, 320, 81
53, 330, 75
54, 340, 75
54, 350, 84
56, 360, 79
57, 370, 83
58, 380, 86
58, 390, 92
59, 400, 93
59, 410, 99
60, 420, 92
60, 430, 91
60, 440, 95
60, 450, 88
61, 460, 87
62, 470, 95
62, 480, 90
62, 490, 88
62, 500, 91
63, 510, 84
63, 520, 89
63, 530, 82
65, 540, 83
66, 550, 93
66, 560, 92
67, 570, 85
67, 580, 89
68, 590, 93
68, 600, 93
68, 610, 90
69, 620, 83
69, 630, 89
71, 640, 91
71, 650, 94
71, 660, 97
72, 670, 91
72, 680, 97
72, 690, 89
72, 700, 91
73, 710, 92
74, 720, 95
74, 730, 92
75, 740, 91
75, 750, 93
76, 760, 91
77, 770, 90
78, 780, 92
78, 790, 95
78, 800, 90
78, 810, 93
78, 820, 93
79, 830, 92
79, 840, 94
79, 850, 92
79, 860, 90
79, 870, 94
79, 880, 95
79, 890, 93
79, 900, 92
80, 910, 89
80, 920, 91
81, 930, 98
81, 940, 94
82, 950, 94
83, 960, 95
84, 970, 99
85, 980, 98
85, 990, 97
85, 1000, 97
86, 1010, 98
86, 1020, 97
86, 1030, 98
86, 1040, 98
87, 1050, 98
87, 1060, 97
87, 1070, 97
87, 1080, 98
87, 1090, 97
87, 1100, 97
87, 1110, 97
87, 1120, 97
88, 1130, 96
89, 1140, 99
91, 1150, 97
92, 1160, 100
93, 1170, 102
93, 1180, 102
94, 1190, 105
95, 1200, 106
95, 1210, 106
96, 1220, 105
96, 1230, 106
96, 1240, 107
96, 1250, 106
96, 1260, 106
96, 1270, 105
96, 1280, 106
96, 1290, 106
96, 1300, 104
97, 1310, 105
98, 1320, 107
98, 1330, 109
98, 1340, 111
98, 1350, 109
98, 1360, 108
99, 1370, 107
99, 1380, 110
101, 1390, 109
101, 1400, 113
101, 1410, 114
101, 1420, 114
102, 1430, 112
102, 1440, 115
102, 1450, 114
102, 1460, 113
102, 1470, 113
103, 1480, 113
104, 1490, 116
104, 1500, 115
105, 1510, 113
106, 1520, 116
106, 1530, 118
106, 1540, 118
107, 1550, 117
107, 1560, 120
107, 1570, 118
107, 1580, 117
107, 1590, 118
108, 1600, 116
108, 1610, 117
108, 1620, 117
109, 1630, 119
109, 1640, 120
109, 1650, 119
110, 1660, 118
110, 1670, 120
110, 1680, 120
111, 1690, 119
111, 1700, 119
111, 1710, 119
111, 1720, 119
111, 1730, 119
111, 1740, 120
111, 1750, 119
111, 1760, 119
111, 1770, 117
111, 1780, 117
111, 1790, 117
111, 1800, 117
111, 1810, 118
111, 1820, 119
111, 1830, 120
111, 1840, 119
111, 1850, 117
111, 1860, 117
{'count': 4067, 'truepos': 59, 'falseneg': 2, 'unknownyes': 1, 'falsepos': 52, 'unique': 1860}
36: Wahono.csv: machine: 0, 0
6, 10
6, 20, 100
8, 30, 94
13, 40, 97
15, 50, 94
17, 60, 91
['yes' 'yes' 'yes' 'yes' 'no' 'yes' 'yes' 'yes' 'yes' 'yes']
[]
15, 60, 91
17, 70, 79
18, 80, 74
22, 90, 66
22, 100, 77
24, 110, 63
['yes' 'yes' 'yes' 'yes' 'yes' 'yes' 'yes' 'yes' 'no' 'no']
[]
21, 110, 63
21, 120, 54
22, 130, 49
23, 140, 51
27, 150, 52
29, 160, 64
['yes' 'yes' 'no' 'no' 'no' 'no' 'yes' 'yes' 'yes' 'yes']
[]
26, 160, 64
28, 170, 59
29, 180, 61
33, 190, 57
37, 200, 63
37, 210, 74
['no' 'no' 'no' 'yes' 'yes' 'yes' 'yes' 'no' 'no' 'yes']
['no' 'no' 'no' 'no' 'no' 'no' 'no' 'no' 'no' 'no']
32, 210, 74
34, 220, 55
36, 230, 56
37, 240, 60
38, 250, 63
40, 260, 63
['no' 'no' 'yes' 'yes' 'yes' 'no' 'yes' 'no' 'yes' 'yes']
['yes' 'no' 'no' 'no' 'no' 'no' 'no' 'no' 'yes' 'no']
36, 260, 63
37, 270, 54
37, 280, 55
39, 290, 54
39, 300, 58
40, 310, 55
['no' 'no' 'no' 'yes' 'no' 'yes' 'no']
['no' 'no' 'no' 'yes' 'no' 'no' 'no' 'no' 'no' 'no']
38, 310, 55
40, 320, 57
43, 330, 59
43, 340, 71
43, 350, 60
45, 360, 66
['no' 'yes' 'yes' 'no' 'no' 'no' 'no' 'no' 'yes']
['no' 'no' 'no' 'no' 'no' 'no' 'no' 'no' 'no' 'no']
42, 360, 66
45, 370, 60
47, 380, 66
48, 390, 65
49, 400, 67
50, 410, 69
['no' 'no' 'no' 'no' 'no' 'no' 'no' 'no' 'no' 'no']
['no' 'no' 'no' 'no' 'no' 'no' 'no' 'no' 'no' 'no']
41, 410, 69
43, 420, 57
45, 430, 61
45, 440, 60
45, 450, 63
47, 460, 60
['no' 'no' 'no' 'no' 'no' 'no' 'yes']
['no' 'no' 'no' 'no' 'no' 'no' 'no' 'no' 'yes' 'no']
42, 460, 60
44, 470, 53
46, 480, 53
46, 490, 58
49, 500, 58
50, 510, 60
['no' 'no' 'no' 'yes' 'no' 'no' 'yes' 'no' 'no']
['no' 'no' 'no' 'no' 'no' 'yes' 'no' 'no' 'no' 'no']
46, 510, 60
47, 520, 56
47, 530, 55
49, 540, 56
50, 550, 60
50, 560, 61
['no' 'yes' 'no' 'no' 'yes' 'no']
['no' 'no' 'no' 'yes' 'no' 'no' 'no' 'yes' 'no' 'no']
50, 560, 61
54, 570, 58
54, 580, 65
56, 590, 62
58, 600, 66
58, 610, 69
['no' 'no' 'no' 'no' 'no' 'yes' 'no' 'no' 'no' 'yes']
['no' 'no' 'no' 'yes' 'no' 'no' 'no' 'no' 'no' 'no']
53, 610, 69
53, 620, 61
54, 630, 62
56, 640, 62
57, 650, 65
58, 660, 66
['no' 'no' 'no' 'no' 'yes' 'yes']
['no' 'no' 'no' 'no' 'no' 'no' 'no' 'no' 'no' 'no']
56, 660, 66
58, 670, 65
59, 680, 67
60, 690, 69
60, 700, 72
62, 710, 70
['yes' 'no' 'no' 'no' 'no' 'no']
['no' 'no' 'no' 'yes' 'no' 'no' 'no' 'no' 'no' 'no']
59, 710, 70
60, 720, 67
62, 730, 68
62, 740, 73
63, 750, 71
64, 760, 73
['no' 'no' 'yes' 'no' 'yes' 'yes' 'no']
['no' 'no' 'no' 'no' 'no' 'no' 'no' 'no' 'no' 'no']
61, 760, 73
63, 770, 70
66, 780, 73
67, 790, 78
67, 800, 78
68, 810, 78
['no' 'no' 'no' 'no' 'no' 'no' 'yes' 'no']
['no' 'no' 'no' 'no' 'no' 'no' 'no' 'no' 'no' 'no']
64, 810, 78
66, 820, 76
67, 830, 81
69, 840, 80
70, 850, 83
70, 860, 85
['no' 'no' 'no' 'no' 'no' 'no' 'no']
['no' 'no' 'no' 'no' 'no' 'no' 'no' 'no' 'no' 'yes']
65, 860, 85
65, 870, 76
67, 880, 75
68, 890, 79
70, 900, 80
73, 910, 82
['no' 'no' 'no' 'yes' 'no' 'no' 'no' 'no']
['no' 'no' 'no' 'no' 'no' 'no' 'no' 'no' 'no' 'no']
68, 910, 82
69, 920, 77
71, 930, 78
72, 940, 84
73, 950, 83
75, 960, 85
['yes' 'no' 'no' 'no' 'no' 'no' 'no' 'no' 'no']
['no' 'no' 'no' 'no' 'no' 'no' 'no' 'no' 'no' 'no']
68, 960, 85
69, 970, 77
70, 980, 79
70, 990, 79
71, 1000, 79
72, 1010, 80
['no' 'no' 'yes' 'yes' 'no']
['no' 'no' 'no' 'no' 'no' 'no' 'no' 'no' 'no' 'no']
69, 1010, 80
73, 1020, 79
74, 1030, 88
74, 1040, 86
74, 1050, 85
74, 1060, 86
['no' 'no' 'no' 'no' 'no']
['no' 'no' 'no' 'no' 'no' 'no' 'no' 'no' 'no' 'no']
70, 1060, 86
73, 1070, 79
73, 1080, 84
74, 1090, 85
76, 1100, 85
77, 1110, 87
['no' 'no' 'no' 'no' 'no' 'no' 'no' 'no']
['no' 'no' 'no' 'no' 'no' 'no' 'no' 'no' 'no' 'no']
72, 1110, 87
72, 1120, 81
72, 1130, 81
73, 1140, 81
73, 1150, 82
74, 1160, 83
['no' 'no' 'no' 'no']
['no' 'no' 'no' 'no' 'no' 'no' 'no' 'no' 'no' 'no']
71, 1160, 83
73, 1170, 80
74, 1180, 83
74, 1190, 82
74, 1200, 84
75, 1210, 83
['no' 'no' 'no' 'no' 'no']
['no' 'no' 'no' 'no' 'no' 'no' 'no' 'no' 'no' 'no']
72, 1210, 83
73, 1220, 79
73, 1230, 81
74, 1240, 80
75, 1250, 82
76, 1260, 83
['no' 'no' 'no' 'no' 'no' 'no']
['no' 'no' 'no' 'no' 'no' 'no' 'no' 'no' 'no' 'no']
72, 1260, 83
73, 1270, 79
73, 1280, 81
73, 1290, 81
73, 1300, 80
74, 1310, 80
['no' 'no']
['no' 'no' 'no' 'no' 'no' 'no' 'no' 'no' 'no' 'no']
73, 1310, 80
74, 1320, 80
75, 1330, 81
76, 1340, 82
76, 1350, 83
76, 1360, 83
['no' 'no' 'no' 'no']
['no' 'no' 'no' 'no' 'no' 'no' 'no' 'no' 'no' 'no']
73, 1360, 83
74, 1370, 80
75, 1380, 80
76, 1390, 81
79, 1400, 82
80, 1410, 89
['no' 'no' 'no' 'no' 'no' 'no' 'no']
['no' 'no' 'no' 'no' 'no' 'no' 'no' 'no' 'no' 'no']
74, 1410, 89
74, 1420, 81
74, 1430, 80
74, 1440, 81
74, 1450, 80
75, 1460, 80
['no']
['no' 'no' 'no' 'no' 'no' 'no' 'no' 'no' 'no' 'no']
75, 1460, 80
75, 1470, 82
79, 1480, 82
79, 1490, 87
80, 1500, 87
81, 1510, 89
['no' 'no' 'no' 'no' 'no' 'no' 'no']
['no' 'no' 'no' 'no' 'no' 'no' 'no' 'no' 'no' 'no']
77, 1510, 89
78, 1520, 83
78, 1530, 85
79, 1540, 84
80, 1550, 86
82, 1560, 86
['no' 'no' 'no' 'no' 'no' 'no' 'no']
['no' 'no' 'no' 'no' 'no' 'no' 'no' 'no' 'no' 'no']
['no' 'no' 'no' 'no' 'no' 'no' 'no']
['no' 'no' 'no' 'no' 'no' 'no' 'no' 'no' 'no' 'no']
{'count': 2060, 'truepos': 56, 'falseneg': 3, 'unknownyes': 3, 'falsepos': 22, 'unique': 1560}
36: Wahono.csv: machine2: 0, 0
6, 10
8, 20, 102
10, 30, 94
15, 40, 99
16, 50, 112
18, 60, 115
['yes' 'yes' 'no' 'yes' 'yes' 'yes' 'yes' 'yes' 'yes' 'yes']
[]
17, 60, 115
19, 70, 109
20, 80, 104
23, 90, 92
26, 100, 99
29, 110, 99
['yes' 'no' 'yes' 'yes' 'yes' 'no' 'no' 'no' 'no' 'no']
['no']
24, 110, 99
27, 120, 85
29, 130, 84
33, 140, 82
35, 150, 75
37, 160, 69
['no' 'yes' 'yes' 'no' 'no' 'yes' 'no' 'no' 'yes' 'yes']
['no' 'no' 'no' 'no' 'no' 'no' 'no' 'no' 'no' 'no']
36, 160, 69
39, 170, 65
43, 180, 63
46, 190, 64
49, 200, 69
51, 210, 74
['no' 'yes' 'yes' 'yes' 'no' 'yes' 'no' 'no' 'yes' 'yes']
['no' 'no' 'no' 'no' 'no' 'no' 'no' 'no' 'no' 'no']
51, 210, 74
54, 220, 74
57, 230, 77
60, 240, 84
62, 250, 87
63, 260, 89
['yes' 'no' 'yes' 'yes' 'yes' 'no' 'yes' 'no' 'yes' 'yes']
['no' 'no' 'no' 'no' 'no' 'no' 'no' 'no' 'no' 'no']
63, 260, 89
65, 270, 89
67, 280, 88
67, 290, 91
68, 300, 88
68, 310, 89
['no' 'no' 'no' 'yes' 'yes' 'yes' 'no' 'no' 'yes' 'no']
['no' 'no' 'no' 'no' 'no' 'no' 'no' 'no' 'no' 'no']
62, 310, 89
65, 320, 81
66, 330, 91
68, 340, 93
68, 350, 91
69, 360, 84
['no' 'no' 'yes' 'no' 'no' 'no' 'no' 'no' 'no' 'yes']
['no' 'no' 'no' 'no' 'no' 'no' 'no' 'no' 'no' 'no']
63, 360, 84
64, 370, 74
66, 380, 78
68, 390, 79
71, 400, 82
71, 410, 89
['yes' 'yes' 'no' 'yes' 'no' 'yes' 'no' 'no' 'no' 'no']
['no' 'no' 'no' 'no' 'no' 'no' 'no' 'no' 'no' 'no']
67, 410, 89
68, 420, 80
68, 430, 78
68, 440, 78
70, 450, 78
72, 460, 82
['no' 'no' 'no' 'yes' 'no' 'no' 'yes' 'no' 'no' 'yes']
['no' 'no' 'no' 'no' 'no' 'no' 'no' 'no' 'no' 'no']
66, 460, 82
68, 470, 76
68, 480, 79
68, 490, 75
70, 500, 77
70, 510, 78
['no' 'no' 'no' 'no' 'no' 'yes' 'no' 'yes' 'yes' 'yes']
['no' 'no' 'no' 'no' 'no' 'no' 'no' 'no' 'no' 'no']
64, 510, 78
66, 520, 73
67, 530, 77
69, 540, 77
69, 550, 77
69, 560, 78
['no' 'no' 'no' 'no' 'no' 'yes' 'no' 'yes' 'yes' 'no']
['no' 'no' 'no' 'no' 'no' 'no' 'no' 'no' 'no' 'no']
65, 560, 78
66, 570, 75
67, 580, 77
71, 590, 76
74, 600, 83
75, 610, 85
['yes' 'yes' 'no' 'no' 'yes' 'no' 'yes' 'no' 'no' 'no']
['no' 'no' 'no' 'no' 'no' 'no' 'no' 'no' 'no' 'no']
72, 610, 85
73, 620, 85
74, 630, 85
76, 640, 87
77, 650, 89
79, 660, 94
['no' 'no' 'no' 'no' 'no' 'no' 'no' 'no' 'no' 'no']
['no' 'no' 'no' 'no' 'no' 'no' 'no' 'no' 'no' 'no']
72, 660, 94
74, 670, 84
75, 680, 89
76, 690, 93
77, 700, 94
77, 710, 93
['no' 'no' 'no' 'no' 'no' 'no' 'no']
['no' 'no' 'no' 'no' 'no' 'no' 'no' 'no' 'no' 'no']
72, 710, 93
73, 720, 83
73, 730, 87
75, 740, 85
77, 750, 86
77, 760, 88
['no' 'no' 'no' 'no' 'no' 'no' 'no']
['no' 'no' 'no' 'no' 'no' 'no' 'no' 'no' 'no' 'no']
72, 760, 88
72, 770, 83
73, 780, 82
74, 790, 85
75, 800, 88
76, 810, 86
['no' 'no' 'no' 'no']
['no' 'no' 'no' 'no' 'no' 'no' 'no' 'no' 'no' 'no']
72, 810, 86
73, 820, 82
75, 830, 85
75, 840, 86
76, 850, 88
76, 860, 86
['no' 'no' 'no' 'no']
['no' 'no' 'no' 'no' 'no' 'no' 'no' 'no' 'no' 'no']
75, 860, 86
76, 870, 88
76, 880, 89
77, 890, 88
77, 900, 89
78, 910, 89
['no' 'no' 'no' 'no']
['no' 'no' 'no' 'no' 'no' 'no' 'no' 'no' 'no' 'no']
77, 910, 89
78, 920, 87
80, 930, 86
80, 940, 90
80, 950, 90
80, 960, 90
['no' 'no' 'no' 'no' 'no' 'no']
['no' 'no' 'no' 'no' 'no' 'no' 'no' 'no' 'no' 'no']
75, 960, 90
77, 970, 83
78, 980, 87
79, 990, 89
81, 1000, 89
83, 1010, 95
['no' 'no' 'no' 'no' 'no' 'no' 'no' 'no']
['no' 'no' 'no' 'no' 'no' 'no' 'no' 'no' 'no' 'no']
76, 1010, 95
77, 1020, 83
78, 1030, 85
79, 1040, 85
79, 1050, 89
80, 1060, 87
['no' 'no' 'no' 'no']
['no' 'no' 'no' 'no' 'no' 'no' 'no' 'no' 'no' 'no']
78, 1060, 87
79, 1070, 87
81, 1080, 87
82, 1090, 91
84, 1100, 92
84, 1110, 93
['yes' 'no' 'no' 'no' 'no' 'no' 'no' 'no']
['no' 'no' 'no' 'no' 'no' 'no' 'no' 'no' 'no' 'no']
80, 1110, 93
82, 1120, 87
84, 1130, 90
86, 1140, 94
86, 1150, 97
86, 1160, 99
['no' 'no' 'no' 'no' 'no' 'no' 'no' 'no']
['no' 'no' 'no' 'no' 'no' 'no' 'no' 'no' 'no' 'no']
80, 1160, 99
82, 1170, 88
82, 1180, 92
83, 1190, 90
84, 1200, 92
86, 1210, 92
['no' 'no' 'yes' 'no' 'no' 'no' 'no' 'no']
['no' 'no' 'no' 'no' 'no' 'no' 'no' 'no' 'no' 'no']
81, 1210, 92
82, 1220, 89
84, 1230, 90
85, 1240, 92
86, 1250, 95
86, 1260, 94
['no' 'no' 'no' 'no' 'no']
['no' 'no' 'no' 'no' 'no' 'no' 'no' 'no' 'no' 'no']
82, 1260, 94
82, 1270, 89
85, 1280, 89
85, 1290, 93
85, 1300, 92
87, 1310, 93
['no' 'no' 'no' 'no' 'no' 'no']
['yes' 'no' 'no' 'no' 'no' 'no' 'no' 'no' 'no' 'no']
83, 1310, 93
84, 1320, 91
87, 1330, 92
87, 1340, 96
87, 1350, 97
88, 1360, 95
['no' 'no' 'no' 'no' 'no' 'no' 'yes']
['no' 'no' 'no' 'no' 'no' 'no' 'no' 'no' 'no' 'no']
83, 1360, 95
83, 1370, 91
84, 1380, 89
84, 1390, 91
84, 1400, 92
84, 1410, 91
['no']
['no' 'no' 'no' 'no' 'no' 'no' 'no' 'no' 'no' 'no']
85, 1410, 91
85, 1420, 92
86, 1430, 91
88, 1440, 92
88, 1450, 96
90, 1460, 96
['no' 'no' 'no' 'no' 'no' 'no' 'no']
['no' 'no' 'no' 'no' 'no' 'no' 'no' 'no' 'no' 'no']
84, 1460, 96
84, 1470, 91
85, 1480, 90
85, 1490, 92
86, 1500, 93
86, 1510, 94
['no' 'no' 'no']
['no' 'no' 'no' 'no' 'no' 'no' 'no' 'no' 'no' 'no']
84, 1510, 94
85, 1520, 89
85, 1530, 92
85, 1540, 91
85, 1550, 91
87, 1560, 91
['no' 'no' 'no']
['no' 'no' 'no' 'no' 'no' 'no' 'no' 'no' 'no' 'no']
['no' 'no' 'no']
['no' 'no' 'no' 'no' 'no' 'no' 'no' 'no' 'no' 'no']
{'count': 2219, 'truepos': 58, 'falseneg': 2, 'unknownyes': 2, 'falsepos': 26, 'unique': 1560}
36: Wahono.csv: machine3: 0, 0
5, 10
9, 20, 105
11, 30, 114
12, 40, 118
14, 50, 108
15, 60, 102
null
[]
16, 70, 97
16, 80, 82
19, 90, 66
19, 100, 67
20, 110, 57
22, 120, 50
null
[]
23, 130, 51
24, 140, 50
27, 150, 51
30, 160, 57
31, 170, 55
32, 180, 58
null
['no' 'no' 'no' 'no' 'no' 'no' 'no' 'no' 'no' 'no']
33, 180, 58
35, 190, 61
35, 200, 58
35, 210, 58
35, 220, 56
35, 230, 53
null
['no' 'no' 'no' 'no' 'no' 'no' 'no' 'no' 'no' 'no']
35, 230, 53
35, 240, 51
37, 250, 51
41, 260, 52
42, 270, 57
42, 280, 61
null
['no' 'no' 'no' 'no' 'no' 'no' 'no' 'no' 'no' 'no']
42, 280, 61
43, 290, 57
44, 300, 59
46, 310, 63
46, 320, 69
48, 330, 62
null
['no' 'no' 'no' 'no' 'no' 'yes' 'no' 'yes' 'no' 'yes']
50, 330, 62
50, 340, 66
50, 350, 68
50, 360, 69
51, 370, 62
51, 380, 68
null
['no' 'no' 'no' 'no' 'no' 'no' 'no' 'no' 'no' 'no']
51, 380, 68
51, 390, 65
52, 400, 64
52, 410, 68
52, 420, 70
52, 430, 69
null
['no' 'no' 'no' 'no' 'no' 'no' 'no' 'no' 'no' 'no']
52, 430, 69
53, 440, 67
53, 450, 68
54, 460, 65
54, 470, 66
55, 480, 66
null
['yes' 'no' 'no' 'no' 'no' 'no' 'no' 'no' 'no' 'no']
57, 480, 66
58, 490, 70
58, 500, 68
58, 510, 70
59, 520, 66
60, 530, 70
null
['no' 'no' 'no' 'no' 'no' 'no' 'no' 'no' 'no' 'no']
60, 530, 70
61, 540, 68
61, 550, 71
64, 560, 70
64, 570, 75
64, 580, 74
null
['no' 'no' 'no' 'no' 'no' 'no' 'no' 'no' 'no' 'no']
65, 580, 74
65, 590, 78
65, 600, 76
66, 610, 83
66, 620, 75
66, 630, 78
null
['no' 'no' 'no' 'no' 'no' 'yes' 'no' 'no' 'no' 'no']
67, 630, 78
67, 640, 80
68, 650, 78
68, 660, 77
68, 670, 79
68, 680, 77
null
['no' 'no' 'no' 'no' 'no' 'no' 'no' 'no' 'no' 'no']
68, 680, 77
70, 690, 76
70, 700, 81
70, 710, 78
70, 720, 79
71, 730, 78
null
['yes' 'no' 'no' 'yes' 'no' 'no' 'no' 'no' 'no' 'no']
71, 730, 78
71, 740, 82
73, 750, 79
74, 760, 82
74, 770, 85
74, 780, 82
null
['no' 'no' 'no' 'no' 'no' 'no' 'no' 'no' 'no' 'no']
75, 780, 82
76, 790, 85
76, 800, 82
77, 810, 84
77, 820, 87
77, 830, 86
null
['no' 'no' 'no' 'no' 'no' 'no' 'no' 'no' 'no' 'no']
77, 830, 86
77, 840, 84
77, 850, 84
77, 860, 85
77, 870, 83
77, 880, 83
null
['no' 'no' 'no' 'no' 'no' 'no' 'no' 'no' 'no' 'no']
77, 880, 83
77, 890, 84
77, 900, 83
77, 910, 83
77, 920, 84
77, 930, 83
null
['no' 'no' 'no' 'no' 'no' 'no' 'no' 'no' 'no' 'no']
78, 930, 83
78, 940, 85
78, 950, 86
78, 960, 86
78, 970, 86
78, 980, 86
null
['no' 'no' 'no' 'no' 'no' 'no' 'no' 'no' 'no' 'no']
78, 980, 86
78, 990, 85
79, 1000, 84
80, 1010, 84
80, 1020, 85
80, 1030, 86
null
['no' 'no' 'no' 'no' 'no' 'no' 'no' 'no' 'no' 'no']
80, 1030, 86
81, 1040, 86
81, 1050, 87
81, 1060, 86
81, 1070, 86
81, 1080, 86
null
['no' 'no' 'no' 'no' 'no' 'no' 'no' 'no' 'no' 'no']
81, 1080, 86
81, 1090, 87
81, 1100, 86
null
['no' 'no' 'no' 'no' 'no' 'no' 'no' 'no' 'no' 'no']
{'count': 1593, 'truepos': 55, 'falseneg': 4, 'unknownyes': 3, 'falsepos': 26, 'unique': 1100}
36: Wahono.csv: machine4: 0, 0
5, 10
6, 20, 105
7, 30, 93
11, 40, 93
12, 50, 98
14, 60, 75
17, 70, 55
19, 80, 58
21, 90, 52
24, 100, 57
25, 110, 65
26, 120, 57
28, 130, 54
30, 140, 53
30, 150, 57
32, 160, 56
32, 170, 59
33, 180, 53
33, 190, 56
35, 200, 57
35, 210, 58
36, 220, 54
36, 230, 54
36, 240, 51
37, 250, 52
37, 260, 55
37, 270, 55
38, 280, 57
39, 290, 54
39, 300, 61
39, 310, 57
40, 320, 59
40, 330, 61
40, 340, 61
40, 350, 55
40, 360, 58
41, 370, 52
41, 380, 54
41, 390, 52
41, 400, 54
41, 410, 55
41, 420, 56
41, 430, 55
41, 440, 52
41, 450, 53
41, 460, 51
42, 470, 50
42, 480, 52
43, 490, 55
43, 500, 51
43, 510, 57
43, 520, 56
43, 530, 53
45, 540, 52
45, 550, 55
45, 560, 58
45, 570, 58
45, 580, 57
45, 590, 57
45, 600, 57
45, 610, 60
45, 620, 58
45, 630, 54
45, 640, 56
45, 650, 53
46, 660, 55
46, 670, 56
46, 680, 58
46, 690, 54
48, 700, 52
48, 710, 56
48, 720, 55
49, 730, 56
49, 740, 57
49, 750, 56
49, 760, 58
49, 770, 57
49, 780, 56
49, 790, 58
50, 800, 54
52, 810, 56
52, 820, 59
52, 830, 59
53, 840, 59
53, 850, 59
54, 860, 60
54, 870, 64
54, 880, 62
55, 890, 62
55, 900, 63
55, 910, 63
56, 920, 62
57, 930, 63
57, 940, 65
59, 950, 65
60, 960, 68
60, 970, 70
60, 980, 68
60, 990, 70
62, 1000, 68
63, 1010, 71
63, 1020, 72
63, 1030, 73
63, 1040, 73
63, 1050, 71
63, 1060, 71
63, 1070, 72
63, 1080, 70
63, 1090, 71
63, 1100, 70
63, 1110, 68
64, 1120, 71
64, 1130, 71
64, 1140, 71
64, 1150, 71
64, 1160, 71
64, 1170, 70
64, 1180, 71
64, 1190, 71
64, 1200, 70
64, 1210, 70
64, 1220, 70
65, 1230, 70
65, 1240, 71
65, 1250, 71
66, 1260, 72
66, 1270, 71
66, 1280, 72
66, 1290, 73
67, 1300, 71
67, 1310, 72
67, 1320, 72
67, 1330, 72
67, 1340, 72
67, 1350, 72
68, 1360, 72
68, 1370, 73
68, 1380, 73
68, 1390, 73
69, 1400, 73
69, 1410, 74
71, 1420, 74
71, 1430, 78
71, 1440, 78
71, 1450, 77
71, 1460, 77
71, 1470, 76
71, 1480, 77
71, 1490, 77
71, 1500, 76
71, 1510, 76
71, 1520, 76
71, 1530, 76
71, 1540, 76
72, 1550, 76
72, 1560, 77
72, 1570, 76
72, 1580, 76
72, 1590, 77
72, 1600, 76
72, 1610, 76
73, 1620, 77
74, 1630, 77
75, 1640, 80
75, 1650, 80
75, 1660, 79
75, 1670, 80
75, 1680, 79
76, 1690, 79
78, 1700, 81
{'count': 2089, 'truepos': 50, 'falseneg': 9, 'unknownyes': 3, 'falsepos': 28, 'unique': 1700}
36: Danijel.csv: none: 0, 0
5, 10
8, 20, 133
10, 30, 130
10, 40, 131
15, 50, 117
15, 60, 114
17, 70, 111
17, 80, 105
19, 90, 88
19, 100, 87
21, 110, 78
21, 120, 78
24, 130, 70
26, 140, 73
27, 150, 71
28, 160, 67
32, 170, 63
36, 180, 64
37, 190, 61
38, 200, 61
40, 210, 59
40, 220, 64
40, 230, 59
42, 240, 57
42, 250, 59
44, 260, 61
46, 270, 62
47, 280, 62
48, 290, 67
49, 300, 64
50, 310, 66
53, 320, 64
55, 330, 67
57, 340, 74
57, 350, 77
59, 360, 71
61, 370, 76
64, 380, 77
64, 390, 88
65, 400, 81
67, 410, 81
70, 420, 82
71, 430, 86
73, 440, 84
75, 450, 90
76, 460, 88
76, 470, 87
77, 480, 88
77, 490, 87
79, 500, 90
81, 510, 92
81, 520, 92
83, 530, 89
87, 540, 96
89, 550, 101
89, 560, 104
89, 570, 102
91, 580, 107
92, 590, 104
94, 600, 105
96, 610, 115
96, 620, 113
96, 630, 115
97, 640, 118
98, 650, 113
100, 660, 120
100, 670, 115
103, 680, 112
104, 690, 116
104, 700, 119
107, 710, 116
107, 720, 119
108, 730, 120
109, 740, 118
109, 750, 119
110, 760, 118
111, 770, 119
111, 780, 122
112, 790, 121
113, 800, 126
114, 810, 123
115, 820, 126
118, 830, 130
118, 840, 134
118, 850, 136
118, 860, 133
118, 870, 134
118, 880, 131
119, 890, 131
119, 900, 130
121, 910, 131
121, 920, 132
121, 930, 141
122, 940, 131
122, 950, 135
123, 960, 133
124, 970, 136
125, 980, 137
126, 990, 134
127, 1000, 137
130, 1010, 136
130, 1020, 142
131, 1030, 142
132, 1040, 144
132, 1050, 146
133, 1060, 143
135, 1070, 146
137, 1080, 148
138, 1090, 147
138, 1100, 151
140, 1110, 150
141, 1120, 154
142, 1130, 153
143, 1140, 156
146, 1150, 153
146, 1160, 159
146, 1170, 157
146, 1180, 160
146, 1190, 158
146, 1200, 159
146, 1210, 158
149, 1220, 158
150, 1230, 162
151, 1240, 169
152, 1250, 164
152, 1260, 164
152, 1270, 165
153, 1280, 166
154, 1290, 171
155, 1300, 173
156, 1310, 174
156, 1320, 172
156, 1330, 171
158, 1340, 171
158, 1350, 175
158, 1360, 175
160, 1370, 175
161, 1380, 175
161, 1390, 175
161, 1400, 178
163, 1410, 177
164, 1420, 183
166, 1430, 183
166, 1440, 187
166, 1450, 187
167, 1460, 189
169, 1470, 188
169, 1480, 188
171, 1490, 188
173, 1500, 193
174, 1510, 196
175, 1520, 200
175, 1530, 200
178, 1540, 199
180, 1550, 205
180, 1560, 208
180, 1570, 207
180, 1580, 200
182, 1590, 206
183, 1600, 204
185, 1610, 206
186, 1620, 212
191, 1630, 212
191, 1640, 217
192, 1650, 222
193, 1660, 218
195, 1670, 218
197, 1680, 221
200, 1690, 225
202, 1700, 231
203, 1710, 235
204, 1720, 233
205, 1730, 236
205, 1740, 237
207, 1750, 237
209, 1760, 240
210, 1770, 243
210, 1780, 243
211, 1790, 238
212, 1800, 241
214, 1810, 240
214, 1820, 242
217, 1830, 240
217, 1840, 244
218, 1850, 246
218, 1860, 245
218, 1870, 247
218, 1880, 241
218, 1890, 243
220, 1900, 243
221, 1910, 244
224, 1920, 246
225, 1930, 252
225, 1940, 252
227, 1950, 251
228, 1960, 256
230, 1970, 254
230, 1980, 257
233, 1990, 256
236, 2000, 259
239, 2010, 267
239, 2020, 266
239, 2030, 268
239, 2040, 267
241, 2050, 269
241, 2060, 265
242, 2070, 269
244, 2080, 269
244, 2090, 268
244, 2100, 267
245, 2110, 270
246, 2120, 269
246, 2130, 268
247, 2140, 271
248, 2150, 272
250, 2160, 271
251, 2170, 277
251, 2180, 275
252, 2190, 273
254, 2200, 275
255, 2210, 277
256, 2220, 281
257, 2230, 278
258, 2240, 278
258, 2250, 279
259, 2260, 280
260, 2270, 282
262, 2280, 282
263, 2290, 288
264, 2300, 291
264, 2310, 289
266, 2320, 286
266, 2330, 294
267, 2340, 293
269, 2350, 290
270, 2360, 294
272, 2370, 293
273, 2380, 298
274, 2390, 296
275, 2400, 294
277, 2410, 296
277, 2420, 300
280, 2430, 301
280, 2440, 301
281, 2450, 301
282, 2460, 304
283, 2470, 302
284, 2480, 306
284, 2490, 305
284, 2500, 310
284, 2510, 304
287, 2520, 309
287, 2530, 314
288, 2540, 309
288, 2550, 314
290, 2560, 312
290, 2570, 315
290, 2580, 314
292, 2590, 315
295, 2600, 315
296, 2610, 321
297, 2620, 319
297, 2630, 322
298, 2640, 320
298, 2650, 324
299, 2660, 323
301, 2670, 321
301, 2680, 325
302, 2690, 325
303, 2700, 326
304, 2710, 325
306, 2720, 327
307, 2730, 328
307, 2740, 333
307, 2750, 333
309, 2760, 332
309, 2770, 332
309, 2780, 332
309, 2790, 332
309, 2800, 331
310, 2810, 332
310, 2820, 332
311, 2830, 331
313, 2840, 333
314, 2850, 337
315, 2860, 337
316, 2870, 338
316, 2880, 338
317, 2890, 338
319, 2900, 341
319, 2910, 345
319, 2920, 344
320, 2930, 343
321, 2940, 342
322, 2950, 343
322, 2960, 345
323, 2970, 343
323, 2980, 346
324, 2990, 344
325, 3000, 344
326, 3010, 348
329, 3020, 349
329, 3030, 354
329, 3040, 355
330, 3050, 353
333, 3060, 356
334, 3070, 356
336, 3080, 359
338, 3090, 360
339, 3100, 361
342, 3110, 363
342, 3120, 367
342, 3130, 365
342, 3140, 367
342, 3150, 366
343, 3160, 366
346, 3170, 368
347, 3180, 370
348, 3190, 370
349, 3200, 372
350, 3210, 373
350, 3220, 375
350, 3230, 372
351, 3240, 373
351, 3250, 373
352, 3260, 374
354, 3270, 374
355, 3280, 375
355, 3290, 375
357, 3300, 376
358, 3310, 377
359, 3320, 381
360, 3330, 381
361, 3340, 383
361, 3350, 383
362, 3360, 384
364, 3370, 384
365, 3380, 386
365, 3390, 387
366, 3400, 387
368, 3410, 389
370, 3420, 390
371, 3430, 394
372, 3440, 393
372, 3450, 394
372, 3460, 392
376, 3470, 394
378, 3480, 397
379, 3490, 398
380, 3500, 400
380, 3510, 402
381, 3520, 401
{'count': 3520, 'truepos': 41, 'falseneg': 6, 'unknownyes': 1, 'falsepos': 340, 'unique': 3520}
36: Danijel.csv: three: 0, 0
4, 10
4, 20, 126
7, 30, 91
9, 40, 86
11, 50, 86
12, 60, 77
14, 70, 67
17, 80, 58
21, 90, 63
24, 100, 72
26, 110, 73
29, 120, 73
31, 130, 72
33, 140, 58
35, 150, 54
36, 160, 57
37, 170, 56
38, 180, 57
38, 190, 56
40, 200, 54
41, 210, 55
42, 220, 54
42, 230, 56
43, 240, 54
45, 250, 54
47, 260, 56
48, 270, 59
48, 280, 62
49, 290, 62
49, 300, 61
49, 310, 58
50, 320, 60
51, 330, 58
51, 340, 60
51, 350, 60
51, 360, 61
51, 370, 60
51, 380, 58
52, 390, 59
52, 400, 60
52, 410, 61
52, 420, 58
52, 430, 58
53, 440, 58
53, 450, 60
54, 460, 60
54, 470, 60
55, 480, 64
56, 490, 62
57, 500, 61
58, 510, 62
59, 520, 64
60, 530, 66
60, 540, 67
60, 550, 68
60, 560, 67
60, 570, 65
61, 580, 67
62, 590, 66
62, 600, 68
62, 610, 70
62, 620, 69
65, 630, 67
65, 640, 70
65, 650, 71
67, 660, 72
67, 670, 75
69, 680, 74
70, 690, 76
70, 700, 77
70, 710, 76
71, 720, 76
71, 730, 77
71, 740, 78
71, 750, 77
73, 760, 76
73, 770, 80
73, 780, 78
73, 790, 78
73, 800, 79
73, 810, 78
74, 820, 78
75, 830, 80
75, 840, 79
75, 850, 79
75, 860, 79
75, 870, 79
75, 880, 79
75, 890, 79
75, 900, 79
75, 910, 79
77, 920, 79
{'count': 2007, 'truepos': 46, 'falseneg': 0, 'unknownyes': 2, 'falsepos': 31, 'unique': 920}
36: Danijel.csv: machine: 0, 0
4, 10
5, 20, 123
5, 30, 99
9, 40, 87
11, 50, 95
12, 60, 89
['yes' 'yes' 'yes' 'yes' 'no' 'yes' 'yes' 'yes' 'yes' 'yes']
[]
10, 60, 89
11, 70, 90
14, 80, 74
18, 90, 66
19, 100, 80
22, 110, 64
['yes' 'no' 'no' 'no' 'yes' 'yes' 'yes' 'yes' 'yes' 'yes']
['yes']
19, 110, 64
22, 120, 66
25, 130, 62
27, 140, 66
29, 150, 65
29, 160, 65
['yes' 'yes' 'yes' 'yes' 'yes' 'yes' 'yes' 'no' 'no' 'yes']
[]
27, 160, 65
27, 170, 62
28, 180, 55
31, 190, 53
35, 200, 49
37, 210, 59
['yes' 'no' 'yes' 'no' 'no' 'yes' 'no' 'yes' 'yes' 'yes']
['no' 'no' 'no' 'no' 'no' 'no' 'no' 'no' 'no' 'no']
32, 210, 59
38, 220, 48
40, 230, 64
41, 240, 69
41, 250, 68
42, 260, 65
['no' 'no' 'yes' 'yes' 'no' 'no' 'yes' 'no' 'no' 'no']
['yes' 'no' 'no' 'no' 'no' 'yes' 'no' 'no' 'no' 'no']
37, 260, 65
39, 270, 51
40, 280, 54
43, 290, 55
44, 300, 61
47, 310, 62
['no' 'no' 'no' 'no' 'no' 'no' 'no' 'no' 'no' 'no']
['no' 'no' 'no' 'no' 'no' 'no' 'no' 'no' 'no' 'no']
39, 310, 62
39, 320, 54
39, 330, 54
40, 340, 48
41, 350, 52
43, 360, 58
['no' 'no' 'no' 'no' 'yes' 'yes' 'no' 'yes' 'yes' 'yes']
['no' 'no' 'no' 'no' 'no' 'no' 'no' 'no' 'no' 'no']
38, 360, 58
38, 370, 50
41, 380, 50
42, 390, 50
42, 400, 55
43, 410, 52
['no' 'no' 'no' 'yes' 'no' 'no']
['yes' 'no' 'no' 'no' 'no' 'no' 'no' 'no' 'no' 'no']
41, 410, 52
41, 420, 50
43, 430, 50
45, 440, 52
46, 450, 56
47, 460, 57
['no' 'no' 'no' 'no' 'no' 'no' 'no' 'no']
['no' 'no' 'no' 'no' 'no' 'no' 'no' 'no' 'no' 'no']
41, 460, 57
43, 470, 49
45, 480, 56
46, 490, 56
48, 500, 59
48, 510, 62
['yes' 'no' 'no' 'no' 'no' 'no' 'no']
['no' 'no' 'no' 'no' 'no' 'no' 'no' 'no' 'no' 'no']
43, 510, 62
44, 520, 52
44, 530, 53
45, 540, 54
47, 550, 52
48, 560, 56
['no' 'no' 'yes' 'no' 'no' 'no']
['no' 'yes' 'no' 'no' 'no' 'no' 'no' 'no' 'no' 'no']
44, 560, 56
46, 570, 53
47, 580, 53
47, 590, 59
47, 600, 55
47, 610, 57
['no' 'no' 'no']
['no' 'no' 'no' 'no' 'no' 'no' 'no' 'no' 'no' 'no']
46, 610, 57
47, 620, 52
48, 630, 52
48, 640, 54
49, 650, 55
49, 660, 55
['no' 'no' 'no' 'no']
['no' 'no' 'no' 'no' 'no' 'no' 'no' 'no' 'no' 'no']
47, 660, 55
47, 670, 52
48, 680, 52
49, 690, 54
51, 700, 58
53, 710, 56
['no' 'no' 'yes' 'no' 'no' 'no']
['no' 'no' 'no' 'no' 'no' 'no' 'no' 'no' 'no' 'no']
49, 710, 56
49, 720, 55
50, 730, 54
50, 740, 55
51, 750, 55
52, 760, 58
['no' 'no' 'no']
['no' 'no' 'no' 'no' 'no' 'no' 'no' 'no' 'no' 'no']
50, 760, 58
52, 770, 55
52, 780, 57
52, 790, 57
53, 800, 57
54, 810, 57
['no' 'no' 'no' 'no' 'no']
['no' 'no' 'no' 'no' 'no' 'no' 'no' 'no' 'no' 'no']
52, 810, 57
55, 820, 56
55, 830, 59
56, 840, 58
57, 850, 60
58, 860, 61
['no' 'no' 'no' 'no' 'no' 'no' 'no']
['no' 'no' 'no' 'no' 'no' 'no' 'no' 'no' 'no' 'no']
['no' 'no' 'no' 'no' 'no' 'no' 'no']
['no' 'no' 'no' 'no' 'no' 'no' 'no' 'no' 'no' 'no']
{'count': 1126, 'truepos': 40, 'falseneg': 4, 'unknownyes': 4, 'falsepos': 12, 'unique': 860}
36: Danijel.csv: machine2: 0, 0
4, 10
4, 20, 119
6, 30, 95
11, 40, 81
11, 50, 89
12, 60, 81
['yes' 'no' 'yes' 'yes' 'no' 'no' 'no' 'yes' 'yes' 'yes']
[]
9, 60, 81
14, 70, 57
17, 80, 69
21, 90, 75
24, 100, 85
25, 110, 88
['yes' 'yes' 'yes' 'no' 'no' 'no' 'yes' 'yes' 'yes' 'yes']
[]
23, 110, 88
23, 120, 78
25, 130, 69
26, 140, 66
30, 150, 63
33, 160, 51
['no' 'no' 'yes' 'no' 'yes' 'yes' 'yes' 'yes' 'yes' 'yes']
['no' 'no' 'yes' 'no' 'no' 'no' 'no' 'no' 'no' 'no']
35, 160, 51
36, 170, 51
37, 180, 50
37, 190, 52
39, 200, 50
41, 210, 54
['yes' 'no' 'no' 'no' 'no' 'yes' 'no' 'no' 'yes' 'yes']
['no' 'no' 'yes' 'no' 'no' 'no' 'no' 'no' 'no' 'no']
35, 210, 54
39, 220, 46
39, 230, 52
43, 240, 50
44, 250, 55
45, 260, 57
['no' 'no' 'no' 'no' 'yes' 'no' 'no' 'no' 'no' 'no']
['no' 'yes' 'no' 'no' 'no' 'no' 'no' 'no' 'no' 'no']
40, 260, 57
40, 270, 49
40, 280, 48
42, 290, 48
43, 300, 49
45, 310, 52
['no' 'yes' 'yes' 'yes' 'no' 'yes' 'yes' 'no' 'yes' 'yes']
['no' 'no' 'no' 'no' 'no' 'no' 'no' 'no' 'no' 'no']
45, 310, 52
46, 320, 53
48, 330, 54
50, 340, 57
50, 350, 59
50, 360, 60
['yes' 'no' 'no' 'no' 'no' 'no' 'yes' 'no' 'no' 'yes']
['no' 'no' 'no' 'no' 'no' 'no' 'no' 'no' 'no' 'no']
44, 360, 60
45, 370, 53
45, 380, 55
46, 390, 55
48, 400, 55
50, 410, 58
['no' 'no' 'no' 'no' 'no' 'no' 'yes' 'yes']
['no' 'yes' 'no' 'no' 'no' 'no' 'no' 'no' 'no' 'no']
47, 410, 58
50, 420, 55
51, 430, 62
52, 440, 61
53, 450, 62
53, 460, 63
['yes' 'no' 'no' 'no' 'no' 'no' 'yes']
['no' 'no' 'no' 'no' 'no' 'no' 'no' 'no' 'no' 'no']
51, 460, 63
51, 470, 60
53, 480, 57
54, 490, 61
54, 500, 62
55, 510, 60
['no' 'no' 'no' 'no' 'no' 'no']
['no' 'no' 'no' 'no' 'no' 'no' 'no' 'no' 'no' 'no']
53, 510, 60
53, 520, 59
54, 530, 59
55, 540, 59
55, 550, 61
57, 560, 61
['no' 'no' 'no' 'no' 'no' 'no']
['no' 'no' 'no' 'no' 'no' 'no' 'no' 'no' 'no' 'no']
52, 560, 61
52, 570, 58
53, 580, 58
54, 590, 59
55, 600, 63
55, 610, 62
['no' 'no' 'no']
['no' 'no' 'no' 'no' 'no' 'no' 'no' 'no' 'no' 'no']
52, 610, 62
54, 620, 57
55, 630, 60
57, 640, 60
60, 650, 64
60, 660, 69
['no' 'no' 'no' 'no' 'no' 'no' 'yes' 'no']
['no' 'no' 'no' 'no' 'no' 'no' 'no' 'no' 'no' 'no']
54, 660, 69
54, 670, 59
57, 680, 59
60, 690, 63
61, 700, 69
61, 710, 69
['no' 'no' 'no' 'no' 'no' 'no' 'no']
['no' 'no' 'no' 'no' 'no' 'no' 'no' 'no' 'no' 'no']
56, 710, 69
56, 720, 62
57, 730, 60
57, 740, 61
58, 750, 63
61, 760, 62
['no' 'no' 'no' 'no' 'no' 'no']
['no' 'no' 'no' 'no' 'no' 'no' 'no' 'no' 'no' 'no']
['no' 'no' 'no' 'no' 'no' 'no']
['no' 'no' 'no' 'no' 'no' 'no' 'no' 'no' 'no' 'no']
{'count': 1075, 'truepos': 40, 'falseneg': 5, 'unknownyes': 3, 'falsepos': 20, 'unique': 760}
36: Danijel.csv: machine3: 0, 0
4, 10
5, 20, 130
5, 30, 108
8, 40, 86
10, 50, 89
12, 60, 81
null
[]
13, 70, 75
15, 80, 66
17, 90, 63
18, 100, 63
19, 110, 58
21, 120, 53
null
[]
24, 130, 51
26, 140, 55
28, 150, 55
28, 160, 51
29, 170, 49
30, 180, 51
null
['no' 'no' 'no' 'yes' 'no' 'no' 'no' 'no' 'no' 'no']
31, 180, 51
32, 190, 53
32, 200, 52
33, 210, 51
33, 220, 51
35, 230, 51
null
['no' 'no' 'no' 'no' 'no' 'no' 'no' 'no' 'no' 'no']
35, 230, 51
36, 240, 52
36, 250, 57
37, 260, 48
38, 270, 49
38, 280, 54
null
['no' 'no' 'no' 'no' 'no' 'no' 'no' 'no' 'no' 'no']
38, 280, 54
38, 290, 53
39, 300, 51
40, 310, 52
41, 320, 54
41, 330, 52
null
['no' 'no' 'no' 'no' 'no' 'no' 'no' 'no' 'yes' 'no']
42, 330, 52
43, 340, 54
43, 350, 52
43, 360, 52
44, 370, 52
45, 380, 53
null
['no' 'no' 'no' 'yes' 'no' 'no' 'no' 'no' 'no' 'no']
46, 380, 53
47, 390, 58
47, 400, 57
47, 410, 57
48, 420, 56
48, 430, 59
null
['no' 'no' 'no' 'no' 'no' 'no' 'no' 'no' 'no' 'no']
48, 430, 59
48, 440, 57
49, 450, 57
50, 460, 59
50, 470, 58
50, 480, 61
null
['no' 'no' 'no' 'no' 'no' 'no' 'no' 'no' 'no' 'no']
50, 480, 61
50, 490, 58
50, 500, 60
50, 510, 59
50, 520, 56
50, 530, 56
null
['no' 'no' 'no' 'no' 'no' 'no' 'no' 'no' 'no' 'no']
50, 530, 56
50, 540, 56
50, 550, 57
51, 560, 55
51, 570, 56
53, 580, 56
null
['yes' 'no' 'no' 'no' 'no' 'no' 'no' 'no' 'no' 'no']
54, 580, 56
54, 590, 63
54, 600, 60
54, 610, 60
54, 620, 61
54, 630, 58
null
['no' 'no' 'no' 'no' 'no' 'no' 'no' 'no' 'no' 'no']
54, 630, 58
54, 640, 59
54, 650, 58
54, 660, 60
54, 670, 60
54, 680, 58
null
['no' 'no' 'no' 'no' 'no' 'no' 'no' 'no' 'no' 'no']
54, 680, 58
54, 690, 60
54, 700, 60
54, 710, 59
54, 720, 58
54, 730, 59
null
['no' 'no' 'no' 'no' 'no' 'no' 'no' 'no' 'no' 'no']
54, 730, 59
54, 740, 57
54, 750, 58
54, 760, 61
55, 770, 57
55, 780, 59
null
['no' 'yes' 'no' 'no' 'no' 'no' 'no' 'no' 'no' 'no']
56, 780, 59
null
['no' 'no' 'no' 'no' 'no' 'no' 'no' 'no' 'no' 'no']
{'count': 1107, 'truepos': 42, 'falseneg': 4, 'unknownyes': 2, 'falsepos': 14, 'unique': 780}
36: Danijel.csv: machine4: 0, 0
4, 10
4, 20, 125
6, 30, 96
10, 40, 82
10, 50, 88
10, 60, 60
12, 70, 52
12, 80, 55
16, 90, 47
16, 100, 54
20, 110, 46
23, 120, 49
23, 130, 55
26, 140, 45
28, 150, 47
30, 160, 48
30, 170, 44
30, 180, 45
31, 190, 42
31, 200, 46
33, 210, 43
33, 220, 45
33, 230, 44
33, 240, 44
33, 250, 43
36, 260, 43
36, 270, 48
38, 280, 51
38, 290, 57
38, 300, 55
38, 310, 53
39, 320, 54
40, 330, 51
40, 340, 58
41, 350, 57
41, 360, 59
41, 370, 54
43, 380, 54
44, 390, 53
44, 400, 52
44, 410, 54
45, 420, 55
45, 430, 55
45, 440, 54
45, 450, 53
45, 460, 52
45, 470, 53
45, 480, 52
45, 490, 51
46, 500, 54
46, 510, 56
46, 520, 53
46, 530, 53
47, 540, 51
47, 550, 54
47, 560, 54
47, 570, 56
47, 580, 54
47, 590, 54
47, 600, 54
47, 610, 53
47, 620, 53
47, 630, 53
47, 640, 54
47, 650, 54
47, 660, 52
48, 670, 53
50, 680, 52
50, 690, 54
50, 700, 54
52, 710, 54
53, 720, 57
53, 730, 59
53, 740, 57
53, 750, 58
53, 760, 56
54, 770, 57
54, 780, 59
54, 790, 58
54, 800, 58
54, 810, 58
55, 820, 58
55, 830, 59
55, 840, 59
55, 850, 58
55, 860, 59
55, 870, 58
55, 880, 58
55, 890, 58
55, 900, 59
55, 910, 58
55, 920, 58
55, 930, 58
{'count': 1151, 'truepos': 41, 'falseneg': 4, 'unknownyes': 3, 'falsepos': 14, 'unique': 930}
36: K_all3.csv: none: 0, 0
3, 10
8, 20, 79
10, 30, 76
13, 40, 72
15, 50, 71
17, 60, 67
21, 70, 67
21, 80, 62
23, 90, 57
24, 100, 57
27, 110, 51
29, 120, 54
32, 130, 53
34, 140, 50
34, 150, 50
35, 160, 47
37, 170, 45
40, 180, 47
44, 190, 53
45, 200, 66
47, 210, 64
48, 220, 62
49, 230, 58
49, 240, 61
52, 250, 59
54, 260, 62
54, 270, 61
59, 280, 61
61, 290, 68
62, 300, 67
62, 310, 67
64, 320, 70
66, 330, 69
68, 340, 73
72, 350, 74
72, 360, 80
72, 370, 82
74, 380, 78
75, 390, 78
78, 400, 80
{'count': 400, 'truepos': 29, 'falseneg': 6, 'unknownyes': 10, 'falsepos': 49, 'unique': 400}
36: K_all3.csv: three: 0, 0
1, 10
2, 20, 92
4, 30, 64
6, 40, 59
9, 50, 53
10, 60, 60
13, 70, 52
18, 80, 55
21, 90, 62
23, 100, 65
23, 110, 64
25, 120, 54
25, 130, 57
26, 140, 54
27, 150, 52
28, 160, 50
30, 170, 50
30, 180, 43
32, 190, 46
32, 200, 43
33, 210, 41
34, 220, 41
34, 230, 48
35, 240, 42
35, 250, 41
36, 260, 41
36, 270, 43
36, 280, 42
37, 290, 41
37, 300, 42
37, 310, 43
39, 320, 41
39, 330, 43
39, 340, 42
39, 350, 43
41, 360, 42
43, 370, 44
43, 380, 46
43, 390, 46
43, 400, 47
43, 410, 47
{'count': 900, 'truepos': 33, 'falseneg': 2, 'unknownyes': 10, 'falsepos': 10, 'unique': 410}
36: K_all3.csv: machine: 0, 0
1, 10
2, 20, 93
5, 30, 62
5, 40, 66
5, 50, 57
8, 60, 49
['yes' 'yes' 'no' 'no' 'no' 'yes' 'no' 'no']
[]
3, 60, 49
7, 70, 48
10, 80, 54
14, 90, 56
16, 100, 55
17, 110, 54
['yes' 'yes' 'no' 'no' 'yes' 'yes' 'yes' 'yes' 'yes' 'yes']
['no']
15, 110, 54
17, 120, 46
19, 130, 45
20, 140, 45
22, 150, 44
24, 160, 47
['yes' 'no' 'yes' 'no' 'yes' 'yes' 'yes' 'yes' 'yes' 'yes']
['no' 'no' 'no']
23, 160, 47
25, 170, 50
25, 180, 50
26, 190, 48
26, 200, 48
30, 210, 47
['no' 'yes' 'no' 'no' 'no' 'yes' 'yes' 'yes' 'yes' 'yes']
['no' 'no' 'no' 'no' 'no' 'no' 'no' 'no' 'no' 'no']
27, 210, 47
29, 220, 48
29, 230, 48
32, 240, 48
35, 250, 49
36, 260, 47
['no' 'no' 'no' 'yes' 'no' 'no' 'yes' 'yes' 'no']
['no' 'no' 'no' 'no' 'no' 'no' 'no' 'no' 'no' 'no']
33, 260, 47
35, 270, 42
35, 280, 44
35, 290, 42
36, 300, 42
36, 310, 42
['yes' 'no' 'no' 'no' 'no' 'no']
['no' 'no' 'no' 'no' 'no' 'no' 'no' 'no' 'no' 'no']
32, 310, 42
34, 320, 36
35, 330, 39
35, 340, 41
37, 350, 40
37, 360, 43
['no' 'no' 'no' 'no' 'yes']
['no' 'no' 'no' 'no' 'no' 'no' 'no' 'no' 'no' 'no']
35, 360, 43
37, 370, 39
39, 380, 41
40, 390, 42
41, 400, 43
41, 410, 45
['no' 'no' 'no' 'no' 'no' 'yes' 'no']
['no' 'no' 'no' 'no' 'no' 'no' 'no' 'no' 'no' 'no']
36, 410, 45
37, 420, 39
37, 430, 39
38, 440, 39
['yes' 'no']
['no' 'no' 'no' 'no' 'no' 'no' 'no' 'no' 'no' 'no']
{'count': 571, 'truepos': 32, 'falseneg': 4, 'unknownyes': 9, 'falsepos': 6, 'unique': 440}
36: K_all3.csv: machine2: 0, 0
3, 10
5, 20, 73
5, 30, 68
6, 40, 63
8, 50, 60
10, 60, 58
['no' 'yes' 'no' 'no' 'yes' 'yes' 'yes' 'yes' 'no' 'yes']
[]
7, 60, 58
9, 70, 57
12, 80, 52
13, 90, 59
16, 100, 54
19, 110, 56
['yes' 'no' 'yes' 'yes' 'yes' 'yes' 'no' 'yes' 'no' 'yes']
['no' 'no' 'no']
18, 110, 56
19, 120, 58
23, 130, 56
26, 140, 58
31, 150, 59
33, 160, 52
['no' 'no' 'no' 'yes' 'yes' 'yes' 'no' 'yes' 'no' 'no']
['no' 'yes' 'no' 'no' 'no' 'no' 'no' 'no' 'no' 'no']
34, 160, 52
34, 170, 50
35, 180, 45
36, 190, 49
38, 200, 47
40, 210, 47
['yes' 'no' 'no' 'no' 'yes' 'no' 'no' 'yes' 'yes' 'yes']
['no' 'no' 'no' 'no' 'no' 'no' 'no' 'no' 'no' 'no']
37, 210, 47
37, 220, 48
38, 230, 44
40, 240, 44
41, 250, 47
42, 260, 47
['no' 'no' 'yes' 'no' 'no' 'yes' 'no' 'yes' 'no' 'no']
['no' 'no' 'no' 'no' 'no' 'no' 'no' 'no' 'no' 'no']
36, 260, 47
37, 270, 41
39, 280, 42
41, 290, 46
42, 300, 47
42, 310, 49
['no' 'no' 'yes' 'no' 'no' 'yes' 'no' 'no' 'no' 'no']
['no' 'no' 'no' 'no' 'no' 'no' 'no' 'no' 'no' 'no']
37, 310, 49
38, 320, 43
40, 330, 43
43, 340, 45
43, 350, 47
45, 360, 47
['yes' 'no' 'no' 'no' 'yes' 'no' 'no' 'no' 'no' 'no']
['no' 'no' 'no' 'no' 'no' 'no' 'no' 'no' 'no' 'no']
['no' 'yes' 'no' 'no' 'no' 'no' 'yes' 'no' 'no' 'no']
['no' 'no' 'no' 'no' 'no' 'no' 'no' 'no' 'no' 'no']
{'count': 515, 'truepos': 28, 'falseneg': 1, 'unknownyes': 16, 'falsepos': 10, 'unique': 360}
36: K_all3.csv: machine3: 0, 0
3, 10
3, 20, 76
3, 30, 67
5, 40, 57
5, 50, 56
5, 60, 50
null
[]
5, 70, 47
5, 80, 45
7, 90, 44
9, 100, 45
12, 110, 46
14, 120, 49
null
[]
15, 130, 51
17, 140, 51
20, 150, 49
22, 160, 51
23, 170, 51
24, 180, 51
null
['no']
24, 180, 51
25, 190, 50
25, 200, 50
25, 210, 48
26, 220, 47
26, 230, 47
null
[]
26, 240, 46
26, 250, 46
26, 260, 45
27, 270, 45
29, 280, 46
31, 290, 47
null
['no' 'no' 'no' 'no' 'no' 'no' 'no' 'no' 'no' 'no']
31, 290, 47
32, 300, 39
32, 310, 39
33, 320, 38
34, 330, 39
34, 340, 41
null
['no' 'no' 'no' 'no' 'no' 'no' 'no' 'no' 'no' 'no']
34, 340, 41
34, 350, 39
34, 360, 38
34, 370, 38
34, 380, 39
35, 390, 38
null
['no' 'no' 'no' 'no' 'no' 'no' 'no' 'no' 'no' 'no']
35, 390, 38
37, 400, 39
37, 410, 41
37, 420, 41
38, 430, 42
38, 440, 43
null
['no' 'no' 'no' 'no' 'no' 'no' 'yes' 'no' 'no' 'no']
39, 440, 43
39, 450, 42
40, 460, 43
41, 470, 43
41, 480, 44
42, 490, 44
null
['no' 'no' 'no' 'no' 'no' 'no' 'no' 'no' 'no' 'no']
null
['no' 'no' 'no' 'no' 'no' 'no' 'no' 'no' 'no' 'no']
{'count': 667, 'truepos': 28, 'falseneg': 1, 'unknownyes': 16, 'falsepos': 14, 'unique': 490}
36: K_all3.csv: machine4: 0, 0
0, 10
1, 20
2, 30, 102
2, 40, 66
2, 50, 63
2, 60, 54
2, 70, 51
3, 80, 49
4, 90, 47
4, 100, 45
6, 110, 44
7, 120, 44
8, 130, 44
10, 140, 45
14, 150, 46
15, 160, 48
15, 170, 48
16, 180, 46
18, 190, 47
19, 200, 48
19, 210, 49
20, 220, 47
24, 230, 47
24, 240, 50
24, 250, 49
26, 260, 48
28, 270, 49
28, 280, 50
30, 290, 48
32, 300, 39
32, 310, 39
32, 320, 38
34, 330, 37
35, 340, 39
37, 350, 40
38, 360, 46
39, 370, 42
39, 380, 44
39, 390, 47
39, 400, 42
41, 410, 44
41, 420, 45
41, 430, 46
42, 440, 45
44, 450, 46
44, 460, 51
44, 470, 50
44, 480, 50
44, 490, 49
45, 500, 48
45, 510, 48
47, 520, 48
47, 530, 52
48, 540, 50
50, 550, 51
50, 560, 53
50, 570, 53
50, 580, 53
51, 590, 53
{'count': 718, 'truepos': 34, 'falseneg': 6, 'unknownyes': 5, 'falsepos': 17, 'unique': 590}

------------------------------------------------------------
Sender: LSF System <lsfadmin@n2c3-11>
Subject: Job 299602: </share/tjmenzie/zyu9/miniconda2/bin/python2.7 runner.py error_hpcc 36> Done

Job </share/tjmenzie/zyu9/miniconda2/bin/python2.7 runner.py error_hpcc 36> was submitted from host <login01.hpc.ncsu.edu> by user <zyu9> in cluster <henry2>.
Job was executed on host(s) <2*n2c3-11>, in queue <single_chassis>, as user <zyu9> in cluster <henry2>.
</home/zyu9> was used as the home directory.
</home/zyu9/projects/MAR_HPC/Error/src> was used as the working directory.
Started at Mon Nov  6 09:14:01 2017
Results reported at Mon Nov  6 17:40:20 2017

Your job looked like:

------------------------------------------------------------
# LSBATCH: User input
/share/tjmenzie/zyu9/miniconda2/bin/python2.7 runner.py error_hpcc 36
------------------------------------------------------------

Successfully completed.

Resource usage summary:

    CPU time   :  33055.86 sec.
    Max Memory :       185 MB
    Max Swap   :      1203 MB

    Max Processes  :         3
    Max Threads    :         8

The output (if any) is above this job summary.



PS:

Read file <./err/36.err.299602> for stderr output of this job.

