4: Hall.csv: none: 0, 0
8, 10
10, 20, 127
12, 30, 125
15, 40, 124
20, 50, 126
23, 60, 136
27, 70, 135
28, 80, 150
29, 90, 145
30, 100, 127
37, 110, 104
44, 120, 99
47, 130, 118
53, 140, 107
59, 150, 98
64, 160, 108
68, 170, 111
72, 180, 116
77, 190, 116
77, 200, 123
81, 210, 120
85, 220, 100
89, 230, 102
91, 240, 107
93, 250, 106
94, 260, 107
95, 270, 108
96, 280, 107
96, 290, 109
97, 300, 112
97, 310, 111
98, 320, 107
98, 330, 108
98, 340, 107
98, 350, 109
98, 360, 110
99, 370, 105
99, 380, 107
100, 390, 107
101, 400, 108
101, 410, 109
102, 420, 107
102, 430, 112
102, 440, 112
102, 450, 112
102, 460, 110
102, 470, 108
102, 480, 111
102, 490, 108
102, 500, 109
{'count': 500, 'truepos': 102, 'falseneg': 0, 'unknownyes': 4, 'falsepos': 0, 'unique': 500}
4: Hall.csv: three: 0, 0
8, 10
9, 20, 125
13, 30, 115
15, 40, 122
18, 50, 121
20, 60, 118
23, 70, 110
26, 80, 115
28, 90, 117
30, 100, 126
36, 110, 88
46, 120, 90
51, 130, 108
60, 140, 98
63, 150, 107
68, 160, 107
70, 170, 110
73, 180, 111
77, 190, 105
80, 200, 102
83, 210, 103
85, 220, 102
88, 230, 101
93, 240, 103
95, 250, 109
96, 260, 114
96, 270, 111
98, 280, 110
98, 290, 111
98, 300, 114
99, 310, 112
99, 320, 111
99, 330, 110
99, 340, 112
100, 350, 108
101, 360, 110
101, 370, 110
102, 380, 111
102, 390, 113
102, 400, 111
102, 410, 109
102, 420, 110
102, 430, 110
102, 440, 109
102, 450, 108
102, 460, 109
102, 470, 111
102, 480, 109
102, 490, 108
102, 500, 109
102, 510, 108
102, 520, 108
{'count': 1040, 'truepos': 102, 'falseneg': 0, 'unknownyes': 4, 'falsepos': 0, 'unique': 520}
4: Hall.csv: machine: 0, 0
8, 10
10, 20, 121
11, 30, 121
13, 40, 122
20, 50, 116
23, 60, 127
25, 70, 130
28, 80, 139
32, 90, 130
40, 100, 100
47, 110, 103
53, 120, 114
57, 130, 114
61, 140, 104
66, 150, 108
72, 160, 108
76, 170, 116
78, 180, 112
82, 190, 105
82, 200, 119
85, 210, 104
89, 220, 106
90, 230, 114
93, 240, 108
94, 250, 114
96, 260, 112
96, 270, 113
98, 280, 112
98, 290, 113
100, 300, 112
101, 310, 114
101, 320, 112
101, 330, 114
101, 340, 115
101, 350, 113
101, 360, 111
101, 370, 111
101, 380, 109
101, 390, 113
101, 400, 109
101, 410, 108
101, 420, 110
101, 430, 109
101, 440, 107
101, 450, 110
102, 460, 109
102, 470, 109
{'count': 480, 'truepos': 102, 'falseneg': 0, 'unknownyes': 4, 'falsepos': 0, 'unique': 480}
4: Hall.csv: machine2: 0, 0
8, 10
12, 20, 125
13, 30, 135
16, 40, 139
20, 50, 141
21, 60, 150
21, 70, 145
24, 80, 127
25, 90, 138
26, 100, 112
28, 110, 100
30, 120, 107
37, 130, 94
43, 140, 97
50, 150, 95
54, 160, 102
60, 170, 98
62, 180, 93
67, 190, 95
70, 200, 91
74, 210, 93
76, 220, 103
78, 230, 103
81, 240, 95
86, 250, 96
89, 260, 101
91, 270, 104
95, 280, 103
96, 290, 108
97, 300, 108
98, 310, 110
98, 320, 110
98, 330, 111
99, 340, 111
101, 350, 111
101, 360, 113
101, 370, 112
101, 380, 110
101, 390, 111
101, 400, 110
101, 410, 111
101, 420, 113
101, 430, 109
101, 440, 108
102, 450, 109
102, 460, 111
102, 470, 109
102, 480, 109
102, 490, 109
102, 500, 109
102, 510, 108
{'count': 520, 'truepos': 102, 'falseneg': 0, 'unknownyes': 4, 'falsepos': 0, 'unique': 520}
4: Hall.csv: machine3: 0, 0
8, 10
11, 20, 126
13, 30, 120
17, 40, 123
19, 50, 126
20, 60, 124
23, 70, 112
26, 80, 101
31, 90, 109
37, 100, 97
43, 110, 105
48, 120, 110
54, 130, 105
56, 140, 115
58, 150, 97
62, 160, 100
65, 170, 96
70, 180, 94
74, 190, 103
76, 200, 106
81, 210, 96
87, 220, 99
87, 230, 110
90, 240, 105
92, 250, 108
95, 260, 106
95, 270, 110
95, 280, 109
97, 290, 107
98, 300, 110
98, 310, 111
98, 320, 109
98, 330, 111
100, 340, 110
100, 350, 110
100, 360, 109
100, 370, 110
100, 380, 107
101, 390, 110
102, 400, 111
102, 410, 113
102, 420, 113
102, 430, 109
102, 440, 110
102, 450, 110
102, 460, 108
102, 470, 109
102, 480, 109
102, 490, 108
{'count': 602, 'truepos': 102, 'falseneg': 0, 'unknownyes': 4, 'falsepos': 0, 'unique': 500}
4: Wahono.csv: none: 0, 0
6, 10
6, 20, 99
7, 30, 96
10, 40, 93
12, 50, 78
15, 60, 82
18, 70, 71
19, 80, 67
20, 90, 55
22, 100, 48
23, 110, 55
25, 120, 52
26, 130, 54
29, 140, 51
31, 150, 59
34, 160, 63
36, 170, 65
38, 180, 68
38, 190, 71
39, 200, 69
42, 210, 63
42, 220, 73
42, 230, 67
44, 240, 64
44, 250, 73
44, 260, 66
45, 270, 61
45, 280, 65
45, 290, 66
45, 300, 66
46, 310, 59
46, 320, 67
46, 330, 65
47, 340, 63
48, 350, 60
48, 360, 60
48, 370, 65
50, 380, 60
50, 390, 63
50, 400, 62
50, 410, 63
50, 420, 62
50, 430, 60
50, 440, 61
50, 450, 64
50, 460, 59
50, 470, 60
50, 480, 60
50, 490, 59
50, 500, 59
50, 510, 59
50, 520, 59
50, 530, 58
51, 540, 57
52, 550, 58
53, 560, 61
55, 570, 60
55, 580, 63
55, 590, 66
55, 600, 63
55, 610, 64
56, 620, 63
57, 630, 64
58, 640, 64
58, 650, 67
58, 660, 67
58, 670, 66
58, 680, 67
58, 690, 66
58, 700, 67
58, 710, 66
58, 720, 66
58, 730, 66
58, 740, 65
58, 750, 66
58, 760, 65
58, 770, 65
58, 780, 64
58, 790, 65
58, 800, 64
58, 810, 65
58, 820, 64
59, 830, 65
59, 840, 66
59, 850, 66
59, 860, 66
59, 870, 65
59, 880, 65
59, 890, 65
59, 900, 65
59, 910, 67
59, 920, 64
59, 930, 65
59, 940, 63
59, 950, 63
59, 960, 64
59, 970, 64
59, 980, 65
59, 990, 63
59, 1000, 64
59, 1010, 64
59, 1020, 64
59, 1030, 64
59, 1040, 64
59, 1050, 64
59, 1060, 63
59, 1070, 63
59, 1080, 63
59, 1090, 64
59, 1100, 64
59, 1110, 64
59, 1120, 63
59, 1130, 63
59, 1140, 63
59, 1150, 63
59, 1160, 63
59, 1170, 63
{'count': 1170, 'truepos': 59, 'falseneg': 0, 'unknownyes': 3, 'falsepos': 0, 'unique': 1170}
4: Wahono.csv: three: 0, 0
6, 10
8, 20, 103
9, 30, 97
12, 40, 95
12, 50, 101
16, 60, 78
18, 70, 88
19, 80, 91
22, 90, 71
24, 100, 74
25, 110, 71
26, 120, 69
27, 130, 64
29, 140, 64
30, 150, 62
33, 160, 61
36, 170, 65
36, 180, 66
36, 190, 60
36, 200, 60
37, 210, 57
40, 220, 56
40, 230, 57
41, 240, 60
42, 250, 62
43, 260, 62
44, 270, 62
44, 280, 61
45, 290, 63
46, 300, 61
46, 310, 62
46, 320, 64
47, 330, 62
47, 340, 61
47, 350, 63
48, 360, 60
48, 370, 61
50, 380, 59
51, 390, 62
52, 400, 61
53, 410, 64
53, 420, 69
53, 430, 65
53, 440, 64
53, 450, 65
53, 460, 62
55, 470, 64
55, 480, 69
55, 490, 67
55, 500, 67
55, 510, 66
56, 520, 65
56, 530, 66
56, 540, 67
57, 550, 66
58, 560, 66
58, 570, 68
58, 580, 68
58, 590, 69
58, 600, 69
58, 610, 69
58, 620, 69
58, 630, 68
58, 640, 66
58, 650, 66
58, 660, 67
58, 670, 66
58, 680, 67
58, 690, 66
58, 700, 66
58, 710, 68
58, 720, 68
58, 730, 65
58, 740, 65
58, 750, 65
58, 760, 65
58, 770, 63
58, 780, 65
58, 790, 64
58, 800, 64
58, 810, 64
58, 820, 64
58, 830, 65
58, 840, 65
58, 850, 63
58, 860, 64
58, 870, 63
58, 880, 64
58, 890, 64
59, 900, 64
59, 910, 64
59, 920, 65
59, 930, 65
59, 940, 64
59, 950, 64
59, 960, 64
59, 970, 64
59, 980, 64
59, 990, 64
59, 1000, 65
59, 1010, 64
59, 1020, 63
59, 1030, 64
59, 1040, 63
59, 1050, 65
59, 1060, 64
59, 1070, 63
59, 1080, 63
59, 1090, 63
59, 1100, 64
{'count': 2200, 'truepos': 59, 'falseneg': 0, 'unknownyes': 3, 'falsepos': 0, 'unique': 1100}
4: Wahono.csv: machine: 0, 0
6, 10
7, 20, 99
8, 30, 95
9, 40, 99
11, 50, 78
14, 60, 62
18, 70, 54
20, 80, 62
22, 90, 56
23, 100, 55
24, 110, 53
26, 120, 53
28, 130, 54
30, 140, 57
32, 150, 66
32, 160, 64
35, 170, 62
36, 180, 61
37, 190, 63
39, 200, 64
40, 210, 64
40, 220, 62
41, 230, 64
42, 240, 62
44, 250, 62
44, 260, 69
45, 270, 66
46, 280, 67
46, 290, 65
46, 300, 65
46, 310, 63
46, 320, 63
46, 330, 67
46, 340, 67
46, 350, 67
46, 360, 61
47, 370, 60
48, 380, 59
48, 390, 62
48, 400, 60
49, 410, 58
49, 420, 61
49, 430, 60
49, 440, 59
49, 450, 61
49, 460, 62
50, 470, 60
50, 480, 60
50, 490, 59
50, 500, 59
50, 510, 59
50, 520, 57
50, 530, 60
50, 540, 58
50, 550, 58
50, 560, 57
51, 570, 58
53, 580, 58
54, 590, 60
54, 600, 61
55, 610, 62
55, 620, 63
56, 630, 62
56, 640, 64
58, 650, 64
58, 660, 66
58, 670, 65
58, 680, 66
58, 690, 65
58, 700, 66
58, 710, 66
58, 720, 66
58, 730, 65
58, 740, 65
58, 750, 65
58, 760, 65
58, 770, 65
58, 780, 66
59, 790, 64
59, 800, 67
59, 810, 66
59, 820, 65
59, 830, 66
59, 840, 66
59, 850, 65
59, 860, 64
59, 870, 66
59, 880, 64
59, 890, 64
59, 900, 64
59, 910, 65
59, 920, 64
59, 930, 64
59, 940, 63
59, 950, 64
59, 960, 64
59, 970, 64
59, 980, 63
59, 990, 63
59, 1000, 64
59, 1010, 63
59, 1020, 63
59, 1030, 64
59, 1040, 63
59, 1050, 63
59, 1060, 63
59, 1070, 63
59, 1080, 63
59, 1090, 63
59, 1100, 63
59, 1110, 63
59, 1120, 63
59, 1130, 63
59, 1140, 63
{'count': 1150, 'truepos': 59, 'falseneg': 0, 'unknownyes': 3, 'falsepos': 0, 'unique': 1150}
4: Wahono.csv: machine2: 0, 0
6, 10
7, 20, 102
7, 30, 98
10, 40, 80
13, 50, 72
14, 60, 70
16, 70, 58
18, 80, 53
20, 90, 53
22, 100, 53
24, 110, 52
25, 120, 57
26, 130, 52
29, 140, 52
29, 150, 59
30, 160, 52
33, 170, 59
34, 180, 57
34, 190, 59
35, 200, 60
37, 210, 53
37, 220, 60
38, 230, 58
39, 240, 60
40, 250, 64
41, 260, 58
41, 270, 61
43, 280, 62
43, 290, 66
44, 300, 63
45, 310, 65
46, 320, 61
47, 330, 58
47, 340, 63
48, 350, 59
48, 360, 60
49, 370, 59
49, 380, 62
50, 390, 60
50, 400, 62
50, 410, 62
50, 420, 62
50, 430, 60
50, 440, 60
50, 450, 60
50, 460, 60
50, 470, 61
50, 480, 58
50, 490, 61
50, 500, 61
52, 510, 59
52, 520, 61
52, 530, 62
53, 540, 60
53, 550, 61
53, 560, 64
54, 570, 61
55, 580, 63
56, 590, 63
56, 600, 64
57, 610, 66
58, 620, 67
58, 630, 67
58, 640, 66
58, 650, 67
58, 660, 67
58, 670, 65
58, 680, 65
58, 690, 66
58, 700, 66
58, 710, 65
58, 720, 66
58, 730, 66
58, 740, 65
58, 750, 66
58, 760, 65
58, 770, 65
58, 780, 64
58, 790, 64
58, 800, 65
58, 810, 64
58, 820, 65
58, 830, 64
58, 840, 66
58, 850, 65
59, 860, 63
59, 870, 66
59, 880, 65
59, 890, 65
59, 900, 63
59, 910, 65
59, 920, 64
59, 930, 65
59, 940, 64
59, 950, 64
59, 960, 64
59, 970, 65
59, 980, 64
59, 990, 63
59, 1000, 65
59, 1010, 63
59, 1020, 63
59, 1030, 64
59, 1040, 63
59, 1050, 64
59, 1060, 64
59, 1070, 63
59, 1080, 63
59, 1090, 64
59, 1100, 63
59, 1110, 63
59, 1120, 63
59, 1130, 63
{'count': 1140, 'truepos': 59, 'falseneg': 0, 'unknownyes': 3, 'falsepos': 0, 'unique': 1140}
4: Wahono.csv: machine3: 0, 0
6, 10
6, 20, 102
7, 30, 93
11, 40, 76
12, 50, 81
15, 60, 72
16, 70, 69
17, 80, 51
18, 90, 49
20, 100, 49
21, 110, 49
23, 120, 49
24, 130, 52
26, 140, 51
27, 150, 54
29, 160, 52
32, 170, 54
34, 180, 63
34, 190, 60
36, 200, 60
36, 210, 63
38, 220, 58
39, 230, 61
41, 240, 59
41, 250, 65
42, 260, 62
42, 270, 68
43, 280, 61
43, 290, 64
43, 300, 64
43, 310, 66
44, 320, 62
45, 330, 61
45, 340, 59
45, 350, 65
46, 360, 55
46, 370, 57
47, 380, 58
47, 390, 60
47, 400, 61
47, 410, 58
48, 420, 59
48, 430, 60
48, 440, 61
48, 450, 61
48, 460, 59
49, 470, 58
49, 480, 60
49, 490, 60
49, 500, 59
50, 510, 56
50, 520, 58
52, 530, 57
52, 540, 61
52, 550, 62
52, 560, 61
53, 570, 59
54, 580, 61
55, 590, 63
55, 600, 65
55, 610, 62
57, 620, 64
58, 630, 65
58, 640, 67
58, 650, 66
58, 660, 66
58, 670, 67
59, 680, 67
59, 690, 68
59, 700, 69
59, 710, 66
59, 720, 68
59, 730, 67
59, 740, 68
59, 750, 66
59, 760, 66
59, 770, 67
59, 780, 67
59, 790, 66
59, 800, 66
59, 810, 67
59, 820, 67
59, 830, 66
59, 840, 66
59, 850, 65
59, 860, 66
59, 870, 65
59, 880, 65
59, 890, 64
59, 900, 64
59, 910, 65
59, 920, 65
59, 930, 65
59, 940, 65
59, 950, 64
59, 960, 65
59, 970, 64
59, 980, 64
59, 990, 64
59, 1000, 64
59, 1010, 64
59, 1020, 64
59, 1030, 65
59, 1040, 64
59, 1050, 64
59, 1060, 63
59, 1070, 64
59, 1080, 63
59, 1090, 63
59, 1100, 63
59, 1110, 63
59, 1120, 63
59, 1130, 63
59, 1140, 63
59, 1150, 63
{'count': 1219, 'truepos': 59, 'falseneg': 0, 'unknownyes': 3, 'falsepos': 0, 'unique': 1160}
4: Danijel.csv: none: 0, 0
4, 10
4, 20, 125
5, 30, 94
9, 40, 75
11, 50, 84
14, 60, 77
16, 70, 73
18, 80, 74
20, 90, 71
23, 100, 67
23, 110, 66
25, 120, 54
27, 130, 51
29, 140, 50
31, 150, 53
33, 160, 52
34, 170, 53
35, 180, 49
35, 190, 49
36, 200, 47
36, 210, 47
37, 220, 46
37, 230, 47
37, 240, 48
37, 250, 45
37, 260, 44
39, 270, 45
40, 280, 49
40, 290, 53
40, 300, 50
40, 310, 49
41, 320, 48
41, 330, 48
41, 340, 49
41, 350, 48
41, 360, 47
42, 370, 46
42, 380, 50
42, 390, 50
42, 400, 49
43, 410, 49
43, 420, 49
43, 430, 50
43, 440, 50
43, 450, 49
43, 460, 48
43, 470, 48
43, 480, 49
43, 490, 48
43, 500, 48
43, 510, 50
44, 520, 48
44, 530, 50
44, 540, 50
44, 550, 49
45, 560, 50
45, 570, 50
45, 580, 50
45, 590, 49
45, 600, 50
45, 610, 49
45, 620, 49
45, 630, 50
45, 640, 50
45, 650, 49
45, 660, 48
45, 670, 49
45, 680, 49
45, 690, 48
45, 700, 49
45, 710, 49
45, 720, 48
45, 730, 48
45, 740, 48
45, 750, 48
45, 760, 48
45, 770, 48
{'count': 770, 'truepos': 45, 'falseneg': 0, 'unknownyes': 3, 'falsepos': 0, 'unique': 770}
4: Danijel.csv: three: 0, 0
4, 10
4, 20, 123
7, 30, 92
7, 40, 83
9, 50, 61
9, 60, 54
11, 70, 48
16, 80, 49
20, 90, 56
23, 100, 61
24, 110, 66
26, 120, 57
27, 130, 61
31, 140, 53
31, 150, 53
33, 160, 51
33, 170, 50
34, 180, 50
35, 190, 47
35, 200, 50
36, 210, 48
38, 220, 51
39, 230, 53
40, 240, 50
40, 250, 53
40, 260, 51
40, 270, 50
40, 280, 51
40, 290, 51
40, 300, 49
40, 310, 49
41, 320, 49
41, 330, 49
41, 340, 51
41, 350, 48
41, 360, 49
41, 370, 48
41, 380, 48
41, 390, 48
41, 400, 48
42, 410, 47
42, 420, 50
43, 430, 48
44, 440, 50
44, 450, 51
44, 460, 50
44, 470, 50
44, 480, 51
44, 490, 50
44, 500, 51
44, 510, 50
44, 520, 50
44, 530, 49
44, 540, 49
44, 550, 48
44, 560, 50
44, 570, 49
44, 580, 49
44, 590, 50
44, 600, 48
44, 610, 48
44, 620, 48
44, 630, 48
44, 640, 48
44, 650, 48
44, 660, 48
45, 670, 47
45, 680, 48
45, 690, 49
45, 700, 48
45, 710, 48
45, 720, 48
45, 730, 48
45, 740, 49
45, 750, 48
45, 760, 48
45, 770, 48
{'count': 1540, 'truepos': 45, 'falseneg': 0, 'unknownyes': 3, 'falsepos': 0, 'unique': 770}
4: Danijel.csv: machine: 0, 0
4, 10
4, 20, 124
6, 30, 92
8, 40, 82
11, 50, 75
14, 60, 73
18, 70, 76
19, 80, 84
20, 90, 81
24, 100, 69
25, 110, 82
26, 120, 75
27, 130, 66
29, 140, 64
31, 150, 62
34, 160, 52
35, 170, 53
35, 180, 54
35, 190, 51
36, 200, 49
36, 210, 49
36, 220, 49
37, 230, 47
37, 240, 49
37, 250, 48
37, 260, 46
39, 270, 46
40, 280, 47
40, 290, 48
40, 300, 51
40, 310, 50
40, 320, 49
40, 330, 50
40, 340, 47
40, 350, 50
41, 360, 46
41, 370, 49
41, 380, 48
41, 390, 47
41, 400, 47
42, 410, 46
42, 420, 49
42, 430, 48
42, 440, 49
42, 450, 47
43, 460, 46
44, 470, 49
44, 480, 50
44, 490, 50
44, 500, 49
44, 510, 50
44, 520, 49
44, 530, 49
44, 540, 49
44, 550, 50
44, 560, 49
45, 570, 48
45, 580, 49
45, 590, 49
45, 600, 49
45, 610, 49
45, 620, 48
45, 630, 49
45, 640, 48
45, 650, 49
45, 660, 48
45, 670, 48
45, 680, 48
45, 690, 48
45, 700, 49
45, 710, 48
45, 720, 48
45, 730, 48
45, 740, 48
{'count': 750, 'truepos': 45, 'falseneg': 0, 'unknownyes': 3, 'falsepos': 0, 'unique': 750}
4: Danijel.csv: machine2: 0, 0
4, 10
4, 20, 131
6, 30, 95
8, 40, 77
8, 50, 72
10, 60, 57
13, 70, 54
15, 80, 57
19, 90, 55
20, 100, 59
22, 110, 53
22, 120, 51
26, 130, 48
30, 140, 51
32, 150, 49
33, 160, 49
33, 170, 50
35, 180, 48
36, 190, 50
36, 200, 50
37, 210, 47
39, 220, 50
39, 230, 52
39, 240, 49
40, 250, 52
40, 260, 50
40, 270, 51
40, 280, 48
40, 290, 50
40, 300, 48
40, 310, 49
41, 320, 48
41, 330, 49
41, 340, 49
41, 350, 48
41, 360, 48
42, 370, 47
42, 380, 51
42, 390, 49
43, 400, 50
43, 410, 53
43, 420, 50
43, 430, 49
43, 440, 51
43, 450, 50
43, 460, 50
43, 470, 48
44, 480, 48
44, 490, 50
44, 500, 49
44, 510, 50
44, 520, 50
44, 530, 49
44, 540, 49
44, 550, 50
44, 560, 48
44, 570, 49
44, 580, 48
44, 590, 48
45, 600, 48
45, 610, 49
45, 620, 49
45, 630, 49
45, 640, 49
45, 650, 48
45, 660, 49
45, 670, 49
45, 680, 48
45, 690, 49
45, 700, 48
45, 710, 48
45, 720, 48
45, 730, 48
45, 740, 48
45, 750, 49
45, 760, 48
45, 770, 48
45, 780, 48
45, 790, 48
45, 800, 49
{'count': 810, 'truepos': 45, 'falseneg': 0, 'unknownyes': 3, 'falsepos': 0, 'unique': 810}
4: Danijel.csv: machine3: 0, 0
4, 10
4, 20, 127
5, 30, 94
8, 40, 66
8, 50, 68
9, 60, 53
11, 70, 51
14, 80, 48
16, 90, 52
21, 100, 50
24, 110, 56
26, 120, 60
27, 130, 62
28, 140, 57
32, 150, 52
34, 160, 49
35, 170, 53
36, 180, 52
36, 190, 53
36, 200, 49
36, 210, 50
36, 220, 48
36, 230, 47
36, 240, 46
37, 250, 48
37, 260, 47
37, 270, 46
38, 280, 45
41, 290, 46
41, 300, 53
41, 310, 52
41, 320, 51
41, 330, 49
41, 340, 49
41, 350, 49
42, 360, 48
42, 370, 51
42, 380, 51
42, 390, 48
43, 400, 49
43, 410, 51
44, 420, 49
44, 430, 52
44, 440, 52
44, 450, 50
44, 460, 50
44, 470, 50
44, 480, 50
44, 490, 50
44, 500, 50
44, 510, 49
44, 520, 50
44, 530, 50
44, 540, 50
44, 550, 49
44, 560, 50
44, 570, 49
44, 580, 49
44, 590, 48
44, 600, 48
45, 610, 48
45, 620, 49
45, 630, 49
45, 640, 49
45, 650, 48
45, 660, 49
45, 670, 48
45, 680, 49
45, 690, 49
45, 700, 48
45, 710, 48
45, 720, 48
{'count': 775, 'truepos': 45, 'falseneg': 0, 'unknownyes': 3, 'falsepos': 0, 'unique': 730}
4: K_all3.csv: none: 0, 0
1, 10
2, 20, 91
4, 30, 63
7, 40, 58
10, 50, 53
11, 60, 61
13, 70, 52
17, 80, 51
20, 90, 57
20, 100, 57
22, 110, 51
22, 120, 50
22, 130, 45
23, 140, 44
23, 150, 44
24, 160, 43
24, 170, 44
25, 180, 43
26, 190, 44
26, 200, 45
27, 210, 44
27, 220, 44
27, 230, 44
27, 240, 43
27, 250, 43
27, 260, 43
27, 270, 43
27, 280, 43
27, 290, 43
27, 300, 43
27, 310, 43
27, 320, 43
28, 330, 42
29, 340, 43
33, 350, 44
34, 360, 39
34, 370, 42
34, 380, 39
34, 390, 38
34, 400, 38
34, 410, 38
34, 420, 37
35, 430, 36
35, 440, 38
35, 450, 39
35, 460, 37
36, 470, 37
36, 480, 38
36, 490, 38
37, 500, 38
37, 510, 39
37, 520, 39
{'count': 520, 'truepos': 37, 'falseneg': 0, 'unknownyes': 8, 'falsepos': 0, 'unique': 520}
4: K_all3.csv: three: 0, 0
1, 10
2, 20, 92
4, 30, 64
8, 40, 58
11, 50, 58
13, 60, 63
14, 70, 58
16, 80, 55
18, 90, 51
19, 100, 50
22, 110, 46
22, 120, 48
23, 130, 45
23, 140, 44
24, 150, 43
24, 160, 44
24, 170, 43
25, 180, 43
27, 190, 44
27, 200, 45
27, 210, 44
27, 220, 44
27, 230, 43
27, 240, 43
27, 250, 43
27, 260, 43
27, 270, 43
27, 280, 43
27, 290, 43
27, 300, 43
27, 310, 43
27, 320, 43
28, 330, 42
29, 340, 43
33, 350, 44
34, 360, 40
34, 370, 39
34, 380, 39
34, 390, 38
34, 400, 40
34, 410, 38
34, 420, 37
34, 430, 38
35, 440, 37
35, 450, 38
37, 460, 37
37, 470, 39
37, 480, 39
37, 490, 39
37, 500, 39
37, 510, 39
37, 520, 39
38, 530, 40
{'count': 1060, 'truepos': 38, 'falseneg': 0, 'unknownyes': 7, 'falsepos': 0, 'unique': 530}
4: K_all3.csv: machine: 0, 0
1, 10
2, 20, 93
2, 30, 63
3, 40, 54
4, 50, 43
7, 60, 41
11, 70, 43
12, 80, 49
13, 90, 44
16, 100, 43
17, 110, 51
20, 120, 47
20, 130, 50
21, 140, 47
21, 150, 46
22, 160, 44
23, 170, 45
24, 180, 43
24, 190, 43
26, 200, 43
26, 210, 45
26, 220, 44
26, 230, 43
27, 240, 43
27, 250, 43
27, 260, 43
27, 270, 43
27, 280, 43
27, 290, 43
27, 300, 43
27, 310, 43
27, 320, 43
28, 330, 42
30, 340, 43
32, 350, 38
32, 360, 39
32, 370, 37
32, 380, 36
32, 390, 36
32, 400, 36
32, 410, 36
32, 420, 36
32, 430, 36
34, 440, 34
36, 450, 36
36, 460, 38
36, 470, 38
37, 480, 38
37, 490, 39
38, 500, 39
{'count': 510, 'truepos': 39, 'falseneg': 0, 'unknownyes': 6, 'falsepos': 0, 'unique': 510}
4: K_all3.csv: machine2: 0, 0
1, 10
2, 20, 93
4, 30, 63
7, 40, 59
10, 50, 53
11, 60, 61
13, 70, 52
17, 80, 51
20, 90, 58
20, 100, 57
22, 110, 51
22, 120, 50
22, 130, 45
23, 140, 44
23, 150, 44
24, 160, 43
24, 170, 44
25, 180, 43
26, 190, 44
26, 200, 45
27, 210, 44
27, 220, 44
27, 230, 44
27, 240, 43
27, 250, 43
27, 260, 43
27, 270, 43
27, 280, 43
27, 290, 43
27, 300, 43
27, 310, 43
27, 320, 43
28, 330, 42
29, 340, 43
33, 350, 44
34, 360, 38
34, 370, 41
34, 380, 40
34, 390, 38
34, 400, 39
34, 410, 38
34, 420, 37
35, 430, 37
35, 440, 38
35, 450, 37
36, 460, 37
37, 470, 38
37, 480, 39
37, 490, 39
37, 500, 39
38, 510, 39
{'count': 520, 'truepos': 39, 'falseneg': 0, 'unknownyes': 6, 'falsepos': 0, 'unique': 520}
4: K_all3.csv: machine3: 0, 0
1, 10
2, 20, 91
4, 30, 63
8, 40, 57
10, 50, 58
11, 60, 56
13, 70, 52
14, 80, 50
16, 90, 45
18, 100, 46
21, 110, 44
21, 120, 48
22, 130, 45
22, 140, 44
23, 150, 42
24, 160, 43
24, 170, 44
25, 180, 43
26, 190, 45
26, 200, 45
27, 210, 44
27, 220, 44
27, 230, 44
27, 240, 43
27, 250, 43
27, 260, 43
27, 270, 43
27, 280, 43
27, 290, 43
27, 300, 43
27, 310, 43
27, 320, 43
28, 330, 43
29, 340, 43
33, 350, 44
34, 360, 41
34, 370, 40
34, 380, 39
34, 390, 38
34, 400, 38
34, 410, 38
34, 420, 38
34, 430, 38
34, 440, 36
35, 450, 36
35, 460, 38
35, 470, 37
35, 480, 37
35, 490, 37
36, 500, 37
38, 510, 38
{'count': 558, 'truepos': 38, 'falseneg': 0, 'unknownyes': 7, 'falsepos': 0, 'unique': 520}

------------------------------------------------------------
Sender: LSF System <lsfadmin@n2a1-3>
Subject: Job 270869: </share/tjmenzie/zyu9/miniconda2/bin/python2.7 runner.py error_hpcc 4> Done

Job </share/tjmenzie/zyu9/miniconda2/bin/python2.7 runner.py error_hpcc 4> was submitted from host <login01.hpc.ncsu.edu> by user <zyu9> in cluster <henry2>.
Job was executed on host(s) <2*n2a1-3>, in queue <single_chassis>, as user <zyu9> in cluster <henry2>.
</home/zyu9> was used as the home directory.
</home/zyu9/projects/MAR_HPC/Error/src> was used as the working directory.
Started at Sat Oct 21 09:24:08 2017
Results reported at Sat Oct 21 10:28:39 2017

Your job looked like:

------------------------------------------------------------
# LSBATCH: User input
/share/tjmenzie/zyu9/miniconda2/bin/python2.7 runner.py error_hpcc 4
------------------------------------------------------------

Successfully completed.

Resource usage summary:

    CPU time   :   5317.39 sec.
    Max Memory :       173 MB
    Max Swap   :      1191 MB

    Max Processes  :         3
    Max Threads    :         8

The output (if any) is above this job summary.



PS:

Read file <./err/4.err.270869> for stderr output of this job.

