4: Hall.csv: none: 0, 0
8, 10
10, 20, 127
12, 30, 125
15, 40, 124
20, 50, 126
26, 60, 82
30, 70, 86
35, 80, 89
40, 90, 84
45, 100, 88
50, 110, 95
55, 120, 97
59, 130, 109
65, 140, 102
66, 150, 106
74, 160, 98
77, 170, 109
78, 180, 104
79, 190, 104
81, 200, 96
84, 210, 98
84, 220, 99
89, 230, 95
92, 240, 106
93, 250, 106
94, 260, 110
96, 270, 109
97, 280, 110
97, 290, 112
98, 300, 109
98, 310, 111
98, 320, 111
98, 330, 109
99, 340, 107
99, 350, 108
99, 360, 106
99, 370, 107
99, 380, 107
99, 390, 108
101, 400, 105
101, 410, 110
101, 420, 109
101, 430, 108
101, 440, 109
102, 450, 110
102, 460, 110
102, 470, 111
102, 480, 110
102, 490, 110
102, 500, 109
102, 510, 109
102, 520, 108
{'count': 520, 'truepos': 102, 'falseneg': 0, 'correction': 0, 'unknownyes': 2, 'falsepos': 0, 'unique': 520}
4: Hall.csv: three: 0, 0
8, 10
10, 20, 126
11, 30, 120
13, 40, 113
16, 50, 114
18, 60, 105
24, 70, 89
28, 80, 79
30, 90, 87
31, 100, 76
36, 110, 68
41, 120, 82
45, 130, 86
50, 140, 85
57, 150, 90
63, 160, 96
67, 170, 103
72, 180, 99
77, 190, 110
80, 200, 106
82, 210, 103
84, 220, 100
88, 230, 107
91, 240, 109
93, 250, 110
96, 260, 111
97, 270, 119
97, 280, 114
97, 290, 113
98, 300, 110
98, 310, 116
98, 320, 113
98, 330, 110
98, 340, 111
98, 350, 108
98, 360, 107
100, 370, 106
100, 380, 108
101, 390, 109
102, 400, 111
102, 410, 112
102, 420, 110
102, 430, 111
102, 440, 110
102, 450, 109
102, 460, 110
{'count': 920, 'truepos': 102, 'falseneg': 0, 'correction': 0, 'unknownyes': 2, 'falsepos': 0, 'unique': 460}
4: Hall.csv: machine: 0, 0
8, 10
12, 20, 123
17, 30, 142
19, 40, 156
20, 50, 152
26, 60, 103
26, 60, 103
31, 70, 103
34, 80, 98
36, 90, 93
41, 100, 86
44, 110, 97
44, 110, 97
52, 120, 79
55, 130, 89
58, 140, 92
65, 150, 93
71, 160, 92
71, 160, 92
76, 170, 97
79, 180, 97
80, 190, 102
84, 200, 98
87, 210, 104
87, 210, 104
90, 220, 107
93, 230, 113
96, 240, 115
96, 250, 119
96, 260, 112
96, 260, 112
96, 270, 114
99, 280, 110
99, 290, 115
99, 300, 111
100, 310, 112
100, 310, 112
100, 320, 115
100, 330, 112
101, 340, 110
101, 350, 111
101, 360, 112
101, 360, 112
101, 370, 110
101, 380, 112
101, 390, 108
102, 400, 107
102, 410, 109
102, 410, 109
102, 420, 110
102, 430, 109
102, 440, 108
102, 450, 110
102, 460, 109
102, 460, 109
102, 470, 109
102, 480, 108
102, 490, 108
102, 500, 109
102, 510, 108
102, 510, 108
102, 520, 109
{'count': 694, 'truepos': 102, 'falseneg': 0, 'correction': 0, 'unknownyes': 2, 'falsepos': 0, 'unique': 520}
4: Hall.csv: knee: 0, 0
8, 10
11, 20
11, 30
16, 40
19, 50
21, 60
28, 70
32, 80
37, 90
39, 100
45, 110
49, 120
55, 130
58, 140
61, 150
63, 160
69, 170
76, 180
79, 190
82, 200
83, 210
84, 220
84, 230
86, 240
88, 250
92, 260
95, 270
98, 280
98, 290
99, 300
99, 310
99, 320
99, 330
99, 340
99, 350
100, 360
101, 370
101, 380
101, 390
101, 400
101, 410
101, 420
101, 430
101, 440
101, 450
101, 460
102, 470
102, 480
102, 490
102, 500
102, 510
{'count': 696, 'truepos': 102, 'falseneg': 0, 'correction': 0, 'unknownyes': 2, 'falsepos': 0, 'unique': 510}
4: Wahono.csv: none: 0, 0
6, 10
8, 20, 100
9, 30, 99
11, 40, 99
13, 50, 97
14, 60, 94
18, 70, 86
18, 80, 89
21, 90, 74
23, 100, 56
28, 110, 56
30, 120, 66
31, 130, 73
33, 140, 62
33, 150, 68
34, 160, 62
36, 170, 61
36, 180, 73
36, 190, 59
38, 200, 62
40, 210, 61
41, 220, 66
41, 230, 67
41, 240, 62
41, 250, 61
41, 260, 63
42, 270, 59
42, 280, 60
43, 290, 61
44, 300, 57
44, 310, 60
45, 320, 57
46, 330, 65
46, 340, 65
46, 350, 61
46, 360, 61
46, 370, 61
47, 380, 58
48, 390, 59
48, 400, 59
48, 410, 60
48, 420, 59
49, 430, 59
49, 440, 61
49, 450, 59
49, 460, 58
49, 470, 59
49, 480, 59
49, 490, 58
50, 500, 57
51, 510, 59
51, 520, 59
52, 530, 58
52, 540, 60
53, 550, 59
54, 560, 62
56, 570, 61
58, 580, 64
58, 590, 67
58, 600, 68
58, 610, 67
58, 620, 67
58, 630, 67
58, 640, 67
58, 650, 68
58, 660, 66
58, 670, 66
58, 680, 66
58, 690, 65
58, 700, 66
58, 710, 66
58, 720, 66
58, 730, 68
58, 740, 65
58, 750, 64
58, 760, 65
58, 770, 67
58, 780, 64
58, 790, 65
58, 800, 65
58, 810, 66
58, 820, 64
58, 830, 65
58, 840, 65
58, 850, 64
58, 860, 63
58, 870, 63
58, 880, 64
58, 890, 63
58, 900, 63
58, 910, 63
58, 920, 64
58, 930, 63
58, 940, 63
58, 950, 63
59, 960, 63
59, 970, 65
59, 980, 65
59, 990, 64
59, 1000, 65
59, 1010, 64
59, 1020, 64
59, 1030, 64
59, 1040, 64
59, 1050, 65
59, 1060, 63
59, 1070, 63
59, 1080, 64
59, 1090, 63
59, 1100, 63
59, 1110, 63
59, 1120, 63
59, 1130, 63
59, 1140, 64
59, 1150, 63
59, 1160, 63
59, 1170, 63
59, 1180, 63
59, 1190, 63
59, 1200, 63
59, 1210, 63
59, 1220, 63
59, 1230, 63
59, 1240, 63
{'count': 1240, 'truepos': 59, 'falseneg': 0, 'correction': 0, 'unknownyes': 3, 'falsepos': 0, 'unique': 1240}
4: Wahono.csv: three: 0, 0
6, 10
7, 20, 99
8, 30, 95
9, 40, 93
13, 50, 89
15, 60, 83
16, 70, 70
18, 80, 59
20, 90, 54
24, 100, 44
27, 110, 48
29, 120, 62
29, 130, 63
30, 140, 57
31, 150, 57
33, 160, 56
35, 170, 59
36, 180, 63
37, 190, 58
38, 200, 61
38, 210, 66
40, 220, 65
42, 230, 61
43, 240, 63
44, 250, 62
45, 260, 62
45, 270, 72
45, 280, 69
45, 290, 63
45, 300, 69
47, 310, 65
47, 320, 64
47, 330, 63
48, 340, 59
48, 350, 62
48, 360, 63
48, 370, 61
48, 380, 67
48, 390, 60
49, 400, 59
49, 410, 58
49, 420, 60
50, 430, 59
50, 440, 62
50, 450, 61
51, 460, 58
51, 470, 62
51, 480, 61
51, 490, 62
51, 500, 59
51, 510, 59
51, 520, 60
52, 530, 60
52, 540, 59
52, 550, 60
52, 560, 61
52, 570, 60
53, 580, 58
55, 590, 61
57, 600, 63
57, 610, 67
58, 620, 67
58, 630, 67
58, 640, 67
58, 650, 67
58, 660, 66
58, 670, 66
58, 680, 68
58, 690, 65
58, 700, 67
58, 710, 66
58, 720, 66
58, 730, 65
58, 740, 65
58, 750, 65
58, 760, 66
58, 770, 65
58, 780, 65
58, 790, 65
58, 800, 65
58, 810, 65
58, 820, 65
58, 830, 64
58, 840, 64
58, 850, 65
58, 860, 64
58, 870, 63
58, 880, 64
58, 890, 64
58, 900, 63
58, 910, 63
58, 920, 63
58, 930, 64
59, 940, 63
59, 950, 65
59, 960, 64
59, 970, 64
59, 980, 64
59, 990, 64
59, 1000, 63
59, 1010, 63
59, 1020, 64
59, 1030, 64
59, 1040, 64
59, 1050, 63
59, 1060, 63
59, 1070, 63
59, 1080, 63
59, 1090, 63
59, 1100, 63
59, 1110, 63
59, 1120, 63
59, 1130, 63
59, 1140, 63
59, 1150, 63
{'count': 2300, 'truepos': 59, 'falseneg': 0, 'correction': 0, 'unknownyes': 3, 'falsepos': 0, 'unique': 1150}
4: Wahono.csv: machine: 0, 0
6, 10
7, 20, 101
7, 30, 95
11, 40, 87
12, 50, 82
14, 60, 58
17, 70, 55
19, 80, 54
21, 90, 62
24, 100, 42
27, 110, 46
29, 120, 54
29, 120, 54
31, 130, 57
31, 140, 66
33, 150, 61
34, 160, 58
35, 170, 61
35, 170, 61
36, 180, 60
37, 190, 57
37, 200, 60
39, 210, 57
39, 220, 63
39, 220, 63
42, 230, 61
42, 240, 72
44, 250, 62
44, 260, 62
45, 270, 67
45, 270, 67
46, 280, 64
46, 290, 65
46, 300, 66
47, 310, 64
47, 320, 63
47, 320, 63
47, 330, 68
47, 340, 62
47, 350, 61
47, 360, 67
47, 370, 58
47, 370, 58
47, 380, 61
48, 390, 58
48, 400, 56
48, 410, 60
48, 420, 60
48, 420, 60
49, 430, 58
49, 440, 59
50, 450, 61
50, 460, 59
50, 470, 60
50, 470, 60
50, 480, 59
50, 490, 59
50, 500, 59
50, 510, 59
51, 520, 57
51, 520, 57
51, 530, 60
52, 540, 59
52, 550, 61
52, 560, 61
52, 570, 61
52, 570, 61
52, 580, 61
52, 590, 60
53, 600, 60
55, 610, 60
57, 620, 63
57, 620, 63
58, 630, 67
58, 640, 67
58, 650, 68
58, 660, 66
58, 670, 66
58, 670, 66
58, 680, 66
58, 690, 66
58, 700, 67
58, 710, 67
58, 720, 65
58, 720, 65
58, 730, 65
58, 740, 66
58, 750, 65
58, 760, 66
58, 770, 65
58, 770, 65
58, 780, 65
59, 790, 64
59, 800, 65
59, 810, 66
59, 820, 65
59, 820, 65
59, 830, 66
59, 840, 64
59, 850, 65
59, 860, 65
59, 870, 64
59, 870, 64
59, 880, 65
59, 890, 65
59, 900, 64
59, 910, 64
59, 920, 65
59, 920, 65
59, 930, 64
59, 940, 65
59, 950, 65
59, 960, 65
59, 970, 64
59, 970, 64
59, 980, 64
59, 990, 64
59, 1000, 65
59, 1010, 64
59, 1020, 64
59, 1020, 64
59, 1030, 64
59, 1040, 64
59, 1050, 63
59, 1060, 63
59, 1070, 63
59, 1070, 63
59, 1080, 63
59, 1090, 63
59, 1100, 63
59, 1110, 63
59, 1120, 63
59, 1120, 63
60, 1130, 63
{'count': 1669, 'truepos': 60, 'falseneg': 0, 'correction': 0, 'unknownyes': 2, 'falsepos': 0, 'unique': 1130}
4: Wahono.csv: knee: 0, 0
6, 10
6, 20
{'count': 24, 'truepos': 6, 'falseneg': 0, 'correction': 0, 'unknownyes': 56, 'falsepos': 0, 'unique': 20}
4: Danijel.csv: none: 0, 0
4, 10
5, 20, 126
7, 30, 100
8, 40, 97
9, 50, 86
9, 60, 70
12, 70, 54
15, 80, 53
17, 90, 57
23, 100, 52
26, 110, 47
29, 120, 50
29, 130, 52
29, 140, 53
30, 150, 46
31, 160, 46
33, 170, 48
34, 180, 48
34, 190, 46
34, 200, 49
34, 210, 46
35, 220, 45
36, 230, 45
37, 240, 47
38, 250, 50
38, 260, 50
38, 270, 49
38, 280, 49
38, 290, 47
38, 300, 47
39, 310, 47
40, 320, 47
41, 330, 48
41, 340, 48
41, 350, 49
41, 360, 51
41, 370, 48
41, 380, 49
41, 390, 49
42, 400, 47
42, 410, 49
42, 420, 48
42, 430, 47
42, 440, 47
42, 450, 48
42, 460, 48
42, 470, 49
42, 480, 48
42, 490, 49
43, 500, 46
43, 510, 48
44, 520, 48
44, 530, 51
44, 540, 48
44, 550, 49
44, 560, 49
44, 570, 48
44, 580, 48
44, 590, 48
44, 600, 49
44, 610, 48
44, 620, 49
44, 630, 47
44, 640, 47
45, 650, 47
45, 660, 49
45, 670, 49
45, 680, 48
45, 690, 48
45, 700, 48
45, 710, 48
45, 720, 48
{'count': 720, 'truepos': 45, 'falseneg': 0, 'correction': 0, 'unknownyes': 3, 'falsepos': 0, 'unique': 720}
4: Danijel.csv: three: 0, 0
4, 10
4, 20, 119
5, 30, 95
9, 40, 73
10, 50, 79
10, 60, 67
13, 70, 53
16, 80, 54
21, 90, 56
23, 100, 47
25, 110, 47
25, 120, 47
25, 130, 44
26, 140, 43
27, 150, 44
28, 160, 43
31, 170, 44
32, 180, 44
34, 190, 46
34, 200, 47
34, 210, 48
34, 220, 45
35, 230, 44
35, 240, 45
37, 250, 45
37, 260, 48
37, 270, 47
38, 280, 46
38, 290, 48
38, 300, 47
39, 310, 46
40, 320, 47
40, 330, 50
41, 340, 47
41, 350, 47
41, 360, 51
41, 370, 49
41, 380, 50
42, 390, 48
42, 400, 50
42, 410, 47
42, 420, 50
43, 430, 48
43, 440, 51
43, 450, 49
44, 460, 51
44, 470, 50
44, 480, 50
44, 490, 50
44, 500, 49
44, 510, 49
44, 520, 50
44, 530, 49
44, 540, 49
44, 550, 48
44, 560, 49
44, 570, 49
44, 580, 48
44, 590, 48
44, 600, 48
44, 610, 48
44, 620, 48
44, 630, 48
45, 640, 48
45, 650, 49
45, 660, 48
45, 670, 49
45, 680, 48
45, 690, 48
45, 700, 48
45, 710, 49
45, 720, 48
45, 730, 48
45, 740, 48
{'count': 1480, 'truepos': 45, 'falseneg': 0, 'correction': 0, 'unknownyes': 3, 'falsepos': 0, 'unique': 740}
4: Danijel.csv: machine: 0, 0
4, 10
4, 20, 125
4, 30, 96
5, 40, 60
6, 50, 59
10, 60, 53
10, 60, 53
13, 70, 59
15, 80, 60
16, 90, 58
18, 100, 58
23, 110, 51
23, 110, 51
25, 120, 48
27, 130, 46
28, 140, 47
30, 150, 46
30, 160, 47
30, 160, 47
31, 170, 46
32, 180, 44
35, 190, 44
36, 200, 48
36, 210, 49
36, 210, 49
36, 220, 48
37, 230, 46
38, 240, 47
38, 250, 47
39, 260, 47
39, 260, 47
40, 270, 48
41, 280, 49
41, 290, 50
41, 300, 50
41, 310, 53
41, 310, 53
41, 320, 49
41, 330, 48
41, 340, 48
41, 350, 49
41, 360, 49
41, 360, 49
41, 370, 48
42, 380, 47
42, 390, 48
42, 400, 48
42, 410, 49
42, 410, 49
42, 420, 48
43, 430, 47
43, 440, 49
44, 450, 50
44, 460, 49
44, 460, 49
44, 470, 51
44, 480, 49
44, 490, 50
44, 500, 51
44, 510, 49
44, 510, 49
44, 520, 48
44, 530, 49
44, 540, 49
44, 550, 51
44, 560, 49
44, 560, 49
45, 570, 49
45, 580, 50
45, 590, 52
45, 600, 49
45, 610, 49
45, 610, 49
45, 620, 49
45, 630, 49
45, 640, 49
45, 650, 49
45, 660, 49
45, 660, 49
45, 670, 48
45, 680, 48
45, 690, 48
45, 700, 48
45, 710, 48
45, 710, 48
45, 720, 48
{'count': 1187, 'truepos': 45, 'falseneg': 0, 'correction': 0, 'unknownyes': 3, 'falsepos': 0, 'unique': 720}
4: Danijel.csv: knee: 0, 0
4, 10
5, 20
7, 30
8, 40
8, 50
11, 60
15, 70
17, 80
20, 90
23, 100
24, 110
28, 120
29, 130
33, 140
33, 150
33, 160
35, 170
37, 180
37, 190
37, 200
37, 210
38, 220
38, 230
39, 240
39, 250
39, 260
40, 270
41, 280
41, 290
41, 300
41, 310
41, 320
41, 330
41, 340
41, 350
43, 360
43, 370
43, 380
43, 390
43, 400
43, 410
43, 420
{'count': 537, 'truepos': 43, 'falseneg': 0, 'correction': 0, 'unknownyes': 5, 'falsepos': 0, 'unique': 420}
4: K_all3.csv: none: 0, 0
2, 10
5, 20, 70
6, 30, 62
11, 40, 53
13, 50, 63
15, 60, 62
17, 70, 57
19, 80, 54
20, 90, 50
20, 100, 33
22, 110, 33
22, 120, 33
23, 130, 33
24, 140, 32
25, 150, 34
26, 160, 34
29, 170, 35
29, 180, 40
29, 190, 37
30, 200, 35
30, 210, 38
30, 220, 39
30, 230, 36
31, 240, 35
31, 250, 37
31, 260, 36
31, 270, 36
31, 280, 37
31, 290, 36
32, 300, 34
32, 310, 36
33, 320, 36
34, 330, 36
34, 340, 38
35, 350, 37
36, 360, 38
37, 370, 39
38, 380, 40
39, 390, 41
{'count': 390, 'truepos': 39, 'falseneg': 0, 'correction': 0, 'unknownyes': 6, 'falsepos': 0, 'unique': 390}
4: K_all3.csv: three: 0, 0
2, 10
5, 20, 70
6, 30, 60
11, 40, 55
13, 50, 63
14, 60, 57
15, 70, 51
18, 80, 46
20, 90, 49
20, 100, 38
20, 110, 34
20, 120, 31
21, 130, 30
22, 140, 29
22, 150, 30
24, 160, 30
24, 170, 31
25, 180, 34
26, 190, 31
27, 200, 33
28, 210, 33
28, 220, 35
29, 230, 33
29, 240, 35
29, 250, 34
32, 260, 33
32, 270, 37
32, 280, 37
32, 290, 36
32, 300, 36
33, 310, 36
33, 320, 36
34, 330, 36
34, 340, 38
34, 350, 37
34, 360, 37
35, 370, 37
35, 380, 38
36, 390, 37
36, 400, 38
38, 410, 38
{'count': 820, 'truepos': 38, 'falseneg': 0, 'correction': 0, 'unknownyes': 7, 'falsepos': 0, 'unique': 410}
4: K_all3.csv: machine: 0, 0
2, 10
5, 20, 72
6, 30, 62
11, 40, 54
13, 50, 64
13, 60, 59
15, 70, 48
17, 80, 46
20, 90, 46
20, 100, 34
20, 110, 31
21, 120, 28
21, 120, 28
22, 130, 30
23, 140, 32
24, 150, 34
24, 160, 35
26, 170, 32
26, 170, 32
27, 180, 33
28, 190, 34
28, 200, 37
28, 210, 35
29, 220, 34
29, 220, 34
30, 230, 34
30, 240, 36
30, 250, 35
32, 260, 35
32, 270, 36
32, 270, 36
33, 280, 36
33, 290, 36
33, 300, 36
33, 310, 37
34, 320, 37
34, 320, 37
34, 330, 37
34, 340, 38
34, 350, 37
34, 360, 38
34, 370, 37
34, 370, 37
36, 380, 36
38, 390, 39
39, 400, 41
39, 410, 42
39, 420, 42
39, 420, 42
39, 430, 42
{'count': 678, 'truepos': 39, 'falseneg': 0, 'correction': 0, 'unknownyes': 6, 'falsepos': 0, 'unique': 430}
4: K_all3.csv: knee: 0, 0
2, 10
5, 20
6, 30
11, 40
13, 50
15, 60
17, 70
17, 80
21, 90
21, 100
22, 110
22, 120
22, 130
24, 140
24, 150
25, 160
27, 170
28, 180
30, 190
30, 200
31, 210
31, 220
32, 230
32, 240
32, 250
33, 260
33, 270
33, 280
33, 290
33, 300
33, 310
34, 320
35, 330
35, 340
35, 350
35, 360
36, 370
37, 380
37, 390
38, 400
39, 410
39, 420
39, 430
39, 440
39, 450
39, 460
39, 470
39, 480
39, 490
39, 500
39, 510
39, 520
41, 530
41, 540
42, 550
42, 560
42, 570
42, 580
42, 590
42, 600
42, 610
42, 620
43, 630
43, 640
43, 650
43, 660
43, 670
43, 680
43, 690
43, 700
43, 710
43, 720
43, 730
{'count': 903, 'truepos': 43, 'falseneg': 0, 'correction': 0, 'unknownyes': 2, 'falsepos': 0, 'unique': 730}

------------------------------------------------------------
Sender: LSF System <lsfadmin@n2e2-4>
Subject: Job 629140: </share/tjmenzie/zyu9/miniconda2/bin/python2.7 runner.py error_hpcc 4> in cluster <henry2> Done

Job </share/tjmenzie/zyu9/miniconda2/bin/python2.7 runner.py error_hpcc 4> was submitted from host <login01.hpc.ncsu.edu> by user <zyu9> in cluster <henry2> at Tue Jan 30 18:08:16 2018.
Job was executed on host(s) <2*n2e2-4>, in queue <single_chassis>, as user <zyu9> in cluster <henry2> at Tue Jan 30 18:08:18 2018.
</home/zyu9> was used as the home directory.
</home/zyu9/projects/MAR_HPC/Error/src> was used as the working directory.
Started at Tue Jan 30 18:08:18 2018.
Terminated at Tue Jan 30 18:51:25 2018.
Results reported at Tue Jan 30 18:51:25 2018.

Your job looked like:

------------------------------------------------------------
# LSBATCH: User input
/share/tjmenzie/zyu9/miniconda2/bin/python2.7 runner.py error_hpcc 4
------------------------------------------------------------

Successfully completed.

Resource usage summary:

    CPU time :                                   3522.62 sec.
    Max Memory :                                 282.82 MB
    Average Memory :                             224.29 MB
    Total Requested Memory :                     -
    Delta Memory :                               -
    Max Swap :                                   1308 MB
    Max Processes :                              3
    Max Threads :                                8
    Run time :                                   2595 sec.
    Turnaround time :                            2589 sec.

The output (if any) is above this job summary.



PS:

Read file <./err/4.err.629140> for stderr output of this job.

