4: Hall.csv: none: 0, 0
7, 10
8, 20, 120
10, 30, 111
13, 40, 112
17, 50, 92
22, 60, 88
23, 70, 99
27, 80, 80
29, 90, 82
31, 100, 82
35, 110, 64
35, 120, 63
36, 130, 57
38, 140, 56
42, 150, 59
46, 160, 64
48, 170, 69
49, 180, 66
49, 190, 69
49, 200, 67
52, 210, 65
53, 220, 65
55, 230, 67
55, 240, 71
59, 250, 66
61, 260, 72
61, 270, 80
61, 280, 79
61, 290, 88
61, 300, 81
61, 310, 78
61, 320, 74
61, 330, 75
61, 340, 77
62, 350, 74
62, 360, 73
63, 370, 71
64, 380, 76
64, 390, 74
64, 400, 75
65, 410, 77
65, 420, 76
65, 430, 73
66, 440, 74
66, 450, 75
66, 460, 75
66, 470, 74
66, 480, 73
67, 490, 72
68, 500, 75
68, 510, 77
68, 520, 75
68, 530, 76
68, 540, 76
68, 550, 74
68, 560, 73
68, 570, 74
69, 580, 75
69, 590, 76
69, 600, 76
69, 610, 75
69, 620, 76
69, 630, 75
69, 640, 74
69, 650, 75
69, 660, 74
69, 670, 77
69, 680, 74
69, 690, 73
69, 700, 73
70, 710, 74
70, 720, 75
70, 730, 75
70, 740, 76
70, 750, 74
70, 760, 74
70, 770, 75
70, 780, 75
70, 790, 75
70, 800, 74
70, 810, 75
70, 820, 76
70, 830, 74
70, 840, 75
70, 850, 74
70, 860, 75
70, 870, 75
70, 880, 74
70, 890, 74
70, 900, 75
70, 910, 74
70, 920, 74
70, 930, 74
70, 940, 74
70, 950, 74
70, 960, 74
70, 970, 74
70, 980, 74
71, 990, 73
71, 1000, 75
71, 1010, 76
71, 1020, 75
71, 1030, 75
71, 1040, 75
{'count': 1040, 'truepos': 65, 'falseneg': 38, 'correction': 0, 'unknownyes': 1, 'falsepos': 6, 'unique': 1040}
4: Hall.csv: three: 0, 0
5, 10
7, 20, 115
8, 30, 105
10, 40, 100
14, 50, 96
19, 60, 86
27, 70, 88
31, 80, 96
33, 90, 68
35, 100, 67
38, 110, 67
42, 120, 66
42, 130, 75
43, 140, 63
44, 150, 64
45, 160, 62
49, 170, 59
52, 180, 64
54, 190, 68
59, 200, 69
60, 210, 73
64, 220, 72
65, 230, 77
68, 240, 76
69, 250, 82
70, 260, 82
70, 270, 82
71, 280, 83
71, 290, 81
71, 300, 84
72, 310, 82
73, 320, 81
73, 330, 81
73, 340, 83
76, 350, 81
76, 360, 87
76, 370, 84
77, 380, 84
77, 390, 87
77, 400, 86
77, 410, 85
77, 420, 85
77, 430, 85
77, 440, 85
77, 450, 83
77, 460, 84
77, 470, 83
77, 480, 84
77, 490, 83
78, 500, 84
78, 510, 85
78, 520, 86
78, 530, 84
78, 540, 84
78, 550, 84
78, 560, 85
78, 570, 84
78, 580, 83
78, 590, 83
{'count': 1232, 'truepos': 78, 'falseneg': 24, 'correction': 44, 'unknownyes': 2, 'falsepos': 0, 'unique': 590}
4: Hall.csv: machine: 0, 0
8, 10
10, 20, 124
12, 30, 119
14, 40, 93
19, 50, 88
23, 60, 90
['yes']
['no' 'no' 'no' 'no' 'no' 'no' 'no' 'no' 'no' 'no' 'yes' 'no' 'no' 'yes'
 'no' 'no' 'yes' 'no' 'no']
25, 60, 90
28, 70, 96
32, 80, 90
33, 90, 74
34, 100, 66
37, 110, 63
['yes']
['yes' 'yes' 'no' 'yes' 'no' 'no' 'no' 'no' 'yes' 'yes' 'no' 'no' 'no'
 'no' 'yes' 'no' 'no' 'yes' 'no']
41, 110, 63
43, 120, 73
46, 130, 75
46, 140, 76
46, 150, 71
47, 160, 64
['yes']
['no' 'no' 'no' 'yes' 'no' 'no' 'no' 'yes' 'no' 'no' 'no' 'no' 'no' 'no'
 'yes' 'no' 'no' 'no' 'no']
49, 160, 64
52, 170, 74
54, 180, 70
55, 190, 71
57, 200, 70
59, 210, 77
['yes']
['no' 'yes' 'yes' 'no' 'no' 'no' 'no' 'yes' 'yes' 'no' 'no' 'no' 'yes'
 'no' 'yes' 'no' 'no' 'no' 'no']
63, 210, 77
63, 220, 74
64, 230, 78
65, 240, 78
66, 250, 77
67, 260, 75
['yes']
['no' 'no' 'yes' 'yes' 'no' 'no' 'yes' 'no' 'no' 'yes' 'yes' 'no' 'no'
 'yes' 'yes' 'no' 'yes' 'no' 'no']
72, 260, 75
75, 270, 85
76, 280, 85
77, 290, 89
77, 300, 89
77, 310, 90
['yes']
['no' 'no' 'no' 'no' 'no' 'no' 'yes' 'no' 'no' 'no' 'no' 'no' 'no' 'no'
 'no' 'no' 'no' 'no' 'no']
78, 310, 90
79, 320, 88
81, 330, 89
81, 340, 90
81, 350, 91
82, 360, 91
['no']
['no' 'no' 'no' 'no' 'no' 'no' 'no' 'no' 'no' 'no' 'no' 'no' 'no' 'yes'
 'no' 'yes' 'no' 'no' 'no']
82, 360, 91
82, 370, 91
82, 380, 95
82, 390, 91
82, 400, 91
83, 410, 90
['yes']
['no' 'no' 'no' 'yes' 'no' 'no' 'no' 'no' 'no' 'no' 'no' 'no' 'yes' 'no'
 'no' 'no' 'no' 'no' 'no']
83, 410, 90
83, 420, 93
83, 430, 91
83, 440, 89
83, 450, 93
83, 460, 89
['yes']
['no' 'no' 'no' 'no' 'no' 'no' 'no' 'no' 'no' 'no' 'yes' 'no' 'no' 'no'
 'no' 'no' 'no' 'no' 'no']
83, 460, 89
83, 470, 88
83, 480, 88
83, 490, 88
83, 500, 89
83, 510, 89
['yes']
['no' 'no' 'no' 'no' 'yes' 'no' 'no' 'no' 'no' 'no' 'no' 'no' 'no' 'no'
 'no' 'no' 'no' 'no' 'no']
84, 510, 89
84, 520, 90
84, 530, 89
84, 540, 89
{'count': 745, 'truepos': 84, 'falseneg': 18, 'correction': 25, 'unknownyes': 2, 'falsepos': 0, 'unique': 540}
4: Hall.csv: knee: 0, 0
5, 10
7, 20
9, 30
14, 40
19, 50
21, 60
24, 70
30, 80
31, 90
36, 100
37, 110
39, 120
40, 130
44, 140
47, 150
49, 160
53, 170
56, 180
61, 190
63, 200
64, 210
65, 220
68, 230
68, 240
68, 250
68, 260
68, 270
69, 280
69, 290
69, 300
69, 310
70, 320
70, 330
70, 340
70, 350
71, 360
71, 370
72, 380
72, 390
72, 400
{'count': 550, 'truepos': 84, 'falseneg': 17, 'correction': 16, 'unknownyes': 3, 'falsepos': 1, 'unique': 400}
4: Wahono.csv: none: 0, 0
5, 10
5, 20, 98
7, 30, 89
9, 40, 76
12, 50, 60
15, 60, 61
16, 70, 61
17, 80, 50
20, 90, 50
20, 100, 58
21, 110, 51
21, 120, 49
22, 130, 45
23, 140, 46
23, 150, 45
24, 160, 44
25, 170, 45
26, 180, 45
27, 190, 47
28, 200, 47
30, 210, 46
31, 220, 61
32, 230, 56
32, 240, 51
33, 250, 53
33, 260, 57
33, 270, 52
34, 280, 52
36, 290, 51
36, 300, 55
36, 310, 58
36, 320, 57
37, 330, 53
37, 340, 55
37, 350, 55
38, 360, 52
38, 370, 49
38, 380, 54
38, 390, 52
38, 400, 52
38, 410, 55
38, 420, 50
38, 430, 50
38, 440, 53
38, 450, 51
38, 460, 49
40, 470, 49
40, 480, 51
40, 490, 50
40, 500, 50
40, 510, 49
40, 520, 50
42, 530, 49
43, 540, 50
43, 550, 52
43, 560, 53
43, 570, 51
44, 580, 50
44, 590, 52
45, 600, 52
45, 610, 53
45, 620, 54
45, 630, 52
45, 640, 52
45, 650, 52
45, 660, 52
45, 670, 53
45, 680, 52
45, 690, 51
45, 700, 52
45, 710, 52
45, 720, 53
45, 730, 52
45, 740, 51
45, 750, 52
45, 760, 52
45, 770, 50
45, 780, 52
45, 790, 50
45, 800, 50
46, 810, 50
46, 820, 52
46, 830, 51
46, 840, 51
46, 850, 52
46, 860, 51
46, 870, 51
46, 880, 51
46, 890, 51
46, 900, 51
46, 910, 51
47, 920, 51
47, 930, 51
47, 940, 52
47, 950, 51
47, 960, 51
48, 970, 52
48, 980, 53
48, 990, 53
48, 1000, 53
49, 1010, 52
49, 1020, 54
49, 1030, 53
49, 1040, 53
49, 1050, 53
49, 1060, 53
49, 1070, 53
49, 1080, 52
49, 1090, 53
49, 1100, 52
49, 1110, 53
49, 1120, 52
49, 1130, 52
49, 1140, 52
49, 1150, 53
49, 1160, 53
49, 1170, 52
49, 1180, 52
49, 1190, 52
49, 1200, 53
49, 1210, 52
49, 1220, 52
49, 1230, 53
49, 1240, 52
49, 1250, 52
49, 1260, 52
49, 1270, 52
49, 1280, 52
49, 1290, 52
49, 1300, 52
49, 1310, 52
49, 1320, 52
49, 1330, 52
49, 1340, 52
49, 1350, 52
{'count': 1350, 'truepos': 45, 'falseneg': 14, 'correction': 0, 'unknownyes': 3, 'falsepos': 4, 'unique': 1350}
4: Wahono.csv: three: 0, 0
6, 10
6, 20, 98
8, 30, 95
10, 40, 101
13, 50, 86
15, 60, 72
15, 70, 67
16, 80, 49
17, 90, 51
18, 100, 47
19, 110, 48
19, 120, 44
19, 130, 43
20, 140, 43
21, 150, 45
22, 160, 44
22, 170, 45
25, 180, 44
26, 190, 48
26, 200, 48
28, 210, 46
28, 220, 47
29, 230, 46
29, 240, 47
29, 250, 47
29, 260, 47
30, 270, 47
31, 280, 45
31, 290, 47
33, 300, 48
35, 310, 48
35, 320, 54
35, 330, 53
35, 340, 51
35, 350, 51
35, 360, 49
37, 370, 50
37, 380, 55
38, 390, 52
38, 400, 54
38, 410, 52
38, 420, 54
38, 430, 53
38, 440, 53
38, 450, 52
40, 460, 48
40, 470, 51
40, 480, 50
40, 490, 51
40, 500, 50
40, 510, 50
40, 520, 50
40, 530, 49
41, 540, 49
41, 550, 52
41, 560, 49
41, 570, 48
42, 580, 50
42, 590, 52
42, 600, 51
42, 610, 51
42, 620, 50
42, 630, 50
42, 640, 49
42, 650, 50
42, 660, 50
43, 670, 50
43, 680, 50
43, 690, 51
44, 700, 50
44, 710, 52
44, 720, 52
45, 730, 52
46, 740, 53
46, 750, 55
46, 760, 55
46, 770, 54
46, 780, 53
46, 790, 54
46, 800, 54
46, 810, 54
46, 820, 54
46, 830, 52
46, 840, 53
46, 850, 53
46, 860, 53
46, 870, 53
46, 880, 53
46, 890, 53
46, 900, 53
46, 910, 53
46, 920, 52
46, 930, 52
46, 940, 52
46, 950, 52
46, 960, 52
46, 970, 51
46, 980, 52
46, 990, 51
46, 1000, 52
46, 1010, 52
46, 1020, 51
46, 1030, 51
46, 1040, 52
46, 1050, 51
46, 1060, 51
46, 1070, 50
46, 1080, 51
46, 1090, 50
46, 1100, 51
46, 1110, 50
46, 1120, 51
46, 1130, 51
46, 1140, 50
46, 1150, 51
46, 1160, 50
46, 1170, 50
46, 1180, 50
46, 1190, 50
46, 1200, 50
48, 1210, 50
48, 1220, 52
48, 1230, 52
48, 1240, 52
48, 1250, 52
48, 1260, 52
48, 1270, 52
48, 1280, 52
48, 1290, 52
48, 1300, 52
48, 1310, 52
48, 1320, 52
48, 1330, 52
48, 1340, 52
48, 1350, 52
49, 1360, 52
49, 1370, 53
49, 1380, 52
49, 1390, 53
49, 1400, 53
49, 1410, 52
49, 1420, 53
49, 1430, 53
49, 1440, 53
49, 1450, 52
49, 1460, 52
49, 1470, 52
49, 1480, 52
49, 1490, 52
49, 1500, 53
49, 1510, 52
49, 1520, 52
49, 1530, 52
49, 1540, 53
49, 1550, 52
49, 1560, 52
49, 1570, 52
49, 1580, 52
49, 1590, 51
49, 1600, 52
49, 1610, 52
49, 1620, 52
49, 1630, 52
49, 1640, 52
49, 1650, 52
49, 1660, 51
49, 1670, 51
49, 1680, 52
49, 1690, 51
49, 1700, 52
49, 1710, 51
49, 1720, 51
49, 1730, 51
49, 1740, 51
{'count': 3514, 'truepos': 49, 'falseneg': 12, 'correction': 32, 'unknownyes': 1, 'falsepos': 0, 'unique': 1740}
4: Wahono.csv: machine: 0, 0
4, 10
4, 20, 94
6, 30, 89
7, 40, 85
10, 50, 63
10, 60, 64
['yes']
['yes' 'no' 'yes' 'no' 'no' 'no' 'no' 'no' 'no' 'no' 'no' 'no' 'no' 'yes'
 'yes' 'yes' 'no' 'yes' 'no']
15, 60, 64
16, 70, 70
18, 80, 54
18, 90, 54
19, 100, 47
20, 110, 47
['yes']
['no' 'no' 'no' 'yes' 'no' 'no' 'no' 'no' 'no' 'no' 'no' 'no' 'no' 'no'
 'no' 'no' 'no' 'no' 'no']
21, 110, 47
21, 120, 48
21, 130, 46
21, 140, 46
21, 150, 46
22, 160, 46
['yes']
['no' 'yes' 'no' 'no' 'no' 'no' 'no' 'no' 'no' 'no' 'no' 'no' 'no' 'no'
 'yes' 'no' 'no' 'no' 'no']
23, 160, 46
23, 170, 48
24, 180, 48
27, 190, 49
27, 200, 51
28, 210, 50
['yes']
['no' 'no' 'no' 'no' 'no' 'no' 'no' 'no' 'no' 'yes' 'no' 'no' 'no' 'no'
 'no' 'no' 'no' 'no' 'yes']
29, 210, 50
29, 220, 51
31, 230, 49
32, 240, 55
33, 250, 53
34, 260, 56
['yes']
['no' 'no' 'yes' 'no' 'no' 'no' 'no' 'no' 'no' 'no' 'no' 'yes' 'no' 'no'
 'no' 'no' 'no' 'no' 'no']
35, 260, 56
35, 270, 59
35, 280, 54
35, 290, 57
35, 300, 59
35, 310, 56
['yes']
['no' 'no' 'no' 'no' 'no' 'no' 'no' 'no' 'no' 'yes' 'no' 'no' 'no' 'no'
 'no' 'no' 'no' 'no' 'no']
35, 310, 56
35, 320, 47
35, 330, 52
36, 340, 53
38, 350, 52
38, 360, 58
['yes']
['no' 'no' 'no' 'no' 'no' 'no' 'no' 'no' 'no' 'no' 'no' 'no' 'no' 'no'
 'no' 'no' 'no' 'no' 'no']
38, 360, 58
39, 370, 54
40, 380, 55
40, 390, 60
40, 400, 57
40, 410, 51
['yes']
['no' 'no' 'no' 'no' 'no' 'no' 'no' 'no' 'no' 'no' 'no' 'no' 'no' 'no'
 'no' 'no' 'no' 'no' 'no']
40, 410, 51
41, 420, 52
41, 430, 54
42, 440, 53
42, 450, 53
43, 460, 53
['yes']
['no' 'no' 'no' 'no' 'no' 'no' 'no' 'no' 'no' 'no' 'no' 'no' 'no' 'no'
 'no' 'no' 'no' 'no' 'no']
43, 460, 53
43, 470, 55
43, 480, 54
43, 490, 52
43, 500, 53
44, 510, 50
['yes']
['no' 'no' 'no' 'no' 'no' 'no' 'no' 'no' 'no' 'no' 'no' 'yes' 'no' 'no'
 'no' 'no' 'no' 'no' 'no']
45, 510, 50
45, 520, 56
45, 530, 55
46, 540, 55
46, 550, 55
46, 560, 56
['yes']
['no' 'no' 'no' 'no' 'no' 'no' 'no' 'no' 'no' 'no' 'no' 'yes' 'no' 'no'
 'no' 'no' 'no' 'no' 'no']
46, 560, 56
47, 570, 57
47, 580, 57
48, 590, 54
48, 600, 58
48, 610, 57
['yes']
['no' 'no' 'no' 'no' 'no' 'no' 'no' 'no' 'no' 'no' 'no' 'no' 'no' 'no'
 'no' 'no' 'no' 'no' 'no']
47, 610, 57
47, 620, 57
47, 630, 55
47, 640, 56
47, 650, 58
47, 660, 54
['yes']
['no' 'no' 'no' 'yes' 'no' 'no' 'no' 'no' 'no' 'no' 'no' 'no' 'no' 'no'
 'no' 'no' 'no' 'no' 'no']
47, 660, 54
47, 670, 54
47, 680, 56
47, 690, 55
47, 700, 55
47, 710, 54
['yes']
['no' 'no' 'no' 'no' 'no' 'no' 'no' 'no' 'no' 'no' 'no' 'no' 'no' 'no'
 'no' 'no' 'no' 'no' 'no']
47, 710, 54
47, 720, 54
47, 730, 53
47, 740, 54
47, 750, 55
48, 760, 52
['no']
['no' 'no' 'no' 'no' 'no' 'no' 'no' 'no' 'no' 'no' 'no' 'no' 'no' 'no'
 'no' 'no' 'no' 'no' 'no']
47, 760, 52
47, 770, 54
47, 780, 54
47, 790, 54
47, 800, 52
47, 810, 53
['yes']
['no' 'no' 'no' 'no' 'no' 'no' 'no' 'no' 'no' 'no' 'no' 'no' 'no' 'no'
 'no' 'no' 'no' 'no' 'no']
46, 810, 53
46, 820, 50
46, 830, 51
46, 840, 51
46, 850, 51
46, 860, 50
['yes']
['no' 'no' 'no' 'no' 'no' 'no' 'no' 'no' 'no' 'no' 'no' 'no' 'no' 'no'
 'no' 'no' 'no' 'no' 'no']
46, 860, 50
46, 870, 50
46, 880, 50
46, 890, 50
46, 900, 50
46, 910, 50
['yes']
['no' 'no' 'no' 'no' 'no' 'no' 'no' 'no' 'no' 'no' 'no' 'no' 'no' 'no'
 'no' 'no' 'no' 'no' 'no']
46, 910, 50
46, 920, 51
46, 930, 50
47, 940, 50
47, 950, 52
47, 960, 51
['no']
['no' 'no' 'no' 'no' 'no' 'no' 'no' 'no' 'no' 'no' 'no' 'no' 'no' 'no'
 'no' 'no' 'no' 'no' 'no']
46, 960, 51
47, 970, 49
47, 980, 51
47, 990, 51
47, 1000, 50
47, 1010, 50
['no']
['no' 'no' 'no' 'no' 'no' 'no' 'no' 'no' 'no' 'no' 'no' 'no' 'no' 'no'
 'no' 'no' 'no' 'no' 'no']
46, 1010, 50
46, 1020, 50
47, 1030, 49
47, 1040, 50
47, 1050, 50
47, 1060, 51
['yes']
['no' 'no' 'no' 'no' 'no' 'no' 'no' 'no' 'no' 'no' 'no' 'no' 'no' 'no'
 'no' 'no' 'no' 'no' 'no']
47, 1060, 51
47, 1070, 50
47, 1080, 50
47, 1090, 50
47, 1100, 50
47, 1110, 50
['yes']
['no' 'no' 'no' 'no' 'no' 'no' 'no' 'no' 'yes' 'no' 'no' 'no' 'no' 'no'
 'no' 'no' 'no' 'no' 'no']
48, 1110, 50
48, 1120, 51
48, 1130, 51
48, 1140, 52
49, 1150, 51
49, 1160, 53
['no']
['yes' 'no' 'no' 'no' 'no' 'no' 'no' 'no' 'no' 'no' 'no' 'no' 'no' 'no'
 'no' 'no' 'no' 'no' 'no']
49, 1160, 53
49, 1170, 52
49, 1180, 52
49, 1190, 52
49, 1200, 52
50, 1210, 52
['yes']
['no' 'no' 'no' 'no' 'no' 'no' 'no' 'no' 'no' 'no' 'no' 'no' 'no' 'no'
 'no' 'no' 'no' 'no' 'no']
50, 1210, 52
50, 1220, 53
50, 1230, 53
50, 1240, 53
50, 1250, 53
50, 1260, 53
['yes']
['no' 'no' 'no' 'no' 'no' 'no' 'no' 'no' 'no' 'no' 'no' 'no' 'no' 'no'
 'no' 'no' 'no' 'no' 'no']
50, 1260, 53
50, 1270, 53
50, 1280, 53
{'count': 1792, 'truepos': 50, 'falseneg': 10, 'correction': 22, 'unknownyes': 2, 'falsepos': 0, 'unique': 1280}
4: Wahono.csv: knee: 0, 0
3, 10
3, 20
5, 30
7, 40
9, 50
9, 60
11, 70
11, 80
11, 90
12, 100
13, 110
13, 120
14, 130
15, 140
15, 150
16, 160
16, 170
16, 180
16, 190
17, 200
18, 210
19, 220
19, 230
19, 240
19, 250
19, 260
19, 270
21, 280
21, 290
21, 300
21, 310
21, 320
21, 330
22, 340
22, 350
22, 360
23, 370
25, 380
25, 390
25, 400
25, 410
25, 420
25, 430
25, 440
26, 450
27, 460
27, 470
28, 480
29, 490
29, 500
29, 510
29, 520
29, 530
29, 540
29, 550
29, 560
29, 570
30, 580
31, 590
31, 600
31, 610
31, 620
31, 630
32, 640
32, 650
32, 660
32, 670
32, 680
32, 690
32, 700
32, 710
32, 720
33, 730
33, 740
33, 750
33, 760
33, 770
33, 780
33, 790
33, 800
33, 810
33, 820
33, 830
33, 840
33, 850
34, 860
34, 870
34, 880
34, 890
34, 900
34, 910
34, 920
34, 930
34, 940
34, 950
34, 960
34, 970
34, 980
34, 990
35, 1000
35, 1010
35, 1020
35, 1030
35, 1040
35, 1050
35, 1060
35, 1070
35, 1080
36, 1090
36, 1100
36, 1110
36, 1120
36, 1130
36, 1140
36, 1150
36, 1160
36, 1170
36, 1180
36, 1190
36, 1200
36, 1210
36, 1220
36, 1230
36, 1240
36, 1250
36, 1260
36, 1270
36, 1280
37, 1290
37, 1300
37, 1310
37, 1320
37, 1330
37, 1340
37, 1350
38, 1360
38, 1370
39, 1380
39, 1390
39, 1400
39, 1410
39, 1420
39, 1430
39, 1440
39, 1450
39, 1460
39, 1470
39, 1480
39, 1490
39, 1500
39, 1510
39, 1520
40, 1530
40, 1540
40, 1550
40, 1560
40, 1570
40, 1580
40, 1590
40, 1600
40, 1610
40, 1620
40, 1630
40, 1640
40, 1650
40, 1660
40, 1670
40, 1680
40, 1690
40, 1700
40, 1710
{'count': 2188, 'truepos': 57, 'falseneg': 3, 'correction': 27, 'unknownyes': 2, 'falsepos': 1, 'unique': 1710}
4: Danijel.csv: none: 0, 0
4, 10
5, 20, 129
5, 30, 113
6, 40, 82
7, 50, 59
7, 60, 54
9, 70, 46
9, 80, 45
10, 90, 42
11, 100, 42
15, 110, 41
18, 120, 49
19, 130, 50
21, 140, 49
21, 150, 47
21, 160, 45
21, 170, 42
21, 180, 41
23, 190, 40
25, 200, 43
27, 210, 43
29, 220, 44
29, 230, 45
30, 240, 44
30, 250, 44
30, 260, 48
31, 270, 48
33, 280, 43
33, 290, 50
33, 300, 45
33, 310, 46
33, 320, 45
33, 330, 44
34, 340, 45
34, 350, 46
34, 360, 46
34, 370, 48
34, 380, 42
34, 390, 44
34, 400, 47
34, 410, 45
34, 420, 44
34, 430, 45
34, 440, 42
34, 450, 42
34, 460, 42
35, 470, 43
35, 480, 42
35, 490, 45
35, 500, 44
35, 510, 43
35, 520, 44
35, 530, 43
35, 540, 43
35, 550, 43
35, 560, 43
35, 570, 42
35, 580, 42
35, 590, 41
35, 600, 40
35, 610, 41
35, 620, 43
35, 630, 42
35, 640, 40
35, 650, 40
36, 660, 40
36, 670, 42
37, 680, 41
37, 690, 42
37, 700, 41
38, 710, 40
38, 720, 43
38, 730, 42
38, 740, 42
38, 750, 42
38, 760, 41
38, 770, 41
38, 780, 42
38, 790, 42
39, 800, 42
39, 810, 42
39, 820, 42
39, 830, 42
39, 840, 42
39, 850, 42
40, 860, 43
40, 870, 43
40, 880, 43
40, 890, 43
40, 900, 43
40, 910, 43
40, 920, 43
40, 930, 43
40, 940, 43
40, 950, 43
40, 960, 43
40, 970, 43
{'count': 970, 'truepos': 38, 'falseneg': 8, 'correction': 0, 'unknownyes': 2, 'falsepos': 2, 'unique': 970}
4: Danijel.csv: three: 0, 0
4, 10
4, 20, 121
6, 30, 94
8, 40, 69
8, 50, 64
8, 60, 51
9, 70, 44
10, 80, 44
10, 90, 43
10, 100, 40
12, 110, 38
15, 120, 39
17, 130, 44
19, 140, 46
20, 150, 47
22, 160, 45
23, 170, 46
24, 180, 45
24, 190, 44
24, 200, 42
25, 210, 42
28, 220, 42
29, 230, 46
30, 240, 46
31, 250, 42
31, 260, 45
31, 270, 47
31, 280, 45
31, 290, 41
34, 300, 40
34, 310, 44
34, 320, 43
34, 330, 43
34, 340, 42
34, 350, 44
34, 360, 41
34, 370, 41
34, 380, 41
35, 390, 42
35, 400, 41
37, 410, 42
37, 420, 46
37, 430, 45
37, 440, 45
37, 450, 44
37, 460, 45
37, 470, 44
37, 480, 45
38, 490, 43
38, 500, 46
38, 510, 45
38, 520, 45
38, 530, 43
38, 540, 43
38, 550, 44
38, 560, 44
38, 570, 44
38, 580, 43
38, 590, 44
38, 600, 43
38, 610, 42
38, 620, 43
38, 630, 43
38, 640, 44
38, 650, 42
38, 660, 42
38, 670, 42
38, 680, 43
39, 690, 42
39, 700, 43
39, 710, 43
39, 720, 42
39, 730, 43
39, 740, 42
39, 750, 43
39, 760, 42
39, 770, 43
39, 780, 43
{'count': 1579, 'truepos': 39, 'falseneg': 7, 'correction': 17, 'unknownyes': 2, 'falsepos': 0, 'unique': 780}
4: Danijel.csv: machine: 0, 0
3, 10
5, 20, 117
6, 30, 100
6, 40, 89
7, 50, 59
7, 60, 49
['yes']
['no' 'no' 'yes' 'no' 'no' 'no' 'no' 'no' 'yes' 'no' 'no' 'no' 'no' 'no'
 'no' 'no' 'no' 'no' 'no']
8, 60, 49
12, 70, 51
13, 80, 57
13, 90, 53
13, 100, 48
13, 110, 42
['yes']
['no' 'no' 'no' 'no' 'no' 'no' 'no' 'no' 'no' 'no' 'no' 'no' 'no' 'no'
 'no' 'no' 'yes' 'no' 'no']
13, 110, 42
14, 120, 39
14, 130, 41
15, 140, 40
15, 150, 39
15, 160, 39
['yes']
['no' 'no' 'no' 'no' 'no' 'no' 'yes' 'no' 'no' 'no' 'no' 'no' 'no' 'no'
 'no' 'no' 'no' 'no' 'yes']
17, 160, 39
19, 170, 39
20, 180, 41
20, 190, 41
21, 200, 40
22, 210, 40
['yes']
['yes' 'no' 'no' 'no' 'no' 'no' 'no' 'no' 'no' 'no' 'no' 'no' 'yes' 'no'
 'no' 'no' 'no' 'no' 'no']
23, 210, 40
27, 220, 42
29, 230, 46
29, 240, 47
30, 250, 45
30, 260, 47
['yes']
['no' 'no' 'no' 'no' 'no' 'no' 'no' 'no' 'no' 'no' 'no' 'no' 'no' 'no'
 'yes' 'no' 'no' 'no' 'no']
30, 260, 47
31, 270, 45
31, 280, 50
31, 290, 45
31, 300, 46
31, 310, 45
['no']
['no' 'no' 'no' 'no' 'no' 'no' 'no' 'no' 'no' 'no' 'no' 'no' 'no' 'no'
 'no' 'no' 'no' 'no' 'no']
30, 310, 45
30, 320, 44
30, 330, 41
30, 340, 40
30, 350, 39
30, 360, 40
['yes']
['no' 'yes' 'no' 'no' 'no' 'no' 'no' 'no' 'no' 'no' 'no' 'no' 'no' 'no'
 'no' 'no' 'no' 'no' 'no']
31, 360, 40
31, 370, 42
31, 380, 40
31, 390, 40
31, 400, 39
31, 410, 38
['yes']
['no' 'no' 'no' 'no' 'no' 'no' 'no' 'no' 'no' 'no' 'no' 'no' 'no' 'no'
 'no' 'no' 'no' 'no' 'no']
31, 410, 38
31, 420, 39
31, 430, 40
31, 440, 37
32, 450, 38
32, 460, 38
['yes']
['no' 'no' 'no' 'no' 'no' 'no' 'no' 'no' 'no' 'no' 'no' 'no' 'no' 'no'
 'no' 'no' 'no' 'no' 'no']
32, 460, 38
32, 470, 40
32, 480, 40
32, 490, 40
32, 500, 38
32, 510, 39
['yes']
['no' 'no' 'no' 'no' 'no' 'no' 'no' 'no' 'no' 'no' 'no' 'no' 'no' 'no'
 'no' 'no' 'no' 'no' 'no']
32, 510, 39
32, 520, 39
32, 530, 37
33, 540, 39
33, 550, 38
33, 560, 39
['yes']
['no' 'no' 'no' 'no' 'no' 'no' 'no' 'no' 'no' 'no' 'no' 'yes' 'no' 'no'
 'no' 'no' 'no' 'no' 'no']
33, 560, 39
33, 570, 38
33, 580, 38
33, 590, 37
33, 600, 37
33, 610, 37
['yes']
['no' 'no' 'no' 'no' 'no' 'no' 'no' 'no' 'no' 'no' 'no' 'no' 'no' 'no'
 'no' 'no' 'no' 'no' 'no']
32, 610, 37
32, 620, 37
32, 630, 36
32, 640, 37
32, 650, 37
32, 660, 36
['yes']
['yes' 'no' 'no' 'no' 'no' 'no' 'no' 'no' 'no' 'no' 'no' 'no' 'no' 'no'
 'no' 'no' 'no' 'no' 'no']
33, 660, 36
33, 670, 36
33, 680, 37
33, 690, 37
33, 700, 37
34, 710, 37
['yes']
['no' 'no' 'no' 'no' 'no' 'no' 'no' 'no' 'no' 'no' 'no' 'no' 'no' 'no'
 'no' 'no' 'no' 'no' 'no']
34, 710, 37
34, 720, 37
34, 730, 37
34, 740, 37
34, 750, 37
34, 760, 37
['yes']
['no' 'no' 'no' 'no' 'no' 'no' 'no' 'no' 'no' 'no' 'no' 'no' 'no' 'no'
 'no' 'no' 'no' 'no' 'no']
33, 760, 37
33, 770, 36
33, 780, 36
33, 790, 35
33, 800, 35
33, 810, 36
['yes']
['no' 'no' 'no' 'no' 'no' 'no' 'no' 'no' 'no' 'no' 'no' 'no' 'no' 'no'
 'no' 'no' 'no' 'no' 'no']
33, 810, 36
33, 820, 36
34, 830, 35
34, 840, 37
34, 850, 37
34, 860, 36
['yes']
['no' 'no' 'no' 'no' 'yes' 'no' 'no' 'yes' 'no' 'no' 'no' 'no' 'no' 'no'
 'no' 'no' 'no' 'no' 'no']
35, 860, 36
35, 870, 37
35, 880, 37
35, 890, 38
35, 900, 37
35, 910, 37
['yes']
['no' 'no' 'no' 'no' 'no' 'no' 'no' 'no' 'no' 'no' 'no' 'no' 'no' 'no'
 'no' 'no' 'no' 'no' 'no']
35, 910, 37
35, 920, 37
35, 930, 37
35, 940, 37
35, 950, 37
35, 960, 37
['yes']
['no' 'no' 'no' 'no' 'no' 'no' 'no' 'no' 'no' 'no' 'no' 'no' 'no' 'no'
 'no' 'no' 'no' 'no' 'no']
34, 960, 37
34, 970, 36
34, 980, 36
34, 990, 36
34, 1000, 36
34, 1010, 36
['yes']
['no' 'no' 'no' 'no' 'no' 'no' 'no' 'no' 'no' 'no' 'no' 'no' 'no' 'no'
 'no' 'no' 'no' 'yes' 'no']
35, 1010, 36
35, 1020, 37
35, 1030, 37
35, 1040, 37
35, 1050, 37
35, 1060, 37
['yes']
['no' 'no' 'no' 'no' 'no' 'no' 'no' 'no' 'no' 'no' 'no' 'no' 'no' 'no'
 'no' 'no' 'no' 'no' 'no']
35, 1060, 37
35, 1070, 37
35, 1080, 36
35, 1090, 37
35, 1100, 37
35, 1110, 36
['yes']
['no' 'no' 'no' 'no' 'no' 'no' 'no' 'no' 'no' 'yes' 'no' 'no' 'no' 'no'
 'no' 'no' 'no' 'no' 'no']
36, 1110, 36
{'count': 1555, 'truepos': 36, 'falseneg': 10, 'correction': 12, 'unknownyes': 2, 'falsepos': 0, 'unique': 1110}
4: Danijel.csv: knee: 0, 0
3, 10
3, 20
4, 30
5, 40
6, 50
8, 60
9, 70
10, 80
13, 90
15, 100
16, 110
16, 120
18, 130
19, 140
20, 150
21, 160
22, 170
22, 180
22, 190
24, 200
25, 210
25, 220
25, 230
26, 240
26, 250
28, 260
28, 270
28, 280
28, 290
28, 300
28, 310
28, 320
28, 330
28, 340
28, 350
28, 360
28, 370
28, 380
28, 390
28, 400
28, 410
28, 420
28, 430
28, 440
28, 450
28, 460
28, 470
28, 480
28, 490
28, 500
28, 510
28, 520
28, 530
28, 540
28, 550
28, 560
28, 570
29, 580
30, 590
{'count': 824, 'truepos': 39, 'falseneg': 5, 'correction': 10, 'unknownyes': 4, 'falsepos': 2, 'unique': 590}
4: K_all3.csv: none: 0, 0
1, 10
1, 20, 93
1, 30, 62
1, 40, 51
1, 50, 48
1, 60, 46
1, 70, 44
1, 80, 43
3, 90, 42
4, 100, 44
6, 110, 46
7, 120, 44
8, 130, 42
8, 140, 42
9, 150, 40
12, 160, 39
16, 170, 42
16, 180, 44
17, 190, 42
17, 200, 42
19, 210, 40
19, 220, 42
20, 230, 40
21, 240, 41
22, 250, 41
23, 260, 41
23, 270, 42
23, 280, 41
25, 290, 41
26, 300, 44
26, 310, 44
29, 320, 44
29, 330, 47
29, 340, 46
29, 350, 46
30, 360, 46
30, 370, 40
30, 380, 41
30, 390, 38
30, 400, 39
30, 410, 34
30, 420, 35
30, 430, 35
30, 440, 36
30, 450, 36
31, 460, 35
31, 470, 35
31, 480, 35
31, 490, 34
31, 500, 34
31, 510, 34
31, 520, 34
31, 530, 34
31, 540, 34
31, 550, 33
32, 560, 34
32, 570, 35
32, 580, 34
32, 590, 34
33, 600, 34
33, 610, 35
33, 620, 35
33, 630, 35
33, 640, 35
{'count': 640, 'truepos': 30, 'falseneg': 13, 'correction': 0, 'unknownyes': 2, 'falsepos': 3, 'unique': 640}
4: K_all3.csv: three: 0, 0
1, 10
1, 20, 94
1, 30, 62
1, 40, 51
1, 50, 48
1, 60, 46
1, 70, 44
1, 80, 43
2, 90, 42
4, 100, 43
7, 110, 49
9, 120, 48
10, 130, 48
12, 140, 46
14, 150, 47
14, 160, 48
16, 170, 45
17, 180, 45
17, 190, 45
17, 200, 43
17, 210, 42
17, 220, 41
17, 230, 40
18, 240, 40
19, 250, 41
21, 260, 42
23, 270, 43
24, 280, 44
25, 290, 44
25, 300, 44
25, 310, 43
25, 320, 43
26, 330, 43
26, 340, 44
28, 350, 43
29, 360, 45
29, 370, 45
29, 380, 45
30, 390, 44
31, 400, 37
33, 410, 40
33, 420, 43
33, 430, 41
33, 440, 41
33, 450, 40
33, 460, 38
33, 470, 37
33, 480, 37
33, 490, 39
33, 500, 37
33, 510, 37
33, 520, 37
33, 530, 36
33, 540, 36
34, 550, 35
34, 560, 37
34, 570, 37
34, 580, 36
35, 590, 36
35, 600, 38
36, 610, 37
{'count': 1246, 'truepos': 36, 'falseneg': 8, 'correction': 24, 'unknownyes': 1, 'falsepos': 0, 'unique': 610}
4: K_all3.csv: machine: 0, 0
1, 10
1, 20, 94
1, 30, 61
1, 40, 51
1, 50, 48
1, 60, 46
['yes']
['no' 'no' 'no' 'no' 'no' 'no' 'no' 'no' 'no' 'no' 'no' 'no' 'no' 'no'
 'no' 'no' 'no' 'no' 'no']
1, 60, 46
1, 70, 44
1, 80, 43
1, 90, 42
1, 100, 42
1, 110, 41
null
['no' 'no' 'no' 'no' 'no' 'no' 'no' 'no' 'no' 'no' 'no' 'no' 'no' 'no'
 'no' 'no' 'no' 'no' 'no']
1, 110, 41
1, 120, 41
1, 130, 40
1, 140, 40
1, 150, 39
1, 160, 39
null
['no' 'no' 'no' 'no' 'no' 'no' 'no' 'no' 'no' 'no' 'no' 'no' 'no' 'no'
 'no' 'no' 'no' 'no' 'no']
1, 160, 39
1, 170, 39
1, 180, 39
2, 190, 38
4, 200, 40
6, 210, 41
['yes']
['no' 'no' 'no' 'no' 'no' 'no' 'no' 'no' 'no' 'no' 'no' 'no' 'no' 'no'
 'no' 'no' 'no' 'no' 'no']
6, 210, 41
10, 220, 41
14, 230, 43
17, 240, 48
19, 250, 49
20, 260, 49
['yes']
['no' 'no' 'no' 'no' 'no' 'no' 'no' 'yes' 'no' 'no' 'no' 'no' 'no' 'no'
 'no' 'no' 'no' 'yes' 'no']
22, 260, 49
22, 270, 51
22, 280, 49
23, 290, 47
24, 300, 47
24, 310, 47
['yes']
['no' 'yes' 'no' 'no' 'no' 'yes' 'no' 'yes' 'no' 'yes' 'no' 'no' 'no' 'no'
 'no' 'no' 'no' 'no' 'no']
27, 310, 47
27, 320, 49
27, 330, 47
27, 340, 47
28, 350, 46
28, 360, 47
['no']
['no' 'no' 'no' 'no' 'no' 'no' 'no' 'no' 'no' 'no' 'no' 'no' 'no' 'no'
 'no' 'no' 'no' 'no' 'no']
27, 360, 47
27, 370, 45
27, 380, 44
27, 390, 44
27, 400, 44
27, 410, 43
['yes']
['no' 'no' 'no' 'no' 'no' 'no' 'no' 'no' 'no' 'no' 'no' 'no' 'no' 'no'
 'no' 'no' 'no' 'no' 'no']
27, 410, 43
27, 420, 43
29, 430, 43
31, 440, 45
32, 450, 36
33, 460, 37
['yes']
['no' 'no' 'no' 'no' 'no' 'no' 'no' 'no' 'no' 'no' 'no' 'no' 'no' 'no'
 'no' 'no' 'no' 'no' 'no']
33, 460, 37
33, 470, 37
33, 480, 38
33, 490, 37
33, 500, 36
35, 510, 36
['yes']
['no' 'no' 'no' 'no' 'no' 'no' 'no' 'no' 'no' 'yes' 'no' 'no' 'no' 'yes'
 'no' 'no' 'no' 'no' 'no']
37, 510, 36
38, 520, 41
38, 530, 42
40, 540, 42
40, 550, 44
40, 560, 44
['no']
['no' 'no' 'no' 'no' 'no' 'yes' 'no' 'no' 'no' 'no' 'no' 'no' 'no' 'no'
 'no' 'no' 'no' 'no' 'no']
41, 560, 44
42, 570, 45
42, 580, 46
42, 590, 47
42, 600, 46
42, 610, 45
['no']
['no' 'no' 'no' 'no' 'no' 'no' 'no' 'no' 'no' 'yes' 'no' 'no' 'no' 'no'
 'no' 'no' 'no' 'no' 'no']
41, 610, 45
42, 620, 44
42, 630, 45
{'count': 874, 'truepos': 35, 'falseneg': 6, 'correction': 13, 'unknownyes': 4, 'falsepos': 7, 'unique': 630}
4: K_all3.csv: knee: 0, 0
1, 10
1, 20
1, 30
1, 40
1, 50
1, 60
1, 70
1, 80
1, 90
1, 100
1, 110
1, 120
1, 130
1, 140
1, 150
1, 160
1, 170
1, 180
1, 190
1, 200
2, 210
2, 220
2, 230
2, 240
3, 250
4, 260
6, 270
6, 280
7, 290
7, 300
10, 310
10, 320
12, 330
13, 340
15, 350
20, 360
20, 370
21, 380
21, 390
22, 400
22, 410
23, 420
23, 430
24, 440
24, 450
24, 460
24, 470
24, 480
24, 490
24, 500
24, 510
24, 520
24, 530
24, 540
24, 550
24, 560
25, 570
25, 580
26, 590
26, 600
26, 610
27, 620
27, 630
28, 640
28, 650
28, 660
29, 670
29, 680
30, 690
30, 700
30, 710
31, 720
31, 730
32, 740
32, 750
33, 760
33, 770
34, 780
35, 790
35, 800
35, 810
35, 820
35, 830
35, 840
35, 850
36, 860
36, 870
36, 880
36, 890
36, 900
36, 910
36, 920
36, 930
36, 940
36, 950
36, 960
36, 970
37, 980
37, 990
37, 1000
37, 1010
37, 1020
37, 1030
37, 1040
37, 1050
37, 1060
37, 1070
37, 1080
37, 1090
37, 1100
37, 1110
37, 1120
37, 1130
37, 1140
37, 1150
37, 1160
37, 1170
38, 1180
38, 1190
38, 1200
38, 1210
38, 1220
38, 1230
38, 1240
38, 1250
38, 1260
38, 1270
38, 1280
38, 1290
38, 1300
38, 1310
38, 1320
38, 1330
38, 1340
38, 1350
38, 1360
38, 1370
38, 1380
39, 1390
39, 1400
39, 1410
40, 1420
40, 1430
40, 1440
40, 1450
40, 1460
40, 1470
40, 1480
40, 1490
40, 1500
40, 1510
40, 1520
41, 1530
41, 1540
41, 1550
41, 1560
41, 1570
41, 1580
41, 1590
41, 1600
41, 1610
41, 1620
41, 1630
41, 1640
41, 1650
41, 1660
41, 1670
41, 1680
41, 1690
41, 1700
42, 1704

------------------------------------------------------------
Sender: LSF System <lsfadmin@n2e5-5>
Subject: Job 759521: </share/tjmenzie/zyu9/miniconda2/bin/python2.7 runner.py error_hpcc 4> in cluster <henry2> Exited

Job </share/tjmenzie/zyu9/miniconda2/bin/python2.7 runner.py error_hpcc 4> was submitted from host <login01.hpc.ncsu.edu> by user <zyu9> in cluster <henry2> at Sat Feb 24 16:17:36 2018.
Job was executed on host(s) <2*n2e5-5>, in queue <single_chassis>, as user <zyu9> in cluster <henry2> at Sat Feb 24 16:17:42 2018.
</home/zyu9> was used as the home directory.
</home/zyu9/projects/MAR_HPC/Error/src> was used as the working directory.
Started at Sat Feb 24 16:17:42 2018.
Terminated at Sat Feb 24 17:27:38 2018.
Results reported at Sat Feb 24 17:27:38 2018.

Your job looked like:

------------------------------------------------------------
# LSBATCH: User input
/share/tjmenzie/zyu9/miniconda2/bin/python2.7 runner.py error_hpcc 4
------------------------------------------------------------

Exited with exit code 1.

Resource usage summary:

    CPU time :                                   5291.13 sec.
    Max Memory :                                 282.38 MB
    Average Memory :                             231.67 MB
    Total Requested Memory :                     -
    Delta Memory :                               -
    Max Swap :                                   1327 MB
    Max Processes :                              3
    Max Threads :                                8
    Run time :                                   4197 sec.
    Turnaround time :                            4202 sec.

The output (if any) is above this job summary.



PS: The stderr output (if any) follows:

Traceback (most recent call last):
  File "runner.py", line 350, in <module>
    eval(cmd())
  File "<string>", line 1, in <module>
  File "runner.py", line 292, in error_hpcc
    result = BM25(file,queries[file],'knee','random')
  File "runner.py", line 193, in BM25
    seq = coded[np.argsort(read.body['time'][coded])]
TypeError: only integer scalar arrays can be converted to a scalar index


PS:

Fail to open stderr file ./err/4.err.759521: No such file or directory.
The stderr output is included in this report.

