4: Hall.csv: none: 0, 0
8, 10
10, 20, 127
16, 30, 125
22, 40, 105
28, 50, 100
35, 60, 102
38, 70, 104
44, 80, 95
45, 90, 110
48, 100, 94
52, 110, 101
55, 120, 113
58, 130, 107
65, 140, 109
67, 150, 130
73, 160, 122
77, 170, 127
80, 180, 123
82, 190, 117
87, 200, 112
92, 210, 109
94, 220, 117
96, 230, 113
98, 240, 114
99, 250, 114
102, 260, 118
104, 270, 126
105, 280, 130
107, 290, 123
107, 300, 128
109, 310, 126
113, 320, 133
114, 330, 144
115, 340, 137
116, 350, 144
118, 360, 138
118, 370, 144
120, 380, 138
120, 390, 141
121, 400, 140
124, 410, 151
124, 420, 156
124, 430, 147
126, 440, 145
129, 450, 151
131, 460, 162
133, 470, 162
134, 480, 172
135, 490, 164
136, 500, 170
139, 510, 169
141, 520, 173
142, 530, 170
143, 540, 176
143, 550, 186
143, 560, 176
143, 570, 179
144, 580, 175
144, 590, 172
145, 600, 175
147, 610, 176
149, 620, 174
149, 630, 178
152, 640, 183
153, 650, 186
155, 660, 188
159, 670, 191
161, 680, 200
161, 690, 208
161, 700, 204
164, 710, 198
165, 720, 204
166, 730, 201
166, 740, 203
168, 750, 202
169, 760, 203
169, 770, 202
171, 780, 201
172, 790, 209
173, 800, 203
174, 810, 214
175, 820, 214
177, 830, 219
177, 840, 217
177, 850, 215
177, 860, 220
180, 870, 219
180, 880, 217
181, 890, 214
182, 900, 216
186, 910, 211
186, 920, 219
186, 930, 216
189, 940, 217
190, 950, 221
191, 960, 222
192, 970, 236
192, 980, 232
193, 990, 226
193, 1000, 228
194, 1010, 226
196, 1020, 228
196, 1030, 224
196, 1040, 223
199, 1050, 222
200, 1060, 232
202, 1070, 230
202, 1080, 239
203, 1090, 233
205, 1100, 235
206, 1110, 232
207, 1120, 231
207, 1130, 235
208, 1140, 238
208, 1150, 235
212, 1160, 240
213, 1170, 244
216, 1180, 246
216, 1190, 255
216, 1200, 252
217, 1210, 249
217, 1220, 247
219, 1230, 244
222, 1240, 249
223, 1250, 248
224, 1260, 250
224, 1270, 255
225, 1280, 250
228, 1290, 251
228, 1300, 258
230, 1310, 260
233, 1320, 255
234, 1330, 265
234, 1340, 258
235, 1350, 260
237, 1360, 260
241, 1370, 263
243, 1380, 270
243, 1390, 272
244, 1400, 268
245, 1410, 268
245, 1420, 275
245, 1430, 270
246, 1440, 270
247, 1450, 271
247, 1460, 271
247, 1470, 275
249, 1480, 272
251, 1490, 276
251, 1500, 276
253, 1510, 277
253, 1520, 279
254, 1530, 286
255, 1540, 286
258, 1550, 277
259, 1560, 290
259, 1570, 283
261, 1580, 280
263, 1590, 286
264, 1600, 289
265, 1610, 288
266, 1620, 291
266, 1630, 292
269, 1640, 286
271, 1650, 292
271, 1660, 295
272, 1670, 294
273, 1680, 297
274, 1690, 296
275, 1700, 294
276, 1710, 298
277, 1720, 296
279, 1730, 295
279, 1740, 301
279, 1750, 298
282, 1760, 301
282, 1770, 300
284, 1780, 301
284, 1790, 306
286, 1800, 302
287, 1810, 308
289, 1820, 309
289, 1830, 312
290, 1840, 311
291, 1850, 309
293, 1860, 315
295, 1870, 316
295, 1880, 315
297, 1890, 315
299, 1900, 316
300, 1910, 319
300, 1920, 321
301, 1930, 318
301, 1940, 318
301, 1950, 319
302, 1960, 319
303, 1970, 319
303, 1980, 320
305, 1990, 320
307, 2000, 327
307, 2010, 328
308, 2020, 327
311, 2030, 325
314, 2040, 333
316, 2050, 332
316, 2060, 334
316, 2070, 339
317, 2080, 335
318, 2090, 339
319, 2100, 336
320, 2110, 341
321, 2120, 337
323, 2130, 341
324, 2140, 342
325, 2150, 344
326, 2160, 345
326, 2170, 345
{'count': 2170, 'truepos': 97, 'falseneg': 5, 'unknownyes': 4, 'falsepos': 229, 'unique': 2170}
4: Hall.csv: three: 0, 0
8, 10
8, 20, 127
11, 30, 113
15, 40, 109
19, 50, 96
24, 60, 90
30, 70, 91
36, 80, 65
41, 90, 77
45, 100, 79
49, 110, 85
53, 120, 92
58, 130, 86
62, 140, 89
66, 150, 96
67, 160, 93
70, 170, 98
75, 180, 101
78, 190, 95
82, 200, 94
83, 210, 97
85, 220, 100
87, 230, 101
89, 240, 112
90, 250, 112
93, 260, 104
96, 270, 106
98, 280, 115
98, 290, 112
98, 300, 110
98, 310, 113
101, 320, 108
101, 330, 111
101, 340, 111
101, 350, 111
102, 360, 111
104, 370, 111
105, 380, 116
106, 390, 122
106, 400, 124
106, 410, 119
106, 420, 115
106, 430, 114
106, 440, 115
107, 450, 115
108, 460, 118
109, 470, 119
110, 480, 119
110, 490, 122
111, 500, 119
111, 510, 120
111, 520, 122
111, 530, 119
112, 540, 120
113, 550, 119
113, 560, 121
113, 570, 125
113, 580, 121
113, 590, 122
113, 600, 123
113, 610, 123
113, 620, 120
{'count': 1349, 'truepos': 99, 'falseneg': 3, 'unknownyes': 4, 'falsepos': 14, 'unique': 620}
4: Hall.csv: machine: 0, 0
8, 10
12, 20, 120
17, 30, 138
19, 40, 115
26, 50, 99
32, 60, 106
['yes' 'yes' 'yes' 'yes' 'yes' 'no' 'yes' 'yes' 'yes' 'yes']
['yes' 'no' 'no' 'no' 'no' 'no' 'no' 'no' 'no' 'no']
31, 60, 106
35, 70, 79
40, 80, 78
43, 90, 89
47, 100, 91
50, 110, 89
['no' 'yes' 'yes' 'yes' 'yes' 'yes' 'no' 'yes' 'yes' 'yes']
['no' 'no' 'no' 'no' 'no' 'no' 'no' 'no' 'no' 'no']
47, 110, 89
48, 120, 82
55, 130, 76
58, 140, 82
60, 150, 87
63, 160, 92
['yes' 'yes' 'yes' 'yes' 'yes' 'yes' 'yes' 'no' 'yes' 'yes']
['no' 'no' 'no' 'no' 'no' 'no' 'no' 'no' 'no' 'no']
63, 160, 92
69, 170, 94
75, 180, 100
81, 190, 96
86, 200, 103
89, 210, 105
['yes' 'no' 'yes' 'yes' 'yes' 'yes' 'yes' 'yes' 'yes' 'yes']
['no' 'no' 'no' 'yes' 'no' 'no' 'no' 'no' 'no' 'no']
90, 210, 105
92, 220, 114
97, 230, 112
100, 240, 118
101, 250, 125
103, 260, 120
['yes' 'no' 'yes' 'no' 'no' 'yes' 'no' 'yes' 'yes' 'no']
['no' 'no' 'yes' 'no' 'no' 'no' 'no' 'no' 'yes' 'no']
99, 260, 120
100, 270, 115
103, 280, 112
104, 290, 116
105, 300, 115
108, 310, 115
['no' 'no' 'no' 'no' 'yes' 'no' 'yes' 'no' 'yes' 'no']
['yes' 'no' 'no' 'no' 'yes' 'no' 'no' 'no' 'no' 'yes']
105, 310, 115
105, 320, 113
108, 330, 113
112, 340, 117
113, 350, 129
113, 360, 127
['no' 'yes' 'yes' 'yes' 'no' 'yes' 'no' 'no' 'no' 'no']
['no' 'no' 'no' 'no' 'no' 'no' 'no' 'no' 'no' 'yes']
109, 360, 127
109, 370, 118
111, 380, 118
113, 390, 119
115, 400, 125
117, 410, 122
['no' 'no' 'no' 'no' 'no' 'yes' 'yes' 'no' 'yes' 'yes']
['no' 'no' 'no' 'no' 'no' 'no' 'no' 'no' 'no' 'no']
['no' 'no' 'no' 'no' 'yes' 'no' 'no' 'yes' 'yes' 'yes']
['no' 'no' 'no' 'no' 'no' 'no' 'no' 'yes' 'no' 'no']
{'count': 570, 'truepos': 97, 'falseneg': 3, 'unknownyes': 6, 'falsepos': 15, 'unique': 410}
4: Hall.csv: machine2: 0, 0
8, 10
11, 20, 126
16, 30, 137
19, 40, 108
24, 50, 98
26, 60, 95
['no' 'yes' 'yes' 'yes' 'yes' 'yes' 'no' 'yes' 'yes' 'yes']
['no' 'no' 'no']
25, 60, 95
33, 70, 92
37, 80, 96
42, 90, 108
45, 100, 105
48, 110, 122
['no' 'yes' 'no' 'yes' 'no' 'yes' 'yes' 'yes' 'yes' 'yes']
['no' 'no' 'no' 'no' 'no' 'no' 'no' 'no' 'no' 'no']
46, 110, 122
49, 120, 93
49, 130, 95
55, 140, 86
60, 150, 88
64, 160, 98
['yes' 'no' 'yes' 'yes' 'yes' 'yes' 'yes' 'no' 'yes' 'yes']
['no' 'yes' 'no' 'no' 'yes' 'no' 'no' 'no' 'no' 'no']
66, 160, 98
68, 170, 94
72, 180, 98
79, 190, 90
84, 200, 101
87, 210, 103
['no' 'yes' 'no' 'yes' 'yes' 'yes' 'yes' 'yes' 'yes' 'yes']
['no' 'no' 'no' 'no' 'no' 'no' 'no' 'no' 'no' 'no']
88, 210, 103
91, 220, 104
96, 230, 107
100, 240, 140
102, 250, 143
103, 260, 130
['no' 'yes' 'yes' 'yes' 'no' 'yes' 'no' 'no' 'no' 'yes']
['no' 'no' 'no' 'yes' 'yes' 'no' 'no' 'no' 'no' 'no']
103, 260, 130
107, 270, 137
108, 280, 138
110, 290, 138
111, 300, 152
112, 310, 142
['yes' 'no' 'no' 'yes' 'no' 'no' 'yes' 'yes' 'no' 'yes']
['no' 'no' 'no' 'no' 'no' 'no' 'no' 'no' 'no' 'no']
112, 310, 142
112, 320, 142
113, 330, 133
114, 340, 136
116, 350, 137
120, 360, 143
['yes' 'yes' 'yes' 'no' 'no' 'no' 'no' 'no' 'no' 'yes']
['no' 'no' 'no' 'no' 'no' 'no' 'no' 'no' 'no' 'yes']
115, 360, 143
116, 370, 141
117, 380, 137
118, 390, 137
120, 400, 140
120, 410, 144
['no' 'no' 'no' 'yes' 'no' 'yes' 'yes' 'no' 'yes' 'yes']
['no' 'yes' 'no' 'no' 'no' 'no' 'no' 'no' 'no' 'no']
118, 410, 144
119, 420, 133
119, 430, 132
120, 440, 131
121, 450, 134
121, 460, 133
['no' 'no' 'no' 'yes' 'yes' 'yes' 'yes' 'no' 'no' 'no']
['no' 'no' 'no' 'no' 'no' 'no' 'no' 'no' 'no' 'no']
116, 460, 133
118, 470, 127
121, 480, 129
121, 490, 137
123, 500, 132
125, 510, 134
['no' 'no' 'no' 'yes' 'no' 'no' 'yes' 'no' 'no' 'no']
['no' 'no' 'no' 'no' 'no' 'no' 'no' 'no' 'no' 'no']
120, 510, 134
120, 520, 130
121, 530, 129
122, 540, 130
124, 550, 130
124, 560, 133
['no' 'no' 'no' 'no' 'no' 'no' 'no' 'no' 'no' 'yes']
['no' 'yes' 'no' 'no' 'no' 'no' 'no' 'no' 'no' 'no']
117, 560, 133
118, 570, 125
119, 580, 128
122, 590, 128
124, 600, 134
125, 610, 139
['no' 'no' 'no' 'no' 'yes' 'no' 'no' 'yes' 'yes' 'no']
['no' 'no' 'no' 'no' 'no' 'no' 'no' 'no' 'no' 'no']
122, 610, 139
122, 620, 138
122, 630, 134
124, 640, 132
124, 650, 134
125, 660, 135
['no' 'no' 'no' 'no' 'no' 'no' 'yes' 'no' 'yes' 'no']
['no' 'no' 'no' 'no' 'no' 'no' 'no' 'no' 'no' 'no']
120, 660, 135
121, 670, 129
121, 680, 130
121, 690, 129
122, 700, 128
122, 710, 130
['no' 'no' 'no' 'no' 'yes' 'yes' 'no' 'no' 'no' 'yes']
['no' 'no' 'no' 'no' 'no' 'no' 'no' 'no' 'no' 'no']
117, 710, 130
117, 720, 125
['yes' 'yes' 'yes' 'yes' 'no' 'yes' 'yes' 'yes' 'no' 'yes']
['no' 'no' 'no' 'no' 'no' 'no' 'no' 'no' 'no' 'no']
{'count': 1080, 'truepos': 96, 'falseneg': 6, 'unknownyes': 4, 'falsepos': 18, 'unique': 720}
4: Hall.csv: machine3: 0, 0
7, 10
11, 20, 113
14, 30, 134
18, 40, 97
22, 50, 91
27, 60, 87
null
['no' 'no' 'yes' 'no']
28, 60, 87
33, 70, 95
38, 80, 79
41, 90, 85
43, 100, 88
50, 110, 88
null
['no' 'yes' 'no' 'no' 'no' 'no' 'no' 'no' 'yes' 'no']
52, 110, 88
54, 120, 101
56, 130, 103
60, 140, 104
61, 150, 104
63, 160, 103
null
['no' 'no' 'no' 'no' 'no' 'no' 'no' 'no' 'no' 'no']
63, 160, 103
66, 170, 94
68, 180, 91
70, 190, 94
75, 200, 89
78, 210, 95
null
['no' 'no' 'no' 'no' 'no' 'no' 'no' 'no' 'no' 'no']
79, 210, 95
83, 220, 95
87, 230, 101
91, 240, 102
93, 250, 109
96, 260, 110
null
['no' 'no' 'no' 'yes' 'no' 'no' 'no' 'yes' 'no' 'no']
97, 260, 110
99, 270, 117
99, 280, 127
101, 290, 115
102, 300, 116
102, 310, 116
null
['yes' 'no' 'no' 'no' 'no' 'no' 'no' 'no' 'no' 'no']
103, 310, 116
104, 320, 115
105, 330, 122
105, 340, 123
105, 350, 119
105, 360, 116
null
['no' 'no' 'no' 'no' 'no' 'no' 'no' 'no' 'no' 'no']
105, 360, 116
105, 370, 115
105, 380, 117
105, 390, 117
105, 400, 114
105, 410, 115
null
['no' 'no' 'no' 'no' 'no' 'no' 'no' 'no' 'no' 'no']
105, 410, 115
105, 420, 116
105, 430, 113
105, 440, 112
107, 450, 113
107, 460, 117
null
['no' 'no' 'no' 'no' 'no' 'no' 'no' 'no' 'no' 'no']
107, 460, 117
107, 470, 117
107, 480, 115
107, 490, 115
107, 500, 113
107, 510, 113
null
['no' 'no' 'no' 'no' 'no' 'no' 'no' 'no' 'no' 'no']
107, 510, 113
null
['no' 'no' 'no' 'no' 'no' 'no' 'no' 'no' 'no' 'no']
{'count': 820, 'truepos': 98, 'falseneg': 4, 'unknownyes': 4, 'falsepos': 9, 'unique': 510}
4: Wahono.csv: none: 0, 0
6, 10
8, 20, 102
11, 30, 108
13, 40, 109
16, 50, 91
18, 60, 83
22, 70, 81
23, 80, 93
24, 90, 85
24, 100, 78
24, 110, 59
25, 120, 55
26, 130, 53
28, 140, 53
29, 150, 56
29, 160, 54
30, 170, 53
31, 180, 47
31, 190, 49
32, 200, 46
35, 210, 45
35, 220, 50
36, 230, 50
38, 240, 51
39, 250, 52
39, 260, 54
40, 270, 55
42, 280, 54
43, 290, 57
45, 300, 59
47, 310, 61
49, 320, 69
50, 330, 74
54, 340, 76
55, 350, 81
56, 360, 84
58, 370, 82
58, 380, 94
58, 390, 85
58, 400, 88
60, 410, 83
60, 420, 88
62, 430, 84
63, 440, 99
64, 450, 94
64, 460, 96
66, 470, 96
67, 480, 104
68, 490, 119
68, 500, 106
71, 510, 101
71, 520, 120
73, 530, 110
73, 540, 117
74, 550, 105
76, 560, 121
77, 570, 133
81, 580, 136
83, 590, 146
83, 600, 150
84, 610, 132
85, 620, 149
86, 630, 146
86, 640, 147
88, 650, 142
89, 660, 133
90, 670, 147
92, 680, 142
94, 690, 141
97, 700, 136
97, 710, 138
98, 720, 142
99, 730, 140
101, 740, 150
101, 750, 154
102, 760, 154
104, 770, 150
106, 780, 154
107, 790, 160
107, 800, 156
109, 810, 156
109, 820, 157
111, 830, 152
112, 840, 162
113, 850, 157
113, 860, 160
114, 870, 160
116, 880, 152
119, 890, 163
122, 900, 163
125, 910, 161
127, 920, 167
127, 930, 166
129, 940, 164
130, 950, 177
131, 960, 175
131, 970, 170
133, 980, 176
135, 990, 183
135, 1000, 180
136, 1010, 178
136, 1020, 174
137, 1030, 186
138, 1040, 179
139, 1050, 180
139, 1060, 184
140, 1070, 184
140, 1080, 178
143, 1090, 184
145, 1100, 181
147, 1110, 191
149, 1120, 191
152, 1130, 197
152, 1140, 197
152, 1150, 201
152, 1160, 196
153, 1170, 199
154, 1180, 191
155, 1190, 193
155, 1200, 195
156, 1210, 194
157, 1220, 196
157, 1230, 189
157, 1240, 192
157, 1250, 199
159, 1260, 201
159, 1270, 195
159, 1280, 200
160, 1290, 198
161, 1300, 201
162, 1310, 198
162, 1320, 199
163, 1330, 202
163, 1340, 206
164, 1350, 200
166, 1360, 204
168, 1370, 206
169, 1380, 216
170, 1390, 215
170, 1400, 224
171, 1410, 213
171, 1420, 221
174, 1430, 213
174, 1440, 219
175, 1450, 222
177, 1460, 223
177, 1470, 215
178, 1480, 225
179, 1490, 219
181, 1500, 231
181, 1510, 232
183, 1520, 228
184, 1530, 234
185, 1540, 230
186, 1550, 234
187, 1560, 237
188, 1570, 233
188, 1580, 244
189, 1590, 234
189, 1600, 235
191, 1610, 232
194, 1620, 235
196, 1630, 239
198, 1640, 239
200, 1650, 245
201, 1660, 247
202, 1670, 247
202, 1680, 252
204, 1690, 248
205, 1700, 256
206, 1710, 250
209, 1720, 255
210, 1730, 266
210, 1740, 264
210, 1750, 264
212, 1760, 258
213, 1770, 263
213, 1780, 265
213, 1790, 261
214, 1800, 261
216, 1810, 262
217, 1820, 259
221, 1830, 265
221, 1840, 269
222, 1850, 270
222, 1860, 270
223, 1870, 269
223, 1880, 267
224, 1890, 268
226, 1900, 264
227, 1910, 268
228, 1920, 273
228, 1930, 269
233, 1940, 270
234, 1950, 278
236, 1960, 278
238, 1970, 282
240, 1980, 280
240, 1990, 289
242, 2000, 287
245, 2010, 294
246, 2020, 293
247, 2030, 293
249, 2040, 296
251, 2050, 297
251, 2060, 302
251, 2070, 300
252, 2080, 299
255, 2090, 298
257, 2100, 304
257, 2110, 306
257, 2120, 304
258, 2130, 307
258, 2140, 300
260, 2150, 305
261, 2160, 307
261, 2170, 307
261, 2180, 308
262, 2190, 312
262, 2200, 311
263, 2210, 304
263, 2220, 304
263, 2230, 307
264, 2240, 303
264, 2250, 307
265, 2260, 300
266, 2270, 306
267, 2280, 306
268, 2290, 309
268, 2300, 309
270, 2310, 307
272, 2320, 310
274, 2330, 311
276, 2340, 314
278, 2350, 315
279, 2360, 318
280, 2370, 322
280, 2380, 321
280, 2390, 318
282, 2400, 318
282, 2410, 322
284, 2420, 321
284, 2430, 322
284, 2440, 324
285, 2450, 321
285, 2460, 324
287, 2470, 325
291, 2480, 325
291, 2490, 332
292, 2500, 334
293, 2510, 329
294, 2520, 326
296, 2530, 326
297, 2540, 331
299, 2550, 332
299, 2560, 330
299, 2570, 331
299, 2580, 332
300, 2590, 330
302, 2600, 331
303, 2610, 332
303, 2620, 330
303, 2630, 331
304, 2640, 331
304, 2650, 333
306, 2660, 332
308, 2670, 333
309, 2680, 335
313, 2690, 335
313, 2700, 344
317, 2710, 343
321, 2720, 348
322, 2730, 353
323, 2740, 353
325, 2750, 353
326, 2760, 352
327, 2770, 355
328, 2780, 353
332, 2790, 355
333, 2800, 363
335, 2810, 363
336, 2820, 365
337, 2830, 369
337, 2840, 367
337, 2850, 367
340, 2860, 366
341, 2870, 371
342, 2880, 372
342, 2890, 375
343, 2900, 374
345, 2910, 375
345, 2920, 378
348, 2930, 374
348, 2940, 379
348, 2950, 379
349, 2960, 379
349, 2970, 383
350, 2980, 378
350, 2990, 381
352, 3000, 379
353, 3010, 379
355, 3020, 380
355, 3030, 384
355, 3040, 384
355, 3050, 382
356, 3060, 382
356, 3070, 384
359, 3080, 382
359, 3090, 386
359, 3100, 385
360, 3110, 386
360, 3120, 384
360, 3130, 386
361, 3140, 385
361, 3150, 390
362, 3160, 386
362, 3170, 387
362, 3180, 385
363, 3190, 387
365, 3200, 390
366, 3210, 392
366, 3220, 394
367, 3230, 394
368, 3240, 395
368, 3250, 394
368, 3260, 395
370, 3270, 393
370, 3280, 394
372, 3290, 398
372, 3300, 399
373, 3310, 397
375, 3320, 399
376, 3330, 400
376, 3340, 402
376, 3350, 403
377, 3360, 401
378, 3370, 404
380, 3380, 404
380, 3390, 407
381, 3400, 405
383, 3410, 406
384, 3420, 409
384, 3430, 412
386, 3440, 411
387, 3450, 413
387, 3460, 413
387, 3470, 413
389, 3480, 413
390, 3490, 412
392, 3500, 416
393, 3510, 419
393, 3520, 420
395, 3530, 418
396, 3540, 421
398, 3550, 424
400, 3560, 425
401, 3570, 425
404, 3580, 429
405, 3590, 431
407, 3600, 431
409, 3610, 434
411, 3620, 433
412, 3630, 439
414, 3640, 440
417, 3650, 441
417, 3660, 446
419, 3670, 445
421, 3680, 449
421, 3690, 451
421, 3700, 451
422, 3710, 449
423, 3720, 451
424, 3730, 452
424, 3740, 453
426, 3750, 451
427, 3760, 454
427, 3770, 453
427, 3780, 452
427, 3790, 453
427, 3800, 452
429, 3810, 452
430, 3820, 453
430, 3830, 454
430, 3840, 455
430, 3850, 454
430, 3860, 454
431, 3870, 456
432, 3880, 455
432, 3890, 457
432, 3900, 456
433, 3910, 456
433, 3920, 459
433, 3930, 457
{'count': 3930, 'truepos': 56, 'falseneg': 5, 'unknownyes': 1, 'falsepos': 377, 'unique': 3930}
4: Wahono.csv: three: 0, 0
6, 10
6, 20, 102
8, 30, 98
9, 40, 99
11, 50, 77
14, 60, 64
17, 70, 58
18, 80, 55
20, 90, 51
21, 100, 47
22, 110, 45
24, 120, 46
26, 130, 47
28, 140, 49
29, 150, 50
31, 160, 50
36, 170, 53
36, 180, 68
36, 190, 63
39, 200, 63
40, 210, 68
40, 220, 66
40, 230, 61
41, 240, 59
42, 250, 57
44, 260, 59
44, 270, 67
45, 280, 66
46, 290, 60
47, 300, 63
47, 310, 66
47, 320, 62
47, 330, 69
49, 340, 62
49, 350, 66
49, 360, 63
50, 370, 61
50, 380, 66
51, 390, 68
51, 400, 67
52, 410, 62
52, 420, 66
53, 430, 70
54, 440, 64
54, 450, 68
54, 460, 68
55, 470, 67
55, 480, 64
55, 490, 78
55, 500, 67
58, 510, 63
59, 520, 76
60, 530, 71
60, 540, 77
60, 550, 78
61, 560, 70
61, 570, 72
61, 580, 74
61, 590, 70
61, 600, 74
61, 610, 73
62, 620, 71
63, 630, 73
64, 640, 75
67, 650, 75
69, 660, 75
69, 670, 81
69, 680, 79
69, 690, 77
70, 700, 78
70, 710, 78
70, 720, 78
70, 730, 78
72, 740, 77
72, 750, 80
73, 760, 82
73, 770, 81
73, 780, 82
74, 790, 80
74, 800, 82
74, 810, 83
74, 820, 82
75, 830, 81
75, 840, 83
75, 850, 84
75, 860, 83
75, 870, 82
75, 880, 83
76, 890, 82
76, 900, 83
76, 910, 83
76, 920, 83
76, 930, 86
76, 940, 83
77, 950, 84
77, 960, 87
77, 970, 85
77, 980, 85
78, 990, 83
78, 1000, 86
78, 1010, 85
78, 1020, 85
80, 1030, 85
81, 1040, 88
81, 1050, 89
82, 1060, 89
82, 1070, 90
82, 1080, 90
83, 1090, 90
84, 1100, 91
84, 1110, 92
86, 1120, 92
87, 1130, 95
87, 1140, 95
87, 1150, 95
87, 1160, 94
87, 1170, 97
87, 1180, 95
87, 1190, 96
88, 1200, 94
88, 1210, 95
88, 1220, 95
88, 1230, 95
88, 1240, 96
88, 1250, 96
88, 1260, 95
88, 1270, 96
88, 1280, 94
88, 1290, 94
89, 1300, 96
89, 1310, 97
90, 1320, 96
90, 1330, 97
90, 1340, 96
90, 1350, 96
91, 1360, 96
92, 1370, 98
92, 1380, 98
93, 1390, 97
95, 1400, 100
95, 1410, 102
95, 1420, 101
95, 1430, 101
95, 1440, 102
{'count': 3162, 'truepos': 54, 'falseneg': 4, 'unknownyes': 4, 'falsepos': 41, 'unique': 1440}
4: Wahono.csv: machine: 0, 0
6, 10
7, 20, 102
8, 30, 103
10, 40, 95
13, 50, 80
18, 60, 73
['yes' 'yes' 'yes' 'yes' 'yes' 'yes' 'yes' 'no' 'yes' 'no']
['no']
15, 60, 73
19, 70, 64
20, 80, 74
21, 90, 57
24, 100, 52
27, 110, 60
['no' 'yes' 'no' 'yes' 'yes' 'yes' 'yes' 'yes' 'no' 'no']
['no']
23, 110, 60
26, 120, 61
26, 130, 65
28, 140, 54
29, 150, 56
32, 160, 53
['yes' 'no' 'yes' 'yes' 'yes' 'yes' 'yes' 'no' 'yes' 'yes']
['no' 'no' 'no' 'no' 'no' 'no' 'no' 'yes' 'no' 'no']
30, 160, 53
32, 170, 54
33, 180, 56
36, 190, 58
37, 200, 67
40, 210, 67
['yes' 'yes' 'no' 'no' 'yes' 'yes' 'yes' 'no' 'no' 'yes']
['no' 'no' 'no' 'no' 'no' 'no' 'no' 'no' 'no' 'no']
36, 210, 67
40, 220, 60
41, 230, 66
45, 240, 66
46, 250, 69
48, 260, 71
['no' 'yes' 'no' 'yes' 'yes' 'no' 'no' 'no' 'yes' 'yes']
['no' 'no' 'no' 'no' 'yes' 'no' 'no' 'no' 'no' 'no']
44, 260, 71
46, 270, 62
49, 280, 70
51, 290, 76
51, 300, 90
53, 310, 82
['yes' 'no' 'no' 'yes' 'yes' 'no' 'no' 'no' 'no' 'no']
['no' 'no' 'no' 'no' 'no' 'no' 'no' 'no' 'no' 'no']
50, 310, 82
52, 320, 74
53, 330, 73
54, 340, 84
55, 350, 89
55, 360, 83
['no' 'no' 'no' 'no' 'no' 'yes' 'yes' 'no' 'no' 'no']
['yes' 'no' 'no' 'no' 'no' 'no' 'no' 'no' 'no' 'no']
51, 360, 83
52, 370, 67
54, 380, 68
54, 390, 73
56, 400, 70
57, 410, 74
['no' 'no' 'yes' 'no' 'yes' 'no' 'no' 'no' 'no' 'yes']
['no' 'no' 'no' 'no' 'no' 'no' 'no' 'no' 'no' 'no']
50, 410, 74
52, 420, 64
53, 430, 69
53, 440, 70
55, 450, 67
56, 460, 72
['no' 'no' 'no' 'yes' 'yes' 'yes' 'yes' 'no' 'yes' 'yes']
['no' 'no' 'no' 'no' 'no' 'no' 'no' 'no' 'no' 'no']
55, 460, 72
55, 470, 67
57, 480, 67
58, 490, 69
60, 500, 72
61, 510, 73
['no' 'no' 'no' 'no' 'no' 'yes' 'no' 'yes' 'yes' 'yes']
['no' 'no' 'no' 'no' 'no' 'no' 'no' 'no' 'no' 'no']
56, 510, 73
57, 520, 66
58, 530, 67
58, 540, 70
59, 550, 70
60, 560, 71
['no' 'no' 'no' 'no' 'no']
['no' 'no' 'no' 'no' 'no' 'no' 'no' 'no' 'no' 'no']
58, 560, 71
59, 570, 66
60, 580, 72
60, 590, 72
60, 600, 74
60, 610, 70
['no' 'no' 'no' 'no' 'no']
['no' 'no' 'no' 'no' 'no' 'no' 'no' 'no' 'no' 'no']
55, 610, 70
57, 620, 64
58, 630, 68
58, 640, 67
60, 650, 67
61, 660, 68
['no' 'no' 'no' 'yes' 'no' 'yes']
['no' 'no' 'no' 'yes' 'no' 'no' 'no' 'no' 'no' 'no']
59, 660, 68
61, 670, 68
62, 680, 70
63, 690, 70
64, 700, 71
66, 710, 73
['no' 'no' 'yes' 'yes' 'yes' 'no' 'no' 'no']
['no' 'no' 'no' 'no' 'no' 'no' 'no' 'no' 'no' 'no']
62, 710, 73
63, 720, 70
66, 730, 71
68, 740, 75
69, 750, 78
70, 760, 79
['no' 'no' 'no' 'no' 'no' 'no' 'no' 'no' 'no']
['no' 'no' 'no' 'no' 'no' 'no' 'no' 'no' 'no' 'no']
61, 760, 79
63, 770, 67
63, 780, 70
63, 790, 71
65, 800, 70
67, 810, 73
['no' 'no' 'no' 'no' 'yes' 'no']
['no' 'no' 'no' 'no' 'no' 'no' 'no' 'no' 'no' 'no']
63, 810, 73
64, 820, 69
64, 830, 71
67, 840, 69
68, 850, 75
69, 860, 76
['no' 'no' 'no' 'yes' 'no' 'no' 'no' 'no']
['no' 'no' 'no' 'no' 'no' 'no' 'no' 'no' 'no' 'no']
65, 860, 76
65, 870, 71
67, 880, 71
67, 890, 74
69, 900, 74
69, 910, 76
['no' 'no' 'no' 'yes' 'no']
['no' 'no' 'no' 'no' 'no' 'no' 'no' 'no' 'no' 'no']
66, 910, 76
67, 920, 72
69, 930, 73
69, 940, 77
70, 950, 76
75, 960, 78
['no' 'no' 'no' 'no' 'no' 'no' 'no' 'no' 'no' 'no']
['no' 'no' 'no' 'no' 'no' 'no' 'no' 'no' 'no' 'no']
['no' 'no' 'no' 'no' 'no' 'no' 'no' 'no' 'no' 'no']
['no' 'no' 'no' 'no' 'no' 'no' 'no' 'no' 'no' 'no']
{'count': 1294, 'truepos': 57, 'falseneg': 2, 'unknownyes': 3, 'falsepos': 10, 'unique': 960}
4: Wahono.csv: machine2: 0, 0
6, 10
9, 20, 101
10, 30, 109
11, 40, 110
14, 50, 91
15, 60, 90
['no' 'yes' 'yes' 'yes' 'yes' 'no' 'yes' 'yes' 'yes' 'yes']
[]
13, 60, 90
15, 70, 74
16, 80, 69
16, 90, 52
17, 100, 47
18, 110, 47
['no' 'yes' 'yes' 'yes' 'yes' 'yes' 'yes' 'yes' 'no' 'no']
[]
16, 110, 47
16, 120, 49
22, 130, 44
25, 140, 58
28, 150, 61
30, 160, 63
['yes' 'yes' 'yes' 'yes' 'yes' 'yes' 'no' 'no' 'yes' 'yes']
['no' 'no' 'no' 'no' 'no' 'no' 'no' 'no' 'no' 'no']
30, 160, 63
33, 170, 61
34, 180, 65
36, 190, 66
37, 200, 68
40, 210, 67
['yes' 'yes' 'yes' 'no' 'yes' 'yes' 'no' 'yes' 'no' 'yes']
['no' 'no' 'no' 'no' 'no' 'no' 'no' 'no' 'no' 'no']
38, 210, 67
42, 220, 64
43, 230, 68
45, 240, 70
45, 250, 70
45, 260, 70
['no' 'yes' 'no' 'no' 'no' 'no' 'no' 'yes' 'no' 'no']
['yes' 'no' 'no' 'no' 'no' 'no' 'no' 'no' 'no' 'no']
41, 260, 70
42, 270, 60
44, 280, 60
45, 290, 66
47, 300, 68
47, 310, 64
['no' 'no' 'no' 'no' 'yes' 'yes' 'yes' 'yes' 'yes' 'no']
['no' 'no' 'no' 'no' 'no' 'no' 'no' 'no' 'no' 'yes']
43, 310, 64
46, 320, 62
50, 330, 76
51, 340, 85
51, 350, 93
53, 360, 89
['no' 'no' 'no' 'no' 'no' 'no' 'yes' 'no' 'no' 'no']
['no' 'no' 'no' 'no' 'no' 'no' 'no' 'no' 'no' 'no']
44, 360, 89
47, 370, 56
48, 380, 60
49, 390, 61
52, 400, 63
55, 410, 66
['no' 'no' 'no' 'yes' 'yes' 'no' 'no' 'no' 'no' 'yes']
['no' 'no' 'no' 'no' 'no' 'no' 'no' 'no' 'no' 'no']
52, 410, 66
53, 420, 65
56, 430, 64
56, 440, 70
57, 450, 69
58, 460, 71
['yes' 'no' 'no' 'yes' 'no' 'yes' 'no' 'no' 'no' 'yes']
['no' 'no' 'no' 'no' 'no' 'no' 'yes' 'no' 'no' 'no']
54, 460, 71
56, 470, 65
59, 480, 68
61, 490, 73
62, 500, 78
65, 510, 78
['no' 'no' 'yes' 'no' 'no' 'no' 'no' 'no' 'no' 'no']
['no' 'no' 'no' 'no' 'no' 'no' 'no' 'no' 'no' 'no']
57, 510, 78
60, 520, 69
60, 530, 73
60, 540, 74
61, 550, 72
62, 560, 72
['yes' 'yes' 'no' 'no' 'no' 'no' 'yes' 'no' 'no']
['no' 'no' 'no' 'no' 'no' 'no' 'no' 'no' 'no' 'no']
60, 560, 72
61, 570, 69
61, 580, 72
63, 590, 72
64, 600, 74
64, 610, 78
['no' 'no' 'no' 'no' 'no' 'no' 'no' 'no']
['yes' 'no' 'no' 'no' 'no' 'no' 'no' 'no' 'no' 'no']
60, 610, 78
60, 620, 69
61, 630, 71
61, 640, 73
62, 650, 72
62, 660, 74
['no' 'no' 'no' 'yes']
['no' 'no' 'no' 'no' 'no' 'no' 'no' 'no' 'no' 'no']
58, 660, 74
58, 670, 68
59, 680, 66
60, 690, 67
61, 700, 69
61, 710, 71
['no' 'no' 'no']
['no' 'no' 'no' 'no' 'no' 'no' 'no' 'yes' 'no' 'no']
62, 710, 71
63, 720, 70
64, 730, 71
66, 740, 73
67, 750, 77
67, 760, 79
['no' 'no' 'no' 'no' 'no' 'no' 'yes' 'no' 'no']
['no' 'no' 'no' 'no' 'no' 'no' 'no' 'no' 'no' 'no']
59, 760, 79
61, 770, 67
61, 780, 70
62, 790, 69
62, 800, 72
63, 810, 73
['no' 'no' 'no' 'no']
['no' 'no' 'no' 'no' 'no' 'no' 'no' 'no' 'no' 'no']
61, 810, 73
61, 820, 69
61, 830, 67
62, 840, 69
64, 850, 68
66, 860, 72
['no' 'yes' 'no' 'no' 'no' 'no']
['no' 'no' 'no' 'no' 'no' 'no' 'no' 'no' 'no' 'no']
66, 860, 72
68, 870, 72
69, 880, 75
72, 890, 75
72, 900, 80
74, 910, 79
['no' 'yes' 'no' 'no' 'no' 'no' 'yes' 'no' 'no' 'no']
['no' 'no' 'no' 'no' 'no' 'no' 'no' 'no' 'no' 'no']
68, 910, 79
68, 920, 74
69, 930, 75
71, 940, 76
72, 950, 79
72, 960, 81
['no' 'no' 'no' 'no' 'no']
['no' 'no' 'no' 'no' 'no' 'no' 'no' 'no' 'no' 'no']
68, 960, 81
70, 970, 76
70, 980, 81
71, 990, 79
72, 1000, 78
73, 1010, 83
['yes' 'no' 'no' 'no' 'no']
['no' 'no' 'no' 'no' 'no' 'no' 'no' 'no' 'no' 'no']
70, 1010, 83
70, 1020, 79
71, 1030, 80
72, 1040, 78
74, 1050, 80
75, 1060, 82
['no' 'no' 'no' 'no' 'no' 'no']
['no' 'no' 'yes' 'no' 'no' 'no' 'no' 'no' 'no' 'no']
72, 1060, 82
73, 1070, 79
73, 1080, 79
74, 1090, 79
75, 1100, 80
75, 1110, 84
['yes' 'no' 'no' 'yes']
['no' 'no' 'no' 'no' 'no' 'no' 'no' 'no' 'no' 'no']
76, 1110, 84
77, 1120, 84
77, 1130, 85
79, 1140, 85
81, 1150, 87
82, 1160, 90
['no' 'no' 'no' 'no' 'no' 'no' 'no']
['no' 'no' 'no' 'no' 'no' 'no' 'no' 'no' 'no' 'no']
78, 1160, 90
78, 1170, 87
78, 1180, 84
79, 1190, 85
80, 1200, 85
80, 1210, 88
['no' 'no']
['no' 'no' 'yes' 'no' 'no' 'no' 'no' 'no' 'no' 'no']
80, 1210, 88
82, 1220, 87
82, 1230, 89
83, 1240, 89
84, 1250, 89
84, 1260, 90
['no' 'no' 'no' 'no' 'no' 'yes']
['no' 'no' 'no' 'no' 'no' 'no' 'no' 'no' 'no' 'no']
80, 1260, 90
81, 1270, 87
81, 1280, 88
84, 1290, 88
85, 1300, 91
85, 1310, 94
['no' 'no' 'no' 'no' 'no' 'no']
['no' 'no' 'no' 'no' 'no' 'no' 'no' 'no' 'no' 'no']
83, 1310, 94
86, 1320, 90
87, 1330, 93
90, 1340, 95
90, 1350, 98
90, 1360, 97
['no' 'no' 'no' 'no' 'no' 'no' 'no' 'no' 'no' 'no']
['no' 'no' 'no' 'no' 'no' 'no' 'no' 'no' 'no' 'no']
85, 1360, 97
85, 1370, 92
87, 1380, 93
90, 1390, 94
92, 1400, 96
92, 1410, 100
['no' 'no' 'no' 'no' 'no' 'yes' 'no' 'no' 'no']
['no' 'no' 'no' 'no' 'no' 'no' 'no' 'no' 'no' 'no']
88, 1410, 100
89, 1420, 95
91, 1430, 95
93, 1440, 98
93, 1450, 100
95, 1460, 101
['no' 'no' 'no' 'no' 'no' 'no' 'no' 'no' 'no' 'no']
['no' 'no' 'no' 'no' 'no' 'no' 'no' 'no' 'no' 'no']
89, 1460, 101
90, 1470, 98
93, 1480, 98
97, 1490, 102
98, 1500, 108
100, 1510, 107
['no' 'no' 'no' 'no' 'no' 'no' 'no' 'no' 'no' 'no']
['no' 'no' 'no' 'no' 'no' 'no' 'no' 'no' 'no' 'no']
93, 1510, 107
94, 1520, 101
94, 1530, 102
96, 1540, 102
98, 1550, 104
98, 1560, 106
['no' 'no' 'no' 'no' 'no' 'no' 'no' 'no']
['no' 'no' 'no' 'no' 'no' 'no' 'no' 'no' 'no' 'no']
95, 1560, 106
96, 1570, 102
96, 1580, 105
96, 1590, 104
97, 1600, 103
98, 1610, 105
['no' 'no' 'no' 'no' 'no' 'no']
['no' 'no' 'no' 'no' 'no' 'no' 'no' 'no' 'no' 'no']
94, 1610, 105
96, 1620, 100
97, 1630, 104
99, 1640, 106
99, 1650, 109
100, 1660, 108
['no' 'no' 'no' 'no' 'yes' 'no' 'no']
['no' 'no' 'no' 'no' 'no' 'no' 'no' 'no' 'no' 'no']
97, 1660, 108
97, 1670, 104
97, 1680, 106
97, 1690, 103
99, 1700, 105
99, 1710, 108
['no' 'no' 'no']
['no' 'no' 'no' 'no' 'no' 'no' 'no' 'no' 'no' 'no']
97, 1710, 108
null
['no' 'no' 'no' 'no' 'no' 'no' 'no' 'no' 'no' 'no']
{'count': 2446, 'truepos': 59, 'falseneg': 2, 'unknownyes': 1, 'falsepos': 38, 'unique': 1710}
4: Wahono.csv: machine3: 0, 0
6, 10
9, 20, 100
10, 30, 113
12, 40, 105
14, 50, 89
16, 60, 82
null
[]
18, 70, 80
19, 80, 78
23, 90, 69
24, 100, 72
26, 110, 61
27, 120, 63
null
[]
27, 130, 60
28, 140, 55
31, 150, 53
35, 160, 59
40, 170, 67
40, 180, 91
null
['no' 'no' 'no' 'no' 'no' 'no' 'no' 'no' 'no' 'no']
40, 180, 91
42, 190, 76
42, 200, 78
42, 210, 77
42, 220, 76
43, 230, 73
null
['no' 'no' 'no' 'yes' 'no' 'no' 'no' 'no' 'no' 'no']
43, 230, 73
44, 240, 69
45, 250, 68
46, 260, 70
47, 270, 69
48, 280, 70
null
['no' 'no' 'no' 'no' 'no' 'no' 'no' 'no' 'no' 'no']
48, 280, 70
48, 290, 68
49, 300, 67
49, 310, 69
50, 320, 71
50, 330, 68
null
['no' 'no' 'no' 'no' 'no' 'no' 'no' 'no' 'no' 'no']
51, 330, 68
51, 340, 68
51, 350, 66
51, 360, 68
53, 370, 65
53, 380, 67
null
['no' 'no' 'no' 'no' 'no' 'no' 'no' 'no' 'no' 'no']
53, 380, 67
53, 390, 65
53, 400, 66
53, 410, 63
53, 420, 63
53, 430, 65
null
['no' 'no' 'no' 'no' 'no' 'no' 'no' 'no' 'no' 'no']
53, 430, 65
53, 440, 65
55, 450, 66
55, 460, 66
56, 470, 65
57, 480, 70
null
['no' 'no' 'no' 'no' 'no' 'no' 'no' 'no' 'no' 'no']
57, 480, 70
57, 490, 74
57, 500, 76
58, 510, 70
58, 520, 70
58, 530, 70
null
['no' 'no' 'no' 'no' 'no' 'no' 'no' 'no' 'no' 'no']
58, 530, 70
58, 540, 70
59, 550, 67
59, 560, 70
59, 570, 68
59, 580, 69
null
['yes' 'no' 'no' 'no' 'no' 'no' 'no' 'no' 'no' 'no']
60, 580, 69
60, 590, 70
61, 600, 71
61, 610, 73
62, 620, 72
62, 630, 73
null
['no' 'no' 'no' 'no' 'no' 'no' 'no' 'no' 'no' 'no']
62, 630, 73
62, 640, 74
62, 650, 73
62, 660, 72
62, 670, 71
62, 680, 74
null
['no' 'no' 'no' 'no' 'no' 'no' 'no' 'no' 'no' 'no']
62, 680, 74
62, 690, 77
62, 700, 70
62, 710, 71
62, 720, 70
62, 730, 70
null
['no' 'no' 'yes' 'yes' 'no' 'no' 'no' 'no' 'no' 'no']
64, 730, 70
65, 740, 70
66, 750, 72
66, 760, 75
67, 770, 74
67, 780, 79
null
['no' 'no' 'no' 'no' 'no' 'no' 'no' 'no' 'no' 'no']
67, 780, 79
67, 790, 76
68, 800, 78
69, 810, 78
70, 820, 80
70, 830, 82
null
['no' 'no' 'no' 'no' 'no' 'no' 'no' 'no' 'no' 'no']
70, 830, 82
70, 840, 79
70, 850, 80
70, 860, 79
70, 870, 79
70, 880, 79
null
['no' 'no' 'no' 'no' 'no' 'no' 'no' 'no' 'no' 'no']
70, 880, 79
70, 890, 79
70, 900, 79
70, 910, 80
71, 920, 79
71, 930, 79
null
['no' 'no' 'no' 'no' 'no' 'no' 'no' 'no' 'no' 'no']
71, 930, 79
72, 940, 79
72, 950, 80
73, 960, 80
74, 970, 81
74, 980, 81
null
['no' 'no' 'no' 'no' 'no' 'no' 'no' 'no' 'no' 'no']
74, 980, 81
74, 990, 82
74, 1000, 82
75, 1010, 81
75, 1020, 84
75, 1030, 83
null
['no' 'no' 'no' 'no' 'no' 'no' 'no' 'no' 'no' 'no']
75, 1030, 83
75, 1040, 84
75, 1050, 82
75, 1060, 82
75, 1070, 82
75, 1080, 82
null
['no' 'no' 'no' 'no' 'no' 'no' 'no' 'no' 'no' 'no']
75, 1080, 82
75, 1090, 82
75, 1100, 81
75, 1110, 82
75, 1120, 81
75, 1130, 81
null
['no' 'no' 'no' 'no' 'no' 'no' 'yes' 'no' 'no' 'no']
76, 1130, 81
76, 1140, 82
76, 1150, 83
76, 1160, 82
76, 1170, 82
76, 1180, 82
null
['no' 'no' 'no' 'no' 'no' 'no' 'no' 'no' 'no' 'no']
76, 1180, 82
76, 1190, 82
76, 1200, 83
76, 1210, 81
77, 1220, 82
77, 1230, 83
null
['no' 'no' 'no' 'no' 'no' 'no' 'no' 'no' 'no' 'no']
77, 1230, 83
77, 1240, 83
77, 1250, 83
77, 1260, 84
77, 1270, 82
77, 1280, 83
null
['no' 'no' 'no' 'no' 'no' 'no' 'no' 'no' 'no' 'no']
77, 1280, 83
77, 1290, 82
77, 1300, 82
77, 1310, 82
77, 1320, 83
78, 1330, 82
null
['no' 'no' 'no' 'no' 'no' 'no' 'no' 'no' 'no' 'no']
null
['no' 'no' 'no' 'no' 'no' 'no' 'no' 'no' 'no' 'no']
{'count': 1890, 'truepos': 58, 'falseneg': 1, 'unknownyes': 3, 'falsepos': 20, 'unique': 1330}
4: Danijel.csv: none: 0, 0
4, 10
5, 20, 99
9, 30, 92
10, 40, 93
13, 50, 93
15, 60, 83
19, 70, 83
19, 80, 97
20, 90, 73
22, 100, 64
23, 110, 61
24, 120, 56
27, 130, 54
28, 140, 57
30, 150, 55
30, 160, 57
35, 170, 49
38, 180, 63
39, 190, 75
41, 200, 63
44, 210, 62
47, 220, 66
48, 230, 75
49, 240, 72
49, 250, 73
51, 260, 68
54, 270, 70
55, 280, 73
55, 290, 78
57, 300, 70
60, 310, 73
62, 320, 77
63, 330, 82
66, 340, 84
67, 350, 88
69, 360, 96
70, 370, 92
70, 380, 93
74, 390, 97
75, 400, 100
76, 410, 109
76, 420, 109
80, 430, 102
81, 440, 115
81, 450, 116
82, 460, 113
84, 470, 107
86, 480, 116
87, 490, 109
89, 500, 110
89, 510, 115
92, 520, 112
94, 530, 122
95, 540, 120
96, 550, 123
97, 560, 124
100, 570, 118
101, 580, 129
102, 590, 134
105, 600, 128
107, 610, 139
108, 620, 138
110, 630, 139
110, 640, 140
110, 650, 139
112, 660, 140
112, 670, 142
113, 680, 139
114, 690, 142
115, 700, 144
115, 710, 152
115, 720, 142
116, 730, 142
116, 740, 143
117, 750, 138
119, 760, 141
119, 770, 143
120, 780, 140
122, 790, 146
122, 800, 149
123, 810, 151
123, 820, 150
124, 830, 143
124, 840, 148
124, 850, 146
125, 860, 148
127, 870, 147
127, 880, 150
127, 890, 152
129, 900, 148
130, 910, 152
131, 920, 156
131, 930, 151
132, 940, 156
132, 950, 157
132, 960, 157
135, 970, 156
136, 980, 164
137, 990, 160
138, 1000, 163
141, 1010, 167
141, 1020, 173
141, 1030, 173
142, 1040, 173
143, 1050, 177
146, 1060, 178
149, 1070, 181
151, 1080, 181
154, 1090, 192
154, 1100, 190
154, 1110, 190
156, 1120, 193
156, 1130, 198
156, 1140, 192
156, 1150, 196
157, 1160, 189
159, 1170, 190
160, 1180, 189
164, 1190, 191
166, 1200, 195
167, 1210, 202
169, 1220, 208
171, 1230, 206
172, 1240, 210
173, 1250, 210
176, 1260, 210
178, 1270, 210
178, 1280, 216
178, 1290, 209
179, 1300, 208
180, 1310, 208
181, 1320, 209
182, 1330, 217
183, 1340, 217
183, 1350, 214
185, 1360, 215
186, 1370, 218
188, 1380, 217
189, 1390, 221
189, 1400, 225
192, 1410, 223
194, 1420, 231
197, 1430, 236
201, 1440, 239
201, 1450, 246
204, 1460, 241
207, 1470, 245
207, 1480, 249
208, 1490, 248
210, 1500, 253
212, 1510, 248
213, 1520, 251
215, 1530, 255
216, 1540, 256
221, 1550, 260
221, 1560, 269
221, 1570, 266
222, 1580, 264
225, 1590, 263
227, 1600, 271
227, 1610, 271
228, 1620, 270
228, 1630, 274
228, 1640, 268
231, 1650, 274
232, 1660, 279
233, 1670, 279
234, 1680, 275
234, 1690, 273
236, 1700, 278
239, 1710, 285
241, 1720, 283
241, 1730, 289
241, 1740, 287
242, 1750, 291
243, 1760, 285
244, 1770, 298
245, 1780, 291
247, 1790, 293
249, 1800, 297
249, 1810, 298
251, 1820, 297
251, 1830, 303
252, 1840, 299
255, 1850, 297
258, 1860, 304
260, 1870, 306
261, 1880, 311
261, 1890, 314
261, 1900, 313
261, 1910, 308
263, 1920, 305
265, 1930, 313
266, 1940, 319
267, 1950, 310
268, 1960, 318
271, 1970, 315
272, 1980, 321
276, 1990, 317
278, 2000, 321
280, 2010, 321
282, 2020, 320
286, 2030, 322
286, 2040, 328
286, 2050, 330
286, 2060, 325
287, 2070, 325
287, 2080, 326
288, 2090, 324
290, 2100, 330
291, 2110, 331
291, 2120, 336
292, 2130, 332
296, 2140, 332
297, 2150, 342
298, 2160, 342
299, 2170, 342
300, 2180, 345
302, 2190, 339
302, 2200, 340
304, 2210, 343
304, 2220, 344
306, 2230, 342
307, 2240, 350
307, 2250, 346
308, 2260, 349
308, 2270, 347
308, 2280, 348
309, 2290, 347
310, 2300, 345
311, 2310, 347
312, 2320, 350
312, 2330, 347
312, 2340, 349
312, 2350, 348
313, 2360, 343
314, 2370, 348
314, 2380, 349
314, 2390, 347
314, 2400, 345
316, 2410, 345
318, 2420, 345
318, 2430, 351
318, 2440, 353
318, 2450, 351
319, 2460, 351
319, 2470, 354
319, 2480, 352
321, 2490, 349
322, 2500, 350
324, 2510, 355
324, 2520, 356
325, 2530, 357
325, 2540, 358
326, 2550, 357
326, 2560, 361
329, 2570, 359
330, 2580, 359
331, 2590, 360
331, 2600, 362
332, 2610, 362
333, 2620, 367
335, 2630, 367
337, 2640, 366
337, 2650, 370
339, 2660, 370
340, 2670, 372
340, 2680, 373
340, 2690, 370
341, 2700, 371
343, 2710, 371
344, 2720, 372
344, 2730, 376
346, 2740, 374
346, 2750, 376
347, 2760, 379
347, 2770, 378
348, 2780, 379
350, 2790, 378
350, 2800, 380
350, 2810, 378
350, 2820, 381
352, 2830, 378
353, 2840, 380
355, 2850, 381
355, 2860, 386
356, 2870, 382
356, 2880, 385
357, 2890, 386
359, 2900, 384
359, 2910, 386
360, 2920, 386
360, 2930, 390
361, 2940, 385
364, 2950, 392
364, 2960, 395
365, 2970, 393
367, 2980, 396
367, 2990, 395
367, 3000, 395
368, 3010, 397
368, 3020, 398
369, 3030, 397
370, 3040, 399
372, 3050, 396
374, 3060, 399
376, 3070, 404
376, 3080, 405
377, 3090, 404
379, 3100, 404
380, 3110, 408
382, 3120, 407
382, 3130, 409
383, 3140, 408
383, 3150, 411
383, 3160, 407
385, 3170, 408
385, 3180, 410
385, 3190, 410
386, 3200, 407
387, 3210, 410
388, 3220, 417
388, 3230, 413
389, 3240, 414
391, 3250, 411
393, 3260, 417
394, 3270, 421
394, 3280, 422
395, 3290, 420
396, 3300, 422
397, 3310, 421
397, 3320, 423
397, 3330, 423
397, 3340, 421
398, 3350, 422
399, 3360, 423
400, 3370, 424
400, 3380, 425
402, 3390, 424
403, 3400, 427
404, 3410, 428
404, 3420, 428
406, 3430, 428
406, 3440, 429
407, 3450, 428
408, 3460, 430
{'count': 3460, 'truepos': 40, 'falseneg': 7, 'unknownyes': 1, 'falsepos': 368, 'unique': 3460}
4: Danijel.csv: three: 0, 0
4, 10
7, 20, 114
10, 30, 121
12, 40, 116
16, 50, 94
19, 60, 93
20, 70, 93
23, 80, 81
27, 90, 80
28, 100, 85
28, 110, 78
32, 120, 71
32, 130, 56
33, 140, 53
35, 150, 51
35, 160, 54
37, 170, 53
37, 180, 54
38, 190, 53
38, 200, 53
39, 210, 50
39, 220, 52
40, 230, 51
40, 240, 54
41, 250, 51
43, 260, 53
43, 270, 54
43, 280, 54
43, 290, 56
43, 300, 52
44, 310, 51
44, 320, 53
44, 330, 52
44, 340, 54
46, 350, 53
46, 360, 58
46, 370, 56
46, 380, 54
47, 390, 57
47, 400, 57
47, 410, 59
47, 420, 54
48, 430, 56
48, 440, 57
48, 450, 57
49, 460, 58
49, 470, 60
49, 480, 58
49, 490, 62
50, 500, 59
51, 510, 58
53, 520, 59
53, 530, 62
53, 540, 61
53, 550, 59
53, 560, 60
53, 570, 60
53, 580, 62
54, 590, 59
55, 600, 61
55, 610, 65
57, 620, 61
57, 630, 64
58, 640, 63
58, 650, 67
60, 660, 65
60, 670, 68
60, 680, 67
61, 690, 66
61, 700, 67
61, 710, 68
61, 720, 67
63, 730, 67
64, 740, 70
64, 750, 72
64, 760, 73
64, 770, 71
65, 780, 73
65, 790, 73
65, 800, 73
65, 810, 74
65, 820, 74
65, 830, 73
66, 840, 71
66, 850, 73
66, 860, 73
66, 870, 71
66, 880, 71
66, 890, 72
66, 900, 72
67, 910, 71
67, 920, 73
67, 930, 72
67, 940, 72
67, 950, 72
68, 960, 72
70, 970, 73
72, 980, 75
72, 990, 79
72, 1000, 79
74, 1010, 79
74, 1020, 79
74, 1030, 78
74, 1040, 80
74, 1050, 79
74, 1060, 78
{'count': 2323, 'truepos': 44, 'falseneg': 2, 'unknownyes': 2, 'falsepos': 30, 'unique': 1060}
4: Danijel.csv: machine: 0, 0
5, 10
6, 20, 107
8, 30, 94
10, 40, 92
14, 50, 91
17, 60, 89
['no' 'no' 'yes' 'yes' 'no' 'yes' 'yes' 'yes' 'yes' 'yes']
[]
13, 60, 89
15, 70, 97
18, 80, 85
21, 90, 87
22, 100, 90
25, 110, 77
['no' 'yes' 'no' 'yes' 'no' 'yes' 'yes' 'no' 'yes' 'yes']
[]
21, 110, 77
24, 120, 74
27, 130, 73
31, 140, 72
35, 150, 74
38, 160, 86
['no' 'yes' 'no' 'no' 'no' 'yes' 'no' 'no' 'yes' 'yes']
['no' 'no' 'no' 'no' 'no' 'no' 'no' 'no' 'no' 'no']
32, 160, 86
34, 170, 75
35, 180, 76
35, 190, 74
35, 200, 70
36, 210, 62
['yes' 'yes' 'no' 'yes' 'no' 'no' 'no' 'no' 'no' 'no']
['no' 'no' 'no' 'no' 'no' 'no' 'no' 'no' 'no' 'no']
29, 210, 62
30, 220, 53
32, 230, 51
36, 240, 52
37, 250, 55
37, 260, 60
['no' 'no' 'no' 'yes' 'no' 'yes' 'yes' 'yes' 'no' 'no']
['no' 'no' 'no' 'no' 'no' 'no' 'no' 'no' 'no' 'no']
31, 260, 60
33, 270, 46
36, 280, 48
39, 290, 51
40, 300, 54
41, 310, 55
['yes' 'no' 'no' 'yes' 'no' 'yes' 'yes' 'yes' 'no' 'yes']
['no' 'no' 'yes' 'no' 'no' 'no' 'no' 'no' 'no' 'no']
38, 310, 55
39, 320, 48
40, 330, 52
41, 340, 50
43, 350, 52
44, 360, 54
['yes' 'no' 'no' 'no' 'yes' 'no' 'no' 'yes' 'no' 'no']
['no' 'no' 'no' 'no' 'no' 'no' 'no' 'no' 'no' 'no']
39, 360, 54
39, 370, 47
39, 380, 47
41, 390, 47
41, 400, 48
42, 410, 49
['no' 'no' 'no' 'no' 'no' 'no' 'yes' 'no' 'no' 'yes']
['no' 'no' 'no' 'no' 'no' 'no' 'no' 'no' 'no' 'no']
36, 410, 49
37, 420, 42
38, 430, 42
40, 440, 45
41, 450, 47
43, 460, 48
['no' 'no' 'no' 'no' 'yes' 'no' 'no' 'no']
['no' 'no' 'no' 'no' 'no' 'no' 'no' 'no' 'no' 'no']
38, 460, 48
38, 470, 44
39, 480, 44
40, 490, 45
40, 500, 47
42, 510, 47
['no' 'no' 'no' 'no' 'no' 'no']
['no' 'no' 'no' 'yes' 'no' 'no' 'no' 'no' 'no' 'no']
37, 510, 47
38, 520, 42
41, 530, 44
41, 540, 49
41, 550, 48
42, 560, 47
['no' 'no' 'no' 'no' 'no']
['no' 'no' 'no' 'no' 'no' 'no' 'no' 'no' 'no' 'no']
38, 560, 47
39, 570, 43
42, 580, 44
42, 590, 47
44, 600, 47
44, 610, 51
['no' 'yes' 'no' 'yes' 'no' 'no']
['yes' 'no' 'no' 'no' 'no' 'no' 'no' 'no' 'no' 'no']
41, 610, 51
44, 620, 44
46, 630, 50
46, 640, 56
46, 650, 54
47, 660, 54
['no' 'no' 'no' 'no' 'no' 'no' 'yes']
['no' 'no' 'no' 'no' 'no' 'no' 'no' 'no' 'yes' 'no']
42, 660, 54
43, 670, 46
43, 680, 47
44, 690, 47
44, 700, 47
44, 710, 48
['yes' 'no' 'no']
['no' 'no' 'no' 'no' 'no' 'no' 'yes' 'no' 'no' 'no']
43, 710, 48
43, 720, 47
45, 730, 46
46, 740, 48
48, 750, 50
49, 760, 52
['yes' 'no' 'no' 'no' 'no' 'no']
['no' 'no' 'no' 'no' 'no' 'no' 'yes' 'no' 'no' 'no']
45, 760, 52
46, 770, 48
['no' 'yes']
['no' 'no' 'no' 'no' 'no' 'no' 'no' 'no' 'no' 'no']
{'count': 1033, 'truepos': 42, 'falseneg': 3, 'unknownyes': 3, 'falsepos': 4, 'unique': 770}
4: Danijel.csv: machine2: 0, 0
4, 10
7, 20, 151
9, 30, 164
10, 40, 161
10, 50, 139
11, 60, 105
['no' 'no' 'no' 'no' 'yes' 'yes' 'no' 'no' 'no' 'no']
[]
5, 60, 105
6, 70, 95
6, 80, 78
6, 90, 64
9, 100, 57
12, 110, 56
['no' 'no' 'no' 'no' 'no' 'no' 'yes' 'no']
[]
6, 110, 56
11, 120, 52
15, 130, 65
18, 140, 65
21, 150, 70
24, 160, 67
['no' 'yes' 'yes' 'yes' 'no' 'yes' 'no' 'yes' 'no' 'yes']
[]
21, 160, 67
23, 170, 58
28, 180, 60
31, 190, 64
31, 200, 56
32, 210, 51
['yes' 'yes' 'no' 'yes' 'yes' 'yes' 'yes' 'yes' 'yes' 'no']
['no' 'no' 'no' 'no' 'no' 'no' 'no' 'yes' 'no' 'no']
33, 210, 51
34, 220, 48
34, 230, 47
36, 240, 45
38, 250, 48
41, 260, 49
['no' 'no' 'no' 'no' 'no' 'yes' 'no' 'no' 'yes' 'yes']
['no' 'no' 'no' 'yes' 'no' 'no' 'yes' 'no' 'no' 'no']
41, 260, 49
43, 270, 51
45, 280, 54
47, 290, 58
49, 300, 59
51, 310, 61
['yes' 'no' 'no' 'no' 'no' 'no' 'no' 'yes' 'yes' 'no']
['no' 'no' 'no' 'no' 'no' 'no' 'no' 'no' 'no' 'no']
48, 310, 61
49, 320, 58
51, 330, 58
53, 340, 60
55, 350, 63
56, 360, 65
['no' 'yes' 'yes' 'no' 'no' 'no' 'yes' 'yes' 'yes' 'yes']
['no' 'no' 'no' 'no' 'no' 'no' 'no' 'no' 'no' 'no']
53, 360, 65
54, 370, 62
55, 380, 62
59, 390, 64
60, 400, 68
62, 410, 69
['no' 'no' 'yes' 'no' 'yes' 'yes' 'yes' 'yes' 'no' 'no']
['no' 'no' 'no' 'no' 'no' 'no' 'no' 'no' 'no' 'no']
58, 410, 69
59, 420, 66
60, 430, 67
61, 440, 69
62, 450, 70
63, 460, 73
['no' 'no' 'no' 'no' 'no' 'no' 'no' 'yes' 'yes' 'no']
['no' 'no' 'no' 'no' 'no' 'no' 'yes' 'no' 'no' 'no']
60, 460, 73
61, 470, 66
62, 480, 67
64, 490, 67
65, 500, 72
66, 510, 71
['no' 'no' 'yes' 'yes' 'no' 'no' 'no' 'no' 'yes' 'yes']
['no' 'no' 'no' 'no' 'no' 'no' 'no' 'no' 'no' 'no']
61, 510, 71
62, 520, 67
63, 530, 70
63, 540, 69
63, 550, 68
64, 560, 69
['no' 'no' 'no' 'no' 'no' 'no' 'no' 'no' 'no' 'no']
['no' 'no' 'no' 'no' 'no' 'no' 'no' 'no' 'no' 'no']
56, 560, 69
57, 570, 61
57, 580, 63
59, 590, 62
59, 600, 66
59, 610, 65
['no' 'no' 'no' 'yes' 'no' 'yes']
['no' 'no' 'no' 'no' 'no' 'no' 'no' 'no' 'no' 'no']
55, 610, 65
56, 620, 60
56, 630, 63
58, 640, 63
58, 650, 63
60, 660, 64
['no' 'no' 'no' 'no' 'no']
['no' 'no' 'no' 'no' 'no' 'no' 'no' 'no' 'no' 'no']
58, 660, 64
58, 670, 63
59, 680, 63
59, 690, 63
60, 700, 64
60, 710, 64
['no' 'no' 'no' 'no' 'no']
['no' 'no' 'no' 'no' 'no' 'no' 'no' 'no' 'no' 'no']
59, 710, 64
59, 720, 66
60, 730, 63
60, 740, 65
61, 750, 65
62, 760, 66
['no' 'no' 'no' 'no' 'no']
['no' 'no' 'no' 'no' 'no' 'no' 'no' 'no' 'no' 'no']
58, 760, 66
58, 770, 63
59, 780, 62
60, 790, 63
['no' 'no' 'no']
['no' 'yes' 'no' 'no' 'no' 'no' 'no' 'no' 'no' 'no']
{'count': 1122, 'truepos': 42, 'falseneg': 2, 'unknownyes': 4, 'falsepos': 17, 'unique': 790}
4: Danijel.csv: machine3: 0, 0
4, 10
4, 20, 130
6, 30, 96
9, 40, 87
10, 50, 89
11, 60, 74
null
[]
16, 70, 60
21, 80, 72
23, 90, 81
23, 100, 68
23, 110, 63
24, 120, 54
null
[]
27, 130, 50
29, 140, 53
30, 150, 52
33, 160, 46
33, 170, 51
33, 180, 49
null
['no' 'no' 'no' 'no' 'no' 'yes' 'no' 'no' 'no' 'no']
34, 180, 49
34, 190, 50
35, 200, 49
37, 210, 47
38, 220, 50
40, 230, 50
null
['no' 'no' 'no' 'no' 'no' 'no' 'no' 'no' 'no' 'no']
41, 230, 50
41, 240, 52
41, 250, 52
41, 260, 50
41, 270, 50
41, 280, 49
null
['no' 'no' 'no' 'no' 'no' 'no' 'no' 'no' 'no' 'no']
41, 280, 49
41, 290, 49
41, 300, 48
44, 310, 48
44, 320, 53
45, 330, 53
null
['no' 'no' 'no' 'no' 'no' 'no' 'no' 'no' 'no' 'no']
45, 330, 53
46, 340, 53
46, 350, 58
48, 360, 55
48, 370, 62
48, 380, 62
null
['no' 'no' 'no' 'no' 'no' 'no' 'no' 'no' 'no' 'no']
48, 380, 62
49, 390, 57
49, 400, 59
49, 410, 58
49, 420, 58
49, 430, 61
null
['no' 'no' 'no' 'no' 'no' 'no' 'no' 'no' 'no' 'no']
50, 430, 61
51, 440, 58
51, 450, 60
51, 460, 64
51, 470, 62
52, 480, 58
null
['no' 'no' 'no' 'no' 'no' 'no' 'no' 'no' 'no' 'no']
52, 480, 58
53, 490, 59
53, 500, 61
53, 510, 62
53, 520, 60
53, 530, 60
null
['no' 'no' 'no' 'no' 'no' 'no' 'no' 'no' 'no' 'no']
53, 530, 60
53, 540, 62
53, 550, 60
53, 560, 58
53, 570, 58
53, 580, 60
null
['no' 'no' 'no' 'no' 'no' 'no' 'no' 'no' 'no' 'no']
53, 580, 60
54, 590, 63
54, 600, 61
54, 610, 62
54, 620, 60
54, 630, 60
null
['no' 'no' 'no' 'no' 'no' 'no' 'no' 'no' 'no' 'no']
54, 630, 60
54, 640, 59
55, 650, 62
55, 660, 62
55, 670, 59
55, 680, 60
null
['no' 'no' 'no' 'no' 'no' 'no' 'no' 'no' 'no' 'no']
56, 680, 60
56, 690, 62
56, 700, 63
56, 710, 62
56, 720, 62
56, 730, 64
null
['no' 'no' 'no' 'no' 'no' 'no' 'no' 'no' 'no' 'no']
56, 730, 64
56, 740, 63
57, 750, 60
null
['no' 'no' 'no' 'no' 'no' 'no' 'no' 'no' 'no' 'no']
{'count': 1082, 'truepos': 43, 'falseneg': 1, 'unknownyes': 4, 'falsepos': 15, 'unique': 750}
4: K_all3.csv: none: 0, 0
1, 10
2, 20, 91
4, 30, 63
8, 40, 59
11, 50, 58
12, 60, 60
17, 70, 51
19, 80, 66
19, 90, 63
20, 100, 56
23, 110, 52
23, 120, 55
24, 130, 49
26, 140, 48
27, 150, 50
27, 160, 48
29, 170, 47
31, 180, 49
32, 190, 47
34, 200, 43
36, 210, 45
38, 220, 46
41, 230, 49
43, 240, 58
46, 250, 57
48, 260, 60
49, 270, 62
50, 280, 60
53, 290, 60
54, 300, 68
54, 310, 74
54, 320, 71
55, 330, 67
57, 340, 68
58, 350, 72
58, 360, 69
58, 370, 69
61, 380, 67
61, 390, 70
61, 400, 69
62, 410, 69
64, 420, 71
67, 430, 74
71, 440, 76
72, 450, 83
74, 460, 85
74, 470, 82
75, 480, 82
75, 490, 84
76, 500, 84
78, 510, 85
79, 520, 87
83, 530, 87
83, 540, 90
84, 550, 89
84, 560, 92
85, 570, 91
86, 580, 91
88, 590, 93
{'count': 590, 'truepos': 33, 'falseneg': 4, 'unknownyes': 8, 'falsepos': 55, 'unique': 590}
4: K_all3.csv: three: 0, 0
1, 10
2, 20, 93
3, 30, 62
6, 40, 56
6, 50, 62
8, 60, 51
11, 70, 49
14, 80, 53
15, 90, 50
16, 100, 47
17, 110, 45
18, 120, 45
19, 130, 44
19, 140, 43
21, 150, 41
24, 160, 42
26, 170, 44
27, 180, 44
29, 190, 45
30, 200, 46
31, 210, 40
31, 220, 45
31, 230, 45
32, 240, 42
32, 250, 45
33, 260, 41
34, 270, 39
34, 280, 40
36, 290, 40
36, 300, 41
36, 310, 45
36, 320, 43
36, 330, 39
37, 340, 40
40, 350, 40
40, 360, 43
41, 370, 43
41, 380, 44
{'count': 847, 'truepos': 30, 'falseneg': 1, 'unknownyes': 14, 'falsepos': 11, 'unique': 380}
4: K_all3.csv: machine: 0, 0
1, 10
3, 20, 91
4, 30, 69
5, 40, 53
7, 50, 46
11, 60, 45
['no' 'no' 'no' 'yes' 'yes' 'no' 'yes' 'yes' 'yes' 'yes']
[]
7, 60, 45
8, 70, 46
10, 80, 45
13, 90, 41
16, 100, 46
20, 110, 48
['no' 'yes' 'yes' 'yes' 'yes' 'no' 'no' 'yes' 'yes' 'yes']
[]
17, 110, 48
18, 120, 62
19, 130, 54
21, 140, 50
23, 150, 51
29, 160, 52
['no' 'no' 'yes' 'yes' 'yes' 'no' 'yes' 'yes' 'no' 'no']
['no' 'no' 'no']
25, 160, 52
26, 170, 52
30, 180, 50
31, 190, 40
34, 200, 41
35, 210, 44
['no' 'no' 'no' 'no' 'no' 'yes' 'yes' 'no' 'no' 'no']
['no' 'no' 'no' 'no' 'no' 'no' 'no' 'no' 'no' 'no']
28, 210, 44
30, 220, 49
33, 230, 38
34, 240, 39
35, 250, 45
36, 260, 40
['no' 'yes' 'yes' 'no' 'no' 'no' 'yes' 'yes' 'yes' 'no']
['no' 'no' 'no' 'no' 'no' 'no' 'no' 'no' 'no' 'no']
32, 260, 40
34, 270, 38
35, 280, 41
37, 290, 40
37, 300, 46
39, 310, 42
['no' 'yes' 'yes' 'no' 'yes' 'no' 'yes' 'no' 'yes' 'yes']
['no' 'no' 'no' 'no' 'no' 'no' 'no' 'no' 'no' 'no']
38, 310, 42
42, 320, 43
43, 330, 50
45, 340, 50
47, 350, 52
48, 360, 53
['no' 'no' 'no' 'yes' 'no' 'no' 'no' 'no' 'no' 'no']
['no' 'no' 'no' 'no' 'no' 'no' 'no' 'no' 'no' 'no']
41, 360, 53
42, 370, 45
44, 380, 46
46, 390, 48
46, 400, 51
47, 410, 50
['no' 'no' 'no' 'no' 'yes' 'no' 'no' 'no' 'no' 'no']
['no' 'no' 'no' 'no' 'no' 'no' 'no' 'no' 'no' 'no']
38, 410, 50
38, 420, 42
['yes' 'no' 'no']
['no' 'no' 'no' 'no' 'no' 'no' 'no' 'no' 'no' 'no']
{'count': 566, 'truepos': 32, 'falseneg': 4, 'unknownyes': 9, 'falsepos': 6, 'unique': 420}
4: K_all3.csv: machine2: 0, 0
1, 10
3, 20, 92
7, 30, 65
8, 40, 66
9, 50, 63
13, 60, 57
['no' 'yes' 'yes' 'yes' 'yes' 'yes' 'no' 'yes' 'yes' 'yes']
['yes']
13, 60, 57
15, 70, 64
16, 80, 59
18, 90, 57
20, 100, 59
21, 110, 57
['no' 'no' 'yes' 'yes' 'no' 'no' 'no' 'yes' 'no' 'no']
[]
15, 110, 57
18, 120, 46
18, 130, 50
20, 140, 46
24, 150, 48
27, 160, 52
['yes' 'no' 'no' 'yes' 'no' 'no' 'yes' 'yes' 'yes' 'yes']
['no']
24, 160, 52
26, 170, 50
27, 180, 49
28, 190, 48
30, 200, 48
30, 210, 38
['no' 'no' 'no' 'yes' 'no' 'yes' 'yes' 'yes' 'yes' 'yes']
['no' 'no' 'no' 'no' 'no' 'yes' 'no' 'no' 'no' 'no']
29, 210, 38
29, 220, 47
30, 230, 45
31, 240, 42
33, 250, 42
34, 260, 41
['no' 'yes' 'no' 'yes' 'yes' 'no' 'no' 'no']
['no' 'no' 'no' 'no' 'no' 'no' 'no' 'no' 'no' 'no']
32, 260, 41
33, 270, 41
35, 280, 41
36, 290, 47
37, 300, 45
38, 310, 47
['no' 'no' 'no' 'no' 'no' 'no' 'no' 'no' 'no']
['no' 'no' 'no' 'no' 'no' 'no' 'no' 'no' 'no' 'no']
29, 310, 47
29, 320, 46
30, 330, 45
30, 340, 34
32, 350, 33
34, 360, 35
['no' 'no' 'yes' 'no' 'no']
['no' 'no' 'no' 'no' 'no' 'no' 'no' 'no' 'no' 'no']
['no' 'no' 'yes' 'no' 'no']
['no' 'no' 'no' 'no' 'no' 'no' 'no' 'no' 'no' 'no']
{'count': 496, 'truepos': 27, 'falseneg': 3, 'unknownyes': 15, 'falsepos': 7, 'unique': 360}
4: K_all3.csv: machine3: 0, 0
1, 10
1, 20, 92
2, 30, 84
2, 40, 62
3, 50, 62
4, 60, 53
null
[]
4, 70, 47
4, 80, 44
8, 90, 44
10, 100, 45
10, 110, 47
11, 120, 43
null
[]
14, 130, 44
14, 140, 44
16, 150, 42
16, 160, 44
18, 170, 42
20, 180, 43
null
['no' 'no']
20, 180, 43
21, 190, 44
21, 200, 43
21, 210, 43
22, 220, 42
22, 230, 43
null
[]
23, 240, 42
23, 250, 43
23, 260, 43
24, 270, 43
24, 280, 43
25, 290, 43
null
[]
26, 300, 43
26, 310, 44
28, 320, 44
30, 330, 45
32, 340, 36
32, 350, 41
null
['yes' 'no' 'yes' 'no' 'no' 'no' 'no' 'no' 'no' 'no']
34, 350, 41
34, 360, 39
34, 370, 38
34, 380, 41
34, 390, 37
34, 400, 38
null
['no' 'no' 'no' 'no' 'no' 'no' 'no' 'no' 'no' 'no']
34, 400, 38
35, 410, 37
36, 420, 38
36, 430, 39
36, 440, 39
37, 450, 39
null
['no' 'no' 'no' 'no' 'no' 'no' 'no' 'no' 'no' 'no']
37, 450, 39
37, 460, 41
37, 470, 40
37, 480, 41
38, 490, 39
null
['no' 'no' 'no' 'no' 'no' 'no' 'no' 'no' 'no' 'no']
{'count': 673, 'truepos': 36, 'falseneg': 2, 'unknownyes': 7, 'falsepos': 2, 'unique': 490}

------------------------------------------------------------
Sender: LSF System <lsfadmin@n2a1-12>
Subject: Job 267538: </share/tjmenzie/zyu9/miniconda2/bin/python2.7 runner.py error_hpcc 4> Done

Job </share/tjmenzie/zyu9/miniconda2/bin/python2.7 runner.py error_hpcc 4> was submitted from host <login01.hpc.ncsu.edu> by user <zyu9> in cluster <henry2>.
Job was executed on host(s) <2*n2a1-12>, in queue <single_chassis>, as user <zyu9> in cluster <henry2>.
</home/zyu9> was used as the home directory.
</home/zyu9/projects/MAR_HPC/Error/src> was used as the working directory.
Started at Wed Oct 18 09:16:20 2017
Results reported at Wed Oct 18 16:26:24 2017

Your job looked like:

------------------------------------------------------------
# LSBATCH: User input
/share/tjmenzie/zyu9/miniconda2/bin/python2.7 runner.py error_hpcc 4
------------------------------------------------------------

Successfully completed.

Resource usage summary:

    CPU time   :  28109.60 sec.
    Max Memory :       193 MB
    Max Swap   :      1211 MB

    Max Processes  :         3
    Max Threads    :         8

The output (if any) is above this job summary.



PS:

Read file <./err/4.err.267538> for stderr output of this job.

