40: Hall.csv: none: 0, 0
8, 10
12, 20, 123
13, 30, 139
13, 40, 131
16, 50, 115
20, 60, 119
24, 70, 125
26, 80, 127
28, 90, 127
33, 100, 124
40, 110, 116
46, 120, 133
54, 130, 123
60, 140, 140
63, 150, 150
68, 160, 142
73, 170, 146
78, 180, 138
80, 190, 149
83, 200, 147
85, 210, 147
87, 220, 160
91, 230, 141
96, 240, 141
98, 250, 152
100, 260, 143
105, 270, 132
107, 280, 137
110, 290, 136
112, 300, 153
114, 310, 154
116, 320, 149
117, 330, 142
118, 340, 146
121, 350, 143
123, 360, 157
123, 370, 160
123, 380, 153
125, 390, 145
128, 400, 148
128, 410, 154
129, 420, 147
129, 430, 153
134, 440, 151
134, 450, 168
135, 460, 162
136, 470, 165
138, 480, 162
138, 490, 161
138, 500, 160
138, 510, 157
139, 520, 170
141, 530, 165
141, 540, 165
141, 550, 165
142, 560, 165
145, 570, 172
146, 580, 170
147, 590, 171
149, 600, 172
151, 610, 175
151, 620, 185
151, 630, 189
151, 640, 178
152, 650, 179
152, 660, 182
152, 670, 173
153, 680, 182
156, 690, 175
158, 700, 185
160, 710, 182
165, 720, 194
167, 730, 207
168, 740, 205
169, 750, 201
171, 760, 205
173, 770, 218
174, 780, 213
175, 790, 218
175, 800, 211
175, 810, 223
177, 820, 214
178, 830, 212
178, 840, 216
179, 850, 210
182, 860, 216
183, 870, 227
183, 880, 230
184, 890, 217
188, 900, 223
189, 910, 228
190, 920, 234
191, 930, 227
191, 940, 226
191, 950, 223
191, 960, 224
191, 970, 225
194, 980, 230
195, 990, 228
197, 1000, 241
199, 1010, 250
200, 1020, 242
200, 1030, 244
200, 1040, 252
203, 1050, 258
203, 1060, 249
203, 1070, 251
203, 1080, 249
203, 1090, 239
204, 1100, 245
205, 1110, 247
205, 1120, 249
206, 1130, 243
207, 1140, 256
208, 1150, 242
208, 1160, 241
210, 1170, 245
211, 1180, 254
211, 1190, 257
211, 1200, 258
211, 1210, 255
214, 1220, 245
216, 1230, 259
216, 1240, 254
218, 1250, 267
219, 1260, 257
220, 1270, 255
220, 1280, 253
221, 1290, 254
223, 1300, 255
224, 1310, 255
225, 1320, 259
225, 1330, 256
225, 1340, 259
225, 1350, 258
225, 1360, 253
225, 1370, 254
226, 1380, 252
228, 1390, 256
230, 1400, 256
230, 1410, 264
230, 1420, 258
231, 1430, 261
231, 1440, 263
232, 1450, 265
233, 1460, 260
234, 1470, 258
237, 1480, 259
237, 1490, 263
237, 1500, 264
237, 1510, 262
237, 1520, 267
239, 1530, 265
239, 1540, 265
240, 1550, 269
241, 1560, 265
244, 1570, 266
245, 1580, 274
247, 1590, 277
247, 1600, 273
248, 1610, 277
249, 1620, 277
249, 1630, 278
250, 1640, 278
250, 1650, 278
250, 1660, 282
250, 1670, 279
252, 1680, 274
253, 1690, 280
254, 1700, 281
254, 1710, 283
256, 1720, 281
256, 1730, 283
258, 1740, 287
259, 1750, 295
260, 1760, 294
261, 1770, 295
262, 1780, 294
264, 1790, 298
265, 1800, 292
267, 1810, 308
268, 1820, 301
268, 1830, 302
269, 1840, 297
270, 1850, 301
270, 1860, 305
270, 1870, 299
270, 1880, 301
270, 1890, 302
270, 1900, 300
270, 1910, 298
270, 1920, 297
271, 1930, 297
272, 1940, 299
275, 1950, 300
277, 1960, 302
278, 1970, 303
278, 1980, 307
279, 1990, 307
279, 2000, 311
280, 2010, 308
281, 2020, 305
281, 2030, 308
284, 2040, 307
284, 2050, 306
286, 2060, 310
286, 2070, 314
286, 2080, 312
286, 2090, 314
286, 2100, 310
287, 2110, 308
291, 2120, 311
293, 2130, 316
293, 2140, 316
293, 2150, 316
294, 2160, 314
295, 2170, 318
296, 2180, 318
296, 2190, 321
299, 2200, 320
301, 2210, 327
303, 2220, 330
304, 2230, 334
304, 2240, 329
307, 2250, 332
310, 2260, 335
311, 2270, 336
312, 2280, 339
312, 2290, 340
313, 2300, 343
315, 2310, 342
316, 2320, 342
318, 2330, 347
319, 2340, 349
319, 2350, 353
320, 2360, 351
320, 2370, 349
323, 2380, 353
324, 2390, 354
324, 2400, 359
326, 2410, 357
329, 2420, 359
329, 2430, 362
329, 2440, 361
331, 2450, 360
331, 2460, 363
332, 2470, 363
333, 2480, 364
336, 2490, 364
337, 2500, 375
338, 2510, 372
340, 2520, 375
340, 2530, 376
341, 2540, 377
342, 2550, 379
343, 2560, 379
346, 2570, 381
346, 2580, 386
347, 2590, 388
347, 2600, 384
347, 2610, 385
348, 2620, 383
350, 2630, 384
350, 2640, 389
351, 2650, 386
353, 2660, 387
355, 2670, 389
356, 2680, 394
356, 2690, 393
356, 2700, 396
357, 2710, 391
357, 2720, 393
359, 2730, 393
359, 2740, 398
359, 2750, 396
359, 2760, 396
360, 2770, 398
360, 2780, 394
361, 2790, 396
362, 2800, 395
363, 2810, 394
368, 2820, 394
368, 2830, 404
369, 2840, 406
369, 2850, 403
370, 2860, 401
370, 2870, 405
371, 2880, 403
372, 2890, 403
372, 2900, 407
373, 2910, 404
373, 2920, 407
374, 2930, 405
375, 2940, 411
376, 2950, 412
377, 2960, 413
378, 2970, 414
380, 2980, 413
381, 2990, 421
381, 3000, 420
382, 3010, 418
385, 3020, 418
386, 3030, 429
388, 3040, 426
388, 3050, 434
389, 3060, 425
391, 3070, 432
392, 3080, 431
393, 3090, 436
393, 3100, 437
393, 3110, 435
394, 3120, 434
394, 3130, 436
398, 3140, 434
399, 3150, 441
399, 3160, 441
400, 3170, 440
401, 3180, 436
401, 3190, 439
402, 3200, 437
402, 3210, 438
404, 3220, 442
408, 3230, 443
409, 3240, 446
409, 3250, 450
409, 3260, 450
410, 3270, 452
413, 3280, 450
414, 3290, 448
414, 3300, 453
415, 3310, 447
416, 3320, 449
416, 3330, 447
416, 3340, 451
417, 3350, 454
418, 3360, 450
418, 3370, 453
419, 3380, 448
420, 3390, 451
420, 3400, 452
422, 3410, 456
426, 3420, 457
427, 3430, 462
428, 3440, 462
428, 3450, 461
429, 3460, 468
430, 3470, 464
430, 3480, 465
431, 3490, 463
431, 3500, 467
432, 3510, 466
433, 3520, 466
436, 3530, 466
437, 3540, 469
437, 3550, 469
438, 3560, 469
438, 3570, 470
440, 3580, 466
441, 3590, 471
442, 3600, 468
444, 3610, 474
444, 3620, 476
444, 3630, 472
446, 3640, 473
448, 3650, 475
449, 3660, 480
450, 3670, 479
451, 3680, 478
453, 3690, 481
453, 3700, 482
453, 3710, 484
453, 3720, 483
458, 3730, 480
459, 3740, 488
464, 3750, 486
465, 3760, 496
466, 3770, 496
468, 3780, 496
468, 3790, 503
468, 3800, 501
469, 3810, 498
469, 3820, 501
469, 3830, 499
470, 3840, 497
471, 3850, 501
473, 3860, 499
473, 3870, 501
474, 3880, 501
478, 3890, 503
479, 3900, 506
{'count': 3900, 'truepos': 97, 'falseneg': 6, 'unknownyes': 3, 'falsepos': 382, 'unique': 3900}
40: Hall.csv: three: 0, 0
8, 10
9, 20, 124
13, 30, 114
17, 40, 120
18, 50, 125
24, 60, 120
27, 70, 120
29, 80, 124
31, 90, 123
38, 100, 91
45, 110, 97
51, 120, 99
55, 130, 101
60, 140, 102
64, 150, 105
68, 160, 111
74, 170, 115
76, 180, 122
79, 190, 119
80, 200, 117
82, 210, 107
84, 220, 114
85, 230, 126
86, 240, 102
86, 250, 101
88, 260, 102
93, 270, 102
94, 280, 111
95, 290, 108
96, 300, 106
96, 310, 113
96, 320, 108
97, 330, 110
98, 340, 111
98, 350, 108
99, 360, 109
100, 370, 109
102, 380, 114
102, 390, 117
102, 400, 115
102, 410, 114
102, 420, 112
102, 430, 111
103, 440, 110
103, 450, 112
103, 460, 111
103, 470, 112
103, 480, 113
103, 490, 110
103, 500, 110
104, 510, 110
105, 520, 113
105, 530, 113
105, 540, 112
105, 550, 114
105, 560, 113
105, 570, 112
106, 580, 112
107, 590, 113
107, 600, 115
107, 610, 114
107, 620, 114
107, 630, 114
107, 640, 114
107, 650, 113
107, 660, 113
107, 670, 113
107, 680, 113
{'count': 1499, 'truepos': 95, 'falseneg': 7, 'unknownyes': 4, 'falsepos': 12, 'unique': 680}
40: Hall.csv: machine: 0, 0
6, 10
10, 20, 106
12, 30, 115
13, 40, 124
15, 50, 123
19, 60, 121
['yes' 'no' 'no' 'yes' 'yes' 'yes' 'yes' 'yes' 'yes' 'yes']
['no']
17, 60, 121
18, 70, 102
20, 80, 81
25, 90, 77
28, 100, 84
31, 110, 83
['yes' 'yes' 'yes' 'yes' 'yes' 'yes' 'yes' 'yes' 'yes' 'no']
['yes' 'no' 'yes' 'no' 'no' 'no' 'yes' 'no' 'no' 'no']
31, 110, 83
36, 120, 74
38, 130, 74
43, 140, 74
46, 150, 78
50, 160, 80
['yes' 'yes' 'no' 'yes' 'yes' 'yes' 'yes' 'yes' 'yes' 'yes']
['no' 'no' 'no' 'no' 'no' 'no' 'no' 'no' 'no' 'yes']
50, 160, 80
53, 170, 81
59, 180, 78
63, 190, 93
68, 200, 97
72, 210, 104
['yes' 'yes' 'yes' 'yes' 'yes' 'yes' 'no' 'yes' 'yes' 'yes']
['no' 'no' 'no' 'no' 'yes' 'no' 'no' 'no' 'no' 'yes']
72, 210, 104
74, 220, 99
76, 230, 99
78, 240, 101
81, 250, 97
82, 260, 106
['no' 'yes' 'yes' 'yes' 'yes' 'no' 'no' 'yes' 'yes' 'yes']
['no' 'no' 'no' 'no' 'no' 'no' 'no' 'no' 'no' 'yes']
81, 260, 106
82, 270, 100
84, 280, 102
85, 290, 101
88, 300, 97
93, 310, 97
['no' 'no' 'yes' 'yes' 'yes' 'yes' 'no' 'yes' 'yes' 'yes']
['no' 'no' 'no' 'no' 'no' 'no' 'no' 'no' 'no' 'no']
['no' 'no' 'no' 'no' 'yes' 'yes' 'yes' 'yes' 'yes' 'yes']
['no' 'no' 'no' 'no' 'no' 'no' 'no' 'no' 'no' 'no']
{'count': 421, 'truepos': 82, 'falseneg': 11, 'unknownyes': 13, 'falsepos': 8, 'unique': 310}
40: Hall.csv: machine2: 0, 0
7, 10
7, 20, 115
11, 30, 107
14, 40, 116
18, 50, 116
22, 60, 121
['yes' 'yes' 'yes' 'yes' 'yes' 'yes' 'yes' 'no' 'yes' 'no']
['no' 'no' 'yes']
22, 60, 121
22, 70, 133
26, 80, 105
30, 90, 110
37, 100, 96
44, 110, 105
['yes' 'yes' 'yes' 'yes' 'yes' 'yes' 'yes' 'no' 'yes' 'yes']
['no' 'no' 'no' 'yes' 'no' 'yes' 'no' 'no' 'no' 'no']
45, 110, 105
52, 120, 99
53, 130, 106
57, 140, 93
62, 150, 98
68, 160, 104
['yes' 'yes' 'yes' 'no' 'no' 'yes' 'yes' 'yes' 'yes' 'yes']
['no' 'no' 'no' 'no' 'no' 'no' 'no' 'yes' 'no' 'no']
65, 160, 104
69, 170, 96
71, 180, 100
72, 190, 97
75, 200, 97
77, 210, 104
['yes' 'no' 'yes' 'yes' 'yes' 'no' 'yes' 'yes' 'no' 'no']
['no' 'no' 'no' 'no' 'no' 'no' 'no' 'no' 'no' 'no']
74, 210, 104
76, 220, 99
78, 230, 102
83, 240, 97
89, 250, 97
90, 260, 106
['no' 'no' 'no' 'yes' 'yes' 'yes' 'yes' 'yes' 'yes' 'no']
['no' 'no' 'no' 'no' 'no' 'no' 'no' 'no' 'no' 'no']
86, 260, 106
89, 270, 98
91, 280, 106
93, 290, 106
93, 300, 109
95, 310, 107
['yes' 'no' 'yes' 'yes' 'yes' 'yes' 'yes' 'yes' 'yes' 'yes']
['no' 'no' 'no' 'yes' 'no' 'no' 'no' 'yes' 'no' 'no']
96, 310, 107
98, 320, 107
103, 330, 111
103, 340, 117
104, 350, 116
107, 360, 118
['no' 'no' 'no' 'no' 'yes' 'yes' 'yes' 'yes' 'yes' 'yes']
['no' 'no' 'no' 'no' 'no' 'no' 'yes' 'no' 'no' 'no']
108, 360, 118
109, 370, 120
110, 380, 120
111, 390, 120
113, 400, 121
113, 410, 126
['no' 'yes' 'no' 'no' 'yes' 'yes' 'yes' 'no' 'no' 'yes']
['no' 'no' 'no' 'no' 'no' 'no' 'no' 'no' 'no' 'no']
108, 410, 126
111, 420, 117
113, 430, 124
114, 440, 126
116, 450, 126
118, 460, 127
['no' 'no' 'no' 'no' 'no' 'no' 'no' 'yes' 'yes' 'yes']
['no' 'no' 'no' 'no' 'no' 'no' 'no' 'no' 'no' 'no']
113, 460, 127
114, 470, 124
114, 480, 128
116, 490, 129
116, 500, 133
116, 510, 131
['no' 'no' 'no' 'no' 'no' 'no' 'yes' 'yes' 'yes' 'yes']
['no' 'no' 'no' 'no' 'no' 'no' 'no' 'no' 'no' 'yes']
111, 510, 131
114, 520, 119
115, 530, 126
118, 540, 127
120, 550, 134
121, 560, 138
['yes' 'no' 'no' 'no' 'no' 'no' 'no' 'no' 'no' 'yes']
['no' 'no' 'no' 'yes' 'yes' 'no' 'no' 'no' 'no' 'no']
118, 560, 138
119, 570, 131
120, 580, 134
120, 590, 135
121, 600, 134
122, 610, 136
['no' 'no' 'no' 'no' 'no' 'no' 'no' 'yes' 'no' 'yes']
['no' 'no' 'no' 'no' 'no' 'no' 'no' 'no' 'no' 'no']
115, 610, 136
116, 620, 128
116, 630, 129
117, 640, 129
117, 650, 129
117, 660, 130
['no' 'no' 'no' 'no' 'no' 'no' 'no' 'yes' 'yes' 'no']
['no' 'no' 'no' 'no' 'no' 'no' 'no' 'no' 'no' 'no']
110, 660, 130
112, 670, 121
113, 680, 123
114, 690, 123
115, 700, 128
118, 710, 127
['no' 'no' 'yes' 'yes' 'no' 'no' 'no' 'no' 'yes' 'no']
['no' 'no' 'no' 'no' 'no' 'no' 'no' 'no' 'no' 'no']
112, 710, 127
114, 720, 120
116, 730, 125
119, 740, 131
121, 750, 135
121, 760, 140
['no' 'no' 'no' 'no' 'no' 'no' 'no' 'no' 'no' 'yes']
['no' 'no' 'no' 'no' 'no' 'no' 'no' 'no' 'no' 'no']
115, 760, 140
116, 770, 125
117, 780, 126
118, 790, 128
118, 800, 128
121, 810, 128
['no' 'no' 'no' 'no' 'no' 'no' 'no' 'no' 'no' 'no']
['no' 'no' 'no' 'no' 'no' 'no' 'no' 'no' 'no' 'no']
111, 810, 128
112, 820, 119
112, 830, 120
113, 840, 119
114, 850, 120
114, 860, 122
['no' 'no' 'no' 'yes' 'yes' 'yes' 'yes' 'yes' 'yes' 'yes']
['no' 'no' 'no' 'no' 'no' 'no' 'no' 'no' 'no' 'no']
112, 860, 122
113, 870, 120
113, 880, 121
115, 890, 121
117, 900, 123
118, 910, 127
['no' 'yes' 'no' 'no' 'no' 'no' 'no' 'yes' 'yes' 'yes']
['no' 'no' 'no' 'no' 'no' 'no' 'no' 'no' 'no' 'no']
114, 910, 127
115, 920, 121
115, 930, 124
116, 940, 124
116, 950, 123
117, 960, 124
['no' 'no' 'no' 'no' 'yes' 'no' 'yes' 'yes' 'yes' 'yes']
['no' 'no' 'no' 'no' 'no' 'no' 'no' 'no' 'no' 'no']
113, 960, 124
114, 970, 122
115, 980, 123
117, 990, 125
118, 1000, 128
118, 1010, 129
['no' 'no' 'no' 'no' 'no' 'no' 'yes' 'yes' 'yes' 'yes']
['no' 'no' 'no' 'no' 'no' 'no' 'no' 'no' 'no' 'no']
113, 1010, 129
114, 1020, 121
115, 1030, 123
115, 1040, 124
116, 1050, 123
117, 1060, 125
['no' 'no' 'no' 'no' 'no' 'yes' 'yes' 'yes' 'yes' 'yes']
['no' 'no' 'no' 'no' 'no' 'no' 'no' 'no' 'no' 'no']
113, 1060, 125
113, 1070, 121
113, 1080, 121
114, 1090, 121
114, 1100, 122
116, 1110, 121
['no' 'no' 'no' 'yes' 'yes' 'yes']
['no' 'no' 'no' 'no' 'no' 'no' 'no' 'no' 'no' 'no']
['no' 'no' 'no' 'yes' 'yes' 'yes']
['no' 'no' 'no' 'no' 'no' 'no' 'no' 'no' 'no' 'no']
{'count': 1643, 'truepos': 99, 'falseneg': 4, 'unknownyes': 3, 'falsepos': 16, 'unique': 1110}
40: Hall.csv: machine3: 0, 0
8, 10
10, 20, 120
12, 30, 121
16, 40, 122
18, 50, 129
19, 60, 120
null
['no' 'no']
19, 60, 120
19, 70, 114
25, 80, 100
27, 90, 105
33, 100, 100
39, 110, 90
null
['no' 'no' 'no' 'no' 'yes' 'no' 'no' 'no' 'no' 'no']
40, 110, 90
45, 120, 93
46, 130, 93
50, 140, 85
53, 150, 87
58, 160, 84
null
['no' 'no' 'no' 'yes' 'no' 'no' 'no' 'yes' 'yes' 'no']
60, 160, 84
64, 170, 93
68, 180, 94
69, 190, 99
73, 200, 95
75, 210, 96
null
['no' 'no' 'no' 'no' 'no' 'no' 'no' 'yes' 'no' 'no']
76, 210, 96
78, 220, 96
80, 230, 100
82, 240, 96
83, 250, 101
83, 260, 100
null
['no' 'no' 'no' 'no' 'no' 'no' 'no' 'no' 'no' 'no']
83, 260, 100
83, 270, 98
84, 280, 96
85, 290, 96
85, 300, 95
86, 310, 95
null
['no' 'yes' 'yes' 'no' 'no' 'no' 'yes' 'no' 'no' 'no']
89, 310, 95
90, 320, 100
90, 330, 102
91, 340, 101
92, 350, 102
93, 360, 101
null
['no' 'no' 'no' 'no' 'no' 'no' 'no' 'no' 'no' 'no']
93, 360, 101
93, 370, 101
94, 380, 100
94, 390, 103
96, 400, 101
96, 410, 103
null
['no' 'no' 'no' 'yes' 'no' 'no' 'no' 'no' 'no' 'no']
97, 410, 103
98, 420, 105
98, 430, 107
98, 440, 104
98, 450, 105
98, 460, 106
null
['no' 'no' 'no' 'no' 'no' 'no' 'no' 'no' 'no' 'no']
98, 460, 106
98, 470, 104
null
['no' 'no' 'no' 'no' 'no' 'no' 'no' 'no' 'no' 'no']
{'count': 751, 'truepos': 92, 'falseneg': 7, 'unknownyes': 7, 'falsepos': 6, 'unique': 470}
40: Wahono.csv: none: 0, 0
7, 10
9, 20, 114
11, 30, 114
14, 40, 119
14, 50, 120
16, 60, 110
17, 70, 101
20, 80, 93
21, 90, 88
24, 100, 88
26, 110, 83
29, 120, 80
32, 130, 86
34, 140, 65
36, 150, 67
40, 160, 71
41, 170, 71
44, 180, 81
46, 190, 78
49, 200, 83
55, 210, 92
57, 220, 115
60, 230, 108
64, 240, 109
67, 250, 131
68, 260, 133
70, 270, 122
74, 280, 126
74, 290, 148
75, 300, 129
76, 310, 133
76, 320, 137
79, 330, 126
80, 340, 129
80, 350, 127
81, 360, 124
81, 370, 136
82, 380, 123
86, 390, 118
88, 400, 119
88, 410, 126
91, 420, 122
92, 430, 124
92, 440, 127
92, 450, 130
93, 460, 120
93, 470, 135
93, 480, 122
95, 490, 117
97, 500, 122
97, 510, 136
98, 520, 126
99, 530, 124
100, 540, 122
100, 550, 123
101, 560, 127
103, 570, 125
104, 580, 130
106, 590, 132
109, 600, 133
109, 610, 136
109, 620, 135
109, 630, 144
109, 640, 135
110, 650, 129
110, 660, 131
114, 670, 135
114, 680, 143
115, 690, 142
115, 700, 137
115, 710, 138
119, 720, 143
119, 730, 156
119, 740, 149
119, 750, 149
120, 760, 150
123, 770, 146
123, 780, 153
124, 790, 150
125, 800, 162
126, 810, 155
128, 820, 152
129, 830, 159
129, 840, 159
130, 850, 159
130, 860, 158
130, 870, 160
130, 880, 156
130, 890, 162
130, 900, 156
134, 910, 156
134, 920, 160
134, 930, 173
135, 940, 157
135, 950, 165
136, 960, 155
138, 970, 156
138, 980, 163
140, 990, 161
140, 1000, 169
143, 1010, 165
146, 1020, 169
147, 1030, 174
149, 1040, 171
150, 1050, 175
152, 1060, 174
153, 1070, 183
154, 1080, 182
158, 1090, 183
158, 1100, 187
161, 1110, 184
163, 1120, 194
166, 1130, 200
167, 1140, 210
167, 1150, 206
168, 1160, 202
169, 1170, 202
170, 1180, 210
170, 1190, 204
172, 1200, 208
173, 1210, 212
174, 1220, 215
175, 1230, 217
175, 1240, 213
175, 1250, 217
175, 1260, 216
177, 1270, 213
177, 1280, 223
178, 1290, 219
179, 1300, 217
181, 1310, 217
182, 1320, 219
183, 1330, 224
185, 1340, 225
186, 1350, 224
187, 1360, 231
187, 1370, 230
190, 1380, 228
192, 1390, 232
192, 1400, 236
192, 1410, 232
194, 1420, 228
194, 1430, 236
195, 1440, 236
198, 1450, 231
199, 1460, 241
201, 1470, 238
201, 1480, 241
201, 1490, 235
202, 1500, 239
202, 1510, 234
204, 1520, 233
204, 1530, 238
206, 1540, 236
206, 1550, 243
207, 1560, 243
208, 1570, 241
210, 1580, 248
210, 1590, 252
211, 1600, 254
213, 1610, 243
213, 1620, 249
213, 1630, 243
214, 1640, 245
216, 1650, 248
216, 1660, 251
217, 1670, 247
218, 1680, 251
219, 1690, 253
219, 1700, 255
220, 1710, 253
220, 1720, 260
220, 1730, 254
220, 1740, 255
220, 1750, 251
222, 1760, 255
224, 1770, 252
225, 1780, 256
225, 1790, 253
225, 1800, 256
226, 1810, 257
229, 1820, 258
231, 1830, 266
233, 1840, 263
234, 1850, 271
234, 1860, 265
236, 1870, 266
237, 1880, 267
240, 1890, 272
240, 1900, 276
243, 1910, 276
245, 1920, 290
246, 1930, 286
246, 1940, 284
247, 1950, 286
249, 1960, 286
250, 1970, 296
251, 1980, 297
252, 1990, 292
254, 2000, 297
255, 2010, 294
256, 2020, 297
257, 2030, 301
257, 2040, 300
260, 2050, 299
261, 2060, 301
262, 2070, 300
262, 2080, 305
263, 2090, 300
263, 2100, 301
263, 2110, 303
263, 2120, 299
266, 2130, 298
268, 2140, 302
269, 2150, 302
270, 2160, 303
270, 2170, 297
270, 2180, 299
274, 2190, 304
275, 2200, 304
276, 2210, 307
276, 2220, 309
277, 2230, 311
277, 2240, 309
278, 2250, 308
280, 2260, 310
282, 2270, 316
282, 2280, 315
282, 2290, 315
286, 2300, 316
286, 2310, 327
288, 2320, 324
290, 2330, 325
292, 2340, 328
292, 2350, 328
292, 2360, 328
294, 2370, 325
294, 2380, 331
295, 2390, 333
295, 2400, 335
297, 2410, 335
299, 2420, 332
300, 2430, 337
300, 2440, 339
300, 2450, 338
302, 2460, 332
303, 2470, 343
303, 2480, 336
304, 2490, 341
304, 2500, 343
304, 2510, 338
305, 2520, 338
306, 2530, 337
308, 2540, 339
309, 2550, 336
310, 2560, 342
310, 2570, 343
310, 2580, 341
310, 2590, 339
311, 2600, 338
312, 2610, 345
313, 2620, 341
314, 2630, 344
315, 2640, 344
315, 2650, 348
315, 2660, 345
316, 2670, 346
317, 2680, 346
319, 2690, 350
322, 2700, 348
322, 2710, 347
323, 2720, 355
324, 2730, 352
326, 2740, 355
328, 2750, 360
328, 2760, 359
328, 2770, 359
329, 2780, 359
330, 2790, 357
330, 2800, 355
331, 2810, 357
331, 2820, 359
331, 2830, 360
332, 2840, 360
333, 2850, 362
333, 2860, 360
334, 2870, 362
336, 2880, 361
337, 2890, 363
338, 2900, 363
339, 2910, 369
340, 2920, 367
343, 2930, 370
343, 2940, 368
344, 2950, 369
347, 2960, 373
347, 2970, 375
348, 2980, 375
348, 2990, 376
349, 3000, 375
351, 3010, 375
351, 3020, 378
351, 3030, 379
352, 3040, 378
354, 3050, 374
354, 3060, 382
354, 3070, 382
355, 3080, 378
357, 3090, 376
358, 3100, 379
358, 3110, 383
360, 3120, 385
362, 3130, 384
362, 3140, 386
363, 3150, 387
363, 3160, 388
364, 3170, 385
365, 3180, 388
366, 3190, 391
368, 3200, 389
368, 3210, 393
368, 3220, 390
369, 3230, 392
370, 3240, 393
371, 3250, 390
371, 3260, 392
372, 3270, 392
374, 3280, 394
374, 3290, 396
374, 3300, 396
374, 3310, 394
375, 3320, 394
375, 3330, 396
375, 3340, 397
377, 3350, 395
378, 3360, 397
378, 3370, 400
380, 3380, 398
{'count': 3380, 'truepos': 58, 'falseneg': 3, 'unknownyes': 1, 'falsepos': 322, 'unique': 3380}
40: Wahono.csv: three: 0, 0
5, 10
5, 20, 102
7, 30, 93
14, 40, 75
14, 50, 89
18, 60, 79
18, 70, 85
19, 80, 61
21, 90, 59
21, 100, 54
21, 110, 48
21, 120, 46
22, 130, 45
22, 140, 46
24, 150, 45
26, 160, 49
26, 170, 51
28, 180, 49
29, 190, 52
31, 200, 52
33, 210, 48
36, 220, 57
38, 230, 61
39, 240, 67
40, 250, 64
40, 260, 70
41, 270, 65
42, 280, 65
43, 290, 65
44, 300, 66
45, 310, 68
45, 320, 69
45, 330, 67
45, 340, 69
46, 350, 60
48, 360, 65
50, 370, 67
52, 380, 68
52, 390, 70
53, 400, 78
54, 410, 84
55, 420, 73
57, 430, 73
57, 440, 77
59, 450, 76
59, 460, 81
59, 470, 78
61, 480, 72
61, 490, 78
61, 500, 76
62, 510, 79
62, 520, 78
62, 530, 75
62, 540, 75
63, 550, 74
63, 560, 79
63, 570, 77
63, 580, 81
63, 590, 79
64, 600, 73
65, 610, 74
65, 620, 77
65, 630, 75
67, 640, 79
68, 650, 79
68, 660, 78
69, 670, 78
71, 680, 81
71, 690, 86
72, 700, 85
73, 710, 86
73, 720, 90
74, 730, 89
74, 740, 88
76, 750, 90
77, 760, 90
79, 770, 91
81, 780, 100
81, 790, 104
81, 800, 104
82, 810, 101
82, 820, 102
82, 830, 105
82, 840, 108
82, 850, 103
82, 860, 102
82, 870, 101
82, 880, 101
82, 890, 104
82, 900, 101
82, 910, 100
82, 920, 98
84, 930, 99
84, 940, 102
84, 950, 102
84, 960, 101
84, 970, 100
85, 980, 99
85, 990, 101
86, 1000, 103
86, 1010, 99
86, 1020, 101
87, 1030, 99
87, 1040, 101
87, 1050, 99
87, 1060, 99
87, 1070, 99
87, 1080, 99
87, 1090, 99
89, 1100, 100
90, 1110, 101
91, 1120, 103
92, 1130, 106
92, 1140, 105
93, 1150, 105
93, 1160, 108
93, 1170, 107
93, 1180, 106
93, 1190, 107
93, 1200, 106
93, 1210, 104
95, 1220, 105
95, 1230, 108
95, 1240, 108
95, 1250, 108
95, 1260, 107
95, 1270, 107
95, 1280, 108
95, 1290, 107
96, 1300, 106
97, 1310, 106
97, 1320, 108
97, 1330, 109
97, 1340, 108
97, 1350, 108
97, 1360, 108
97, 1370, 107
97, 1380, 109
97, 1390, 107
98, 1400, 107
98, 1410, 110
98, 1420, 108
98, 1430, 108
99, 1440, 107
99, 1450, 109
99, 1460, 111
99, 1470, 110
99, 1480, 109
99, 1490, 109
100, 1500, 108
100, 1510, 110
100, 1520, 109
100, 1530, 110
100, 1540, 108
100, 1550, 108
100, 1560, 108
101, 1570, 110
101, 1580, 111
101, 1590, 110
102, 1600, 112
102, 1610, 112
102, 1620, 110
102, 1630, 112
102, 1640, 111
102, 1650, 111
102, 1660, 112
103, 1670, 111
105, 1680, 111
105, 1690, 116
105, 1700, 117
106, 1710, 114
106, 1720, 117
106, 1730, 115
106, 1740, 116
106, 1750, 116
106, 1760, 114
106, 1770, 115
106, 1780, 114
106, 1790, 115
106, 1800, 115
106, 1810, 114
106, 1820, 115
106, 1830, 114
106, 1840, 115
107, 1850, 113
107, 1860, 116
107, 1870, 115
107, 1880, 114
108, 1890, 114
108, 1900, 115
110, 1910, 116
110, 1920, 118
110, 1930, 120
110, 1940, 119
111, 1950, 118
111, 1960, 119
112, 1970, 119
112, 1980, 120
113, 1990, 121
113, 2000, 123
113, 2010, 123
114, 2020, 123
114, 2030, 124
114, 2040, 123
115, 2050, 124
115, 2060, 124
115, 2070, 124
115, 2080, 123
115, 2090, 123
115, 2100, 124
116, 2110, 124
116, 2120, 125
117, 2130, 124
117, 2140, 127
117, 2150, 127
117, 2160, 127
117, 2170, 125
117, 2180, 125
117, 2190, 126
117, 2200, 125
117, 2210, 125
117, 2220, 125
117, 2230, 125
119, 2240, 126
119, 2250, 131
119, 2260, 130
119, 2270, 129
119, 2280, 129
120, 2290, 129
121, 2300, 129
121, 2310, 130
122, 2320, 130
122, 2330, 132
123, 2340, 131
123, 2350, 134
123, 2360, 133
124, 2370, 134
124, 2380, 134
124, 2390, 133
124, 2400, 132
124, 2410, 133
124, 2420, 132
125, 2430, 133
125, 2440, 135
125, 2450, 135
125, 2460, 135
125, 2470, 132
126, 2480, 134
126, 2490, 136
126, 2500, 137
127, 2510, 136
127, 2520, 137
127, 2530, 136
128, 2540, 136
128, 2550, 139
128, 2560, 137
128, 2570, 138
128, 2580, 137
128, 2590, 137
128, 2600, 137
128, 2610, 137
128, 2620, 137
128, 2630, 136
128, 2640, 136
128, 2650, 136
128, 2660, 137
128, 2670, 135
129, 2680, 136
129, 2690, 136
129, 2700, 136
{'count': 5868, 'truepos': 57, 'falseneg': 2, 'unknownyes': 3, 'falsepos': 72, 'unique': 2700}
40: Wahono.csv: machine: 0, 0
7, 10
9, 20, 101
11, 30, 107
13, 40, 108
15, 50, 111
17, 60, 110
['yes' 'yes' 'yes' 'yes' 'no' 'yes' 'no' 'no' 'yes' 'yes']
[]
13, 60, 110
16, 70, 87
17, 80, 82
19, 90, 74
21, 100, 70
22, 110, 68
['yes' 'yes' 'yes' 'yes' 'no' 'yes' 'yes' 'no' 'no' 'no']
[]
18, 110, 68
23, 120, 56
25, 130, 58
30, 140, 58
34, 150, 65
35, 160, 71
['no' 'no' 'no' 'no' 'yes' 'yes' 'yes' 'yes' 'yes' 'no']
['no' 'no' 'no' 'no' 'no' 'no' 'no' 'no' 'no' 'no']
33, 160, 71
35, 170, 59
38, 180, 65
41, 190, 66
42, 200, 76
42, 210, 72
['no' 'yes' 'no' 'no' 'yes' 'no' 'yes' 'yes' 'no' 'yes']
['no' 'no' 'no' 'no' 'no' 'no' 'no' 'no' 'no' 'no']
38, 210, 72
39, 220, 59
39, 230, 59
41, 240, 55
42, 250, 63
43, 260, 63
['yes' 'no' 'yes' 'no' 'yes' 'no' 'yes' 'no' 'yes' 'no']
['no' 'no' 'no' 'no' 'no' 'no' 'no' 'no' 'no' 'no']
39, 260, 63
42, 270, 51
44, 280, 59
44, 290, 58
44, 300, 61
47, 310, 57
['yes' 'no' 'yes' 'yes' 'no' 'yes' 'no' 'no' 'yes' 'no']
['no' 'no' 'no' 'no' 'no' 'no' 'no' 'no' 'no' 'no']
42, 310, 57
44, 320, 55
44, 330, 59
45, 340, 58
48, 350, 59
49, 360, 69
['no' 'no' 'no' 'yes' 'yes' 'yes' 'no' 'yes' 'yes' 'no']
['no' 'no' 'yes' 'yes' 'no' 'no' 'no' 'no' 'no' 'no']
45, 360, 69
46, 370, 56
49, 380, 58
49, 390, 62
50, 400, 64
50, 410, 62
['no' 'yes' 'no' 'no' 'yes' 'no' 'yes' 'yes' 'yes' 'no']
['no' 'no' 'no' 'no' 'no' 'no' 'no' 'no' 'no' 'no']
43, 410, 62
43, 420, 58
43, 430, 56
45, 440, 53
46, 450, 56
47, 460, 58
['yes' 'no' 'no' 'no' 'no' 'no']
['yes' 'no' 'no' 'no' 'no' 'yes' 'no' 'no' 'no' 'no']
45, 460, 58
45, 470, 55
47, 480, 55
48, 490, 59
49, 500, 63
50, 510, 58
['no' 'yes' 'no' 'no' 'yes' 'no']
['no' 'no' 'no' 'no' 'no' 'no' 'no' 'no' 'no' 'no']
47, 510, 58
48, 520, 58
49, 530, 60
49, 540, 61
51, 550, 60
51, 560, 63
['no' 'no' 'no' 'no']
['no' 'no' 'no' 'no' 'no' 'no' 'no' 'no' 'no' 'no']
50, 560, 63
50, 570, 61
52, 580, 61
52, 590, 64
56, 600, 66
57, 610, 71
['no' 'no' 'no' 'no' 'no' 'no' 'no' 'no']
['no' 'no' 'yes' 'no' 'no' 'no' 'no' 'no' 'no' 'no']
50, 610, 71
52, 620, 59
53, 630, 60
55, 640, 62
58, 650, 66
59, 660, 71
['no' 'no' 'no' 'no' 'no' 'no' 'no' 'yes' 'no' 'no']
['no' 'no' 'no' 'no' 'no' 'no' 'no' 'no' 'no' 'no']
52, 660, 71
56, 670, 61
58, 680, 66
59, 690, 69
59, 700, 70
62, 710, 71
['no' 'no' 'no' 'no' 'no' 'yes' 'no' 'no' 'no' 'no']
['no' 'no' 'no' 'no' 'no' 'no' 'no' 'no' 'no' 'no']
54, 710, 71
54, 720, 63
55, 730, 62
56, 740, 64
57, 750, 65
57, 760, 66
['no' 'no' 'no' 'no']
['no' 'no' 'no' 'no' 'no' 'no' 'no' 'no' 'yes' 'no']
55, 760, 66
57, 770, 63
57, 780, 65
57, 790, 65
59, 800, 67
61, 810, 65
['yes' 'no' 'no' 'no' 'no' 'no' 'no' 'yes']
['no' 'no' 'no' 'no' 'no' 'no' 'no' 'no' 'no' 'no']
55, 810, 65
55, 820, 63
58, 830, 62
60, 840, 67
61, 850, 68
62, 860, 70
['no' 'yes' 'no' 'no' 'no' 'no' 'no' 'yes']
['no' 'no' 'no' 'no' 'no' 'no' 'no' 'no' 'no' 'no']
56, 860, 70
56, 870, 64
58, 880, 62
60, 890, 66
60, 900, 69
62, 910, 67
['no' 'no' 'no' 'no' 'no' 'no']
['no' 'no' 'no' 'no' 'no' 'no' 'no' 'no' 'no' 'no']
58, 910, 67
60, 920, 65
62, 930, 67
63, 940, 70
63, 950, 72
63, 960, 72
['no' 'no' 'no' 'no' 'no' 'no' 'no']
['no' 'no' 'no' 'no' 'no' 'no' 'no' 'no' 'no' 'no']
57, 960, 72
57, 970, 64
57, 980, 63
59, 990, 64
60, 1000, 66
62, 1010, 66
['no' 'no' 'no' 'no' 'no' 'no']
['no' 'no' 'no' 'no' 'no' 'no' 'no' 'no' 'no' 'no']
56, 1010, 66
57, 1020, 63
58, 1030, 64
59, 1040, 64
62, 1050, 65
63, 1060, 68
['no' 'no' 'no' 'no' 'no' 'no' 'no']
['no' 'no' 'no' 'no' 'no' 'no' 'no' 'no' 'no' 'no']
57, 1060, 68
59, 1070, 62
60, 1080, 65
61, 1090, 67
63, 1100, 68
63, 1110, 71
['no' 'no' 'no' 'no' 'no' 'no']
['no' 'no' 'no' 'no' 'no' 'no' 'no' 'no' 'no' 'no']
59, 1110, 71
59, 1120, 64
61, 1130, 65
62, 1140, 68
64, 1150, 69
65, 1160, 70
['no' 'no' 'no' 'no' 'no' 'no' 'no' 'no']
['no' 'no' 'no' 'no' 'no' 'yes' 'no' 'no' 'no' 'no']
60, 1160, 70
61, 1170, 66
62, 1180, 68
62, 1190, 67
62, 1200, 68
62, 1210, 68
['no' 'yes' 'no' 'no']
['no' 'no' 'no' 'no' 'yes' 'no' 'no' 'no' 'no' 'no']
62, 1210, 68
62, 1220, 67
63, 1230, 67
65, 1240, 68
65, 1250, 70
65, 1260, 72
['no' 'no' 'no' 'no']
['no' 'no' 'no' 'no' 'no' 'no' 'no' 'no' 'no' 'no']
64, 1260, 72
65, 1270, 69
69, 1280, 71
70, 1290, 76
71, 1300, 77
72, 1310, 80
['yes' 'no' 'no' 'no' 'no' 'no' 'no' 'no' 'no' 'no']
['no' 'no' 'no' 'no' 'no' 'no' 'no' 'no' 'no' 'no']
66, 1310, 80
67, 1320, 72
68, 1330, 72
70, 1340, 75
71, 1350, 76
71, 1360, 78
['no' 'no' 'no' 'no' 'no' 'yes' 'no']
['no' 'no' 'no' 'no' 'no' 'no' 'no' 'no' 'no' 'no']
67, 1360, 78
67, 1370, 73
68, 1380, 72
69, 1390, 73
69, 1400, 74
70, 1410, 75
['yes' 'no' 'no' 'no' 'no']
['no' 'no' 'no' 'no' 'no' 'no' 'no' 'no' 'no' 'no']
66, 1410, 75
69, 1420, 70
71, 1430, 74
71, 1440, 77
72, 1450, 76
73, 1460, 77
['no' 'no' 'no' 'no' 'no' 'no' 'no']
['no' 'no' 'no' 'no' 'no' 'no' 'no' 'no' 'no' 'no']
71, 1460, 77
72, 1470, 76
72, 1480, 77
73, 1490, 77
76, 1500, 78
77, 1510, 85
['no' 'no' 'no' 'no' 'no' 'no' 'no' 'no' 'no' 'no']
['no' 'no' 'no' 'no' 'no' 'no' 'no' 'no' 'no' 'no']
68, 1510, 85
69, 1520, 73
70, 1530, 74
71, 1540, 74
72, 1550, 77
73, 1560, 77
['no' 'no' 'no' 'no' 'no']
['no' 'no' 'no' 'no' 'no' 'no' 'no' 'no' 'no' 'no']
69, 1560, 77
69, 1570, 74
70, 1580, 74
70, 1590, 76
70, 1600, 75
71, 1610, 75
['no' 'no' 'no']
['no' 'no' 'no' 'no' 'no' 'no' 'no' 'no' 'no' 'no']
68, 1610, 75
69, 1620, 72
70, 1630, 73
71, 1640, 74
72, 1650, 75
74, 1660, 76
['no' 'no' 'no' 'no' 'no' 'no']
['no' 'no' 'yes' 'no' 'no' 'no' 'no' 'no' 'no' 'no']
['no' 'no' 'no' 'no' 'no' 'no']
['no' 'no' 'no' 'yes' 'no' 'no' 'no' 'no' 'no' 'no']
{'count': 2215, 'truepos': 54, 'falseneg': 5, 'unknownyes': 3, 'falsepos': 17, 'unique': 1660}
40: Wahono.csv: machine2: 0, 0
5, 10
7, 20, 100
10, 30, 92
10, 40, 92
12, 50, 88
16, 60, 91
['no' 'yes' 'yes' 'yes' 'yes' 'no' 'no' 'no' 'yes' 'no']
[]
13, 60, 91
17, 70, 87
20, 80, 98
21, 90, 102
23, 100, 93
25, 110, 92
['yes' 'no' 'yes' 'yes' 'no' 'yes' 'yes' 'yes' 'yes' 'no']
[]
22, 110, 92
25, 120, 74
27, 130, 72
31, 140, 71
36, 150, 58
38, 160, 76
['no' 'yes' 'yes' 'no' 'yes' 'no' 'yes' 'no' 'no' 'no']
['no' 'no' 'no' 'no' 'no' 'no' 'no' 'yes' 'no' 'no']
36, 160, 76
37, 170, 67
38, 180, 60
39, 190, 60
40, 200, 60
43, 210, 61
['no' 'no' 'yes' 'yes' 'yes' 'no' 'yes' 'yes' 'no' 'yes']
['no' 'no' 'yes' 'no' 'no' 'no' 'no' 'no' 'no' 'no']
42, 210, 61
43, 220, 59
46, 230, 63
47, 240, 68
50, 250, 71
53, 260, 77
['no' 'no' 'no' 'no' 'no' 'no' 'yes' 'no' 'no' 'yes']
['yes' 'no' 'no' 'yes' 'no' 'no' 'no' 'no' 'no' 'no']
47, 260, 77
48, 270, 63
52, 280, 63
54, 290, 73
57, 300, 74
59, 310, 83
['no' 'yes' 'yes' 'yes' 'yes' 'yes' 'yes' 'no' 'no' 'no']
['no' 'no' 'no' 'no' 'no' 'no' 'no' 'no' 'no' 'no']
58, 310, 83
59, 320, 76
60, 330, 79
61, 340, 79
63, 350, 85
64, 360, 82
['yes' 'no' 'yes' 'no' 'yes' 'yes' 'no' 'no' 'yes' 'no']
['no' 'no' 'yes' 'no' 'no' 'no' 'no' 'no' 'no' 'no']
63, 360, 82
65, 370, 77
66, 380, 80
68, 390, 85
68, 400, 86
68, 410, 86
['no' 'no' 'no' 'no' 'yes' 'yes' 'no' 'no' 'yes' 'no']
['no' 'no' 'no' 'no' 'no' 'no' 'no' 'no' 'no' 'no']
64, 410, 86
65, 420, 76
65, 430, 74
68, 440, 78
68, 450, 82
68, 460, 80
['no' 'no' 'no' 'yes' 'no' 'no' 'yes' 'no' 'yes' 'yes']
['yes' 'no' 'no' 'no' 'no' 'no' 'no' 'no' 'no' 'no']
65, 460, 80
66, 470, 76
68, 480, 77
69, 490, 83
70, 500, 86
71, 510, 85
['no' 'no' 'no' 'yes' 'no' 'no' 'no' 'yes' 'yes' 'no']
['no' 'no' 'no' 'no' 'no' 'no' 'no' 'no' 'no' 'no']
67, 510, 85
68, 520, 82
68, 530, 80
70, 540, 83
72, 550, 90
72, 560, 95
['no' 'no' 'no' 'no' 'no' 'yes' 'yes' 'no' 'no' 'yes']
['no' 'no' 'no' 'no' 'no' 'no' 'no' 'no' 'no' 'no']
70, 560, 95
72, 570, 86
74, 580, 95
75, 590, 97
76, 600, 100
76, 610, 97
['no' 'no' 'no' 'no' 'no' 'no' 'no' 'no' 'no' 'no']
['no' 'no' 'no' 'no' 'no' 'no' 'no' 'no' 'no' 'no']
67, 610, 97
68, 620, 83
69, 630, 84
70, 640, 84
71, 650, 83
73, 660, 88
['no' 'no' 'no' 'no' 'no' 'no' 'yes' 'yes' 'yes' 'no']
['no' 'no' 'no' 'no' 'no' 'no' 'no' 'no' 'no' 'no']
68, 660, 88
71, 670, 81
72, 680, 84
72, 690, 86
73, 700, 85
74, 710, 88
['no' 'no' 'no' 'no' 'no' 'no' 'no' 'no']
['no' 'no' 'no' 'no' 'no' 'no' 'no' 'no' 'no' 'no']
66, 710, 88
68, 720, 79
69, 730, 81
69, 740, 83
71, 750, 85
72, 760, 84
['no' 'no' 'no' 'no' 'no' 'no']
['no' 'no' 'no' 'no' 'no' 'no' 'no' 'no' 'no' 'no']
67, 760, 84
68, 770, 79
68, 780, 83
70, 790, 79
72, 800, 83
74, 810, 84
['no' 'no' 'no' 'no' 'no' 'no' 'no' 'no']
['no' 'no' 'no' 'no' 'no' 'no' 'no' 'no' 'no' 'no']
70, 810, 84
70, 820, 79
71, 830, 82
73, 840, 84
75, 850, 87
75, 860, 91
['no' 'no' 'no' 'no' 'no' 'no']
['no' 'no' 'no' 'no' 'no' 'no' 'no' 'no' 'no' 'no']
69, 860, 91
69, 870, 79
70, 880, 80
72, 890, 83
72, 900, 83
72, 910, 82
['no' 'no' 'no']
['no' 'no' 'no' 'no' 'no' 'no' 'no' 'no' 'no' 'no']
71, 910, 82
72, 920, 81
72, 930, 81
74, 940, 82
74, 950, 85
76, 960, 82
['no' 'yes' 'no' 'no' 'no' 'no' 'no']
['no' 'no' 'no' 'no' 'no' 'no' 'no' 'no' 'no' 'no']
72, 960, 82
72, 970, 80
72, 980, 80
73, 990, 81
76, 1000, 82
77, 1010, 86
['no' 'no' 'no' 'no' 'no' 'no']
['no' 'no' 'no' 'no' 'no' 'no' 'no' 'no' 'no' 'no']
71, 1010, 86
72, 1020, 79
72, 1030, 80
74, 1040, 78
75, 1050, 82
76, 1060, 82
['no' 'no' 'no' 'no' 'no']
['no' 'no' 'no' 'no' 'no' 'no' 'no' 'no' 'no' 'no']
75, 1060, 82
78, 1070, 83
79, 1080, 87
79, 1090, 87
83, 1100, 87
87, 1110, 91
['no' 'no' 'no' 'no' 'no' 'no' 'yes' 'no' 'no' 'no']
['no' 'no' 'yes' 'no' 'no' 'no' 'no' 'no' 'no' 'no']
['no' 'no' 'no' 'no' 'no' 'no' 'no' 'no' 'yes' 'no']
['no' 'no' 'no' 'yes' 'no' 'no' 'no' 'no' 'no' 'no']
{'count': 1610, 'truepos': 53, 'falseneg': 3, 'unknownyes': 6, 'falsepos': 26, 'unique': 1110}
40: Wahono.csv: machine3: 0, 0
3, 10
4, 20, 120
5, 30, 67
6, 40, 53
7, 50, 46
9, 60, 43
null
[]
10, 70, 44
10, 80, 43
10, 90, 40
13, 100, 40
13, 110, 45
14, 120, 42
null
['yes']
15, 120, 42
19, 130, 43
20, 140, 52
21, 150, 51
25, 160, 49
25, 170, 60
null
[]
26, 180, 56
26, 190, 53
27, 200, 50
30, 210, 50
31, 220, 60
31, 230, 60
null
['no' 'no' 'no' 'no' 'no' 'no' 'no' 'no' 'no' 'no']
32, 230, 60
34, 240, 52
36, 250, 53
36, 260, 59
36, 270, 57
38, 280, 55
null
['no' 'no' 'no' 'no' 'no' 'no' 'yes' 'no' 'yes' 'no']
39, 280, 55
39, 290, 61
39, 300, 66
40, 310, 57
40, 320, 58
41, 330, 56
null
['no' 'no' 'no' 'no' 'no' 'no' 'no' 'no' 'no' 'no']
41, 330, 56
41, 340, 64
41, 350, 60
42, 360, 62
42, 370, 67
42, 380, 64
null
['no' 'no' 'no' 'no' 'no' 'no' 'no' 'no' 'no' 'no']
42, 380, 64
42, 390, 59
42, 400, 63
42, 410, 59
42, 420, 57
44, 430, 56
null
['no' 'no' 'no' 'no' 'no' 'no' 'no' 'no' 'no' 'no']
44, 430, 56
44, 440, 61
44, 450, 59
44, 460, 56
45, 470, 57
46, 480, 59
null
['no' 'no' 'no' 'no' 'no' 'no' 'no' 'no' 'no' 'no']
46, 480, 59
46, 490, 66
47, 500, 59
47, 510, 60
47, 520, 60
47, 530, 62
null
['no' 'no' 'no' 'no' 'no' 'no' 'no' 'no' 'no' 'no']
47, 530, 62
47, 540, 62
47, 550, 60
47, 560, 59
47, 570, 60
47, 580, 62
null
['no' 'no' 'no' 'no' 'no' 'no' 'no' 'no' 'no' 'no']
47, 580, 62
47, 590, 59
48, 600, 57
49, 610, 59
49, 620, 58
49, 630, 59
null
['no' 'no' 'no' 'no' 'no' 'no' 'no' 'no' 'no' 'no']
49, 630, 59
49, 640, 62
50, 650, 58
50, 660, 59
50, 670, 56
50, 680, 58
null
['yes' 'no' 'no' 'no' 'no' 'no' 'no' 'no' 'no' 'no']
52, 680, 58
52, 690, 59
52, 700, 61
53, 710, 60
53, 720, 60
53, 730, 60
null
['no' 'no' 'no' 'no' 'no' 'no' 'no' 'no' 'no' 'no']
53, 730, 60
53, 740, 59
53, 750, 60
53, 760, 62
54, 770, 62
54, 780, 66
null
['no' 'no' 'no' 'no' 'no' 'no' 'no' 'no' 'no' 'no']
54, 780, 66
54, 790, 66
55, 800, 59
55, 810, 61
56, 820, 62
56, 830, 62
null
['no' 'no' 'no' 'no' 'no' 'no' 'no' 'no' 'no' 'no']
56, 830, 62
56, 840, 61
56, 850, 62
58, 860, 61
58, 870, 63
58, 880, 64
null
['no' 'no' 'no' 'no' 'no' 'no' 'no' 'no' 'no' 'no']
58, 880, 64
58, 890, 64
59, 900, 65
59, 910, 64
59, 920, 67
59, 930, 65
null
['no' 'no' 'no' 'no' 'no' 'no' 'yes' 'no' 'no' 'no']
60, 930, 65
60, 940, 65
60, 950, 67
62, 960, 66
62, 970, 69
63, 980, 68
null
['no' 'no' 'no' 'no' 'no' 'no' 'no' 'no' 'no' 'no']
63, 980, 68
64, 990, 69
65, 1000, 71
65, 1010, 76
65, 1020, 74
65, 1030, 73
null
['no' 'no' 'no' 'no' 'no' 'no' 'no' 'no' 'no' 'no']
65, 1030, 73
65, 1040, 72
65, 1050, 73
67, 1060, 73
68, 1070, 76
69, 1080, 76
null
['no' 'no' 'yes' 'no' 'no' 'no' 'no' 'no' 'no' 'no']
71, 1080, 76
71, 1090, 80
71, 1100, 79
71, 1110, 79
72, 1120, 79
72, 1130, 81
null
['no' 'no' 'no' 'no' 'no' 'no' 'no' 'no' 'no' 'no']
72, 1130, 81
72, 1140, 80
72, 1150, 81
73, 1160, 80
73, 1170, 82
74, 1180, 81
null
['no' 'no' 'no' 'no' 'no' 'no' 'no' 'no' 'no' 'no']
74, 1180, 81
74, 1190, 83
74, 1200, 83
74, 1210, 82
74, 1220, 83
74, 1230, 82
null
['no' 'no' 'no' 'no' 'no' 'no' 'no' 'yes' 'no' 'no']
74, 1230, 82
74, 1240, 82
74, 1250, 82
74, 1260, 82
74, 1270, 82
75, 1280, 82
null
['no' 'no' 'no' 'no' 'no' 'no' 'no' 'no' 'no' 'no']
75, 1280, 82
75, 1290, 83
75, 1300, 83
75, 1310, 83
75, 1320, 83
75, 1330, 83
null
['no' 'no' 'no' 'no' 'no' 'no' 'no' 'no' 'no' 'no']
75, 1330, 83
76, 1340, 82
77, 1350, 84
77, 1360, 85
78, 1370, 84
79, 1380, 87
null
['no' 'no' 'no' 'no' 'no' 'no' 'no' 'no' 'no' 'no']
79, 1380, 87
79, 1390, 90
80, 1400, 89
81, 1410, 89
82, 1420, 91
82, 1430, 92
null
['no' 'no' 'no' 'no' 'no' 'no' 'no' 'no' 'no' 'no']
82, 1430, 92
82, 1440, 91
82, 1450, 92
82, 1460, 92
82, 1470, 90
82, 1480, 91
null
['no' 'no' 'no' 'no' 'no' 'no' 'no' 'no' 'no' 'no']
82, 1480, 91
82, 1490, 91
83, 1500, 91
83, 1510, 92
83, 1520, 92
83, 1530, 92
null
['no' 'no' 'no' 'no' 'no' 'no' 'no' 'no' 'no' 'no']
83, 1530, 92
84, 1540, 92
84, 1550, 93
84, 1560, 94
84, 1570, 92
84, 1580, 92
null
['no' 'no' 'no' 'no' 'no' 'no' 'no' 'no' 'no' 'no']
84, 1580, 92
84, 1590, 92
84, 1600, 92
86, 1610, 91
86, 1620, 92
86, 1630, 93
null
['no' 'no' 'no' 'no' 'no' 'no' 'no' 'no' 'no' 'no']
86, 1630, 93
86, 1640, 93
86, 1650, 92
86, 1660, 92
87, 1670, 93
88, 1680, 94
null
['no' 'no' 'no' 'no' 'no' 'no' 'no' 'no' 'no' 'no']
88, 1680, 94
88, 1690, 96
88, 1700, 96
88, 1710, 96
89, 1720, 95
89, 1730, 95
null
['no' 'no' 'no' 'no' 'no' 'no' 'no' 'no' 'no' 'no']
89, 1730, 95
89, 1740, 95
89, 1750, 95
89, 1760, 95
89, 1770, 95
89, 1780, 95
null
['no' 'no' 'no' 'no' 'no' 'no' 'no' 'no' 'no' 'no']
89, 1780, 95
89, 1790, 95
89, 1800, 94
89, 1810, 94
89, 1820, 94
89, 1830, 95
null
['no' 'no' 'no' 'no' 'no' 'no' 'no' 'no' 'no' 'no']
89, 1830, 95
89, 1840, 95
89, 1850, 94
89, 1860, 94
null
['no' 'no' 'no' 'no' 'no' 'no' 'no' 'no' 'no' 'no']
{'count': 2613, 'truepos': 55, 'falseneg': 5, 'unknownyes': 2, 'falsepos': 34, 'unique': 1860}
40: Danijel.csv: none: 0, 0
3, 10
7, 20, 103
7, 30, 115
7, 40, 83
9, 50, 64
9, 60, 56
9, 70, 47
12, 80, 46
13, 90, 56
14, 100, 47
15, 110, 47
15, 120, 44
16, 130, 41
22, 140, 40
26, 150, 51
29, 160, 55
31, 170, 61
34, 180, 54
36, 190, 55
41, 200, 58
42, 210, 63
44, 220, 65
45, 230, 66
46, 240, 66
49, 250, 69
51, 260, 86
52, 270, 78
53, 280, 81
54, 290, 82
55, 300, 86
59, 310, 81
64, 320, 96
66, 330, 106
69, 340, 101
70, 350, 101
74, 360, 109
75, 370, 121
77, 380, 124
77, 390, 122
77, 400, 117
78, 410, 113
79, 420, 114
81, 430, 113
82, 440, 118
83, 450, 121
84, 460, 114
85, 470, 117
87, 480, 125
87, 490, 123
88, 500, 114
89, 510, 116
90, 520, 120
91, 530, 118
93, 540, 123
93, 550, 128
95, 560, 124
95, 570, 120
95, 580, 116
96, 590, 122
96, 600, 127
97, 610, 118
98, 620, 124
98, 630, 124
102, 640, 123
104, 650, 128
105, 660, 127
106, 670, 133
108, 680, 136
109, 690, 130
113, 700, 136
114, 710, 144
117, 720, 148
117, 730, 158
119, 740, 154
119, 750, 155
120, 760, 153
122, 770, 160
122, 780, 153
124, 790, 161
126, 800, 158
127, 810, 153
128, 820, 157
130, 830, 161
132, 840, 166
133, 850, 162
133, 860, 160
134, 870, 161
136, 880, 161
137, 890, 167
138, 900, 171
139, 910, 165
140, 920, 165
141, 930, 173
141, 940, 172
142, 950, 168
143, 960, 171
143, 970, 172
143, 980, 171
144, 990, 169
144, 1000, 169
146, 1010, 171
147, 1020, 172
151, 1030, 171
153, 1040, 177
154, 1050, 179
154, 1060, 178
156, 1070, 179
157, 1080, 185
158, 1090, 186
158, 1100, 190
158, 1110, 185
160, 1120, 183
161, 1130, 187
162, 1140, 184
163, 1150, 183
164, 1160, 187
167, 1170, 186
168, 1180, 192
169, 1190, 192
169, 1200, 193
169, 1210, 199
170, 1220, 193
172, 1230, 189
173, 1240, 196
173, 1250, 191
174, 1260, 191
176, 1270, 192
177, 1280, 195
178, 1290, 196
179, 1300, 197
181, 1310, 199
182, 1320, 203
185, 1330, 202
187, 1340, 211
187, 1350, 214
189, 1360, 212
189, 1370, 213
191, 1380, 214
192, 1390, 216
193, 1400, 213
193, 1410, 220
193, 1420, 216
194, 1430, 215
197, 1440, 215
199, 1450, 222
200, 1460, 225
203, 1470, 221
204, 1480, 232
205, 1490, 231
206, 1500, 230
206, 1510, 232
208, 1520, 235
209, 1530, 238
210, 1540, 239
211, 1550, 241
211, 1560, 240
211, 1570, 240
212, 1580, 239
213, 1590, 238
214, 1600, 243
215, 1610, 241
216, 1620, 245
218, 1630, 246
219, 1640, 247
221, 1650, 250
221, 1660, 256
222, 1670, 251
222, 1680, 252
222, 1690, 252
223, 1700, 251
226, 1710, 254
227, 1720, 256
230, 1730, 256
232, 1740, 260
233, 1750, 263
233, 1760, 263
233, 1770, 259
233, 1780, 264
234, 1790, 260
234, 1800, 263
236, 1810, 260
239, 1820, 262
240, 1830, 270
240, 1840, 270
240, 1850, 269
240, 1860, 268
241, 1870, 272
241, 1880, 272
241, 1890, 264
241, 1900, 269
241, 1910, 267
243, 1920, 262
245, 1930, 272
246, 1940, 269
248, 1950, 271
250, 1960, 269
250, 1970, 274
251, 1980, 275
253, 1990, 277
253, 2000, 278
254, 2010, 272
255, 2020, 277
256, 2030, 281
257, 2040, 280
258, 2050, 284
258, 2060, 283
259, 2070, 285
259, 2080, 286
259, 2090, 287
259, 2100, 282
260, 2110, 283
261, 2120, 285
261, 2130, 291
261, 2140, 285
262, 2150, 289
263, 2160, 284
265, 2170, 286
267, 2180, 283
268, 2190, 288
270, 2200, 292
270, 2210, 292
272, 2220, 290
273, 2230, 300
275, 2240, 299
275, 2250, 302
276, 2260, 299
277, 2270, 301
278, 2280, 305
279, 2290, 301
280, 2300, 310
280, 2310, 313
280, 2320, 310
281, 2330, 304
283, 2340, 306
285, 2350, 308
286, 2360, 317
287, 2370, 316
289, 2380, 319
290, 2390, 317
290, 2400, 320
291, 2410, 317
292, 2420, 317
292, 2430, 325
297, 2440, 320
299, 2450, 328
300, 2460, 330
301, 2470, 332
303, 2480, 332
306, 2490, 335
306, 2500, 332
308, 2510, 332
311, 2520, 340
311, 2530, 338
311, 2540, 344
312, 2550, 338
315, 2560, 341
315, 2570, 340
317, 2580, 343
317, 2590, 343
317, 2600, 347
317, 2610, 343
319, 2620, 341
320, 2630, 343
321, 2640, 346
321, 2650, 345
321, 2660, 343
321, 2670, 345
323, 2680, 348
324, 2690, 347
325, 2700, 345
328, 2710, 348
329, 2720, 353
329, 2730, 356
331, 2740, 353
333, 2750, 357
333, 2760, 357
335, 2770, 356
335, 2780, 359
335, 2790, 357
336, 2800, 357
337, 2810, 357
340, 2820, 360
341, 2830, 363
344, 2840, 365
344, 2850, 366
346, 2860, 366
346, 2870, 368
347, 2880, 367
349, 2890, 370
{'count': 2890, 'truepos': 41, 'falseneg': 5, 'unknownyes': 2, 'falsepos': 308, 'unique': 2890}
40: Danijel.csv: three: 0, 0
4, 10
4, 20, 120
6, 30, 95
9, 40, 78
10, 50, 72
11, 60, 65
13, 70, 60
16, 80, 58
19, 90, 57
21, 100, 58
26, 110, 57
30, 120, 67
31, 130, 57
31, 140, 56
34, 150, 51
34, 160, 57
34, 170, 55
35, 180, 51
38, 190, 54
40, 200, 54
42, 210, 58
43, 220, 57
45, 230, 58
45, 240, 63
45, 250, 61
47, 260, 59
47, 270, 60
48, 280, 61
48, 290, 61
48, 300, 61
48, 310, 61
49, 320, 61
49, 330, 60
50, 340, 59
50, 350, 62
52, 360, 60
53, 370, 61
53, 380, 61
53, 390, 68
53, 400, 66
54, 410, 63
54, 420, 64
55, 430, 64
55, 440, 66
55, 450, 63
55, 460, 64
56, 470, 62
57, 480, 64
57, 490, 65
57, 500, 65
57, 510, 64
57, 520, 66
58, 530, 65
58, 540, 67
58, 550, 66
58, 560, 65
59, 570, 65
59, 580, 66
59, 590, 66
59, 600, 65
59, 610, 67
60, 620, 66
60, 630, 67
60, 640, 67
60, 650, 65
61, 660, 64
62, 670, 66
62, 680, 67
63, 690, 68
63, 700, 69
63, 710, 69
63, 720, 68
63, 730, 68
63, 740, 68
64, 750, 68
66, 760, 68
66, 770, 70
66, 780, 70
66, 790, 70
66, 800, 70
{'count': 1735, 'truepos': 44, 'falseneg': 1, 'unknownyes': 3, 'falsepos': 22, 'unique': 800}
40: Danijel.csv: machine: 0, 0
6, 10
6, 20, 136
6, 30, 98
7, 40, 81
7, 50, 75
7, 60, 55
['yes' 'yes' 'no' 'yes' 'no' 'no' 'no']
[]
2, 60, 55
2, 70, 75
2, 80, 60
2, 90, 59
5, 100, 58
8, 110, 56
['yes' 'yes' 'no' 'no' 'yes' 'yes']
[]
5, 110, 56
11, 120, 54
12, 130, 76
13, 140, 70
13, 150, 61
17, 160, 56
['yes' 'yes' 'yes' 'yes' 'yes' 'no' 'yes' 'no' 'no' 'yes']
[]
15, 160, 56
19, 170, 55
21, 180, 58
24, 190, 57
26, 200, 59
27, 210, 59
['no' 'no' 'yes' 'yes' 'no' 'yes' 'no' 'no' 'no' 'no']
['no']
21, 210, 59
22, 220, 49
26, 230, 49
28, 240, 55
33, 250, 55
34, 260, 52
['yes' 'yes' 'no' 'yes' 'yes' 'no' 'no' 'yes' 'yes' 'yes']
['yes' 'no' 'no' 'yes' 'no' 'yes' 'no' 'no' 'no' 'no']
34, 260, 52
34, 270, 47
35, 280, 45
39, 290, 46
40, 300, 51
43, 310, 52
['no' 'yes' 'no' 'yes' 'no' 'no' 'yes' 'yes' 'no' 'no']
['no' 'no' 'yes' 'no' 'no' 'no' 'no' 'no' 'no' 'yes']
39, 310, 52
39, 320, 47
40, 330, 46
41, 340, 48
43, 350, 49
46, 360, 53
['no' 'no' 'no' 'no' 'no' 'yes' 'yes' 'no' 'no' 'no']
['no' 'no' 'no' 'no' 'no' 'no' 'no' 'no' 'no' 'no']
42, 360, 53
43, 370, 50
44, 380, 52
44, 390, 52
45, 400, 52
47, 410, 52
['yes' 'no' 'no' 'yes' 'no' 'no' 'no' 'no' 'no' 'yes']
['no' 'no' 'yes' 'no' 'no' 'no' 'no' 'no' 'no' 'no']
40, 410, 52
41, 420, 47
41, 430, 47
42, 440, 47
44, 450, 49
45, 460, 52
['no' 'no' 'no' 'no' 'no' 'yes' 'yes' 'yes' 'yes' 'no']
['no' 'no' 'yes' 'no' 'no' 'no' 'no' 'no' 'no' 'no']
40, 460, 52
41, 470, 46
42, 480, 47
42, 490, 49
44, 500, 47
45, 510, 52
['no' 'no' 'no' 'no' 'no' 'yes' 'yes']
['no' 'no' 'no' 'no' 'no' 'no' 'no' 'no' 'no' 'no']
41, 510, 52
41, 520, 45
41, 530, 45
43, 540, 46
45, 550, 49
46, 560, 51
['no' 'no' 'no' 'no' 'no']
['no' 'no' 'no' 'no' 'no' 'no' 'no' 'no' 'no' 'no']
42, 560, 51
42, 570, 46
44, 580, 46
44, 590, 49
44, 600, 49
44, 610, 48
['no' 'yes' 'no']
['no' 'no' 'no' 'yes' 'no' 'no' 'no' 'no' 'no' 'no']
45, 610, 48
48, 620, 49
49, 630, 53
49, 640, 54
50, 650, 55
52, 660, 55
['no' 'no' 'no' 'no' 'no' 'no' 'no' 'no' 'no']
['no' 'no' 'no' 'no' 'no' 'no' 'no' 'no' 'no' 'no']
46, 660, 55
47, 670, 50
47, 680, 51
47, 690, 52
49, 700, 52
49, 710, 55
['yes' 'no' 'no' 'no' 'no']
['no' 'no' 'no' 'no' 'no' 'no' 'no' 'no' 'no' 'no']
45, 710, 55
45, 720, 48
45, 730, 49
46, 740, 48
48, 750, 49
49, 760, 53
['no' 'no' 'no' 'no']
['no' 'no' 'no' 'no' 'no' 'no' 'no' 'no' 'no' 'no']
47, 760, 53
50, 770, 51
51, 780, 56
51, 790, 57
52, 800, 56
52, 810, 57
['no' 'no' 'no' 'no' 'no']
['no' 'no' 'no' 'no' 'no' 'no' 'no' 'no' 'no' 'no']
50, 810, 57
52, 820, 54
53, 830, 58
55, 840, 59
55, 850, 65
56, 860, 63
['yes' 'no' 'no' 'no' 'no' 'no' 'no' 'no']
['no' 'no' 'no' 'no' 'no' 'no' 'no' 'no' 'no' 'no']
52, 860, 63
54, 870, 58
55, 880, 63
55, 890, 64
56, 900, 62
58, 910, 63
['no' 'no' 'no' 'no' 'no' 'no' 'yes' 'no']
['no' 'no' 'no' 'no' 'no' 'no' 'no' 'no' 'no' 'no']
54, 910, 63
55, 920, 64
56, 930, 66
58, 940, 65
61, 950, 69
61, 960, 73
['no' 'no' 'no' 'no' 'no' 'no' 'no' 'no' 'no']
['no' 'no' 'no' 'no' 'no' 'no' 'no' 'no' 'no' 'no']
53, 960, 73
55, 970, 59
56, 980, 63
56, 990, 62
56, 1000, 62
56, 1010, 61
['no' 'no' 'no']
['no' 'yes' 'no' 'no' 'no' 'no' 'no' 'no' 'yes' 'no']
55, 1010, 61
56, 1020, 60
57, 1030, 62
58, 1040, 63
58, 1050, 64
61, 1060, 63
['no' 'no' 'yes' 'no' 'yes' 'no' 'no']
['no' 'no' 'yes' 'no' 'no' 'no' 'no' 'no' 'no' 'no']
['yes' 'no' 'no' 'no' 'no' 'no' 'yes']
['no' 'yes' 'no' 'no' 'no' 'no' 'no' 'no' 'no' 'no']
{'count': 1387, 'truepos': 43, 'falseneg': 2, 'unknownyes': 3, 'falsepos': 15, 'unique': 1060}
40: Danijel.csv: machine2: 0, 0
4, 10
6, 20, 121
9, 30, 111
9, 40, 116
9, 50, 106
10, 60, 104
['yes' 'yes' 'no' 'yes' 'no' 'no' 'no' 'no' 'yes' 'yes']
[]
6, 60, 104
8, 70, 66
9, 80, 75
13, 90, 58
14, 100, 55
19, 110, 50
['no' 'yes' 'yes' 'yes' 'yes' 'yes' 'yes' 'yes' 'yes' 'yes']
[]
18, 110, 50
22, 120, 52
28, 130, 54
30, 140, 68
31, 150, 55
35, 160, 52
['no' 'yes' 'yes' 'yes' 'yes' 'yes' 'yes' 'yes' 'yes' 'no']
['no' 'no' 'yes' 'no' 'no' 'no' 'no' 'no' 'no' 'no']
34, 160, 52
36, 170, 51
37, 180, 52
38, 190, 53
41, 200, 50
43, 210, 56
['yes' 'no' 'yes' 'no' 'yes' 'no' 'yes' 'no' 'no' 'no']
['no' 'no' 'no' 'no' 'no' 'no' 'no' 'no' 'no' 'no']
39, 210, 56
40, 220, 52
40, 230, 54
43, 240, 52
44, 250, 55
47, 260, 56
['no' 'no' 'no' 'no' 'yes' 'no' 'yes' 'yes' 'no' 'no']
['no' 'no' 'no' 'no' 'no' 'no' 'no' 'no' 'no' 'no']
44, 260, 56
44, 270, 54
45, 280, 54
48, 290, 55
49, 300, 58
50, 310, 58
['yes' 'no' 'no' 'no' 'no' 'no' 'no' 'no' 'no' 'no']
['no' 'no' 'no' 'no' 'no' 'yes' 'no' 'no' 'no' 'no']
43, 310, 58
45, 320, 52
46, 330, 53
46, 340, 53
50, 350, 53
52, 360, 61
['no' 'yes' 'yes' 'yes' 'yes' 'yes' 'no' 'no' 'yes' 'no']
['no' 'no' 'no' 'no' 'no' 'no' 'no' 'no' 'no' 'no']
49, 360, 61
51, 370, 61
53, 380, 66
55, 390, 71
56, 400, 70
57, 410, 72
['no' 'no' 'no' 'no' 'no' 'no' 'no' 'yes' 'no' 'no']
['no' 'no' 'no' 'no' 'no' 'no' 'no' 'no' 'no' 'no']
49, 410, 72
49, 420, 55
50, 430, 56
50, 440, 59
51, 450, 57
51, 460, 57
['no' 'no' 'no' 'no' 'no' 'no' 'yes' 'yes' 'yes']
['no' 'no' 'no' 'no' 'no' 'no' 'no' 'no' 'no' 'no']
48, 460, 57
50, 470, 54
51, 480, 56
53, 490, 61
54, 500, 61
54, 510, 61
['no' 'no' 'no' 'no' 'no' 'no']
['no' 'no' 'no' 'no' 'no' 'no' 'no' 'no' 'no' 'no']
52, 510, 61
52, 520, 61
55, 530, 60
56, 540, 64
56, 550, 67
59, 560, 66
['no' 'no' 'no' 'yes' 'no' 'no' 'no' 'no']
['no' 'no' 'no' 'no' 'no' 'no' 'no' 'no' 'no' 'no']
55, 560, 66
60, 570, 63
60, 580, 71
60, 590, 68
62, 600, 68
63, 610, 77
['no' 'no' 'no' 'no' 'no' 'no' 'no' 'no' 'no' 'no']
['no' 'no' 'no' 'no' 'no' 'no' 'no' 'no' 'no' 'no']
57, 610, 77
58, 620, 63
59, 630, 65
60, 640, 68
60, 650, 70
60, 660, 68
['no' 'no' 'no']
['yes' 'no' 'no' 'no' 'no' 'no' 'no' 'no' 'no' 'no']
58, 660, 68
59, 670, 64
60, 680, 66
61, 690, 67
61, 700, 68
61, 710, 66
['no' 'no' 'no' 'no']
['no' 'no' 'no' 'no' 'no' 'no' 'no' 'no' 'no' 'no']
57, 710, 66
57, 720, 61
60, 730, 65
61, 740, 69
63, 750, 69
64, 760, 75
['no' 'no' 'no' 'no' 'no' 'yes' 'no']
['no' 'no' 'no' 'no' 'no' 'no' 'no' 'no' 'no' 'no']
60, 760, 75
61, 770, 66
65, 780, 68
66, 790, 73
68, 800, 75
69, 810, 77
['no' 'no' 'no' 'no' 'no' 'no' 'no' 'no' 'no' 'no']
['no' 'no' 'no' 'no' 'no' 'no' 'no' 'no' 'no' 'no']
62, 810, 77
62, 820, 68
63, 830, 67
66, 840, 69
67, 850, 72
68, 860, 73
['no' 'no' 'no' 'yes' 'no' 'no' 'no']
['no' 'no' 'no' 'no' 'no' 'no' 'no' 'no' 'no' 'no']
63, 860, 73
64, 870, 67
64, 880, 69
66, 890, 69
67, 900, 71
67, 910, 76
['no' 'no' 'no' 'no']
['no' 'no' 'no' 'no' 'no' 'no' 'no' 'no' 'no' 'no']
66, 910, 76
66, 920, 71
68, 930, 70
68, 940, 73
68, 950, 73
68, 960, 72
['no' 'no' 'no']
['no' 'no' 'no' 'no' 'no' 'no' 'no' 'no' 'no' 'no']
68, 960, 72
68, 970, 73
68, 980, 72
68, 990, 73
68, 1000, 74
['no' 'no' 'no']
['no' 'no' 'no' 'no' 'no' 'no' 'no' 'no' 'no' 'no']
{'count': 1425, 'truepos': 43, 'falseneg': 2, 'unknownyes': 3, 'falsepos': 23, 'unique': 1000}
40: Danijel.csv: machine3: 0, 0
4, 10
4, 20, 112
5, 30, 93
9, 40, 71
9, 50, 84
9, 60, 61
null
[]
11, 70, 50
12, 80, 52
17, 90, 46
21, 100, 59
21, 110, 68
22, 120, 54
null
[]
23, 130, 51
24, 140, 52
25, 150, 49
27, 160, 49
28, 170, 48
28, 180, 49
null
[]
28, 190, 46
30, 200, 45
32, 210, 44
32, 220, 47
32, 230, 47
32, 240, 46
null
['yes' 'no' 'no' 'no' 'no' 'no' 'no' 'no' 'no' 'no']
32, 240, 46
33, 250, 44
35, 260, 45
36, 270, 48
37, 280, 48
37, 290, 49
null
['yes' 'no' 'no' 'no' 'no' 'no' 'no' 'no' 'no' 'no']
38, 290, 49
38, 300, 48
39, 310, 48
40, 320, 49
40, 330, 50
40, 340, 49
null
['no' 'no' 'no' 'no' 'no' 'no' 'no' 'no' 'no' 'no']
40, 340, 49
40, 350, 49
40, 360, 50
40, 370, 48
41, 380, 47
41, 390, 49
null
['no' 'no' 'no' 'no' 'no' 'no' 'no' 'no' 'no' 'no']
41, 390, 49
41, 400, 49
41, 410, 49
41, 420, 51
42, 430, 48
42, 440, 51
null
['no' 'no' 'no' 'no' 'no' 'no' 'no' 'no' 'no' 'no']
42, 440, 51
42, 450, 50
42, 460, 53
42, 470, 50
43, 480, 48
43, 490, 51
null
['no' 'no' 'no' 'no' 'no' 'no' 'no' 'no' 'no' 'no']
43, 490, 51
43, 500, 51
43, 510, 49
43, 520, 49
43, 530, 50
43, 540, 48
null
['no' 'no' 'no' 'no' 'no' 'no' 'no' 'no' 'no' 'no']
43, 540, 48
43, 550, 50
43, 560, 49
43, 570, 48
44, 580, 49
44, 590, 50
null
['no' 'no' 'no' 'no' 'no' 'no' 'yes' 'no' 'no' 'no']
45, 590, 50
45, 600, 49
45, 610, 50
45, 620, 49
46, 630, 50
46, 640, 51
null
['no' 'no' 'no' 'no' 'no' 'no' 'no' 'no' 'no' 'no']
46, 640, 51
46, 650, 50
46, 660, 50
46, 670, 49
46, 680, 50
46, 690, 51
null
['no' 'no' 'no' 'no' 'no' 'no' 'no' 'no' 'no' 'no']
46, 690, 51
46, 700, 49
46, 710, 50
48, 720, 50
48, 730, 56
49, 740, 53
null
['no' 'no' 'no' 'no' 'no' 'no' 'no' 'no' 'no' 'no']
49, 740, 53
49, 750, 54
49, 760, 55
49, 770, 53
49, 780, 57
49, 790, 53
null
['no' 'no' 'no' 'no' 'no' 'no' 'no' 'no' 'no' 'no']
49, 790, 53
49, 800, 53
49, 810, 53
50, 820, 54
50, 830, 58
50, 840, 54
null
['no' 'no' 'no' 'no' 'no' 'no' 'no' 'no' 'no' 'no']
50, 840, 54
50, 850, 55
51, 860, 53
52, 870, 56
52, 880, 57
52, 890, 56
null
['no' 'no' 'no' 'no' 'no' 'no' 'no' 'no' 'no' 'no']
52, 890, 56
52, 900, 57
52, 910, 56
52, 920, 56
52, 930, 56
52, 940, 57
null
['no' 'no' 'no' 'no' 'no' 'no' 'no' 'no' 'no' 'no']
52, 940, 57
52, 950, 56
52, 960, 57
53, 970, 55
54, 980, 57
54, 990, 57
null
['no' 'no' 'no' 'no' 'no' 'no' 'no' 'no' 'no' 'no']
54, 990, 57
54, 1000, 57
55, 1010, 57
55, 1020, 58
55, 1030, 58
55, 1040, 58
null
['no' 'no' 'no' 'no' 'no' 'no' 'no' 'no' 'no' 'no']
55, 1040, 58
55, 1050, 58
null
['no' 'no' 'no' 'no' 'yes' 'no' 'no' 'no' 'no' 'no']
{'count': 1489, 'truepos': 40, 'falseneg': 4, 'unknownyes': 4, 'falsepos': 16, 'unique': 1050}
40: K_all3.csv: none: 0, 0
1, 10
2, 20, 92
4, 30, 64
7, 40, 59
11, 50, 53
12, 60, 65
15, 70, 58
17, 80, 63
19, 90, 63
19, 100, 61
23, 110, 54
24, 120, 61
27, 130, 56
29, 140, 57
32, 150, 57
34, 160, 47
34, 170, 54
36, 180, 46
38, 190, 49
39, 200, 52
41, 210, 48
41, 220, 57
43, 230, 49
44, 240, 59
45, 250, 54
46, 260, 56
46, 270, 54
46, 280, 55
48, 290, 55
51, 300, 54
52, 310, 58
54, 320, 59
55, 330, 60
56, 340, 60
58, 350, 61
60, 360, 64
61, 370, 65
63, 380, 65
63, 390, 68
64, 400, 67
64, 410, 69
64, 420, 68
65, 430, 68
67, 440, 69
70, 450, 71
73, 460, 74
74, 470, 77
74, 480, 78
74, 490, 78
{'count': 490, 'truepos': 32, 'falseneg': 1, 'unknownyes': 12, 'falsepos': 42, 'unique': 490}
40: K_all3.csv: three: 0, 0
1, 10
2, 20, 92
6, 30, 62
9, 40, 67
10, 50, 65
12, 60, 59
14, 70, 60
16, 80, 55
16, 90, 55
20, 100, 49
23, 110, 51
23, 120, 51
25, 130, 49
25, 140, 50
25, 150, 48
25, 160, 46
25, 170, 45
25, 180, 44
25, 190, 44
25, 200, 44
27, 210, 43
28, 220, 45
28, 230, 45
28, 240, 44
28, 250, 44
28, 260, 44
30, 270, 44
31, 280, 42
32, 290, 38
32, 300, 40
32, 310, 40
32, 320, 38
33, 330, 37
33, 340, 40
33, 350, 37
34, 360, 37
34, 370, 39
36, 380, 38
38, 390, 39
38, 400, 41
{'count': 866, 'truepos': 30, 'falseneg': 1, 'unknownyes': 14, 'falsepos': 8, 'unique': 400}
40: K_all3.csv: machine: 0, 0
2, 10
6, 20, 70
6, 30, 71
7, 40, 63
7, 50, 54
9, 60, 42
['no' 'yes' 'yes' 'no' 'no' 'yes' 'no' 'yes' 'no']
['no']
5, 60, 42
6, 70, 38
7, 80, 38
12, 90, 38
15, 100, 49
17, 110, 49
['no' 'yes' 'yes' 'yes' 'yes' 'yes' 'yes' 'no' 'yes' 'yes']
[]
14, 110, 49
17, 120, 45
18, 130, 47
19, 140, 44
21, 150, 45
23, 160, 46
['no' 'no' 'yes' 'no' 'no' 'no' 'no' 'yes' 'no' 'yes']
['no']
16, 160, 46
17, 170, 41
20, 180, 41
22, 190, 44
22, 200, 45
23, 210, 43
['yes' 'yes' 'yes' 'no' 'no' 'yes' 'yes' 'yes']
[]
21, 210, 43
23, 220, 43
23, 230, 45
25, 240, 43
26, 250, 45
30, 260, 45
['yes' 'no' 'no' 'yes' 'yes' 'yes' 'yes' 'yes' 'no']
['no' 'no' 'no' 'no' 'no' 'no' 'no' 'no' 'yes' 'no']
27, 260, 45
28, 270, 45
32, 280, 45
33, 290, 48
35, 300, 44
38, 310, 45
['no' 'yes' 'no' 'no' 'no' 'yes' 'no' 'yes' 'no' 'no']
['no' 'no' 'no' 'no' 'no' 'no' 'no' 'no' 'no' 'no']
33, 310, 45
35, 320, 41
36, 330, 45
37, 340, 44
40, 350, 45
41, 360, 53
['no' 'no' 'no' 'no' 'no' 'no' 'yes' 'no' 'no' 'no']
['no' 'yes' 'no' 'no' 'no' 'no' 'no' 'no' 'no' 'no']
35, 360, 53
38, 370, 40
40, 380, 43
41, 390, 45
42, 400, 47
43, 410, 48
['no' 'yes' 'no' 'no' 'no' 'no' 'no' 'no' 'no']
['no' 'no' 'no' 'no' 'yes' 'no' 'no' 'no' 'no' 'no']
39, 410, 48
41, 420, 42
41, 430, 45
43, 440, 45
43, 450, 46
45, 460, 47
['no' 'no' 'no' 'no' 'no' 'no' 'yes' 'no' 'no']
['no' 'no' 'no' 'yes' 'no' 'no' 'no' 'no' 'no' 'no']
['yes' 'no' 'no' 'no' 'no' 'no' 'no' 'no' 'no']
['no' 'no' 'no' 'no' 'no' 'yes' 'no' 'no' 'no' 'no']
{'count': 596, 'truepos': 33, 'falseneg': 3, 'unknownyes': 9, 'falsepos': 5, 'unique': 460}
40: K_all3.csv: machine2: 0, 0
1, 10
3, 20, 92
7, 30, 63
8, 40, 64
11, 50, 60
12, 60, 61
['no' 'no' 'no' 'no' 'yes' 'no' 'yes' 'yes' 'yes' 'no']
[]
8, 60, 61
9, 70, 63
10, 80, 47
14, 90, 43
14, 100, 53
17, 110, 45
['yes' 'yes' 'no' 'yes' 'yes' 'yes' 'yes' 'no' 'no' 'no']
['no']
14, 110, 45
18, 120, 44
22, 130, 50
23, 140, 57
24, 150, 54
24, 160, 52
['no' 'yes' 'no' 'yes' 'yes' 'yes' 'yes' 'yes' 'no' 'yes']
['no']
21, 160, 52
23, 170, 49
25, 180, 49
26, 190, 50
28, 200, 50
30, 210, 52
['yes' 'yes' 'no' 'no' 'no' 'yes' 'no' 'no' 'no' 'no']
['no' 'no' 'no' 'no' 'no' 'no' 'no' 'no' 'no' 'no']
24, 210, 52
26, 220, 48
27, 230, 49
29, 240, 49
29, 250, 52
32, 260, 51
['no' 'no' 'no' 'yes' 'no' 'no' 'no' 'no' 'yes']
['no' 'no' 'no' 'no' 'no' 'no' 'no' 'no' 'no' 'no']
28, 260, 51
30, 270, 50
33, 280, 39
35, 290, 40
37, 300, 42
39, 310, 45
['no' 'yes' 'no' 'no' 'yes' 'yes' 'no' 'no' 'yes' 'yes']
['no' 'no' 'no' 'no' 'no' 'no' 'no' 'no' 'no' 'no']
41, 310, 45
42, 320, 50
45, 330, 50
45, 340, 57
45, 350, 53
45, 360, 54
['yes' 'no' 'no' 'no' 'no' 'yes' 'no' 'no' 'no']
['no' 'no' 'no' 'no' 'no' 'no' 'no' 'no' 'no' 'no']
39, 360, 54
39, 370, 44
39, 380, 44
40, 390, 43
41, 400, 44
43, 410, 45
['no' 'no' 'no' 'no' 'no']
['no' 'no' 'no' 'no' 'no' 'no' 'no' 'no' 'no' 'no']
['no' 'no' 'no' 'no' 'no']
['no' 'no' 'no' 'no' 'no' 'no' 'no' 'no' 'no' 'no']
{'count': 572, 'truepos': 28, 'falseneg': 5, 'unknownyes': 12, 'falsepos': 11, 'unique': 410}
40: K_all3.csv: machine3: 0, 0
1, 10
2, 20, 93
2, 30, 62
3, 40, 54
4, 50, 43
7, 60, 41
null
[]
12, 70, 48
13, 80, 58
14, 90, 53
14, 100, 50
14, 110, 46
14, 120, 43
null
['no' 'no']
14, 120, 43
16, 130, 42
17, 140, 40
17, 150, 40
17, 160, 39
17, 170, 39
null
[]
18, 180, 39
18, 190, 40
18, 200, 40
18, 210, 39
19, 220, 39
20, 230, 39
null
[]
20, 240, 39
20, 250, 39
22, 260, 39
23, 270, 40
25, 280, 41
25, 290, 42
null
[]
25, 300, 42
25, 310, 41
26, 320, 41
26, 330, 42
27, 340, 42
27, 350, 43
null
[]
29, 360, 43
29, 370, 44
30, 380, 44
30, 390, 35
30, 400, 37
30, 410, 34
null
['no' 'no' 'no' 'no' 'yes' 'no' 'no' 'no' 'no' 'no']
30, 410, 34
31, 420, 33
32, 430, 35
32, 440, 35
32, 450, 36
32, 460, 35
null
['no' 'no' 'yes' 'no' 'no' 'no' 'no' 'no' 'no' 'no']
33, 460, 35
34, 470, 36
34, 480, 37
34, 490, 36
35, 500, 36
35, 510, 38
null
['no' 'no' 'no' 'no' 'no' 'no' 'no' 'no' 'no' 'no']
35, 510, 38
37, 520, 37
39, 530, 40
null
['no' 'no' 'no' 'no' 'no' 'no' 'no' 'no' 'no' 'no']
{'count': 701, 'truepos': 32, 'falseneg': 7, 'unknownyes': 6, 'falsepos': 7, 'unique': 530}

------------------------------------------------------------
Sender: LSF System <lsfadmin@n2d2-10>
Subject: Job 294822: </share/tjmenzie/zyu9/miniconda2/bin/python2.7 runner.py error_hpcc 40> Done

Job </share/tjmenzie/zyu9/miniconda2/bin/python2.7 runner.py error_hpcc 40> was submitted from host <login01.hpc.ncsu.edu> by user <zyu9> in cluster <henry2>.
Job was executed on host(s) <2*n2d2-10>, in queue <single_chassis>, as user <zyu9> in cluster <henry2>.
</home/zyu9> was used as the home directory.
</home/zyu9/projects/MAR_HPC/Error/src> was used as the working directory.
Started at Fri Nov  3 11:20:21 2017
Results reported at Fri Nov  3 19:07:51 2017

Your job looked like:

------------------------------------------------------------
# LSBATCH: User input
/share/tjmenzie/zyu9/miniconda2/bin/python2.7 runner.py error_hpcc 40
------------------------------------------------------------

Successfully completed.

Resource usage summary:

    CPU time   :  30667.31 sec.
    Max Memory :       192 MB
    Max Swap   :      1210 MB

    Max Processes  :         3
    Max Threads    :         8

The output (if any) is above this job summary.



PS:

Read file <./err/40.err.294822> for stderr output of this job.

