40: Hall.csv: none: 0, 0
6, 10
9, 20, 99
15, 30, 107
19, 40, 132
20, 50, 139
21, 60, 149
23, 70, 140
25, 80, 135
27, 90, 138
31, 100, 134
36, 110, 123
41, 120, 142
46, 130, 141
50, 140, 141
56, 150, 124
61, 160, 130
63, 170, 167
65, 180, 122
69, 190, 119
74, 200, 117
75, 210, 116
78, 220, 109
82, 230, 112
85, 240, 123
87, 250, 119
93, 260, 119
96, 270, 120
100, 280, 128
102, 290, 147
104, 300, 136
105, 310, 140
107, 320, 129
109, 330, 136
112, 340, 134
113, 350, 142
113, 360, 135
114, 370, 137
116, 380, 135
120, 390, 138
120, 400, 148
122, 410, 143
123, 420, 159
123, 430, 156
124, 440, 150
126, 450, 152
127, 460, 160
127, 470, 161
128, 480, 156
128, 490, 153
129, 500, 156
129, 510, 154
130, 520, 153
131, 530, 153
131, 540, 158
131, 550, 159
132, 560, 152
133, 570, 157
133, 580, 156
135, 590, 158
138, 600, 161
138, 610, 167
139, 620, 165
140, 630, 163
140, 640, 167
142, 650, 164
143, 660, 163
145, 670, 168
145, 680, 175
146, 690, 171
148, 700, 171
149, 710, 168
150, 720, 170
153, 730, 176
153, 740, 177
154, 750, 173
155, 760, 178
155, 770, 171
156, 780, 172
158, 790, 174
159, 800, 180
161, 810, 180
163, 820, 182
164, 830, 183
164, 840, 185
165, 850, 190
165, 860, 185
166, 870, 183
167, 880, 194
168, 890, 191
170, 900, 190
171, 910, 198
171, 920, 205
171, 930, 192
174, 940, 196
175, 950, 210
177, 960, 202
178, 970, 202
180, 980, 207
181, 990, 208
181, 1000, 211
183, 1010, 204
183, 1020, 209
184, 1030, 208
185, 1040, 207
190, 1050, 210
192, 1060, 220
193, 1070, 231
193, 1080, 224
195, 1090, 222
196, 1100, 223
196, 1110, 225
198, 1120, 221
199, 1130, 227
200, 1140, 229
200, 1150, 232
202, 1160, 225
202, 1170, 232
203, 1180, 224
203, 1190, 232
205, 1200, 225
205, 1210, 233
207, 1220, 228
208, 1230, 230
209, 1240, 229
211, 1250, 229
212, 1260, 233
213, 1270, 231
213, 1280, 235
214, 1290, 234
216, 1300, 234
216, 1310, 236
216, 1320, 234
219, 1330, 235
221, 1340, 236
221, 1350, 251
222, 1360, 243
224, 1370, 244
226, 1380, 251
227, 1390, 253
227, 1400, 254
231, 1410, 253
232, 1420, 261
233, 1430, 256
235, 1440, 257
235, 1450, 259
235, 1460, 261
236, 1470, 261
236, 1480, 256
238, 1490, 259
240, 1500, 262
242, 1510, 259
245, 1520, 266
246, 1530, 269
246, 1540, 268
249, 1550, 265
251, 1560, 273
251, 1570, 273
254, 1580, 279
255, 1590, 280
256, 1600, 291
260, 1610, 288
261, 1620, 290
261, 1630, 288
264, 1640, 293
264, 1650, 295
266, 1660, 292
267, 1670, 300
268, 1680, 298
269, 1690, 301
270, 1700, 297
271, 1710, 307
273, 1720, 300
273, 1730, 300
273, 1740, 301
273, 1750, 305
273, 1760, 299
274, 1770, 297
276, 1780, 302
276, 1790, 304
276, 1800, 306
279, 1810, 311
279, 1820, 311
280, 1830, 308
280, 1840, 305
280, 1850, 308
280, 1860, 308
281, 1870, 307
284, 1880, 305
287, 1890, 310
289, 1900, 320
289, 1910, 321
290, 1920, 317
290, 1930, 317
290, 1940, 312
290, 1950, 316
291, 1960, 312
291, 1970, 314
293, 1980, 316
295, 1990, 316
296, 2000, 324
297, 2010, 320
300, 2020, 322
301, 2030, 327
301, 2040, 328
302, 2050, 331
302, 2060, 327
303, 2070, 325
303, 2080, 337
305, 2090, 328
306, 2100, 333
306, 2110, 336
306, 2120, 331
307, 2130, 330
307, 2140, 336
309, 2150, 331
309, 2160, 331
311, 2170, 334
313, 2180, 336
314, 2190, 338
317, 2200, 338
318, 2210, 345
318, 2220, 349
319, 2230, 342
319, 2240, 347
319, 2250, 344
321, 2260, 341
322, 2270, 343
322, 2280, 343
325, 2290, 348
327, 2300, 350
328, 2310, 349
328, 2320, 353
328, 2330, 351
328, 2340, 353
328, 2350, 354
329, 2360, 353
329, 2370, 354
332, 2380, 352
332, 2390, 358
334, 2400, 356
335, 2410, 359
336, 2420, 363
337, 2430, 356
337, 2440, 361
338, 2450, 359
339, 2460, 358
342, 2470, 364
342, 2480, 367
344, 2490, 366
346, 2500, 367
346, 2510, 372
346, 2520, 371
346, 2530, 371
348, 2540, 372
349, 2550, 379
349, 2560, 379
350, 2570, 383
351, 2580, 382
351, 2590, 379
352, 2600, 377
354, 2610, 379
354, 2620, 385
356, 2630, 380
358, 2640, 382
359, 2650, 386
362, 2660, 383
362, 2670, 391
362, 2680, 392
362, 2690, 392
362, 2700, 385
364, 2710, 386
365, 2720, 386
366, 2730, 388
367, 2740, 392
370, 2750, 395
371, 2760, 398
373, 2770, 402
375, 2780, 404
378, 2790, 407
378, 2800, 408
379, 2810, 412
380, 2820, 412
382, 2830, 412
384, 2840, 413
385, 2850, 413
387, 2860, 414
388, 2870, 417
389, 2880, 419
391, 2890, 422
392, 2900, 424
393, 2910, 423
394, 2920, 424
394, 2930, 426
394, 2940, 427
395, 2950, 425
396, 2960, 430
399, 2970, 425
401, 2980, 427
403, 2990, 435
403, 3000, 438
403, 3010, 435
407, 3020, 439
408, 3030, 443
408, 3040, 444
408, 3050, 441
408, 3060, 445
409, 3070, 442
409, 3080, 438
409, 3090, 443
410, 3100, 438
410, 3110, 438
410, 3120, 444
411, 3130, 439
411, 3140, 442
412, 3150, 439
414, 3160, 439
414, 3170, 446
416, 3180, 446
416, 3190, 446
417, 3200, 449
417, 3210, 449
420, 3220, 448
420, 3230, 451
420, 3240, 453
420, 3250, 450
421, 3260, 451
421, 3270, 448
422, 3280, 451
422, 3290, 448
424, 3300, 448
424, 3310, 458
424, 3320, 456
425, 3330, 454
426, 3340, 458
427, 3350, 455
428, 3360, 460
429, 3370, 461
429, 3380, 461
430, 3390, 458
431, 3400, 460
431, 3410, 463
432, 3420, 461
434, 3430, 460
435, 3440, 463
436, 3450, 464
436, 3460, 462
436, 3470, 462
439, 3480, 463
440, 3490, 471
440, 3500, 470
440, 3510, 469
441, 3520, 468
441, 3530, 472
442, 3540, 470
442, 3550, 470
442, 3560, 466
443, 3570, 470
444, 3580, 471
445, 3590, 469
446, 3600, 470
447, 3610, 470
449, 3620, 474
451, 3630, 474
{'count': 3630, 'truepos': 96, 'falseneg': 7, 'unknownyes': 3, 'falsepos': 355, 'unique': 3630}
40: Hall.csv: three: 0, 0
7, 10
8, 20, 113
12, 30, 107
12, 40, 110
19, 50, 103
24, 60, 117
26, 70, 124
28, 80, 132
29, 90, 136
33, 100, 124
41, 110, 113
47, 120, 116
52, 130, 114
58, 140, 118
61, 150, 124
65, 160, 112
68, 170, 105
71, 180, 124
73, 190, 128
75, 200, 114
79, 210, 109
82, 220, 102
86, 230, 100
90, 240, 105
93, 250, 110
96, 260, 112
98, 270, 116
99, 280, 119
100, 290, 115
100, 300, 115
101, 310, 115
101, 320, 121
103, 330, 119
103, 340, 116
105, 350, 113
105, 360, 117
105, 370, 117
107, 380, 116
108, 390, 119
109, 400, 119
110, 410, 124
110, 420, 121
110, 430, 121
110, 440, 120
111, 450, 132
111, 460, 127
111, 470, 128
111, 480, 125
111, 490, 122
111, 500, 123
111, 510, 123
111, 520, 123
111, 530, 124
112, 540, 122
112, 550, 124
112, 560, 122
112, 570, 121
112, 580, 121
113, 590, 119
114, 600, 121
115, 610, 125
117, 620, 123
117, 630, 127
118, 640, 127
119, 650, 128
119, 660, 129
119, 670, 127
119, 680, 128
119, 690, 128
119, 700, 127
120, 710, 127
121, 720, 131
121, 730, 131
121, 740, 133
122, 750, 130
123, 760, 131
123, 770, 133
124, 780, 133
124, 790, 134
124, 800, 132
124, 810, 132
{'count': 1761, 'truepos': 99, 'falseneg': 3, 'unknownyes': 4, 'falsepos': 25, 'unique': 810}
40: Hall.csv: machine: 0, 0
6, 10
9, 20, 104
11, 30, 118
16, 40, 117
17, 50, 125
19, 60, 124
['yes' 'no' 'yes' 'yes' 'yes' 'no' 'yes' 'yes' 'no' 'yes']
['no']
15, 60, 124
19, 70, 121
19, 80, 129
22, 90, 118
26, 100, 118
29, 110, 125
['no' 'yes' 'yes' 'yes' 'yes' 'yes' 'yes' 'yes' 'yes' 'no']
['no']
27, 110, 125
30, 120, 105
34, 130, 94
41, 140, 105
44, 150, 117
48, 160, 109
['yes' 'no' 'yes' 'yes' 'yes' 'yes' 'yes' 'no' 'no' 'yes']
['no' 'no' 'yes' 'no' 'no' 'no' 'yes' 'yes' 'no' 'no']
47, 160, 109
52, 170, 94
55, 180, 96
59, 190, 102
64, 200, 104
68, 210, 103
['no' 'yes' 'no' 'no' 'yes' 'yes' 'yes' 'yes' 'no' 'yes']
['no' 'no' 'yes' 'no' 'no' 'no' 'no' 'no' 'no' 'yes']
66, 210, 103
71, 220, 93
74, 230, 98
76, 240, 109
78, 250, 116
79, 260, 105
['no' 'yes' 'yes' 'yes' 'yes' 'yes' 'yes' 'yes' 'yes' 'no']
['no' 'no' 'no' 'no' 'no' 'no' 'no' 'no' 'no' 'no']
78, 260, 105
83, 270, 99
87, 280, 109
90, 290, 113
92, 300, 124
92, 310, 120
['yes' 'yes' 'yes' 'no' 'yes' 'no' 'yes' 'yes' 'yes' 'yes']
['no' 'yes' 'no' 'no' 'no' 'no' 'no' 'no' 'no' 'no']
91, 310, 120
91, 320, 109
92, 330, 110
93, 340, 117
95, 350, 108
96, 360, 115
['yes' 'yes' 'no' 'yes' 'no' 'no' 'yes' 'no' 'yes' 'yes']
['no' 'no' 'no' 'no' 'no' 'yes' 'no' 'yes' 'no' 'no']
92, 360, 115
93, 370, 105
95, 380, 107
98, 390, 110
98, 400, 112
98, 410, 114
['yes' 'no' 'no' 'no' 'yes' 'yes' 'no' 'yes' 'no' 'yes']
['no' 'no' 'no' 'yes' 'no' 'no' 'no' 'no' 'no' 'no']
95, 410, 114
97, 420, 108
98, 430, 109
100, 440, 111
100, 450, 115
101, 460, 114
['no' 'no' 'no' 'no' 'no' 'no' 'no' 'yes' 'no' 'no']
['no' 'no' 'no' 'no' 'no' 'yes' 'no' 'no' 'yes' 'no']
97, 460, 114
99, 470, 103
101, 480, 107
103, 490, 108
104, 500, 113
105, 510, 113
['no' 'no' 'no' 'yes' 'no' 'yes' 'no' 'no' 'no' 'no']
['yes' 'no' 'no' 'no' 'no' 'no' 'no' 'no' 'no' 'no']
98, 510, 113
98, 520, 106
100, 530, 106
100, 540, 111
101, 550, 110
102, 560, 115
['no' 'no' 'yes' 'no' 'no' 'no' 'yes' 'no' 'yes' 'no']
['no' 'no' 'no' 'no' 'no' 'no' 'no' 'yes' 'no' 'no']
97, 560, 115
98, 570, 106
['yes' 'no' 'yes' 'yes' 'yes' 'yes' 'yes' 'no' 'no' 'yes']
['no' 'no' 'no' 'no' 'no' 'no' 'no' 'no' 'no' 'no']
{'count': 792, 'truepos': 88, 'falseneg': 13, 'unknownyes': 5, 'falsepos': 10, 'unique': 570}
40: Hall.csv: machine2: 0, 0
7, 10
11, 20, 110
12, 30, 126
13, 40, 120
18, 50, 114
24, 60, 116
['no' 'yes' 'yes' 'yes' 'yes' 'yes' 'yes' 'yes' 'yes' 'yes']
['no']
24, 60, 116
27, 70, 129
28, 80, 133
32, 90, 122
38, 100, 119
43, 110, 110
['yes' 'yes' 'yes' 'yes' 'yes' 'yes' 'yes' 'yes' 'yes' 'yes']
['no' 'no' 'no' 'no' 'no' 'no' 'yes' 'no' 'no' 'no']
45, 110, 110
51, 120, 132
52, 130, 126
56, 140, 118
60, 150, 110
65, 160, 114
['yes' 'yes' 'yes' 'yes' 'yes' 'yes' 'yes' 'yes' 'yes' 'yes']
['yes' 'no' 'no' 'yes' 'no' 'no' 'no' 'no' 'no' 'no']
68, 160, 114
69, 170, 113
74, 180, 103
77, 190, 107
80, 200, 112
81, 210, 114
['yes' 'no' 'yes' 'no' 'yes' 'yes' 'yes' 'yes' 'no' 'yes']
['yes' 'no' 'no' 'yes' 'no' 'no' 'no' 'no' 'no' 'no']
84, 210, 114
85, 220, 115
85, 230, 111
89, 240, 108
94, 250, 107
96, 260, 115
['no' 'no' 'no' 'yes' 'yes' 'yes' 'yes' 'yes' 'yes' 'yes']
['no' 'no' 'no' 'no' 'yes' 'no' 'no' 'no' 'no' 'no']
96, 260, 115
100, 270, 110
102, 280, 119
103, 290, 122
105, 300, 118
107, 310, 121
['no' 'yes' 'yes' 'no' 'yes' 'yes' 'yes' 'yes' 'yes' 'yes']
['yes' 'no' 'no' 'no' 'no' 'no' 'yes' 'no' 'no' 'no']
108, 310, 121
110, 320, 126
110, 330, 130
111, 340, 127
111, 350, 133
115, 360, 125
['no' 'no' 'yes' 'yes' 'yes' 'no' 'yes' 'no' 'yes' 'no']
['no' 'no' 'no' 'no' 'no' 'no' 'no' 'no' 'no' 'no']
115, 360, 125
116, 370, 130
116, 380, 129
117, 390, 126
117, 400, 129
121, 410, 128
['no' 'no' 'no' 'yes' 'no' 'yes' 'yes' 'no' 'yes' 'yes']
['yes' 'no' 'no' 'yes' 'no' 'no' 'no' 'no' 'no' 'no']
119, 410, 128
119, 420, 132
120, 430, 129
121, 440, 132
124, 450, 134
127, 460, 139
['no' 'no' 'no' 'no' 'yes' 'no' 'yes' 'no' 'yes' 'yes']
['no' 'no' 'no' 'no' 'no' 'no' 'no' 'no' 'no' 'no']
125, 460, 139
126, 470, 140
128, 480, 136
130, 490, 140
131, 500, 141
133, 510, 144
['no' 'no' 'no' 'no' 'no' 'no' 'no' 'yes' 'no' 'no']
['no' 'no' 'no' 'no' 'no' 'no' 'no' 'no' 'no' 'no']
126, 510, 144
128, 520, 138
128, 530, 141
128, 540, 139
129, 550, 139
130, 560, 138
['no' 'no' 'no' 'no' 'no' 'yes' 'yes' 'no' 'no' 'no']
['no' 'no' 'no' 'no' 'no' 'no' 'no' 'no' 'no' 'no']
123, 560, 138
123, 570, 134
125, 580, 132
126, 590, 134
129, 600, 137
131, 610, 144
['no' 'no' 'no' 'no' 'no' 'yes' 'no' 'no' 'no' 'no']
['no' 'no' 'no' 'no' 'no' 'no' 'no' 'no' 'no' 'no']
126, 610, 144
128, 620, 136
130, 630, 139
132, 640, 144
132, 650, 144
136, 660, 141
['no' 'no' 'no' 'no' 'no' 'no' 'no' 'no' 'no' 'no']
['no' 'no' 'no' 'no' 'no' 'no' 'no' 'no' 'no' 'no']
['no' 'no' 'no' 'no' 'no' 'no' 'no' 'yes' 'no' 'no']
['no' 'no' 'no' 'no' 'no' 'no' 'no' 'no' 'no' 'no']
{'count': 961, 'truepos': 99, 'falseneg': 3, 'unknownyes': 4, 'falsepos': 29, 'unique': 660}
40: Hall.csv: machine3: 0, 0
7, 10
10, 20, 116
13, 30, 125
16, 40, 128
16, 50, 132
18, 60, 126
null
['no']
18, 60, 126
23, 70, 118
25, 80, 130
26, 90, 123
27, 100, 105
33, 110, 97
null
['no' 'yes' 'no' 'no' 'no' 'no' 'no' 'no' 'yes' 'no']
34, 110, 97
40, 120, 93
46, 130, 95
51, 140, 95
57, 150, 99
60, 160, 105
null
['no' 'yes' 'no' 'no' 'no' 'no' 'yes' 'no' 'no' 'no']
62, 160, 105
65, 170, 97
72, 180, 91
75, 190, 108
79, 200, 99
82, 210, 101
null
['no' 'no' 'no' 'no' 'no' 'no' 'no' 'no' 'no' 'no']
82, 210, 101
84, 220, 102
87, 230, 104
90, 240, 104
91, 250, 105
93, 260, 106
null
['no' 'no' 'no' 'no' 'no' 'no' 'no' 'no' 'no' 'no']
94, 260, 106
94, 270, 111
96, 280, 108
96, 290, 110
97, 300, 111
99, 310, 109
null
['no' 'no' 'no' 'no' 'yes' 'no' 'no' 'no' 'no' 'no']
100, 310, 109
101, 320, 114
101, 330, 115
102, 340, 113
102, 350, 117
103, 360, 115
null
['no' 'no' 'no' 'no' 'no' 'no' 'yes' 'no' 'no' 'no']
104, 360, 115
104, 370, 119
106, 380, 117
106, 390, 118
106, 400, 118
106, 410, 118
null
['no' 'no' 'no' 'no' 'no' 'no' 'no' 'no' 'no' 'no']
106, 410, 118
106, 420, 119
106, 430, 117
106, 440, 117
106, 450, 116
106, 460, 116
null
['no' 'no' 'no' 'no' 'no' 'no' 'no' 'no' 'yes' 'no']
107, 460, 116
107, 470, 118
107, 480, 115
107, 490, 115
108, 500, 116
108, 510, 121
null
['no' 'no' 'no' 'no' 'no' 'no' 'no' 'no' 'no' 'no']
108, 510, 121
108, 520, 120
108, 530, 117
108, 540, 116
108, 550, 118
108, 560, 117
null
['no' 'no' 'no' 'no' 'yes' 'no' 'no' 'no' 'no' 'no']
109, 560, 117
109, 570, 117
109, 580, 117
109, 590, 115
109, 600, 115
109, 610, 115
null
['no' 'no' 'no' 'no' 'no' 'no' 'no' 'no' 'no' 'no']
109, 610, 115
109, 620, 115
null
['no' 'no' 'no' 'no' 'no' 'no' 'no' 'no' 'no' 'no']
{'count': 959, 'truepos': 100, 'falseneg': 2, 'unknownyes': 4, 'falsepos': 10, 'unique': 620}
40: Hall.csv: machine4: 0, 0
8, 10
8, 20, 127
13, 30, 111
18, 40, 122
22, 50, 133
24, 60, 135
26, 70, 150
27, 80, 147
29, 90, 138
30, 100, 123
38, 110, 104
43, 120, 100
48, 130, 103
52, 140, 102
55, 150, 106
61, 160, 100
67, 170, 96
70, 180, 105
74, 190, 112
77, 200, 110
78, 210, 120
79, 220, 109
81, 230, 102
83, 240, 110
86, 250, 103
89, 260, 107
92, 270, 109
95, 280, 119
95, 290, 122
95, 300, 115
95, 310, 115
97, 320, 112
97, 330, 118
97, 340, 119
99, 350, 114
99, 360, 117
99, 370, 116
99, 380, 116
99, 390, 115
99, 400, 113
99, 410, 116
99, 420, 113
101, 430, 109
101, 440, 112
101, 450, 113
103, 460, 114
103, 470, 115
103, 480, 117
104, 490, 113
104, 500, 114
105, 510, 116
105, 520, 118
105, 530, 117
105, 540, 116
105, 550, 115
105, 560, 115
105, 570, 114
105, 580, 114
105, 590, 114
105, 600, 116
105, 610, 113
105, 620, 114
105, 630, 114
105, 640, 114
105, 650, 114
105, 660, 113
105, 670, 112
105, 680, 112
105, 690, 112
105, 700, 113
106, 710, 111
106, 720, 113
106, 730, 115
106, 740, 113
106, 750, 113
106, 760, 112
106, 770, 114
106, 780, 113
106, 790, 114
107, 800, 112
107, 810, 114
107, 820, 114
107, 830, 114
107, 840, 114
107, 850, 114
107, 860, 113
107, 870, 113
107, 880, 113
108, 890, 113
108, 900, 114
108, 910, 114
{'count': 1173, 'truepos': 94, 'falseneg': 9, 'unknownyes': 3, 'falsepos': 14, 'unique': 910}
40: Wahono.csv: none: 0, 0
6, 10
8, 20, 101
12, 30, 99
13, 40, 110
16, 50, 105
18, 60, 117
19, 70, 126
22, 80, 105
25, 90, 106
28, 100, 106
29, 110, 113
31, 120, 107
35, 130, 76
37, 140, 72
41, 150, 67
43, 160, 71
44, 170, 67
46, 180, 67
48, 190, 69
49, 200, 70
50, 210, 70
50, 220, 73
52, 230, 75
54, 240, 77
55, 250, 87
55, 260, 78
56, 270, 71
57, 280, 79
60, 290, 76
61, 300, 78
63, 310, 85
65, 320, 84
67, 330, 84
67, 340, 98
67, 350, 92
68, 360, 90
69, 370, 92
72, 380, 94
76, 390, 94
77, 400, 111
77, 410, 104
79, 420, 100
82, 430, 100
84, 440, 104
86, 450, 108
88, 460, 112
89, 470, 116
89, 480, 116
91, 490, 115
91, 500, 109
91, 510, 113
92, 520, 108
92, 530, 109
94, 540, 109
96, 550, 113
98, 560, 117
99, 570, 113
99, 580, 121
102, 590, 114
102, 600, 132
102, 610, 128
102, 620, 123
104, 630, 124
107, 640, 122
108, 650, 128
108, 660, 130
109, 670, 131
110, 680, 129
111, 690, 135
112, 700, 133
112, 710, 136
112, 720, 132
115, 730, 129
115, 740, 140
117, 750, 137
118, 760, 134
119, 770, 137
120, 780, 135
122, 790, 139
123, 800, 142
124, 810, 141
124, 820, 142
125, 830, 141
126, 840, 140
126, 850, 144
126, 860, 147
128, 870, 141
128, 880, 145
128, 890, 149
130, 900, 145
130, 910, 147
131, 920, 149
132, 930, 145
133, 940, 150
134, 950, 151
134, 960, 154
135, 970, 155
135, 980, 151
135, 990, 153
136, 1000, 154
138, 1010, 158
140, 1020, 155
141, 1030, 163
142, 1040, 165
143, 1050, 164
146, 1060, 170
146, 1070, 176
148, 1080, 173
150, 1090, 174
150, 1100, 184
151, 1110, 174
154, 1120, 179
156, 1130, 196
158, 1140, 209
159, 1150, 207
160, 1160, 205
160, 1170, 203
164, 1180, 208
164, 1190, 220
164, 1200, 206
165, 1210, 203
167, 1220, 212
167, 1230, 221
169, 1240, 219
171, 1250, 212
171, 1260, 224
174, 1270, 215
174, 1280, 224
174, 1290, 218
176, 1300, 228
178, 1310, 225
179, 1320, 230
180, 1330, 226
181, 1340, 227
182, 1350, 233
182, 1360, 233
182, 1370, 226
182, 1380, 228
182, 1390, 233
183, 1400, 229
185, 1410, 224
187, 1420, 233
188, 1430, 232
189, 1440, 230
189, 1450, 231
192, 1460, 225
194, 1470, 235
197, 1480, 238
198, 1490, 245
200, 1500, 251
202, 1510, 241
204, 1520, 240
204, 1530, 247
206, 1540, 242
206, 1550, 248
206, 1560, 245
208, 1570, 246
210, 1580, 251
212, 1590, 253
213, 1600, 254
214, 1610, 253
215, 1620, 255
215, 1630, 257
215, 1640, 259
216, 1650, 251
216, 1660, 246
217, 1670, 249
217, 1680, 253
219, 1690, 251
220, 1700, 255
222, 1710, 251
223, 1720, 254
224, 1730, 251
224, 1740, 255
224, 1750, 254
226, 1760, 258
227, 1770, 259
228, 1780, 258
228, 1790, 257
228, 1800, 261
230, 1810, 262
232, 1820, 262
234, 1830, 264
235, 1840, 275
235, 1850, 271
236, 1860, 268
238, 1870, 265
240, 1880, 275
240, 1890, 276
241, 1900, 285
241, 1910, 275
242, 1920, 277
243, 1930, 277
243, 1940, 276
244, 1950, 277
246, 1960, 277
247, 1970, 283
247, 1980, 282
247, 1990, 281
248, 2000, 286
249, 2010, 285
251, 2020, 282
251, 2030, 286
251, 2040, 289
251, 2050, 285
253, 2060, 289
254, 2070, 288
257, 2080, 286
260, 2090, 291
260, 2100, 300
261, 2110, 296
262, 2120, 303
264, 2130, 300
265, 2140, 303
265, 2150, 300
266, 2160, 298
266, 2170, 300
269, 2180, 306
269, 2190, 305
269, 2200, 304
271, 2210, 301
273, 2220, 310
274, 2230, 314
275, 2240, 313
275, 2250, 313
276, 2260, 314
276, 2270, 315
278, 2280, 307
278, 2290, 315
279, 2300, 314
282, 2310, 312
285, 2320, 315
286, 2330, 318
287, 2340, 326
287, 2350, 326
288, 2360, 321
289, 2370, 321
289, 2380, 324
290, 2390, 326
291, 2400, 321
292, 2410, 320
293, 2420, 326
295, 2430, 328
295, 2440, 333
295, 2450, 328
295, 2460, 326
295, 2470, 328
297, 2480, 326
299, 2490, 329
300, 2500, 332
301, 2510, 333
302, 2520, 332
302, 2530, 328
302, 2540, 330
302, 2550, 332
303, 2560, 332
304, 2570, 330
305, 2580, 334
307, 2590, 335
308, 2600, 335
308, 2610, 340
311, 2620, 338
311, 2630, 342
314, 2640, 341
314, 2650, 344
315, 2660, 344
317, 2670, 344
320, 2680, 349
320, 2690, 351
322, 2700, 347
322, 2710, 351
323, 2720, 353
325, 2730, 350
326, 2740, 356
327, 2750, 356
329, 2760, 354
330, 2770, 359
332, 2780, 358
334, 2790, 365
335, 2800, 368
335, 2810, 370
336, 2820, 365
338, 2830, 368
338, 2840, 372
339, 2850, 370
339, 2860, 370
341, 2870, 371
342, 2880, 373
343, 2890, 375
343, 2900, 373
344, 2910, 372
346, 2920, 373
348, 2930, 379
348, 2940, 383
348, 2950, 376
350, 2960, 373
350, 2970, 377
350, 2980, 379
351, 2990, 376
352, 3000, 376
353, 3010, 377
353, 3020, 380
355, 3030, 382
356, 3040, 380
358, 3050, 382
360, 3060, 384
360, 3070, 388
360, 3080, 389
361, 3090, 388
361, 3100, 389
363, 3110, 387
363, 3120, 388
363, 3130, 389
363, 3140, 388
365, 3150, 387
366, 3160, 389
368, 3170, 391
369, 3180, 392
372, 3190, 392
374, 3200, 398
375, 3210, 399
378, 3220, 401
380, 3230, 402
382, 3240, 407
382, 3250, 410
384, 3260, 408
385, 3270, 410
386, 3280, 411
388, 3290, 412
388, 3300, 412
388, 3310, 413
{'count': 3310, 'truepos': 56, 'falseneg': 4, 'unknownyes': 2, 'falsepos': 332, 'unique': 3310}
40: Wahono.csv: three: 0, 0
7, 10
9, 20, 113
10, 30, 119
11, 40, 109
11, 50, 109
15, 60, 83
15, 70, 89
18, 80, 68
20, 90, 69
23, 100, 67
24, 110, 67
25, 120, 63
27, 130, 60
31, 140, 58
33, 150, 59
36, 160, 65
40, 170, 67
41, 180, 80
41, 190, 69
45, 200, 67
45, 210, 77
47, 220, 74
49, 230, 73
51, 240, 83
51, 250, 85
51, 260, 80
52, 270, 80
52, 280, 75
52, 290, 75
52, 300, 71
52, 310, 71
52, 320, 76
52, 330, 68
53, 340, 65
54, 350, 67
54, 360, 70
55, 370, 70
55, 380, 71
56, 390, 69
56, 400, 68
56, 410, 68
56, 420, 70
57, 430, 72
58, 440, 73
58, 450, 72
58, 460, 73
60, 470, 69
63, 480, 71
65, 490, 75
66, 500, 82
66, 510, 82
66, 520, 81
67, 530, 82
67, 540, 83
68, 550, 81
68, 560, 84
68, 570, 80
68, 580, 82
68, 590, 82
68, 600, 80
68, 610, 80
69, 620, 79
69, 630, 80
70, 640, 80
70, 650, 82
71, 660, 81
71, 670, 82
72, 680, 83
72, 690, 82
72, 700, 81
72, 710, 82
74, 720, 81
74, 730, 85
75, 740, 83
75, 750, 85
75, 760, 83
76, 770, 84
76, 780, 90
76, 790, 87
76, 800, 85
76, 810, 86
76, 820, 87
76, 830, 85
76, 840, 85
76, 850, 84
76, 860, 85
76, 870, 85
78, 880, 85
79, 890, 90
79, 900, 89
79, 910, 87
80, 920, 87
81, 930, 90
81, 940, 92
81, 950, 92
81, 960, 90
81, 970, 90
81, 980, 90
81, 990, 90
81, 1000, 91
83, 1010, 89
84, 1020, 92
85, 1030, 92
85, 1040, 94
85, 1050, 93
85, 1060, 92
85, 1070, 92
85, 1080, 92
86, 1090, 93
86, 1100, 93
87, 1110, 93
87, 1120, 94
88, 1130, 94
88, 1140, 96
88, 1150, 95
88, 1160, 94
88, 1170, 94
90, 1180, 95
90, 1190, 96
91, 1200, 97
91, 1210, 97
92, 1220, 96
92, 1230, 98
92, 1240, 99
92, 1250, 100
93, 1260, 99
93, 1270, 100
93, 1280, 99
93, 1290, 98
93, 1300, 99
93, 1310, 98
94, 1320, 98
94, 1330, 101
94, 1340, 100
94, 1350, 100
94, 1360, 100
94, 1370, 99
94, 1380, 99
94, 1390, 99
95, 1400, 99
{'count': 3052, 'truepos': 56, 'falseneg': 3, 'unknownyes': 3, 'falsepos': 39, 'unique': 1400}
40: Wahono.csv: machine: 0, 0
5, 10
6, 20, 94
7, 30, 95
9, 40, 93
12, 50, 85
15, 60, 87
['yes' 'yes' 'no' 'yes' 'yes' 'yes' 'yes' 'no' 'no' 'no']
[]
11, 60, 87
14, 70, 82
16, 80, 82
18, 90, 77
21, 100, 72
23, 110, 85
['yes' 'yes' 'no' 'yes' 'yes' 'no' 'yes' 'yes' 'no' 'yes']
[]
18, 110, 85
20, 120, 61
22, 130, 60
23, 140, 61
23, 150, 57
25, 160, 52
['no' 'yes' 'no' 'yes' 'no' 'yes' 'no' 'yes' 'yes' 'no']
[]
20, 160, 52
21, 170, 48
24, 180, 48
25, 190, 49
28, 200, 49
31, 210, 50
['no' 'yes' 'yes' 'yes' 'no' 'no' 'no' 'no' 'yes' 'no']
['no' 'no' 'no' 'no' 'no' 'no' 'no' 'no' 'no' 'yes']
26, 210, 50
27, 220, 50
28, 230, 49
31, 240, 49
33, 250, 52
34, 260, 62
['yes' 'yes' 'no' 'yes' 'yes' 'yes' 'yes' 'yes' 'no' 'yes']
['no' 'no' 'no' 'no' 'no' 'yes' 'no' 'no' 'no' 'no']
34, 260, 62
35, 270, 60
37, 280, 59
38, 290, 60
41, 300, 58
41, 310, 62
['no' 'yes' 'no' 'no' 'no' 'yes' 'no' 'no' 'yes' 'yes']
['no' 'no' 'no' 'no' 'no' 'no' 'no' 'no' 'no' 'no']
36, 310, 62
38, 320, 56
40, 330, 60
41, 340, 68
43, 350, 67
43, 360, 69
['yes' 'no' 'no' 'no' 'no' 'no' 'no' 'no' 'yes']
['yes' 'no' 'no' 'no' 'no' 'no' 'no' 'no' 'no' 'no']
41, 360, 69
41, 370, 61
43, 380, 58
45, 390, 62
46, 400, 65
47, 410, 71
['no' 'no' 'no' 'no' 'no' 'no' 'no' 'yes']
['no' 'no' 'no' 'no' 'no' 'no' 'no' 'no' 'no' 'no']
41, 410, 71
44, 420, 58
44, 430, 67
46, 440, 61
48, 450, 70
49, 460, 82
['no' 'no' 'no' 'no' 'no' 'yes' 'no' 'no' 'no']
['no' 'no' 'no' 'no' 'no' 'no' 'no' 'no' 'no' 'no']
43, 460, 82
45, 470, 58
46, 480, 64
46, 490, 68
46, 500, 67
47, 510, 66
['no' 'no' 'no' 'no' 'no' 'no']
['no' 'no' 'no' 'no' 'no' 'no' 'no' 'no' 'no' 'no']
45, 510, 66
47, 520, 59
48, 530, 65
48, 540, 66
50, 550, 67
50, 560, 69
['no' 'no' 'no' 'no' 'no' 'no' 'no']
['no' 'no' 'no' 'no' 'no' 'no' 'no' 'no' 'no' 'no']
43, 560, 69
44, 570, 56
44, 580, 54
44, 590, 55
46, 600, 56
46, 610, 60
['no' 'no' 'no']
['no' 'no' 'yes' 'yes' 'no' 'no' 'no' 'no' 'no' 'no']
48, 610, 60
49, 620, 57
49, 630, 58
50, 640, 59
53, 650, 58
54, 660, 67
['no' 'no' 'yes' 'no' 'yes' 'no' 'no' 'no' 'no' 'no']
['no' 'no' 'yes' 'no' 'no' 'no' 'no' 'no' 'no' 'no']
49, 660, 67
53, 670, 58
53, 680, 64
53, 690, 64
53, 700, 62
54, 710, 64
['yes' 'yes' 'no' 'yes' 'no' 'yes' 'no' 'yes']
['yes' 'no' 'yes' 'no' 'no' 'no' 'no' 'no' 'no' 'no']
53, 710, 64
56, 720, 59
57, 730, 62
58, 740, 66
58, 750, 66
59, 760, 64
['no' 'yes' 'no' 'no' 'yes' 'no' 'yes']
['no' 'no' 'no' 'no' 'yes' 'no' 'no' 'no' 'no' 'no']
61, 760, 64
61, 770, 67
61, 780, 67
61, 790, 66
64, 800, 66
65, 810, 69
['no' 'no' 'no' 'no' 'no' 'yes' 'no']
['no' 'yes' 'no' 'no' 'no' 'no' 'no' 'no' 'no' 'no']
64, 810, 69
65, 820, 70
66, 830, 71
66, 840, 72
69, 850, 73
69, 860, 78
['no' 'no' 'no' 'no' 'no' 'yes' 'yes' 'no']
['no' 'no' 'no' 'no' 'no' 'no' 'no' 'no' 'no' 'no']
64, 860, 78
64, 870, 71
64, 880, 70
65, 890, 70
65, 900, 73
68, 910, 71
['no' 'no' 'yes' 'no']
['no' 'no' 'yes' 'no' 'no' 'no' 'no' 'no' 'no' 'no']
['yes' 'no' 'no' 'no']
['no' 'no' 'no' 'no' 'no' 'no' 'yes' 'no' 'no' 'no']
{'count': 1206, 'truepos': 52, 'falseneg': 3, 'unknownyes': 7, 'falsepos': 13, 'unique': 910}
40: Wahono.csv: machine2: 0, 0
6, 10
8, 20, 100
11, 30, 100
13, 40, 102
15, 50, 104
16, 60, 102
['no' 'no' 'no' 'no' 'yes' 'no' 'yes' 'yes' 'yes' 'yes']
[]
11, 60, 102
16, 70, 66
20, 80, 79
21, 90, 93
23, 100, 77
25, 110, 70
['yes' 'yes' 'yes' 'no' 'no' 'yes' 'yes' 'no' 'no' 'yes']
[]
22, 110, 70
24, 120, 62
26, 130, 61
29, 140, 60
29, 150, 61
32, 160, 57
['no' 'yes' 'no' 'yes' 'yes' 'yes' 'no' 'yes' 'yes' 'yes']
['no' 'no' 'no' 'no' 'no' 'no' 'no' 'no' 'no' 'no']
31, 160, 57
34, 170, 59
35, 180, 65
37, 190, 59
41, 200, 61
42, 210, 70
['yes' 'yes' 'no' 'no' 'no' 'yes' 'no' 'yes' 'no' 'no']
['no' 'no' 'yes' 'no' 'no' 'no' 'no' 'no' 'no' 'no']
37, 210, 70
38, 220, 56
39, 230, 58
41, 240, 55
42, 250, 59
43, 260, 59
['no' 'yes' 'no' 'no' 'yes' 'no' 'yes' 'no' 'no' 'yes']
['no' 'no' 'no' 'no' 'no' 'no' 'no' 'no' 'no' 'no']
37, 260, 59
40, 270, 50
43, 280, 53
43, 290, 58
45, 300, 55
47, 310, 59
['yes' 'no' 'yes' 'yes' 'no' 'yes' 'yes' 'no' 'yes' 'yes']
['no' 'no' 'no' 'no' 'no' 'no' 'no' 'no' 'yes' 'no']
45, 310, 59
48, 320, 60
51, 330, 62
52, 340, 70
52, 350, 67
55, 360, 64
['no' 'yes' 'no' 'yes' 'yes' 'no' 'yes' 'yes' 'no' 'yes']
['no' 'no' 'no' 'no' 'no' 'no' 'no' 'no' 'no' 'no']
51, 360, 64
51, 370, 65
54, 380, 64
56, 390, 68
57, 400, 68
60, 410, 73
['no' 'no' 'no' 'no' 'no' 'no' 'no' 'no' 'no' 'yes']
['no' 'no' 'no' 'no' 'no' 'no' 'no' 'no' 'no' 'no']
56, 410, 73
57, 420, 70
58, 430, 74
60, 440, 75
60, 450, 79
61, 460, 79
['no' 'no' 'no' 'no' 'no' 'no' 'no' 'yes' 'no' 'yes']
['no' 'no' 'no' 'no' 'no' 'no' 'no' 'no' 'no' 'no']
57, 460, 79
58, 470, 73
58, 480, 77
58, 490, 75
59, 500, 71
60, 510, 77
['no' 'no' 'no' 'yes' 'no' 'no' 'yes' 'yes' 'no' 'no']
['no' 'no' 'no' 'no' 'no' 'no' 'no' 'no' 'no' 'no']
53, 510, 77
55, 520, 65
55, 530, 66
55, 540, 72
55, 550, 68
55, 560, 70
['no' 'no' 'no']
['no' 'no' 'no' 'no' 'no' 'no' 'no' 'no' 'no' 'no']
52, 560, 70
53, 570, 64
53, 580, 65
54, 590, 63
55, 600, 64
57, 610, 66
['no' 'no' 'no' 'no' 'no']
['no' 'no' 'no' 'no' 'no' 'no' 'no' 'no' 'no' 'no']
53, 610, 66
56, 620, 62
57, 630, 66
57, 640, 68
58, 650, 66
59, 660, 68
['yes' 'no' 'no' 'yes' 'no' 'yes']
['no' 'no' 'no' 'no' 'no' 'no' 'no' 'no' 'no' 'no']
58, 660, 68
59, 670, 66
61, 680, 68
62, 690, 70
63, 700, 73
66, 710, 74
['no' 'no' 'no' 'no' 'yes' 'no' 'yes' 'yes' 'no']
['no' 'no' 'no' 'no' 'no' 'no' 'no' 'no' 'no' 'no']
61, 710, 74
61, 720, 71
61, 730, 71
63, 740, 70
64, 750, 73
66, 760, 75
['no' 'yes' 'no' 'yes' 'no' 'no']
['no' 'no' 'no' 'no' 'no' 'no' 'no' 'no' 'no' 'no']
63, 760, 75
65, 770, 73
66, 780, 76
67, 790, 78
70, 800, 80
73, 810, 87
['no' 'no' 'no' 'no' 'no' 'no' 'no' 'no' 'no' 'no']
['yes' 'no' 'no' 'yes' 'no' 'no' 'no' 'no' 'no' 'no']
67, 810, 87
71, 820, 77
72, 830, 83
74, 840, 85
75, 850, 86
76, 860, 90
['no' 'no' 'no' 'no' 'no' 'no' 'no' 'no' 'no' 'yes']
['no' 'no' 'no' 'no' 'no' 'no' 'no' 'no' 'no' 'no']
67, 860, 90
68, 870, 76
69, 880, 78
70, 890, 79
71, 900, 79
72, 910, 81
['no' 'no' 'no' 'no' 'yes' 'yes' 'no']
['no' 'no' 'no' 'no' 'no' 'no' 'no' 'no' 'no' 'no']
70, 910, 81
72, 920, 79
72, 930, 84
73, 940, 83
73, 950, 85
74, 960, 83
['no' 'no' 'no' 'no' 'no' 'no']
['no' 'no' 'no' 'no' 'no' 'no' 'no' 'no' 'no' 'no']
69, 960, 83
71, 970, 78
74, 980, 80
77, 990, 87
77, 1000, 91
77, 1010, 95
['no' 'no' 'no' 'no' 'no' 'no' 'no' 'no']
['no' 'no' 'no' 'no' 'no' 'no' 'yes' 'no' 'no' 'no']
71, 1010, 95
73, 1020, 79
73, 1030, 83
74, 1040, 83
74, 1050, 84
76, 1060, 82
['no' 'no' 'no' 'no' 'no' 'no' 'yes']
['no' 'no' 'no' 'no' 'no' 'no' 'no' 'no' 'no' 'no']
74, 1060, 82
76, 1070, 83
76, 1080, 85
77, 1090, 85
79, 1100, 85
81, 1110, 88
['no' 'no' 'no' 'no' 'no' 'no' 'no' 'no' 'no']
['no' 'no' 'no' 'no' 'no' 'no' 'no' 'no' 'no' 'no']
75, 1110, 88
75, 1120, 84
76, 1130, 83
77, 1140, 84
78, 1150, 85
79, 1160, 85
['no' 'no' 'no' 'no' 'no']
['no' 'no' 'no' 'no' 'no' 'no' 'no' 'no' 'no' 'no']
75, 1160, 85
75, 1170, 82
76, 1180, 83
79, 1190, 84
81, 1200, 89
82, 1210, 90
['no' 'no' 'no' 'no' 'no' 'no' 'no']
['no' 'no' 'no' 'no' 'no' 'no' 'no' 'no' 'no' 'no']
78, 1210, 90
79, 1220, 86
80, 1230, 87
84, 1240, 89
85, 1250, 94
85, 1260, 95
['no' 'no' 'no' 'no' 'no' 'no' 'no' 'no']
['no' 'no' 'no' 'no' 'no' 'no' 'no' 'no' 'no' 'no']
79, 1260, 95
82, 1270, 88
83, 1280, 91
85, 1290, 92
88, 1300, 93
90, 1310, 98
['no' 'no' 'no' 'no' 'no' 'no' 'no' 'no' 'no' 'no']
['no' 'no' 'no' 'no' 'no' 'no' 'no' 'no' 'no' 'no']
81, 1310, 98
82, 1320, 90
83, 1330, 91
84, 1340, 92
85, 1350, 92
85, 1360, 94
['no' 'no' 'no' 'no' 'no' 'no' 'no']
['no' 'no' 'no' 'no' 'no' 'no' 'no' 'no' 'no' 'no']
80, 1360, 94
80, 1370, 87
81, 1380, 87
81, 1390, 88
81, 1400, 88
81, 1410, 88
['no' 'no']
['no' 'no' 'no' 'no' 'no' 'no' 'no' 'no' 'no' 'no']
81, 1410, 88
82, 1420, 87
83, 1430, 89
85, 1440, 90
87, 1450, 91
87, 1460, 94
['no' 'no' 'no' 'no' 'no' 'no' 'no']
['no' 'no' 'no' 'no' 'no' 'no' 'no' 'no' 'no' 'no']
81, 1460, 94
81, 1470, 86
81, 1480, 87
82, 1490, 86
82, 1500, 88
83, 1510, 88
['no' 'no']
['no' 'no' 'no' 'no' 'no' 'no' 'no' 'no' 'no' 'no']
83, 1510, 88
85, 1520, 89
87, 1530, 91
90, 1540, 94
92, 1550, 97
93, 1560, 99
['no' 'no' 'no' 'no' 'no' 'no' 'no' 'no' 'no' 'no']
['no' 'no' 'no' 'no' 'no' 'no' 'no' 'no' 'no' 'no']
86, 1560, 99
87, 1570, 92
89, 1580, 93
91, 1590, 96
93, 1600, 98
96, 1610, 100
['no' 'no' 'no' 'no' 'no' 'no' 'no' 'no' 'no' 'no']
['no' 'no' 'no' 'no' 'no' 'no' 'no' 'no' 'no' 'no']
['no' 'no' 'no' 'no' 'no' 'no' 'no' 'no' 'no' 'no']
['no' 'no' 'no' 'no' 'no' 'no' 'no' 'no' 'no' 'no']
{'count': 2335, 'truepos': 57, 'falseneg': 2, 'unknownyes': 3, 'falsepos': 31, 'unique': 1610}
40: Wahono.csv: machine3: 0, 0
6, 10
8, 20, 101
8, 30, 103
11, 40, 94
13, 50, 95
14, 60, 95
null
[]
16, 70, 82
18, 80, 82
19, 90, 74
23, 100, 65
23, 110, 71
25, 120, 61
null
[]
26, 130, 64
30, 140, 62
33, 150, 59
35, 160, 62
37, 170, 67
38, 180, 62
null
['no' 'no' 'no' 'no' 'no' 'no' 'no' 'no' 'no' 'no']
38, 180, 62
40, 190, 63
40, 200, 66
41, 210, 66
42, 220, 66
43, 230, 64
null
['no' 'no' 'no' 'no' 'no' 'no' 'no' 'no' 'no' 'no']
43, 230, 64
43, 240, 64
43, 250, 67
43, 260, 63
43, 270, 60
43, 280, 61
null
['no' 'no' 'no' 'no' 'no' 'no' 'no' 'no' 'no' 'no']
43, 280, 61
44, 290, 56
46, 300, 65
48, 310, 63
48, 320, 65
49, 330, 63
null
['no' 'no' 'no' 'no' 'no' 'no' 'no' 'no' 'no' 'no']
49, 330, 63
50, 340, 65
50, 350, 65
51, 360, 66
51, 370, 69
52, 380, 68
null
['no' 'no' 'no' 'no' 'no' 'no' 'no' 'no' 'no' 'yes']
53, 380, 68
53, 390, 69
53, 400, 67
53, 410, 69
54, 420, 65
55, 430, 71
null
['no' 'no' 'no' 'no' 'no' 'no' 'no' 'no' 'no' 'no']
55, 430, 71
55, 440, 74
55, 450, 67
55, 460, 65
55, 470, 65
57, 480, 68
null
['no' 'no' 'no' 'yes' 'no' 'no' 'no' 'no' 'no' 'no']
58, 480, 68
58, 490, 70
58, 500, 70
59, 510, 71
61, 520, 70
61, 530, 75
null
['no' 'no' 'no' 'no' 'no' 'no' 'no' 'no' 'no' 'no']
62, 530, 75
63, 540, 75
63, 550, 76
64, 560, 76
64, 570, 78
66, 580, 78
null
['no' 'no' 'no' 'no' 'no' 'no' 'no' 'no' 'no' 'no']
66, 580, 78
67, 590, 77
67, 600, 82
68, 610, 78
68, 620, 80
70, 630, 81
null
['yes' 'no' 'no' 'no' 'no' 'no' 'no' 'no' 'no' 'no']
71, 630, 81
71, 640, 85
71, 650, 84
71, 660, 84
71, 670, 84
71, 680, 84
null
['no' 'no' 'no' 'no' 'no' 'no' 'no' 'no' 'no' 'no']
71, 680, 84
71, 690, 82
71, 700, 83
72, 710, 79
72, 720, 84
72, 730, 84
null
['no' 'no' 'no' 'no' 'no' 'no' 'no' 'no' 'no' 'no']
72, 730, 84
72, 740, 81
73, 750, 82
74, 760, 82
74, 770, 86
74, 780, 85
null
['no' 'no' 'no' 'yes' 'no' 'no' 'no' 'no' 'no' 'no']
75, 780, 85
75, 790, 85
76, 800, 85
78, 810, 85
79, 820, 89
80, 830, 90
null
['no' 'no' 'no' 'no' 'no' 'no' 'no' 'no' 'no' 'no']
80, 830, 90
81, 840, 92
81, 850, 93
81, 860, 93
81, 870, 92
81, 880, 91
null
['no' 'no' 'no' 'no' 'no' 'no' 'no' 'no' 'no' 'no']
81, 880, 91
83, 890, 91
83, 900, 92
83, 910, 92
84, 920, 93
84, 930, 93
null
['no' 'no' 'no' 'no' 'no' 'no' 'no' 'no' 'no' 'no']
84, 930, 93
84, 940, 94
84, 950, 93
84, 960, 92
84, 970, 92
84, 980, 92
null
['no' 'no' 'no' 'no' 'no' 'no' 'no' 'no' 'no' 'no']
84, 980, 92
84, 990, 93
84, 1000, 92
84, 1010, 92
84, 1020, 91
84, 1030, 92
null
['no' 'no' 'no' 'no' 'no' 'no' 'no' 'no' 'no' 'no']
84, 1030, 92
84, 1040, 92
84, 1050, 91
84, 1060, 90
84, 1070, 92
84, 1080, 91
null
['no' 'no' 'no' 'no' 'no' 'no' 'no' 'no' 'no' 'no']
84, 1080, 91
84, 1090, 91
84, 1100, 91
84, 1110, 92
86, 1120, 90
86, 1130, 93
null
['no' 'no' 'no' 'no' 'no' 'no' 'no' 'no' 'no' 'no']
86, 1130, 93
87, 1140, 93
87, 1150, 94
87, 1160, 95
87, 1170, 94
87, 1180, 95
null
['no' 'no' 'no' 'no' 'no' 'no' 'no' 'no' 'no' 'no']
87, 1180, 95
87, 1190, 95
87, 1200, 94
87, 1210, 94
87, 1220, 94
88, 1230, 93
null
['no' 'no' 'no' 'no' 'no' 'no' 'no' 'no' 'no' 'no']
89, 1230, 93
89, 1240, 97
89, 1250, 96
89, 1260, 96
90, 1270, 95
90, 1280, 96
null
['no' 'no' 'no' 'no' 'no' 'no' 'no' 'no' 'no' 'no']
90, 1280, 96
90, 1290, 97
90, 1300, 97
90, 1310, 97
91, 1320, 97
92, 1330, 97
null
['no' 'no' 'no' 'no' 'no' 'no' 'no' 'no' 'no' 'no']
92, 1330, 97
92, 1340, 98
92, 1350, 99
92, 1360, 99
92, 1370, 97
92, 1380, 98
null
['no' 'no' 'no' 'no' 'no' 'no' 'no' 'no' 'no' 'no']
93, 1380, 98
93, 1390, 98
93, 1400, 99
94, 1410, 99
94, 1420, 100
94, 1430, 99
null
['no' 'no' 'no' 'no' 'no' 'no' 'no' 'no' 'no' 'no']
94, 1430, 99
94, 1440, 100
94, 1450, 99
94, 1460, 99
95, 1470, 99
null
['no' 'no' 'no' 'no' 'no' 'no' 'no' 'no' 'no' 'no']
{'count': 2113, 'truepos': 58, 'falseneg': 1, 'unknownyes': 3, 'falsepos': 37, 'unique': 1470}
40: Wahono.csv: machine4: 0, 0
6, 10
6, 20, 99
7, 30, 91
12, 40, 86
13, 50, 87
14, 60, 87
16, 70, 66
19, 80, 60
20, 90, 58
22, 100, 53
24, 110, 54
26, 120, 57
28, 130, 59
29, 140, 61
31, 150, 58
35, 160, 67
36, 170, 61
38, 180, 64
39, 190, 71
42, 200, 65
43, 210, 64
44, 220, 68
44, 230, 68
45, 240, 68
45, 250, 63
46, 260, 64
47, 270, 64
48, 280, 64
51, 290, 72
51, 300, 86
53, 310, 72
55, 320, 77
57, 330, 80
57, 340, 93
57, 350, 91
57, 360, 85
58, 370, 78
58, 380, 81
59, 390, 79
59, 400, 82
59, 410, 78
60, 420, 74
60, 430, 75
60, 440, 75
60, 450, 76
60, 460, 81
60, 470, 79
60, 480, 84
60, 490, 74
60, 500, 85
60, 510, 74
60, 520, 78
60, 530, 74
60, 540, 74
61, 550, 71
63, 560, 72
64, 570, 75
64, 580, 76
64, 590, 78
64, 600, 76
64, 610, 76
64, 620, 73
65, 630, 75
66, 640, 77
66, 650, 78
67, 660, 77
68, 670, 80
68, 680, 84
68, 690, 83
68, 700, 80
69, 710, 80
69, 720, 82
70, 730, 82
70, 740, 82
70, 750, 83
70, 760, 84
70, 770, 83
70, 780, 81
70, 790, 82
71, 800, 81
71, 810, 83
71, 820, 83
71, 830, 82
71, 840, 83
71, 850, 80
71, 860, 81
71, 870, 81
71, 880, 81
71, 890, 80
71, 900, 81
71, 910, 82
71, 920, 80
71, 930, 80
71, 940, 80
72, 950, 79
72, 960, 81
72, 970, 81
72, 980, 81
72, 990, 82
72, 1000, 80
73, 1010, 81
74, 1020, 83
75, 1030, 84
76, 1040, 85
76, 1050, 89
76, 1060, 87
76, 1070, 87
76, 1080, 87
77, 1090, 86
77, 1100, 88
77, 1110, 87
77, 1120, 87
77, 1130, 87
77, 1140, 86
77, 1150, 86
77, 1160, 85
79, 1170, 86
79, 1180, 89
79, 1190, 91
79, 1200, 90
79, 1210, 88
79, 1220, 90
79, 1230, 89
79, 1240, 88
79, 1250, 89
79, 1260, 88
80, 1270, 88
80, 1280, 88
80, 1290, 88
80, 1300, 87
81, 1310, 87
81, 1320, 89
82, 1330, 89
82, 1340, 90
83, 1350, 90
83, 1360, 91
83, 1370, 91
83, 1380, 90
83, 1390, 90
83, 1400, 90
83, 1410, 89
83, 1420, 89
84, 1430, 90
85, 1440, 90
85, 1450, 92
85, 1460, 92
85, 1470, 91
85, 1480, 91
85, 1490, 91
85, 1500, 91
85, 1510, 91
85, 1520, 91
85, 1530, 91
87, 1540, 90
87, 1550, 94
87, 1560, 94
87, 1570, 95
87, 1580, 93
88, 1590, 95
89, 1600, 94
90, 1610, 96
90, 1620, 96
90, 1630, 96
90, 1640, 96
91, 1650, 96
91, 1660, 97
91, 1670, 97
91, 1680, 97
91, 1690, 98
91, 1700, 96
92, 1710, 96
92, 1720, 97
92, 1730, 98
92, 1740, 98
92, 1750, 97
93, 1760, 98
93, 1770, 98
93, 1780, 98
93, 1790, 99
93, 1800, 98
{'count': 2182, 'truepos': 56, 'falseneg': 3, 'unknownyes': 3, 'falsepos': 37, 'unique': 1800}
40: Danijel.csv: none: 0, 0
4, 10
6, 20, 130
7, 30, 112
8, 40, 95
8, 50, 89
9, 60, 72
11, 70, 59
13, 80, 60
15, 90, 57
15, 100, 63
16, 110, 53
17, 120, 51
19, 130, 52
19, 140, 56
21, 150, 53
22, 160, 57
25, 170, 55
30, 180, 64
31, 190, 62
33, 200, 58
35, 210, 53
39, 220, 56
40, 230, 68
42, 240, 61
44, 250, 68
45, 260, 66
46, 270, 68
46, 280, 68
46, 290, 63
48, 300, 63
50, 310, 65
51, 320, 66
52, 330, 66
52, 340, 66
52, 350, 71
52, 360, 65
53, 370, 62
55, 380, 64
58, 390, 66
60, 400, 72
61, 410, 72
61, 420, 71
61, 430, 72
63, 440, 72
66, 450, 73
66, 460, 78
66, 470, 77
67, 480, 77
67, 490, 79
70, 500, 79
71, 510, 84
72, 520, 81
75, 530, 84
75, 540, 84
76, 550, 90
77, 560, 86
78, 570, 88
80, 580, 89
81, 590, 90
81, 600, 91
81, 610, 92
83, 620, 90
85, 630, 92
85, 640, 94
86, 650, 94
87, 660, 93
88, 670, 95
89, 680, 97
92, 690, 99
92, 700, 103
94, 710, 100
95, 720, 104
97, 730, 106
98, 740, 107
99, 750, 111
100, 760, 113
101, 770, 112
102, 780, 116
106, 790, 114
107, 800, 124
108, 810, 126
109, 820, 127
110, 830, 132
112, 840, 128
114, 850, 133
116, 860, 138
116, 870, 139
117, 880, 133
117, 890, 132
119, 900, 142
120, 910, 141
121, 920, 141
121, 930, 137
122, 940, 138
123, 950, 142
124, 960, 140
125, 970, 149
127, 980, 143
129, 990, 146
130, 1000, 151
130, 1010, 147
131, 1020, 149
131, 1030, 151
132, 1040, 152
135, 1050, 151
136, 1060, 154
136, 1070, 160
136, 1080, 154
137, 1090, 154
140, 1100, 156
141, 1110, 159
143, 1120, 165
143, 1130, 165
145, 1140, 163
146, 1150, 168
147, 1160, 172
148, 1170, 165
150, 1180, 174
151, 1190, 171
152, 1200, 176
153, 1210, 173
155, 1220, 173
156, 1230, 178
157, 1240, 178
157, 1250, 180
157, 1260, 178
157, 1270, 177
157, 1280, 179
160, 1290, 175
162, 1300, 179
164, 1310, 181
164, 1320, 184
165, 1330, 184
166, 1340, 187
166, 1350, 182
166, 1360, 185
166, 1370, 186
167, 1380, 182
167, 1390, 185
168, 1400, 184
169, 1410, 184
170, 1420, 185
170, 1430, 184
170, 1440, 184
172, 1450, 183
172, 1460, 186
172, 1470, 185
172, 1480, 185
173, 1490, 184
173, 1500, 185
173, 1510, 189
175, 1520, 186
176, 1530, 189
177, 1540, 190
177, 1550, 189
177, 1560, 191
177, 1570, 192
178, 1580, 193
179, 1590, 190
180, 1600, 191
183, 1610, 196
183, 1620, 199
186, 1630, 200
187, 1640, 205
189, 1650, 208
191, 1660, 205
193, 1670, 209
194, 1680, 211
195, 1690, 214
196, 1700, 210
197, 1710, 215
198, 1720, 210
200, 1730, 212
202, 1740, 216
202, 1750, 220
204, 1760, 220
205, 1770, 224
206, 1780, 223
206, 1790, 222
207, 1800, 224
208, 1810, 223
208, 1820, 226
211, 1830, 224
212, 1840, 229
213, 1850, 230
214, 1860, 233
215, 1870, 229
215, 1880, 229
216, 1890, 228
216, 1900, 230
217, 1910, 232
219, 1920, 234
220, 1930, 234
221, 1940, 234
223, 1950, 239
223, 1960, 241
223, 1970, 240
223, 1980, 240
225, 1990, 237
225, 2000, 240
226, 2010, 242
226, 2020, 247
227, 2030, 245
228, 2040, 243
228, 2050, 247
228, 2060, 245
229, 2070, 244
231, 2080, 247
233, 2090, 250
237, 2100, 252
238, 2110, 258
239, 2120, 260
241, 2130, 261
241, 2140, 267
242, 2150, 264
243, 2160, 263
246, 2170, 264
246, 2180, 267
248, 2190, 265
248, 2200, 268
249, 2210, 271
251, 2220, 271
252, 2230, 272
252, 2240, 272
252, 2250, 274
252, 2260, 272
254, 2270, 271
254, 2280, 273
254, 2290, 273
254, 2300, 273
254, 2310, 272
255, 2320, 269
256, 2330, 272
257, 2340, 273
257, 2350, 273
258, 2360, 274
260, 2370, 275
260, 2380, 276
261, 2390, 277
261, 2400, 275
262, 2410, 276
262, 2420, 278
263, 2430, 277
264, 2440, 278
264, 2450, 279
265, 2460, 282
267, 2470, 281
268, 2480, 284
269, 2490, 286
{'count': 2490, 'truepos': 39, 'falseneg': 8, 'unknownyes': 1, 'falsepos': 230, 'unique': 2490}
40: Danijel.csv: three: 0, 0
4, 10
5, 20, 113
8, 30, 105
9, 40, 96
10, 50, 94
11, 60, 68
13, 70, 65
16, 80, 58
20, 90, 62
22, 100, 65
23, 110, 68
23, 120, 62
25, 130, 54
28, 140, 51
30, 150, 52
32, 160, 49
34, 170, 52
35, 180, 52
35, 190, 51
37, 200, 50
37, 210, 52
39, 220, 50
42, 230, 55
42, 240, 59
43, 250, 62
44, 260, 59
44, 270, 60
44, 280, 60
44, 290, 60
46, 300, 57
46, 310, 60
47, 320, 59
48, 330, 60
49, 340, 59
50, 350, 61
50, 360, 64
50, 370, 62
51, 380, 62
51, 390, 60
52, 400, 59
52, 410, 62
52, 420, 61
54, 430, 63
54, 440, 67
54, 450, 70
54, 460, 66
55, 470, 65
55, 480, 64
56, 490, 66
56, 500, 68
57, 510, 69
57, 520, 73
58, 530, 67
58, 540, 69
58, 550, 69
59, 560, 72
59, 570, 68
59, 580, 71
59, 590, 67
59, 600, 69
59, 610, 68
60, 620, 66
60, 630, 69
60, 640, 69
60, 650, 66
60, 660, 68
60, 670, 66
60, 680, 68
60, 690, 69
60, 700, 65
60, 710, 67
60, 720, 65
61, 730, 64
61, 740, 71
62, 750, 66
62, 760, 69
62, 770, 69
62, 780, 69
62, 790, 68
62, 800, 68
62, 810, 68
62, 820, 67
62, 830, 67
63, 840, 67
63, 850, 70
63, 860, 67
63, 870, 69
63, 880, 67
64, 890, 68
{'count': 1950, 'truepos': 44, 'falseneg': 1, 'unknownyes': 3, 'falsepos': 20, 'unique': 890}
40: Danijel.csv: machine: 0, 0
3, 10
6, 20, 110
7, 30, 109
9, 40, 120
11, 50, 102
12, 60, 90
['yes' 'yes' 'no' 'yes' 'no' 'yes' 'yes' 'yes' 'yes' 'yes']
[]
9, 60, 90
10, 70, 70
15, 80, 62
18, 90, 69
19, 100, 69
23, 110, 64
['yes' 'yes' 'yes' 'no' 'no' 'yes' 'yes' 'yes' 'yes' 'no']
[]
19, 110, 64
23, 120, 57
25, 130, 63
27, 140, 63
28, 150, 62
30, 160, 59
['yes' 'yes' 'no' 'yes' 'no' 'yes' 'yes' 'yes' 'no' 'no']
['no' 'no' 'no' 'yes' 'yes' 'no' 'no' 'no' 'no' 'no']
28, 160, 59
29, 170, 53
30, 180, 51
33, 190, 48
36, 200, 53
39, 210, 58
['no' 'yes' 'yes' 'yes' 'yes' 'yes' 'no' 'no' 'no' 'yes']
['no' 'no' 'no' 'no' 'no' 'no' 'no' 'no' 'no' 'no']
35, 210, 58
37, 220, 50
37, 230, 54
37, 240, 50
38, 250, 50
39, 260, 51
['yes' 'no' 'yes' 'yes' 'no' 'no' 'yes' 'yes' 'yes' 'no']
['no' 'no' 'no' 'no' 'no' 'no' 'no' 'no' 'no' 'no']
34, 260, 51
36, 270, 44
36, 280, 46
37, 290, 45
37, 300, 47
37, 310, 48
['no' 'yes' 'yes' 'yes' 'yes' 'yes']
['no' 'yes' 'no' 'no' 'no' 'no' 'no' 'no' 'no' 'no']
36, 310, 48
37, 320, 47
39, 330, 49
40, 340, 57
40, 350, 54
41, 360, 54
['no' 'no' 'no' 'no' 'no']
['no' 'no' 'no' 'no' 'no' 'no' 'no' 'no' 'no' 'no']
36, 360, 54
38, 370, 44
40, 380, 47
41, 390, 53
41, 400, 53
41, 410, 52
['no' 'no' 'no' 'no' 'no']
['no' 'no' 'no' 'no' 'no' 'no' 'no' 'no' 'no' 'no']
37, 410, 52
39, 420, 44
40, 430, 48
41, 440, 48
44, 450, 48
45, 460, 52
['no' 'no' 'no' 'no' 'no' 'no' 'no' 'no']
['no' 'no' 'no' 'no' 'no' 'no' 'no' 'no' 'no' 'no']
41, 460, 52
42, 470, 51
42, 480, 50
43, 490, 52
43, 500, 49
43, 510, 51
['no' 'no' 'no' 'no']
['no' 'no' 'no' 'no' 'no' 'no' 'no' 'no' 'no' 'no']
39, 510, 51
39, 520, 44
40, 530, 45
40, 540, 47
42, 550, 48
44, 560, 50
['no' 'yes' 'no' 'no' 'no']
['no' 'no' 'no' 'no' 'no' 'no' 'no' 'no' 'no' 'no']
40, 560, 50
40, 570, 46
41, 580, 46
42, 590, 47
44, 600, 47
44, 610, 51
['no' 'no' 'no' 'no']
['no' 'no' 'no' 'yes' 'no' 'no' 'no' 'no' 'no' 'yes']
41, 610, 51
43, 620, 46
45, 630, 49
47, 640, 51
49, 650, 55
51, 660, 61
['yes' 'no' 'yes' 'no' 'no' 'no' 'no' 'no' 'no' 'no']
['no' 'no' 'no' 'no' 'no' 'no' 'no' 'no' 'no' 'no']
45, 660, 61
47, 670, 51
48, 680, 56
48, 690, 57
48, 700, 57
48, 710, 54
['no' 'no' 'no' 'yes']
['no' 'yes' 'no' 'no' 'no' 'no' 'no' 'no' 'no' 'no']
50, 710, 54
51, 720, 58
51, 730, 61
52, 740, 60
53, 750, 66
53, 760, 75
['no' 'no' 'no' 'no' 'no' 'no']
['no' 'no' 'no' 'no' 'no' 'no' 'no' 'no' 'no' 'no']
48, 760, 75
48, 770, 52
51, 780, 55
51, 790, 59
52, 800, 59
52, 810, 60
['no' 'no' 'no' 'no']
['no' 'yes' 'no' 'no' 'no' 'no' 'no' 'no' 'no' 'no']
50, 810, 60
50, 820, 55
52, 830, 56
52, 840, 59
53, 850, 58
53, 860, 59
['no' 'no' 'no' 'yes']
['no' 'no' 'no' 'no' 'no' 'no' 'no' 'no' 'no' 'no']
52, 860, 59
52, 870, 57
53, 880, 56
54, 890, 57
55, 900, 59
56, 910, 59
['no' 'no' 'no' 'no' 'no']
['no' 'no' 'no' 'no' 'no' 'no' 'no' 'no' 'no' 'no']
53, 910, 59
54, 920, 57
57, 930, 58
58, 940, 61
59, 950, 66
59, 960, 67
['no' 'no' 'no' 'no' 'no' 'no' 'no']
['no' 'no' 'no' 'no' 'no' 'no' 'no' 'no' 'no' 'no']
53, 960, 67
55, 970, 58
56, 980, 62
58, 990, 63
58, 1000, 68
60, 1010, 68
['no' 'no' 'no' 'no' 'no' 'no' 'no' 'no']
['no' 'no' 'no' 'no' 'no' 'no' 'no' 'no' 'no' 'no']
55, 1010, 68
56, 1020, 60
59, 1030, 62
60, 1040, 72
61, 1050, 72
62, 1060, 68
['no' 'no' 'no' 'no' 'no' 'no' 'no' 'no' 'no']
['no' 'no' 'no' 'no' 'no' 'no' 'no' 'no' 'no' 'no']
55, 1060, 68
56, 1070, 59
58, 1080, 59
59, 1090, 62
61, 1100, 63
61, 1110, 67
['no' 'no' 'no' 'no' 'no' 'no' 'no']
['no' 'no' 'no' 'no' 'no' 'no' 'no' 'no' 'no' 'no']
55, 1110, 67
56, 1120, 58
57, 1130, 59
59, 1140, 61
59, 1150, 64
60, 1160, 65
['no' 'no' 'no' 'no' 'no' 'no']
['no' 'no' 'no' 'no' 'no' 'no' 'no' 'no' 'no' 'no']
58, 1160, 65
60, 1170, 62
60, 1180, 64
['no' 'no' 'no' 'no' 'no']
['no' 'no' 'no' 'no' 'no' 'no' 'no' 'no' 'no' 'no']
{'count': 1562, 'truepos': 41, 'falseneg': 4, 'unknownyes': 3, 'falsepos': 16, 'unique': 1180}
40: Danijel.csv: machine2: 0, 0
3, 10
5, 20, 106
8, 30, 92
10, 40, 92
11, 50, 86
13, 60, 85
['yes' 'yes' 'no' 'yes' 'yes' 'yes' 'no' 'no' 'yes' 'yes']
[]
10, 60, 85
13, 70, 96
16, 80, 88
16, 90, 96
17, 100, 75
19, 110, 70
['no' 'no' 'no' 'yes' 'yes' 'yes' 'yes' 'no' 'yes' 'yes']
[]
16, 110, 70
22, 120, 57
23, 130, 58
25, 140, 53
30, 150, 54
30, 160, 52
['yes' 'yes' 'yes' 'yes' 'yes' 'yes' 'no' 'yes' 'yes' 'yes']
['no' 'no' 'no' 'no' 'no' 'no' 'no' 'no' 'no' 'yes']
31, 160, 52
33, 170, 53
33, 180, 58
38, 190, 51
40, 200, 57
42, 210, 65
['yes' 'no' 'yes' 'no' 'yes' 'no' 'yes' 'no' 'no' 'yes']
['no' 'no' 'yes' 'no' 'no' 'no' 'no' 'no' 'no' 'no']
42, 210, 65
43, 220, 62
45, 230, 62
48, 240, 58
48, 250, 63
49, 260, 62
['no' 'yes' 'yes' 'no' 'yes' 'yes' 'no' 'no' 'no' 'no']
['no' 'no' 'no' 'no' 'no' 'no' 'no' 'no' 'no' 'no']
45, 260, 62
47, 270, 58
48, 280, 62
49, 290, 60
51, 300, 64
53, 310, 64
['no' 'no' 'no' 'no' 'no' 'no' 'yes' 'no' 'no' 'yes']
['no' 'no' 'no' 'no' 'no' 'no' 'no' 'no' 'no' 'no']
46, 310, 64
47, 320, 60
47, 330, 62
48, 340, 58
49, 350, 60
50, 360, 61
['no' 'no' 'no' 'yes' 'no' 'no' 'no' 'no' 'yes' 'yes']
['no' 'no' 'no' 'no' 'no' 'no' 'no' 'yes' 'no' 'no']
46, 360, 61
49, 370, 55
50, 380, 59
51, 390, 61
51, 400, 63
52, 410, 62
['yes' 'no' 'no' 'yes' 'no' 'yes' 'no' 'yes' 'no' 'no']
['no' 'no' 'no' 'no' 'no' 'no' 'no' 'no' 'no' 'no']
50, 410, 62
52, 420, 59
52, 430, 62
53, 440, 65
53, 450, 64
54, 460, 61
['no' 'no' 'no' 'no' 'no' 'no' 'yes' 'no' 'yes']
['no' 'no' 'no' 'no' 'no' 'no' 'no' 'no' 'no' 'no']
49, 460, 61
50, 470, 58
52, 480, 60
53, 490, 61
55, 500, 62
57, 510, 65
['no' 'no' 'no' 'no' 'no' 'no' 'no' 'no' 'no' 'no']
['no' 'no' 'no' 'no' 'no' 'no' 'no' 'no' 'no' 'no']
51, 510, 65
52, 520, 61
54, 530, 61
54, 540, 64
54, 550, 63
54, 560, 62
['no' 'no' 'no' 'no']
['no' 'no' 'no' 'no' 'no' 'no' 'no' 'no' 'no' 'no']
51, 560, 62
53, 570, 59
54, 580, 60
54, 590, 61
56, 600, 60
58, 610, 64
['no' 'yes' 'no' 'no' 'no' 'no' 'no' 'no']
['no' 'no' 'no' 'no' 'no' 'no' 'no' 'no' 'no' 'no']
52, 610, 64
53, 620, 58
54, 630, 59
55, 640, 60
56, 650, 62
57, 660, 64
['no' 'no' 'no' 'no' 'no']
['no' 'no' 'no' 'no' 'no' 'no' 'no' 'no' 'no' 'no']
54, 660, 64
56, 670, 60
58, 680, 62
58, 690, 68
58, 700, 66
58, 710, 65
['no' 'no' 'no' 'no' 'no' 'no']
['no' 'no' 'no' 'no' 'no' 'no' 'no' 'no' 'no' 'no']
54, 710, 65
57, 720, 61
59, 730, 65
59, 740, 67
59, 750, 66
60, 760, 67
['no' 'no' 'yes' 'no' 'no' 'no' 'no']
['no' 'no' 'no' 'no' 'no' 'no' 'no' 'no' 'no' 'no']
55, 760, 67
55, 770, 61
56, 780, 63
56, 790, 63
57, 800, 62
59, 810, 65
['no' 'no' 'no' 'no']
['no' 'no' 'no' 'no' 'no' 'no' 'no' 'no' 'no' 'no']
58, 810, 65
59, 820, 63
59, 830, 65
60, 840, 64
62, 850, 65
63, 860, 67
['no' 'no' 'no' 'no' 'no' 'no' 'no' 'no']
['no' 'no' 'no' 'no' 'no' 'no' 'no' 'no' 'no' 'no']
58, 860, 67
59, 870, 63
60, 880, 65
61, 890, 65
61, 900, 67
63, 910, 67
['no' 'no' 'no' 'no' 'no' 'no']
['no' 'no' 'no' 'no' 'no' 'no' 'no' 'no' 'no' 'no']
59, 910, 67
61, 920, 65
62, 930, 69
64, 940, 69
64, 950, 71
65, 960, 70
['no' 'no' 'no' 'no' 'no' 'no']
['no' 'no' 'no' 'no' 'no' 'no' 'no' 'no' 'no' 'no']
63, 960, 70
64, 970, 68
64, 980, 69
65, 990, 68
65, 1000, 70
65, 1010, 71
['no' 'no' 'no' 'no' 'no' 'no']
['no' 'no' 'no' 'no' 'no' 'no' 'no' 'no' 'no' 'no']
59, 1010, 71
59, 1020, 64
60, 1030, 64
62, 1040, 65
62, 1050, 68
63, 1060, 67
['no' 'no' 'no' 'no']
['no' 'no' 'no' 'no' 'no' 'no' 'no' 'no' 'no' 'no']
60, 1060, 67
61, 1070, 65
61, 1080, 67
61, 1090, 67
62, 1100, 67
63, 1110, 68
['no' 'no' 'no']
['no' 'no' 'no' 'no' 'no' 'no' 'no' 'no' 'no' 'no']
64, 1110, 68
65, 1120, 70
65, 1130, 72
66, 1140, 71
67, 1150, 71
67, 1160, 74
['no' 'no' 'no' 'no' 'no' 'no' 'no']
['no' 'no' 'no' 'no' 'no' 'no' 'no' 'no' 'no' 'no']
63, 1160, 74
64, 1170, 68
65, 1180, 68
66, 1190, 71
67, 1200, 74
67, 1210, 75
['no' 'yes' 'no' 'no' 'no' 'no']
['no' 'no' 'no' 'no' 'no' 'no' 'no' 'no' 'no' 'no']
64, 1210, 75
66, 1220, 70
67, 1230, 74
69, 1240, 76
70, 1250, 79
72, 1260, 81
['no' 'no' 'no' 'no' 'no' 'no' 'no' 'no' 'no' 'no']
['no' 'no' 'no' 'no' 'no' 'no' 'no' 'no' 'no' 'no']
67, 1260, 81
70, 1270, 75
70, 1280, 78
72, 1290, 77
73, 1300, 81
75, 1310, 84
['no' 'no' 'no' 'no' 'no' 'no' 'no' 'no' 'no' 'no']
['no' 'no' 'no' 'no' 'no' 'no' 'no' 'no' 'no' 'no']
68, 1310, 84
69, 1320, 74
70, 1330, 75
71, 1340, 77
72, 1350, 77
72, 1360, 80
['no' 'no' 'no' 'no']
['no' 'no' 'no' 'no' 'no' 'no' 'no' 'no' 'no' 'no']
71, 1360, 80
74, 1370, 78
76, 1380, 84
77, 1390, 84
78, 1400, 85
79, 1410, 87
['no' 'no' 'no' 'no' 'no' 'no' 'yes' 'no' 'no' 'no']
['no' 'no' 'no' 'no' 'no' 'no' 'no' 'no' 'no' 'no']
73, 1410, 87
75, 1420, 79
75, 1430, 80
75, 1440, 81
77, 1450, 80
80, 1460, 85
['no' 'no' 'no' 'no' 'no' 'no' 'no' 'no' 'no' 'no']
['no' 'no' 'no' 'no' 'no' 'no' 'no' 'no' 'no' 'no']
74, 1460, 85
75, 1470, 81
77, 1480, 79
79, 1490, 84
79, 1500, 86
79, 1510, 87
['no' 'no' 'no' 'no' 'no' 'no']
['no' 'no' 'no' 'no' 'no' 'no' 'no' 'no' 'no' 'no']
73, 1510, 87
74, 1520, 77
77, 1530, 79
78, 1540, 83
78, 1550, 85
79, 1560, 84
['no' 'no' 'no' 'no' 'no' 'no']
['no' 'no' 'no' 'no' 'no' 'no' 'no' 'no' 'no' 'no']
74, 1560, 84
75, 1570, 78
76, 1580, 80
76, 1590, 81
77, 1600, 82
78, 1610, 82
['no' 'no' 'no' 'no']
['no' 'no' 'no' 'no' 'no' 'no' 'no' 'no' 'no' 'no']
['no' 'no' 'no' 'no']
['no' 'no' 'no' 'no' 'no' 'no' 'no' 'no' 'no' 'no']
{'count': 2292, 'truepos': 45, 'falseneg': 1, 'unknownyes': 2, 'falsepos': 33, 'unique': 1610}
40: Danijel.csv: machine3: 0, 0
4, 10
5, 20, 115
7, 30, 105
7, 40, 98
8, 50, 64
10, 60, 53
null
[]
12, 70, 56
14, 80, 52
15, 90, 51
17, 100, 45
20, 110, 48
23, 120, 52
null
['no']
23, 120, 52
25, 130, 53
25, 140, 51
27, 150, 48
28, 160, 49
29, 170, 49
null
[]
32, 180, 48
33, 190, 49
35, 200, 51
36, 210, 49
37, 220, 52
38, 230, 52
null
['no' 'no' 'no' 'no' 'no' 'no' 'no' 'no' 'no' 'no']
38, 230, 52
38, 240, 54
39, 250, 51
40, 260, 53
40, 270, 54
41, 280, 51
null
['no' 'no' 'no' 'no' 'no' 'no' 'no' 'yes' 'no' 'no']
41, 280, 51
42, 290, 51
42, 300, 54
44, 310, 52
44, 320, 55
44, 330, 55
null
['no' 'no' 'no' 'no' 'no' 'no' 'no' 'no' 'no' 'no']
44, 330, 55
44, 340, 55
44, 350, 57
45, 360, 56
45, 370, 54
46, 380, 54
null
['no' 'no' 'no' 'no' 'no' 'no' 'no' 'no' 'no' 'no']
46, 380, 54
46, 390, 57
46, 400, 54
47, 410, 53
47, 420, 56
47, 430, 55
null
['no' 'no' 'no' 'no' 'no' 'no' 'no' 'no' 'no' 'no']
47, 430, 55
48, 440, 58
48, 450, 56
48, 460, 55
48, 470, 55
48, 480, 55
null
['no' 'no' 'no' 'no' 'no' 'no' 'no' 'no' 'no' 'no']
48, 480, 55
49, 490, 55
49, 500, 57
49, 510, 57
50, 520, 55
50, 530, 58
null
['no' 'no' 'no' 'no' 'no' 'no' 'no' 'no' 'no' 'no']
50, 530, 58
50, 540, 57
50, 550, 56
51, 560, 54
51, 570, 56
51, 580, 58
null
['no' 'no' 'no' 'no' 'no' 'no' 'no' 'no' 'no' 'no']
51, 580, 58
51, 590, 58
52, 600, 57
52, 610, 58
52, 620, 59
52, 630, 58
null
['no' 'no' 'no' 'no' 'no' 'no' 'no' 'no' 'no' 'no']
52, 630, 58
52, 640, 57
54, 650, 57
54, 660, 59
55, 670, 62
55, 680, 61
null
['no' 'no' 'no' 'no' 'no' 'no' 'no' 'no' 'no' 'no']
55, 680, 61
55, 690, 61
55, 700, 60
55, 710, 61
56, 720, 64
57, 730, 64
null
['no' 'no' 'no' 'no' 'no' 'no' 'no' 'no' 'no' 'no']
58, 730, 64
58, 740, 65
58, 750, 68
58, 760, 71
58, 770, 65
58, 780, 63
null
['no' 'no' 'no' 'no' 'no' 'no' 'no' 'no' 'no' 'no']
58, 780, 63
59, 790, 66
59, 800, 68
59, 810, 66
59, 820, 65
61, 830, 67
null
['no' 'no' 'no' 'no' 'no' 'no' 'no' 'no' 'no' 'no']
61, 830, 67
61, 840, 70
61, 850, 68
61, 860, 69
61, 870, 68
61, 880, 70
null
['no' 'no' 'no' 'no' 'no' 'no' 'no' 'yes' 'no' 'no']
62, 880, 70
62, 890, 68
63, 900, 67
63, 910, 69
63, 920, 70
63, 930, 69
null
['no' 'no' 'no' 'no' 'no' 'no' 'no' 'no' 'no' 'no']
63, 930, 69
63, 940, 70
63, 950, 71
63, 960, 69
63, 970, 68
63, 980, 68
null
['no' 'no' 'no' 'no' 'no' 'no' 'no' 'no' 'no' 'no']
63, 980, 68
64, 990, 68
65, 1000, 69
65, 1010, 70
65, 1020, 72
65, 1030, 70
null
['no' 'no' 'no' 'no' 'no' 'no' 'no' 'no' 'no' 'yes']
65, 1030, 70
65, 1040, 71
null
['no' 'no' 'no' 'no' 'no' 'no' 'no' 'no' 'no' 'no']
{'count': 1475, 'truepos': 43, 'falseneg': 2, 'unknownyes': 3, 'falsepos': 22, 'unique': 1040}
40: Danijel.csv: machine4: 0, 0
4, 10
5, 20, 128
5, 30, 114
7, 40, 94
8, 50, 81
8, 60, 66
8, 70, 56
10, 80, 49
14, 90, 46
16, 100, 56
16, 110, 54
19, 120, 48
23, 130, 53
24, 140, 59
25, 150, 55
27, 160, 53
30, 170, 53
31, 180, 48
32, 190, 48
34, 200, 46
35, 210, 50
37, 220, 49
37, 230, 53
37, 240, 51
37, 250, 48
37, 260, 50
38, 270, 54
40, 280, 51
41, 290, 52
41, 300, 55
41, 310, 53
41, 320, 51
41, 330, 52
42, 340, 49
42, 350, 51
42, 360, 53
42, 370, 51
43, 380, 50
43, 390, 52
43, 400, 54
44, 410, 49
45, 420, 51
45, 430, 51
45, 440, 53
45, 450, 52
45, 460, 50
46, 470, 51
47, 480, 51
48, 490, 54
48, 500, 56
48, 510, 59
49, 520, 55
50, 530, 57
50, 540, 56
50, 550, 57
50, 560, 57
50, 570, 59
50, 580, 57
50, 590, 56
50, 600, 56
52, 610, 55
52, 620, 57
52, 630, 57
52, 640, 57
52, 650, 57
52, 660, 57
53, 670, 56
53, 680, 57
53, 690, 57
54, 700, 56
54, 710, 59
54, 720, 58
54, 730, 59
54, 740, 57
55, 750, 57
56, 760, 60
56, 770, 63
57, 780, 61
58, 790, 62
58, 800, 63
58, 810, 62
58, 820, 62
58, 830, 62
58, 840, 62
58, 850, 62
58, 860, 62
{'count': 1075, 'truepos': 41, 'falseneg': 5, 'unknownyes': 2, 'falsepos': 17, 'unique': 860}
40: K_all3.csv: none: 0, 0
2, 10
4, 20, 72
6, 30, 65
10, 40, 62
13, 50, 64
15, 60, 65
17, 70, 66
18, 80, 64
21, 90, 59
26, 100, 60
27, 110, 67
29, 120, 63
30, 130, 61
31, 140, 47
31, 150, 47
32, 160, 45
34, 170, 44
36, 180, 48
38, 190, 52
40, 200, 56
44, 210, 59
44, 220, 70
45, 230, 63
47, 240, 64
47, 250, 74
48, 260, 69
49, 270, 70
50, 280, 64
53, 290, 71
54, 300, 74
57, 310, 76
58, 320, 72
59, 330, 71
60, 340, 72
61, 350, 69
62, 360, 69
63, 370, 72
65, 380, 71
67, 390, 71
68, 400, 74
70, 410, 74
71, 420, 75
74, 430, 76
76, 440, 79
{'count': 440, 'truepos': 30, 'falseneg': 2, 'unknownyes': 13, 'falsepos': 46, 'unique': 440}
40: K_all3.csv: three: 0, 0
2, 10
3, 20, 69
4, 30, 64
8, 40, 60
9, 50, 61
11, 60, 55
13, 70, 59
15, 80, 57
15, 90, 55
15, 100, 49
17, 110, 46
20, 120, 47
21, 130, 50
21, 140, 47
24, 150, 45
25, 160, 48
25, 170, 46
27, 180, 44
27, 190, 46
28, 200, 45
28, 210, 46
29, 220, 45
29, 230, 45
29, 240, 45
30, 250, 45
30, 260, 38
30, 270, 41
31, 280, 37
31, 290, 39
31, 300, 38
31, 310, 37
31, 320, 37
31, 330, 36
31, 340, 35
31, 350, 34
31, 360, 34
31, 370, 34
33, 380, 33
34, 390, 37
34, 400, 37
35, 410, 37
36, 420, 38
38, 430, 39
{'count': 938, 'truepos': 34, 'falseneg': 1, 'unknownyes': 10, 'falsepos': 4, 'unique': 430}
40: K_all3.csv: machine: 0, 0
1, 10
2, 20, 92
4, 30, 63
9, 40, 60
11, 50, 70
13, 60, 63
['yes' 'no' 'yes' 'no' 'yes' 'yes' 'no' 'yes' 'yes' 'yes']
[]
10, 60, 63
10, 70, 65
13, 80, 53
15, 90, 58
16, 100, 58
17, 110, 56
['no' 'yes' 'yes' 'yes' 'no' 'no' 'no' 'no' 'yes' 'no']
['no' 'no' 'no']
11, 110, 56
12, 120, 52
14, 130, 51
17, 140, 51
18, 150, 52
23, 160, 51
['yes' 'no' 'yes' 'yes' 'yes' 'no' 'yes' 'no' 'yes' 'no']
['no' 'no']
16, 160, 51
19, 170, 51
21, 180, 54
23, 190, 55
26, 200, 55
27, 210, 58
['no' 'yes' 'no' 'no' 'no' 'yes' 'no' 'no' 'no' 'no']
[]
21, 210, 58
23, 220, 51
26, 230, 50
27, 240, 54
28, 250, 53
30, 260, 52
['yes' 'no' 'no' 'yes' 'no' 'yes' 'yes' 'no' 'yes' 'yes']
['no' 'no' 'no' 'no' 'no' 'no' 'no' 'no' 'no' 'no']
30, 260, 52
33, 270, 49
36, 280, 46
36, 290, 47
38, 300, 45
41, 310, 49
['no' 'yes' 'no' 'no' 'no' 'no' 'no' 'no' 'yes' 'no']
['yes' 'no' 'no' 'no' 'no' 'no' 'no' 'no' 'no' 'no']
36, 310, 49
37, 320, 46
38, 330, 44
41, 340, 44
42, 350, 47
43, 360, 48
['no' 'no' 'no' 'no' 'no' 'no' 'yes' 'no' 'yes' 'no']
['no' 'no' 'no' 'no' 'no' 'yes' 'no' 'no' 'no' 'no']
37, 360, 48
40, 370, 41
42, 380, 47
43, 390, 48
46, 400, 47
47, 410, 53
['no' 'no' 'yes' 'no' 'no' 'no' 'no' 'no' 'no' 'no']
['no' 'no' 'no' 'no' 'no' 'no' 'no' 'no' 'no' 'no']
39, 410, 53
['no' 'no' 'no' 'no' 'yes' 'yes' 'no']
['no' 'no' 'no' 'no' 'no' 'no' 'no' 'no' 'no' 'no']
{'count': 552, 'truepos': 29, 'falseneg': 3, 'unknownyes': 13, 'falsepos': 8, 'unique': 410}
40: K_all3.csv: machine2: 0, 0
1, 10
3, 20, 93
4, 30, 63
7, 40, 60
9, 50, 62
11, 60, 59
['yes' 'yes' 'yes' 'yes' 'yes' 'no' 'yes' 'no' 'yes' 'yes']
['no']
8, 60, 59
12, 70, 53
16, 80, 52
16, 90, 56
18, 100, 50
21, 110, 52
['yes' 'no' 'no' 'yes' 'yes' 'no' 'yes' 'no' 'no' 'yes']
['no']
16, 110, 52
17, 120, 50
21, 130, 47
26, 140, 52
26, 150, 59
27, 160, 54
['no' 'yes' 'yes' 'no' 'no' 'yes' 'yes' 'no' 'no' 'yes']
[]
22, 160, 54
25, 170, 49
27, 180, 52
29, 190, 53
30, 200, 55
30, 210, 39
['no' 'yes' 'yes' 'no' 'yes' 'no' 'yes' 'yes' 'no' 'yes']
['no' 'no' 'no' 'no' 'no' 'no' 'no' 'no' 'no' 'no']
28, 210, 39
31, 220, 48
31, 230, 41
34, 240, 37
35, 250, 43
37, 260, 42
['no' 'no' 'no' 'yes' 'no' 'no' 'no' 'no' 'no' 'no']
['no' 'no' 'no' 'no' 'no' 'no' 'no' 'no' 'no' 'no']
33, 260, 42
37, 270, 38
37, 280, 45
38, 290, 43
39, 300, 46
41, 310, 46
['no' 'no' 'no' 'no' 'no' 'yes' 'yes' 'yes' 'no' 'no']
['no' 'no' 'no' 'no' 'no' 'no' 'no' 'no' 'no' 'no']
36, 310, 46
37, 320, 41
37, 330, 43
40, 340, 42
40, 350, 47
42, 360, 45
['no' 'no' 'no' 'no' 'no' 'no' 'no' 'yes' 'no' 'no']
['no' 'no' 'no' 'no' 'no' 'no' 'no' 'no' 'no' 'no']
35, 360, 45
35, 370, 38
37, 380, 39
39, 390, 41
41, 400, 43
43, 410, 46
['no' 'no' 'yes' 'no' 'yes' 'no' 'no' 'no' 'no' 'yes']
['no' 'no' 'no' 'no' 'no' 'no' 'no' 'no' 'no' 'no']
39, 410, 46
39, 420, 43
40, 430, 42
41, 440, 43
44, 450, 44
45, 460, 47
['no' 'no' 'yes' 'no' 'no' 'no' 'no']
['no' 'no' 'no' 'no' 'no' 'no' 'no' 'no' 'no' 'no']
['no' 'no' 'no' 'no' 'no' 'yes' 'no']
['no' 'no' 'no' 'no' 'no' 'no' 'no' 'no' 'no' 'no']
{'count': 656, 'truepos': 32, 'falseneg': 4, 'unknownyes': 9, 'falsepos': 7, 'unique': 460}
40: K_all3.csv: machine3: 0, 0
1, 10
1, 20, 93
2, 30, 83
2, 40, 61
4, 50, 61
5, 60, 56
null
[]
6, 70, 50
7, 80, 47
8, 90, 44
10, 100, 44
10, 110, 44
11, 120, 40
null
[]
12, 130, 42
16, 140, 41
18, 150, 46
18, 160, 47
19, 170, 45
20, 180, 45
null
[]
20, 190, 45
20, 200, 44
22, 210, 42
23, 220, 44
24, 230, 44
25, 240, 45
null
['yes' 'yes']
27, 240, 45
27, 250, 46
28, 260, 45
28, 270, 46
29, 280, 45
29, 290, 46
null
['no']
29, 290, 46
32, 300, 45
33, 310, 41
33, 320, 41
34, 330, 41
35, 340, 41
null
['no' 'no' 'no' 'no' 'yes' 'no' 'yes' 'no' 'no' 'no']
36, 340, 41
37, 350, 40
37, 360, 45
38, 370, 44
38, 380, 43
40, 390, 43
null
['no' 'no' 'no' 'no' 'no' 'no' 'no' 'no' 'no' 'yes']
42, 390, 43
43, 400, 50
43, 410, 47
43, 420, 47
43, 430, 48
44, 440, 47
null
['no' 'no' 'no' 'no' 'no' 'no' 'no' 'no' 'no' 'no']
44, 440, 47
44, 450, 50
44, 460, 48
44, 470, 48
44, 480, 48
45, 490, 47
null
['no' 'no' 'no' 'no' 'no' 'no' 'no' 'no' 'no' 'no']
null
['no' 'no' 'no' 'no' 'no' 'no' 'no' 'no' 'no' 'no']
{'count': 663, 'truepos': 35, 'falseneg': 2, 'unknownyes': 8, 'falsepos': 10, 'unique': 490}
40: K_all3.csv: machine4: 0, 0
1, 10
4, 20, 92
5, 30, 67
6, 40, 59
9, 50, 47
10, 60, 53
12, 70, 46
15, 80, 47
18, 90, 47
19, 100, 52
20, 110, 49
22, 120, 49
23, 130, 50
24, 140, 48
25, 150, 47
25, 160, 46
26, 170, 45
27, 180, 45
29, 190, 45
30, 200, 47
32, 210, 43
34, 220, 41
34, 230, 44
34, 240, 47
34, 250, 44
34, 260, 40
35, 270, 40
35, 280, 40
35, 290, 41
36, 300, 40
36, 310, 41
36, 320, 40
36, 330, 41
37, 340, 41
37, 350, 40
38, 360, 40
{'count': 441, 'truepos': 31, 'falseneg': 1, 'unknownyes': 13, 'falsepos': 7, 'unique': 360}

------------------------------------------------------------
Sender: LSF System <lsfadmin@n2b2-3>
Subject: Job 299606: </share/tjmenzie/zyu9/miniconda2/bin/python2.7 runner.py error_hpcc 40> Done

Job </share/tjmenzie/zyu9/miniconda2/bin/python2.7 runner.py error_hpcc 40> was submitted from host <login01.hpc.ncsu.edu> by user <zyu9> in cluster <henry2>.
Job was executed on host(s) <2*n2b2-3>, in queue <single_chassis>, as user <zyu9> in cluster <henry2>.
</home/zyu9> was used as the home directory.
</home/zyu9/projects/MAR_HPC/Error/src> was used as the working directory.
Started at Mon Nov  6 09:14:01 2017
Results reported at Mon Nov  6 16:37:14 2017

Your job looked like:

------------------------------------------------------------
# LSBATCH: User input
/share/tjmenzie/zyu9/miniconda2/bin/python2.7 runner.py error_hpcc 40
------------------------------------------------------------

Successfully completed.

Resource usage summary:

    CPU time   :  29395.67 sec.
    Max Memory :       178 MB
    Max Swap   :      1195 MB

    Max Processes  :         3
    Max Threads    :         8

The output (if any) is above this job summary.



PS:

Read file <./err/40.err.299606> for stderr output of this job.

