42: Hall.csv: none: 0, 0
7, 10
9, 20, 114
11, 30, 120
14, 40, 118
15, 50, 121
21, 60, 116
23, 70, 135
30, 80, 135
35, 90, 109
43, 100, 111
50, 110, 119
57, 120, 124
60, 130, 128
63, 140, 120
69, 150, 109
72, 160, 118
76, 170, 118
83, 180, 113
84, 190, 124
86, 200, 118
89, 210, 118
94, 220, 123
95, 230, 133
99, 240, 128
103, 250, 131
105, 260, 150
106, 270, 136
108, 280, 148
109, 290, 139
112, 300, 146
115, 310, 155
116, 320, 153
117, 330, 162
120, 340, 162
121, 350, 173
121, 360, 163
122, 370, 157
124, 380, 154
126, 390, 156
128, 400, 159
130, 410, 161
131, 420, 168
133, 430, 167
135, 440, 168
135, 450, 176
135, 460, 166
136, 470, 168
137, 480, 178
137, 490, 169
137, 500, 177
139, 510, 167
141, 520, 168
141, 530, 172
144, 540, 169
145, 550, 172
147, 560, 178
148, 570, 187
148, 580, 177
149, 590, 177
150, 600, 172
154, 610, 186
154, 620, 183
155, 630, 179
157, 640, 182
157, 650, 179
157, 660, 188
158, 670, 175
159, 680, 180
159, 690, 183
160, 700, 184
161, 710, 181
162, 720, 179
165, 730, 178
165, 740, 195
167, 750, 185
168, 760, 190
170, 770, 197
171, 780, 200
172, 790, 202
172, 800, 210
172, 810, 195
173, 820, 200
174, 830, 202
175, 840, 201
179, 850, 202
179, 860, 210
179, 870, 207
181, 880, 206
183, 890, 208
184, 900, 211
185, 910, 215
187, 920, 212
188, 930, 219
188, 940, 216
189, 950, 225
189, 960, 218
193, 970, 219
193, 980, 223
193, 990, 231
193, 1000, 225
193, 1010, 224
194, 1020, 220
194, 1030, 224
194, 1040, 226
194, 1050, 223
194, 1060, 222
196, 1070, 220
199, 1080, 222
200, 1090, 225
200, 1100, 227
203, 1110, 231
206, 1120, 243
207, 1130, 247
208, 1140, 247
209, 1150, 243
213, 1160, 240
213, 1170, 256
216, 1180, 258
218, 1190, 254
219, 1200, 260
220, 1210, 258
220, 1220, 264
221, 1230, 252
221, 1240, 261
221, 1250, 260
222, 1260, 257
222, 1270, 260
223, 1280, 256
225, 1290, 257
227, 1300, 261
229, 1310, 262
229, 1320, 268
233, 1330, 264
233, 1340, 274
235, 1350, 271
235, 1360, 269
235, 1370, 266
235, 1380, 268
236, 1390, 263
237, 1400, 268
238, 1410, 269
240, 1420, 261
241, 1430, 268
243, 1440, 270
243, 1450, 274
244, 1460, 273
245, 1470, 274
245, 1480, 271
246, 1490, 275
246, 1500, 272
246, 1510, 275
248, 1520, 275
248, 1530, 278
248, 1540, 275
249, 1550, 280
250, 1560, 280
253, 1570, 282
254, 1580, 284
256, 1590, 282
258, 1600, 292
258, 1610, 298
259, 1620, 291
261, 1630, 293
263, 1640, 296
264, 1650, 298
267, 1660, 300
268, 1670, 299
268, 1680, 305
269, 1690, 300
269, 1700, 310
271, 1710, 304
271, 1720, 305
272, 1730, 302
274, 1740, 304
275, 1750, 310
275, 1760, 311
275, 1770, 310
276, 1780, 315
277, 1790, 305
278, 1800, 313
280, 1810, 306
282, 1820, 310
284, 1830, 313
285, 1840, 313
287, 1850, 312
288, 1860, 316
288, 1870, 315
288, 1880, 317
289, 1890, 316
289, 1900, 323
289, 1910, 322
291, 1920, 316
292, 1930, 322
294, 1940, 323
294, 1950, 328
296, 1960, 323
299, 1970, 322
299, 1980, 326
301, 1990, 329
301, 2000, 338
302, 2010, 331
302, 2020, 336
303, 2030, 336
305, 2040, 336
306, 2050, 343
306, 2060, 346
306, 2070, 337
306, 2080, 339
307, 2090, 341
308, 2100, 338
311, 2110, 341
313, 2120, 346
314, 2130, 342
314, 2140, 348
315, 2150, 355
316, 2160, 352
317, 2170, 353
318, 2180, 356
319, 2190, 352
319, 2200, 352
320, 2210, 352
321, 2220, 350
322, 2230, 353
323, 2240, 355
323, 2250, 355
323, 2260, 355
323, 2270, 354
324, 2280, 354
324, 2290, 351
324, 2300, 350
324, 2310, 352
325, 2320, 352
327, 2330, 352
329, 2340, 357
329, 2350, 358
331, 2360, 356
331, 2370, 360
331, 2380, 357
331, 2390, 357
331, 2400, 354
334, 2410, 358
335, 2420, 359
336, 2430, 363
337, 2440, 361
338, 2450, 359
338, 2460, 366
338, 2470, 366
338, 2480, 365
339, 2490, 363
339, 2500, 365
339, 2510, 363
339, 2520, 362
339, 2530, 364
342, 2540, 362
342, 2550, 363
344, 2560, 363
344, 2570, 367
344, 2580, 372
345, 2590, 367
346, 2600, 370
347, 2610, 370
347, 2620, 371
347, 2630, 371
350, 2640, 369
351, 2650, 373
351, 2660, 373
351, 2670, 375
351, 2680, 371
353, 2690, 373
355, 2700, 374
358, 2710, 380
359, 2720, 380
360, 2730, 381
363, 2740, 383
364, 2750, 386
364, 2760, 388
365, 2770, 387
365, 2780, 387
366, 2790, 389
367, 2800, 387
369, 2810, 388
372, 2820, 391
374, 2830, 393
375, 2840, 397
377, 2850, 397
378, 2860, 399
380, 2870, 400
381, 2880, 407
381, 2890, 406
382, 2900, 405
382, 2910, 409
383, 2920, 404
384, 2930, 404
384, 2940, 408
{'count': 2940, 'truepos': 101, 'falseneg': 4, 'unknownyes': 1, 'falsepos': 283, 'unique': 2940}
42: Hall.csv: three: 0, 0
8, 10
10, 20, 126
10, 30, 124
12, 40, 117
16, 50, 93
18, 60, 109
20, 70, 85
25, 80, 86
28, 90, 98
32, 100, 97
36, 110, 80
41, 120, 86
44, 130, 89
50, 140, 81
56, 150, 88
59, 160, 102
64, 170, 95
70, 180, 97
74, 190, 99
76, 200, 106
79, 210, 107
82, 220, 107
85, 230, 110
89, 240, 105
94, 250, 109
95, 260, 116
96, 270, 116
96, 280, 114
97, 290, 110
97, 300, 112
98, 310, 112
99, 320, 110
101, 330, 113
101, 340, 113
103, 350, 111
105, 360, 125
105, 370, 127
107, 380, 124
107, 390, 127
108, 400, 126
108, 410, 136
108, 420, 128
110, 430, 127
110, 440, 130
112, 450, 125
113, 460, 130
113, 470, 131
113, 480, 134
113, 490, 130
113, 500, 131
113, 510, 130
113, 520, 128
113, 530, 124
114, 540, 129
114, 550, 127
114, 560, 127
114, 570, 126
114, 580, 127
115, 590, 125
115, 600, 129
116, 610, 130
116, 620, 131
116, 630, 132
116, 640, 131
116, 650, 127
117, 660, 130
118, 670, 132
118, 680, 131
118, 690, 133
118, 700, 130
118, 710, 130
118, 720, 133
118, 730, 130
118, 740, 129
118, 750, 129
118, 760, 129
118, 770, 127
118, 780, 128
118, 790, 128
119, 800, 127
119, 810, 130
120, 820, 130
121, 830, 132
122, 840, 132
122, 850, 133
123, 860, 133
123, 870, 134
123, 880, 133
123, 890, 133
123, 900, 133
123, 910, 132
124, 920, 132
124, 930, 134
124, 940, 134
124, 950, 133
125, 960, 134
125, 970, 134
126, 980, 134
126, 990, 140
127, 1000, 138
127, 1010, 141
128, 1020, 142
129, 1030, 143
130, 1040, 143
130, 1050, 143
130, 1060, 143
130, 1070, 142
130, 1080, 145
130, 1090, 143
130, 1100, 141
130, 1110, 142
131, 1120, 141
131, 1130, 144
131, 1140, 142
132, 1150, 143
133, 1160, 145
134, 1170, 147
134, 1180, 148
135, 1190, 147
135, 1200, 150
135, 1210, 146
136, 1220, 149
136, 1230, 152
137, 1240, 147
137, 1250, 148
137, 1260, 151
137, 1270, 148
137, 1280, 148
138, 1290, 151
138, 1300, 148
138, 1310, 150
138, 1320, 149
138, 1330, 149
138, 1340, 148
139, 1350, 149
139, 1360, 150
140, 1370, 148
140, 1380, 150
140, 1390, 151
141, 1400, 151
142, 1410, 154
143, 1420, 152
143, 1430, 156
143, 1440, 155
143, 1450, 156
144, 1460, 155
144, 1470, 157
144, 1480, 156
144, 1490, 155
144, 1500, 155
144, 1510, 156
144, 1520, 155
144, 1530, 155
144, 1540, 155
145, 1550, 154
145, 1560, 157
145, 1570, 156
145, 1580, 154
145, 1590, 155
145, 1600, 155
146, 1610, 157
146, 1620, 156
146, 1630, 156
146, 1640, 157
148, 1650, 156
148, 1660, 159
148, 1670, 160
148, 1680, 159
148, 1690, 158
149, 1700, 159
150, 1710, 160
150, 1720, 162
150, 1730, 161
150, 1740, 162
150, 1750, 161
150, 1760, 160
150, 1770, 159
150, 1780, 160
150, 1790, 160
150, 1800, 159
151, 1810, 160
152, 1820, 160
{'count': 3976, 'truepos': 101, 'falseneg': 2, 'unknownyes': 3, 'falsepos': 51, 'unique': 1820}
42: Hall.csv: machine: 0, 0
7, 10
7, 20, 117
12, 30, 106
15, 40, 111
21, 50, 109
24, 60, 120
['no' 'yes' 'yes' 'yes' 'yes' 'yes' 'yes' 'yes' 'no' 'yes']
['no']
23, 60, 120
24, 70, 118
27, 80, 114
30, 90, 124
35, 100, 99
38, 110, 107
['no' 'no' 'yes' 'no' 'no' 'yes' 'yes' 'yes' 'yes' 'yes']
['no' 'no' 'no' 'no' 'no' 'yes' 'yes' 'no' 'no' 'no']
39, 110, 107
42, 120, 92
47, 130, 95
54, 140, 94
60, 150, 99
63, 160, 113
['no' 'yes' 'yes' 'yes' 'yes' 'no' 'yes' 'yes' 'yes' 'no']
['yes' 'yes' 'yes' 'yes' 'no' 'no' 'no' 'yes' 'no' 'no']
66, 160, 113
69, 170, 110
75, 180, 105
76, 190, 105
83, 200, 97
87, 210, 112
['no' 'yes' 'yes' 'yes' 'yes' 'yes' 'yes' 'yes' 'yes' 'yes']
['no' 'no' 'no' 'no' 'no' 'no' 'no' 'no' 'no' 'no']
89, 210, 112
92, 220, 118
95, 230, 115
96, 240, 114
98, 250, 121
99, 260, 123
['no' 'no' 'yes' 'yes' 'yes' 'yes' 'no' 'yes' 'no' 'yes']
['no' 'no' 'no' 'no' 'no' 'no' 'no' 'no' 'no' 'no']
96, 260, 123
98, 270, 109
102, 280, 108
104, 290, 114
107, 300, 116
109, 310, 121
['no' 'no' 'no' 'yes' 'no' 'no' 'yes' 'yes' 'yes' 'yes']
['yes' 'no' 'no' 'no' 'no' 'no' 'no' 'no' 'no' 'no']
106, 310, 121
108, 320, 119
110, 330, 120
112, 340, 123
112, 350, 124
113, 360, 123
['no' 'no' 'no' 'no' 'no' 'yes' 'yes' 'yes' 'yes' 'yes']
['no' 'no' 'yes' 'no' 'no' 'no' 'no' 'no' 'no' 'no']
108, 360, 123
110, 370, 118
111, 380, 120
112, 390, 119
114, 400, 122
114, 410, 125
['no' 'yes' 'no' 'yes' 'yes' 'no' 'no' 'yes' 'yes' 'no']
['no' 'no' 'no' 'no' 'no' 'yes' 'no' 'yes' 'no' 'no']
115, 410, 125
115, 420, 126
115, 430, 124
117, 440, 123
121, 450, 129
121, 460, 136
['no' 'yes' 'no' 'yes' 'no' 'yes' 'no' 'yes' 'no' 'no']
['no' 'no' 'no' 'no' 'no' 'no' 'no' 'no' 'no' 'no']
115, 460, 136
116, 470, 122
117, 480, 127
117, 490, 127
119, 500, 126
121, 510, 128
['no' 'no' 'no' 'no' 'no' 'yes' 'yes' 'no' 'yes' 'no']
['no' 'no' 'no' 'yes' 'no' 'no' 'no' 'no' 'no' 'no']
117, 510, 128
117, 520, 126
118, 530, 128
118, 540, 125
118, 550, 126
121, 560, 125
['no' 'no' 'no' 'no' 'no' 'yes' 'no' 'yes' 'yes' 'yes']
['no' 'no' 'no' 'no' 'no' 'no' 'no' 'no' 'no' 'no']
['no' 'no' 'no' 'no' 'yes' 'no' 'yes' 'no' 'yes' 'yes']
['no' 'no' 'no' 'no' 'no' 'no' 'no' 'no' 'no' 'no']
{'count': 771, 'truepos': 98, 'falseneg': 3, 'unknownyes': 5, 'falsepos': 18, 'unique': 560}
42: Hall.csv: machine2: 0, 0
8, 10
10, 20, 121
11, 30, 127
15, 40, 122
17, 50, 118
19, 60, 114
['no' 'yes' 'yes' 'yes' 'yes' 'yes' 'yes' 'no' 'yes' 'yes']
['no']
18, 60, 114
24, 70, 111
26, 80, 124
26, 90, 120
29, 100, 105
33, 110, 110
['yes' 'no' 'no' 'yes' 'yes' 'yes' 'yes' 'no' 'yes' 'yes']
['no' 'no' 'no' 'no' 'no' 'no' 'no' 'no' 'no' 'no']
32, 110, 110
38, 120, 89
47, 130, 96
53, 140, 100
59, 150, 104
62, 160, 108
['yes' 'yes' 'yes' 'yes' 'yes' 'yes' 'yes' 'yes' 'yes' 'no']
['no' 'no' 'no' 'no' 'no' 'no' 'no' 'no' 'no' 'no']
62, 160, 108
66, 170, 107
68, 180, 105
75, 190, 102
78, 200, 111
80, 210, 110
['yes' 'yes' 'yes' 'no' 'yes' 'yes' 'yes' 'yes' 'no' 'yes']
['no' 'no' 'no' 'no' 'no' 'no' 'no' 'no' 'no' 'yes']
81, 210, 110
84, 220, 102
88, 230, 102
91, 240, 103
92, 250, 108
97, 260, 106
['no' 'no' 'yes' 'yes' 'yes' 'yes' 'yes' 'no' 'yes' 'yes']
['no' 'no' 'no' 'yes' 'no' 'no' 'no' 'no' 'no' 'yes']
97, 260, 106
100, 270, 119
102, 280, 122
105, 290, 122
106, 300, 122
111, 310, 120
['yes' 'no' 'no' 'yes' 'yes' 'no' 'yes' 'yes' 'yes' 'yes']
['no' 'no' 'no' 'no' 'no' 'no' 'no' 'no' 'no' 'no']
111, 310, 120
112, 320, 128
113, 330, 127
117, 340, 126
118, 350, 131
120, 360, 131
['no' 'no' 'yes' 'no' 'yes' 'no' 'no' 'yes' 'yes' 'yes']
['yes' 'no' 'no' 'no' 'no' 'no' 'no' 'no' 'no' 'no']
117, 360, 131
119, 370, 131
120, 380, 133
120, 390, 144
122, 400, 139
125, 410, 136
['no' 'no' 'no' 'no' 'no' 'no' 'yes' 'no' 'yes' 'yes']
['no' 'no' 'no' 'no' 'no' 'no' 'no' 'no' 'no' 'no']
119, 410, 136
121, 420, 131
122, 430, 134
123, 440, 135
124, 450, 136
124, 460, 136
['no' 'no' 'no' 'no' 'no' 'no' 'no' 'yes' 'no' 'no']
['no' 'no' 'no' 'no' 'no' 'no' 'no' 'no' 'yes' 'no']
117, 460, 136
119, 470, 126
119, 480, 129
121, 490, 128
122, 500, 132
125, 510, 135
['no' 'no' 'no' 'no' 'yes' 'no' 'yes' 'no' 'yes' 'yes']
['no' 'no' 'no' 'no' 'no' 'no' 'no' 'no' 'no' 'no']
122, 510, 135
124, 520, 136
126, 530, 139
127, 540, 142
128, 550, 148
132, 560, 147
['no' 'no' 'no' 'no' 'yes' 'no' 'no' 'yes' 'yes' 'yes']
['no' 'no' 'no' 'no' 'no' 'no' 'no' 'no' 'no' 'no']
127, 560, 147
127, 570, 147
128, 580, 141
128, 590, 147
128, 600, 145
130, 610, 145
['no' 'yes' 'no' 'no' 'no' 'no' 'no' 'yes' 'yes' 'yes']
['no' 'no' 'no' 'no' 'no' 'no' 'no' 'no' 'no' 'no']
126, 610, 145
127, 620, 141
128, 630, 142
128, 640, 144
129, 650, 144
131, 660, 143
['no' 'no' 'no' 'no' 'no' 'no' 'no' 'no' 'no' 'no']
['no' 'no' 'no' 'no' 'no' 'no' 'no' 'no' 'yes' 'no']
125, 660, 143
125, 670, 136
125, 680, 135
126, 690, 134
126, 700, 136
127, 710, 138
['no' 'no' 'no' 'yes' 'no' 'no' 'no' 'no' 'no' 'yes']
['no' 'no' 'no' 'no' 'no' 'no' 'no' 'no' 'no' 'no']
118, 710, 138
119, 720, 125
['no' 'no' 'yes' 'yes' 'yes' 'yes' 'yes' 'yes' 'no' 'yes']
['no' 'no' 'no' 'no' 'no' 'no' 'no' 'no' 'no' 'no']
{'count': 1072, 'truepos': 101, 'falseneg': 1, 'unknownyes': 4, 'falsepos': 16, 'unique': 720}
42: Hall.csv: machine3: 0, 0
8, 10
11, 20, 123
12, 30, 129
14, 40, 124
16, 50, 134
20, 60, 120
null
['no' 'no']
20, 60, 120
23, 70, 122
24, 80, 122
28, 90, 109
29, 100, 116
33, 110, 109
null
['no' 'no' 'no' 'no' 'no' 'no' 'no' 'no' 'no' 'no']
33, 110, 109
37, 120, 101
39, 130, 105
44, 140, 104
50, 150, 109
53, 160, 120
null
['yes' 'no' 'no' 'no' 'yes' 'no' 'no' 'no' 'no' 'no']
55, 160, 120
60, 170, 102
64, 180, 99
68, 190, 104
71, 200, 106
74, 210, 107
null
['no' 'no' 'no' 'no' 'yes' 'no' 'no' 'no' 'no' 'no']
75, 210, 107
78, 220, 114
81, 230, 107
86, 240, 107
87, 250, 109
89, 260, 109
null
['no' 'no' 'no' 'no' 'no' 'no' 'no' 'no' 'yes' 'no']
90, 260, 109
93, 270, 116
95, 280, 112
96, 290, 114
96, 300, 118
98, 310, 113
null
['no' 'no' 'no' 'no' 'no' 'no' 'no' 'no' 'no' 'no']
98, 310, 113
101, 320, 114
103, 330, 127
104, 340, 125
104, 350, 126
104, 360, 122
null
['no' 'no' 'no' 'no' 'no' 'no' 'no' 'no' 'no' 'no']
104, 360, 122
104, 370, 124
106, 380, 120
106, 390, 122
106, 400, 118
106, 410, 121
null
['no' 'yes' 'no' 'no' 'no' 'no' 'no' 'no' 'no' 'no']
107, 410, 121
107, 420, 121
107, 430, 121
107, 440, 120
108, 450, 118
108, 460, 119
null
['no' 'no' 'no' 'no' 'no' 'no' 'no' 'no' 'no' 'no']
108, 460, 119
109, 470, 121
110, 480, 122
110, 490, 124
110, 500, 122
112, 510, 120
null
['no' 'no' 'no' 'no' 'no' 'no' 'no' 'no' 'no' 'no']
112, 510, 120
112, 520, 122
112, 530, 122
113, 540, 120
113, 550, 124
113, 560, 121
null
['no' 'no' 'no' 'no' 'no' 'no' 'no' 'no' 'no' 'no']
113, 560, 121
113, 570, 121
113, 580, 120
113, 590, 121
113, 600, 120
null
['no' 'yes' 'no' 'no' 'no' 'no' 'no' 'no' 'no' 'no']
{'count': 956, 'truepos': 100, 'falseneg': 2, 'unknownyes': 4, 'falsepos': 14, 'unique': 600}
42: Hall.csv: machine4: 0, 0
8, 10
11, 20, 121
12, 30, 126
13, 40, 125
21, 50, 114
22, 60, 141
24, 70, 130
27, 80, 130
29, 90, 130
31, 100, 123
37, 110, 92
42, 120, 102
47, 130, 99
51, 140, 104
57, 150, 91
60, 160, 104
65, 170, 97
70, 180, 98
75, 190, 105
76, 200, 114
80, 210, 108
81, 220, 101
85, 230, 101
86, 240, 104
87, 250, 104
89, 260, 103
90, 270, 106
93, 280, 102
94, 290, 112
95, 300, 110
96, 310, 107
96, 320, 112
96, 330, 108
96, 340, 109
96, 350, 106
98, 360, 105
99, 370, 112
99, 380, 113
99, 390, 109
99, 400, 109
99, 410, 110
100, 420, 108
100, 430, 111
100, 440, 115
100, 450, 109
100, 460, 111
101, 470, 106
101, 480, 112
101, 490, 110
101, 500, 110
102, 510, 109
102, 520, 109
102, 530, 109
103, 540, 110
103, 550, 111
103, 560, 109
103, 570, 109
105, 580, 109
105, 590, 112
105, 600, 113
106, 610, 111
106, 620, 112
106, 630, 112
106, 640, 112
106, 650, 112
106, 660, 112
{'count': 900, 'truepos': 96, 'falseneg': 6, 'unknownyes': 4, 'falsepos': 10, 'unique': 660}
42: Wahono.csv: none: 0, 0
6, 10
8, 20, 99
9, 30, 100
13, 40, 96
16, 50, 91
17, 60, 95
19, 70, 90
22, 80, 88
24, 90, 90
24, 100, 90
27, 110, 75
27, 120, 78
32, 130, 71
34, 140, 62
38, 150, 58
41, 160, 59
42, 170, 65
43, 180, 67
43, 190, 75
44, 200, 63
46, 210, 63
49, 220, 65
52, 230, 73
53, 240, 79
56, 250, 76
57, 260, 83
59, 270, 83
61, 280, 81
62, 290, 85
63, 300, 81
64, 310, 84
64, 320, 81
65, 330, 87
67, 340, 97
67, 350, 89
67, 360, 94
67, 370, 95
67, 380, 91
68, 390, 89
69, 400, 90
71, 410, 87
72, 420, 89
72, 430, 92
74, 440, 87
75, 450, 92
76, 460, 96
77, 470, 93
78, 480, 96
79, 490, 97
81, 500, 96
85, 510, 102
87, 520, 108
87, 530, 113
89, 540, 113
89, 550, 116
91, 560, 112
92, 570, 119
95, 580, 116
95, 590, 124
97, 600, 127
98, 610, 131
100, 620, 125
100, 630, 136
101, 640, 134
101, 650, 129
104, 660, 128
104, 670, 133
105, 680, 134
106, 690, 131
106, 700, 133
107, 710, 132
107, 720, 131
107, 730, 128
109, 740, 133
111, 750, 137
112, 760, 148
113, 770, 141
113, 780, 149
114, 790, 142
114, 800, 138
114, 810, 138
116, 820, 140
117, 830, 138
118, 840, 145
118, 850, 146
118, 860, 143
118, 870, 137
118, 880, 140
118, 890, 137
119, 900, 138
120, 910, 137
122, 920, 138
125, 930, 140
126, 940, 143
128, 950, 144
128, 960, 150
130, 970, 147
132, 980, 148
132, 990, 151
133, 1000, 149
135, 1010, 151
136, 1020, 153
139, 1030, 153
140, 1040, 153
140, 1050, 160
141, 1060, 157
141, 1070, 156
143, 1080, 155
143, 1090, 160
148, 1100, 159
148, 1110, 168
150, 1120, 166
150, 1130, 165
150, 1140, 164
151, 1150, 163
152, 1160, 167
154, 1170, 164
156, 1180, 167
157, 1190, 170
157, 1200, 170
157, 1210, 175
160, 1220, 170
162, 1230, 178
163, 1240, 177
166, 1250, 179
167, 1260, 177
168, 1270, 180
168, 1280, 179
170, 1290, 182
171, 1300, 188
172, 1310, 188
173, 1320, 190
173, 1330, 193
175, 1340, 188
176, 1350, 193
177, 1360, 194
180, 1370, 195
182, 1380, 202
182, 1390, 199
182, 1400, 199
184, 1410, 200
185, 1420, 202
185, 1430, 203
186, 1440, 201
189, 1450, 204
189, 1460, 209
189, 1470, 204
191, 1480, 203
193, 1490, 206
194, 1500, 207
194, 1510, 211
194, 1520, 211
194, 1530, 210
194, 1540, 208
196, 1550, 208
197, 1560, 210
197, 1570, 211
197, 1580, 212
198, 1590, 211
200, 1600, 212
201, 1610, 217
203, 1620, 214
206, 1630, 216
208, 1640, 220
211, 1650, 223
213, 1660, 226
214, 1670, 231
216, 1680, 226
217, 1690, 229
219, 1700, 231
{'count': 1700, 'truepos': 51, 'falseneg': 7, 'unknownyes': 4, 'falsepos': 168, 'unique': 1700}
42: Wahono.csv: three: 0, 0
6, 10
6, 20, 103
7, 30, 91
10, 40, 88
13, 50, 70
15, 60, 71
15, 70, 69
18, 80, 49
19, 90, 54
22, 100, 49
24, 110, 54
26, 120, 56
30, 130, 61
33, 140, 73
34, 150, 73
35, 160, 73
36, 170, 74
37, 180, 64
41, 190, 68
42, 200, 79
42, 210, 81
42, 220, 77
42, 230, 72
42, 240, 69
44, 250, 66
44, 260, 75
46, 270, 68
47, 280, 70
50, 290, 75
51, 300, 77
51, 310, 76
52, 320, 70
53, 330, 70
53, 340, 70
53, 350, 75
53, 360, 69
54, 370, 69
54, 380, 71
55, 390, 71
55, 400, 71
56, 410, 70
56, 420, 72
57, 430, 68
57, 440, 71
58, 450, 69
58, 460, 69
60, 470, 71
60, 480, 74
60, 490, 70
60, 500, 73
60, 510, 72
62, 520, 69
62, 530, 72
62, 540, 71
62, 550, 73
62, 560, 71
62, 570, 71
62, 580, 71
64, 590, 71
65, 600, 73
65, 610, 74
66, 620, 74
67, 630, 75
68, 640, 75
68, 650, 75
68, 660, 75
69, 670, 75
69, 680, 78
69, 690, 79
70, 700, 78
71, 710, 77
71, 720, 80
72, 730, 79
72, 740, 81
72, 750, 81
73, 760, 81
73, 770, 81
73, 780, 82
73, 790, 82
73, 800, 82
73, 810, 82
73, 820, 80
73, 830, 82
73, 840, 80
73, 850, 80
73, 860, 81
73, 870, 80
73, 880, 80
74, 890, 79
74, 900, 81
75, 910, 82
75, 920, 83
76, 930, 83
76, 940, 84
76, 950, 84
76, 960, 83
77, 970, 85
78, 980, 89
78, 990, 88
78, 1000, 86
79, 1010, 86
79, 1020, 87
79, 1030, 86
80, 1040, 86
80, 1050, 88
81, 1060, 87
81, 1070, 90
81, 1080, 89
81, 1090, 89
83, 1100, 90
83, 1110, 93
84, 1120, 92
84, 1130, 94
85, 1140, 93
86, 1150, 94
86, 1160, 96
86, 1170, 96
86, 1180, 95
86, 1190, 95
86, 1200, 95
86, 1210, 95
86, 1220, 95
87, 1230, 95
87, 1240, 95
87, 1250, 96
87, 1260, 97
88, 1270, 95
88, 1280, 95
88, 1290, 95
89, 1300, 95
89, 1310, 96
89, 1320, 97
89, 1330, 96
89, 1340, 95
89, 1350, 96
89, 1360, 95
89, 1370, 95
89, 1380, 95
89, 1390, 95
89, 1400, 95
90, 1410, 96
90, 1420, 95
90, 1430, 95
90, 1440, 95
90, 1450, 96
90, 1460, 96
90, 1470, 95
90, 1480, 96
91, 1490, 95
91, 1500, 96
91, 1510, 96
91, 1520, 97
93, 1530, 96
94, 1540, 98
94, 1550, 99
94, 1560, 99
94, 1570, 100
94, 1580, 99
94, 1590, 100
94, 1600, 99
95, 1610, 99
95, 1620, 101
{'count': 3531, 'truepos': 58, 'falseneg': 0, 'unknownyes': 4, 'falsepos': 37, 'unique': 1620}
42: Wahono.csv: machine: 0, 0
6, 10
6, 20, 99
9, 30, 95
9, 40, 96
14, 50, 64
15, 60, 71
['yes' 'yes' 'yes' 'yes' 'yes' 'yes' 'yes' 'yes' 'yes' 'no']
[]
15, 60, 71
18, 70, 58
19, 80, 58
22, 90, 49
23, 100, 56
24, 110, 55
['no' 'yes' 'yes' 'yes' 'no' 'no' 'yes' 'no' 'yes' 'yes']
[]
18, 110, 55
19, 120, 51
21, 130, 46
22, 140, 48
23, 150, 48
24, 160, 48
['no' 'no' 'yes' 'yes' 'yes' 'yes' 'yes' 'no' 'yes' 'yes']
['no']
20, 160, 48
21, 170, 47
22, 180, 48
22, 190, 49
23, 200, 48
25, 210, 50
['no' 'no' 'no' 'no' 'no']
['no']
20, 210, 50
23, 220, 48
25, 230, 54
28, 240, 57
30, 250, 59
32, 260, 49
['no' 'no' 'yes' 'yes' 'no' 'yes' 'no' 'no' 'no' 'yes']
['no' 'no' 'no' 'no' 'yes' 'no' 'no' 'no' 'no' 'no']
26, 260, 49
27, 270, 56
29, 280, 57
31, 290, 56
33, 300, 45
37, 310, 47
['no' 'no' 'no' 'yes' 'no' 'no' 'no' 'yes' 'no' 'yes']
['no' 'no' 'no' 'no' 'no' 'no' 'no' 'yes' 'no' 'no']
32, 310, 47
33, 320, 47
36, 330, 48
38, 340, 54
42, 350, 55
43, 360, 60
['no' 'yes' 'no' 'yes' 'yes' 'no' 'yes' 'yes' 'yes' 'yes']
['no' 'yes' 'no' 'no' 'no' 'no' 'no' 'no' 'no' 'yes']
43, 360, 60
43, 370, 61
44, 380, 61
47, 390, 65
50, 400, 70
50, 410, 80
['no' 'no' 'no' 'no' 'no' 'no' 'yes' 'yes' 'no' 'yes']
['no' 'no' 'no' 'no' 'no' 'no' 'no' 'no' 'no' 'no']
45, 410, 80
47, 420, 64
49, 430, 70
50, 440, 76
51, 450, 79
53, 460, 74
['no' 'yes' 'no' 'no' 'yes' 'no' 'yes' 'no' 'no' 'no']
['no' 'no' 'no' 'no' 'yes' 'yes' 'no' 'no' 'no' 'no']
53, 460, 74
55, 470, 79
55, 480, 80
55, 490, 78
56, 500, 78
56, 510, 80
['no' 'no' 'yes' 'no' 'no' 'yes' 'no' 'no']
['no' 'no' 'no' 'no' 'no' 'no' 'no' 'no' 'no' 'yes']
52, 510, 80
54, 520, 70
56, 530, 70
56, 540, 74
58, 550, 76
58, 560, 80
['no' 'no' 'yes' 'no' 'no' 'yes' 'yes' 'no']
['no' 'no' 'no' 'no' 'no' 'no' 'no' 'no' 'no' 'no']
55, 560, 80
55, 570, 73
56, 580, 71
56, 590, 74
57, 600, 75
57, 610, 74
['yes' 'no' 'no' 'no']
['no' 'no' 'no' 'no' 'no' 'no' 'no' 'yes' 'no' 'no']
56, 610, 74
56, 620, 72
56, 630, 69
57, 640, 69
57, 650, 69
61, 660, 71
['no' 'no' 'no' 'no' 'no' 'no' 'yes']
['no' 'no' 'no' 'no' 'no' 'no' 'no' 'no' 'no' 'no']
55, 660, 71
57, 670, 67
60, 680, 70
60, 690, 73
61, 700, 73
61, 710, 74
['no' 'no' 'no' 'no' 'no' 'no']
['no' 'no' 'no' 'no' 'no' 'no' 'no' 'no' 'no' 'no']
57, 710, 74
57, 720, 70
58, 730, 69
60, 740, 70
63, 750, 72
63, 760, 80
['no' 'no' 'no' 'no' 'no' 'no']
['no' 'no' 'no' 'no' 'no' 'no' 'no' 'no' 'no' 'no']
59, 760, 80
59, 770, 71
61, 780, 71
62, 790, 75
62, 800, 73
62, 810, 79
['no' 'no' 'no' 'no']
['no' 'no' 'no' 'no' 'no' 'no' 'no' 'no' 'no' 'no']
58, 810, 79
60, 820, 67
61, 830, 72
64, 840, 78
67, 850, 75
70, 860, 82
['no' 'no' 'no' 'no' 'no' 'no' 'no' 'no' 'yes' 'no']
['no' 'no' 'no' 'no' 'no' 'no' 'no' 'no' 'no' 'no']
62, 860, 82
62, 870, 80
65, 880, 73
66, 890, 78
66, 900, 78
68, 910, 78
['no' 'no' 'no' 'no' 'no' 'yes' 'no' 'no' 'no']
['no' 'no' 'no' 'no' 'no' 'no' 'no' 'no' 'no' 'no']
61, 910, 78
64, 920, 71
67, 930, 75
68, 940, 77
69, 950, 80
70, 960, 80
['yes' 'no' 'no' 'no' 'no' 'no' 'no' 'no' 'no' 'no']
['no' 'no' 'no' 'no' 'no' 'no' 'no' 'no' 'no' 'no']
61, 960, 80
62, 970, 68
62, 980, 72
63, 990, 72
64, 1000, 74
68, 1010, 74
['no' 'no' 'no' 'no' 'no' 'no' 'no']
['no' 'no' 'no' 'no' 'no' 'no' 'no' 'no' 'no' 'no']
62, 1010, 74
63, 1020, 69
63, 1030, 72
64, 1040, 71
65, 1050, 75
68, 1060, 75
['no' 'no' 'no' 'no' 'no' 'no' 'no']
['no' 'no' 'no' 'no' 'no' 'no' 'no' 'no' 'no' 'no']
62, 1060, 75
63, 1070, 70
63, 1080, 71
64, 1090, 71
65, 1100, 72
66, 1110, 74
['no' 'no' 'no' 'no']
['no' 'no' 'no' 'no' 'no' 'no' 'no' 'no' 'no' 'no']
63, 1110, 74
64, 1120, 71
64, 1130, 71
66, 1140, 71
67, 1150, 73
69, 1160, 74
['no' 'no' 'no' 'no' 'no' 'no' 'no']
['no' 'no' 'no' 'no' 'no' 'no' 'no' 'no' 'no' 'no']
63, 1160, 74
64, 1170, 70
65, 1180, 71
67, 1190, 73
69, 1200, 76
72, 1210, 78
['no' 'no' 'no' 'no' 'no' 'yes' 'no' 'no' 'no' 'no']
['no' 'no' 'no' 'no' 'no' 'no' 'no' 'no' 'no' 'no']
64, 1210, 78
65, 1220, 71
66, 1230, 72
67, 1240, 73
68, 1250, 75
69, 1260, 76
['no' 'no' 'no' 'no' 'no' 'no']
['no' 'no' 'no' 'no' 'no' 'no' 'no' 'no' 'no' 'no']
67, 1260, 76
69, 1270, 74
69, 1280, 77
69, 1290, 75
69, 1300, 76
70, 1310, 77
['yes' 'no' 'no' 'no']
['no' 'no' 'no' 'no' 'no' 'yes' 'no' 'no' 'no' 'no']
68, 1310, 77
70, 1320, 74
73, 1330, 77
74, 1340, 81
76, 1350, 83
77, 1360, 84
['no' 'no' 'yes' 'no' 'no' 'no' 'no' 'no' 'no' 'no']
['no' 'no' 'no' 'no' 'no' 'no' 'no' 'no' 'no' 'no']
71, 1360, 84
71, 1370, 77
72, 1380, 77
74, 1390, 77
74, 1400, 81
76, 1410, 79
['no' 'no' 'no' 'no' 'no' 'no' 'no']
['no' 'no' 'no' 'no' 'no' 'no' 'no' 'no' 'no' 'no']
['no' 'no' 'no' 'no' 'no' 'no' 'no']
['no' 'no' 'no' 'no' 'no' 'no' 'no' 'no' 'no' 'no']
{'count': 1871, 'truepos': 52, 'falseneg': 6, 'unknownyes': 4, 'falsepos': 21, 'unique': 1410}
42: Wahono.csv: machine2: 0, 0
6, 10
6, 20, 98
9, 30, 96
11, 40, 95
14, 50, 93
17, 60, 95
['yes' 'yes' 'no' 'no' 'no' 'yes' 'yes' 'yes' 'yes' 'yes']
[]
14, 60, 95
15, 70, 76
17, 80, 60
20, 90, 59
24, 100, 52
25, 110, 56
['yes' 'yes' 'yes' 'yes' 'yes' 'yes' 'yes' 'yes' 'yes' 'yes']
['no']
25, 110, 56
27, 120, 52
28, 130, 53
30, 140, 52
32, 150, 47
34, 160, 52
['no' 'yes' 'yes' 'no' 'yes' 'yes' 'yes' 'yes' 'no' 'no']
['no' 'no' 'no' 'no' 'no' 'no' 'no' 'no' 'no' 'no']
31, 160, 52
33, 170, 49
35, 180, 55
36, 190, 58
37, 200, 58
37, 210, 63
['yes' 'yes' 'no' 'no' 'no' 'yes' 'yes' 'no' 'no' 'no']
['no' 'no' 'no' 'no' 'no' 'no' 'no' 'no' 'no' 'no']
33, 210, 63
35, 220, 47
39, 230, 50
41, 240, 55
44, 250, 62
46, 260, 72
['yes' 'yes' 'no' 'yes' 'no' 'yes' 'yes' 'no' 'yes' 'no']
['no' 'no' 'no' 'no' 'no' 'no' 'no' 'yes' 'no' 'yes']
45, 260, 72
47, 270, 70
47, 280, 67
48, 290, 67
48, 300, 67
52, 310, 65
['no' 'no' 'yes' 'no' 'yes' 'no' 'yes' 'no' 'no' 'no']
['yes' 'no' 'no' 'no' 'no' 'no' 'no' 'no' 'no' 'no']
49, 310, 65
51, 320, 73
52, 330, 74
52, 340, 80
54, 350, 77
57, 360, 81
['no' 'yes' 'no' 'no' 'yes' 'yes' 'no' 'no' 'no' 'no']
['no' 'no' 'no' 'no' 'no' 'no' 'no' 'no' 'no' 'no']
55, 360, 81
57, 370, 80
57, 380, 83
58, 390, 86
59, 400, 87
60, 410, 85
['no' 'no' 'no' 'yes' 'yes' 'no' 'no' 'no' 'no' 'yes']
['no' 'no' 'no' 'no' 'no' 'no' 'no' 'no' 'no' 'no']
56, 410, 85
56, 420, 77
57, 430, 74
59, 440, 74
60, 450, 84
60, 460, 87
['no' 'yes' 'yes' 'no' 'no' 'yes' 'no' 'yes' 'yes' 'yes']
['no' 'no' 'no' 'no' 'no' 'no' 'no' 'no' 'no' 'no']
58, 460, 87
61, 470, 75
63, 480, 83
64, 490, 84
65, 500, 85
65, 510, 83
['no' 'no' 'no' 'no' 'no' 'yes' 'no' 'no' 'no' 'no']
['no' 'no' 'no' 'no' 'no' 'no' 'no' 'no' 'no' 'no']
58, 510, 83
58, 520, 72
59, 530, 74
59, 540, 77
60, 550, 76
63, 560, 75
['no' 'no' 'no' 'no' 'no']
['no' 'no' 'no' 'no' 'no' 'no' 'no' 'no' 'no' 'no']
58, 560, 75
59, 570, 71
61, 580, 73
62, 590, 75
64, 600, 78
64, 610, 81
['no' 'no' 'yes' 'no' 'no' 'no']
['no' 'no' 'no' 'no' 'no' 'no' 'no' 'no' 'no' 'no']
58, 610, 81
59, 620, 72
60, 630, 69
61, 640, 73
62, 650, 77
62, 660, 75
['no' 'no' 'no' 'no']
['no' 'no' 'no' 'no' 'yes' 'no' 'no' 'no' 'no' 'no']
61, 660, 75
61, 670, 72
62, 680, 71
66, 690, 70
67, 700, 84
69, 710, 84
['no' 'no' 'no' 'no' 'no' 'no' 'no' 'no' 'yes']
['no' 'no' 'no' 'no' 'no' 'no' 'no' 'no' 'no' 'no']
61, 710, 84
61, 720, 71
62, 730, 72
63, 740, 73
64, 750, 75
67, 760, 76
['no' 'no' 'no' 'no' 'no' 'no']
['no' 'no' 'no' 'no' 'no' 'no' 'no' 'no' 'no' 'no']
63, 760, 76
64, 770, 72
64, 780, 74
65, 790, 73
66, 800, 73
67, 810, 74
['no' 'no' 'yes' 'no' 'no']
['no' 'no' 'no' 'no' 'no' 'no' 'no' 'no' 'no' 'no']
65, 810, 74
65, 820, 72
66, 830, 72
67, 840, 73
67, 850, 75
69, 860, 76
['no' 'no' 'no' 'no' 'no' 'no']
['no' 'no' 'no' 'no' 'no' 'no' 'no' 'no' 'no' 'no']
65, 860, 76
66, 870, 73
67, 880, 73
68, 890, 74
69, 900, 77
71, 910, 77
['no' 'no' 'no' 'no' 'no' 'no' 'no']
['no' 'no' 'no' 'no' 'no' 'no' 'no' 'no' 'no' 'no']
68, 910, 77
69, 920, 74
69, 930, 76
69, 940, 76
70, 950, 75
71, 960, 76
['no' 'no' 'no' 'no' 'no']
['no' 'no' 'no' 'no' 'no' 'no' 'yes' 'no' 'no' 'no']
69, 960, 76
70, 970, 76
71, 980, 77
71, 990, 77
72, 1000, 76
75, 1010, 79
['no' 'no' 'no' 'no' 'no' 'no' 'no' 'no' 'yes']
['no' 'no' 'no' 'no' 'no' 'no' 'no' 'no' 'no' 'no']
69, 1010, 79
69, 1020, 74
69, 1030, 75
72, 1040, 74
72, 1050, 78
74, 1060, 78
['yes' 'no' 'no' 'no' 'no' 'no']
['no' 'no' 'no' 'no' 'no' 'no' 'no' 'no' 'no' 'no']
70, 1060, 78
72, 1070, 75
75, 1080, 78
75, 1090, 81
76, 1100, 81
77, 1110, 83
['no' 'yes' 'no' 'no' 'no' 'no' 'no']
['no' 'no' 'no' 'no' 'no' 'no' 'no' 'no' 'no' 'no']
74, 1110, 83
75, 1120, 80
77, 1130, 80
79, 1140, 82
79, 1150, 85
79, 1160, 85
['no' 'no' 'no' 'no' 'no']
['no' 'no' 'no' 'no' 'no' 'no' 'no' 'no' 'no' 'no']
77, 1160, 85
78, 1170, 82
80, 1180, 83
80, 1190, 87
81, 1200, 87
81, 1210, 88
['no' 'no' 'no' 'no' 'no' 'yes']
['no' 'no' 'no' 'no' 'no' 'no' 'no' 'no' 'no' 'no']
78, 1210, 88
78, 1220, 84
78, 1230, 84
80, 1240, 83
83, 1250, 86
84, 1260, 91
['no' 'no' 'no' 'no' 'no' 'no' 'yes']
['no' 'no' 'no' 'no' 'no' 'no' 'no' 'no' 'no' 'no']
80, 1260, 91
83, 1270, 86
84, 1280, 93
85, 1290, 93
85, 1300, 94
85, 1310, 93
['no' 'no' 'no' 'no' 'no' 'no' 'no']
['no' 'no' 'no' 'no' 'no' 'no' 'no' 'no' 'no' 'no']
82, 1310, 93
82, 1320, 88
82, 1330, 88
84, 1340, 88
85, 1350, 90
85, 1360, 91
['no' 'yes' 'no' 'no' 'no']
['no' 'no' 'no' 'no' 'no' 'no' 'no' 'no' 'no' 'no']
84, 1360, 91
84, 1370, 89
87, 1380, 89
87, 1390, 95
88, 1400, 94
91, 1410, 96
['no' 'no' 'no' 'no' 'no' 'no' 'no' 'no' 'no']
['no' 'no' 'no' 'no' 'no' 'no' 'no' 'no' 'no' 'no']
84, 1410, 96
84, 1420, 90
84, 1430, 90
84, 1440, 90
84, 1450, 89
85, 1460, 89
['no' 'no']
['no' 'no' 'no' 'no' 'no' 'no' 'no' 'no' 'no' 'no']
['no' 'no']
['no' 'no' 'no' 'no' 'no' 'no' 'no' 'no' 'no' 'no']
{'count': 2067, 'truepos': 55, 'falseneg': 3, 'unknownyes': 4, 'falsepos': 29, 'unique': 1460}
42: Wahono.csv: machine3: 0, 0
4, 10
5, 20, 116
8, 30, 101
11, 40, 98
12, 50, 92
13, 60, 80
null
[]
14, 70, 68
17, 80, 68
20, 90, 67
20, 100, 73
20, 110, 60
22, 120, 53
null
[]
24, 130, 54
25, 140, 51
25, 150, 51
27, 160, 49
29, 170, 50
31, 180, 53
null
['no' 'no' 'no' 'no' 'no' 'no' 'no' 'no' 'no' 'no']
31, 180, 53
31, 190, 56
31, 200, 57
34, 210, 56
34, 220, 62
36, 230, 60
null
['no' 'no' 'no' 'no' 'no' 'no' 'yes' 'yes' 'yes' 'no']
38, 230, 60
39, 240, 63
40, 250, 68
41, 260, 67
42, 270, 70
44, 280, 65
null
['yes' 'no' 'no' 'no' 'no' 'no' 'no' 'no' 'no' 'no']
45, 280, 65
45, 290, 71
47, 300, 70
50, 310, 63
50, 320, 71
50, 330, 70
null
['no' 'no' 'no' 'no' 'no' 'no' 'no' 'no' 'no' 'no']
50, 330, 70
51, 340, 69
51, 350, 80
51, 360, 69
51, 370, 69
52, 380, 69
null
['no' 'no' 'no' 'no' 'no' 'no' 'no' 'no' 'no' 'no']
52, 380, 69
52, 390, 70
52, 400, 67
53, 410, 70
53, 420, 75
53, 430, 75
null
['no' 'no' 'no' 'no' 'no' 'no' 'no' 'no' 'no' 'no']
53, 430, 75
54, 440, 68
54, 450, 75
54, 460, 73
54, 470, 67
54, 480, 75
null
['no' 'no' 'no' 'no' 'no' 'no' 'no' 'no' 'no' 'no']
54, 480, 75
54, 490, 75
55, 500, 68
56, 510, 70
56, 520, 72
56, 530, 72
null
['no' 'no' 'no' 'no' 'no' 'no' 'no' 'no' 'no' 'no']
56, 530, 72
57, 540, 69
57, 550, 73
57, 560, 71
57, 570, 77
57, 580, 75
null
['no' 'no' 'no' 'no' 'no' 'no' 'no' 'no' 'no' 'no']
57, 580, 75
58, 590, 69
59, 600, 69
59, 610, 74
60, 620, 71
61, 630, 74
null
['no' 'no' 'no' 'yes' 'no' 'no' 'no' 'no' 'no' 'no']
62, 630, 74
63, 640, 75
64, 650, 78
66, 660, 78
66, 670, 83
67, 680, 83
null
['no' 'no' 'no' 'no' 'no' 'no' 'no' 'no' 'no' 'no']
67, 680, 83
67, 690, 85
67, 700, 81
68, 710, 80
68, 720, 82
68, 730, 82
null
['no' 'no' 'no' 'no' 'no' 'no' 'no' 'no' 'no' 'no']
68, 730, 82
68, 740, 83
69, 750, 83
69, 760, 82
69, 770, 82
69, 780, 82
null
['no' 'no' 'no' 'no' 'no' 'no' 'no' 'no' 'no' 'no']
69, 780, 82
69, 790, 83
69, 800, 83
70, 810, 80
71, 820, 83
71, 830, 86
null
['no' 'no' 'no' 'no' 'no' 'no' 'no' 'no' 'no' 'no']
71, 830, 86
72, 840, 82
72, 850, 84
72, 860, 86
73, 870, 83
73, 880, 85
null
['no' 'no' 'no' 'no' 'no' 'no' 'no' 'no' 'no' 'no']
73, 880, 85
73, 890, 85
73, 900, 85
74, 910, 84
75, 920, 86
75, 930, 86
null
['no' 'no' 'no' 'no' 'no' 'no' 'no' 'no' 'no' 'no']
75, 930, 86
75, 940, 85
75, 950, 87
75, 960, 85
76, 970, 86
76, 980, 87
null
['no' 'no' 'no' 'no' 'no' 'no' 'no' 'no' 'no' 'no']
76, 980, 87
78, 990, 86
79, 1000, 89
79, 1010, 88
79, 1020, 87
79, 1030, 89
null
['no' 'no' 'no' 'no' 'no' 'no' 'no' 'no' 'no' 'no']
79, 1030, 89
79, 1040, 89
79, 1050, 88
79, 1060, 88
80, 1070, 88
80, 1080, 88
null
['no' 'no' 'no' 'no' 'no' 'no' 'no' 'no' 'no' 'no']
80, 1080, 88
82, 1090, 89
82, 1100, 90
82, 1110, 90
82, 1120, 91
82, 1130, 91
null
['no' 'no' 'no' 'no' 'no' 'no' 'no' 'no' 'no' 'no']
82, 1130, 91
83, 1140, 91
83, 1150, 94
83, 1160, 93
83, 1170, 92
84, 1180, 92
null
['no' 'no' 'no' 'no' 'no' 'no' 'no' 'no' 'no' 'no']
84, 1180, 92
84, 1190, 93
84, 1200, 92
85, 1210, 93
85, 1220, 94
86, 1230, 93
null
['no' 'no' 'no' 'no' 'no' 'no' 'no' 'no' 'no' 'no']
86, 1230, 93
86, 1240, 94
86, 1250, 94
86, 1260, 95
86, 1270, 94
86, 1280, 93
null
['no' 'no' 'no' 'no' 'no' 'no' 'no' 'no' 'no' 'no']
86, 1280, 93
86, 1290, 93
86, 1300, 92
86, 1310, 94
86, 1320, 94
86, 1330, 94
null
['no' 'no' 'no' 'no' 'no' 'no' 'no' 'no' 'no' 'no']
86, 1330, 94
86, 1340, 93
86, 1350, 93
87, 1360, 93
87, 1370, 94
87, 1380, 94
null
['no' 'no' 'no' 'no' 'no' 'no' 'no' 'no' 'no' 'no']
87, 1380, 94
87, 1390, 94
87, 1400, 94
87, 1410, 94
87, 1420, 94
87, 1430, 94
null
['no' 'no' 'no' 'no' 'no' 'no' 'no' 'no' 'no' 'no']
87, 1430, 94
87, 1440, 93
87, 1450, 93
87, 1460, 93
87, 1470, 93
87, 1480, 93
null
['no' 'no' 'no' 'no' 'no' 'no' 'no' 'no' 'no' 'no']
88, 1480, 93
88, 1490, 94
88, 1500, 94
88, 1510, 93
89, 1520, 93
89, 1530, 94
null
['no' 'no' 'no' 'no' 'no' 'no' 'no' 'no' 'no' 'no']
89, 1530, 94
90, 1540, 95
90, 1550, 96
90, 1560, 95
90, 1570, 95
90, 1580, 95
null
['no' 'no' 'no' 'no' 'no' 'no' 'no' 'no' 'no' 'no']
90, 1580, 95
90, 1590, 96
91, 1600, 95
91, 1610, 97
91, 1620, 97
91, 1630, 97
null
['no' 'no' 'no' 'no' 'no' 'no' 'no' 'no' 'no' 'no']
91, 1630, 97
93, 1640, 97
93, 1650, 98
94, 1660, 98
94, 1670, 100
94, 1680, 101
null
['no' 'no' 'no' 'no' 'no' 'no' 'no' 'no' 'no' 'no']
95, 1680, 101
95, 1690, 102
95, 1700, 102
95, 1710, 102
95, 1720, 103
95, 1730, 102
null
['no' 'no' 'no' 'no' 'no' 'no' 'no' 'no' 'no' 'no']
95, 1730, 102
95, 1740, 101
96, 1750, 102
96, 1760, 102
96, 1770, 102
96, 1780, 102
null
['no' 'no' 'no' 'no' 'no' 'no' 'no' 'no' 'no' 'no']
96, 1780, 102
null
['no' 'no' 'no' 'no' 'no' 'no' 'no' 'no' 'no' 'no']
{'count': 2545, 'truepos': 60, 'falseneg': 2, 'unknownyes': 0, 'falsepos': 36, 'unique': 1780}
42: Wahono.csv: machine4: 0, 0
4, 10
7, 20, 111
10, 30, 95
12, 40, 100
12, 50, 103
16, 60, 80
17, 70, 86
18, 80, 68
19, 90, 57
21, 100, 54
23, 110, 52
25, 120, 54
25, 130, 55
26, 140, 49
31, 150, 49
32, 160, 59
33, 170, 60
33, 180, 58
34, 190, 55
37, 200, 57
37, 210, 68
38, 220, 62
39, 230, 69
39, 240, 63
39, 250, 62
40, 260, 69
40, 270, 58
40, 280, 58
40, 290, 56
42, 300, 59
42, 310, 63
43, 320, 64
44, 330, 61
45, 340, 63
46, 350, 64
46, 360, 64
47, 370, 69
47, 380, 68
47, 390, 68
47, 400, 71
48, 410, 64
48, 420, 65
50, 430, 65
50, 440, 64
50, 450, 69
50, 460, 63
52, 470, 64
52, 480, 63
52, 490, 67
52, 500, 64
53, 510, 63
53, 520, 66
53, 530, 65
53, 540, 63
54, 550, 63
55, 560, 65
55, 570, 70
58, 580, 64
58, 590, 70
59, 600, 69
60, 610, 69
60, 620, 72
60, 630, 70
60, 640, 70
60, 650, 73
60, 660, 70
60, 670, 69
60, 680, 68
61, 690, 68
61, 700, 69
62, 710, 68
62, 720, 70
62, 730, 68
62, 740, 69
62, 750, 69
62, 760, 71
63, 770, 68
63, 780, 71
63, 790, 70
64, 800, 69
64, 810, 71
64, 820, 70
64, 830, 71
65, 840, 72
65, 850, 73
65, 860, 73
65, 870, 73
65, 880, 72
65, 890, 76
65, 900, 71
65, 910, 72
65, 920, 71
65, 930, 71
65, 940, 74
65, 950, 70
65, 960, 71
65, 970, 71
65, 980, 71
65, 990, 70
65, 1000, 69
65, 1010, 71
65, 1020, 71
65, 1030, 71
65, 1040, 69
65, 1050, 70
66, 1060, 70
67, 1070, 70
69, 1080, 72
69, 1090, 76
69, 1100, 75
69, 1110, 76
69, 1120, 76
69, 1130, 75
69, 1140, 75
69, 1150, 75
70, 1160, 75
71, 1170, 76
71, 1180, 78
73, 1190, 77
73, 1200, 79
73, 1210, 80
73, 1220, 79
73, 1230, 80
73, 1240, 80
73, 1250, 79
73, 1260, 79
73, 1270, 78
73, 1280, 78
73, 1290, 78
73, 1300, 78
74, 1310, 78
74, 1320, 79
75, 1330, 80
75, 1340, 81
75, 1350, 80
75, 1360, 80
75, 1370, 80
75, 1380, 80
75, 1390, 80
76, 1400, 80
{'count': 1680, 'truepos': 51, 'falseneg': 7, 'unknownyes': 4, 'falsepos': 25, 'unique': 1400}
42: Danijel.csv: none: 0, 0
5, 10
5, 20, 121
6, 30, 102
7, 40, 95
9, 50, 79
9, 60, 61
11, 70, 52
13, 80, 59
15, 90, 57
16, 100, 57
17, 110, 51
18, 120, 50
19, 130, 48
20, 140, 47
20, 150, 49
23, 160, 45
23, 170, 51
23, 180, 48
24, 190, 47
25, 200, 49
25, 210, 49
27, 220, 48
27, 230, 51
28, 240, 50
29, 250, 50
29, 260, 50
31, 270, 49
32, 280, 48
33, 290, 52
34, 300, 49
38, 310, 48
40, 320, 57
45, 330, 60
47, 340, 64
49, 350, 64
50, 360, 66
50, 370, 67
52, 380, 67
53, 390, 75
56, 400, 68
57, 410, 72
58, 420, 74
60, 430, 72
63, 440, 73
65, 450, 76
66, 460, 80
69, 470, 77
70, 480, 80
74, 490, 81
75, 500, 88
77, 510, 85
78, 520, 94
78, 530, 89
78, 540, 88
80, 550, 90
81, 560, 88
82, 570, 91
84, 580, 92
84, 590, 94
87, 600, 93
89, 610, 96
89, 620, 103
92, 630, 99
94, 640, 105
94, 650, 105
95, 660, 103
95, 670, 107
95, 680, 106
99, 690, 105
100, 700, 111
100, 710, 113
102, 720, 112
105, 730, 114
105, 740, 119
105, 750, 117
107, 760, 121
107, 770, 124
108, 780, 116
108, 790, 122
111, 800, 118
111, 810, 122
111, 820, 121
112, 830, 124
112, 840, 122
112, 850, 122
112, 860, 122
112, 870, 122
113, 880, 122
113, 890, 126
114, 900, 123
115, 910, 126
117, 920, 124
119, 930, 126
121, 940, 130
123, 950, 136
124, 960, 135
125, 970, 136
126, 980, 135
128, 990, 140
129, 1000, 154
130, 1010, 141
131, 1020, 150
133, 1030, 147
134, 1040, 148
135, 1050, 158
137, 1060, 157
138, 1070, 160
141, 1080, 167
142, 1090, 171
143, 1100, 177
144, 1110, 166
144, 1120, 174
147, 1130, 170
148, 1140, 178
150, 1150, 173
152, 1160, 181
153, 1170, 177
153, 1180, 176
154, 1190, 173
154, 1200, 176
154, 1210, 176
155, 1220, 176
155, 1230, 177
156, 1240, 178
157, 1250, 178
157, 1260, 178
157, 1270, 179
157, 1280, 178
160, 1290, 176
160, 1300, 186
161, 1310, 179
162, 1320, 188
162, 1330, 182
163, 1340, 181
163, 1350, 187
166, 1360, 181
167, 1370, 186
167, 1380, 185
167, 1390, 181
167, 1400, 184
167, 1410, 184
167, 1420, 186
170, 1430, 182
171, 1440, 189
174, 1450, 190
174, 1460, 196
177, 1470, 194
177, 1480, 199
177, 1490, 198
178, 1500, 199
179, 1510, 201
179, 1520, 201
179, 1530, 202
180, 1540, 198
182, 1550, 204
184, 1560, 205
186, 1570, 211
187, 1580, 210
187, 1590, 212
187, 1600, 212
188, 1610, 210
189, 1620, 213
190, 1630, 216
194, 1640, 215
195, 1650, 223
195, 1660, 225
195, 1670, 227
195, 1680, 221
195, 1690, 219
198, 1700, 220
199, 1710, 226
200, 1720, 225
203, 1730, 229
207, 1740, 226
207, 1750, 236
210, 1760, 231
211, 1770, 237
211, 1780, 242
212, 1790, 236
212, 1800, 238
213, 1810, 238
214, 1820, 239
214, 1830, 240
215, 1840, 237
216, 1850, 238
216, 1860, 239
217, 1870, 241
218, 1880, 237
219, 1890, 239
220, 1900, 243
221, 1910, 239
221, 1920, 241
221, 1930, 241
222, 1940, 240
223, 1950, 244
226, 1960, 243
226, 1970, 250
228, 1980, 246
229, 1990, 250
230, 2000, 253
230, 2010, 253
230, 2020, 254
232, 2030, 251
235, 2040, 253
236, 2050, 263
236, 2060, 260
236, 2070, 257
239, 2080, 257
242, 2090, 262
242, 2100, 269
244, 2110, 269
244, 2120, 268
245, 2130, 267
247, 2140, 269
248, 2150, 270
249, 2160, 269
250, 2170, 271
254, 2180, 274
254, 2190, 279
255, 2200, 276
256, 2210, 281
256, 2220, 279
257, 2230, 276
257, 2240, 278
259, 2250, 281
261, 2260, 283
261, 2270, 285
261, 2280, 283
261, 2290, 283
261, 2300, 283
264, 2310, 282
267, 2320, 289
268, 2330, 289
268, 2340, 291
268, 2350, 289
270, 2360, 289
271, 2370, 292
272, 2380, 290
272, 2390, 294
272, 2400, 295
273, 2410, 295
275, 2420, 293
278, 2430, 294
278, 2440, 299
281, 2450, 298
283, 2460, 303
284, 2470, 304
284, 2480, 306
286, 2490, 305
287, 2500, 306
288, 2510, 306
288, 2520, 308
289, 2530, 307
290, 2540, 308
291, 2550, 308
292, 2560, 309
293, 2570, 311
296, 2580, 313
296, 2590, 313
297, 2600, 313
297, 2610, 314
298, 2620, 315
299, 2630, 315
299, 2640, 316
302, 2650, 315
302, 2660, 320
{'count': 2660, 'truepos': 41, 'falseneg': 4, 'unknownyes': 3, 'falsepos': 261, 'unique': 2660}
42: Danijel.csv: three: 0, 0
4, 10
6, 20, 116
6, 30, 126
7, 40, 89
8, 50, 68
11, 60, 61
13, 70, 64
14, 80, 65
14, 90, 62
15, 100, 50
19, 110, 47
23, 120, 54
25, 130, 62
26, 140, 54
31, 150, 51
31, 160, 55
31, 170, 54
34, 180, 49
34, 190, 58
34, 200, 55
37, 210, 54
39, 220, 55
39, 230, 57
39, 240, 57
40, 250, 58
41, 260, 55
41, 270, 55
44, 280, 54
46, 290, 60
47, 300, 63
48, 310, 63
49, 320, 62
49, 330, 65
49, 340, 63
49, 350, 63
50, 360, 62
51, 370, 63
51, 380, 63
51, 390, 67
51, 400, 61
51, 410, 62
51, 420, 63
53, 430, 60
53, 440, 63
53, 450, 64
53, 460, 62
54, 470, 62
54, 480, 63
54, 490, 62
54, 500, 64
54, 510, 62
54, 520, 65
54, 530, 61
55, 540, 61
55, 550, 63
56, 560, 62
56, 570, 65
56, 580, 63
56, 590, 64
56, 600, 62
57, 610, 62
58, 620, 64
58, 630, 66
58, 640, 65
58, 650, 64
58, 660, 65
58, 670, 65
58, 680, 66
58, 690, 64
58, 700, 64
59, 710, 64
60, 720, 65
60, 730, 66
62, 740, 67
62, 750, 68
63, 760, 69
63, 770, 70
63, 780, 70
63, 790, 68
63, 800, 71
64, 810, 68
64, 820, 69
65, 830, 69
65, 840, 70
65, 850, 70
65, 860, 70
66, 870, 69
66, 880, 71
66, 890, 70
67, 900, 70
67, 910, 74
67, 920, 72
67, 930, 71
67, 940, 72
67, 950, 71
{'count': 2061, 'truepos': 42, 'falseneg': 2, 'unknownyes': 4, 'falsepos': 25, 'unique': 950}
42: Danijel.csv: machine: 0, 0
3, 10
4, 20, 106
5, 30, 95
5, 40, 71
8, 50, 53
9, 60, 63
['no' 'no' 'no' 'no' 'yes' 'yes' 'yes' 'yes' 'yes']
[]
5, 60, 63
9, 70, 52
12, 80, 62
17, 90, 63
19, 100, 72
21, 110, 64
['yes' 'yes' 'yes' 'yes' 'yes' 'yes' 'yes' 'no' 'yes' 'no']
[]
20, 110, 64
22, 120, 59
25, 130, 60
26, 140, 59
28, 150, 56
29, 160, 54
['no' 'no' 'yes' 'yes' 'yes' 'no' 'yes' 'yes' 'yes' 'no']
['no']
25, 160, 54
28, 170, 50
30, 180, 52
31, 190, 52
32, 200, 50
33, 210, 52
['no' 'no' 'yes' 'no' 'yes' 'yes' 'yes' 'no' 'yes' 'no']
['no' 'no' 'no' 'no' 'no' 'no' 'no' 'no' 'no' 'no']
30, 210, 52
30, 220, 45
33, 230, 43
33, 240, 48
34, 250, 49
36, 260, 47
['yes' 'yes' 'no' 'no' 'yes' 'no' 'no' 'no' 'no' 'no']
['no' 'no' 'no' 'no' 'no' 'no' 'no' 'no' 'no' 'no']
32, 260, 47
34, 270, 43
35, 280, 48
38, 290, 49
42, 300, 51
44, 310, 55
['yes' 'yes' 'no' 'yes' 'no' 'no' 'no' 'no' 'no' 'no']
['no' 'no' 'yes' 'no' 'no' 'no' 'no' 'no' 'no' 'no']
39, 310, 55
42, 320, 49
42, 330, 55
43, 340, 53
46, 350, 53
46, 360, 56
['no' 'yes' 'yes' 'no' 'no' 'no' 'no' 'no' 'yes' 'yes']
['yes' 'no' 'no' 'no' 'no' 'no' 'no' 'no' 'no' 'no']
42, 360, 56
43, 370, 50
44, 380, 51
45, 390, 55
46, 400, 54
47, 410, 53
['no' 'yes' 'no' 'no' 'no' 'no' 'no' 'no' 'no' 'yes']
['no' 'no' 'no' 'no' 'no' 'no' 'no' 'no' 'yes' 'yes']
42, 410, 53
44, 420, 50
44, 430, 53
46, 440, 51
46, 450, 56
48, 460, 56
['no' 'yes' 'no' 'no' 'no' 'no' 'yes' 'yes' 'no']
['no' 'no' 'no' 'no' 'no' 'no' 'no' 'no' 'no' 'no']
41, 460, 56
42, 470, 48
43, 480, 50
47, 490, 49
48, 500, 53
51, 510, 53
['no' 'yes' 'no' 'yes' 'no' 'no' 'yes' 'yes' 'no' 'no']
['no' 'no' 'no' 'no' 'no' 'no' 'no' 'no' 'no' 'no']
['no' 'no' 'no' 'no' 'yes' 'yes' 'yes' 'yes' 'no' 'no']
['no' 'no' 'no' 'no' 'yes' 'no' 'no' 'no' 'no' 'no']
{'count': 679, 'truepos': 41, 'falseneg': 2, 'unknownyes': 5, 'falsepos': 4, 'unique': 510}
42: Danijel.csv: machine2: 0, 0
4, 10
8, 20, 131
8, 30, 194
8, 40, 163
11, 50, 113
14, 60, 112
['yes' 'no' 'no' 'no' 'no' 'yes' 'no' 'no' 'no' 'no']
[]
8, 60, 112
8, 70, 91
10, 80, 73
10, 90, 66
11, 100, 58
11, 110, 55
['no' 'yes' 'yes' 'yes' 'yes' 'yes' 'no']
[]
9, 110, 55
10, 120, 66
11, 130, 58
13, 140, 52
15, 150, 56
21, 160, 59
['yes' 'yes' 'yes' 'yes' 'yes' 'yes' 'yes' 'yes' 'yes' 'no']
[]
21, 160, 59
23, 170, 75
25, 180, 76
26, 190, 77
29, 200, 71
31, 210, 73
['no' 'yes' 'no' 'yes' 'yes' 'yes' 'no' 'no' 'yes' 'no']
['no' 'no' 'no' 'no' 'no' 'no' 'no' 'no' 'no' 'no']
29, 210, 73
32, 220, 62
36, 230, 52
37, 240, 54
38, 250, 56
41, 260, 55
['no' 'no' 'no' 'no' 'yes' 'yes' 'no' 'no' 'no' 'yes']
['no' 'no' 'no' 'no' 'no' 'no' 'no' 'no' 'no' 'no']
38, 260, 55
39, 270, 50
40, 280, 50
42, 290, 53
43, 300, 53
44, 310, 53
['no' 'yes' 'no' 'yes' 'yes' 'yes' 'no' 'yes' 'no' 'no']
['no' 'no' 'no' 'no' 'no' 'no' 'no' 'no' 'no' 'no']
39, 310, 53
40, 320, 48
41, 330, 49
43, 340, 51
45, 350, 54
47, 360, 54
['no' 'yes' 'no' 'no' 'yes' 'no' 'no' 'no' 'yes' 'no']
['no' 'no' 'yes' 'no' 'no' 'no' 'yes' 'no' 'no' 'no']
45, 360, 54
47, 370, 53
49, 380, 55
50, 390, 57
52, 400, 59
54, 410, 61
['no' 'no' 'no' 'no' 'no' 'no' 'no' 'yes' 'no' 'yes']
['no' 'no' 'no' 'no' 'no' 'no' 'no' 'no' 'no' 'no']
46, 410, 61
46, 420, 53
48, 430, 52
50, 440, 54
51, 450, 59
54, 460, 57
['no' 'yes' 'no' 'no' 'no' 'no' 'no' 'no' 'no' 'yes']
['no' 'yes' 'no' 'no' 'no' 'no' 'no' 'no' 'no' 'no']
49, 460, 57
50, 470, 55
51, 480, 55
54, 490, 58
56, 500, 60
57, 510, 63
['no' 'no' 'yes' 'no' 'yes' 'yes' 'no' 'no' 'no' 'yes']
['no' 'no' 'no' 'no' 'no' 'no' 'yes' 'no' 'no' 'no']
55, 510, 63
56, 520, 60
58, 530, 60
58, 540, 63
58, 550, 64
60, 560, 63
['no' 'no' 'no' 'no' 'yes' 'no' 'yes' 'yes']
['no' 'no' 'no' 'no' 'no' 'no' 'no' 'no' 'no' 'no']
['no' 'yes' 'no' 'no' 'no' 'no' 'yes' 'yes']
['no' 'no' 'no' 'no' 'no' 'no' 'no' 'no' 'no' 'no']
{'count': 797, 'truepos': 43, 'falseneg': 1, 'unknownyes': 4, 'falsepos': 12, 'unique': 560}
42: Danijel.csv: machine3: 0, 0
4, 10
4, 20, 110
5, 30, 90
5, 40, 79
5, 50, 55
6, 60, 48
null
[]
9, 70, 45
13, 80, 54
14, 90, 62
16, 100, 52
16, 110, 47
18, 120, 41
null
[]
18, 130, 43
19, 140, 38
23, 150, 38
29, 160, 43
29, 170, 55
31, 180, 49
null
['no' 'no' 'no' 'yes' 'no' 'no' 'no' 'no' 'yes' 'no']
33, 180, 49
34, 190, 48
36, 200, 46
36, 210, 50
37, 220, 48
37, 230, 49
null
['yes' 'no' 'no' 'no' 'no' 'no' 'no' 'no' 'no' 'no']
38, 230, 49
40, 240, 48
40, 250, 52
41, 260, 51
42, 270, 53
42, 280, 52
null
['no' 'no' 'no' 'no' 'yes' 'no' 'no' 'no' 'no' 'no']
43, 280, 52
44, 290, 53
46, 300, 58
47, 310, 57
47, 320, 59
47, 330, 59
null
['no' 'no' 'no' 'no' 'no' 'no' 'no' 'no' 'no' 'no']
47, 330, 59
48, 340, 56
49, 350, 57
49, 360, 59
49, 370, 58
49, 380, 59
null
['no' 'no' 'no' 'no' 'no' 'no' 'no' 'no' 'no' 'no']
49, 380, 59
49, 390, 59
49, 400, 56
50, 410, 56
52, 420, 57
52, 430, 60
null
['no' 'no' 'no' 'no' 'no' 'no' 'no' 'no' 'no' 'no']
52, 430, 60
52, 440, 58
53, 450, 63
54, 460, 62
54, 470, 66
54, 480, 66
null
['no' 'no' 'no' 'no' 'no' 'no' 'no' 'no' 'no' 'no']
54, 480, 66
54, 490, 65
54, 500, 64
54, 510, 61
54, 520, 62
54, 530, 63
null
['no' 'no' 'no' 'no' 'no' 'no' 'no' 'no' 'no' 'no']
55, 530, 63
56, 540, 63
56, 550, 66
56, 560, 63
56, 570, 65
57, 580, 66
null
['no' 'no' 'no' 'no' 'yes' 'no' 'no' 'no' 'no' 'no']
59, 580, 66
59, 590, 67
59, 600, 67
59, 610, 70
60, 620, 67
60, 630, 70
null
['no' 'no' 'no' 'no' 'no' 'no' 'no' 'no' 'no' 'no']
60, 630, 70
60, 640, 69
60, 650, 68
60, 660, 67
60, 670, 66
60, 680, 68
null
['no' 'no' 'no' 'no' 'no' 'no' 'no' 'no' 'no' 'no']
60, 680, 68
61, 690, 67
62, 700, 67
62, 710, 69
63, 720, 68
63, 730, 70
null
['no' 'no' 'no' 'no' 'no' 'no' 'no' 'no' 'no' 'no']
63, 730, 70
64, 740, 69
66, 750, 70
66, 760, 72
67, 770, 71
67, 780, 74
null
['no' 'no' 'no' 'no' 'no' 'no' 'no' 'no' 'no' 'no']
67, 780, 74
67, 790, 72
67, 800, 71
67, 810, 73
68, 820, 71
68, 830, 73
null
['no' 'no' 'no' 'no' 'no' 'no' 'no' 'no' 'no' 'no']
68, 830, 73
68, 840, 73
68, 850, 73
70, 860, 72
70, 870, 75
70, 880, 74
null
['no' 'no' 'no' 'no' 'no' 'no' 'no' 'no' 'no' 'no']
70, 880, 74
70, 890, 74
70, 900, 74
70, 910, 75
null
['no' 'no' 'no' 'no' 'no' 'no' 'no' 'no' 'no' 'no']
{'count': 1297, 'truepos': 40, 'falseneg': 5, 'unknownyes': 3, 'falsepos': 30, 'unique': 910}
42: Danijel.csv: machine4: 0, 0
3, 10
3, 20, 120
5, 30, 91
6, 40, 84
6, 50, 72
8, 60, 52
10, 70, 53
12, 80, 53
12, 90, 52
15, 100, 45
17, 110, 51
18, 120, 50
18, 130, 47
19, 140, 42
20, 150, 44
21, 160, 44
23, 170, 44
23, 180, 47
23, 190, 43
26, 200, 41
28, 210, 43
29, 220, 45
30, 230, 46
32, 240, 44
33, 250, 49
33, 260, 49
33, 270, 50
34, 280, 47
34, 290, 52
36, 300, 46
37, 310, 52
38, 320, 50
38, 330, 52
38, 340, 54
38, 350, 51
38, 360, 49
39, 370, 48
39, 380, 51
39, 390, 49
39, 400, 49
39, 410, 54
39, 420, 48
39, 430, 47
40, 440, 47
41, 450, 50
41, 460, 49
41, 470, 52
41, 480, 49
41, 490, 48
41, 500, 50
41, 510, 49
41, 520, 49
41, 530, 48
42, 540, 49
42, 550, 52
42, 560, 51
42, 570, 49
44, 580, 48
44, 590, 52
45, 600, 51
45, 610, 53
45, 620, 52
45, 630, 51
46, 640, 52
46, 650, 52
46, 660, 56
46, 670, 53
48, 680, 51
48, 690, 53
49, 700, 54
50, 710, 57
50, 720, 56
50, 730, 55
50, 740, 56
50, 750, 56
50, 760, 54
50, 770, 55
50, 780, 55
51, 790, 55
51, 800, 56
51, 810, 55
52, 820, 55
52, 830, 57
52, 840, 55
52, 850, 58
52, 860, 58
52, 870, 57
52, 880, 60
53, 890, 56
53, 900, 56
54, 910, 59
54, 920, 58
54, 930, 58
54, 940, 59
54, 950, 57
54, 960, 58
54, 970, 59
54, 980, 58
54, 990, 57
54, 1000, 57
55, 1010, 57
55, 1020, 59
55, 1030, 58
55, 1040, 58
55, 1050, 58
55, 1060, 58
{'count': 1286, 'truepos': 38, 'falseneg': 7, 'unknownyes': 3, 'falsepos': 17, 'unique': 1060}
42: K_all3.csv: none: 0, 0
2, 10
6, 20, 71
6, 30, 75
8, 40, 69
11, 50, 64
13, 60, 63
15, 70, 60
17, 80, 57
18, 90, 52
22, 100, 47
25, 110, 52
29, 120, 54
33, 130, 59
35, 140, 65
36, 150, 67
37, 160, 64
39, 170, 61
39, 180, 67
40, 190, 62
41, 200, 57
41, 210, 60
41, 220, 53
41, 230, 52
42, 240, 50
44, 250, 52
46, 260, 56
46, 270, 57
46, 280, 55
47, 290, 55
47, 300, 56
50, 310, 56
51, 320, 60
53, 330, 60
54, 340, 65
57, 350, 62
58, 360, 65
61, 370, 67
63, 380, 71
63, 390, 71
66, 400, 69
67, 410, 72
71, 420, 73
73, 430, 77
75, 440, 80
75, 450, 84
78, 460, 82
78, 470, 86
79, 480, 85
79, 490, 85
80, 500, 85
80, 510, 85
80, 520, 85
82, 530, 85
82, 540, 87
82, 550, 87
85, 560, 87
86, 570, 90
{'count': 570, 'truepos': 36, 'falseneg': 3, 'unknownyes': 6, 'falsepos': 50, 'unique': 570}
42: K_all3.csv: three: 0, 0
1, 10
2, 20, 93
3, 30, 64
5, 40, 49
7, 50, 45
10, 60, 48
11, 70, 51
14, 80, 46
15, 90, 48
19, 100, 44
20, 110, 48
22, 120, 45
23, 130, 46
25, 140, 46
25, 150, 47
25, 160, 45
26, 170, 44
28, 180, 44
28, 190, 47
29, 200, 45
29, 210, 46
32, 220, 45
33, 230, 44
35, 240, 48
35, 250, 47
35, 260, 46
36, 270, 44
36, 280, 47
36, 290, 47
36, 300, 42
36, 310, 42
36, 320, 42
36, 330, 40
36, 340, 41
37, 350, 39
40, 360, 40
40, 370, 43
41, 380, 43
42, 390, 44
{'count': 838, 'truepos': 33, 'falseneg': 0, 'unknownyes': 12, 'falsepos': 9, 'unique': 390}
42: K_all3.csv: machine: 0, 0
6, 10
9, 20, 87
11, 30, 79
14, 40, 77
17, 50, 77
21, 60, 83
['no' 'no' 'no' 'yes' 'yes' 'no' 'no' 'no' 'no' 'no']
['no']
13, 60, 83
16, 70, 75
16, 80, 77
18, 90, 66
19, 100, 63
21, 110, 60
['no' 'yes' 'yes' 'no' 'no' 'yes' 'no' 'no' 'yes' 'no']
[]
15, 110, 60
17, 120, 55
19, 130, 52
20, 140, 51
23, 150, 50
25, 160, 52
['yes' 'no' 'yes' 'yes' 'no' 'yes' 'yes' 'no' 'no' 'yes']
['no' 'no']
22, 160, 52
25, 170, 50
26, 180, 54
29, 190, 52
29, 200, 56
32, 210, 52
['no' 'no' 'yes' 'no' 'yes' 'no' 'yes' 'no' 'yes' 'no']
['yes' 'no' 'no' 'no' 'no' 'no' 'no' 'no' 'no' 'no']
27, 210, 52
27, 220, 52
27, 230, 50
28, 240, 47
28, 250, 47
29, 260, 45
['no' 'no' 'yes' 'no' 'yes' 'yes' 'no' 'no' 'no' 'no']
[]
21, 260, 45
22, 270, 41
25, 280, 41
25, 290, 44
25, 300, 42
26, 310, 42
['yes' 'no' 'no' 'no' 'no' 'yes' 'no']
['no' 'no' 'no']
22, 310, 42
22, 320, 41
23, 330, 40
25, 340, 42
28, 350, 44
31, 360, 46
['no' 'no' 'no' 'no' 'yes' 'no' 'yes' 'yes' 'yes']
['yes' 'no' 'no' 'no' 'no' 'no' 'no' 'yes' 'no' 'no']
29, 360, 46
30, 370, 44
31, 380, 37
32, 390, 37
32, 400, 39
34, 410, 38
['no' 'yes' 'no' 'yes' 'no' 'yes' 'no']
['no' 'no' 'no' 'no' 'no' 'no' 'no' 'no' 'no' 'no']
34, 410, 38
34, 420, 40
36, 430, 40
37, 440, 42
37, 450, 42
39, 460, 42
['no' 'no' 'yes' 'no' 'no' 'no' 'no']
['no' 'yes' 'no' 'no' 'no' 'no' 'no' 'no' 'no' 'no']
36, 460, 42
38, 470, 42
39, 480, 45
40, 490, 44
41, 500, 45
41, 510, 48
['no' 'no' 'no' 'no' 'yes' 'no']
['no' 'no' 'no' 'no' 'no' 'no' 'no' 'no' 'no' 'no']
36, 510, 48
36, 520, 40
39, 530, 39
42, 540, 42
42, 550, 45
43, 560, 45
['no' 'no' 'no' 'no' 'no' 'yes' 'no' 'yes']
['no' 'no' 'no' 'no' 'no' 'no' 'no' 'no' 'no' 'no']
['no' 'yes' 'no' 'no' 'no' 'no' 'no' 'yes']
['no' 'no' 'no' 'no' 'no' 'no' 'no' 'no' 'no' 'no']
{'count': 720, 'truepos': 28, 'falseneg': 7, 'unknownyes': 10, 'falsepos': 11, 'unique': 560}
42: K_all3.csv: machine2: 0, 0
1, 10
2, 20, 91
5, 30, 63
9, 40, 62
11, 50, 60
12, 60, 60
['no' 'yes' 'yes' 'yes' 'no' 'yes' 'no' 'no' 'yes' 'yes']
[]
9, 60, 60
13, 70, 52
16, 80, 63
19, 90, 63
22, 100, 62
22, 110, 60
['yes' 'yes' 'yes' 'no' 'no' 'yes' 'yes' 'yes' 'yes' 'no']
['no' 'no']
20, 110, 60
23, 120, 51
24, 130, 55
30, 140, 51
31, 150, 50
33, 160, 47
['yes' 'no' 'yes' 'yes' 'no' 'no' 'no' 'yes' 'yes' 'yes']
['no' 'no' 'no' 'no' 'no' 'no' 'no' 'no' 'no' 'no']
31, 160, 47
32, 170, 45
33, 180, 49
33, 190, 44
35, 200, 47
37, 210, 44
['no' 'no' 'no' 'yes' 'yes' 'no' 'yes' 'no' 'no' 'no']
['no' 'no' 'no' 'no' 'no' 'no' 'no' 'no' 'no' 'no']
29, 210, 44
31, 220, 54
33, 230, 38
35, 240, 40
35, 250, 43
37, 260, 44
['no' 'no' 'no' 'no' 'no' 'yes' 'no' 'no' 'no' 'yes']
['no' 'no' 'no' 'no' 'no' 'no' 'no' 'no' 'no' 'no']
30, 260, 44
31, 270, 37
32, 280, 36
33, 290, 38
34, 300, 39
35, 310, 41
['yes' 'no' 'no' 'no' 'no' 'yes' 'no' 'yes']
['no' 'no' 'no' 'no' 'no' 'no' 'no' 'no' 'no' 'no']
31, 310, 41
34, 320, 35
35, 330, 39
35, 340, 39
37, 350, 40
39, 360, 44
['no' 'no' 'no' 'no' 'no' 'no' 'no' 'no']
['no' 'no' 'no' 'no' 'no' 'no' 'no' 'no' 'no' 'no']
37, 360, 44
39, 370, 43
44, 380, 43
45, 390, 49
46, 400, 51
50, 410, 49
['no' 'no' 'no' 'yes' 'yes' 'no' 'no' 'yes' 'yes' 'no']
['no' 'no' 'no' 'no' 'yes' 'no' 'no' 'no' 'no' 'no']
['no' 'no' 'no' 'no' 'no' 'yes' 'yes' 'yes' 'no' 'no']
['no' 'no' 'no' 'no' 'yes' 'no' 'no' 'no' 'no' 'no']
{'count': 590, 'truepos': 32, 'falseneg': 3, 'unknownyes': 10, 'falsepos': 16, 'unique': 410}
42: K_all3.csv: machine3: 0, 0
1, 10
2, 20, 92
4, 30, 62
7, 40, 56
7, 50, 59
10, 60, 50
null
['yes']
11, 60, 50
11, 70, 55
13, 80, 43
16, 90, 47
18, 100, 49
21, 110, 50
null
['no']
21, 110, 50
21, 120, 51
21, 130, 47
22, 140, 44
25, 150, 45
26, 160, 50
null
['no']
26, 160, 50
27, 170, 48
27, 180, 48
28, 190, 46
28, 200, 47
29, 210, 45
null
[]
29, 220, 46
30, 230, 45
31, 240, 42
31, 250, 39
31, 260, 37
32, 270, 37
null
['no' 'no' 'no' 'no' 'no' 'no' 'no' 'no' 'no' 'no']
32, 270, 37
33, 280, 40
33, 290, 42
34, 300, 40
34, 310, 41
34, 320, 41
null
['no' 'no' 'no' 'no' 'no' 'no' 'no' 'no' 'no' 'no']
34, 320, 41
34, 330, 39
34, 340, 40
34, 350, 38
35, 360, 39
36, 370, 39
null
['no' 'no' 'no' 'no' 'no' 'no' 'no' 'no' 'no' 'no']
37, 370, 39
37, 380, 40
38, 390, 40
38, 400, 42
38, 410, 41
40, 420, 42
null
['no' 'no' 'no' 'no' 'no' 'no' 'no' 'no' 'no' 'no']
null
['no' 'no' 'no' 'no' 'no' 'no' 'no' 'no' 'no' 'no']
{'count': 582, 'truepos': 32, 'falseneg': 3, 'unknownyes': 10, 'falsepos': 8, 'unique': 420}
42: K_all3.csv: machine4: 0, 0
0, 10
1, 20
3, 30, 102
3, 40, 65
3, 50, 55
4, 60, 48
5, 70, 49
6, 80, 45
6, 90, 43
8, 100, 42
12, 110, 45
14, 120, 51
17, 130, 52
19, 140, 50
22, 150, 53
24, 160, 55
24, 170, 56
25, 180, 52
26, 190, 50
27, 200, 49
28, 210, 49
29, 220, 49
30, 230, 49
30, 240, 46
30, 250, 40
30, 260, 41
30, 270, 40
30, 280, 39
30, 290, 38
30, 300, 36
30, 310, 36
31, 320, 36
32, 330, 35
33, 340, 36
34, 350, 37
34, 360, 37
34, 370, 37
34, 380, 38
35, 390, 37
35, 400, 38
35, 410, 39
36, 420, 38
36, 430, 38
38, 440, 38
38, 450, 41
{'count': 538, 'truepos': 29, 'falseneg': 4, 'unknownyes': 12, 'falsepos': 9, 'unique': 450}

------------------------------------------------------------
Sender: LSF System <lsfadmin@n2b2-7>
Subject: Job 299608: </share/tjmenzie/zyu9/miniconda2/bin/python2.7 runner.py error_hpcc 42> Done

Job </share/tjmenzie/zyu9/miniconda2/bin/python2.7 runner.py error_hpcc 42> was submitted from host <login01.hpc.ncsu.edu> by user <zyu9> in cluster <henry2>.
Job was executed on host(s) <2*n2b2-7>, in queue <single_chassis>, as user <zyu9> in cluster <henry2>.
</home/zyu9> was used as the home directory.
</home/zyu9/projects/MAR_HPC/Error/src> was used as the working directory.
Started at Mon Nov  6 09:14:01 2017
Results reported at Mon Nov  6 14:12:47 2017

Your job looked like:

------------------------------------------------------------
# LSBATCH: User input
/share/tjmenzie/zyu9/miniconda2/bin/python2.7 runner.py error_hpcc 42
------------------------------------------------------------

Successfully completed.

Resource usage summary:

    CPU time   :  20671.44 sec.
    Max Memory :       179 MB
    Max Swap   :      1197 MB

    Max Processes  :         3
    Max Threads    :         8

The output (if any) is above this job summary.



PS:

Read file <./err/42.err.299608> for stderr output of this job.

