46: Hall.csv: none: 0, 0
9, 10
10, 20, 148
14, 30, 132
18, 40, 138
19, 50, 139
22, 60, 131
25, 70, 131
29, 80, 137
31, 90, 137
38, 100, 106
44, 110, 107
49, 120, 104
55, 130, 108
58, 140, 106
63, 150, 115
66, 160, 117
69, 170, 109
73, 180, 108
76, 190, 111
77, 200, 105
80, 210, 108
85, 220, 107
90, 230, 106
97, 240, 112
99, 250, 119
101, 260, 134
104, 270, 128
105, 280, 139
106, 290, 130
109, 300, 126
110, 310, 126
110, 320, 127
112, 330, 129
114, 340, 126
114, 350, 131
116, 360, 135
116, 370, 135
118, 380, 132
119, 390, 131
120, 400, 134
120, 410, 140
121, 420, 137
121, 430, 130
122, 440, 134
123, 450, 133
123, 460, 134
126, 470, 134
128, 480, 143
129, 490, 145
133, 500, 143
134, 510, 152
135, 520, 156
137, 530, 153
138, 540, 159
139, 550, 155
141, 560, 154
141, 570, 161
142, 580, 159
142, 590, 160
144, 600, 161
145, 610, 158
146, 620, 163
146, 630, 161
147, 640, 164
150, 650, 165
151, 660, 168
152, 670, 169
152, 680, 171
154, 690, 167
155, 700, 173
156, 710, 172
156, 720, 174
156, 730, 171
156, 740, 174
158, 750, 176
158, 760, 180
160, 770, 174
161, 780, 179
161, 790, 179
163, 800, 178
163, 810, 181
164, 820, 179
164, 830, 185
166, 840, 179
166, 850, 183
166, 860, 180
168, 870, 183
169, 880, 183
169, 890, 186
171, 900, 185
173, 910, 189
174, 920, 193
174, 930, 195
176, 940, 191
176, 950, 194
176, 960, 194
177, 970, 195
179, 980, 197
180, 990, 199
180, 1000, 196
181, 1010, 199
182, 1020, 204
182, 1030, 203
183, 1040, 201
187, 1050, 205
188, 1060, 207
188, 1070, 209
189, 1080, 214
190, 1090, 213
190, 1100, 215
191, 1110, 217
192, 1120, 211
195, 1130, 211
195, 1140, 223
196, 1150, 220
196, 1160, 220
197, 1170, 220
198, 1180, 222
199, 1190, 218
200, 1200, 220
201, 1210, 224
202, 1220, 223
202, 1230, 225
203, 1240, 221
203, 1250, 218
204, 1260, 228
204, 1270, 225
205, 1280, 225
207, 1290, 223
209, 1300, 225
209, 1310, 226
209, 1320, 229
211, 1330, 225
211, 1340, 225
212, 1350, 226
212, 1360, 231
212, 1370, 226
213, 1380, 228
214, 1390, 231
215, 1400, 232
215, 1410, 229
217, 1420, 230
217, 1430, 234
218, 1440, 232
219, 1450, 234
221, 1460, 235
222, 1470, 239
223, 1480, 240
223, 1490, 242
224, 1500, 245
226, 1510, 241
227, 1520, 245
230, 1530, 244
230, 1540, 247
231, 1550, 247
233, 1560, 248
235, 1570, 250
237, 1580, 254
237, 1590, 257
237, 1600, 258
237, 1610, 253
239, 1620, 252
242, 1630, 256
244, 1640, 258
247, 1650, 262
247, 1660, 268
248, 1670, 265
249, 1680, 265
250, 1690, 269
251, 1700, 264
252, 1710, 269
254, 1720, 271
256, 1730, 273
258, 1740, 279
259, 1750, 280
260, 1760, 278
260, 1770, 287
261, 1780, 282
262, 1790, 279
264, 1800, 283
264, 1810, 285
265, 1820, 285
265, 1830, 284
265, 1840, 282
266, 1850, 283
267, 1860, 287
268, 1870, 285
270, 1880, 287
270, 1890, 291
270, 1900, 287
270, 1910, 287
271, 1920, 288
272, 1930, 287
273, 1940, 289
273, 1950, 295
273, 1960, 291
273, 1970, 290
273, 1980, 290
275, 1990, 293
275, 2000, 296
276, 2010, 296
277, 2020, 293
280, 2030, 298
281, 2040, 302
281, 2050, 301
283, 2060, 300
284, 2070, 304
287, 2080, 312
288, 2090, 314
290, 2100, 317
291, 2110, 322
292, 2120, 318
294, 2130, 315
295, 2140, 322
295, 2150, 326
296, 2160, 321
298, 2170, 320
300, 2180, 330
300, 2190, 333
302, 2200, 330
302, 2210, 332
304, 2220, 330
304, 2230, 332
304, 2240, 333
306, 2250, 326
307, 2260, 330
310, 2270, 330
310, 2280, 335
310, 2290, 335
311, 2300, 331
311, 2310, 333
312, 2320, 338
314, 2330, 336
314, 2340, 339
314, 2350, 336
316, 2360, 339
316, 2370, 339
316, 2380, 336
316, 2390, 335
317, 2400, 336
318, 2410, 340
319, 2420, 339
319, 2430, 339
320, 2440, 340
322, 2450, 341
323, 2460, 345
323, 2470, 346
327, 2480, 346
327, 2490, 352
328, 2500, 350
328, 2510, 351
328, 2520, 350
329, 2530, 351
332, 2540, 349
332, 2550, 354
332, 2560, 358
333, 2570, 354
334, 2580, 353
334, 2590, 355
334, 2600, 354
334, 2610, 354
334, 2620, 357
336, 2630, 353
336, 2640, 357
337, 2650, 357
338, 2660, 358
342, 2670, 358
342, 2680, 364
342, 2690, 364
342, 2700, 361
342, 2710, 363
342, 2720, 364
346, 2730, 363
347, 2740, 366
348, 2750, 369
348, 2760, 372
351, 2770, 370
352, 2780, 373
352, 2790, 374
353, 2800, 372
353, 2810, 375
353, 2820, 375
354, 2830, 376
355, 2840, 376
355, 2850, 374
355, 2860, 376
357, 2870, 376
358, 2880, 378
359, 2890, 379
361, 2900, 380
362, 2910, 382
365, 2920, 383
{'count': 2920, 'truepos': 99, 'falseneg': 4, 'unknownyes': 3, 'falsepos': 266, 'unique': 2920}
46: Hall.csv: three: 0, 0
8, 10
11, 20, 121
15, 30, 129
18, 40, 134
19, 50, 147
20, 60, 134
24, 70, 127
25, 80, 132
30, 90, 125
36, 100, 115
40, 110, 110
47, 120, 114
53, 130, 120
54, 140, 128
60, 150, 115
64, 160, 130
67, 170, 132
72, 180, 122
74, 190, 122
76, 200, 122
80, 210, 108
85, 220, 103
89, 230, 107
90, 240, 107
93, 250, 106
94, 260, 111
95, 270, 110
97, 280, 111
98, 290, 113
100, 300, 115
101, 310, 115
103, 320, 115
103, 330, 119
103, 340, 126
104, 350, 119
105, 360, 121
105, 370, 117
105, 380, 122
106, 390, 119
106, 400, 119
106, 410, 117
106, 420, 117
106, 430, 113
107, 440, 116
107, 450, 118
107, 460, 119
107, 470, 116
107, 480, 115
107, 490, 114
107, 500, 115
107, 510, 115
107, 520, 113
{'count': 1130, 'truepos': 100, 'falseneg': 2, 'unknownyes': 4, 'falsepos': 7, 'unique': 520}
46: Hall.csv: machine: 0, 0
8, 10
12, 20, 125
15, 30, 139
18, 40, 143
18, 50, 143
21, 60, 134
['no' 'yes' 'yes' 'yes' 'yes' 'yes' 'no' 'yes' 'yes' 'yes']
[]
19, 60, 134
24, 70, 121
26, 80, 125
28, 90, 121
32, 100, 111
39, 110, 98
['no' 'yes' 'yes' 'no' 'no' 'yes' 'yes' 'yes' 'yes' 'yes']
['no' 'no' 'no' 'no' 'no' 'no' 'no' 'yes' 'no' 'no']
36, 110, 98
40, 120, 92
42, 130, 93
45, 140, 84
49, 150, 88
53, 160, 96
['yes' 'yes' 'yes' 'yes' 'yes' 'yes' 'yes' 'yes' 'no' 'yes']
['no' 'no' 'yes' 'no' 'no' 'no' 'no' 'no' 'no' 'no']
53, 160, 96
56, 170, 85
60, 180, 89
61, 190, 93
65, 200, 87
66, 210, 105
['yes' 'yes' 'yes' 'no' 'yes' 'yes' 'yes' 'yes' 'yes' 'yes']
['no' 'no' 'no' 'no' 'no' 'no' 'no' 'no' 'no' 'no']
64, 210, 105
70, 220, 83
77, 230, 87
79, 240, 103
80, 250, 92
83, 260, 98
['yes' 'yes' 'yes' 'yes' 'yes' 'no' 'yes' 'yes' 'yes' 'yes']
['yes' 'yes' 'no' 'yes' 'no' 'yes' 'no' 'no' 'no' 'no']
87, 260, 98
88, 270, 100
91, 280, 98
95, 290, 102
98, 300, 109
99, 310, 116
['yes' 'no' 'yes' 'yes' 'no' 'yes' 'no' 'yes' 'yes' 'yes']
['no' 'no' 'no' 'yes' 'yes' 'no' 'no' 'yes' 'no' 'no']
98, 310, 116
100, 320, 112
102, 330, 113
103, 340, 114
104, 350, 118
104, 360, 121
['yes' 'no' 'no' 'no' 'no' 'no' 'yes' 'yes' 'yes' 'no']
['no' 'no' 'no' 'no' 'no' 'no' 'no' 'no' 'no' 'yes']
102, 360, 121
103, 370, 118
104, 380, 111
107, 390, 114
107, 400, 120
110, 410, 117
['yes' 'yes' 'yes' 'no' 'no' 'no' 'no' 'no' 'yes' 'no']
['no' 'no' 'no' 'no' 'no' 'yes' 'no' 'no' 'no' 'no']
108, 410, 117
109, 420, 118
110, 430, 120
110, 440, 123
110, 450, 123
113, 460, 121
['no' 'no' 'no' 'no' 'no' 'no' 'no' 'yes' 'yes' 'yes']
['no' 'no' 'yes' 'no' 'no' 'no' 'no' 'no' 'no' 'yes']
110, 460, 121
112, 470, 120
113, 480, 124
113, 490, 130
115, 500, 126
117, 510, 132
['no' 'yes' 'no' 'no' 'yes' 'yes' 'no' 'yes' 'yes' 'yes']
['no' 'no' 'no' 'no' 'no' 'no' 'no' 'no' 'no' 'no']
113, 510, 132
114, 520, 122
114, 530, 126
115, 540, 124
116, 550, 126
117, 560, 126
['no' 'no' 'no' 'no' 'no' 'no' 'no' 'no' 'yes' 'yes']
['no' 'no' 'no' 'no' 'no' 'no' 'no' 'no' 'no' 'no']
110, 560, 126
112, 570, 119
114, 580, 121
115, 590, 124
117, 600, 124
117, 610, 130
['no' 'no' 'no' 'no' 'no' 'no' 'no' 'yes' 'no' 'yes']
['no' 'no' 'no' 'no' 'no' 'no' 'no' 'no' 'no' 'no']
111, 610, 130
111, 620, 118
114, 630, 118
115, 640, 121
117, 650, 122
119, 660, 124
['no' 'no' 'no' 'no' 'no' 'no' 'yes' 'no' 'yes' 'no']
['no' 'no' 'no' 'no' 'no' 'no' 'no' 'no' 'no' 'no']
['no' 'no' 'no' 'no' 'no' 'no' 'yes' 'yes' 'no' 'no']
['no' 'no' 'no' 'no' 'no' 'no' 'no' 'no' 'no' 'no']
{'count': 910, 'truepos': 97, 'falseneg': 5, 'unknownyes': 4, 'falsepos': 16, 'unique': 660}
46: Hall.csv: machine2: 0, 0
7, 10
7, 20, 110
11, 30, 102
14, 40, 111
18, 50, 123
19, 60, 122
['yes' 'yes' 'yes' 'yes' 'yes' 'no' 'yes' 'no' 'yes' 'yes']
['no' 'no']
18, 60, 122
23, 70, 115
25, 80, 130
27, 90, 128
32, 100, 121
37, 110, 99
['yes' 'no' 'no' 'yes' 'no' 'yes' 'yes' 'yes' 'no' 'yes']
['no' 'no' 'no' 'no' 'no' 'yes' 'no' 'no' 'no' 'no']
35, 110, 99
42, 120, 90
49, 130, 95
54, 140, 94
59, 150, 101
65, 160, 103
['no' 'yes' 'no' 'yes' 'yes' 'yes' 'yes' 'yes' 'no' 'yes']
['yes' 'no' 'no' 'no' 'no' 'no' 'no' 'no' 'no' 'no']
64, 160, 103
68, 170, 104
72, 180, 98
75, 190, 96
78, 200, 110
81, 210, 109
['no' 'yes' 'yes' 'yes' 'yes' 'yes' 'yes' 'yes' 'yes' 'yes']
['no' 'no' 'no' 'no' 'no' 'no' 'no' 'no' 'no' 'no']
82, 210, 109
87, 220, 101
91, 230, 107
94, 240, 108
95, 250, 114
99, 260, 112
['yes' 'no' 'yes' 'no' 'no' 'yes' 'no' 'yes' 'yes' 'no']
['no' 'no' 'no' 'no' 'no' 'no' 'yes' 'no' 'no' 'yes']
98, 260, 112
101, 270, 113
103, 280, 118
105, 290, 122
108, 300, 122
110, 310, 126
['no' 'yes' 'no' 'no' 'no' 'yes' 'yes' 'yes' 'yes' 'yes']
['no' 'no' 'no' 'no' 'no' 'no' 'no' 'yes' 'no' 'no']
106, 310, 126
107, 320, 132
108, 330, 130
109, 340, 129
110, 350, 127
112, 360, 125
['yes' 'no' 'yes' 'no' 'no' 'yes' 'yes' 'yes' 'no' 'yes']
['no' 'no' 'no' 'no' 'no' 'no' 'no' 'no' 'no' 'no']
110, 360, 125
111, 370, 124
115, 380, 126
115, 390, 134
117, 400, 133
120, 410, 137
['no' 'yes' 'no' 'no' 'yes' 'no' 'no' 'yes' 'yes' 'no']
['no' 'no' 'no' 'no' 'no' 'no' 'no' 'no' 'no' 'no']
116, 410, 137
116, 420, 129
117, 430, 128
119, 440, 127
119, 450, 132
119, 460, 134
['no' 'no' 'no' 'yes' 'no' 'yes' 'no' 'yes' 'yes' 'no']
['no' 'no' 'no' 'no' 'no' 'no' 'no' 'no' 'no' 'no']
114, 460, 134
115, 470, 122
116, 480, 123
116, 490, 124
117, 500, 124
119, 510, 127
['no' 'no' 'no' 'no' 'no' 'yes' 'yes' 'no' 'yes' 'yes']
['no' 'no' 'no' 'no' 'no' 'no' 'no' 'no' 'no' 'no']
114, 510, 127
114, 520, 121
115, 530, 123
117, 540, 124
118, 550, 127
119, 560, 126
['no' 'no' 'yes' 'no' 'yes' 'no' 'no' 'yes' 'yes' 'yes']
['no' 'no' 'no' 'no' 'no' 'no' 'no' 'no' 'no' 'no']
116, 560, 126
117, 570, 124
118, 580, 127
119, 590, 127
121, 600, 130
121, 610, 132
['no' 'no' 'no' 'yes' 'yes' 'yes' 'yes' 'no' 'no' 'yes']
['no' 'no' 'no' 'no' 'no' 'no' 'no' 'no' 'no' 'no']
119, 610, 132
120, 620, 129
122, 630, 132
122, 640, 135
122, 650, 133
123, 660, 133
['no' 'no' 'no' 'no' 'no' 'no' 'no' 'yes' 'yes' 'yes']
['no' 'no' 'no' 'no' 'no' 'no' 'no' 'no' 'no' 'no']
117, 660, 133
117, 670, 124
117, 680, 124
['no' 'no' 'no' 'yes' 'yes' 'yes' 'yes' 'yes' 'yes' 'yes']
['no' 'no' 'no' 'no' 'no' 'no' 'no' 'no' 'no' 'no']
{'count': 1016, 'truepos': 101, 'falseneg': 1, 'unknownyes': 4, 'falsepos': 15, 'unique': 680}
46: Hall.csv: machine3: 0, 0
7, 10
7, 20, 111
8, 30, 104
12, 40, 84
15, 50, 86
17, 60, 93
null
['no' 'no']
17, 60, 93
20, 70, 94
24, 80, 102
25, 90, 108
26, 100, 87
29, 110, 79
null
[]
32, 120, 83
38, 130, 76
45, 140, 79
51, 150, 80
53, 160, 80
56, 170, 77
null
['no' 'no' 'no' 'no' 'no' 'no' 'no' 'yes' 'no' 'yes']
58, 170, 77
59, 180, 80
61, 190, 80
62, 200, 82
65, 210, 87
69, 220, 82
null
['no' 'no' 'no' 'no' 'yes' 'no' 'no' 'no' 'yes' 'no']
71, 220, 82
76, 230, 87
82, 240, 92
84, 250, 98
87, 260, 103
89, 270, 108
null
['no' 'no' 'yes' 'no' 'no' 'no' 'no' 'no' 'yes' 'no']
91, 270, 108
91, 280, 104
91, 290, 104
93, 300, 106
94, 310, 106
94, 320, 106
null
['no' 'no' 'no' 'no' 'no' 'no' 'no' 'no' 'no' 'no']
94, 320, 106
96, 330, 107
96, 340, 108
97, 350, 108
99, 360, 111
99, 370, 111
null
['no' 'no' 'no' 'no' 'no' 'no' 'no' 'no' 'no' 'no']
99, 370, 111
99, 380, 111
99, 390, 109
100, 400, 108
101, 410, 111
101, 420, 111
null
['no' 'no' 'no' 'no' 'no' 'yes' 'no' 'no' 'no' 'yes']
102, 420, 111
103, 430, 111
103, 440, 114
103, 450, 117
103, 460, 116
104, 470, 113
null
['yes' 'no' 'no' 'no' 'no' 'no' 'no' 'no' 'no' 'no']
105, 470, 113
105, 480, 114
105, 490, 114
105, 500, 116
105, 510, 115
105, 520, 114
null
['no' 'no' 'no' 'no' 'no' 'no' 'no' 'no' 'no' 'no']
105, 520, 114
105, 530, 115
105, 540, 114
105, 550, 114
106, 560, 115
106, 570, 114
null
['no' 'no' 'no' 'no' 'no' 'no' 'no' 'no' 'no' 'no']
107, 570, 114
107, 580, 115
107, 590, 118
107, 600, 113
107, 610, 116
107, 620, 116
null
['no' 'no' 'no' 'no' 'no' 'no' 'no' 'no' 'no' 'no']
107, 620, 116
107, 630, 115
107, 640, 115
107, 650, 114
107, 660, 115
107, 670, 114
null
['no' 'no' 'no' 'no' 'no' 'no' 'no' 'no' 'no' 'no']
107, 670, 114
107, 680, 113
107, 690, 114
107, 700, 114
null
['no' 'no' 'no' 'no' 'no' 'no' 'no' 'no' 'no' 'no']
{'count': 1059, 'truepos': 98, 'falseneg': 4, 'unknownyes': 4, 'falsepos': 10, 'unique': 700}
46: Hall.csv: machine4: 0, 0
7, 10
10, 20, 111
12, 30, 118
12, 40, 123
14, 50, 122
16, 60, 111
20, 70, 97
21, 80, 92
24, 90, 83
29, 100, 86
34, 110, 99
41, 120, 92
46, 130, 99
51, 140, 105
54, 150, 102
57, 160, 99
59, 170, 107
60, 180, 104
65, 190, 88
68, 200, 96
73, 210, 94
78, 220, 91
81, 230, 98
85, 240, 98
88, 250, 101
90, 260, 105
93, 270, 107
95, 280, 113
96, 290, 115
97, 300, 116
99, 310, 114
99, 320, 118
99, 330, 119
100, 340, 115
100, 350, 123
100, 360, 117
100, 370, 116
100, 380, 112
100, 390, 117
100, 400, 116
100, 410, 115
100, 420, 113
100, 430, 112
100, 440, 110
100, 450, 110
100, 460, 110
100, 470, 108
101, 480, 109
101, 490, 112
101, 500, 113
101, 510, 111
101, 520, 112
101, 530, 113
101, 540, 109
101, 550, 109
101, 560, 109
101, 570, 110
101, 580, 109
101, 590, 108
103, 600, 109
103, 610, 111
104, 620, 112
104, 630, 112
104, 640, 112
104, 650, 112
105, 660, 111
106, 670, 112
107, 680, 113
107, 690, 114
108, 700, 114
108, 710, 115
108, 720, 115
108, 730, 114
108, 740, 114
110, 750, 114
{'count': 998, 'truepos': 94, 'falseneg': 8, 'unknownyes': 4, 'falsepos': 16, 'unique': 750}
46: Wahono.csv: none: 0, 0
6, 10
9, 20, 101
11, 30, 112
11, 40, 108
17, 50, 96
17, 60, 106
20, 70, 91
22, 80, 99
24, 90, 84
25, 100, 88
29, 110, 76
31, 120, 79
31, 130, 65
37, 140, 67
40, 150, 81
44, 160, 94
44, 170, 114
47, 180, 106
49, 190, 104
50, 200, 116
51, 210, 103
51, 220, 95
51, 230, 98
55, 240, 87
56, 250, 109
56, 260, 121
58, 270, 100
59, 280, 117
63, 290, 112
65, 300, 135
66, 310, 124
66, 320, 146
69, 330, 147
70, 340, 125
73, 350, 141
73, 360, 148
73, 370, 153
73, 380, 126
74, 390, 148
74, 400, 119
75, 410, 120
77, 420, 128
79, 430, 121
81, 440, 120
81, 450, 115
83, 460, 127
85, 470, 114
86, 480, 121
89, 490, 121
90, 500, 122
91, 510, 127
92, 520, 126
95, 530, 121
95, 540, 127
95, 550, 135
95, 560, 125
95, 570, 128
96, 580, 119
96, 590, 129
98, 600, 123
100, 610, 127
101, 620, 130
101, 630, 127
103, 640, 132
104, 650, 141
106, 660, 137
107, 670, 144
107, 680, 134
107, 690, 142
107, 700, 140
107, 710, 136
107, 720, 136
108, 730, 139
110, 740, 142
111, 750, 138
111, 760, 145
111, 770, 138
112, 780, 138
114, 790, 135
114, 800, 136
115, 810, 137
115, 820, 140
118, 830, 140
120, 840, 144
121, 850, 145
121, 860, 150
123, 870, 150
123, 880, 153
123, 890, 152
123, 900, 151
123, 910, 145
123, 920, 146
124, 930, 146
124, 940, 148
125, 950, 145
126, 960, 149
127, 970, 147
129, 980, 157
132, 990, 163
133, 1000, 162
136, 1010, 162
137, 1020, 173
138, 1030, 167
139, 1040, 175
143, 1050, 174
143, 1060, 182
144, 1070, 177
145, 1080, 185
145, 1090, 189
147, 1100, 181
147, 1110, 189
147, 1120, 183
148, 1130, 183
151, 1140, 193
151, 1150, 195
152, 1160, 190
153, 1170, 194
153, 1180, 194
153, 1190, 191
155, 1200, 186
155, 1210, 192
156, 1220, 193
156, 1230, 197
157, 1240, 195
158, 1250, 191
159, 1260, 193
159, 1270, 197
159, 1280, 199
160, 1290, 196
161, 1300, 207
163, 1310, 193
166, 1320, 201
167, 1330, 206
168, 1340, 208
170, 1350, 209
171, 1360, 206
174, 1370, 210
175, 1380, 207
176, 1390, 210
177, 1400, 211
177, 1410, 212
179, 1420, 209
181, 1430, 212
181, 1440, 212
182, 1450, 216
183, 1460, 213
184, 1470, 217
187, 1480, 222
189, 1490, 230
189, 1500, 232
189, 1510, 233
189, 1520, 225
190, 1530, 226
191, 1540, 231
192, 1550, 234
195, 1560, 230
196, 1570, 246
198, 1580, 243
200, 1590, 243
201, 1600, 244
202, 1610, 245
204, 1620, 243
204, 1630, 250
206, 1640, 252
207, 1650, 252
208, 1660, 251
210, 1670, 253
211, 1680, 251
211, 1690, 255
211, 1700, 260
212, 1710, 257
213, 1720, 257
214, 1730, 258
214, 1740, 264
215, 1750, 258
216, 1760, 260
217, 1770, 259
220, 1780, 258
221, 1790, 263
221, 1800, 262
221, 1810, 260
222, 1820, 258
223, 1830, 263
225, 1840, 262
227, 1850, 269
227, 1860, 270
229, 1870, 266
231, 1880, 270
232, 1890, 272
232, 1900, 272
232, 1910, 275
232, 1920, 270
233, 1930, 270
234, 1940, 271
235, 1950, 273
235, 1960, 273
237, 1970, 273
238, 1980, 274
238, 1990, 277
238, 2000, 273
239, 2010, 273
241, 2020, 276
244, 2030, 281
245, 2040, 287
246, 2050, 281
249, 2060, 283
250, 2070, 288
250, 2080, 295
251, 2090, 290
253, 2100, 295
255, 2110, 296
256, 2120, 299
256, 2130, 297
258, 2140, 301
260, 2150, 298
262, 2160, 304
263, 2170, 306
263, 2180, 304
264, 2190, 303
267, 2200, 306
268, 2210, 306
269, 2220, 309
271, 2230, 309
271, 2240, 313
271, 2250, 308
272, 2260, 314
272, 2270, 312
273, 2280, 310
273, 2290, 311
275, 2300, 311
275, 2310, 313
276, 2320, 311
277, 2330, 312
278, 2340, 312
279, 2350, 311
279, 2360, 316
280, 2370, 314
283, 2380, 313
285, 2390, 318
287, 2400, 322
289, 2410, 323
290, 2420, 326
290, 2430, 327
290, 2440, 329
290, 2450, 326
290, 2460, 327
291, 2470, 327
292, 2480, 322
293, 2490, 327
293, 2500, 329
295, 2510, 326
297, 2520, 327
297, 2530, 328
297, 2540, 330
299, 2550, 329
300, 2560, 332
301, 2570, 332
302, 2580, 334
302, 2590, 336
304, 2600, 335
305, 2610, 343
306, 2620, 342
308, 2630, 341
308, 2640, 343
309, 2650, 341
309, 2660, 341
309, 2670, 343
311, 2680, 341
311, 2690, 345
313, 2700, 342
314, 2710, 342
315, 2720, 343
315, 2730, 347
317, 2740, 342
318, 2750, 346
322, 2760, 352
323, 2770, 358
326, 2780, 357
326, 2790, 360
328, 2800, 360
329, 2810, 361
330, 2820, 363
330, 2830, 364
332, 2840, 364
334, 2850, 363
334, 2860, 367
337, 2870, 367
338, 2880, 371
338, 2890, 371
338, 2900, 372
340, 2910, 369
341, 2920, 374
342, 2930, 371
345, 2940, 374
346, 2950, 376
349, 2960, 376
350, 2970, 380
351, 2980, 381
353, 2990, 379
353, 3000, 385
354, 3010, 384
354, 3020, 384
355, 3030, 384
356, 3040, 386
356, 3050, 388
358, 3060, 386
361, 3070, 389
362, 3080, 393
363, 3090, 391
364, 3100, 396
365, 3110, 396
365, 3120, 396
366, 3130, 395
369, 3140, 394
369, 3150, 397
369, 3160, 397
370, 3170, 398
371, 3180, 396
373, 3190, 399
373, 3200, 402
375, 3210, 400
375, 3220, 402
375, 3230, 403
375, 3240, 402
375, 3250, 401
377, 3260, 400
377, 3270, 406
378, 3280, 404
378, 3290, 409
378, 3300, 405
379, 3310, 402
379, 3320, 407
379, 3330, 406
380, 3340, 404
381, 3350, 406
382, 3360, 408
383, 3370, 407
385, 3380, 409
386, 3390, 411
387, 3400, 411
388, 3410, 411
388, 3420, 410
389, 3430, 411
391, 3440, 414
392, 3450, 415
393, 3460, 417
394, 3470, 419
395, 3480, 419
398, 3490, 419
399, 3500, 422
401, 3510, 422
402, 3520, 426
404, 3530, 427
406, 3540, 431
408, 3550, 433
408, 3560, 437
409, 3570, 434
409, 3580, 435
409, 3590, 436
410, 3600, 434
410, 3610, 434
411, 3620, 435
411, 3630, 435
413, 3640, 436
415, 3650, 440
417, 3660, 441
417, 3670, 444
418, 3680, 443
418, 3690, 445
419, 3700, 443
419, 3710, 445
423, 3720, 447
423, 3730, 448
{'count': 3730, 'truepos': 49, 'falseneg': 9, 'unknownyes': 4, 'falsepos': 374, 'unique': 3730}
46: Wahono.csv: three: 0, 0
7, 10
9, 20, 107
11, 30, 117
13, 40, 113
14, 50, 111
15, 60, 102
17, 70, 96
20, 80, 88
21, 90, 89
25, 100, 75
26, 110, 84
27, 120, 72
30, 130, 68
32, 140, 67
35, 150, 70
37, 160, 68
39, 170, 69
41, 180, 68
41, 190, 72
41, 200, 70
42, 210, 66
43, 220, 72
44, 230, 72
44, 240, 70
46, 250, 67
49, 260, 71
53, 270, 71
53, 280, 76
53, 290, 73
55, 300, 74
55, 310, 79
56, 320, 78
58, 330, 74
59, 340, 77
59, 350, 83
59, 360, 80
59, 370, 79
59, 380, 78
59, 390, 80
60, 400, 78
61, 410, 74
62, 420, 79
65, 430, 78
65, 440, 80
65, 450, 76
67, 460, 78
69, 470, 80
69, 480, 82
69, 490, 82
69, 500, 82
69, 510, 82
69, 520, 82
70, 530, 79
71, 540, 82
71, 550, 81
71, 560, 84
72, 570, 82
72, 580, 85
72, 590, 83
73, 600, 86
73, 610, 84
74, 620, 89
74, 630, 88
74, 640, 91
74, 650, 87
74, 660, 87
74, 670, 84
74, 680, 86
74, 690, 85
74, 700, 87
75, 710, 86
75, 720, 85
76, 730, 86
76, 740, 87
77, 750, 88
77, 760, 90
77, 770, 88
77, 780, 89
78, 790, 90
78, 800, 89
78, 810, 87
78, 820, 88
79, 830, 88
79, 840, 87
79, 850, 89
79, 860, 87
79, 870, 86
79, 880, 87
79, 890, 87
80, 900, 87
80, 910, 88
80, 920, 89
82, 930, 86
83, 940, 92
83, 950, 94
83, 960, 91
85, 970, 91
85, 980, 96
85, 990, 96
85, 1000, 94
85, 1010, 96
85, 1020, 94
85, 1030, 94
85, 1040, 95
86, 1050, 92
86, 1060, 95
89, 1070, 95
90, 1080, 100
90, 1090, 98
90, 1100, 99
90, 1110, 99
90, 1120, 98
90, 1130, 99
90, 1140, 98
91, 1150, 98
91, 1160, 100
91, 1170, 99
91, 1180, 99
91, 1190, 98
92, 1200, 99
92, 1210, 101
93, 1220, 100
93, 1230, 100
93, 1240, 100
93, 1250, 99
93, 1260, 99
93, 1270, 99
93, 1280, 99
94, 1290, 99
94, 1300, 102
95, 1310, 101
95, 1320, 103
95, 1330, 102
95, 1340, 102
96, 1350, 102
96, 1360, 103
96, 1370, 103
96, 1380, 103
96, 1390, 103
96, 1400, 103
96, 1410, 102
96, 1420, 103
96, 1430, 102
96, 1440, 102
96, 1450, 102
{'count': 3139, 'truepos': 59, 'falseneg': 0, 'unknownyes': 3, 'falsepos': 37, 'unique': 1450}
46: Wahono.csv: machine: 0, 0
5, 10
6, 20, 92
7, 30, 97
12, 40, 89
15, 50, 93
19, 60, 95
['no' 'yes' 'yes' 'yes' 'yes' 'yes' 'no' 'yes' 'no' 'yes']
['yes']
13, 60, 95
15, 70, 110
17, 80, 110
19, 90, 97
21, 100, 92
22, 110, 99
['yes' 'no' 'no' 'yes' 'yes' 'no' 'no' 'no' 'no' 'yes']
[]
17, 110, 99
18, 120, 93
22, 130, 89
23, 140, 111
25, 150, 101
26, 160, 97
['no' 'no' 'yes' 'no' 'no' 'no' 'no' 'yes' 'no' 'no']
[]
18, 160, 97
22, 170, 67
22, 180, 67
26, 190, 63
28, 200, 67
29, 210, 70
['no' 'no' 'yes' 'yes' 'no' 'yes' 'yes' 'yes' 'yes' 'no']
[]
25, 210, 70
28, 220, 64
30, 230, 68
35, 240, 61
36, 250, 70
36, 260, 67
['no' 'no' 'yes' 'yes' 'no' 'yes' 'yes' 'no' 'no' 'yes']
['no' 'no' 'no' 'no' 'no' 'no' 'no' 'no' 'no' 'no']
34, 260, 67
35, 270, 70
36, 280, 73
36, 290, 83
37, 300, 72
38, 310, 72
['yes' 'yes' 'no' 'no' 'no' 'no' 'no' 'no' 'yes' 'yes']
['no' 'no' 'no' 'no' 'no' 'no' 'no' 'no' 'no' 'no']
32, 310, 72
36, 320, 52
38, 330, 59
38, 340, 59
38, 350, 62
40, 360, 60
['yes' 'yes' 'no' 'yes' 'yes' 'no' 'yes' 'no' 'no' 'yes']
['no' 'no' 'no' 'no' 'no' 'no' 'no' 'no' 'no' 'no']
37, 360, 60
38, 370, 54
40, 380, 55
40, 390, 63
40, 400, 61
40, 410, 59
['no' 'no' 'yes' 'no' 'no' 'no' 'yes' 'no' 'no']
['no' 'yes' 'no' 'no' 'no' 'no' 'no' 'no' 'no' 'yes']
39, 410, 59
39, 420, 53
40, 430, 60
41, 440, 54
42, 450, 58
43, 460, 60
['yes' 'yes' 'no' 'no' 'yes' 'yes' 'no']
['no' 'no' 'yes' 'no' 'no' 'no' 'no' 'yes' 'no' 'no']
42, 460, 60
44, 470, 57
45, 480, 63
46, 490, 62
48, 500, 67
49, 510, 69
['yes' 'no' 'no' 'no' 'no' 'no' 'no' 'yes']
['no' 'yes' 'no' 'no' 'no' 'no' 'no' 'no' 'no' 'no']
44, 510, 69
44, 520, 60
46, 530, 57
47, 540, 60
47, 550, 60
50, 560, 59
['no' 'no' 'no' 'no' 'no' 'no' 'yes']
['no' 'no' 'no' 'no' 'yes' 'no' 'no' 'no' 'no' 'no']
46, 560, 59
47, 570, 57
48, 580, 58
50, 590, 59
53, 600, 62
53, 610, 65
['yes' 'yes' 'no' 'yes' 'no' 'no' 'no']
['yes' 'no' 'no' 'yes' 'no' 'no' 'no' 'yes' 'no' 'no']
53, 610, 65
53, 620, 66
54, 630, 64
56, 640, 67
58, 650, 70
60, 660, 72
['no' 'no' 'no' 'no' 'no' 'yes' 'yes' 'no' 'yes']
['yes' 'no' 'no' 'no' 'no' 'no' 'no' 'no' 'no' 'no']
57, 660, 72
58, 670, 69
58, 680, 71
58, 690, 70
59, 700, 69
61, 710, 71
['no' 'no' 'no' 'no' 'no' 'yes']
['no' 'no' 'no' 'no' 'no' 'no' 'no' 'no' 'no' 'no']
55, 710, 71
56, 720, 66
57, 730, 68
57, 740, 72
58, 750, 70
60, 760, 70
['no' 'no' 'no' 'no' 'no']
['no' 'no' 'no' 'no' 'no' 'no' 'no' 'no' 'no' 'no']
56, 760, 70
59, 770, 66
60, 780, 72
61, 790, 72
63, 800, 73
64, 810, 75
['no' 'no' 'no' 'no' 'no' 'no' 'no' 'no']
['no' 'no' 'no' 'no' 'no' 'no' 'no' 'no' 'no' 'no']
57, 810, 75
59, 820, 69
61, 830, 68
61, 840, 76
64, 850, 76
65, 860, 79
['no' 'no' 'no' 'no' 'yes' 'no' 'no' 'no' 'no']
['no' 'no' 'no' 'no' 'no' 'no' 'no' 'no' 'no' 'no']
58, 860, 79
60, 870, 68
62, 880, 75
62, 890, 75
63, 900, 74
64, 910, 75
['no' 'no' 'no' 'no' 'no' 'no' 'no']
['no' 'no' 'no' 'no' 'no' 'yes' 'no' 'no' 'no' 'no']
58, 910, 75
61, 920, 67
62, 930, 71
63, 940, 75
65, 950, 75
66, 960, 79
['no' 'no' 'no' 'no' 'no' 'no' 'no' 'no']
['no' 'no' 'no' 'no' 'no' 'no' 'no' 'no' 'no' 'no']
58, 960, 79
59, 970, 67
63, 980, 66
66, 990, 73
67, 1000, 77
67, 1010, 80
['yes' 'no' 'no' 'no' 'yes' 'no' 'yes' 'no' 'yes']
['no' 'no' 'no' 'no' 'no' 'no' 'no' 'no' 'no' 'no']
62, 1010, 80
63, 1020, 69
65, 1030, 71
66, 1040, 76
67, 1050, 75
68, 1060, 77
['no' 'no' 'no' 'no' 'no' 'no' 'no']
['no' 'no' 'no' 'no' 'no' 'no' 'no' 'no' 'no' 'no']
64, 1060, 77
66, 1070, 73
66, 1080, 74
66, 1090, 74
66, 1100, 74
66, 1110, 74
['no' 'no']
['no' 'no' 'no' 'no' 'no' 'no' 'no' 'no' 'no' 'no']
65, 1110, 74
65, 1120, 73
65, 1130, 72
65, 1140, 72
65, 1150, 73
65, 1160, 72
['no']
['no' 'no' 'no' 'no' 'no' 'no' 'no' 'no' 'no' 'no']
64, 1160, 72
67, 1170, 72
67, 1180, 74
69, 1190, 75
70, 1200, 77
72, 1210, 79
['no' 'no' 'no' 'no' 'no' 'no' 'no' 'no']
['no' 'no' 'no' 'no' 'no' 'no' 'no' 'no' 'no' 'no']
64, 1210, 79
65, 1220, 71
68, 1230, 71
69, 1240, 77
69, 1250, 77
69, 1260, 76
['no' 'no' 'no' 'no' 'no']
['no' 'no' 'no' 'no' 'no' 'no' 'no' 'no' 'no' 'no']
65, 1260, 76
65, 1270, 72
67, 1280, 72
69, 1290, 75
71, 1300, 77
71, 1310, 80
['no' 'no' 'no' 'no' 'no' 'no' 'no']
['no' 'no' 'no' 'no' 'no' 'no' 'no' 'no' 'no' 'no']
64, 1310, 80
66, 1320, 70
71, 1330, 73
71, 1340, 80
73, 1350, 79
74, 1360, 83
['no' 'no' 'no' 'yes' 'no' 'no' 'no' 'no' 'no' 'no']
['no' 'no' 'no' 'no' 'no' 'no' 'no' 'no' 'no' 'no']
65, 1360, 83
66, 1370, 71
69, 1380, 72
69, 1390, 76
72, 1400, 75
72, 1410, 79
['no' 'no' 'no' 'no' 'no' 'no' 'no']
['no' 'yes' 'no' 'no' 'no' 'no' 'no' 'no' 'no' 'no']
69, 1410, 79
71, 1420, 74
72, 1430, 77
74, 1440, 79
76, 1450, 81
77, 1460, 83
['no' 'no' 'no' 'no' 'no' 'no' 'no' 'no' 'yes' 'no']
['no' 'no' 'no' 'no' 'no' 'no' 'no' 'no' 'no' 'no']
69, 1460, 83
69, 1470, 73
71, 1480, 74
73, 1490, 77
77, 1500, 79
81, 1510, 86
['no' 'no' 'no' 'no' 'no' 'no' 'no' 'no' 'no' 'no']
['no' 'no' 'no' 'no' 'no' 'no' 'no' 'no' 'no' 'no']
74, 1510, 86
76, 1520, 81
80, 1530, 83
81, 1540, 89
82, 1550, 90
82, 1560, 90
['no' 'no' 'no' 'no' 'no' 'no' 'no' 'no' 'no' 'no']
['no' 'no' 'no' 'no' 'no' 'no' 'no' 'no' 'no' 'no']
73, 1560, 90
73, 1570, 79
76, 1580, 78
78, 1590, 82
78, 1600, 85
80, 1610, 85
['no' 'no' 'no' 'no' 'no' 'no' 'no' 'no' 'no' 'no']
['no' 'no' 'no' 'no' 'no' 'no' 'no' 'no' 'no' 'no']
73, 1610, 85
75, 1620, 78
75, 1630, 80
75, 1640, 80
75, 1650, 80
76, 1660, 80
['no' 'no' 'no' 'no']
['no' 'no' 'no' 'no' 'no' 'no' 'no' 'no' 'no' 'no']
['no' 'no' 'no' 'no']
['no' 'no' 'no' 'no' 'no' 'no' 'no' 'no' 'no' 'no']
{'count': 2211, 'truepos': 56, 'falseneg': 4, 'unknownyes': 2, 'falsepos': 16, 'unique': 1660}
46: Wahono.csv: machine2: 0, 0
6, 10
10, 20, 100
12, 30, 111
14, 40, 110
15, 50, 110
16, 60, 108
['yes' 'no' 'no' 'yes' 'no' 'yes' 'no' 'yes' 'yes' 'yes']
[]
13, 60, 108
15, 70, 88
18, 80, 86
22, 90, 82
24, 100, 93
25, 110, 79
['yes' 'no' 'yes' 'yes' 'no' 'no' 'yes' 'yes' 'yes' 'yes']
[]
24, 110, 79
25, 120, 73
28, 130, 69
31, 140, 66
34, 150, 56
38, 160, 61
['yes' 'yes' 'yes' 'yes' 'yes' 'yes' 'yes' 'no' 'yes' 'yes']
['no' 'no' 'no' 'no' 'no' 'no' 'no' 'no' 'no' 'no']
38, 160, 61
43, 170, 66
43, 180, 82
44, 190, 76
46, 200, 71
49, 210, 71
['no' 'yes' 'yes' 'yes' 'no' 'no' 'yes' 'yes' 'yes' 'yes']
['no' 'no' 'no' 'no' 'no' 'no' 'no' 'no' 'no' 'no']
48, 210, 71
48, 220, 73
51, 230, 69
51, 240, 71
51, 250, 69
53, 260, 67
['no' 'yes' 'yes' 'yes' 'yes' 'no' 'yes' 'yes' 'no' 'yes']
['no' 'no' 'no' 'no' 'no' 'no' 'no' 'no' 'no' 'no']
50, 260, 67
52, 270, 67
53, 280, 72
56, 290, 72
56, 300, 74
57, 310, 70
['yes' 'yes' 'yes' 'yes' 'no' 'no' 'yes' 'no' 'yes' 'no']
['no' 'no' 'no' 'no' 'no' 'yes' 'no' 'no' 'no' 'no']
60, 310, 70
60, 320, 81
64, 330, 77
67, 340, 88
68, 350, 97
70, 360, 93
['no' 'no' 'yes' 'no' 'no' 'yes' 'yes' 'yes' 'no' 'no']
['no' 'no' 'no' 'no' 'no' 'no' 'no' 'no' 'no' 'no']
66, 360, 93
66, 370, 90
67, 380, 85
69, 390, 90
69, 400, 94
71, 410, 91
['no' 'no' 'no' 'no' 'no' 'no' 'no' 'no' 'no' 'no']
['no' 'no' 'no' 'no' 'no' 'no' 'no' 'no' 'no' 'no']
64, 410, 91
64, 420, 82
66, 430, 80
66, 440, 87
66, 450, 83
68, 460, 82
['no' 'no' 'no' 'no' 'no' 'no' 'yes' 'yes' 'yes' 'no']
['no' 'no' 'no' 'no' 'no' 'no' 'no' 'no' 'no' 'no']
60, 460, 82
64, 470, 76
64, 480, 81
65, 490, 80
65, 500, 82
66, 510, 81
['no' 'yes' 'yes' 'no' 'no' 'no' 'no' 'no' 'yes' 'yes']
['no' 'no' 'no' 'no' 'no' 'no' 'no' 'no' 'no' 'no']
61, 510, 81
63, 520, 78
65, 530, 79
66, 540, 84
66, 550, 84
66, 560, 84
['no' 'no' 'no' 'no' 'no' 'no']
['no' 'no' 'no' 'no' 'no' 'no' 'no' 'no' 'no' 'no']
63, 560, 84
63, 570, 77
63, 580, 78
63, 590, 78
63, 600, 76
65, 610, 75
['yes' 'yes' 'no' 'no']
['no' 'no' 'no' 'no' 'no' 'no' 'no' 'no' 'no' 'no']
66, 610, 75
67, 620, 81
67, 630, 79
69, 640, 79
69, 650, 84
70, 660, 82
['yes' 'no' 'no' 'no' 'no' 'no']
['no' 'no' 'no' 'no' 'no' 'no' 'no' 'no' 'no' 'no']
67, 660, 82
68, 670, 79
68, 680, 79
68, 690, 82
69, 700, 81
70, 710, 84
['no' 'no' 'no' 'no']
['no' 'no' 'no' 'no' 'no' 'no' 'no' 'no' 'no' 'no']
68, 710, 84
69, 720, 79
70, 730, 78
71, 740, 81
72, 750, 84
72, 760, 83
['no' 'no' 'no' 'no' 'no']
['no' 'no' 'no' 'no' 'no' 'no' 'no' 'no' 'no' 'no']
68, 760, 83
69, 770, 78
69, 780, 80
71, 790, 81
72, 800, 85
72, 810, 88
['no' 'no' 'no' 'no' 'no']
['no' 'no' 'no' 'no' 'no' 'no' 'no' 'no' 'no' 'no']
67, 810, 88
68, 820, 75
69, 830, 77
69, 840, 78
69, 850, 79
69, 860, 77
['no' 'no']
['no' 'no' 'no' 'no' 'no' 'no' 'no' 'no' 'no' 'no']
68, 860, 77
68, 870, 78
71, 880, 77
71, 890, 88
72, 900, 83
74, 910, 87
['no' 'no' 'no' 'no' 'no' 'no' 'no']
['no' 'no' 'no' 'no' 'no' 'no' 'no' 'no' 'no' 'no']
69, 910, 87
69, 920, 77
70, 930, 77
71, 940, 79
72, 950, 80
75, 960, 83
['no' 'no' 'no' 'no' 'no' 'no' 'no']
['no' 'no' 'no' 'no' 'no' 'no' 'no' 'no' 'no' 'no']
71, 960, 83
72, 970, 80
72, 980, 81
74, 990, 79
75, 1000, 82
75, 1010, 84
['no' 'no' 'no' 'no']
['no' 'no' 'no' 'no' 'no' 'no' 'no' 'no' 'no' 'no']
71, 1010, 84
72, 1020, 80
76, 1030, 80
76, 1040, 87
76, 1050, 85
77, 1060, 87
['no' 'no' 'no' 'no' 'no' 'no']
['no' 'no' 'no' 'no' 'no' 'no' 'no' 'no' 'no' 'no']
73, 1060, 87
76, 1070, 81
76, 1080, 88
76, 1090, 86
76, 1100, 84
76, 1110, 85
['no' 'no' 'no' 'no']
['no' 'no' 'no' 'no' 'no' 'no' 'no' 'no' 'no' 'no']
73, 1110, 85
73, 1120, 81
74, 1130, 80
74, 1140, 81
75, 1150, 83
77, 1160, 83
['no' 'no' 'no' 'no' 'no']
['no' 'no' 'no' 'no' 'no' 'no' 'no' 'no' 'no' 'no']
74, 1160, 83
75, 1170, 82
76, 1180, 82
76, 1190, 82
78, 1200, 82
82, 1210, 84
['no' 'no' 'no' 'no' 'no' 'no' 'no' 'no']
['no' 'no' 'no' 'no' 'no' 'no' 'no' 'no' 'no' 'no']
['no' 'no' 'no' 'no' 'no' 'no' 'no' 'no']
['no' 'no' 'no' 'no' 'no' 'no' 'no' 'no' 'no' 'no']
{'count': 1698, 'truepos': 55, 'falseneg': 2, 'unknownyes': 5, 'falsepos': 22, 'unique': 1210}
46: Wahono.csv: machine3: 0, 0
5, 10
7, 20, 94
7, 30, 99
9, 40, 90
13, 50, 91
13, 60, 96
null
[]
15, 70, 76
17, 80, 74
18, 90, 73
19, 100, 60
19, 110, 55
21, 120, 52
null
[]
21, 130, 59
21, 140, 51
22, 150, 49
22, 160, 51
23, 170, 48
25, 180, 49
null
[]
25, 190, 51
26, 200, 50
27, 210, 49
27, 220, 49
28, 230, 49
30, 240, 50
null
['no' 'no' 'no' 'no' 'yes' 'no' 'no' 'no' 'no' 'no']
31, 240, 50
33, 250, 51
37, 260, 53
38, 270, 59
38, 280, 60
39, 290, 57
null
['no' 'no' 'no' 'no' 'no' 'yes' 'no' 'no' 'no' 'no']
40, 290, 57
40, 300, 60
40, 310, 60
40, 320, 61
41, 330, 55
44, 340, 57
null
['no' 'no' 'no' 'no' 'no' 'no' 'no' 'no' 'no' 'no']
44, 340, 57
45, 350, 64
46, 360, 63
47, 370, 65
48, 380, 64
48, 390, 64
null
['no' 'no' 'no' 'no' 'no' 'no' 'no' 'no' 'yes' 'no']
49, 390, 64
49, 400, 66
50, 410, 64
50, 420, 65
52, 430, 64
54, 440, 68
null
['no' 'no' 'no' 'no' 'no' 'no' 'no' 'no' 'no' 'no']
54, 440, 68
54, 450, 72
54, 460, 67
55, 470, 66
56, 480, 67
56, 490, 69
null
['no' 'no' 'no' 'no' 'no' 'no' 'no' 'no' 'no' 'no']
56, 490, 69
56, 500, 68
58, 510, 69
58, 520, 73
58, 530, 71
59, 540, 69
null
['no' 'no' 'no' 'no' 'no' 'no' 'no' 'no' 'no' 'no']
59, 540, 69
59, 550, 70
61, 560, 73
61, 570, 75
61, 580, 72
61, 590, 74
null
['no' 'no' 'no' 'no' 'no' 'no' 'no' 'no' 'no' 'no']
61, 590, 74
63, 600, 72
64, 610, 78
66, 620, 75
66, 630, 79
66, 640, 80
null
['no' 'no' 'no' 'no' 'yes' 'no' 'no' 'no' 'no' 'no']
67, 640, 80
67, 650, 81
67, 660, 81
67, 670, 80
67, 680, 77
68, 690, 78
null
['no' 'no' 'no' 'no' 'no' 'no' 'no' 'no' 'no' 'no']
69, 690, 78
69, 700, 82
69, 710, 83
70, 720, 80
70, 730, 85
70, 740, 85
null
['no' 'no' 'no' 'no' 'no' 'no' 'no' 'no' 'no' 'no']
70, 740, 85
70, 750, 79
70, 760, 81
70, 770, 80
70, 780, 79
70, 790, 80
null
['no' 'no' 'no' 'no' 'no' 'no' 'no' 'no' 'no' 'no']
70, 790, 80
71, 800, 80
71, 810, 82
71, 820, 82
71, 830, 82
71, 840, 80
null
['no' 'no' 'no' 'no' 'no' 'no' 'no' 'no' 'no' 'no']
71, 840, 80
71, 850, 80
72, 860, 80
73, 870, 82
73, 880, 85
73, 890, 85
null
['no' 'no' 'no' 'no' 'no' 'no' 'no' 'no' 'no' 'no']
73, 890, 85
73, 900, 84
73, 910, 85
73, 920, 84
73, 930, 83
74, 940, 85
null
['no' 'no' 'no' 'no' 'no' 'no' 'no' 'no' 'no' 'no']
74, 940, 85
75, 950, 83
75, 960, 85
77, 970, 84
77, 980, 88
77, 990, 87
null
['no' 'no' 'no' 'no' 'no' 'no' 'no' 'no' 'no' 'no']
77, 990, 87
77, 1000, 86
77, 1010, 87
77, 1020, 87
77, 1030, 86
77, 1040, 85
null
['no' 'no' 'no' 'no' 'no' 'no' 'no' 'no' 'no' 'no']
77, 1040, 85
77, 1050, 85
77, 1060, 85
77, 1070, 84
77, 1080, 85
78, 1090, 84
null
['no' 'no' 'no' 'no' 'no' 'no' 'no' 'no' 'no' 'no']
78, 1090, 84
78, 1100, 86
78, 1110, 86
78, 1120, 85
79, 1130, 85
79, 1140, 87
null
['no' 'no' 'no' 'no' 'no' 'no' 'no' 'no' 'no' 'no']
79, 1140, 87
79, 1150, 87
79, 1160, 87
79, 1170, 87
79, 1180, 87
81, 1190, 87
null
['no' 'no' 'no' 'no' 'no' 'no' 'no' 'no' 'no' 'no']
81, 1190, 87
81, 1200, 88
81, 1210, 89
81, 1220, 89
81, 1230, 89
81, 1240, 87
null
['no' 'no' 'no' 'no' 'no' 'no' 'no' 'no' 'no' 'no']
82, 1240, 87
83, 1250, 89
83, 1260, 90
83, 1270, 90
83, 1280, 91
85, 1290, 89
null
['no' 'no' 'no' 'no' 'no' 'no' 'no' 'no' 'yes' 'no']
null
['no' 'no' 'no' 'no' 'no' 'no' 'no' 'no' 'no' 'no']
{'count': 1860, 'truepos': 57, 'falseneg': 3, 'unknownyes': 2, 'falsepos': 28, 'unique': 1290}
46: Wahono.csv: machine4: 0, 0
6, 10
7, 20, 101
8, 30, 95
11, 40, 92
13, 50, 90
14, 60, 89
15, 70, 77
18, 80, 62
21, 90, 56
22, 100, 63
24, 110, 57
25, 120, 64
26, 130, 57
29, 140, 55
31, 150, 58
31, 160, 60
31, 170, 53
32, 180, 53
32, 190, 59
33, 200, 52
35, 210, 53
35, 220, 54
36, 230, 54
37, 240, 55
38, 250, 54
40, 260, 57
40, 270, 56
41, 280, 56
41, 290, 57
41, 300, 63
41, 310, 56
41, 320, 54
42, 330, 57
43, 340, 58
44, 350, 59
45, 360, 56
45, 370, 61
45, 380, 59
45, 390, 59
45, 400, 58
46, 410, 61
46, 420, 59
46, 430, 58
46, 440, 59
46, 450, 59
46, 460, 60
47, 470, 56
47, 480, 56
48, 490, 57
49, 500, 57
49, 510, 59
49, 520, 58
50, 530, 58
50, 540, 61
51, 550, 58
52, 560, 60
53, 570, 60
54, 580, 63
55, 590, 65
55, 600, 67
55, 610, 66
56, 620, 64
57, 630, 66
60, 640, 67
60, 650, 71
60, 660, 73
60, 670, 72
61, 680, 73
62, 690, 70
63, 700, 74
64, 710, 74
64, 720, 76
64, 730, 75
64, 740, 76
64, 750, 74
64, 760, 74
64, 770, 76
64, 780, 73
64, 790, 75
65, 800, 74
66, 810, 77
67, 820, 77
67, 830, 79
67, 840, 76
68, 850, 77
69, 860, 79
69, 870, 78
69, 880, 80
69, 890, 80
69, 900, 79
69, 910, 79
69, 920, 79
70, 930, 78
70, 940, 78
70, 950, 77
70, 960, 77
70, 970, 79
70, 980, 78
70, 990, 78
71, 1000, 76
72, 1010, 77
72, 1020, 79
72, 1030, 80
72, 1040, 78
72, 1050, 79
72, 1060, 78
72, 1070, 78
72, 1080, 78
72, 1090, 78
72, 1100, 78
72, 1110, 78
72, 1120, 77
72, 1130, 80
72, 1140, 78
72, 1150, 77
72, 1160, 76
73, 1170, 77
73, 1180, 79
73, 1190, 78
74, 1200, 78
75, 1210, 79
75, 1220, 81
76, 1230, 81
77, 1240, 83
78, 1250, 82
78, 1260, 85
79, 1270, 85
79, 1280, 85
81, 1290, 84
81, 1300, 88
81, 1310, 87
82, 1320, 88
82, 1330, 90
82, 1340, 88
82, 1350, 88
82, 1360, 88
83, 1370, 88
83, 1380, 89
83, 1390, 89
83, 1400, 89
83, 1410, 90
83, 1420, 90
83, 1430, 89
83, 1440, 89
83, 1450, 89
83, 1460, 89
83, 1470, 88
83, 1480, 88
83, 1490, 88
83, 1500, 88
83, 1510, 88
83, 1520, 88
83, 1530, 88
83, 1540, 88
{'count': 1900, 'truepos': 52, 'falseneg': 8, 'unknownyes': 2, 'falsepos': 31, 'unique': 1540}
46: Danijel.csv: none: 0, 0
4, 10
5, 20, 97
5, 30, 89
6, 40, 66
8, 50, 53
9, 60, 61
14, 70, 53
17, 80, 71
18, 90, 83
21, 100, 75
21, 110, 76
24, 120, 65
25, 130, 66
29, 140, 60
29, 150, 74
29, 160, 57
31, 170, 55
37, 180, 51
38, 190, 59
38, 200, 54
39, 210, 53
40, 220, 56
41, 230, 59
42, 240, 57
43, 250, 61
43, 260, 61
46, 270, 57
46, 280, 61
48, 290, 59
48, 300, 66
49, 310, 63
51, 320, 61
52, 330, 68
53, 340, 68
54, 350, 70
55, 360, 69
57, 370, 71
58, 380, 75
63, 390, 75
64, 400, 83
65, 410, 84
66, 420, 82
67, 430, 80
67, 440, 85
70, 450, 89
70, 460, 87
70, 470, 86
71, 480, 84
73, 490, 84
73, 500, 90
74, 510, 87
75, 520, 96
76, 530, 92
77, 540, 86
77, 550, 87
79, 560, 87
79, 570, 91
80, 580, 89
83, 590, 91
83, 600, 97
83, 610, 94
83, 620, 93
86, 630, 96
88, 640, 96
89, 650, 98
90, 660, 99
90, 670, 100
90, 680, 99
91, 690, 101
91, 700, 98
91, 710, 101
91, 720, 100
92, 730, 97
92, 740, 100
93, 750, 101
93, 760, 100
93, 770, 100
97, 780, 100
99, 790, 109
100, 800, 107
100, 810, 108
101, 820, 107
103, 830, 112
104, 840, 110
104, 850, 111
105, 860, 114
107, 870, 113
108, 880, 120
110, 890, 120
111, 900, 121
112, 910, 126
112, 920, 124
113, 930, 131
113, 940, 128
113, 950, 130
113, 960, 125
113, 970, 125
113, 980, 124
114, 990, 126
114, 1000, 128
116, 1010, 124
116, 1020, 127
117, 1030, 129
117, 1040, 129
118, 1050, 126
118, 1060, 129
120, 1070, 129
122, 1080, 128
122, 1090, 134
124, 1100, 134
126, 1110, 137
131, 1120, 141
133, 1130, 149
137, 1140, 148
140, 1150, 152
143, 1160, 158
143, 1170, 162
144, 1180, 164
147, 1190, 160
147, 1200, 164
148, 1210, 164
150, 1220, 164
150, 1230, 171
150, 1240, 167
150, 1250, 169
152, 1260, 170
153, 1270, 172
156, 1280, 170
158, 1290, 174
160, 1300, 171
161, 1310, 176
163, 1320, 177
164, 1330, 181
165, 1340, 179
165, 1350, 178
167, 1360, 180
167, 1370, 182
168, 1380, 183
170, 1390, 182
170, 1400, 186
170, 1410, 183
172, 1420, 183
173, 1430, 185
174, 1440, 187
175, 1450, 189
176, 1460, 188
177, 1470, 193
177, 1480, 191
180, 1490, 192
182, 1500, 196
182, 1510, 200
184, 1520, 200
185, 1530, 200
185, 1540, 204
185, 1550, 200
185, 1560, 203
186, 1570, 202
186, 1580, 201
190, 1590, 202
192, 1600, 209
195, 1610, 212
196, 1620, 216
196, 1630, 217
198, 1640, 216
198, 1650, 221
198, 1660, 216
200, 1670, 218
200, 1680, 219
201, 1690, 218
201, 1700, 222
204, 1710, 225
205, 1720, 225
205, 1730, 230
206, 1740, 230
207, 1750, 227
207, 1760, 229
209, 1770, 228
210, 1780, 233
211, 1790, 235
213, 1800, 236
214, 1810, 238
215, 1820, 239
217, 1830, 239
217, 1840, 241
218, 1850, 239
219, 1860, 240
221, 1870, 240
222, 1880, 245
222, 1890, 243
223, 1900, 245
224, 1910, 245
224, 1920, 249
224, 1930, 248
224, 1940, 243
227, 1950, 245
230, 1960, 250
230, 1970, 250
230, 1980, 256
232, 1990, 249
233, 2000, 249
233, 2010, 249
235, 2020, 253
235, 2030, 254
235, 2040, 252
237, 2050, 253
238, 2060, 253
238, 2070, 253
239, 2080, 251
240, 2090, 257
242, 2100, 255
244, 2110, 258
244, 2120, 258
246, 2130, 261
247, 2140, 261
{'count': 2140, 'truepos': 43, 'falseneg': 4, 'unknownyes': 1, 'falsepos': 204, 'unique': 2140}
46: Danijel.csv: three: 0, 0
5, 10
5, 20, 119
5, 30, 101
7, 40, 74
7, 50, 61
9, 60, 46
9, 70, 49
10, 80, 42
11, 90, 45
15, 100, 43
17, 110, 52
19, 120, 52
22, 130, 49
25, 140, 52
30, 150, 54
33, 160, 48
35, 170, 49
36, 180, 51
36, 190, 52
36, 200, 51
36, 210, 49
38, 220, 48
38, 230, 51
40, 240, 50
40, 250, 53
41, 260, 51
42, 270, 52
42, 280, 54
43, 290, 51
43, 300, 55
44, 310, 53
45, 320, 55
45, 330, 56
45, 340, 53
45, 350, 53
45, 360, 53
46, 370, 53
47, 380, 54
47, 390, 54
48, 400, 56
48, 410, 54
49, 420, 58
49, 430, 59
50, 440, 56
51, 450, 58
52, 460, 58
53, 470, 61
53, 480, 59
54, 490, 59
54, 500, 62
54, 510, 61
54, 520, 61
54, 530, 62
55, 540, 59
55, 550, 66
55, 560, 63
56, 570, 62
56, 580, 63
57, 590, 64
57, 600, 64
57, 610, 64
57, 620, 65
57, 630, 64
57, 640, 62
57, 650, 63
57, 660, 63
57, 670, 63
57, 680, 63
57, 690, 63
57, 700, 63
57, 710, 62
57, 720, 65
57, 730, 61
57, 740, 61
58, 750, 62
58, 760, 62
58, 770, 63
58, 780, 62
58, 790, 63
58, 800, 62
58, 810, 63
58, 820, 62
59, 830, 62
59, 840, 66
59, 850, 64
59, 860, 64
60, 870, 63
61, 880, 64
63, 890, 67
63, 900, 72
64, 910, 69
64, 920, 69
64, 930, 71
65, 940, 70
66, 950, 70
67, 960, 75
67, 970, 74
67, 980, 72
69, 990, 75
71, 1000, 76
71, 1010, 79
71, 1020, 76
72, 1030, 80
72, 1040, 76
72, 1050, 82
72, 1060, 82
72, 1070, 82
{'count': 2331, 'truepos': 45, 'falseneg': 1, 'unknownyes': 2, 'falsepos': 27, 'unique': 1070}
46: Danijel.csv: machine: 0, 0
5, 10
8, 20, 110
8, 30, 147
9, 40, 115
11, 50, 103
14, 60, 100
['no' 'no' 'no' 'no' 'no' 'yes' 'yes' 'yes' 'no' 'no']
[]
8, 60, 100
11, 70, 69
15, 80, 69
20, 90, 70
27, 100, 85
31, 110, 114
['no' 'no' 'no' 'yes' 'no' 'no' 'yes' 'yes' 'yes' 'yes']
['no' 'no' 'no' 'yes' 'no' 'no' 'no' 'no' 'no' 'no']
26, 110, 114
27, 120, 77
30, 130, 75
32, 140, 58
37, 150, 55
39, 160, 63
['no' 'no' 'yes' 'no' 'yes' 'no' 'yes' 'no' 'yes' 'yes']
['no' 'no' 'no' 'no' 'no' 'no' 'no' 'no' 'no' 'no']
35, 160, 63
38, 170, 51
39, 180, 57
39, 190, 54
40, 200, 51
40, 210, 52
['yes' 'yes' 'yes' 'yes' 'yes' 'no' 'no' 'no' 'yes' 'yes']
['no' 'no' 'no' 'no' 'no' 'no' 'no' 'no' 'no' 'no']
39, 210, 52
41, 220, 49
42, 230, 52
44, 240, 53
47, 250, 56
48, 260, 60
['no' 'no' 'yes' 'no' 'no' 'no' 'no' 'yes' 'no' 'yes']
['no' 'no' 'no' 'no' 'no' 'no' 'no' 'no' 'no' 'no']
43, 260, 60
44, 270, 52
44, 280, 54
45, 290, 53
46, 300, 53
48, 310, 55
['no' 'no' 'no' 'yes' 'no' 'yes' 'no' 'yes' 'yes' 'no']
['no' 'no' 'no' 'no' 'no' 'no' 'no' 'no' 'no' 'no']
41, 310, 55
43, 320, 48
44, 330, 50
44, 340, 51
45, 350, 51
46, 360, 52
['no' 'yes' 'yes' 'no' 'no' 'no' 'no' 'yes' 'yes' 'yes']
['no' 'no' 'no' 'no' 'no' 'no' 'no' 'no' 'no' 'no']
40, 360, 52
41, 370, 46
41, 380, 46
43, 390, 46
44, 400, 48
45, 410, 51
['yes' 'no' 'no' 'no' 'no' 'yes' 'no' 'yes' 'yes' 'yes']
['yes' 'no' 'no' 'no' 'no' 'no' 'no' 'no' 'no' 'no']
39, 410, 51
39, 420, 45
39, 430, 44
41, 440, 44
44, 450, 46
45, 460, 49
['no' 'no' 'no' 'no' 'no' 'no' 'yes' 'yes' 'no']
['no' 'yes' 'no' 'no' 'no' 'no' 'no' 'no' 'no' 'no']
40, 460, 49
42, 470, 44
43, 480, 46
45, 490, 49
47, 500, 51
47, 510, 55
['yes' 'no' 'no' 'no' 'no' 'no' 'no']
['no' 'no' 'no' 'yes' 'no' 'no' 'no' 'no' 'no' 'no']
42, 510, 55
42, 520, 46
44, 530, 46
44, 540, 49
44, 550, 48
46, 560, 48
['no' 'yes' 'yes' 'yes' 'no']
['yes' 'no' 'no' 'no' 'no' 'no' 'no' 'no' 'no' 'no']
['yes' 'no' 'yes' 'yes' 'no']
['yes' 'no' 'no' 'no' 'no' 'no' 'no' 'no' 'no' 'no']
{'count': 761, 'truepos': 41, 'falseneg': 2, 'unknownyes': 5, 'falsepos': 6, 'unique': 560}
46: Danijel.csv: machine2: 0, 0
4, 10
6, 20, 130
7, 30, 130
10, 40, 128
12, 50, 135
13, 60, 128
['yes' 'yes' 'no' 'no' 'yes' 'yes' 'no' 'no' 'no' 'no']
[]
8, 60, 128
8, 70, 73
8, 80, 64
9, 90, 61
10, 100, 59
10, 110, 57
['no' 'no' 'no' 'no' 'no']
[]
6, 110, 57
10, 120, 59
13, 130, 72
16, 140, 64
19, 150, 65
25, 160, 68
['yes' 'yes' 'yes' 'no' 'yes' 'yes' 'yes' 'no' 'yes' 'yes']
['no' 'no']
23, 160, 68
26, 170, 76
27, 180, 83
28, 190, 74
30, 200, 69
33, 210, 52
['yes' 'yes' 'yes' 'yes' 'no' 'no' 'yes' 'yes' 'yes' 'yes']
['no' 'no' 'no' 'no' 'no' 'no' 'no' 'no' 'no' 'no']
32, 210, 52
35, 220, 52
37, 230, 53
39, 240, 57
39, 250, 59
40, 260, 57
['yes' 'no' 'yes' 'no' 'yes' 'yes' 'yes' 'yes' 'yes' 'no']
['no' 'no' 'no' 'yes' 'no' 'no' 'no' 'no' 'no' 'no']
41, 260, 57
43, 270, 57
45, 280, 58
46, 290, 58
48, 300, 59
49, 310, 61
['no' 'yes' 'no' 'yes' 'yes' 'yes' 'yes' 'no' 'no' 'yes']
['no' 'no' 'no' 'no' 'no' 'no' 'no' 'no' 'no' 'no']
48, 310, 61
49, 320, 63
51, 330, 69
51, 340, 67
55, 350, 63
56, 360, 76
['no' 'yes' 'no' 'no' 'no' 'no' 'no' 'no' 'yes' 'no']
['no' 'no' 'no' 'no' 'no' 'no' 'no' 'no' 'no' 'no']
49, 360, 76
49, 370, 60
51, 380, 59
52, 390, 65
52, 400, 70
52, 410, 65
['no' 'no' 'no' 'no' 'no' 'no' 'yes' 'no' 'yes' 'yes']
['no' 'no' 'no' 'no' 'no' 'no' 'no' 'no' 'no' 'no']
44, 410, 65
47, 420, 53
50, 430, 60
51, 440, 66
52, 450, 65
52, 460, 64
['yes' 'no' 'no' 'no' 'no' 'no' 'no' 'yes' 'no']
['no' 'no' 'no' 'no' 'no' 'no' 'no' 'no' 'no' 'no']
46, 460, 64
46, 470, 54
46, 480, 53
47, 490, 53
49, 500, 54
49, 510, 57
['no' 'yes' 'no']
['no' 'no' 'no' 'no' 'no' 'no' 'no' 'no' 'no' 'no']
49, 510, 57
50, 520, 56
51, 530, 57
51, 540, 60
53, 550, 58
55, 560, 59
['no' 'no' 'no' 'yes' 'no' 'no' 'no' 'no']
['no' 'no' 'no' 'no' 'no' 'no' 'no' 'no' 'no' 'no']
51, 560, 59
52, 570, 57
54, 580, 57
54, 590, 60
54, 600, 60
56, 610, 59
['no' 'no' 'no' 'no' 'yes' 'no']
['no' 'no' 'no' 'no' 'no' 'no' 'no' 'no' 'no' 'no']
52, 610, 59
54, 620, 58
57, 630, 59
58, 640, 64
58, 650, 64
58, 660, 65
['no' 'no' 'no' 'no' 'no' 'no']
['no' 'no' 'no' 'no' 'no' 'no' 'no' 'no' 'no' 'no']
53, 660, 65
53, 670, 58
55, 680, 58
56, 690, 60
58, 700, 62
60, 710, 64
['no' 'yes' 'no' 'no' 'yes' 'no' 'no' 'no']
['no' 'no' 'no' 'no' 'no' 'no' 'no' 'no' 'no' 'no']
54, 710, 64
56, 720, 58
56, 730, 61
58, 740, 62
58, 750, 63
59, 760, 65
['no' 'no' 'no' 'no' 'no']
['no' 'no' 'no' 'no' 'no' 'no' 'no' 'no' 'no' 'no']
55, 760, 65
55, 770, 61
56, 780, 59
57, 790, 61
57, 800, 63
60, 810, 62
['no' 'no' 'no' 'no' 'no']
['no' 'no' 'no' 'no' 'no' 'no' 'no' 'no' 'no' 'no']
['no' 'no' 'no' 'no' 'no']
['no' 'no' 'no' 'no' 'no' 'no' 'no' 'no' 'no' 'no']
{'count': 1138, 'truepos': 44, 'falseneg': 1, 'unknownyes': 3, 'falsepos': 12, 'unique': 810}
46: Danijel.csv: machine3: 0, 0
3, 10
4, 20, 113
5, 30, 99
9, 40, 75
11, 50, 81
13, 60, 75
null
[]
14, 70, 82
14, 80, 65
17, 90, 54
19, 100, 54
22, 110, 53
24, 120, 55
null
[]
28, 130, 52
28, 140, 62
28, 150, 52
31, 160, 48
31, 170, 52
32, 180, 50
null
['no' 'no' 'no' 'no' 'no' 'yes' 'no' 'no' 'yes' 'no']
34, 180, 50
34, 190, 50
34, 200, 49
35, 210, 47
35, 220, 48
35, 230, 46
null
['no' 'no' 'no' 'no' 'no' 'no' 'no' 'no' 'no' 'no']
35, 230, 46
35, 240, 47
36, 250, 44
36, 260, 46
37, 270, 46
38, 280, 46
null
['no' 'no' 'no' 'no' 'no' 'no' 'no' 'no' 'no' 'no']
38, 280, 46
39, 290, 48
39, 300, 49
40, 310, 47
40, 320, 49
40, 330, 48
null
['no' 'no' 'yes' 'no' 'no' 'no' 'no' 'no' 'no' 'no']
41, 330, 48
42, 340, 47
42, 350, 51
42, 360, 50
42, 370, 52
43, 380, 49
null
['no' 'no' 'no' 'no' 'no' 'no' 'no' 'no' 'no' 'no']
43, 380, 49
43, 390, 51
43, 400, 50
44, 410, 50
44, 420, 50
44, 430, 50
null
['no' 'no' 'no' 'no' 'no' 'no' 'no' 'no' 'no' 'no']
44, 430, 50
44, 440, 50
44, 450, 51
44, 460, 51
44, 470, 49
44, 480, 49
null
['no' 'no' 'no' 'no' 'no' 'no' 'no' 'yes' 'no' 'no']
45, 480, 49
45, 490, 50
45, 500, 50
45, 510, 51
45, 520, 51
46, 530, 50
null
['no' 'no' 'no' 'no' 'no' 'no' 'no' 'no' 'no' 'no']
46, 530, 50
46, 540, 51
46, 550, 51
46, 560, 50
46, 570, 50
47, 580, 49
null
['no' 'no' 'no' 'no' 'no' 'no' 'no' 'no' 'no' 'no']
null
['no' 'no' 'no' 'no' 'no' 'no' 'no' 'no' 'no' 'no']
{'count': 798, 'truepos': 43, 'falseneg': 2, 'unknownyes': 3, 'falsepos': 4, 'unique': 580}
46: Danijel.csv: machine4: 0, 0
2, 10
2, 20, 114
4, 30, 79
4, 40, 72
5, 50, 53
6, 60, 54
7, 70, 50
8, 80, 52
9, 90, 52
12, 100, 52
14, 110, 54
15, 120, 54
15, 130, 52
17, 140, 48
19, 150, 52
21, 160, 53
24, 170, 54
25, 180, 57
25, 190, 57
28, 200, 53
28, 210, 55
28, 220, 51
28, 230, 50
29, 240, 49
30, 250, 50
32, 260, 50
33, 270, 54
34, 280, 49
34, 290, 50
34, 300, 51
34, 310, 49
35, 320, 46
36, 330, 49
36, 340, 50
36, 350, 48
36, 360, 47
36, 370, 47
36, 380, 45
38, 390, 44
38, 400, 49
38, 410, 51
38, 420, 48
38, 430, 49
38, 440, 49
38, 450, 48
38, 460, 46
39, 470, 46
39, 480, 47
39, 490, 47
39, 500, 48
39, 510, 47
39, 520, 47
39, 530, 45
40, 540, 47
41, 550, 49
41, 560, 49
41, 570, 49
41, 580, 47
41, 590, 47
41, 600, 47
41, 610, 48
41, 620, 48
41, 630, 46
41, 640, 47
41, 650, 47
41, 660, 47
41, 670, 46
44, 680, 47
45, 690, 50
45, 700, 51
45, 710, 50
45, 720, 51
45, 730, 50
45, 740, 49
46, 750, 50
47, 760, 51
47, 770, 52
47, 780, 52
48, 790, 52
48, 800, 53
48, 810, 53
48, 820, 53
48, 830, 52
49, 840, 54
49, 850, 54
50, 860, 56
50, 870, 54
50, 880, 55
50, 890, 54
50, 900, 56
50, 910, 55
51, 920, 54
51, 930, 57
52, 940, 56
52, 950, 57
52, 960, 57
52, 970, 56
52, 980, 57
52, 990, 57
52, 1000, 56
52, 1010, 57
52, 1020, 56
52, 1030, 57
52, 1040, 56
52, 1050, 56
52, 1060, 56
52, 1070, 56
52, 1080, 56
52, 1090, 56
52, 1100, 56
53, 1110, 56
53, 1120, 56
53, 1130, 57
53, 1140, 56
53, 1150, 56
54, 1160, 58
54, 1170, 58
54, 1180, 58
55, 1190, 58
56, 1200, 59
57, 1210, 59
58, 1220, 61
58, 1230, 63
58, 1240, 62
58, 1250, 63
58, 1260, 62
59, 1270, 62
59, 1280, 63
{'count': 1580, 'truepos': 35, 'falseneg': 11, 'unknownyes': 2, 'falsepos': 24, 'unique': 1280}
46: K_all3.csv: none: 0, 0
2, 10
4, 20, 69
6, 30, 68
8, 40, 65
12, 50, 63
14, 60, 63
15, 70, 63
18, 80, 56
18, 90, 60
19, 100, 52
19, 110, 51
19, 120, 47
20, 130, 45
24, 140, 46
25, 150, 54
26, 160, 50
28, 170, 50
30, 180, 52
30, 190, 41
31, 200, 41
35, 210, 40
38, 220, 43
40, 230, 46
41, 240, 53
43, 250, 51
44, 260, 53
45, 270, 53
46, 280, 53
47, 290, 54
47, 300, 55
51, 310, 53
52, 320, 61
55, 330, 60
55, 340, 61
56, 350, 62
57, 360, 65
58, 370, 68
60, 380, 67
61, 390, 69
62, 400, 71
64, 410, 70
66, 420, 73
67, 430, 75
67, 440, 76
69, 450, 75
69, 460, 77
70, 470, 77
71, 480, 77
73, 490, 80
75, 500, 79
75, 510, 79
75, 520, 81
77, 530, 82
78, 540, 82
81, 550, 83
81, 560, 86
83, 570, 86
{'count': 570, 'truepos': 36, 'falseneg': 4, 'unknownyes': 5, 'falsepos': 47, 'unique': 570}
46: K_all3.csv: three: 0, 0
1, 10
2, 20, 92
2, 30, 63
3, 40, 54
5, 50, 43
6, 60, 43
8, 70, 41
14, 80, 41
15, 90, 53
15, 100, 50
16, 110, 44
17, 120, 44
19, 130, 44
24, 140, 46
27, 150, 49
28, 160, 53
28, 170, 51
28, 180, 49
29, 190, 48
31, 200, 48
32, 210, 46
33, 220, 50
33, 230, 45
33, 240, 41
33, 250, 41
33, 260, 41
33, 270, 40
34, 280, 41
34, 290, 40
35, 300, 40
35, 310, 40
36, 320, 39
38, 330, 40
40, 340, 43
40, 350, 45
40, 360, 44
41, 370, 44
41, 380, 45
43, 390, 45
43, 400, 47
44, 410, 46
44, 420, 47
44, 430, 47
45, 440, 47
{'count': 961, 'truepos': 36, 'falseneg': 1, 'unknownyes': 8, 'falsepos': 9, 'unique': 440}
46: K_all3.csv: machine: 0, 0
1, 10
3, 20, 93
7, 30, 65
9, 40, 62
13, 50, 62
14, 60, 74
['yes' 'no' 'yes' 'yes' 'yes' 'no' 'yes' 'yes' 'yes' 'no']
['no']
11, 60, 74
15, 70, 59
17, 80, 64
18, 90, 62
21, 100, 57
23, 110, 59
['yes' 'no' 'yes' 'no' 'yes' 'yes' 'no' 'no' 'yes' 'yes']
['no' 'no']
19, 110, 59
20, 120, 53
22, 130, 49
25, 140, 54
28, 150, 58
29, 160, 60
['no' 'no' 'no' 'yes' 'yes' 'no' 'yes' 'no' 'yes' 'no']
[]
25, 160, 60
27, 170, 52
28, 180, 53
32, 190, 52
34, 200, 45
37, 210, 46
['no' 'yes' 'yes' 'yes' 'no' 'yes' 'yes' 'yes' 'yes' 'no']
['no' 'no' 'no' 'no' 'no' 'no' 'no' 'no' 'no' 'no']
34, 210, 46
38, 220, 45
39, 230, 51
39, 240, 51
39, 250, 52
40, 260, 47
['no' 'no' 'yes' 'yes' 'yes' 'no' 'yes' 'no' 'no' 'no']
['no' 'no' 'no' 'no' 'no' 'no' 'no' 'no' 'no' 'no']
34, 260, 47
34, 270, 41
37, 280, 41
41, 290, 42
41, 300, 47
43, 310, 47
['no' 'no' 'no' 'no' 'no' 'no' 'no' 'no' 'no' 'yes']
['no' 'no' 'no' 'no' 'no' 'no' 'no' 'no' 'no' 'yes']
37, 310, 47
38, 320, 42
40, 330, 42
41, 340, 44
41, 350, 46
43, 360, 45
['no' 'yes' 'no' 'no' 'no' 'yes' 'no' 'no' 'no' 'no']
['no' 'no' 'no' 'no' 'no' 'no' 'no' 'yes' 'no' 'no']
['no' 'no' 'no' 'no' 'no' 'no' 'yes' 'no' 'yes' 'no']
['no' 'no' 'no' 'no' 'no' 'no' 'no' 'no' 'no' 'no']
{'count': 473, 'truepos': 30, 'falseneg': 4, 'unknownyes': 11, 'falsepos': 6, 'unique': 360}
46: K_all3.csv: machine2: 0, 0
1, 10
3, 20, 94
4, 30, 63
7, 40, 59
12, 50, 60
13, 60, 65
['no' 'no' 'yes' 'no' 'yes' 'yes' 'yes' 'yes' 'yes' 'yes']
['no']
10, 60, 65
10, 70, 54
11, 80, 47
13, 90, 47
16, 100, 47
17, 110, 52
['no' 'no' 'no' 'no' 'yes' 'no' 'no' 'no' 'no' 'no']
['no']
9, 110, 52
11, 120, 41
13, 130, 41
14, 140, 43
19, 150, 41
23, 160, 48
['no' 'yes' 'yes' 'yes' 'no' 'no' 'no' 'yes' 'yes' 'yes']
['no']
20, 160, 48
22, 170, 44
25, 180, 46
28, 190, 51
30, 200, 53
31, 210, 39
['no' 'no' 'yes' 'no' 'yes' 'no' 'no' 'yes' 'no' 'no']
['no' 'no' 'no' 'no' 'no' 'no' 'no' 'no' 'no' 'no']
26, 210, 39
28, 220, 48
29, 230, 49
32, 240, 49
35, 250, 41
38, 260, 43
['no' 'yes' 'yes' 'yes' 'yes' 'no' 'no' 'no' 'yes' 'no']
['no' 'no' 'no' 'no' 'no' 'no' 'no' 'no' 'no' 'no']
33, 260, 43
34, 270, 48
35, 280, 47
36, 290, 47
37, 300, 47
37, 310, 47
['no' 'no' 'no' 'no' 'no' 'yes' 'yes' 'yes' 'no' 'yes']
['no' 'no' 'no' 'no' 'no' 'no' 'no' 'no' 'no' 'yes']
32, 310, 47
34, 320, 38
35, 330, 41
36, 340, 41
40, 350, 43
41, 360, 48
['no' 'no' 'no' 'no' 'no' 'no' 'no' 'no' 'no' 'no']
['no' 'no' 'no' 'no' 'no' 'no' 'no' 'no' 'no' 'no']
36, 360, 48
37, 370, 41
40, 380, 42
41, 390, 45
45, 400, 46
46, 410, 48
['no' 'no' 'yes' 'yes' 'yes' 'no' 'no' 'no' 'no' 'no']
['no' 'no' 'no' 'no' 'no' 'no' 'no' 'no' 'no' 'no']
['no' 'no' 'yes' 'yes' 'no' 'yes' 'no' 'no' 'no' 'no']
['no' 'no' 'no' 'no' 'no' 'no' 'no' 'no' 'no' 'no']
{'count': 587, 'truepos': 30, 'falseneg': 2, 'unknownyes': 13, 'falsepos': 12, 'unique': 410}
46: K_all3.csv: machine3: 0, 0
0, 10
2, 20
5, 30, 69
8, 40, 67
8, 50, 72
8, 60, 64
8, 70, 54
null
[]
9, 80, 48
11, 90, 47
17, 100, 48
17, 110, 54
17, 120, 49
18, 130, 47
null
[]
19, 140, 46
21, 150, 45
22, 160, 47
23, 170, 47
24, 180, 46
25, 190, 46
null
['no' 'no']
25, 190, 46
26, 200, 47
27, 210, 47
27, 220, 47
31, 230, 46
31, 240, 47
null
['no' 'no' 'no' 'no' 'no' 'yes' 'no' 'yes' 'no' 'no']
32, 240, 47
32, 250, 45
32, 260, 48
32, 270, 43
32, 280, 40
32, 290, 40
null
['no' 'no' 'no' 'no' 'no' 'no' 'no' 'no' 'no' 'no']
32, 290, 40
32, 300, 40
32, 310, 42
33, 320, 38
34, 330, 38
34, 340, 39
null
['no' 'no' 'no' 'no' 'no' 'no' 'no' 'no' 'no' 'no']
34, 340, 39
34, 350, 39
34, 360, 41
34, 370, 38
34, 380, 37
35, 390, 38
null
['no' 'no' 'no' 'no' 'no' 'no' 'no' 'no' 'no' 'no']
35, 390, 38
36, 400, 39
36, 410, 39
36, 420, 39
36, 430, 39
37, 440, 38
null
['no' 'no' 'no' 'no' 'no' 'no' 'no' 'no' 'no' 'no']
null
['no' 'no' 'no' 'no' 'no' 'no' 'no' 'no' 'no' 'no']
{'count': 618, 'truepos': 32, 'falseneg': 4, 'unknownyes': 9, 'falsepos': 5, 'unique': 440}
46: K_all3.csv: machine4: 0, 0
1, 10
2, 20, 93
4, 30, 63
5, 40, 54
10, 50, 47
11, 60, 57
12, 70, 53
17, 80, 49
17, 90, 59
19, 100, 50
21, 110, 53
22, 120, 54
24, 130, 50
24, 140, 49
24, 150, 47
24, 160, 45
25, 170, 44
25, 180, 45
26, 190, 44
27, 200, 45
28, 210, 45
29, 220, 46
29, 230, 46
29, 240, 45
31, 250, 45
32, 260, 39
33, 270, 39
34, 280, 40
34, 290, 41
36, 300, 39
37, 310, 45
37, 320, 44
39, 330, 44
39, 340, 44
39, 350, 45
39, 360, 45
40, 370, 43
40, 380, 45
41, 390, 44
42, 400, 45
43, 410, 46
43, 420, 46
44, 430, 47
44, 440, 49
45, 450, 47
{'count': 572, 'truepos': 34, 'falseneg': 3, 'unknownyes': 8, 'falsepos': 11, 'unique': 450}

------------------------------------------------------------
Sender: LSF System <lsfadmin@n2d2-9>
Subject: Job 299612: </share/tjmenzie/zyu9/miniconda2/bin/python2.7 runner.py error_hpcc 46> Done

Job </share/tjmenzie/zyu9/miniconda2/bin/python2.7 runner.py error_hpcc 46> was submitted from host <login01.hpc.ncsu.edu> by user <zyu9> in cluster <henry2>.
Job was executed on host(s) <2*n2d2-9>, in queue <single_chassis>, as user <zyu9> in cluster <henry2>.
</home/zyu9> was used as the home directory.
</home/zyu9/projects/MAR_HPC/Error/src> was used as the working directory.
Started at Mon Nov  6 09:14:01 2017
Results reported at Mon Nov  6 15:36:06 2017

Your job looked like:

------------------------------------------------------------
# LSBATCH: User input
/share/tjmenzie/zyu9/miniconda2/bin/python2.7 runner.py error_hpcc 46
------------------------------------------------------------

Successfully completed.

Resource usage summary:

    CPU time   :  25678.52 sec.
    Max Memory :       188 MB
    Max Swap   :      1206 MB

    Max Processes  :         3
    Max Threads    :         8

The output (if any) is above this job summary.



PS:

Read file <./err/46.err.299612> for stderr output of this job.

