48: Hall.csv: none: 0, 0
6, 10
9, 20, 102
13, 30, 105
15, 40, 123
20, 50, 118
23, 60, 124
26, 70, 128
30, 80, 129
38, 90, 107
43, 100, 109
50, 110, 113
57, 120, 114
65, 130, 115
71, 140, 119
76, 150, 124
81, 160, 138
83, 170, 133
88, 180, 134
92, 190, 141
93, 200, 147
97, 210, 121
99, 220, 131
104, 230, 130
108, 240, 130
110, 250, 136
111, 260, 133
112, 270, 132
112, 280, 147
113, 290, 131
115, 300, 134
116, 310, 135
117, 320, 135
117, 330, 135
119, 340, 135
120, 350, 136
121, 360, 138
121, 370, 139
122, 380, 138
122, 390, 136
122, 400, 138
125, 410, 135
127, 420, 141
127, 430, 147
127, 440, 144
131, 450, 144
132, 460, 154
135, 470, 150
137, 480, 161
140, 490, 170
141, 500, 175
143, 510, 172
143, 520, 180
143, 530, 175
143, 540, 175
144, 550, 165
146, 560, 168
146, 570, 169
146, 580, 166
147, 590, 166
149, 600, 169
149, 610, 168
151, 620, 167
152, 630, 172
152, 640, 173
152, 650, 179
153, 660, 174
155, 670, 180
155, 680, 182
156, 690, 186
157, 700, 187
157, 710, 184
157, 720, 183
158, 730, 180
159, 740, 183
160, 750, 181
162, 760, 183
162, 770, 183
163, 780, 186
163, 790, 184
164, 800, 189
164, 810, 185
165, 820, 184
166, 830, 184
166, 840, 187
167, 850, 187
168, 860, 186
169, 870, 186
170, 880, 184
170, 890, 187
170, 900, 188
171, 910, 187
173, 920, 187
173, 930, 192
173, 940, 191
173, 950, 189
175, 960, 188
175, 970, 194
176, 980, 192
176, 990, 191
179, 1000, 190
181, 1010, 195
183, 1020, 194
183, 1030, 199
183, 1040, 199
185, 1050, 197
186, 1060, 199
186, 1070, 203
187, 1080, 200
188, 1090, 204
188, 1100, 205
189, 1110, 205
191, 1120, 206
193, 1130, 211
195, 1140, 209
196, 1150, 213
197, 1160, 214
199, 1170, 216
199, 1180, 218
202, 1190, 218
203, 1200, 221
204, 1210, 225
204, 1220, 223
205, 1230, 225
205, 1240, 224
207, 1250, 224
207, 1260, 224
209, 1270, 229
209, 1280, 227
210, 1290, 227
210, 1300, 228
213, 1310, 229
216, 1320, 233
217, 1330, 238
218, 1340, 241
218, 1350, 238
220, 1360, 241
221, 1370, 241
222, 1380, 243
222, 1390, 247
223, 1400, 243
225, 1410, 245
226, 1420, 245
227, 1430, 248
227, 1440, 246
227, 1450, 252
227, 1460, 245
228, 1470, 246
228, 1480, 248
230, 1490, 249
231, 1500, 249
234, 1510, 250
235, 1520, 257
236, 1530, 262
236, 1540, 261
238, 1550, 258
240, 1560, 261
240, 1570, 262
240, 1580, 258
241, 1590, 258
242, 1600, 261
244, 1610, 263
244, 1620, 261
246, 1630, 261
247, 1640, 268
249, 1650, 265
249, 1660, 267
251, 1670, 268
251, 1680, 268
252, 1690, 268
254, 1700, 271
255, 1710, 273
256, 1720, 277
257, 1730, 275
258, 1740, 276
259, 1750, 277
260, 1760, 279
262, 1770, 278
263, 1780, 284
265, 1790, 283
267, 1800, 282
268, 1810, 282
268, 1820, 286
269, 1830, 286
274, 1840, 288
274, 1850, 292
275, 1860, 292
276, 1870, 293
278, 1880, 294
280, 1890, 293
280, 1900, 298
280, 1910, 295
283, 1920, 298
284, 1930, 300
286, 1940, 299
286, 1950, 304
286, 1960, 303
{'count': 1960, 'truepos': 95, 'falseneg': 8, 'unknownyes': 3, 'falsepos': 191, 'unique': 1960}
48: Hall.csv: three: 0, 0
8, 10
10, 20, 124
13, 30, 123
15, 40, 129
15, 50, 114
19, 60, 106
23, 70, 103
25, 80, 113
28, 90, 121
31, 100, 130
39, 110, 95
46, 120, 96
50, 130, 106
55, 140, 101
62, 150, 103
70, 160, 106
70, 170, 108
74, 180, 101
77, 190, 104
82, 200, 101
85, 210, 103
89, 220, 100
89, 230, 113
94, 240, 104
96, 250, 107
98, 260, 113
100, 270, 117
101, 280, 115
102, 290, 114
102, 300, 118
102, 310, 118
104, 320, 113
104, 330, 117
104, 340, 115
104, 350, 115
105, 360, 116
105, 370, 114
105, 380, 116
106, 390, 115
106, 400, 115
107, 410, 116
107, 420, 116
107, 430, 117
107, 440, 118
107, 450, 119
107, 460, 116
107, 470, 114
107, 480, 117
107, 490, 114
107, 500, 115
108, 510, 116
108, 520, 115
108, 530, 116
108, 540, 115
108, 550, 116
108, 560, 115
109, 570, 114
109, 580, 118
109, 590, 118
109, 600, 116
109, 610, 116
110, 620, 115
110, 630, 118
110, 640, 116
110, 650, 116
111, 660, 117
{'count': 1432, 'truepos': 97, 'falseneg': 5, 'unknownyes': 4, 'falsepos': 14, 'unique': 660}
48: Hall.csv: machine: 0, 0
8, 10
12, 20, 125
14, 30, 142
17, 40, 144
18, 50, 138
20, 60, 134
['yes' 'yes' 'yes' 'no' 'yes' 'yes' 'yes' 'yes' 'yes' 'yes']
['no' 'no' 'no']
19, 60, 134
20, 70, 132
22, 80, 121
25, 90, 121
28, 100, 133
32, 110, 140
['yes' 'yes' 'yes' 'yes' 'yes' 'yes' 'yes' 'yes' 'yes' 'yes']
['no' 'no' 'no' 'no' 'no' 'no' 'no' 'yes' 'no' 'no']
30, 110, 140
36, 120, 100
41, 130, 102
48, 140, 107
53, 150, 109
58, 160, 105
['no' 'yes' 'yes' 'yes' 'yes' 'yes' 'yes' 'yes' 'yes' 'yes']
['yes' 'no' 'no' 'no' 'no' 'no' 'no' 'yes' 'no' 'no']
60, 160, 105
65, 170, 105
69, 180, 104
73, 190, 109
79, 200, 110
80, 210, 124
['yes' 'yes' 'no' 'no' 'yes' 'yes' 'yes' 'yes' 'yes' 'yes']
['no' 'no' 'no' 'no' 'no' 'no' 'no' 'no' 'no' 'no']
74, 210, 124
76, 220, 110
79, 230, 103
83, 240, 106
88, 250, 104
91, 260, 109
['yes' 'yes' 'yes' 'yes' 'no' 'yes' 'yes' 'yes' 'no' 'no']
['no' 'no' 'no' 'no' 'no' 'no' 'no' 'no' 'no' 'no']
92, 260, 109
94, 270, 116
98, 280, 111
99, 290, 116
102, 300, 116
105, 310, 119
['yes' 'no' 'no' 'no' 'yes' 'yes' 'no' 'yes' 'yes' 'yes']
['yes' 'no' 'no' 'no' 'no' 'no' 'yes' 'no' 'no' 'no']
102, 310, 119
104, 320, 115
104, 330, 120
105, 340, 119
106, 350, 115
108, 360, 117
['yes' 'yes' 'no' 'no' 'no' 'yes' 'yes' 'yes' 'no' 'yes']
['yes' 'no' 'no' 'no' 'yes' 'yes' 'no' 'yes' 'no' 'yes']
109, 360, 117
110, 370, 118
112, 380, 118
114, 390, 123
115, 400, 125
115, 410, 127
['no' 'no' 'no' 'yes' 'yes' 'no' 'yes' 'yes' 'yes' 'yes']
['no' 'no' 'no' 'no' 'no' 'no' 'no' 'no' 'no' 'no']
111, 410, 127
114, 420, 118
115, 430, 126
118, 440, 129
119, 450, 132
121, 460, 132
['no' 'no' 'no' 'no' 'no' 'no' 'yes' 'no' 'no' 'no']
['no' 'no' 'no' 'no' 'no' 'no' 'no' 'yes' 'no' 'no']
113, 460, 132
116, 470, 127
116, 480, 129
118, 490, 130
119, 500, 134
122, 510, 134
['no' 'no' 'no' 'no' 'no' 'no' 'no' 'no' 'no' 'yes']
['no' 'no' 'no' 'no' 'no' 'no' 'no' 'no' 'no' 'no']
116, 510, 134
118, 520, 127
118, 530, 129
118, 540, 133
122, 550, 133
123, 560, 142
['no' 'no' 'no' 'yes' 'no' 'no' 'no' 'no' 'no' 'no']
['no' 'no' 'no' 'no' 'no' 'no' 'no' 'no' 'no' 'no']
114, 560, 142
115, 570, 126
115, 580, 128
115, 590, 127
117, 600, 128
120, 610, 131
['no' 'no' 'no' 'no' 'no' 'no' 'yes' 'no' 'no' 'no']
['no' 'yes' 'no' 'no' 'no' 'no' 'no' 'no' 'no' 'no']
114, 610, 131
114, 620, 123
115, 630, 121
115, 640, 122
116, 650, 123
116, 660, 124
['no' 'no' 'no' 'no' 'no' 'no' 'no' 'no' 'no' 'no']
['no' 'no' 'no' 'no' 'no' 'no' 'yes' 'no' 'no' 'no']
107, 660, 124
['no' 'no' 'no' 'no' 'no' 'no' 'no' 'no' 'no' 'yes']
['no' 'no' 'no' 'no' 'no' 'no' 'no' 'no' 'no' 'yes']
{'count': 933, 'truepos': 91, 'falseneg': 9, 'unknownyes': 6, 'falsepos': 10, 'unique': 660}
48: Hall.csv: machine2: 0, 0
7, 10
12, 20, 111
16, 30, 136
17, 40, 154
17, 50, 141
18, 60, 131
['yes' 'yes' 'yes' 'yes' 'yes' 'yes' 'yes' 'no' 'no' 'yes']
['no']
17, 60, 131
19, 70, 121
22, 80, 110
25, 90, 101
31, 100, 109
37, 110, 103
['no' 'yes' 'yes' 'yes' 'yes' 'yes' 'yes' 'yes' 'yes' 'yes']
['no' 'no' 'yes' 'no' 'no' 'no' 'no' 'no' 'no' 'no']
38, 110, 103
46, 120, 99
49, 130, 105
51, 140, 100
55, 150, 91
58, 160, 91
['yes' 'yes' 'yes' 'yes' 'yes' 'yes' 'yes' 'yes' 'yes' 'yes']
['no' 'no' 'no' 'yes' 'no' 'yes' 'no' 'no' 'no' 'no']
61, 160, 91
67, 170, 93
68, 180, 108
71, 190, 97
73, 200, 98
76, 210, 98
['yes' 'yes' 'yes' 'yes' 'yes' 'yes' 'no' 'yes' 'yes' 'yes']
['no' 'yes' 'no' 'no' 'no' 'no' 'no' 'no' 'no' 'no']
77, 210, 98
81, 220, 99
85, 230, 100
89, 240, 101
92, 250, 107
96, 260, 110
['no' 'no' 'yes' 'yes' 'yes' 'yes' 'yes' 'yes' 'yes' 'no']
['no' 'no' 'yes' 'yes' 'no' 'no' 'no' 'no' 'no' 'no']
95, 260, 110
100, 270, 110
103, 280, 120
104, 290, 125
106, 300, 121
108, 310, 126
['no' 'yes' 'yes' 'yes' 'no' 'yes' 'yes' 'yes' 'yes' 'no']
['no' 'no' 'yes' 'no' 'no' 'no' 'no' 'no' 'no' 'no']
106, 310, 126
107, 320, 122
108, 330, 126
110, 340, 125
111, 350, 125
111, 360, 130
['no' 'no' 'no' 'yes' 'yes' 'yes' 'yes' 'yes' 'no' 'yes']
['no' 'no' 'no' 'no' 'no' 'no' 'no' 'no' 'no' 'no']
108, 360, 130
108, 370, 121
108, 380, 124
110, 390, 122
110, 400, 121
112, 410, 123
['no' 'no' 'no' 'no' 'no' 'no' 'yes' 'yes' 'yes' 'yes']
['no' 'no' 'no' 'no' 'no' 'no' 'no' 'no' 'no' 'no']
110, 410, 123
110, 420, 120
111, 430, 118
113, 440, 119
114, 450, 124
115, 460, 125
['no' 'yes' 'yes' 'no' 'no' 'yes' 'yes' 'yes' 'no' 'yes']
['no' 'no' 'no' 'no' 'no' 'no' 'no' 'no' 'no' 'no']
111, 460, 125
114, 470, 121
115, 480, 128
115, 490, 129
116, 500, 127
118, 510, 130
['no' 'no' 'no' 'no' 'no' 'no' 'no' 'no' 'no' 'no']
['no' 'no' 'no' 'no' 'no' 'no' 'no' 'no' 'no' 'no']
112, 510, 130
113, 520, 124
113, 530, 124
114, 540, 123
114, 550, 123
116, 560, 122
['no' 'no' 'yes' 'no' 'no' 'no' 'no' 'yes' 'yes' 'yes']
['no' 'no' 'no' 'no' 'no' 'no' 'no' 'no' 'no' 'no']
['no' 'no' 'yes' 'no' 'no' 'no' 'yes' 'no' 'yes' 'yes']
['no' 'no' 'no' 'no' 'no' 'no' 'no' 'no' 'no' 'no']
{'count': 807, 'truepos': 97, 'falseneg': 5, 'unknownyes': 4, 'falsepos': 14, 'unique': 560}
48: Hall.csv: machine3: 0, 0
7, 10
9, 20, 118
10, 30, 126
13, 40, 106
19, 50, 110
21, 60, 122
null
['no']
21, 60, 122
22, 70, 128
24, 80, 126
27, 90, 120
31, 100, 111
35, 110, 91
null
['no' 'yes' 'no' 'no' 'yes' 'no' 'no' 'no' 'no' 'yes']
37, 110, 91
43, 120, 102
47, 130, 107
52, 140, 107
56, 150, 116
61, 160, 106
null
['no' 'no' 'no' 'no' 'no' 'no' 'yes' 'yes' 'yes' 'no']
64, 160, 106
69, 170, 112
72, 180, 109
75, 190, 111
78, 200, 106
80, 210, 105
null
['no' 'no' 'no' 'no' 'no' 'no' 'no' 'no' 'no' 'no']
80, 210, 105
82, 220, 109
84, 230, 104
86, 240, 109
88, 250, 110
88, 260, 113
null
['no' 'no' 'yes' 'no' 'no' 'no' 'no' 'no' 'no' 'no']
89, 260, 113
91, 270, 111
92, 280, 110
94, 290, 114
96, 300, 115
97, 310, 112
null
['no' 'no' 'no' 'no' 'no' 'no' 'no' 'no' 'no' 'no']
97, 310, 112
97, 320, 115
97, 330, 115
98, 340, 115
98, 350, 116
98, 360, 115
null
['no' 'no' 'no' 'yes' 'no' 'yes' 'yes' 'no' 'no' 'no']
100, 360, 115
101, 370, 115
101, 380, 118
101, 390, 116
102, 400, 116
102, 410, 115
null
['no' 'no' 'yes' 'no' 'no' 'no' 'no' 'no' 'no' 'no']
103, 410, 115
104, 420, 117
105, 430, 120
105, 440, 121
105, 450, 119
105, 460, 118
null
['no' 'no' 'no' 'no' 'no' 'no' 'no' 'no' 'no' 'no']
105, 460, 118
105, 470, 121
105, 480, 118
105, 490, 118
105, 500, 119
105, 510, 118
null
['no' 'no' 'no' 'no' 'no' 'no' 'no' 'no' 'no' 'no']
106, 510, 118
106, 520, 120
106, 530, 118
106, 540, 118
106, 550, 118
106, 560, 116
null
['no' 'no' 'no' 'no' 'no' 'no' 'no' 'no' 'no' 'no']
106, 560, 116
106, 570, 118
106, 580, 115
106, 590, 115
106, 600, 114
106, 610, 115
null
['no' 'no' 'no' 'no' 'no' 'no' 'no' 'no' 'no' 'no']
106, 610, 115
106, 620, 114
106, 630, 114
106, 640, 115
106, 650, 113
106, 660, 114
null
['no' 'no' 'no' 'no' 'no' 'no' 'no' 'no' 'no' 'no']
106, 660, 114
106, 670, 113
106, 680, 113
106, 690, 114
106, 700, 114
107, 710, 113
null
['no' 'no' 'no' 'no' 'no' 'no' 'no' 'no' 'no' 'no']
107, 710, 113
107, 720, 114
107, 730, 114
108, 740, 113
108, 750, 114
108, 760, 115
null
['no' 'no' 'no' 'no' 'no' 'no' 'no' 'no' 'no' 'no']
108, 760, 115
108, 770, 115
108, 780, 114
108, 790, 114
108, 800, 114
null
['no' 'no' 'no' 'no' 'no' 'no' 'no' 'no' 'no' 'no']
{'count': 1190, 'truepos': 97, 'falseneg': 5, 'unknownyes': 4, 'falsepos': 11, 'unique': 800}
48: Hall.csv: machine4: 0, 0
7, 10
9, 20, 116
10, 30, 113
13, 40, 115
14, 50, 120
18, 60, 123
22, 70, 121
28, 80, 117
31, 90, 123
37, 100, 95
45, 110, 96
50, 120, 100
55, 130, 103
60, 140, 108
60, 150, 108
65, 160, 104
69, 170, 110
72, 180, 103
75, 190, 115
76, 200, 105
78, 210, 100
81, 220, 107
82, 230, 99
84, 240, 104
85, 250, 107
86, 260, 108
86, 270, 100
88, 280, 102
88, 290, 101
90, 300, 103
90, 310, 102
91, 320, 103
92, 330, 102
92, 340, 103
92, 350, 103
92, 360, 106
93, 370, 104
95, 380, 104
96, 390, 109
96, 400, 105
96, 410, 108
96, 420, 105
96, 430, 105
97, 440, 105
97, 450, 107
97, 460, 106
97, 470, 104
97, 480, 105
98, 490, 104
98, 500, 106
98, 510, 106
98, 520, 104
98, 530, 105
98, 540, 105
98, 550, 104
98, 560, 104
{'count': 722, 'truepos': 91, 'falseneg': 11, 'unknownyes': 4, 'falsepos': 7, 'unique': 560}
48: Wahono.csv: none: 0, 0
5, 10
5, 20, 93
8, 30, 88
13, 40, 90
13, 50, 102
14, 60, 87
16, 70, 78
17, 80, 69
21, 90, 63
21, 100, 61
22, 110, 53
23, 120, 53
26, 130, 50
27, 140, 56
29, 150, 53
31, 160, 53
31, 170, 58
34, 180, 54
36, 190, 56
38, 200, 58
41, 210, 61
43, 220, 66
44, 230, 75
46, 240, 72
48, 250, 80
48, 260, 77
51, 270, 78
52, 280, 90
55, 290, 91
58, 300, 102
61, 310, 108
61, 320, 119
62, 330, 114
65, 340, 114
66, 350, 142
69, 360, 126
70, 370, 128
71, 380, 126
71, 390, 125
73, 400, 128
74, 410, 122
74, 420, 118
74, 430, 113
76, 440, 130
78, 450, 118
79, 460, 117
81, 470, 112
81, 480, 112
82, 490, 116
82, 500, 115
84, 510, 118
87, 520, 117
88, 530, 124
88, 540, 130
90, 550, 130
91, 560, 136
93, 570, 134
95, 580, 131
95, 590, 134
96, 600, 144
99, 610, 138
100, 620, 134
101, 630, 134
102, 640, 133
103, 650, 133
104, 660, 133
104, 670, 135
104, 680, 142
105, 690, 134
105, 700, 138
106, 710, 137
107, 720, 140
108, 730, 138
109, 740, 141
110, 750, 149
110, 760, 145
113, 770, 140
114, 780, 147
115, 790, 145
117, 800, 155
119, 810, 156
119, 820, 152
120, 830, 154
120, 840, 152
123, 850, 161
124, 860, 156
125, 870, 157
128, 880, 163
129, 890, 162
131, 900, 163
133, 910, 164
133, 920, 172
134, 930, 169
136, 940, 173
137, 950, 176
137, 960, 179
139, 970, 177
140, 980, 184
140, 990, 184
140, 1000, 190
142, 1010, 179
144, 1020, 187
144, 1030, 187
147, 1040, 185
147, 1050, 193
147, 1060, 190
148, 1070, 186
149, 1080, 182
152, 1090, 186
152, 1100, 186
154, 1110, 187
158, 1120, 186
159, 1130, 198
160, 1140, 202
161, 1150, 199
162, 1160, 202
164, 1170, 204
165, 1180, 207
165, 1190, 209
167, 1200, 206
167, 1210, 204
168, 1220, 211
170, 1230, 220
171, 1240, 203
171, 1250, 205
172, 1260, 208
172, 1270, 205
173, 1280, 209
174, 1290, 208
174, 1300, 212
175, 1310, 208
176, 1320, 208
176, 1330, 209
177, 1340, 204
178, 1350, 213
179, 1360, 206
180, 1370, 214
180, 1380, 220
181, 1390, 220
182, 1400, 214
183, 1410, 213
185, 1420, 212
188, 1430, 222
189, 1440, 224
189, 1450, 224
191, 1460, 225
192, 1470, 229
193, 1480, 227
195, 1490, 230
196, 1500, 234
196, 1510, 236
198, 1520, 232
200, 1530, 241
201, 1540, 244
203, 1550, 243
204, 1560, 245
205, 1570, 247
208, 1580, 248
209, 1590, 261
210, 1600, 255
210, 1610, 250
212, 1620, 255
213, 1630, 261
215, 1640, 268
216, 1650, 259
216, 1660, 265
218, 1670, 258
220, 1680, 265
221, 1690, 265
221, 1700, 275
222, 1710, 267
223, 1720, 262
224, 1730, 267
224, 1740, 270
225, 1750, 273
225, 1760, 272
227, 1770, 274
227, 1780, 275
230, 1790, 269
232, 1800, 275
232, 1810, 279
234, 1820, 278
235, 1830, 277
237, 1840, 285
239, 1850, 290
239, 1860, 290
242, 1870, 290
243, 1880, 290
243, 1890, 292
244, 1900, 297
245, 1910, 292
245, 1920, 295
245, 1930, 295
247, 1940, 296
248, 1950, 295
248, 1960, 297
248, 1970, 294
249, 1980, 296
250, 1990, 301
251, 2000, 301
252, 2010, 296
253, 2020, 302
253, 2030, 304
253, 2040, 299
255, 2050, 302
255, 2060, 299
255, 2070, 299
255, 2080, 300
257, 2090, 296
259, 2100, 305
259, 2110, 306
260, 2120, 307
260, 2130, 305
262, 2140, 303
263, 2150, 312
264, 2160, 306
265, 2170, 309
266, 2180, 305
266, 2190, 308
268, 2200, 312
270, 2210, 313
270, 2220, 311
270, 2230, 312
271, 2240, 309
272, 2250, 311
274, 2260, 308
276, 2270, 311
277, 2280, 314
279, 2290, 317
279, 2300, 319
279, 2310, 316
280, 2320, 318
281, 2330, 315
282, 2340, 318
282, 2350, 318
283, 2360, 319
285, 2370, 319
285, 2380, 323
286, 2390, 320
289, 2400, 324
291, 2410, 329
292, 2420, 331
293, 2430, 330
293, 2440, 331
294, 2450, 328
295, 2460, 331
296, 2470, 332
297, 2480, 330
297, 2490, 333
299, 2500, 333
299, 2510, 334
302, 2520, 335
302, 2530, 336
305, 2540, 333
306, 2550, 342
307, 2560, 347
309, 2570, 338
310, 2580, 342
310, 2590, 348
310, 2600, 345
310, 2610, 347
311, 2620, 343
313, 2630, 342
313, 2640, 349
314, 2650, 349
316, 2660, 344
319, 2670, 348
320, 2680, 351
320, 2690, 351
321, 2700, 351
322, 2710, 352
323, 2720, 357
323, 2730, 353
326, 2740, 353
326, 2750, 362
327, 2760, 358
327, 2770, 359
327, 2780, 359
331, 2790, 359
332, 2800, 361
332, 2810, 363
333, 2820, 363
335, 2830, 360
335, 2840, 360
337, 2850, 365
337, 2860, 365
337, 2870, 366
338, 2880, 363
338, 2890, 368
338, 2900, 368
338, 2910, 366
338, 2920, 362
339, 2930, 365
340, 2940, 365
342, 2950, 366
342, 2960, 372
342, 2970, 369
342, 2980, 370
343, 2990, 370
344, 3000, 370
344, 3010, 375
346, 3020, 371
347, 3030, 371
347, 3040, 373
348, 3050, 371
348, 3060, 376
350, 3070, 374
351, 3080, 374
352, 3090, 375
352, 3100, 377
353, 3110, 376
353, 3120, 379
353, 3130, 377
355, 3140, 376
356, 3150, 379
356, 3160, 381
358, 3170, 379
358, 3180, 384
358, 3190, 381
361, 3200, 382
363, 3210, 384
364, 3220, 388
364, 3230, 387
366, 3240, 388
367, 3250, 391
368, 3260, 393
368, 3270, 392
368, 3280, 390
368, 3290, 391
370, 3300, 391
371, 3310, 394
371, 3320, 394
371, 3330, 395
373, 3340, 395
373, 3350, 395
374, 3360, 393
376, 3370, 396
376, 3380, 403
377, 3390, 399
377, 3400, 399
380, 3410, 398
381, 3420, 403
381, 3430, 404
382, 3440, 402
383, 3450, 403
384, 3460, 405
384, 3470, 407
386, 3480, 405
387, 3490, 410
387, 3500, 411
388, 3510, 408
390, 3520, 409
390, 3530, 412
{'count': 3530, 'truepos': 55, 'falseneg': 5, 'unknownyes': 2, 'falsepos': 335, 'unique': 3530}
48: Wahono.csv: three: 0, 0
6, 10
8, 20, 101
11, 30, 106
12, 40, 103
14, 50, 99
14, 60, 103
16, 70, 82
19, 80, 80
19, 90, 83
22, 100, 68
25, 110, 67
27, 120, 71
28, 130, 68
33, 140, 64
34, 150, 80
36, 160, 83
36, 170, 74
38, 180, 64
38, 190, 68
38, 200, 64
38, 210, 63
38, 220, 68
39, 230, 59
41, 240, 64
42, 250, 63
42, 260, 72
42, 270, 59
43, 280, 65
44, 290, 61
46, 300, 63
47, 310, 62
48, 320, 71
48, 330, 66
48, 340, 68
48, 350, 67
49, 360, 69
49, 370, 71
49, 380, 64
50, 390, 66
50, 400, 63
50, 410, 70
51, 420, 63
52, 430, 66
52, 440, 65
52, 450, 63
52, 460, 64
53, 470, 62
53, 480, 67
54, 490, 66
55, 500, 66
55, 510, 68
55, 520, 69
55, 530, 67
56, 540, 67
56, 550, 73
56, 560, 67
56, 570, 68
56, 580, 64
57, 590, 66
59, 600, 66
60, 610, 71
60, 620, 72
60, 630, 71
60, 640, 71
60, 650, 70
61, 660, 73
62, 670, 71
62, 680, 72
63, 690, 71
63, 700, 73
64, 710, 73
64, 720, 74
65, 730, 74
66, 740, 74
67, 750, 77
67, 760, 79
67, 770, 77
68, 780, 78
68, 790, 79
69, 800, 79
69, 810, 79
69, 820, 81
69, 830, 79
69, 840, 79
69, 850, 80
70, 860, 79
70, 870, 79
70, 880, 78
70, 890, 78
71, 900, 79
72, 910, 79
72, 920, 80
72, 930, 81
72, 940, 81
72, 950, 80
73, 960, 81
74, 970, 80
74, 980, 81
75, 990, 82
75, 1000, 83
75, 1010, 82
76, 1020, 81
76, 1030, 84
76, 1040, 84
76, 1050, 84
77, 1060, 83
77, 1070, 86
77, 1080, 86
77, 1090, 85
77, 1100, 85
78, 1110, 84
79, 1120, 85
79, 1130, 87
80, 1140, 87
80, 1150, 89
80, 1160, 87
80, 1170, 88
80, 1180, 87
80, 1190, 88
80, 1200, 85
81, 1210, 87
81, 1220, 89
82, 1230, 88
82, 1240, 90
82, 1250, 90
82, 1260, 88
83, 1270, 87
83, 1280, 88
83, 1290, 88
83, 1300, 89
83, 1310, 88
84, 1320, 89
84, 1330, 91
84, 1340, 89
85, 1350, 89
85, 1360, 90
85, 1370, 90
85, 1380, 90
85, 1390, 90
85, 1400, 91
86, 1410, 90
86, 1420, 91
87, 1430, 91
87, 1440, 92
88, 1450, 92
88, 1460, 93
88, 1470, 94
{'count': 3173, 'truepos': 57, 'falseneg': 3, 'unknownyes': 2, 'falsepos': 31, 'unique': 1470}
48: Wahono.csv: machine: 0, 0
7, 10
10, 20, 110
11, 30, 121
12, 40, 121
14, 50, 114
16, 60, 113
['yes' 'no' 'yes' 'yes' 'yes' 'no' 'yes' 'yes' 'no' 'yes']
['no']
12, 60, 113
14, 70, 94
14, 80, 89
17, 90, 67
19, 100, 70
21, 110, 63
['yes' 'yes' 'no' 'yes' 'no' 'yes' 'yes' 'yes' 'yes' 'yes']
[]
19, 110, 63
22, 120, 64
24, 130, 65
27, 140, 67
29, 150, 65
34, 160, 65
['yes' 'yes' 'no' 'no' 'no' 'no' 'yes' 'yes' 'yes' 'no']
['no' 'yes' 'no' 'no' 'no' 'no' 'no' 'no' 'no' 'yes']
33, 160, 65
35, 170, 75
39, 180, 70
40, 190, 72
43, 200, 71
45, 210, 82
['yes' 'yes' 'no' 'yes' 'yes' 'no' 'yes' 'yes' 'no' 'no']
['no' 'no' 'no' 'no' 'yes' 'no' 'no' 'no' 'no' 'no']
44, 210, 82
46, 220, 74
46, 230, 79
49, 240, 74
51, 250, 79
51, 260, 74
['no' 'no' 'yes' 'yes' 'yes' 'no' 'yes' 'no' 'yes' 'no']
['no' 'no' 'no' 'no' 'no' 'no' 'no' 'no' 'no' 'no']
51, 260, 74
52, 270, 73
54, 280, 71
55, 290, 79
56, 300, 82
56, 310, 85
['yes' 'no' 'no' 'no' 'yes' 'yes' 'no' 'no' 'yes' 'yes']
['no' 'no' 'no' 'yes' 'no' 'no' 'no' 'no' 'no' 'no']
50, 310, 85
51, 320, 65
52, 330, 67
57, 340, 69
58, 350, 80
59, 360, 87
['no' 'no' 'no' 'yes' 'no' 'no' 'no' 'no' 'no' 'yes']
['no' 'no' 'yes' 'no' 'no' 'no' 'no' 'no' 'no' 'no']
54, 360, 87
55, 370, 74
57, 380, 66
58, 390, 70
60, 400, 73
60, 410, 78
['no' 'no' 'no' 'no' 'no' 'no' 'no' 'no' 'yes' 'yes']
['no' 'no' 'no' 'no' 'no' 'no' 'no' 'no' 'no' 'yes']
54, 410, 78
55, 420, 65
57, 430, 65
58, 440, 72
58, 450, 73
59, 460, 70
['no' 'no' 'no' 'no' 'no' 'no' 'yes' 'no' 'no' 'yes']
['no' 'no' 'no' 'no' 'no' 'no' 'no' 'no' 'no' 'no']
53, 460, 70
53, 470, 63
53, 480, 64
53, 490, 61
55, 500, 62
57, 510, 68
['no' 'no' 'no' 'no' 'no' 'no' 'no' 'no' 'no' 'no']
['no' 'no' 'no' 'no' 'no' 'no' 'no' 'no' 'no' 'no']
48, 510, 68
49, 520, 58
50, 530, 63
50, 540, 58
50, 550, 63
51, 560, 60
['no' 'no' 'no' 'no' 'yes' 'no']
['no' 'no' 'no' 'no' 'no' 'no' 'no' 'no' 'no' 'no']
46, 560, 60
48, 570, 54
50, 580, 56
51, 590, 58
51, 600, 59
53, 610, 59
['no' 'no' 'yes' 'yes' 'yes' 'yes' 'yes']
['no' 'no' 'no' 'no' 'no' 'no' 'no' 'no' 'yes' 'no']
53, 610, 59
57, 620, 60
60, 630, 66
62, 640, 72
63, 650, 74
63, 660, 77
['no' 'no' 'no' 'no' 'no' 'no' 'no' 'no' 'no' 'yes']
['no' 'no' 'no' 'no' 'no' 'no' 'no' 'no' 'no' 'no']
57, 660, 77
57, 670, 64
59, 680, 63
61, 690, 67
61, 700, 70
64, 710, 69
['no' 'no' 'no' 'no' 'no' 'no' 'no' 'no' 'no' 'no']
['no' 'no' 'no' 'no' 'no' 'no' 'no' 'no' 'no' 'no']
55, 710, 69
56, 720, 61
58, 730, 62
60, 740, 65
61, 750, 67
62, 760, 68
['no' 'yes' 'no' 'no' 'yes' 'no' 'no' 'no' 'no' 'no']
['no' 'no' 'no' 'no' 'yes' 'no' 'no' 'no' 'no' 'yes']
57, 760, 68
61, 770, 63
61, 780, 70
62, 790, 68
64, 800, 70
65, 810, 72
['no' 'yes' 'no' 'no' 'yes' 'yes' 'no' 'no' 'no' 'no']
['no' 'no' 'no' 'no' 'no' 'no' 'no' 'no' 'no' 'no']
61, 810, 72
62, 820, 67
62, 830, 69
63, 840, 69
65, 850, 71
66, 860, 74
['no' 'no' 'no' 'no' 'no' 'no']
['no' 'no' 'no' 'no' 'no' 'no' 'no' 'no' 'no' 'no']
61, 860, 74
63, 870, 67
63, 880, 70
63, 890, 70
64, 900, 69
65, 910, 71
['no' 'no' 'yes' 'no']
['no' 'no' 'no' 'no' 'no' 'no' 'no' 'no' 'no' 'no']
62, 910, 71
65, 920, 68
66, 930, 71
66, 940, 72
70, 950, 72
71, 960, 79
['no' 'no' 'no' 'no' 'no' 'no' 'no' 'no' 'no' 'no']
['no' 'no' 'no' 'no' 'no' 'no' 'no' 'no' 'no' 'no']
61, 960, 79
62, 970, 65
62, 980, 68
63, 990, 67
65, 1000, 68
67, 1010, 70
['no' 'no' 'no' 'no' 'yes' 'no']
['no' 'no' 'no' 'no' 'no' 'no' 'no' 'no' 'no' 'no']
['no' 'no' 'yes' 'no' 'no' 'no']
['no' 'no' 'no' 'no' 'no' 'no' 'no' 'no' 'no' 'no']
{'count': 1370, 'truepos': 52, 'falseneg': 7, 'unknownyes': 3, 'falsepos': 11, 'unique': 1010}
48: Wahono.csv: machine2: 0, 0
5, 10
5, 20, 95
9, 30, 90
13, 40, 92
14, 50, 92
16, 60, 88
['no' 'yes' 'yes' 'yes' 'yes' 'yes' 'no' 'yes' 'yes' 'yes']
[]
14, 60, 88
18, 70, 68
19, 80, 66
23, 90, 58
27, 100, 63
33, 110, 69
['no' 'no' 'yes' 'no' 'yes' 'no' 'no' 'no' 'yes' 'yes']
['no' 'no' 'no' 'yes' 'no' 'no' 'no' 'no' 'no' 'no']
29, 110, 69
30, 120, 69
30, 130, 58
32, 140, 53
33, 150, 59
37, 160, 62
['yes' 'yes' 'yes' 'no' 'yes' 'yes' 'yes' 'yes' 'no' 'yes']
['no' 'no' 'no' 'no' 'no' 'no' 'no' 'no' 'no' 'no']
35, 160, 62
36, 170, 63
38, 180, 66
43, 190, 69
43, 200, 86
45, 210, 79
['yes' 'no' 'no' 'yes' 'no' 'no' 'no' 'yes' 'no' 'yes']
['no' 'no' 'no' 'no' 'no' 'no' 'no' 'no' 'no' 'no']
42, 210, 79
44, 220, 76
46, 230, 77
47, 240, 73
48, 250, 78
49, 260, 86
['no' 'yes' 'no' 'yes' 'no' 'yes' 'yes' 'no' 'yes' 'no']
['no' 'no' 'no' 'no' 'no' 'no' 'no' 'no' 'no' 'no']
46, 260, 86
46, 270, 73
47, 280, 72
51, 290, 70
53, 300, 76
56, 310, 86
['no' 'yes' 'no' 'no' 'yes' 'yes' 'no' 'no' 'yes' 'yes']
['no' 'no' 'yes' 'no' 'no' 'no' 'no' 'no' 'no' 'no']
59, 310, 86
61, 320, 85
65, 330, 81
65, 340, 86
67, 350, 82
70, 360, 84
['no' 'no' 'yes' 'no' 'no' 'yes' 'no' 'no' 'yes' 'yes']
['no' 'no' 'no' 'no' 'no' 'no' 'no' 'no' 'no' 'no']
68, 360, 84
68, 370, 86
69, 380, 98
70, 390, 87
72, 400, 95
72, 410, 94
['no' 'no' 'no' 'no' 'no' 'no' 'no' 'yes' 'yes' 'yes']
['no' 'no' 'no' 'no' 'no' 'no' 'no' 'no' 'no' 'no']
69, 410, 94
70, 420, 83
71, 430, 95
72, 440, 90
73, 450, 92
74, 460, 90
['no' 'no' 'no' 'no' 'no' 'no' 'no' 'no' 'no' 'no']
['no' 'no' 'no' 'no' 'no' 'no' 'no' 'no' 'no' 'no']
66, 460, 90
68, 470, 81
68, 480, 80
68, 490, 90
68, 500, 86
70, 510, 84
['no' 'no' 'no' 'no' 'yes' 'no' 'no' 'yes' 'no' 'no']
['no' 'no' 'no' 'no' 'no' 'no' 'no' 'no' 'no' 'no']
64, 510, 84
64, 520, 79
66, 530, 79
67, 540, 79
70, 550, 78
70, 560, 86
['no' 'no' 'no' 'no' 'no' 'no' 'no' 'yes' 'yes' 'yes']
['no' 'no' 'no' 'no' 'no' 'no' 'no' 'no' 'no' 'no']
65, 560, 86
66, 570, 77
66, 580, 76
67, 590, 76
70, 600, 78
73, 610, 82
['no' 'no' 'yes' 'no' 'no' 'no' 'no' 'yes' 'yes' 'no']
['no' 'no' 'no' 'no' 'no' 'no' 'no' 'no' 'no' 'no']
68, 610, 82
68, 620, 79
71, 630, 79
72, 640, 83
75, 650, 87
75, 660, 94
['no' 'no' 'no' 'yes' 'no' 'no' 'no' 'no' 'yes']
['no' 'no' 'no' 'no' 'no' 'no' 'no' 'no' 'no' 'no']
71, 660, 94
72, 670, 86
75, 680, 88
75, 690, 89
75, 700, 89
75, 710, 90
['no' 'no' 'no' 'no']
['no' 'no' 'no' 'no' 'no' 'no' 'no' 'no' 'no' 'no']
72, 710, 90
73, 720, 83
74, 730, 84
76, 740, 85
77, 750, 92
77, 760, 91
['no' 'no' 'no' 'no' 'yes']
['no' 'no' 'no' 'no' 'no' 'no' 'no' 'no' 'no' 'no']
76, 760, 91
78, 770, 87
79, 780, 93
81, 790, 90
83, 800, 94
85, 810, 97
['no' 'no' 'no' 'no' 'no' 'yes' 'no' 'no' 'no' 'no']
['no' 'no' 'no' 'no' 'no' 'no' 'no' 'no' 'no' 'no']
78, 810, 97
79, 820, 88
80, 830, 89
82, 840, 90
82, 850, 96
83, 860, 93
['no' 'no' 'no' 'no' 'no' 'no']
['no' 'no' 'no' 'no' 'no' 'no' 'no' 'no' 'no' 'no']
81, 860, 93
81, 870, 91
82, 880, 89
82, 890, 90
83, 900, 92
83, 910, 91
['no' 'no' 'no']
['no' 'no' 'no' 'no' 'no' 'no' 'no' 'no' 'no' 'no']
83, 910, 91
85, 920, 91
86, 930, 94
86, 940, 94
86, 950, 95
87, 960, 95
['no' 'no' 'no' 'no' 'no' 'no']
['no' 'no' 'no' 'no' 'no' 'no' 'no' 'no' 'no' 'no']
82, 960, 95
83, 970, 89
83, 980, 90
86, 990, 90
88, 1000, 93
89, 1010, 96
['no' 'no' 'no' 'no' 'no' 'no' 'no' 'no']
['no' 'no' 'no' 'no' 'no' 'no' 'no' 'no' 'no' 'no']
82, 1010, 96
82, 1020, 88
82, 1030, 88
82, 1040, 88
83, 1050, 88
84, 1060, 90
['no' 'no']
['no' 'no' 'no' 'no' 'no' 'no' 'no' 'no' 'no' 'no']
82, 1060, 90
83, 1070, 89
85, 1080, 89
86, 1090, 90
87, 1100, 93
88, 1110, 94
['no' 'yes' 'no' 'no' 'no' 'no']
['no' 'no' 'no' 'no' 'no' 'no' 'no' 'no' 'no' 'no']
84, 1110, 94
85, 1120, 90
85, 1130, 91
85, 1140, 91
86, 1150, 92
87, 1160, 91
['no' 'no' 'yes']
['no' 'no' 'no' 'no' 'no' 'no' 'no' 'no' 'no' 'no']
['no' 'no' 'yes']
['no' 'no' 'no' 'no' 'no' 'no' 'no' 'no' 'no' 'no']
{'count': 1663, 'truepos': 55, 'falseneg': 4, 'unknownyes': 3, 'falsepos': 30, 'unique': 1160}
48: Wahono.csv: machine3: 0, 0
6, 10
8, 20, 99
9, 30, 108
11, 40, 99
11, 50, 103
13, 60, 81
null
[]
17, 70, 70
18, 80, 74
19, 90, 65
21, 100, 58
22, 110, 61
24, 120, 57
null
[]
25, 130, 61
26, 140, 57
28, 150, 56
30, 160, 57
35, 170, 61
37, 180, 72
null
['no' 'no' 'no' 'no' 'no' 'no' 'no' 'no' 'no' 'no']
37, 180, 72
38, 190, 73
38, 200, 64
38, 210, 63
38, 220, 62
40, 230, 60
null
['no' 'no' 'no' 'no' 'no' 'no' 'no' 'no' 'no' 'no']
40, 230, 60
42, 240, 61
44, 250, 67
44, 260, 70
44, 270, 68
44, 280, 67
null
['no' 'no' 'no' 'no' 'no' 'no' 'no' 'no' 'no' 'no']
44, 280, 67
44, 290, 63
45, 300, 63
47, 310, 66
47, 320, 69
51, 330, 66
null
['no' 'no' 'no' 'no' 'no' 'no' 'no' 'no' 'no' 'no']
51, 330, 66
53, 340, 75
54, 350, 74
55, 360, 76
57, 370, 74
57, 380, 79
null
['no' 'no' 'no' 'no' 'no' 'no' 'no' 'no' 'no' 'no']
57, 380, 79
58, 390, 75
58, 400, 79
59, 410, 79
60, 420, 80
60, 430, 77
null
['no' 'no' 'no' 'no' 'no' 'no' 'no' 'no' 'no' 'no']
60, 430, 77
60, 440, 78
62, 450, 78
62, 460, 83
62, 470, 82
63, 480, 83
null
['no' 'no' 'no' 'no' 'no' 'no' 'no' 'no' 'no' 'no']
63, 480, 83
63, 490, 81
63, 500, 81
63, 510, 80
63, 520, 81
64, 530, 82
null
['no' 'no' 'no' 'no' 'no' 'no' 'no' 'no' 'no' 'no']
64, 530, 82
65, 540, 81
65, 550, 82
65, 560, 84
65, 570, 82
65, 580, 82
null
['no' 'no' 'no' 'no' 'no' 'no' 'no' 'no' 'no' 'no']
65, 580, 82
65, 590, 81
65, 600, 83
65, 610, 82
65, 620, 81
65, 630, 79
null
['no' 'no' 'no' 'no' 'no' 'no' 'no' 'no' 'no' 'no']
65, 630, 79
65, 640, 78
65, 650, 79
66, 660, 80
66, 670, 82
66, 680, 84
null
['no' 'no' 'no' 'no' 'no' 'no' 'no' 'no' 'no' 'no']
66, 680, 84
67, 690, 79
67, 700, 86
67, 710, 79
67, 720, 80
68, 730, 82
null
['no' 'no' 'no' 'no' 'no' 'no' 'no' 'no' 'no' 'no']
68, 730, 82
68, 740, 82
68, 750, 84
68, 760, 80
69, 770, 86
70, 780, 83
null
['no' 'no' 'no' 'no' 'no' 'no' 'no' 'no' 'no' 'no']
70, 780, 83
70, 790, 81
70, 800, 82
71, 810, 82
72, 820, 82
72, 830, 85
null
['no' 'no' 'no' 'no' 'no' 'no' 'no' 'no' 'no' 'no']
72, 830, 85
72, 840, 84
72, 850, 83
73, 860, 83
73, 870, 85
73, 880, 85
null
['no' 'no' 'no' 'no' 'no' 'no' 'no' 'no' 'no' 'no']
73, 880, 85
73, 890, 83
73, 900, 83
73, 910, 86
73, 920, 85
73, 930, 84
null
['no' 'no' 'no' 'no' 'no' 'no' 'no' 'no' 'no' 'no']
73, 930, 84
73, 940, 83
74, 950, 82
75, 960, 85
75, 970, 84
75, 980, 86
null
['no' 'no' 'no' 'no' 'no' 'no' 'no' 'no' 'no' 'no']
75, 980, 86
75, 990, 85
75, 1000, 84
75, 1010, 84
76, 1020, 84
77, 1030, 85
null
['no' 'no' 'no' 'no' 'no' 'no' 'no' 'no' 'no' 'no']
77, 1030, 85
77, 1040, 87
77, 1050, 87
78, 1060, 88
78, 1070, 88
78, 1080, 85
null
['no' 'no' 'no' 'no' 'no' 'no' 'no' 'no' 'no' 'no']
78, 1080, 85
78, 1090, 87
78, 1100, 87
78, 1110, 87
78, 1120, 86
78, 1130, 87
null
['no' 'no' 'no' 'no' 'no' 'no' 'no' 'no' 'no' 'no']
79, 1130, 87
79, 1140, 88
79, 1150, 87
79, 1160, 86
79, 1170, 87
79, 1180, 86
null
['no' 'no' 'no' 'no' 'no' 'no' 'no' 'no' 'no' 'no']
79, 1180, 86
80, 1190, 86
80, 1200, 88
80, 1210, 88
80, 1220, 86
80, 1230, 88
null
['no' 'no' 'no' 'no' 'no' 'no' 'no' 'no' 'no' 'no']
80, 1230, 88
80, 1240, 88
80, 1250, 86
81, 1260, 87
81, 1270, 89
81, 1280, 89
null
['no' 'no' 'no' 'no' 'no' 'no' 'no' 'no' 'no' 'no']
81, 1280, 89
81, 1290, 89
82, 1300, 88
83, 1310, 89
83, 1320, 90
83, 1330, 90
null
['no' 'no' 'no' 'no' 'no' 'no' 'no' 'no' 'no' 'no']
83, 1330, 90
83, 1340, 90
83, 1350, 90
85, 1360, 91
85, 1370, 94
85, 1380, 93
null
['no' 'no' 'yes' 'no' 'no' 'no' 'no' 'no' 'no' 'no']
86, 1380, 93
86, 1390, 94
87, 1400, 93
87, 1410, 95
87, 1420, 95
87, 1430, 95
null
['no' 'no' 'no' 'no' 'no' 'no' 'no' 'no' 'no' 'no']
88, 1430, 95
89, 1440, 96
89, 1450, 97
89, 1460, 97
89, 1470, 97
89, 1480, 96
null
['no' 'no' 'no' 'no' 'no' 'no' 'no' 'no' 'no' 'no']
89, 1480, 96
89, 1490, 96
89, 1500, 96
89, 1510, 96
90, 1520, 96
90, 1530, 96
null
['no' 'no' 'no' 'no' 'no' 'no' 'no' 'no' 'no' 'no']
90, 1530, 96
90, 1540, 97
90, 1550, 97
90, 1560, 96
90, 1570, 95
90, 1580, 96
null
['no' 'no' 'no' 'no' 'no' 'no' 'no' 'no' 'no' 'no']
90, 1580, 96
90, 1590, 95
90, 1600, 95
90, 1610, 95
90, 1620, 96
90, 1630, 95
null
['no' 'no' 'no' 'no' 'no' 'no' 'no' 'no' 'no' 'no']
90, 1630, 95
90, 1640, 96
90, 1650, 96
90, 1660, 96
90, 1670, 96
90, 1680, 95
null
['no' 'no' 'no' 'no' 'no' 'no' 'no' 'no' 'no' 'no']
90, 1680, 95
90, 1690, 95
90, 1700, 95
90, 1710, 95
null
['no' 'no' 'no' 'no' 'no' 'no' 'no' 'no' 'no' 'no']
{'count': 2412, 'truepos': 59, 'falseneg': 1, 'unknownyes': 2, 'falsepos': 31, 'unique': 1710}
48: Wahono.csv: machine4: 0, 0
6, 10
6, 20, 98
7, 30, 99
10, 40, 96
12, 50, 90
13, 60, 67
15, 70, 56
17, 80, 51
19, 90, 58
21, 100, 56
22, 110, 59
23, 120, 54
24, 130, 52
25, 140, 53
25, 150, 54
26, 160, 52
28, 170, 54
30, 180, 57
31, 190, 53
34, 200, 56
35, 210, 60
36, 220, 70
36, 230, 73
37, 240, 60
40, 250, 65
40, 260, 70
41, 270, 68
42, 280, 63
44, 290, 67
44, 300, 64
44, 310, 63
44, 320, 65
44, 330, 63
45, 340, 64
45, 350, 63
45, 360, 64
45, 370, 59
46, 380, 62
47, 390, 62
47, 400, 61
47, 410, 66
48, 420, 63
48, 430, 65
49, 440, 61
51, 450, 61
51, 460, 63
51, 470, 64
52, 480, 64
52, 490, 64
54, 500, 64
54, 510, 66
54, 520, 68
54, 530, 69
54, 540, 66
55, 550, 66
56, 560, 67
56, 570, 69
57, 580, 69
59, 590, 68
60, 600, 74
62, 610, 76
62, 620, 76
62, 630, 78
62, 640, 77
62, 650, 78
62, 660, 77
62, 670, 76
62, 680, 77
62, 690, 77
62, 700, 73
62, 710, 74
62, 720, 74
62, 730, 75
62, 740, 74
63, 750, 74
64, 760, 75
64, 770, 75
64, 780, 77
64, 790, 79
65, 800, 75
65, 810, 76
65, 820, 76
65, 830, 75
65, 840, 77
66, 850, 75
67, 860, 77
68, 870, 77
68, 880, 80
69, 890, 79
69, 900, 79
69, 910, 78
69, 920, 80
69, 930, 80
69, 940, 80
69, 950, 79
69, 960, 77
70, 970, 77
70, 980, 80
70, 990, 79
70, 1000, 80
70, 1010, 79
70, 1020, 78
71, 1030, 78
72, 1040, 79
72, 1050, 81
72, 1060, 80
72, 1070, 81
72, 1080, 81
72, 1090, 79
72, 1100, 80
72, 1110, 80
72, 1120, 80
72, 1130, 79
72, 1140, 81
72, 1150, 79
72, 1160, 80
72, 1170, 79
72, 1180, 79
72, 1190, 79
72, 1200, 80
72, 1210, 79
72, 1220, 79
72, 1230, 79
72, 1240, 78
72, 1250, 78
72, 1260, 79
72, 1270, 79
72, 1280, 78
73, 1290, 78
73, 1300, 79
73, 1310, 79
73, 1320, 79
73, 1330, 79
74, 1340, 78
75, 1350, 79
75, 1360, 81
75, 1370, 80
75, 1380, 81
75, 1390, 82
75, 1400, 80
76, 1410, 80
76, 1420, 82
76, 1430, 81
76, 1440, 81
76, 1450, 81
76, 1460, 81
76, 1470, 81
76, 1480, 81
{'count': 1827, 'truepos': 53, 'falseneg': 7, 'unknownyes': 2, 'falsepos': 23, 'unique': 1480}
48: Danijel.csv: none: 0, 0
4, 10
4, 20, 122
6, 30, 97
7, 40, 79
10, 50, 60
10, 60, 70
12, 70, 50
15, 80, 48
18, 90, 52
20, 100, 54
23, 110, 55
26, 120, 55
26, 130, 57
29, 140, 54
32, 150, 55
35, 160, 66
37, 170, 73
37, 180, 70
39, 190, 66
41, 200, 70
43, 210, 79
44, 220, 79
45, 230, 76
46, 240, 78
48, 250, 73
49, 260, 75
51, 270, 83
52, 280, 90
52, 290, 83
52, 300, 91
54, 310, 77
56, 320, 82
57, 330, 79
57, 340, 84
58, 350, 78
59, 360, 85
61, 370, 83
65, 380, 80
65, 390, 97
68, 400, 89
70, 410, 98
71, 420, 100
71, 430, 97
72, 440, 94
73, 450, 94
75, 460, 94
77, 470, 93
77, 480, 96
78, 490, 99
79, 500, 94
79, 510, 104
79, 520, 96
79, 530, 95
81, 540, 92
81, 550, 99
82, 560, 95
84, 570, 95
84, 580, 95
84, 590, 98
85, 600, 99
86, 610, 98
87, 620, 99
88, 630, 99
91, 640, 101
92, 650, 102
94, 660, 110
94, 670, 115
96, 680, 118
96, 690, 114
98, 700, 113
100, 710, 118
102, 720, 118
104, 730, 123
107, 740, 123
107, 750, 128
108, 760, 130
110, 770, 128
110, 780, 129
111, 790, 126
113, 800, 128
114, 810, 137
114, 820, 131
117, 830, 130
118, 840, 134
119, 850, 133
120, 860, 134
120, 870, 139
122, 880, 136
123, 890, 138
123, 900, 136
123, 910, 148
124, 920, 138
124, 930, 140
124, 940, 140
125, 950, 141
128, 960, 136
129, 970, 143
132, 980, 146
132, 990, 147
133, 1000, 161
135, 1010, 151
135, 1020, 156
136, 1030, 154
137, 1040, 151
139, 1050, 153
139, 1060, 153
139, 1070, 158
139, 1080, 157
140, 1090, 152
141, 1100, 151
141, 1110, 157
141, 1120, 155
143, 1130, 155
143, 1140, 157
143, 1150, 159
144, 1160, 162
145, 1170, 161
145, 1180, 159
148, 1190, 160
149, 1200, 167
149, 1210, 165
149, 1220, 164
150, 1230, 162
151, 1240, 165
152, 1250, 169
152, 1260, 168
154, 1270, 167
155, 1280, 172
155, 1290, 174
155, 1300, 169
156, 1310, 170
157, 1320, 178
158, 1330, 178
158, 1340, 180
162, 1350, 181
163, 1360, 186
163, 1370, 185
165, 1380, 183
167, 1390, 187
169, 1400, 189
170, 1410, 193
171, 1420, 193
173, 1430, 196
173, 1440, 196
177, 1450, 194
178, 1460, 204
178, 1470, 202
178, 1480, 204
178, 1490, 199
178, 1500, 199
178, 1510, 204
178, 1520, 199
179, 1530, 197
179, 1540, 198
180, 1550, 204
180, 1560, 202
180, 1570, 200
180, 1580, 200
180, 1590, 196
180, 1600, 200
182, 1610, 202
182, 1620, 202
184, 1630, 204
186, 1640, 212
187, 1650, 222
188, 1660, 216
189, 1670, 219
189, 1680, 221
189, 1690, 220
189, 1700, 219
189, 1710, 219
192, 1720, 218
193, 1730, 221
195, 1740, 223
195, 1750, 226
195, 1760, 223
196, 1770, 217
196, 1780, 223
197, 1790, 223
199, 1800, 228
200, 1810, 230
202, 1820, 230
202, 1830, 232
204, 1840, 232
205, 1850, 234
206, 1860, 238
206, 1870, 245
206, 1880, 239
207, 1890, 236
209, 1900, 234
211, 1910, 237
212, 1920, 239
213, 1930, 238
214, 1940, 242
214, 1950, 241
214, 1960, 243
216, 1970, 243
218, 1980, 241
220, 1990, 239
220, 2000, 245
222, 2010, 246
223, 2020, 246
226, 2030, 248
228, 2040, 254
229, 2050, 262
230, 2060, 257
232, 2070, 260
234, 2080, 256
235, 2090, 258
236, 2100, 261
236, 2110, 260
237, 2120, 260
238, 2130, 261
238, 2140, 260
240, 2150, 264
242, 2160, 268
242, 2170, 268
242, 2180, 267
243, 2190, 268
244, 2200, 266
244, 2210, 268
247, 2220, 265
249, 2230, 275
250, 2240, 278
252, 2250, 276
254, 2260, 280
255, 2270, 281
257, 2280, 282
258, 2290, 283
259, 2300, 287
260, 2310, 288
260, 2320, 286
261, 2330, 289
262, 2340, 290
263, 2350, 289
265, 2360, 290
267, 2370, 293
268, 2380, 294
270, 2390, 293
270, 2400, 296
272, 2410, 295
273, 2420, 294
273, 2430, 295
275, 2440, 295
276, 2450, 296
279, 2460, 296
280, 2470, 298
280, 2480, 300
281, 2490, 299
281, 2500, 299
283, 2510, 300
283, 2520, 302
285, 2530, 304
286, 2540, 304
286, 2550, 303
{'count': 2550, 'truepos': 41, 'falseneg': 4, 'unknownyes': 3, 'falsepos': 245, 'unique': 2550}
48: Danijel.csv: three: 0, 0
5, 10
5, 20, 111
7, 30, 94
10, 40, 91
16, 50, 91
18, 60, 100
19, 70, 97
19, 80, 94
20, 90, 66
21, 100, 61
24, 110, 58
26, 120, 56
27, 130, 60
30, 140, 59
32, 150, 48
34, 160, 48
34, 170, 52
36, 180, 49
38, 190, 53
39, 200, 54
39, 210, 53
39, 220, 52
40, 230, 50
42, 240, 56
43, 250, 54
44, 260, 56
45, 270, 55
45, 280, 57
46, 290, 55
46, 300, 59
46, 310, 59
46, 320, 59
47, 330, 57
47, 340, 56
47, 350, 55
48, 360, 55
49, 370, 57
49, 380, 58
49, 390, 58
50, 400, 60
51, 410, 62
52, 420, 63
52, 430, 62
52, 440, 65
53, 450, 63
53, 460, 62
53, 470, 62
54, 480, 61
54, 490, 63
55, 500, 63
55, 510, 63
55, 520, 63
55, 530, 63
56, 540, 63
57, 550, 63
58, 560, 67
58, 570, 68
59, 580, 69
59, 590, 69
59, 600, 70
60, 610, 67
60, 620, 71
60, 630, 71
61, 640, 71
61, 650, 72
61, 660, 72
62, 670, 71
63, 680, 71
63, 690, 75
64, 700, 74
64, 710, 78
65, 720, 81
65, 730, 78
65, 740, 77
65, 750, 78
66, 760, 76
66, 770, 75
67, 780, 76
67, 790, 77
67, 800, 75
67, 810, 75
67, 820, 78
67, 830, 77
67, 840, 75
67, 850, 74
68, 860, 75
68, 870, 79
70, 880, 72
70, 890, 76
70, 900, 77
71, 910, 76
71, 920, 78
71, 930, 76
72, 940, 77
72, 950, 77
72, 960, 77
72, 970, 77
72, 980, 77
72, 990, 76
73, 1000, 78
74, 1010, 80
74, 1020, 82
74, 1030, 80
74, 1040, 78
74, 1050, 79
74, 1060, 81
74, 1070, 78
74, 1080, 79
74, 1090, 80
74, 1100, 78
74, 1110, 79
74, 1120, 78
74, 1130, 79
74, 1140, 78
74, 1150, 78
74, 1160, 78
75, 1170, 78
75, 1180, 80
75, 1190, 79
76, 1200, 80
78, 1210, 81
78, 1220, 89
79, 1230, 85
81, 1240, 86
81, 1250, 90
81, 1260, 90
81, 1270, 91
81, 1280, 90
81, 1290, 90
81, 1300, 88
81, 1310, 88
81, 1320, 86
81, 1330, 87
81, 1340, 88
82, 1350, 88
{'count': 2941, 'truepos': 46, 'falseneg': 0, 'unknownyes': 2, 'falsepos': 36, 'unique': 1350}
48: Danijel.csv: machine: 0, 0
6, 10
8, 20, 116
9, 30, 105
9, 40, 104
10, 50, 98
12, 60, 88
['yes' 'no' 'yes' 'no' 'yes' 'yes' 'yes' 'yes' 'no' 'no']
[]
6, 60, 88
7, 70, 58
8, 80, 55
12, 90, 53
16, 100, 59
19, 110, 59
['yes' 'no' 'yes' 'yes' 'no' 'no' 'yes' 'yes' 'no' 'yes']
[]
15, 110, 59
17, 120, 61
19, 130, 61
20, 140, 57
24, 150, 56
27, 160, 60
['no' 'yes' 'yes' 'yes' 'no' 'no' 'yes' 'no' 'yes' 'yes']
[]
23, 160, 60
28, 170, 61
32, 180, 67
36, 190, 54
37, 200, 60
38, 210, 60
['no' 'yes' 'yes' 'yes' 'yes' 'yes' 'no' 'yes' 'yes' 'yes']
['no' 'no' 'no' 'no' 'no' 'no' 'no' 'no' 'no' 'yes']
37, 210, 60
38, 220, 58
38, 230, 56
39, 240, 55
39, 250, 57
41, 260, 53
['yes' 'yes' 'no' 'no' 'no' 'no' 'yes' 'yes' 'no' 'yes']
['no' 'no' 'no' 'no' 'no' 'no' 'no' 'no' 'no' 'no']
36, 260, 53
38, 270, 48
39, 280, 53
41, 290, 52
41, 300, 55
42, 310, 54
['no' 'yes' 'yes' 'no' 'no' 'no' 'yes' 'yes' 'yes' 'yes']
['no' 'no' 'no' 'no' 'no' 'no' 'no' 'no' 'no' 'no']
38, 310, 54
39, 320, 48
40, 330, 49
41, 340, 51
43, 350, 51
43, 360, 54
['no' 'no' 'yes' 'yes' 'no' 'no' 'no' 'no' 'yes']
['no' 'no' 'no' 'no' 'no' 'no' 'no' 'yes' 'no' 'no']
38, 360, 54
39, 370, 46
40, 380, 47
41, 390, 49
42, 400, 48
43, 410, 51
['no' 'no' 'no' 'no' 'no' 'yes']
['no' 'yes' 'no' 'no' 'no' 'no' 'no' 'no' 'no' 'no']
40, 410, 51
42, 420, 47
43, 430, 50
46, 440, 51
47, 450, 60
48, 460, 60
['no' 'no' 'no' 'no' 'no' 'no' 'no' 'no' 'no']
['no' 'no' 'no' 'no' 'no' 'no' 'no' 'no' 'no' 'no']
43, 460, 60
44, 470, 51
44, 480, 52
46, 490, 52
47, 500, 55
48, 510, 58
['no' 'no' 'no' 'no' 'no' 'no' 'no' 'no' 'no']
['no' 'no' 'no' 'no' 'no' 'no' 'yes' 'no' 'no' 'no']
40, 510, 58
40, 520, 45
40, 530, 46
41, 540, 45
41, 550, 46
44, 560, 46
['no' 'no' 'no' 'no']
['no' 'no' 'no' 'no' 'no' 'no' 'no' 'no' 'no' 'no']
['no' 'no' 'no' 'no']
['no' 'no' 'no' 'no' 'no' 'no' 'no' 'no' 'no' 'no']
{'count': 737, 'truepos': 39, 'falseneg': 4, 'unknownyes': 5, 'falsepos': 1, 'unique': 560}
48: Danijel.csv: machine2: 0, 0
4, 10
4, 20, 123
6, 30, 94
7, 40, 76
7, 50, 55
7, 60, 51
['yes' 'yes' 'yes' 'yes' 'yes' 'yes' 'yes']
[]
7, 60, 51
11, 70, 41
12, 80, 60
17, 90, 51
22, 100, 61
23, 110, 75
['yes' 'yes' 'no' 'yes' 'yes' 'yes' 'no' 'no' 'yes' 'yes']
[]
20, 110, 75
23, 120, 59
26, 130, 60
29, 140, 61
29, 150, 63
31, 160, 58
['yes' 'no' 'yes' 'yes' 'yes' 'yes' 'no' 'yes' 'yes' 'yes']
['no' 'no' 'no' 'no' 'no' 'no' 'no' 'no' 'no' 'no']
30, 160, 58
31, 170, 50
31, 180, 48
33, 190, 44
34, 200, 47
36, 210, 48
['yes' 'no' 'yes' 'no' 'no' 'yes' 'yes' 'no' 'yes' 'yes']
['no' 'no' 'no' 'no' 'no' 'no' 'no' 'yes' 'no' 'no']
33, 210, 48
35, 220, 45
39, 230, 46
42, 240, 52
45, 250, 59
46, 260, 62
['yes' 'no' 'no' 'no' 'yes' 'no' 'yes' 'yes' 'no' 'yes']
['no' 'no' 'no' 'no' 'no' 'no' 'no' 'no' 'no' 'no']
42, 260, 62
44, 270, 54
45, 280, 62
46, 290, 57
48, 300, 58
49, 310, 63
['no' 'no' 'no' 'no' 'no' 'no' 'yes' 'no' 'yes' 'no']
['no' 'no' 'no' 'no' 'no' 'no' 'no' 'no' 'no' 'no']
45, 310, 63
46, 320, 55
47, 330, 59
47, 340, 57
47, 350, 61
47, 360, 59
['no' 'no' 'yes' 'yes' 'yes' 'no' 'yes' 'yes' 'yes']
['no' 'no' 'no' 'no' 'no' 'no' 'no' 'no' 'no' 'no']
44, 360, 59
45, 370, 55
45, 380, 56
47, 390, 57
48, 400, 58
50, 410, 56
['no' 'no' 'no' 'no' 'no' 'no']
['no' 'no' 'no' 'no' 'no' 'no' 'no' 'no' 'no' 'no']
46, 410, 56
47, 420, 52
48, 430, 53
49, 440, 55
51, 450, 56
52, 460, 58
['no' 'no' 'no' 'yes' 'no' 'no' 'no' 'yes']
['no' 'no' 'no' 'no' 'no' 'no' 'no' 'no' 'no' 'no']
47, 460, 58
47, 470, 55
50, 480, 52
51, 490, 59
51, 500, 59
51, 510, 59
['no' 'no' 'no' 'no']
['no' 'no' 'no' 'no' 'no' 'no' 'no' 'no' 'no' 'no']
49, 510, 59
52, 520, 56
54, 530, 60
55, 540, 65
55, 550, 68
55, 560, 65
['no' 'no' 'no' 'no' 'no' 'no' 'no']
['no' 'no' 'no' 'no' 'no' 'no' 'no' 'no' 'no' 'no']
49, 560, 65
51, 570, 54
52, 580, 59
53, 590, 58
54, 600, 60
54, 610, 61
['no' 'no' 'no' 'no' 'yes']
['no' 'no' 'no' 'no' 'no' 'no' 'no' 'no' 'no' 'no']
51, 610, 61
52, 620, 58
53, 630, 59
53, 640, 59
53, 650, 60
55, 660, 60
['no' 'no' 'no' 'no' 'no']
['no' 'no' 'no' 'no' 'no' 'no' 'no' 'no' 'no' 'no']
53, 660, 60
53, 670, 58
55, 680, 59
57, 690, 64
57, 700, 66
58, 710, 66
['no' 'no' 'no' 'no' 'no' 'no' 'no']
['no' 'no' 'no' 'no' 'no' 'no' 'no' 'no' 'no' 'no']
54, 710, 66
54, 720, 60
56, 730, 59
58, 740, 62
58, 750, 64
59, 760, 66
['no' 'no' 'no' 'no' 'no' 'no' 'no']
['no' 'no' 'no' 'no' 'no' 'no' 'no' 'no' 'no' 'no']
55, 760, 66
56, 770, 60
56, 780, 61
59, 790, 61
62, 800, 65
64, 810, 74
['no' 'no' 'no' 'no' 'no' 'no' 'no' 'no' 'no' 'no']
['no' 'no' 'no' 'no' 'no' 'no' 'no' 'no' 'no' 'no']
57, 810, 74
58, 820, 62
59, 830, 63
61, 840, 65
63, 850, 68
63, 860, 73
['no' 'no' 'no' 'no' 'no' 'no' 'no' 'no']
['no' 'no' 'no' 'no' 'no' 'no' 'no' 'no' 'no' 'no']
56, 860, 73
58, 870, 61
58, 880, 64
58, 890, 63
58, 900, 63
58, 910, 63
['no' 'no' 'no']
['no' 'no' 'no' 'no' 'no' 'no' 'no' 'no' 'no' 'no']
59, 910, 63
60, 920, 64
64, 930, 64
65, 940, 70
65, 950, 70
66, 960, 70
['no' 'no' 'no' 'no' 'no' 'no' 'no' 'no' 'no' 'no']
['no' 'no' 'yes' 'no' 'no' 'no' 'no' 'no' 'no' 'no']
59, 960, 70
61, 970, 63
62, 980, 65
63, 990, 67
65, 1000, 72
65, 1010, 72
['no' 'no' 'no' 'no' 'no' 'no' 'yes' 'no' 'no']
['no' 'no' 'no' 'no' 'no' 'no' 'no' 'no' 'no' 'no']
62, 1010, 72
62, 1020, 69
63, 1030, 68
64, 1040, 70
66, 1050, 72
67, 1060, 76
['no' 'no' 'no' 'no' 'no' 'no']
['no' 'no' 'no' 'no' 'no' 'no' 'no' 'no' 'no' 'no']
63, 1060, 76
66, 1070, 68
66, 1080, 73
67, 1090, 72
70, 1100, 71
70, 1110, 79
['no' 'no' 'no' 'no' 'no' 'no' 'no' 'no']
['no' 'no' 'no' 'no' 'no' 'no' 'no' 'no' 'no' 'no']
64, 1110, 79
65, 1120, 70
67, 1130, 73
67, 1140, 76
69, 1150, 76
72, 1160, 78
['no' 'no' 'no' 'no' 'no' 'no' 'no' 'no' 'no']
['no' 'no' 'no' 'no' 'no' 'no' 'no' 'no' 'no' 'no']
66, 1160, 78
67, 1170, 73
67, 1180, 74
70, 1190, 76
70, 1200, 77
72, 1210, 79
['no' 'no' 'no' 'no' 'no' 'no' 'no']
['no' 'no' 'no' 'no' 'no' 'no' 'no' 'no' 'no' 'no']
67, 1210, 79
68, 1220, 73
68, 1230, 75
70, 1240, 76
72, 1250, 78
74, 1260, 80
['no' 'no' 'no' 'no' 'no' 'no' 'no' 'no']
['no' 'no' 'no' 'no' 'no' 'no' 'no' 'no' 'no' 'no']
69, 1260, 80
70, 1270, 75
72, 1280, 78
73, 1290, 85
73, 1300, 84
73, 1310, 83
['no' 'no' 'no' 'no' 'no' 'no']
['no' 'no' 'no' 'no' 'no' 'no' 'no' 'no' 'no' 'no']
68, 1310, 83
68, 1320, 73
68, 1330, 74
69, 1340, 73
69, 1350, 74
69, 1360, 74
['no' 'no']
['no' 'no' 'no' 'no' 'no' 'no' 'no' 'no' 'no' 'no']
67, 1360, 74
69, 1370, 71
70, 1380, 73
70, 1390, 75
73, 1400, 74
73, 1410, 78
['no' 'no' 'no' 'no' 'no' 'no']
['no' 'no' 'no' 'no' 'no' 'no' 'no' 'no' 'no' 'no']
69, 1410, 78
['no']
['no' 'no' 'no' 'no' 'no' 'no' 'no' 'no' 'no' 'no']
{'count': 2019, 'truepos': 44, 'falseneg': 2, 'unknownyes': 2, 'falsepos': 24, 'unique': 1410}
48: Danijel.csv: machine3: 0, 0
4, 10
4, 20, 122
6, 30, 91
8, 40, 75
8, 50, 73
10, 60, 59
null
[]
12, 70, 60
15, 80, 55
17, 90, 61
19, 100, 57
20, 110, 53
21, 120, 50
null
[]
24, 130, 46
24, 140, 48
25, 150, 45
25, 160, 44
26, 170, 43
27, 180, 43
null
[]
30, 190, 43
31, 200, 48
31, 210, 53
31, 220, 51
32, 230, 47
33, 240, 47
null
['no' 'no' 'no' 'no' 'no' 'no' 'no' 'no' 'no' 'no']
33, 240, 47
33, 250, 47
34, 260, 51
35, 270, 47
35, 280, 49
36, 290, 51
null
['no' 'no' 'no' 'no' 'no' 'no' 'no' 'no' 'no' 'no']
36, 290, 51
36, 300, 54
36, 310, 53
37, 320, 47
37, 330, 57
37, 340, 51
null
['no' 'no' 'no' 'no' 'no' 'no' 'no' 'no' 'no' 'no']
38, 340, 51
38, 350, 48
39, 360, 50
39, 370, 50
39, 380, 49
40, 390, 50
null
['yes' 'no' 'no' 'no' 'no' 'no' 'no' 'no' 'no' 'no']
40, 390, 50
40, 400, 51
40, 410, 52
40, 420, 49
40, 430, 49
40, 440, 50
null
['no' 'no' 'no' 'no' 'no' 'no' 'no' 'no' 'no' 'no']
40, 440, 50
40, 450, 52
40, 460, 51
40, 470, 49
41, 480, 49
41, 490, 49
null
['no' 'no' 'no' 'no' 'no' 'no' 'no' 'no' 'no' 'no']
41, 490, 49
41, 500, 50
41, 510, 50
43, 520, 47
43, 530, 51
45, 540, 50
null
['no' 'no' 'no' 'no' 'no' 'no' 'no' 'no' 'no' 'no']
45, 540, 50
45, 550, 50
45, 560, 51
46, 570, 53
46, 580, 53
46, 590, 53
null
['no' 'no' 'no' 'no' 'no' 'no' 'no' 'no' 'no' 'no']
46, 590, 53
46, 600, 51
46, 610, 54
47, 620, 54
47, 630, 55
47, 640, 53
null
['yes' 'no' 'no' 'no' 'no' 'yes' 'no' 'no' 'no' 'yes']
49, 640, 53
50, 650, 55
51, 660, 59
51, 670, 57
51, 680, 60
51, 690, 59
null
['no' 'no' 'no' 'no' 'no' 'no' 'no' 'no' 'no' 'no']
51, 690, 59
53, 700, 57
53, 710, 61
53, 720, 60
53, 730, 60
53, 740, 59
null
['no' 'no' 'no' 'no' 'no' 'yes' 'no' 'no' 'no' 'no']
54, 740, 59
55, 750, 63
56, 760, 61
57, 770, 61
57, 780, 63
57, 790, 61
null
['no' 'no' 'no' 'no' 'no' 'no' 'no' 'no' 'no' 'no']
57, 790, 61
57, 800, 61
57, 810, 62
57, 820, 62
57, 830, 62
57, 840, 63
null
['no' 'no' 'no' 'no' 'no' 'no' 'no' 'no' 'no' 'no']
57, 840, 63
57, 850, 62
57, 860, 63
57, 870, 62
57, 880, 62
57, 890, 61
null
['no' 'no' 'no' 'no' 'no' 'no' 'no' 'no' 'no' 'no']
57, 890, 61
57, 900, 61
null
['no' 'no' 'no' 'no' 'no' 'no' 'no' 'no' 'no' 'no']
{'count': 1290, 'truepos': 40, 'falseneg': 3, 'unknownyes': 5, 'falsepos': 17, 'unique': 900}
48: Danijel.csv: machine4: 0, 0
4, 10
4, 20, 115
6, 30, 98
8, 40, 86
10, 50, 78
11, 60, 67
11, 70, 60
13, 80, 53
15, 90, 51
18, 100, 53
20, 110, 55
20, 120, 56
21, 130, 49
22, 140, 46
24, 150, 44
25, 160, 46
27, 170, 46
28, 180, 48
30, 190, 48
30, 200, 59
30, 210, 54
31, 220, 46
31, 230, 51
33, 240, 47
34, 250, 51
34, 260, 53
34, 270, 53
36, 280, 47
36, 290, 49
37, 300, 49
37, 310, 50
37, 320, 52
38, 330, 46
39, 340, 48
40, 350, 49
41, 360, 49
42, 370, 49
42, 380, 51
42, 390, 50
42, 400, 49
42, 410, 50
44, 420, 48
45, 430, 55
45, 440, 52
45, 450, 52
45, 460, 54
45, 470, 55
46, 480, 52
46, 490, 54
48, 500, 53
48, 510, 54
48, 520, 54
48, 530, 54
48, 540, 55
48, 550, 54
48, 560, 54
48, 570, 52
48, 580, 54
48, 590, 53
48, 600, 53
48, 610, 53
49, 620, 54
50, 630, 54
50, 640, 56
51, 650, 55
51, 660, 57
51, 670, 57
51, 680, 57
51, 690, 56
51, 700, 56
52, 710, 56
52, 720, 56
52, 730, 57
52, 740, 57
52, 750, 59
53, 760, 57
54, 770, 57
54, 780, 60
55, 790, 58
55, 800, 60
56, 810, 62
56, 820, 63
56, 830, 62
56, 840, 62
56, 850, 62
56, 860, 60
56, 870, 61
56, 880, 61
57, 890, 59
{'count': 1087, 'truepos': 40, 'falseneg': 6, 'unknownyes': 2, 'falsepos': 17, 'unique': 890}
48: K_all3.csv: none: 0, 0
1, 10
3, 20, 93
4, 30, 63
4, 40, 60
6, 50, 50
10, 60, 52
15, 70, 60
15, 80, 65
18, 90, 60
21, 100, 60
23, 110, 63
25, 120, 60
26, 130, 60
28, 140, 57
29, 150, 59
30, 160, 56
33, 170, 53
36, 180, 54
37, 190, 60
37, 200, 52
38, 210, 51
40, 220, 56
42, 230, 52
43, 240, 53
44, 250, 54
44, 260, 54
45, 270, 52
46, 280, 52
46, 290, 53
48, 300, 55
50, 310, 63
51, 320, 62
51, 330, 61
52, 340, 60
54, 350, 63
55, 360, 61
56, 370, 61
58, 380, 64
60, 390, 66
62, 400, 71
62, 410, 72
63, 420, 72
65, 430, 68
67, 440, 72
69, 450, 73
69, 460, 77
69, 470, 75
71, 480, 74
72, 490, 77
74, 500, 77
{'count': 500, 'truepos': 32, 'falseneg': 3, 'unknownyes': 10, 'falsepos': 42, 'unique': 500}
48: K_all3.csv: three: 0, 0
3, 10
4, 20, 76
5, 30, 69
6, 40, 63
6, 50, 60
10, 60, 51
13, 70, 65
13, 80, 64
15, 90, 55
16, 100, 55
19, 110, 52
22, 120, 54
23, 130, 60
25, 140, 57
25, 150, 58
25, 160, 55
25, 170, 53
25, 180, 52
28, 190, 51
30, 200, 54
32, 210, 42
32, 220, 42
32, 230, 41
32, 240, 41
34, 250, 38
35, 260, 42
36, 270, 43
36, 280, 44
36, 290, 42
36, 300, 42
36, 310, 41
37, 320, 42
37, 330, 41
38, 340, 41
39, 350, 43
40, 360, 43
40, 370, 44
40, 380, 43
40, 390, 43
40, 400, 43
41, 410, 43
42, 420, 44
42, 430, 45
43, 440, 45
43, 450, 46
{'count': 985, 'truepos': 35, 'falseneg': 1, 'unknownyes': 9, 'falsepos': 8, 'unique': 450}
48: K_all3.csv: machine: 0, 0
1, 10
2, 20, 93
3, 30, 63
6, 40, 54
10, 50, 56
12, 60, 64
['no' 'yes' 'yes' 'yes' 'yes' 'yes' 'yes' 'yes' 'no' 'no']
[]
9, 60, 64
12, 70, 50
14, 80, 49
15, 90, 47
17, 100, 46
19, 110, 48
['yes' 'no' 'no' 'no' 'no' 'no' 'yes' 'yes' 'no' 'no']
[]
13, 110, 48
14, 120, 41
17, 130, 40
19, 140, 44
20, 150, 45
21, 160, 45
['no' 'no' 'no' 'no' 'no' 'no' 'no' 'yes' 'no' 'yes']
[]
13, 160, 45
16, 170, 39
18, 180, 41
21, 190, 42
22, 200, 43
25, 210, 43
['no' 'yes' 'no' 'yes' 'no' 'yes' 'yes' 'yes' 'yes' 'yes']
['no']
22, 210, 43
24, 220, 43
25, 230, 44
28, 240, 44
29, 250, 48
31, 260, 47
['yes' 'yes' 'no' 'no' 'yes' 'yes' 'no' 'yes' 'yes' 'yes']
['no' 'no' 'no' 'no' 'yes' 'no' 'no' 'no' 'no' 'no']
30, 260, 47
33, 270, 38
36, 280, 45
36, 290, 46
38, 300, 46
39, 310, 49
['yes' 'no' 'no' 'no' 'yes' 'yes' 'no' 'no' 'no' 'yes']
['no' 'no' 'no' 'no' 'no' 'no' 'no' 'no' 'no' 'no']
37, 310, 49
38, 320, 45
39, 330, 44
39, 340, 44
39, 350, 44
40, 360, 43
['no' 'no' 'no' 'no' 'no' 'no' 'no' 'yes']
['no' 'no' 'no' 'no' 'no' 'yes' 'no' 'no' 'no' 'no']
34, 360, 43
35, 370, 39
36, 380, 39
37, 390, 40
37, 400, 42
38, 410, 40
['no' 'no' 'no' 'yes']
['no' 'no' 'no' 'no' 'no' 'no' 'no' 'no' 'no' 'no']
['yes' 'no' 'no' 'no']
['no' 'no' 'no' 'no' 'no' 'no' 'no' 'no' 'no' 'no']
{'count': 523, 'truepos': 32, 'falseneg': 2, 'unknownyes': 11, 'falsepos': 4, 'unique': 410}
48: K_all3.csv: machine2: 0, 0
2, 10
3, 20, 71
6, 30, 64
6, 40, 68
9, 50, 55
13, 60, 56
['yes' 'no' 'yes' 'yes' 'no' 'yes' 'yes' 'yes' 'yes' 'no']
[]
10, 60, 56
16, 70, 60
18, 80, 73
21, 90, 66
23, 100, 67
26, 110, 66
['no' 'no' 'yes' 'no' 'yes' 'yes' 'yes' 'yes' 'yes' 'yes']
['no' 'no']
23, 110, 66
25, 120, 54
26, 130, 54
28, 140, 51
28, 150, 55
30, 160, 51
['no' 'yes' 'no' 'no' 'no' 'no' 'no' 'yes' 'yes' 'no']
['no' 'no' 'no' 'no' 'no' 'no' 'no' 'no' 'no' 'no']
26, 160, 51
26, 170, 48
29, 180, 45
29, 190, 52
31, 200, 50
32, 210, 45
['yes' 'no' 'no' 'no' 'no' 'no' 'yes' 'yes' 'no' 'no']
['no' 'no' 'no' 'no' 'no' 'no' 'no' 'no' 'no' 'yes']
30, 210, 45
32, 220, 38
33, 230, 39
35, 240, 46
36, 250, 46
36, 260, 46
['no' 'no' 'yes' 'no' 'no' 'yes' 'yes' 'yes' 'yes' 'no']
['no' 'no' 'no' 'no' 'no' 'no' 'no' 'no' 'no' 'no']
34, 260, 46
36, 270, 41
37, 280, 43
38, 290, 47
41, 300, 46
43, 310, 50
['no' 'no' 'yes' 'no' 'yes' 'no' 'no' 'no' 'no' 'no']
['no' 'no' 'no' 'no' 'no' 'no' 'no' 'no' 'no' 'no']
38, 310, 50
38, 320, 44
39, 330, 44
41, 340, 46
41, 350, 46
43, 360, 44
['no' 'no' 'yes' 'no' 'no' 'no' 'no' 'no' 'no' 'yes']
['no' 'no' 'no' 'no' 'no' 'no' 'no' 'no' 'no' 'no']
['no' 'yes' 'no' 'no' 'no' 'no' 'no' 'no' 'no' 'yes']
['no' 'no' 'no' 'no' 'no' 'no' 'no' 'no' 'no' 'no']
{'count': 517, 'truepos': 29, 'falseneg': 2, 'unknownyes': 14, 'falsepos': 7, 'unique': 360}
48: K_all3.csv: machine3: 0, 0
1, 10
1, 20, 94
2, 30, 83
2, 40, 61
3, 50, 61
4, 60, 53
null
[]
4, 70, 47
4, 80, 44
6, 90, 44
9, 100, 43
10, 110, 46
12, 120, 43
null
['no' 'no']
12, 120, 43
14, 130, 47
14, 140, 48
14, 150, 45
14, 160, 43
15, 170, 42
null
[]
15, 180, 42
17, 190, 42
20, 200, 41
20, 210, 43
20, 220, 43
20, 230, 42
null
['yes']
21, 230, 42
23, 240, 42
23, 250, 43
24, 260, 43
24, 270, 43
24, 280, 43
null
[]
26, 290, 42
26, 300, 44
27, 310, 44
28, 320, 44
29, 330, 45
30, 340, 45
null
['yes' 'no' 'no' 'no' 'no' 'no' 'no' 'no' 'no' 'no']
31, 340, 45
31, 350, 37
32, 360, 38
32, 370, 36
32, 380, 36
33, 390, 36
null
['no' 'yes' 'no' 'no' 'no' 'no' 'no' 'no' 'no' 'no']
34, 390, 36
34, 400, 39
34, 410, 38
35, 420, 38
35, 430, 41
38, 440, 38
null
['no' 'no' 'no' 'no' 'no' 'no' 'no' 'no' 'no' 'no']
null
['no' 'no' 'no' 'no' 'no' 'no' 'no' 'no' 'no' 'no']
{'count': 575, 'truepos': 33, 'falseneg': 3, 'unknownyes': 9, 'falsepos': 5, 'unique': 440}
48: K_all3.csv: machine4: 0, 0
1, 10
2, 20, 92
6, 30, 63
9, 40, 67
10, 50, 63
10, 60, 58
12, 70, 45
12, 80, 48
14, 90, 42
16, 100, 44
16, 110, 44
18, 120, 41
21, 130, 42
23, 140, 45
24, 150, 47
25, 160, 46
25, 170, 45
26, 180, 44
26, 190, 45
29, 200, 44
29, 210, 47
29, 220, 46
30, 230, 45
32, 240, 38
33, 250, 44
33, 260, 43
34, 270, 43
34, 280, 44
35, 290, 42
35, 300, 43
35, 310, 40
36, 320, 39
36, 330, 43
37, 340, 41
37, 350, 44
38, 360, 42
38, 370, 43
38, 380, 41
40, 390, 42
40, 400, 45
40, 410, 43
40, 420, 43
41, 430, 43
41, 440, 44
{'count': 554, 'truepos': 30, 'falseneg': 1, 'unknownyes': 14, 'falsepos': 11, 'unique': 440}

------------------------------------------------------------
Sender: LSF System <lsfadmin@n2d2-13>
Subject: Job 299614: </share/tjmenzie/zyu9/miniconda2/bin/python2.7 runner.py error_hpcc 48> Done

Job </share/tjmenzie/zyu9/miniconda2/bin/python2.7 runner.py error_hpcc 48> was submitted from host <login01.hpc.ncsu.edu> by user <zyu9> in cluster <henry2>.
Job was executed on host(s) <2*n2d2-13>, in queue <single_chassis>, as user <zyu9> in cluster <henry2>.
</home/zyu9> was used as the home directory.
</home/zyu9/projects/MAR_HPC/Error/src> was used as the working directory.
Started at Mon Nov  6 09:14:01 2017
Results reported at Mon Nov  6 14:48:51 2017

Your job looked like:

------------------------------------------------------------
# LSBATCH: User input
/share/tjmenzie/zyu9/miniconda2/bin/python2.7 runner.py error_hpcc 48
------------------------------------------------------------

Successfully completed.

Resource usage summary:

    CPU time   :  22918.30 sec.
    Max Memory :       184 MB
    Max Swap   :      1200 MB

    Max Processes  :         3
    Max Threads    :         8

The output (if any) is above this job summary.



PS:

Read file <./err/48.err.299614> for stderr output of this job.

