49: Hall.csv: none: 0, 0
8, 10
11, 20, 125
15, 30, 128
18, 40, 137
21, 50, 154
22, 60, 168
24, 70, 152
24, 80, 154
24, 90, 138
28, 100, 121
31, 110, 121
38, 120, 117
43, 130, 119
48, 140, 124
53, 150, 115
56, 160, 129
58, 170, 122
63, 180, 114
65, 190, 109
68, 200, 120
70, 210, 118
74, 220, 118
79, 230, 111
80, 240, 108
85, 250, 115
87, 260, 109
91, 270, 110
95, 280, 118
97, 290, 128
100, 300, 126
103, 310, 131
104, 320, 135
106, 330, 130
107, 340, 132
109, 350, 127
110, 360, 132
111, 370, 130
112, 380, 134
114, 390, 134
115, 400, 134
117, 410, 134
120, 420, 145
121, 430, 146
124, 440, 159
125, 450, 153
125, 460, 161
127, 470, 153
128, 480, 152
128, 490, 153
130, 500, 161
131, 510, 161
132, 520, 168
132, 530, 172
133, 540, 156
134, 550, 160
134, 560, 157
136, 570, 167
138, 580, 175
139, 590, 175
142, 600, 180
142, 610, 187
142, 620, 181
145, 630, 174
146, 640, 187
146, 650, 184
148, 660, 184
149, 670, 181
149, 680, 181
150, 690, 180
153, 700, 184
154, 710, 191
155, 720, 190
156, 730, 183
156, 740, 184
157, 750, 192
158, 760, 192
159, 770, 200
161, 780, 195
162, 790, 205
164, 800, 202
164, 810, 198
166, 820, 200
167, 830, 204
168, 840, 202
170, 850, 203
170, 860, 205
171, 870, 196
171, 880, 206
172, 890, 202
172, 900, 212
172, 910, 211
172, 920, 203
173, 930, 210
175, 940, 207
178, 950, 218
179, 960, 224
179, 970, 238
180, 980, 224
180, 990, 223
181, 1000, 217
184, 1010, 224
187, 1020, 230
188, 1030, 233
189, 1040, 225
190, 1050, 229
190, 1060, 230
191, 1070, 228
192, 1080, 225
193, 1090, 227
194, 1100, 232
194, 1110, 239
194, 1120, 223
195, 1130, 225
197, 1140, 226
197, 1150, 225
198, 1160, 229
200, 1170, 228
201, 1180, 232
203, 1190, 231
204, 1200, 237
205, 1210, 237
208, 1220, 236
208, 1230, 240
210, 1240, 236
211, 1250, 247
211, 1260, 247
214, 1270, 244
215, 1280, 246
216, 1290, 246
216, 1300, 248
218, 1310, 242
219, 1320, 252
221, 1330, 253
222, 1340, 247
223, 1350, 256
225, 1360, 258
226, 1370, 269
227, 1380, 263
230, 1390, 262
232, 1400, 272
234, 1410, 262
234, 1420, 270
235, 1430, 266
235, 1440, 268
236, 1450, 263
237, 1460, 271
239, 1470, 272
239, 1480, 270
240, 1490, 270
240, 1500, 270
241, 1510, 268
245, 1520, 274
246, 1530, 280
246, 1540, 281
247, 1550, 280
248, 1560, 273
248, 1570, 276
249, 1580, 275
250, 1590, 281
251, 1600, 284
251, 1610, 278
251, 1620, 280
253, 1630, 282
253, 1640, 278
253, 1650, 279
253, 1660, 277
253, 1670, 282
253, 1680, 280
254, 1690, 277
254, 1700, 288
254, 1710, 285
255, 1720, 285
255, 1730, 281
255, 1740, 280
259, 1750, 281
259, 1760, 297
259, 1770, 290
261, 1780, 301
261, 1790, 293
261, 1800, 296
263, 1810, 294
264, 1820, 294
264, 1830, 298
265, 1840, 299
266, 1850, 299
267, 1860, 302
269, 1870, 294
269, 1880, 306
270, 1890, 310
270, 1900, 299
270, 1910, 297
270, 1920, 296
272, 1930, 300
274, 1940, 300
275, 1950, 299
277, 1960, 298
277, 1970, 303
277, 1980, 303
278, 1990, 303
278, 2000, 298
280, 2010, 300
282, 2020, 303
284, 2030, 305
284, 2040, 310
284, 2050, 310
284, 2060, 307
286, 2070, 306
286, 2080, 311
286, 2090, 309
287, 2100, 307
289, 2110, 307
290, 2120, 309
290, 2130, 308
290, 2140, 308
291, 2150, 308
292, 2160, 312
292, 2170, 312
292, 2180, 316
293, 2190, 309
293, 2200, 313
295, 2210, 313
296, 2220, 318
296, 2230, 320
296, 2240, 315
298, 2250, 316
299, 2260, 319
300, 2270, 321
300, 2280, 326
302, 2290, 328
302, 2300, 333
303, 2310, 331
304, 2320, 329
305, 2330, 336
307, 2340, 330
307, 2350, 337
308, 2360, 332
308, 2370, 334
308, 2380, 332
308, 2390, 333
308, 2400, 335
308, 2410, 334
308, 2420, 334
309, 2430, 332
310, 2440, 334
313, 2450, 331
313, 2460, 340
314, 2470, 338
315, 2480, 340
315, 2490, 340
315, 2500, 338
317, 2510, 338
318, 2520, 345
319, 2530, 340
319, 2540, 342
320, 2550, 348
322, 2560, 345
323, 2570, 349
324, 2580, 348
324, 2590, 350
330, 2600, 345
331, 2610, 354
331, 2620, 356
334, 2630, 356
334, 2640, 361
334, 2650, 359
334, 2660, 360
335, 2670, 363
335, 2680, 362
337, 2690, 360
338, 2700, 361
340, 2710, 365
340, 2720, 370
343, 2730, 363
343, 2740, 372
343, 2750, 369
344, 2760, 370
344, 2770, 370
344, 2780, 370
344, 2790, 366
344, 2800, 367
347, 2810, 366
352, 2820, 371
353, 2830, 379
355, 2840, 378
356, 2850, 382
358, 2860, 383
359, 2870, 381
359, 2880, 382
359, 2890, 383
360, 2900, 383
362, 2910, 387
363, 2920, 390
364, 2930, 390
365, 2940, 395
367, 2950, 392
368, 2960, 396
370, 2970, 393
371, 2980, 395
371, 2990, 396
373, 3000, 398
373, 3010, 400
374, 3020, 401
377, 3030, 402
378, 3040, 406
380, 3050, 403
383, 3060, 407
384, 3070, 410
387, 3080, 411
389, 3090, 416
392, 3100, 419
392, 3110, 420
392, 3120, 419
392, 3130, 418
395, 3140, 420
395, 3150, 425
397, 3160, 423
398, 3170, 425
399, 3180, 427
399, 3190, 426
400, 3200, 427
402, 3210, 427
402, 3220, 430
403, 3230, 430
404, 3240, 433
405, 3250, 430
405, 3260, 433
406, 3270, 433
408, 3280, 432
409, 3290, 432
409, 3300, 433
409, 3310, 432
410, 3320, 432
412, 3330, 432
413, 3340, 435
413, 3350, 436
415, 3360, 436
416, 3370, 439
416, 3380, 438
416, 3390, 443
{'count': 3390, 'truepos': 91, 'falseneg': 13, 'unknownyes': 2, 'falsepos': 325, 'unique': 3390}
49: Hall.csv: three: 0, 0
8, 10
11, 20, 120
13, 30, 125
15, 40, 136
17, 50, 123
20, 60, 123
22, 70, 127
27, 80, 124
29, 90, 124
31, 100, 121
36, 110, 104
43, 120, 109
48, 130, 122
56, 140, 106
61, 150, 125
63, 160, 121
68, 170, 118
74, 180, 114
79, 190, 129
83, 200, 133
84, 210, 128
86, 220, 115
90, 230, 111
90, 240, 110
93, 250, 114
95, 260, 111
96, 270, 115
98, 280, 113
98, 290, 118
101, 300, 112
106, 310, 115
106, 320, 119
106, 330, 119
106, 340, 117
106, 350, 116
106, 360, 119
106, 370, 117
106, 380, 119
106, 390, 119
107, 400, 117
107, 410, 116
108, 420, 118
108, 430, 120
108, 440, 119
109, 450, 119
109, 460, 118
109, 470, 118
109, 480, 119
109, 490, 118
110, 500, 116
110, 510, 119
110, 520, 121
110, 530, 118
111, 540, 116
111, 550, 118
111, 560, 120
112, 570, 119
113, 580, 119
113, 590, 120
114, 600, 120
{'count': 1314, 'truepos': 100, 'falseneg': 2, 'unknownyes': 4, 'falsepos': 14, 'unique': 600}
49: Hall.csv: machine: 0, 0
8, 10
10, 20, 125
16, 30, 120
18, 40, 134
21, 50, 134
22, 60, 143
['yes' 'yes' 'yes' 'no' 'yes' 'yes' 'yes' 'no' 'yes' 'yes']
['no' 'no']
19, 60, 143
21, 70, 121
25, 80, 116
28, 90, 111
31, 100, 114
37, 110, 97
['no' 'yes' 'yes' 'no' 'no' 'yes' 'no' 'yes' 'yes' 'yes']
['yes' 'no' 'no' 'no' 'no' 'no' 'no' 'no' 'no' 'no']
36, 110, 97
43, 120, 92
49, 130, 98
53, 140, 101
56, 150, 102
60, 160, 99
['yes' 'yes' 'yes' 'no' 'no' 'yes' 'yes' 'yes' 'no' 'no']
['no' 'yes' 'no' 'no' 'yes' 'no' 'no' 'no' 'no' 'no']
61, 160, 99
64, 170, 97
68, 180, 100
72, 190, 97
73, 200, 105
77, 210, 97
['no' 'yes' 'no' 'yes' 'yes' 'yes' 'yes' 'yes' 'yes' 'yes']
['no' 'no' 'no' 'yes' 'no' 'yes' 'no' 'no' 'no' 'no']
77, 210, 97
82, 220, 100
86, 230, 107
92, 240, 108
94, 250, 111
94, 260, 111
['no' 'yes' 'yes' 'yes' 'no' 'yes' 'yes' 'yes' 'no' 'yes']
['no' 'no' 'yes' 'no' 'no' 'no' 'no' 'no' 'no' 'no']
92, 260, 111
95, 270, 107
98, 280, 111
99, 290, 111
103, 300, 113
105, 310, 116
['no' 'no' 'no' 'yes' 'yes' 'yes' 'yes' 'yes' 'no' 'yes']
['no' 'no' 'no' 'yes' 'no' 'yes' 'no' 'no' 'no' 'no']
104, 310, 116
106, 320, 113
108, 330, 118
108, 340, 117
110, 350, 116
111, 360, 119
['no' 'no' 'no' 'no' 'no' 'no' 'yes' 'yes' 'yes' 'yes']
['no' 'no' 'no' 'no' 'no' 'no' 'no' 'no' 'no' 'yes']
107, 360, 119
109, 370, 114
109, 380, 117
110, 390, 116
110, 400, 117
111, 410, 117
['no' 'no' 'yes' 'yes' 'yes' 'no' 'yes' 'no' 'yes' 'yes']
['no' 'no' 'no' 'no' 'no' 'no' 'no' 'no' 'no' 'no']
111, 410, 117
113, 420, 118
116, 430, 119
117, 440, 128
118, 450, 125
119, 460, 127
['no' 'no' 'no' 'no' 'no' 'no' 'no' 'no' 'yes' 'yes']
['no' 'no' 'no' 'no' 'no' 'no' 'no' 'no' 'no' 'no']
112, 460, 127
['no' 'no' 'no' 'no' 'yes' 'no' 'yes' 'no' 'no' 'yes']
['yes' 'no' 'no' 'no' 'no' 'no' 'no' 'no' 'no' 'no']
{'count': 652, 'truepos': 89, 'falseneg': 9, 'unknownyes': 8, 'falsepos': 17, 'unique': 460}
49: Hall.csv: machine2: 0, 0
8, 10
11, 20, 125
15, 30, 131
18, 40, 143
19, 50, 152
22, 60, 148
['yes' 'yes' 'yes' 'yes' 'no' 'yes' 'yes' 'yes' 'yes' 'yes']
['no' 'no']
21, 60, 148
22, 70, 143
24, 80, 121
26, 90, 118
30, 100, 105
37, 110, 99
['yes' 'yes' 'yes' 'no' 'yes' 'yes' 'yes' 'yes' 'yes' 'yes']
['no' 'no' 'no' 'no' 'no' 'no' 'no' 'no' 'no' 'no']
36, 110, 99
40, 120, 98
45, 130, 97
52, 140, 99
56, 150, 107
63, 160, 108
['yes' 'yes' 'no' 'yes' 'no' 'yes' 'yes' 'yes' 'yes' 'yes']
['no' 'no' 'no' 'no' 'no' 'no' 'no' 'no' 'no' 'no']
61, 160, 108
68, 170, 100
72, 180, 113
75, 190, 115
79, 200, 112
83, 210, 121
['no' 'no' 'yes' 'yes' 'yes' 'yes' 'yes' 'yes' 'no' 'yes']
['no' 'no' 'no' 'no' 'no' 'no' 'no' 'no' 'no' 'no']
82, 210, 121
85, 220, 112
90, 230, 112
92, 240, 115
95, 250, 114
97, 260, 120
['yes' 'no' 'no' 'no' 'yes' 'yes' 'yes' 'yes' 'no' 'yes']
['yes' 'no' 'no' 'no' 'no' 'no' 'no' 'no' 'no' 'no']
95, 260, 120
96, 270, 114
100, 280, 110
103, 290, 114
106, 300, 118
109, 310, 122
['no' 'no' 'yes' 'yes' 'yes' 'no' 'yes' 'no' 'yes' 'no']
['no' 'yes' 'no' 'no' 'no' 'no' 'no' 'yes' 'no' 'no']
106, 310, 122
107, 320, 119
108, 330, 118
109, 340, 117
109, 350, 120
110, 360, 117
['no' 'no' 'yes' 'no' 'no' 'yes' 'yes' 'yes' 'yes' 'no']
['no' 'no' 'no' 'no' 'no' 'no' 'yes' 'no' 'no' 'no']
107, 360, 117
107, 370, 116
110, 380, 113
111, 390, 119
113, 400, 118
114, 410, 122
['no' 'no' 'yes' 'yes' 'yes' 'no' 'no' 'yes' 'yes' 'no']
['no' 'no' 'no' 'no' 'no' 'no' 'no' 'no' 'no' 'no']
112, 410, 122
114, 420, 120
115, 430, 124
117, 440, 124
117, 450, 127
117, 460, 126
['no' 'no' 'no' 'no' 'yes' 'no' 'yes' 'no' 'no' 'yes']
['no' 'no' 'no' 'no' 'yes' 'no' 'no' 'no' 'no' 'no']
112, 460, 126
112, 470, 120
113, 480, 118
113, 490, 121
113, 500, 119
115, 510, 119
['no' 'yes' 'no' 'no' 'yes' 'no' 'yes' 'yes' 'yes' 'no']
['no' 'no' 'no' 'no' 'no' 'no' 'no' 'no' 'no' 'no']
['no' 'no' 'no' 'yes' 'yes' 'yes' 'yes' 'yes' 'yes' 'yes']
['no' 'no' 'no' 'no' 'no' 'no' 'no' 'no' 'no' 'no']
{'count': 743, 'truepos': 99, 'falseneg': 3, 'unknownyes': 4, 'falsepos': 14, 'unique': 510}
49: Hall.csv: machine3: 0, 0
7, 10
9, 20, 114
13, 30, 111
15, 40, 120
15, 50, 121
16, 60, 114
null
['no']
16, 60, 114
19, 70, 114
23, 80, 115
25, 90, 111
26, 100, 102
29, 110, 100
null
[]
32, 120, 99
40, 130, 81
46, 140, 85
50, 150, 87
56, 160, 88
61, 170, 89
null
['no' 'no' 'no' 'no' 'no' 'no' 'no' 'yes' 'no' 'no']
62, 170, 89
66, 180, 92
70, 190, 99
73, 200, 100
76, 210, 111
77, 220, 102
null
['no' 'no' 'no' 'no' 'no' 'no' 'yes' 'no' 'no' 'no']
77, 220, 102
80, 230, 105
82, 240, 103
84, 250, 104
84, 260, 107
84, 270, 109
null
['no' 'no' 'no' 'no' 'no' 'no' 'no' 'yes' 'yes' 'no']
85, 270, 109
88, 280, 99
89, 290, 104
90, 300, 103
90, 310, 102
91, 320, 101
null
['no' 'yes' 'no' 'no' 'no' 'no' 'yes' 'no' 'no' 'no']
93, 320, 101
95, 330, 103
96, 340, 104
96, 350, 107
96, 360, 107
96, 370, 105
null
['no' 'no' 'no' 'no' 'no' 'no' 'no' 'no' 'no' 'yes']
96, 370, 105
96, 380, 104
96, 390, 104
96, 400, 106
96, 410, 103
96, 420, 103
null
['no' 'no' 'no' 'no' 'no' 'no' 'no' 'no' 'no' 'no']
96, 420, 103
96, 430, 102
96, 440, 102
96, 450, 102
null
['no' 'no' 'no' 'no' 'no' 'no' 'no' 'no' 'no' 'no']
{'count': 686, 'truepos': 93, 'falseneg': 8, 'unknownyes': 5, 'falsepos': 3, 'unique': 450}
49: Hall.csv: machine4: 0, 0
7, 10
10, 20, 109
13, 30, 107
16, 40, 109
19, 50, 112
22, 60, 114
24, 70, 124
29, 80, 123
31, 90, 126
39, 100, 102
44, 110, 111
47, 120, 131
49, 130, 121
52, 140, 103
54, 150, 109
56, 160, 96
57, 170, 104
58, 180, 93
62, 190, 94
65, 200, 95
68, 210, 91
74, 220, 94
75, 230, 90
78, 240, 92
81, 250, 98
84, 260, 100
84, 270, 105
86, 280, 104
89, 290, 100
89, 300, 107
90, 310, 106
90, 320, 108
92, 330, 108
93, 340, 114
95, 350, 119
95, 360, 117
95, 370, 116
95, 380, 115
95, 390, 114
95, 400, 112
95, 410, 112
95, 420, 109
95, 430, 113
96, 440, 114
96, 450, 111
96, 460, 112
96, 470, 107
96, 480, 110
97, 490, 107
97, 500, 110
97, 510, 111
97, 520, 108
97, 530, 108
97, 540, 110
97, 550, 109
97, 560, 111
97, 570, 107
97, 580, 107
97, 590, 108
98, 600, 106
98, 610, 108
98, 620, 106
98, 630, 105
98, 640, 106
98, 650, 108
99, 660, 105
100, 670, 107
101, 680, 110
101, 690, 111
101, 700, 110
101, 710, 109
102, 720, 110
102, 730, 108
102, 740, 109
102, 750, 109
102, 760, 110
102, 770, 110
103, 780, 109
103, 790, 109
103, 800, 109
103, 810, 109
103, 820, 109
103, 830, 109
103, 840, 110
103, 850, 110
103, 860, 109
{'count': 1090, 'truepos': 90, 'falseneg': 12, 'unknownyes': 4, 'falsepos': 13, 'unique': 860}
49: Wahono.csv: none: 0, 0
6, 10
6, 20, 107
9, 30, 95
11, 40, 95
14, 50, 88
16, 60, 83
20, 70, 77
22, 80, 89
24, 90, 80
27, 100, 75
29, 110, 79
31, 120, 77
36, 130, 70
39, 140, 75
42, 150, 73
45, 160, 87
48, 170, 95
53, 180, 107
56, 190, 111
58, 200, 139
59, 210, 124
62, 220, 113
64, 230, 113
68, 240, 128
70, 250, 128
71, 260, 121
72, 270, 136
72, 280, 132
73, 290, 118
74, 300, 119
74, 310, 131
77, 320, 118
79, 330, 117
79, 340, 121
80, 350, 126
81, 360, 126
83, 370, 125
84, 380, 140
84, 390, 131
84, 400, 131
86, 410, 122
86, 420, 121
88, 430, 120
88, 440, 120
90, 450, 122
90, 460, 125
92, 470, 123
93, 480, 128
94, 490, 123
97, 500, 118
99, 510, 126
99, 520, 131
99, 530, 126
99, 540, 127
100, 550, 124
101, 560, 125
102, 570, 125
103, 580, 121
103, 590, 126
103, 600, 122
104, 610, 125
106, 620, 123
108, 630, 128
111, 640, 131
113, 650, 138
115, 660, 139
115, 670, 141
116, 680, 142
118, 690, 144
119, 700, 145
121, 710, 148
121, 720, 146
122, 730, 150
124, 740, 149
125, 750, 149
125, 760, 149
126, 770, 150
127, 780, 150
128, 790, 152
128, 800, 152
130, 810, 159
131, 820, 156
132, 830, 155
132, 840, 157
132, 850, 154
132, 860, 157
133, 870, 154
133, 880, 156
134, 890, 155
137, 900, 152
137, 910, 164
140, 920, 159
140, 930, 168
140, 940, 159
141, 950, 155
143, 960, 159
144, 970, 162
144, 980, 161
145, 990, 166
147, 1000, 169
148, 1010, 166
148, 1020, 167
148, 1030, 164
150, 1040, 166
152, 1050, 170
152, 1060, 175
153, 1070, 173
154, 1080, 171
155, 1090, 179
155, 1100, 179
156, 1110, 178
156, 1120, 175
157, 1130, 182
158, 1140, 175
160, 1150, 178
160, 1160, 183
161, 1170, 177
161, 1180, 182
161, 1190, 180
162, 1200, 179
162, 1210, 185
163, 1220, 180
166, 1230, 186
168, 1240, 184
169, 1250, 188
169, 1260, 192
170, 1270, 184
170, 1280, 192
172, 1290, 194
172, 1300, 196
174, 1310, 192
175, 1320, 193
176, 1330, 195
178, 1340, 197
178, 1350, 200
179, 1360, 199
181, 1370, 204
181, 1380, 206
184, 1390, 202
184, 1400, 209
185, 1410, 211
187, 1420, 212
188, 1430, 221
190, 1440, 223
191, 1450, 221
192, 1460, 222
193, 1470, 223
194, 1480, 219
196, 1490, 223
196, 1500, 220
197, 1510, 222
197, 1520, 223
198, 1530, 224
198, 1540, 227
199, 1550, 225
201, 1560, 224
201, 1570, 225
203, 1580, 223
204, 1590, 227
205, 1600, 232
206, 1610, 229
206, 1620, 231
206, 1630, 233
207, 1640, 228
210, 1650, 228
210, 1660, 233
212, 1670, 233
215, 1680, 239
215, 1690, 244
217, 1700, 241
219, 1710, 248
220, 1720, 246
222, 1730, 249
223, 1740, 247
225, 1750, 246
226, 1760, 247
227, 1770, 250
228, 1780, 250
229, 1790, 252
231, 1800, 255
232, 1810, 256
232, 1820, 256
234, 1830, 259
236, 1840, 257
238, 1850, 266
239, 1860, 263
242, 1870, 267
242, 1880, 269
242, 1890, 266
243, 1900, 266
244, 1910, 269
245, 1920, 269
246, 1930, 270
246, 1940, 273
246, 1950, 272
247, 1960, 269
247, 1970, 270
248, 1980, 275
249, 1990, 271
250, 2000, 270
250, 2010, 271
252, 2020, 272
252, 2030, 274
252, 2040, 272
254, 2050, 272
254, 2060, 278
256, 2070, 278
257, 2080, 278
259, 2090, 277
262, 2100, 286
263, 2110, 289
266, 2120, 290
267, 2130, 292
267, 2140, 294
269, 2150, 294
270, 2160, 298
270, 2170, 299
271, 2180, 295
272, 2190, 299
272, 2200, 300
273, 2210, 298
274, 2220, 301
278, 2230, 303
280, 2240, 307
280, 2250, 307
281, 2260, 309
281, 2270, 310
281, 2280, 314
282, 2290, 310
283, 2300, 308
283, 2310, 308
283, 2320, 307
285, 2330, 306
287, 2340, 312
288, 2350, 313
289, 2360, 316
289, 2370, 317
290, 2380, 315
292, 2390, 312
293, 2400, 316
294, 2410, 319
295, 2420, 316
296, 2430, 319
297, 2440, 321
297, 2450, 322
298, 2460, 322
301, 2470, 324
302, 2480, 327
303, 2490, 327
304, 2500, 328
304, 2510, 328
306, 2520, 329
307, 2530, 331
309, 2540, 331
310, 2550, 334
310, 2560, 335
313, 2570, 335
314, 2580, 340
315, 2590, 339
318, 2600, 339
319, 2610, 342
320, 2620, 343
326, 2630, 346
326, 2640, 351
328, 2650, 352
329, 2660, 352
330, 2670, 356
332, 2680, 353
335, 2690, 358
335, 2700, 361
335, 2710, 358
336, 2720, 362
339, 2730, 361
340, 2740, 366
342, 2750, 368
343, 2760, 365
344, 2770, 369
345, 2780, 367
346, 2790, 370
346, 2800, 372
347, 2810, 373
348, 2820, 371
348, 2830, 374
348, 2840, 373
348, 2850, 372
349, 2860, 370
351, 2870, 371
351, 2880, 376
351, 2890, 373
352, 2900, 374
353, 2910, 373
353, 2920, 374
353, 2930, 375
355, 2940, 377
357, 2950, 377
358, 2960, 379
359, 2970, 379
360, 2980, 381
361, 2990, 383
362, 3000, 384
365, 3010, 382
367, 3020, 388
367, 3030, 391
368, 3040, 390
369, 3050, 392
370, 3060, 392
370, 3070, 394
370, 3080, 392
372, 3090, 392
374, 3100, 394
376, 3110, 400
377, 3120, 401
378, 3130, 405
379, 3140, 401
381, 3150, 404
381, 3160, 406
381, 3170, 406
384, 3180, 405
384, 3190, 411
384, 3200, 409
385, 3210, 408
385, 3220, 412
387, 3230, 409
387, 3240, 412
390, 3250, 411
390, 3260, 415
391, 3270, 414
393, 3280, 417
393, 3290, 417
394, 3300, 415
395, 3310, 417
396, 3320, 417
396, 3330, 419
397, 3340, 420
397, 3350, 419
400, 3360, 418
401, 3370, 424
402, 3380, 427
402, 3390, 427
403, 3400, 427
403, 3410, 426
404, 3420, 426
406, 3430, 426
{'count': 3430, 'truepos': 54, 'falseneg': 5, 'unknownyes': 3, 'falsepos': 352, 'unique': 3430}
49: Wahono.csv: three: 0, 0
6, 10
8, 20, 104
8, 30, 106
9, 40, 92
10, 50, 72
13, 60, 57
15, 70, 54
17, 80, 53
19, 90, 52
21, 100, 54
27, 110, 55
29, 120, 67
32, 130, 71
33, 140, 67
35, 150, 65
35, 160, 74
37, 170, 63
39, 180, 65
39, 190, 69
39, 200, 65
41, 210, 61
43, 220, 65
45, 230, 65
45, 240, 71
46, 250, 68
47, 260, 71
47, 270, 71
47, 280, 68
48, 290, 63
49, 300, 70
49, 310, 65
51, 320, 64
52, 330, 70
52, 340, 67
52, 350, 67
54, 360, 67
54, 370, 69
55, 380, 69
55, 390, 70
55, 400, 71
57, 410, 66
58, 420, 71
60, 430, 72
60, 440, 80
62, 450, 78
62, 460, 78
62, 470, 76
63, 480, 76
63, 490, 79
63, 500, 82
64, 510, 80
64, 520, 79
64, 530, 79
64, 540, 80
64, 550, 77
64, 560, 77
64, 570, 78
64, 580, 79
64, 590, 81
66, 600, 76
66, 610, 81
66, 620, 84
67, 630, 78
67, 640, 81
67, 650, 80
68, 660, 81
68, 670, 82
68, 680, 82
68, 690, 83
68, 700, 80
68, 710, 80
70, 720, 83
70, 730, 83
71, 740, 81
72, 750, 83
73, 760, 87
73, 770, 83
74, 780, 87
74, 790, 88
75, 800, 87
76, 810, 85
77, 820, 88
77, 830, 88
78, 840, 88
79, 850, 90
79, 860, 90
80, 870, 94
80, 880, 89
81, 890, 89
81, 900, 92
82, 910, 91
84, 920, 92
84, 930, 99
84, 940, 98
84, 950, 96
85, 960, 94
85, 970, 96
86, 980, 97
86, 990, 97
87, 1000, 97
87, 1010, 100
87, 1020, 99
87, 1030, 98
89, 1040, 99
89, 1050, 104
91, 1060, 104
91, 1070, 108
91, 1080, 107
91, 1090, 107
92, 1100, 104
92, 1110, 106
92, 1120, 107
92, 1130, 106
94, 1140, 106
95, 1150, 106
95, 1160, 109
96, 1170, 107
97, 1180, 109
97, 1190, 109
97, 1200, 110
97, 1210, 109
97, 1220, 111
98, 1230, 108
98, 1240, 110
98, 1250, 111
98, 1260, 110
98, 1270, 109
98, 1280, 111
98, 1290, 106
98, 1300, 107
98, 1310, 108
99, 1320, 106
100, 1330, 108
101, 1340, 109
101, 1350, 111
101, 1360, 111
101, 1370, 109
102, 1380, 111
102, 1390, 116
102, 1400, 111
102, 1410, 112
103, 1420, 110
105, 1430, 112
105, 1440, 114
105, 1450, 114
105, 1460, 113
105, 1470, 114
105, 1480, 112
107, 1490, 113
107, 1500, 115
108, 1510, 115
109, 1520, 116
109, 1530, 118
109, 1540, 117
109, 1550, 118
111, 1560, 118
112, 1570, 120
112, 1580, 121
112, 1590, 122
112, 1600, 121
112, 1610, 121
112, 1620, 119
113, 1630, 120
113, 1640, 122
113, 1650, 121
113, 1660, 121
113, 1670, 123
113, 1680, 122
113, 1690, 121
113, 1700, 122
113, 1710, 121
113, 1720, 120
113, 1730, 120
113, 1740, 119
113, 1750, 120
113, 1760, 119
115, 1770, 120
{'count': 3846, 'truepos': 59, 'falseneg': 2, 'unknownyes': 1, 'falsepos': 56, 'unique': 1770}
49: Wahono.csv: machine: 0, 0
6, 10
6, 20, 100
9, 30, 96
11, 40, 114
13, 50, 104
19, 60, 82
['no' 'yes' 'yes' 'yes' 'yes' 'yes' 'no' 'yes' 'no' 'no']
[]
16, 60, 82
19, 70, 80
22, 80, 83
24, 90, 80
26, 100, 77
29, 110, 80
['no' 'no' 'yes' 'yes' 'no' 'yes' 'yes' 'no' 'yes' 'yes']
[]
25, 110, 80
28, 120, 87
29, 130, 75
30, 140, 72
31, 150, 63
31, 160, 63
['no' 'yes' 'yes' 'yes' 'yes' 'no' 'yes' 'yes' 'yes' 'no']
['no' 'no' 'no' 'no' 'no' 'no' 'no' 'yes' 'no' 'no']
29, 160, 63
31, 170, 61
34, 180, 50
37, 190, 56
39, 200, 57
41, 210, 63
['no' 'yes' 'yes' 'yes' 'yes' 'yes' 'yes' 'yes' 'yes' 'yes']
['no' 'no' 'no' 'no' 'no' 'no' 'no' 'no' 'no' 'no']
41, 210, 63
45, 220, 63
46, 230, 69
46, 240, 65
46, 250, 64
47, 260, 69
['no' 'no' 'no' 'yes' 'yes' 'no' 'no' 'yes' 'yes' 'no']
['no' 'no' 'no' 'no' 'no' 'no' 'no' 'no' 'no' 'no']
42, 260, 69
45, 270, 57
45, 280, 69
46, 290, 65
48, 300, 69
50, 310, 64
['no' 'no' 'yes' 'yes' 'no' 'no' 'no' 'no' 'no' 'yes']
['no' 'no' 'no' 'no' 'no' 'no' 'no' 'no' 'yes' 'no']
44, 310, 64
45, 320, 56
46, 330, 57
46, 340, 60
46, 350, 59
46, 360, 55
['yes' 'yes' 'yes' 'yes' 'yes' 'yes' 'no' 'yes' 'yes' 'no']
['yes' 'no' 'no' 'no' 'yes' 'no' 'yes' 'no' 'no' 'no']
47, 360, 55
51, 370, 58
51, 380, 66
55, 390, 65
57, 400, 69
58, 410, 69
['no' 'no' 'no' 'no' 'yes' 'no' 'yes' 'yes' 'yes' 'no']
['no' 'no' 'no' 'no' 'no' 'no' 'no' 'no' 'no' 'no']
52, 410, 69
55, 420, 63
56, 430, 71
57, 440, 70
58, 450, 69
58, 460, 68
['yes' 'no' 'no' 'no' 'no' 'no' 'no' 'no' 'yes' 'yes']
['no' 'no' 'no' 'no' 'no' 'no' 'no' 'no' 'no' 'no']
53, 460, 68
54, 470, 63
55, 480, 64
56, 490, 66
56, 500, 68
58, 510, 69
['no' 'no' 'no' 'no' 'no' 'no' 'no']
['no' 'no' 'no' 'no' 'no' 'no' 'no' 'no' 'no' 'no']
52, 510, 69
54, 520, 60
57, 530, 63
60, 540, 70
61, 550, 75
62, 560, 78
['no' 'no' 'no' 'yes' 'yes' 'no' 'yes' 'no' 'yes' 'no']
['no' 'no' 'no' 'no' 'no' 'no' 'no' 'no' 'no' 'yes']
57, 560, 78
58, 570, 67
58, 580, 67
59, 590, 67
60, 600, 67
61, 610, 69
['no' 'no' 'yes' 'yes' 'no']
['no' 'no' 'no' 'no' 'no' 'no' 'no' 'no' 'no' 'no']
59, 610, 69
59, 620, 66
61, 630, 66
62, 640, 71
63, 650, 72
64, 660, 72
['yes' 'no' 'no' 'no' 'no' 'no']
['no' 'no' 'no' 'no' 'no' 'no' 'no' 'no' 'no' 'no']
61, 660, 72
64, 670, 71
64, 680, 74
64, 690, 75
64, 700, 75
66, 710, 75
['no' 'no' 'yes' 'no' 'no' 'no']
['no' 'no' 'no' 'no' 'no' 'no' 'no' 'no' 'no' 'no']
63, 710, 75
65, 720, 70
67, 730, 72
68, 740, 75
69, 750, 77
69, 760, 78
['no' 'no' 'no' 'no' 'no' 'no' 'no']
['no' 'no' 'no' 'no' 'no' 'no' 'no' 'no' 'no' 'no']
64, 760, 78
64, 770, 71
66, 780, 72
67, 790, 77
68, 800, 79
68, 810, 82
['no' 'no' 'no' 'no']
['no' 'no' 'no' 'no' 'no' 'no' 'no' 'no' 'no' 'no']
65, 810, 82
66, 820, 76
67, 830, 78
69, 840, 77
70, 850, 82
72, 860, 81
['no' 'no' 'no' 'no' 'no' 'no' 'no']
['no' 'no' 'no' 'no' 'no' 'no' 'no' 'no' 'no' 'no']
67, 860, 81
67, 870, 76
68, 880, 76
68, 890, 81
68, 900, 80
70, 910, 77
['no' 'no' 'no' 'no' 'no']
['no' 'no' 'no' 'no' 'no' 'no' 'no' 'no' 'no' 'no']
67, 910, 77
73, 920, 74
73, 930, 83
74, 940, 81
76, 950, 83
76, 960, 86
['no' 'no' 'no' 'no' 'no' 'no' 'no' 'no' 'no' 'no']
['no' 'no' 'no' 'no' 'no' 'no' 'no' 'no' 'no' 'no']
69, 960, 86
70, 970, 77
71, 980, 78
74, 990, 78
75, 1000, 83
76, 1010, 83
['yes' 'no' 'no' 'no' 'no' 'no' 'no' 'no' 'no']
['no' 'no' 'no' 'no' 'no' 'no' 'no' 'no' 'no' 'no']
70, 1010, 83
72, 1020, 76
72, 1030, 79
75, 1040, 78
76, 1050, 84
80, 1060, 87
['no' 'no' 'no' 'no' 'no' 'no' 'no' 'no' 'no' 'no']
['no' 'no' 'no' 'no' 'no' 'no' 'no' 'no' 'no' 'no']
71, 1060, 87
73, 1070, 77
77, 1080, 79
79, 1090, 83
80, 1100, 86
81, 1110, 86
['no' 'no' 'no' 'no' 'no' 'no' 'no' 'no' 'no' 'no']
['no' 'no' 'no' 'no' 'no' 'no' 'no' 'no' 'no' 'no']
74, 1110, 86
75, 1120, 78
75, 1130, 80
75, 1140, 79
76, 1150, 80
77, 1160, 81
['no' 'no' 'no' 'no' 'no']
['no' 'no' 'no' 'no' 'no' 'no' 'no' 'no' 'no' 'no']
['no' 'no' 'no' 'no' 'no']
['no' 'no' 'no' 'no' 'no' 'no' 'no' 'no' 'no' 'no']
{'count': 1561, 'truepos': 56, 'falseneg': 4, 'unknownyes': 2, 'falsepos': 17, 'unique': 1160}
49: Wahono.csv: machine2: 0, 0
6, 10
10, 20, 113
11, 30, 169
13, 40, 138
15, 50, 136
18, 60, 134
['no' 'yes' 'no' 'yes' 'yes' 'yes' 'no' 'yes' 'yes' 'yes']
[]
16, 60, 134
18, 70, 122
20, 80, 108
21, 90, 107
25, 100, 100
27, 110, 105
['no' 'no' 'yes' 'no' 'no' 'no' 'no' 'yes' 'yes' 'no']
[]
21, 110, 105
22, 120, 90
25, 130, 81
29, 140, 79
32, 150, 81
34, 160, 79
['yes' 'no' 'yes' 'yes' 'no' 'yes' 'no' 'yes' 'yes' 'no']
['no' 'no' 'no' 'no' 'no' 'no' 'no' 'no' 'no' 'no']
31, 160, 79
34, 170, 67
38, 180, 69
42, 190, 73
43, 200, 73
46, 210, 78
['no' 'yes' 'yes' 'no' 'no' 'no' 'no' 'yes' 'no' 'no']
['no' 'no' 'no' 'no' 'no' 'no' 'no' 'no' 'no' 'no']
40, 210, 78
43, 220, 62
45, 230, 63
47, 240, 67
48, 250, 73
49, 260, 72
['yes' 'no' 'yes' 'yes' 'no' 'no' 'no' 'no' 'no' 'no']
['yes' 'no' 'no' 'no' 'no' 'no' 'no' 'no' 'no' 'no']
47, 260, 72
50, 270, 66
50, 280, 67
51, 290, 69
54, 300, 68
55, 310, 76
['yes' 'no' 'no' 'yes' 'no' 'no' 'yes' 'yes' 'no' 'no']
['no' 'no' 'no' 'no' 'no' 'no' 'no' 'no' 'no' 'no']
51, 310, 76
55, 320, 68
56, 330, 78
56, 340, 75
57, 350, 82
57, 360, 80
['no' 'no' 'no' 'no' 'no' 'no' 'yes' 'no' 'no' 'yes']
['yes' 'no' 'no' 'no' 'no' 'no' 'no' 'no' 'no' 'no']
51, 360, 80
54, 370, 65
57, 380, 68
58, 390, 69
59, 400, 69
60, 410, 71
['no' 'no' 'yes' 'no' 'no' 'no' 'no' 'yes' 'yes' 'yes']
['no' 'no' 'no' 'no' 'no' 'no' 'no' 'yes' 'no' 'no']
57, 410, 71
58, 420, 65
58, 430, 70
60, 440, 69
62, 450, 72
62, 460, 73
['no' 'no' 'no' 'no' 'yes' 'yes' 'yes' 'no' 'no' 'yes']
['no' 'no' 'no' 'no' 'no' 'no' 'no' 'no' 'no' 'no']
58, 460, 73
58, 470, 69
61, 480, 66
61, 490, 69
62, 500, 70
64, 510, 70
['yes' 'no' 'yes' 'yes' 'no' 'no' 'no' 'no' 'yes' 'no']
['no' 'no' 'yes' 'no' 'no' 'yes' 'no' 'no' 'no' 'no']
63, 510, 70
65, 520, 72
67, 530, 75
68, 540, 77
69, 550, 78
70, 560, 79
['yes' 'no' 'no' 'no' 'no' 'yes' 'yes' 'no' 'no' 'no']
['no' 'no' 'no' 'yes' 'no' 'no' 'no' 'no' 'no' 'no']
66, 560, 79
67, 570, 73
69, 580, 75
72, 590, 78
75, 600, 84
77, 610, 89
['no' 'yes' 'no' 'yes' 'no' 'no' 'yes' 'no' 'no' 'no']
['no' 'no' 'yes' 'no' 'no' 'no' 'no' 'no' 'no' 'no']
77, 610, 89
78, 620, 88
80, 630, 89
81, 640, 94
82, 650, 95
83, 660, 96
['no' 'no' 'no' 'no' 'no' 'yes' 'yes' 'no' 'yes' 'no']
['no' 'no' 'no' 'no' 'no' 'no' 'no' 'no' 'no' 'no']
78, 660, 96
78, 670, 90
78, 680, 88
79, 690, 88
81, 700, 89
81, 710, 90
['no' 'no' 'yes' 'no' 'no' 'no' 'yes' 'yes' 'yes' 'yes']
['no' 'no' 'no' 'no' 'no' 'no' 'no' 'no' 'no' 'no']
77, 710, 90
78, 720, 85
81, 730, 88
81, 740, 94
81, 750, 93
81, 760, 93
['no' 'yes' 'no' 'no' 'no' 'yes' 'yes' 'no' 'no' 'no']
['no' 'no' 'no' 'no' 'no' 'no' 'no' 'no' 'no' 'no']
77, 760, 93
77, 770, 86
78, 780, 84
80, 790, 88
80, 800, 90
82, 810, 90
['no' 'no' 'no' 'no' 'no' 'no' 'no' 'no' 'no' 'no']
['no' 'no' 'no' 'no' 'no' 'no' 'no' 'no' 'no' 'no']
76, 810, 90
76, 820, 85
77, 830, 86
78, 840, 87
79, 850, 89
80, 860, 91
['no' 'no' 'no' 'no' 'no' 'no' 'yes']
['no' 'no' 'no' 'no' 'no' 'no' 'no' 'no' 'no' 'no']
77, 860, 91
78, 870, 88
80, 880, 89
81, 890, 93
83, 900, 95
85, 910, 96
['no' 'no' 'no' 'no' 'no' 'no' 'no' 'no' 'no' 'no']
['no' 'no' 'no' 'no' 'no' 'no' 'no' 'no' 'no' 'no']
77, 910, 96
78, 920, 86
80, 930, 89
81, 940, 92
81, 950, 95
82, 960, 92
['no' 'no' 'no' 'no' 'no' 'no']
['no' 'no' 'no' 'no' 'no' 'no' 'no' 'no' 'no' 'no']
77, 960, 92
78, 970, 86
80, 980, 87
80, 990, 92
81, 1000, 89
82, 1010, 93
['no' 'no' 'no' 'no' 'no']
['no' 'no' 'no' 'no' 'no' 'no' 'no' 'no' 'no' 'no']
80, 1010, 93
81, 1020, 93
82, 1030, 93
82, 1040, 94
85, 1050, 93
86, 1060, 97
['no' 'no' 'no' 'no' 'no' 'no' 'no']
['no' 'no' 'no' 'no' 'no' 'no' 'no' 'no' 'no' 'no']
83, 1060, 97
84, 1070, 96
86, 1080, 97
87, 1090, 99
87, 1100, 100
88, 1110, 98
['no' 'no' 'no' 'no' 'no' 'no']
['no' 'no' 'no' 'no' 'no' 'no' 'no' 'no' 'no' 'no']
83, 1110, 98
85, 1120, 94
85, 1130, 98
87, 1140, 98
87, 1150, 101
88, 1160, 99
['no' 'no' 'no' 'no' 'no']
['no' 'no' 'no' 'no' 'no' 'no' 'no' 'no' 'no' 'no']
84, 1160, 99
84, 1170, 95
87, 1180, 93
87, 1190, 98
87, 1200, 97
88, 1210, 97
['yes' 'no' 'no' 'no']
['no' 'no' 'no' 'no' 'no' 'no' 'no' 'no' 'no' 'no']
85, 1210, 97
86, 1220, 94
87, 1230, 94
90, 1240, 97
90, 1250, 103
92, 1260, 99
['no' 'no' 'no' 'no' 'no' 'no' 'no']
['no' 'no' 'no' 'no' 'no' 'no' 'no' 'no' 'no' 'no']
87, 1260, 99
89, 1270, 97
90, 1280, 101
90, 1290, 102
90, 1300, 99
92, 1310, 100
['no' 'no' 'no' 'no' 'no']
['no' 'no' 'no' 'no' 'no' 'no' 'no' 'no' 'no' 'no']
89, 1310, 100
91, 1320, 97
91, 1330, 99
91, 1340, 99
92, 1350, 98
92, 1360, 100
['no' 'no' 'no' 'no']
['no' 'no' 'no' 'no' 'no' 'no' 'no' 'no' 'no' 'no']
90, 1360, 100
90, 1370, 99
91, 1380, 99
93, 1390, 100
94, 1400, 102
95, 1410, 102
['no' 'no' 'no' 'no' 'no' 'no' 'no']
['no' 'no' 'no' 'no' 'no' 'no' 'no' 'no' 'no' 'no']
88, 1410, 102
89, 1420, 96
93, 1430, 95
94, 1440, 101
95, 1450, 102
95, 1460, 104
['no' 'no' 'no' 'no' 'yes' 'no' 'no']
['no' 'no' 'no' 'no' 'no' 'no' 'no' 'no' 'no' 'no']
91, 1460, 104
91, 1470, 99
92, 1480, 99
92, 1490, 101
93, 1500, 100
93, 1510, 102
['no' 'no' 'no']
['no' 'no' 'no' 'no' 'no' 'no' 'no' 'no' 'no' 'no']
93, 1510, 102
94, 1520, 101
95, 1530, 102
96, 1540, 103
98, 1550, 102
99, 1560, 105
['no' 'no' 'no' 'no' 'no' 'no' 'no']
['no' 'no' 'no' 'no' 'no' 'no' 'no' 'no' 'no' 'no']
94, 1560, 105
95, 1570, 101
95, 1580, 101
96, 1590, 102
97, 1600, 103
98, 1610, 104
['no' 'no' 'no' 'no']
['no' 'no' 'no' 'no' 'no' 'no' 'no' 'no' 'no' 'no']
95, 1610, 104
95, 1620, 101
95, 1630, 101
98, 1640, 102
99, 1650, 104
100, 1660, 105
['no' 'no' 'no' 'no' 'no']
['no' 'no' 'no' 'no' 'no' 'no' 'no' 'no' 'no' 'no']
['no' 'no' 'no' 'no' 'no']
['no' 'no' 'no' 'no' 'no' 'no' 'no' 'no' 'no' 'no']
{'count': 2385, 'truepos': 59, 'falseneg': 3, 'unknownyes': 0, 'falsepos': 38, 'unique': 1660}
49: Wahono.csv: machine3: 0, 0
6, 10
8, 20, 101
8, 30, 110
8, 40, 97
12, 50, 62
14, 60, 62
null
['no']
14, 60, 62
15, 70, 61
19, 80, 57
20, 90, 63
20, 100, 62
20, 110, 51
null
[]
21, 120, 47
22, 130, 47
24, 140, 47
27, 150, 48
28, 160, 53
30, 170, 53
null
['no' 'no' 'no' 'no' 'no' 'yes' 'no' 'no' 'no' 'no']
31, 170, 53
32, 180, 57
33, 190, 55
36, 200, 58
37, 210, 66
37, 220, 70
null
['no' 'no' 'no' 'no' 'no' 'no' 'no' 'no' 'no' 'no']
37, 220, 70
38, 230, 62
38, 240, 69
38, 250, 61
38, 260, 59
39, 270, 60
null
['no' 'no' 'no' 'no' 'no' 'no' 'no' 'no' 'no' 'no']
39, 270, 60
39, 280, 58
41, 290, 58
41, 300, 59
42, 310, 61
42, 320, 63
null
['no' 'no' 'no' 'no' 'no' 'no' 'no' 'no' 'no' 'no']
42, 320, 63
43, 330, 62
44, 340, 57
45, 350, 69
45, 360, 62
46, 370, 60
null
['no' 'no' 'no' 'no' 'no' 'no' 'no' 'no' 'no' 'no']
46, 370, 60
48, 380, 63
48, 390, 66
48, 400, 69
48, 410, 61
48, 420, 65
null
['no' 'no' 'no' 'no' 'no' 'no' 'no' 'no' 'no' 'no']
48, 420, 65
49, 430, 66
49, 440, 69
49, 450, 68
50, 460, 65
50, 470, 73
null
['no' 'no' 'no' 'no' 'yes' 'no' 'no' 'no' 'no' 'no']
53, 470, 73
53, 480, 69
53, 490, 73
53, 500, 64
53, 510, 63
53, 520, 65
null
['no' 'no' 'no' 'no' 'no' 'no' 'no' 'no' 'no' 'no']
53, 520, 65
53, 530, 64
54, 540, 68
55, 550, 69
56, 560, 74
56, 570, 78
null
['no' 'no' 'no' 'no' 'no' 'no' 'no' 'no' 'no' 'no']
56, 570, 78
56, 580, 73
56, 590, 70
56, 600, 73
56, 610, 73
57, 620, 75
null
['no' 'no' 'no' 'no' 'no' 'no' 'no' 'no' 'no' 'no']
57, 620, 75
59, 630, 75
59, 640, 79
59, 650, 77
59, 660, 83
59, 670, 77
null
['no' 'no' 'no' 'no' 'no' 'no' 'no' 'no' 'no' 'no']
59, 670, 77
60, 680, 80
60, 690, 81
60, 700, 74
60, 710, 78
60, 720, 77
null
['no' 'no' 'no' 'no' 'no' 'no' 'no' 'no' 'no' 'no']
60, 720, 77
60, 730, 74
60, 740, 73
60, 750, 73
60, 760, 75
60, 770, 72
null
['no' 'no' 'no' 'no' 'no' 'no' 'no' 'no' 'no' 'no']
61, 770, 72
61, 780, 75
62, 790, 72
62, 800, 79
65, 810, 74
65, 820, 76
null
['no' 'no' 'no' 'no' 'no' 'no' 'no' 'no' 'no' 'no']
65, 820, 76
65, 830, 74
65, 840, 78
65, 850, 74
65, 860, 78
65, 870, 73
null
['no' 'no' 'no' 'no' 'no' 'no' 'no' 'no' 'no' 'no']
65, 870, 73
65, 880, 75
65, 890, 76
65, 900, 76
65, 910, 71
65, 920, 74
null
['no' 'no' 'no' 'no' 'no' 'no' 'no' 'no' 'no' 'no']
65, 920, 74
65, 930, 80
65, 940, 74
65, 950, 74
65, 960, 77
65, 970, 72
null
['no' 'no' 'no' 'no' 'no' 'no' 'no' 'no' 'no' 'no']
65, 970, 72
65, 980, 74
66, 990, 72
66, 1000, 75
66, 1010, 75
66, 1020, 75
null
['no' 'no' 'no' 'no' 'no' 'no' 'no' 'no' 'no' 'no']
66, 1020, 75
66, 1030, 76
66, 1040, 74
67, 1050, 74
68, 1060, 76
68, 1070, 77
null
['no' 'no' 'no' 'no' 'no' 'no' 'no' 'no' 'no' 'no']
68, 1070, 77
69, 1080, 78
69, 1090, 78
70, 1100, 78
70, 1110, 80
70, 1120, 78
null
['no' 'no' 'no' 'no' 'no' 'no' 'no' 'no' 'no' 'no']
70, 1120, 78
70, 1130, 78
70, 1140, 77
70, 1150, 77
70, 1160, 78
70, 1170, 77
null
['no' 'no' 'no' 'no' 'no' 'no' 'no' 'no' 'no' 'no']
71, 1170, 77
73, 1180, 76
73, 1190, 77
74, 1200, 78
74, 1210, 78
null
['no' 'no' 'no' 'no' 'no' 'no' 'yes' 'no' 'no' 'no']
{'count': 1739, 'truepos': 52, 'falseneg': 3, 'unknownyes': 7, 'falsepos': 23, 'unique': 1210}
49: Wahono.csv: machine4: 0, 0
5, 10
6, 20, 100
9, 30, 91
12, 40, 97
12, 50, 99
13, 60, 77
16, 70, 64
17, 80, 61
18, 90, 55
22, 100, 49
22, 110, 61
22, 120, 55
23, 130, 52
23, 140, 51
24, 150, 50
24, 160, 50
25, 170, 49
27, 180, 52
31, 190, 53
34, 200, 63
36, 210, 66
36, 220, 70
36, 230, 61
37, 240, 61
37, 250, 62
39, 260, 61
40, 270, 65
40, 280, 72
42, 290, 62
44, 300, 66
45, 310, 70
45, 320, 77
46, 330, 67
47, 340, 72
48, 350, 76
48, 360, 73
48, 370, 76
49, 380, 78
49, 390, 74
49, 400, 69
50, 410, 70
50, 420, 81
51, 430, 72
52, 440, 67
53, 450, 65
53, 460, 67
53, 470, 65
53, 480, 68
54, 490, 64
55, 500, 64
55, 510, 68
55, 520, 66
56, 530, 65
56, 540, 67
57, 550, 67
57, 560, 69
57, 570, 68
57, 580, 65
57, 590, 65
57, 600, 66
57, 610, 67
57, 620, 67
57, 630, 69
57, 640, 67
57, 650, 65
58, 660, 66
58, 670, 64
58, 680, 66
58, 690, 67
60, 700, 66
60, 710, 68
60, 720, 70
61, 730, 68
61, 740, 67
61, 750, 68
61, 760, 69
61, 770, 74
61, 780, 68
61, 790, 68
61, 800, 67
61, 810, 70
61, 820, 68
62, 830, 68
63, 840, 69
63, 850, 70
63, 860, 72
63, 870, 71
63, 880, 69
63, 890, 70
63, 900, 68
63, 910, 69
64, 920, 68
64, 930, 71
64, 940, 71
64, 950, 70
65, 960, 69
65, 970, 69
65, 980, 70
65, 990, 70
65, 1000, 70
65, 1010, 70
65, 1020, 69
65, 1030, 70
65, 1040, 70
67, 1050, 70
67, 1060, 73
67, 1070, 74
68, 1080, 74
68, 1090, 73
68, 1100, 75
68, 1110, 74
68, 1120, 75
68, 1130, 76
68, 1140, 72
68, 1150, 73
68, 1160, 73
68, 1170, 73
68, 1180, 72
68, 1190, 73
69, 1200, 72
69, 1210, 74
69, 1220, 74
69, 1230, 73
69, 1240, 74
70, 1250, 74
70, 1260, 75
70, 1270, 74
70, 1280, 74
70, 1290, 74
70, 1300, 75
71, 1310, 74
72, 1320, 75
73, 1330, 76
73, 1340, 78
73, 1350, 78
73, 1360, 79
73, 1370, 77
74, 1380, 77
74, 1390, 78
74, 1400, 78
74, 1410, 78
75, 1420, 78
75, 1430, 79
75, 1440, 79
76, 1450, 79
{'count': 1783, 'truepos': 51, 'falseneg': 8, 'unknownyes': 3, 'falsepos': 25, 'unique': 1450}
49: Danijel.csv: none: 0, 0
6, 10
8, 20, 110
11, 30, 108
13, 40, 117
16, 50, 113
17, 60, 112
20, 70, 110
20, 80, 117
21, 90, 107
23, 100, 88
24, 110, 85
25, 120, 81
25, 130, 79
27, 140, 74
29, 150, 72
31, 160, 74
35, 170, 57
39, 180, 55
44, 190, 58
45, 200, 68
46, 210, 66
48, 220, 67
49, 230, 66
53, 240, 66
56, 250, 72
59, 260, 71
61, 270, 75
62, 280, 76
66, 290, 79
66, 300, 82
67, 310, 80
70, 320, 89
71, 330, 89
72, 340, 92
73, 350, 89
73, 360, 91
78, 370, 89
79, 380, 111
79, 390, 106
81, 400, 106
82, 410, 104
83, 420, 112
84, 430, 112
84, 440, 116
84, 450, 116
85, 460, 109
86, 470, 105
90, 480, 101
90, 490, 111
90, 500, 114
90, 510, 110
91, 520, 106
91, 530, 110
93, 540, 107
95, 550, 111
97, 560, 119
97, 570, 122
98, 580, 115
98, 590, 116
99, 600, 115
100, 610, 118
102, 620, 116
103, 630, 117
104, 640, 118
104, 650, 117
105, 660, 121
108, 670, 119
108, 680, 124
108, 690, 124
109, 700, 127
109, 710, 124
109, 720, 124
110, 730, 125
110, 740, 125
111, 750, 125
113, 760, 125
113, 770, 127
114, 780, 129
116, 790, 131
118, 800, 141
120, 810, 142
122, 820, 146
128, 830, 147
128, 840, 162
129, 850, 154
129, 860, 161
129, 870, 158
129, 880, 154
129, 890, 153
131, 900, 156
132, 910, 157
132, 920, 162
132, 930, 154
132, 940, 152
132, 950, 155
134, 960, 154
137, 970, 157
138, 980, 156
140, 990, 157
141, 1000, 167
141, 1010, 167
142, 1020, 165
143, 1030, 170
144, 1040, 168
146, 1050, 167
146, 1060, 173
148, 1070, 172
148, 1080, 176
148, 1090, 174
150, 1100, 171
153, 1110, 174
153, 1120, 183
153, 1130, 180
153, 1140, 176
153, 1150, 177
153, 1160, 174
154, 1170, 176
156, 1180, 174
157, 1190, 183
157, 1200, 187
158, 1210, 181
160, 1220, 189
162, 1230, 190
162, 1240, 197
162, 1250, 201
164, 1260, 193
164, 1270, 190
165, 1280, 197
167, 1290, 192
168, 1300, 199
168, 1310, 198
169, 1320, 195
169, 1330, 200
170, 1340, 194
170, 1350, 192
171, 1360, 199
171, 1370, 195
172, 1380, 199
174, 1390, 199
176, 1400, 198
177, 1410, 202
178, 1420, 203
179, 1430, 207
180, 1440, 208
180, 1450, 211
180, 1460, 207
182, 1470, 204
183, 1480, 211
183, 1490, 208
184, 1500, 210
185, 1510, 207
185, 1520, 212
187, 1530, 209
187, 1540, 212
187, 1550, 215
188, 1560, 208
190, 1570, 214
190, 1580, 211
190, 1590, 211
191, 1600, 212
193, 1610, 214
193, 1620, 216
194, 1630, 216
196, 1640, 216
197, 1650, 219
199, 1660, 223
201, 1670, 224
202, 1680, 229
202, 1690, 225
203, 1700, 229
204, 1710, 225
207, 1720, 228
210, 1730, 225
210, 1740, 236
211, 1750, 233
212, 1760, 232
214, 1770, 236
216, 1780, 237
218, 1790, 237
219, 1800, 243
220, 1810, 245
221, 1820, 246
221, 1830, 247
221, 1840, 247
223, 1850, 246
223, 1860, 248
225, 1870, 249
227, 1880, 247
228, 1890, 250
229, 1900, 253
230, 1910, 258
231, 1920, 254
232, 1930, 255
233, 1940, 253
233, 1950, 258
234, 1960, 257
234, 1970, 257
234, 1980, 256
236, 1990, 256
239, 2000, 259
239, 2010, 265
240, 2020, 264
243, 2030, 266
246, 2040, 269
247, 2050, 274
249, 2060, 273
249, 2070, 276
249, 2080, 277
249, 2090, 276
250, 2100, 279
252, 2110, 275
254, 2120, 283
256, 2130, 280
259, 2140, 288
259, 2150, 293
259, 2160, 292
261, 2170, 292
262, 2180, 294
262, 2190, 293
266, 2200, 291
268, 2210, 299
270, 2220, 303
272, 2230, 303
272, 2240, 305
273, 2250, 309
273, 2260, 308
277, 2270, 309
277, 2280, 314
278, 2290, 315
280, 2300, 311
280, 2310, 314
281, 2320, 315
282, 2330, 316
283, 2340, 315
284, 2350, 313
285, 2360, 314
286, 2370, 316
286, 2380, 316
286, 2390, 318
286, 2400, 313
287, 2410, 314
287, 2420, 315
287, 2430, 312
287, 2440, 315
287, 2450, 312
288, 2460, 312
290, 2470, 312
290, 2480, 314
291, 2490, 312
291, 2500, 311
293, 2510, 313
293, 2520, 313
296, 2530, 316
296, 2540, 320
297, 2550, 317
298, 2560, 319
298, 2570, 321
299, 2580, 320
302, 2590, 321
304, 2600, 325
304, 2610, 326
304, 2620, 326
304, 2630, 326
305, 2640, 327
306, 2650, 327
308, 2660, 328
309, 2670, 328
309, 2680, 328
309, 2690, 330
309, 2700, 330
310, 2710, 326
314, 2720, 327
314, 2730, 333
315, 2740, 333
317, 2750, 335
318, 2760, 339
318, 2770, 340
319, 2780, 338
319, 2790, 340
319, 2800, 340
319, 2810, 339
320, 2820, 337
320, 2830, 339
321, 2840, 337
321, 2850, 341
321, 2860, 339
322, 2870, 340
323, 2880, 340
325, 2890, 344
327, 2900, 346
330, 2910, 349
331, 2920, 351
333, 2930, 355
334, 2940, 356
336, 2950, 357
340, 2960, 361
341, 2970, 363
345, 2980, 365
347, 2990, 368
348, 3000, 373
350, 3010, 372
352, 3020, 375
354, 3030, 378
355, 3040, 380
356, 3050, 383
359, 3060, 382
360, 3070, 384
360, 3080, 385
361, 3090, 384
361, 3100, 385
362, 3110, 385
363, 3120, 385
366, 3130, 385
366, 3140, 389
369, 3150, 389
370, 3160, 390
370, 3170, 392
370, 3180, 394
372, 3190, 390
372, 3200, 393
376, 3210, 393
376, 3220, 400
377, 3230, 401
377, 3240, 402
379, 3250, 403
379, 3260, 406
380, 3270, 403
381, 3280, 403
381, 3290, 408
381, 3300, 404
382, 3310, 405
383, 3320, 403
383, 3330, 407
384, 3340, 405
384, 3350, 406
385, 3360, 405
385, 3370, 407
386, 3380, 406
387, 3390, 407
{'count': 3390, 'truepos': 45, 'falseneg': 3, 'unknownyes': 0, 'falsepos': 342, 'unique': 3390}
49: Danijel.csv: three: 0, 0
3, 10
3, 20, 107
7, 30, 86
8, 40, 83
8, 50, 68
9, 60, 52
10, 70, 50
10, 80, 45
11, 90, 40
12, 100, 42
12, 110, 43
13, 120, 40
17, 130, 40
20, 140, 49
23, 150, 48
26, 160, 51
28, 170, 51
32, 180, 51
33, 190, 49
36, 200, 52
36, 210, 50
37, 220, 51
37, 230, 55
37, 240, 53
38, 250, 48
39, 260, 54
39, 270, 53
41, 280, 50
41, 290, 53
41, 300, 58
41, 310, 55
43, 320, 50
43, 330, 60
43, 340, 52
43, 350, 51
43, 360, 53
44, 370, 55
46, 380, 54
46, 390, 56
46, 400, 57
47, 410, 54
48, 420, 58
49, 430, 57
49, 440, 60
49, 450, 58
50, 460, 59
52, 470, 61
53, 480, 62
53, 490, 62
53, 500, 63
54, 510, 66
54, 520, 63
54, 530, 61
54, 540, 70
55, 550, 64
55, 560, 66
55, 570, 64
55, 580, 68
55, 590, 63
55, 600, 64
56, 610, 63
56, 620, 64
57, 630, 64
58, 640, 66
59, 650, 65
59, 660, 64
59, 670, 66
59, 680, 66
59, 690, 65
59, 700, 65
60, 710, 65
60, 720, 68
60, 730, 68
60, 740, 66
62, 750, 66
62, 760, 69
62, 770, 69
62, 780, 67
62, 790, 68
62, 800, 68
62, 810, 67
62, 820, 68
63, 830, 67
63, 840, 69
63, 850, 71
63, 860, 71
63, 870, 69
63, 880, 70
63, 890, 68
63, 900, 68
63, 910, 70
63, 920, 68
63, 930, 69
63, 940, 68
64, 950, 67
64, 960, 70
64, 970, 70
64, 980, 69
65, 990, 69
65, 1000, 69
66, 1010, 69
66, 1020, 70
68, 1030, 72
68, 1040, 73
69, 1050, 74
69, 1060, 74
69, 1070, 75
69, 1080, 74
69, 1090, 73
69, 1100, 77
69, 1110, 76
70, 1120, 75
70, 1130, 75
70, 1140, 74
70, 1150, 75
71, 1160, 74
72, 1170, 75
72, 1180, 76
{'count': 2587, 'truepos': 43, 'falseneg': 3, 'unknownyes': 2, 'falsepos': 29, 'unique': 1180}
49: Danijel.csv: machine: 0, 0
3, 10
6, 20, 109
9, 30, 107
11, 40, 101
13, 50, 103
15, 60, 96
['no' 'no' 'no' 'yes' 'yes' 'yes' 'yes' 'yes' 'yes' 'yes']
[]
11, 60, 96
13, 70, 74
15, 80, 61
16, 90, 62
19, 100, 60
21, 110, 68
['yes' 'yes' 'yes' 'yes' 'yes' 'yes' 'no' 'yes' 'yes' 'yes']
[]
19, 110, 68
20, 120, 68
22, 130, 60
25, 140, 56
30, 150, 59
31, 160, 58
['yes' 'no' 'yes' 'yes' 'no' 'yes' 'yes' 'yes' 'no' 'yes']
['yes' 'no' 'no' 'no' 'no' 'yes' 'no' 'no' 'no' 'no']
28, 160, 58
29, 170, 56
30, 180, 54
33, 190, 46
33, 200, 51
36, 210, 51
['yes' 'no' 'no' 'yes' 'no' 'no' 'yes' 'no' 'no' 'no']
['yes' 'no' 'no' 'no' 'no' 'no' 'no' 'no' 'no' 'no']
32, 210, 51
33, 220, 49
35, 230, 50
38, 240, 52
40, 250, 63
41, 260, 68
['yes' 'no' 'yes' 'no' 'yes' 'yes' 'no' 'no' 'no' 'yes']
['no' 'no' 'no' 'no' 'no' 'no' 'no' 'no' 'no' 'no']
38, 260, 68
38, 270, 57
40, 280, 52
41, 290, 54
42, 300, 61
43, 310, 60
['no' 'no' 'no' 'yes' 'no' 'no' 'no' 'yes' 'no' 'no']
['no' 'no' 'no' 'no' 'no' 'no' 'no' 'no' 'no' 'no']
36, 310, 60
38, 320, 49
40, 330, 52
41, 340, 57
41, 350, 54
42, 360, 56
['no' 'no' 'no' 'no' 'no' 'no' 'no' 'no' 'yes']
['no' 'no' 'no' 'no' 'no' 'no' 'no' 'no' 'no' 'no']
34, 360, 56
38, 370, 43
39, 380, 51
43, 390, 50
46, 400, 58
46, 410, 66
['no' 'no' 'no' 'no' 'no' 'no' 'no' 'no' 'no' 'no']
['yes' 'no' 'no' 'no' 'no' 'no' 'no' 'yes' 'no' 'no']
40, 410, 66
40, 420, 50
41, 430, 50
41, 440, 50
42, 450, 50
43, 460, 50
['no' 'no' 'no' 'no' 'no' 'yes' 'no']
['no' 'no' 'no' 'no' 'no' 'no' 'no' 'no' 'no' 'no']
39, 460, 50
39, 470, 45
41, 480, 47
43, 490, 51
44, 500, 59
46, 510, 62
['no' 'no' 'no' 'no' 'no' 'no' 'no' 'no' 'no']
['no' 'no' 'no' 'no' 'no' 'no' 'yes' 'no' 'no' 'no']
39, 510, 62
40, 520, 48
41, 530, 47
41, 540, 49
44, 550, 50
46, 560, 57
['no' 'yes' 'no' 'no' 'no' 'no' 'yes' 'no']
['no' 'no' 'no' 'no' 'no' 'no' 'no' 'no' 'no' 'no']
42, 560, 57
43, 570, 52
46, 580, 52
46, 590, 56
49, 600, 56
49, 610, 59
['no' 'yes' 'yes' 'no' 'no' 'no' 'no']
['no' 'no' 'no' 'no' 'no' 'no' 'no' 'no' 'no' 'no']
45, 610, 59
46, 620, 54
46, 630, 56
46, 640, 56
46, 650, 58
46, 660, 57
['no']
['no' 'no' 'no' 'no' 'no' 'no' 'no' 'no' 'no' 'no']
45, 660, 57
46, 670, 51
46, 680, 56
47, 690, 54
47, 700, 60
47, 710, 55
['no' 'no']
['no' 'yes' 'no' 'no' 'no' 'no' 'no' 'no' 'no' 'no']
47, 710, 55
50, 720, 56
51, 730, 56
52, 740, 57
53, 750, 59
54, 760, 59
['no' 'no' 'no' 'no' 'no' 'no' 'no']
['no' 'no' 'yes' 'no' 'no' 'no' 'no' 'no' 'no' 'no']
51, 760, 59
54, 770, 57
54, 780, 60
56, 790, 61
57, 800, 61
58, 810, 63
['no' 'no' 'no' 'no' 'no' 'no' 'no' 'no' 'yes' 'no']
['no' 'no' 'no' 'no' 'no' 'no' 'no' 'no' 'no' 'no']
49, 810, 63
53, 820, 54
56, 830, 60
56, 840, 64
57, 850, 64
57, 860, 65
['no' 'no' 'no' 'no' 'no' 'no' 'no' 'no']
['no' 'yes' 'no' 'no' 'no' 'no' 'no' 'no' 'no' 'no']
52, 860, 65
53, 870, 57
53, 880, 57
55, 890, 58
56, 900, 60
57, 910, 61
['no' 'yes' 'no' 'no' 'no' 'no' 'no']
['no' 'no' 'no' 'no' 'no' 'no' 'no' 'no' 'no' 'no']
53, 910, 61
54, 920, 59
54, 930, 61
56, 940, 60
56, 950, 65
57, 960, 63
['no' 'no' 'no' 'no' 'no']
['no' 'no' 'no' 'no' 'no' 'no' 'no' 'no' 'no' 'no']
55, 960, 63
56, 970, 61
56, 980, 61
56, 990, 62
58, 1000, 61
59, 1010, 64
['no' 'no' 'no' 'no' 'no']
['no' 'no' 'no' 'no' 'no' 'no' 'no' 'no' 'no' 'no']
56, 1010, 64
56, 1020, 61
56, 1030, 61
56, 1040, 60
56, 1050, 62
57, 1060, 59
['no' 'no' 'no']
['no' 'no' 'no' 'no' 'no' 'no' 'no' 'no' 'no' 'no']
['no' 'no' 'no']
['no' 'no' 'no' 'no' 'no' 'no' 'no' 'no' 'no' 'no']
{'count': 1408, 'truepos': 39, 'falseneg': 4, 'unknownyes': 5, 'falsepos': 15, 'unique': 1060}
49: Danijel.csv: machine2: 0, 0
4, 10
8, 20, 110
8, 30, 145
10, 40, 119
12, 50, 106
13, 60, 103
['yes' 'yes' 'yes' 'no' 'yes' 'no' 'no' 'yes' 'yes' 'yes']
[]
10, 60, 103
12, 70, 74
13, 80, 64
17, 90, 62
19, 100, 58
20, 110, 58
['no' 'no' 'yes' 'no' 'no' 'yes' 'no' 'yes' 'no' 'yes']
[]
18, 110, 58
22, 120, 53
25, 130, 59
25, 140, 65
32, 150, 54
34, 160, 56
['yes' 'no' 'no' 'yes' 'no' 'no' 'yes' 'yes' 'yes' 'yes']
['no' 'no' 'no' 'no' 'yes' 'no' 'no' 'no' 'no' 'yes']
32, 160, 56
35, 170, 50
37, 180, 58
39, 190, 59
40, 200, 63
43, 210, 62
['yes' 'no' 'no' 'yes' 'no' 'no' 'yes' 'no' 'no' 'yes']
['no' 'no' 'no' 'no' 'no' 'no' 'no' 'no' 'no' 'no']
39, 210, 62
39, 220, 58
40, 230, 57
43, 240, 59
43, 250, 68
44, 260, 63
['no' 'no' 'no' 'yes' 'yes' 'no' 'no' 'yes' 'yes' 'no']
['no' 'no' 'no' 'no' 'no' 'no' 'no' 'no' 'no' 'no']
38, 260, 63
41, 270, 50
45, 280, 52
47, 290, 60
47, 300, 66
47, 310, 65
['no' 'yes' 'no' 'no' 'yes' 'yes' 'yes' 'yes' 'no' 'yes']
['no' 'no' 'no' 'no' 'no' 'no' 'no' 'no' 'no' 'no']
45, 310, 65
47, 320, 56
50, 330, 59
50, 340, 61
51, 350, 61
53, 360, 63
['no' 'yes' 'no' 'no' 'no' 'yes' 'no' 'yes' 'no' 'no']
['no' 'no' 'no' 'no' 'no' 'no' 'no' 'no' 'no' 'no']
47, 360, 63
49, 370, 57
50, 380, 60
53, 390, 61
53, 400, 65
54, 410, 64
['yes' 'no' 'no' 'yes' 'yes' 'no' 'no' 'no' 'yes' 'no']
['no' 'no' 'no' 'no' 'no' 'no' 'no' 'no' 'no' 'no']
49, 410, 64
49, 420, 59
51, 430, 57
51, 440, 61
52, 450, 62
54, 460, 61
['no' 'no' 'no' 'no' 'no' 'yes' 'yes' 'yes' 'yes']
['no' 'no' 'no' 'no' 'no' 'no' 'no' 'no' 'no' 'no']
49, 460, 61
49, 470, 56
49, 480, 57
50, 490, 56
51, 500, 56
53, 510, 58
['no' 'no' 'no' 'no']
['no' 'no' 'no' 'no' 'no' 'no' 'no' 'no' 'no' 'no']
51, 510, 58
53, 520, 58
55, 530, 61
56, 540, 63
56, 550, 64
56, 560, 63
['no' 'no' 'no' 'no' 'no' 'no']
['no' 'no' 'no' 'no' 'no' 'no' 'no' 'no' 'no' 'no']
53, 560, 63
53, 570, 59
55, 580, 60
55, 590, 63
56, 600, 60
57, 610, 61
['no' 'no' 'no' 'no' 'no' 'no']
['no' 'no' 'no' 'no' 'no' 'no' 'no' 'no' 'no' 'no']
55, 610, 61
55, 620, 61
56, 630, 61
56, 640, 63
56, 650, 61
56, 660, 62
['no' 'no' 'no']
['no' 'no' 'no' 'no' 'no' 'no' 'no' 'no' 'no' 'no']
54, 660, 62
54, 670, 60
56, 680, 60
56, 690, 60
57, 700, 63
57, 710, 62
['no' 'no' 'no']
['no' 'no' 'no' 'no' 'no' 'no' 'no' 'no' 'no' 'no']
56, 710, 62
57, 720, 61
57, 730, 62
58, 740, 61
59, 750, 63
62, 760, 63
['no' 'no' 'no' 'no' 'no' 'no' 'no']
['no' 'no' 'no' 'no' 'no' 'no' 'no' 'no' 'no' 'no']
['no' 'no' 'no' 'no' 'no' 'no' 'no']
['no' 'no' 'no' 'no' 'no' 'no' 'no' 'no' 'no' 'no']
{'count': 1072, 'truepos': 42, 'falseneg': 1, 'unknownyes': 5, 'falsepos': 16, 'unique': 760}
49: Danijel.csv: machine3: 0, 0
4, 10
4, 20, 110
5, 30, 98
5, 40, 82
5, 50, 57
6, 60, 50
null
[]
7, 70, 46
11, 80, 44
14, 90, 52
15, 100, 53
19, 110, 53
21, 120, 66
null
[]
21, 130, 60
24, 140, 53
25, 150, 56
26, 160, 49
26, 170, 50
28, 180, 47
null
[]
29, 190, 49
32, 200, 49
33, 210, 48
33, 220, 51
35, 230, 49
36, 240, 52
null
['no' 'no' 'no' 'no' 'no' 'no' 'no' 'no' 'no' 'no']
36, 240, 52
37, 250, 53
39, 260, 50
42, 270, 52
42, 280, 57
42, 290, 56
null
['no' 'no' 'no' 'no' 'no' 'no' 'no' 'no' 'no' 'no']
42, 290, 56
43, 300, 54
45, 310, 55
45, 320, 60
45, 330, 56
45, 340, 56
null
['no' 'yes' 'yes' 'no' 'no' 'no' 'no' 'no' 'no' 'no']
46, 340, 56
46, 350, 57
48, 360, 56
48, 370, 58
48, 380, 57
49, 390, 57
null
['no' 'no' 'no' 'no' 'no' 'no' 'no' 'no' 'no' 'no']
49, 390, 57
49, 400, 59
49, 410, 59
49, 420, 57
49, 430, 56
49, 440, 57
null
['no' 'no' 'no' 'no' 'no' 'no' 'no' 'no' 'no' 'no']
49, 440, 57
50, 450, 56
50, 460, 58
51, 470, 56
52, 480, 60
52, 490, 60
null
['no' 'no' 'no' 'no' 'no' 'no' 'no' 'no' 'no' 'no']
52, 490, 60
52, 500, 59
52, 510, 57
52, 520, 59
52, 530, 57
52, 540, 58
null
['no' 'no' 'no' 'no' 'no' 'no' 'no' 'no' 'no' 'no']
52, 540, 58
52, 550, 58
52, 560, 60
52, 570, 58
52, 580, 57
52, 590, 58
null
['no' 'no' 'no' 'no' 'no' 'no' 'no' 'no' 'no' 'no']
52, 590, 58
53, 600, 58
53, 610, 59
53, 620, 58
53, 630, 58
54, 640, 58
null
['no' 'no' 'no' 'no' 'no' 'no' 'no' 'no' 'no' 'no']
54, 640, 58
54, 650, 59
54, 660, 59
55, 670, 58
55, 680, 60
55, 690, 60
null
['no' 'no' 'no' 'no' 'no' 'no' 'no' 'no' 'no' 'no']
55, 690, 60
55, 700, 60
55, 710, 60
55, 720, 58
55, 730, 60
55, 740, 59
null
['no' 'no' 'no' 'no' 'no' 'no' 'no' 'no' 'no' 'no']
55, 740, 59
55, 750, 60
55, 760, 59
55, 770, 58
55, 780, 59
56, 790, 58
null
['no' 'no' 'no' 'no' 'no' 'no' 'no' 'no' 'no' 'no']
null
['no' 'no' 'no' 'no' 'no' 'no' 'no' 'no' 'no' 'no']
{'count': 1117, 'truepos': 43, 'falseneg': 2, 'unknownyes': 3, 'falsepos': 13, 'unique': 790}
49: Danijel.csv: machine4: 0, 0
4, 10
4, 20, 119
6, 30, 95
9, 40, 77
9, 50, 79
10, 60, 57
10, 70, 56
10, 80, 44
11, 90, 42
17, 100, 41
20, 110, 58
23, 120, 58
25, 130, 56
26, 140, 58
27, 150, 51
27, 160, 50
29, 170, 47
31, 180, 47
31, 190, 51
31, 200, 47
33, 210, 45
35, 220, 50
35, 230, 51
35, 240, 51
36, 250, 50
37, 260, 49
37, 270, 49
37, 280, 51
37, 290, 50
38, 300, 48
38, 310, 49
38, 320, 49
41, 330, 49
41, 340, 54
41, 350, 53
42, 360, 52
42, 370, 52
42, 380, 51
42, 390, 51
43, 400, 52
44, 410, 52
44, 420, 52
44, 430, 53
44, 440, 52
44, 450, 52
44, 460, 50
44, 470, 51
45, 480, 50
45, 490, 52
46, 500, 52
46, 510, 53
46, 520, 54
48, 530, 52
48, 540, 56
50, 550, 57
50, 560, 59
51, 570, 58
52, 580, 59
53, 590, 62
53, 600, 65
53, 610, 64
53, 620, 64
53, 630, 65
53, 640, 62
53, 650, 63
53, 660, 63
53, 670, 61
53, 680, 63
55, 690, 62
55, 700, 63
55, 710, 62
55, 720, 64
55, 730, 63
55, 740, 62
55, 750, 62
56, 760, 64
56, 770, 63
56, 780, 63
57, 790, 62
58, 800, 65
58, 810, 66
58, 820, 67
58, 830, 65
58, 840, 66
58, 850, 66
58, 860, 65
58, 870, 63
59, 880, 64
59, 890, 66
59, 900, 65
59, 910, 65
59, 920, 65
59, 930, 66
59, 940, 64
60, 950, 63
61, 960, 64
61, 970, 65
62, 980, 66
62, 990, 66
{'count': 1245, 'truepos': 38, 'falseneg': 8, 'unknownyes': 2, 'falsepos': 24, 'unique': 990}
49: K_all3.csv: none: 0, 0
2, 10
2, 20, 70
4, 30, 65
7, 40, 61
9, 50, 62
10, 60, 57
12, 70, 51
16, 80, 53
18, 90, 57
21, 100, 53
21, 110, 55
23, 120, 50
24, 130, 52
24, 140, 51
26, 150, 48
27, 160, 49
29, 170, 48
30, 180, 50
32, 190, 45
33, 200, 50
35, 210, 50
37, 220, 52
42, 230, 51
44, 240, 64
45, 250, 59
46, 260, 62
48, 270, 65
48, 280, 66
49, 290, 66
50, 300, 65
50, 310, 67
51, 320, 61
51, 330, 63
52, 340, 64
52, 350, 62
53, 360, 60
56, 370, 60
56, 380, 64
56, 390, 64
56, 400, 61
59, 410, 61
60, 420, 64
61, 430, 64
63, 440, 65
66, 450, 68
69, 460, 70
69, 470, 73
{'count': 470, 'truepos': 33, 'falseneg': 4, 'unknownyes': 8, 'falsepos': 36, 'unique': 470}
49: K_all3.csv: three: 0, 0
1, 10
3, 20, 93
7, 30, 64
10, 40, 61
10, 50, 59
13, 60, 50
15, 70, 55
17, 80, 54
18, 90, 51
19, 100, 51
21, 110, 48
21, 120, 50
21, 130, 48
21, 140, 46
22, 150, 45
25, 160, 45
27, 170, 46
28, 180, 48
29, 190, 47
29, 200, 47
31, 210, 46
31, 220, 37
32, 230, 37
33, 240, 36
34, 250, 37
35, 260, 41
35, 270, 41
36, 280, 41
36, 290, 41
36, 300, 41
36, 310, 40
36, 320, 41
38, 330, 41
38, 340, 44
39, 350, 41
40, 360, 42
43, 370, 44
44, 380, 46
46, 390, 48
46, 400, 49
46, 410, 49
{'count': 895, 'truepos': 36, 'falseneg': 0, 'unknownyes': 9, 'falsepos': 10, 'unique': 410}
49: K_all3.csv: machine: 0, 0
1, 10
1, 20, 92
2, 30, 83
4, 40, 62
4, 50, 56
6, 60, 50
['no' 'yes' 'no' 'no' 'no' 'yes']
[]
2, 60, 50
4, 70, 57
7, 80, 53
8, 90, 49
14, 100, 47
15, 110, 52
['yes' 'no' 'yes' 'no' 'yes' 'yes' 'yes' 'no' 'yes' 'no']
[]
11, 110, 52
12, 120, 45
14, 130, 45
15, 140, 48
20, 150, 46
21, 160, 54
['yes' 'no' 'yes' 'no' 'yes' 'yes' 'yes' 'no' 'yes' 'yes']
['no' 'no' 'no']
18, 160, 54
21, 170, 47
23, 180, 50
24, 190, 50
25, 200, 49
27, 210, 49
['yes' 'yes' 'no' 'yes' 'yes' 'no' 'no' 'yes' 'no' 'no']
[]
23, 210, 49
24, 220, 49
27, 230, 49
27, 240, 52
30, 250, 50
32, 260, 40
['no' 'no' 'no' 'no' 'no' 'no' 'yes' 'yes' 'no' 'yes']
['no' 'yes' 'no' 'no' 'yes' 'no' 'no' 'no' 'no' 'no']
27, 260, 40
28, 270, 47
28, 280, 48
28, 290, 47
30, 300, 46
31, 310, 38
['no' 'no' 'no' 'yes' 'no' 'yes']
['no' 'yes' 'no' 'no' 'no' 'no' 'no' 'no' 'no' 'no']
30, 310, 38
31, 320, 38
33, 330, 41
35, 340, 43
36, 350, 45
38, 360, 44
['no' 'yes' 'yes' 'no' 'no' 'no' 'no' 'no']
['no' 'no' 'no' 'no' 'no' 'no' 'no' 'no' 'no' 'no']
32, 360, 44
36, 370, 36
39, 380, 40
41, 390, 44
42, 400, 45
44, 410, 45
['no' 'no' 'no' 'yes' 'no' 'yes' 'no' 'no' 'no' 'no']
['no' 'no' 'no' 'no' 'no' 'no' 'no' 'no' 'no' 'no']
['no' 'no' 'no' 'no' 'no' 'no' 'no' 'yes' 'no' 'yes']
['no' 'no' 'no' 'no' 'no' 'no' 'no' 'no' 'no' 'no']
{'count': 523, 'truepos': 28, 'falseneg': 2, 'unknownyes': 15, 'falsepos': 9, 'unique': 410}
49: K_all3.csv: machine2: 0, 0
1, 10
2, 20, 90
3, 30, 65
4, 40, 62
4, 50, 54
6, 60, 46
['no' 'no' 'no' 'no' 'no' 'no']
[]
1, 60, 46
2, 70, 71
3, 80, 66
3, 90, 61
5, 100, 54
6, 110, 52
['yes' 'no' 'no' 'no' 'no']
[]
2, 110, 52
3, 120, 56
3, 130, 56
3, 140, 53
4, 150, 52
5, 160, 54
['no' 'no' 'no']
[]
3, 160, 54
5, 170, 52
7, 180, 54
11, 190, 52
14, 200, 58
15, 210, 62
['no' 'yes' 'no' 'no' 'no' 'no' 'no' 'no' 'no' 'yes']
['no']
8, 210, 62
9, 220, 51
14, 230, 49
14, 240, 54
17, 250, 51
19, 260, 54
['yes' 'yes' 'yes' 'no' 'yes' 'no' 'no' 'no' 'no' 'no']
['yes']
14, 260, 54
17, 270, 51
21, 280, 53
25, 290, 58
29, 300, 61
32, 310, 63
['no' 'no' 'yes' 'no' 'yes' 'yes' 'no' 'no' 'no' 'yes']
['no' 'no' 'no' 'no' 'no' 'no' 'yes' 'no' 'no' 'no']
30, 310, 63
30, 320, 59
30, 330, 51
31, 340, 47
31, 350, 48
35, 360, 45
['yes' 'yes' 'yes' 'no' 'no' 'no' 'yes' 'no' 'no' 'no']
['no' 'no' 'no' 'no' 'no' 'no' 'no' 'no' 'no' 'no']
34, 360, 45
36, 370, 44
37, 380, 46
38, 390, 47
42, 400, 48
45, 410, 52
['no' 'yes' 'no' 'no' 'no' 'no' 'yes' 'yes' 'yes' 'no']
['no' 'no' 'no' 'no' 'no' 'no' 'no' 'no' 'no' 'no']
42, 410, 52
43, 420, 57
44, 430, 54
47, 440, 56
49, 450, 59
50, 460, 63
['no' 'no' 'no' 'no' 'no' 'yes' 'no' 'no' 'no' 'yes']
['no' 'no' 'no' 'no' 'no' 'no' 'no' 'no' 'no' 'no']
48, 460, 63
49, 470, 58
50, 480, 62
52, 490, 60
57, 500, 62
58, 510, 69
['yes' 'no' 'no' 'no' 'no' 'no' 'no' 'no' 'no' 'no']
['no' 'no' 'no' 'no' 'no' 'no' 'no' 'no' 'no' 'no']
55, 510, 69
57, 520, 66
57, 530, 68
59, 540, 65
59, 550, 69
60, 560, 67
['no' 'no' 'no' 'yes' 'yes' 'yes' 'no' 'no' 'yes' 'yes']
['no' 'no' 'no' 'no' 'no' 'no' 'no' 'no' 'no' 'no']
57, 560, 67
58, 570, 62
59, 580, 65
60, 590, 68
61, 600, 70
62, 610, 70
['no' 'no' 'no' 'no' 'no' 'yes' 'no' 'no' 'no' 'yes']
['no' 'no' 'no' 'no' 'no' 'no' 'no' 'no' 'no' 'no']
55, 610, 70
55, 620, 59
57, 630, 59
60, 640, 61
60, 650, 64
62, 660, 64
['no' 'no' 'yes' 'no' 'no' 'yes' 'no' 'no' 'no' 'no']
['no' 'no' 'no' 'no' 'no' 'no' 'no' 'no' 'no' 'no']
['no' 'yes' 'no' 'no' 'no' 'no' 'yes' 'no' 'no' 'no']
['no' 'no' 'no' 'no' 'no' 'no' 'no' 'no' 'no' 'no']
{'count': 926, 'truepos': 32, 'falseneg': 3, 'unknownyes': 10, 'falsepos': 23, 'unique': 660}
49: K_all3.csv: machine3: 0, 0
1, 10
2, 20, 92
4, 30, 63
7, 40, 59
9, 50, 53
10, 60, 56
null
[]
12, 70, 48
14, 80, 47
15, 90, 49
17, 100, 46
18, 110, 45
19, 120, 42
null
[]
22, 130, 42
22, 140, 46
22, 150, 44
22, 160, 42
23, 170, 42
24, 180, 42
null
['no']
24, 180, 42
25, 190, 42
25, 200, 43
25, 210, 42
26, 220, 42
26, 230, 43
null
[]
27, 240, 42
27, 250, 44
27, 260, 43
29, 270, 43
29, 280, 44
29, 290, 44
null
[]
30, 300, 43
30, 310, 39
31, 320, 37
31, 330, 36
32, 340, 37
33, 350, 40
null
['no' 'no' 'no' 'no' 'no' 'no' 'yes' 'no' 'no' 'no']
34, 350, 40
34, 360, 40
34, 370, 40
34, 380, 38
34, 390, 37
35, 400, 38
null
['no' 'no' 'no' 'no' 'no' 'no' 'no' 'no' 'no' 'no']
35, 400, 38
36, 410, 38
37, 420, 39
37, 430, 41
38, 440, 39
38, 450, 41
null
['no' 'no' 'no' 'no' 'no' 'no' 'no' 'no' 'no' 'no']
38, 450, 41
null
['yes' 'no' 'no' 'no' 'no' 'no' 'no' 'no' 'no' 'no']
{'count': 629, 'truepos': 28, 'falseneg': 3, 'unknownyes': 14, 'falsepos': 12, 'unique': 450}
49: K_all3.csv: machine4: 0, 0
1, 10
2, 20, 92
3, 30, 63
5, 40, 50
6, 50, 44
8, 60, 43
10, 70, 44
13, 80, 44
15, 90, 49
19, 100, 48
21, 110, 53
22, 120, 52
22, 130, 48
22, 140, 46
23, 150, 44
24, 160, 45
25, 170, 45
25, 180, 46
26, 190, 45
26, 200, 46
27, 210, 45
27, 220, 45
27, 230, 45
29, 240, 45
30, 250, 45
30, 260, 39
31, 270, 39
32, 280, 40
33, 290, 38
33, 300, 38
33, 310, 37
34, 320, 37
34, 330, 39
34, 340, 37
35, 350, 37
35, 360, 38
35, 370, 37
35, 380, 37
37, 390, 37
39, 400, 39
{'count': 529, 'truepos': 30, 'falseneg': 3, 'unknownyes': 12, 'falsepos': 9, 'unique': 400}

------------------------------------------------------------
Sender: LSF System <lsfadmin@n2e1-3>
Subject: Job 299615: </share/tjmenzie/zyu9/miniconda2/bin/python2.7 runner.py error_hpcc 49> Done

Job </share/tjmenzie/zyu9/miniconda2/bin/python2.7 runner.py error_hpcc 49> was submitted from host <login01.hpc.ncsu.edu> by user <zyu9> in cluster <henry2>.
Job was executed on host(s) <2*n2e1-3>, in queue <single_chassis>, as user <zyu9> in cluster <henry2>.
</home/zyu9> was used as the home directory.
</home/zyu9/projects/MAR_HPC/Error/src> was used as the working directory.
Started at Mon Nov  6 09:14:01 2017
Results reported at Mon Nov  6 17:14:21 2017

Your job looked like:

------------------------------------------------------------
# LSBATCH: User input
/share/tjmenzie/zyu9/miniconda2/bin/python2.7 runner.py error_hpcc 49
------------------------------------------------------------

Successfully completed.

Resource usage summary:

    CPU time   :  31434.87 sec.
    Max Memory :       180 MB
    Max Swap   :      1198 MB

    Max Processes  :         3
    Max Threads    :         8

The output (if any) is above this job summary.



PS:

Read file <./err/49.err.299615> for stderr output of this job.

