5: Hall.csv: none: 0, 0
6, 10
7, 20, 110
12, 30, 106
15, 40, 114
19, 50, 103
23, 60, 95
28, 70, 93
33, 80, 93
39, 90, 74
45, 100, 83
46, 110, 97
51, 120, 87
55, 130, 96
59, 140, 99
65, 150, 91
70, 160, 102
74, 170, 105
79, 180, 126
81, 190, 117
84, 200, 107
87, 210, 118
88, 220, 114
89, 230, 113
92, 240, 114
94, 250, 125
97, 260, 120
98, 270, 118
100, 280, 118
101, 290, 134
103, 300, 125
107, 310, 126
108, 320, 133
109, 330, 137
111, 340, 147
112, 350, 143
113, 360, 136
113, 370, 146
116, 380, 139
116, 390, 145
116, 400, 148
117, 410, 146
119, 420, 147
121, 430, 148
122, 440, 147
123, 450, 150
123, 460, 150
123, 470, 146
124, 480, 150
125, 490, 152
125, 500, 152
126, 510, 145
126, 520, 151
127, 530, 146
128, 540, 148
128, 550, 150
128, 560, 147
129, 570, 148
130, 580, 146
130, 590, 153
132, 600, 150
132, 610, 156
133, 620, 153
134, 630, 151
136, 640, 156
138, 650, 161
139, 660, 171
142, 670, 169
143, 680, 178
145, 690, 183
146, 700, 183
147, 710, 179
148, 720, 180
148, 730, 186
148, 740, 177
148, 750, 171
150, 760, 176
151, 770, 173
153, 780, 176
153, 790, 181
155, 800, 181
158, 810, 181
159, 820, 190
159, 830, 186
159, 840, 191
160, 850, 184
161, 860, 185
162, 870, 188
163, 880, 190
164, 890, 187
165, 900, 192
166, 910, 195
167, 920, 191
167, 930, 191
167, 940, 189
169, 950, 194
169, 960, 199
170, 970, 200
171, 980, 193
173, 990, 195
174, 1000, 197
176, 1010, 206
176, 1020, 209
177, 1030, 213
179, 1040, 205
180, 1050, 204
180, 1060, 205
181, 1070, 204
182, 1080, 209
183, 1090, 210
183, 1100, 207
184, 1110, 204
184, 1120, 207
185, 1130, 205
186, 1140, 204
187, 1150, 212
187, 1160, 211
188, 1170, 212
189, 1180, 214
189, 1190, 211
190, 1200, 212
192, 1210, 215
194, 1220, 220
195, 1230, 219
197, 1240, 219
198, 1250, 221
199, 1260, 224
201, 1270, 219
202, 1280, 224
202, 1290, 227
203, 1300, 226
203, 1310, 228
203, 1320, 227
203, 1330, 222
205, 1340, 225
206, 1350, 230
207, 1360, 228
208, 1370, 228
209, 1380, 228
209, 1390, 234
209, 1400, 231
209, 1410, 232
209, 1420, 229
209, 1430, 228
211, 1440, 230
212, 1450, 232
214, 1460, 236
215, 1470, 235
217, 1480, 238
218, 1490, 240
218, 1500, 244
218, 1510, 245
218, 1520, 248
218, 1530, 241
218, 1540, 238
221, 1550, 239
221, 1560, 249
221, 1570, 246
224, 1580, 246
225, 1590, 248
225, 1600, 248
225, 1610, 245
226, 1620, 245
226, 1630, 246
228, 1640, 253
228, 1650, 253
228, 1660, 251
230, 1670, 250
231, 1680, 253
231, 1690, 259
232, 1700, 256
233, 1710, 257
234, 1720, 254
235, 1730, 258
236, 1740, 265
238, 1750, 261
242, 1760, 265
243, 1770, 275
246, 1780, 276
248, 1790, 277
249, 1800, 278
249, 1810, 285
251, 1820, 277
252, 1830, 280
254, 1840, 282
254, 1850, 287
256, 1860, 285
256, 1870, 285
257, 1880, 283
258, 1890, 285
259, 1900, 287
263, 1910, 294
265, 1920, 295
265, 1930, 296
267, 1940, 298
268, 1950, 305
268, 1960, 305
268, 1970, 306
268, 1980, 303
270, 1990, 302
272, 2000, 306
272, 2010, 306
273, 2020, 306
273, 2030, 304
273, 2040, 304
274, 2050, 303
274, 2060, 304
276, 2070, 303
276, 2080, 305
276, 2090, 303
276, 2100, 309
276, 2110, 305
277, 2120, 304
281, 2130, 304
281, 2140, 310
281, 2150, 311
283, 2160, 311
283, 2170, 313
283, 2180, 314
283, 2190, 311
283, 2200, 311
283, 2210, 310
283, 2220, 310
285, 2230, 311
285, 2240, 318
286, 2250, 312
287, 2260, 311
287, 2270, 313
287, 2280, 316
288, 2290, 312
288, 2300, 317
288, 2310, 318
289, 2320, 315
291, 2330, 318
292, 2340, 323
292, 2350, 326
293, 2360, 325
295, 2370, 324
297, 2380, 331
297, 2390, 328
298, 2400, 330
298, 2410, 330
302, 2420, 326
302, 2430, 334
302, 2440, 334
304, 2450, 332
306, 2460, 338
307, 2470, 341
307, 2480, 340
307, 2490, 341
310, 2500, 339
312, 2510, 343
312, 2520, 351
314, 2530, 348
315, 2540, 350
316, 2550, 352
316, 2560, 352
317, 2570, 353
318, 2580, 351
319, 2590, 354
320, 2600, 351
320, 2610, 355
322, 2620, 353
322, 2630, 354
322, 2640, 353
323, 2650, 357
323, 2660, 358
324, 2670, 354
325, 2680, 357
326, 2690, 359
326, 2700, 359
327, 2710, 359
327, 2720, 361
327, 2730, 361
327, 2740, 357
328, 2750, 361
328, 2760, 361
329, 2770, 357
329, 2780, 360
331, 2790, 360
332, 2800, 361
333, 2810, 365
334, 2820, 364
334, 2830, 365
335, 2840, 365
336, 2850, 365
338, 2860, 366
338, 2870, 368
339, 2880, 370
342, 2890, 372
344, 2900, 376
344, 2910, 376
346, 2920, 376
348, 2930, 378
349, 2940, 379
352, 2950, 376
354, 2960, 383
355, 2970, 387
356, 2980, 384
357, 2990, 387
357, 3000, 391
359, 3010, 388
360, 3020, 393
360, 3030, 393
360, 3040, 395
362, 3050, 393
364, 3060, 399
365, 3070, 399
367, 3080, 400
367, 3090, 403
368, 3100, 402
369, 3110, 405
370, 3120, 406
371, 3130, 407
372, 3140, 408
373, 3150, 408
374, 3160, 409
375, 3170, 410
376, 3180, 411
376, 3190, 411
376, 3200, 412
376, 3210, 405
378, 3220, 409
380, 3230, 413
381, 3240, 414
381, 3250, 414
381, 3260, 413
381, 3270, 412
382, 3280, 413
384, 3290, 414
384, 3300, 417
385, 3310, 417
386, 3320, 418
386, 3330, 419
389, 3340, 420
389, 3350, 419
390, 3360, 421
391, 3370, 421
392, 3380, 421
394, 3390, 419
395, 3400, 424
395, 3410, 427
396, 3420, 425
398, 3430, 425
398, 3440, 432
398, 3450, 430
399, 3460, 432
399, 3470, 429
399, 3480, 430
400, 3490, 428
402, 3500, 431
403, 3510, 434
403, 3520, 434
404, 3530, 435
406, 3540, 435
408, 3550, 436
410, 3560, 437
410, 3570, 440
410, 3580, 437
412, 3590, 441
412, 3600, 441
413, 3610, 438
414, 3620, 440
415, 3630, 446
416, 3640, 444
417, 3650, 448
418, 3660, 448
418, 3670, 452
420, 3680, 451
420, 3690, 454
420, 3700, 452
422, 3710, 452
422, 3720, 458
424, 3730, 455
426, 3740, 456
426, 3750, 460
427, 3760, 459
427, 3770, 459
430, 3780, 461
431, 3790, 465
433, 3800, 468
433, 3810, 471
434, 3820, 463
435, 3830, 468
435, 3840, 469
435, 3850, 468
437, 3860, 467
437, 3870, 470
438, 3880, 467
440, 3890, 468
440, 3900, 472
441, 3910, 475
443, 3920, 473
444, 3930, 477
446, 3940, 478
447, 3950, 482
447, 3960, 482
449, 3970, 480
449, 3980, 484
449, 3990, 482
452, 4000, 483
452, 4010, 490
453, 4020, 484
454, 4030, 485
456, 4040, 486
456, 4050, 490
456, 4060, 489
457, 4070, 491
458, 4080, 491
460, 4090, 490
461, 4100, 495
461, 4110, 495
461, 4120, 495
462, 4130, 494
463, 4140, 494
463, 4150, 494
463, 4160, 495
463, 4170, 494
463, 4180, 495
465, 4190, 494
465, 4200, 496
467, 4210, 494
467, 4220, 496
468, 4230, 497
470, 4240, 499
470, 4250, 502
470, 4260, 501
473, 4270, 502
475, 4280, 504
475, 4290, 505
477, 4300, 507
479, 4310, 511
480, 4320, 511
480, 4330, 512
481, 4340, 513
482, 4350, 512
483, 4360, 515
483, 4370, 514
484, 4380, 516
485, 4390, 519
485, 4400, 514
488, 4410, 513
489, 4420, 518
490, 4430, 522
491, 4440, 523
492, 4450, 523
494, 4460, 525
497, 4470, 529
498, 4480, 532
500, 4490, 533
500, 4500, 531
500, 4510, 531
501, 4520, 533
501, 4530, 534
503, 4540, 532
505, 4550, 534
505, 4560, 538
506, 4570, 536
507, 4580, 536
508, 4590, 537
509, 4600, 537
510, 4610, 542
513, 4620, 542
515, 4630, 546
515, 4640, 549
517, 4650, 547
518, 4660, 551
521, 4670, 550
522, 4680, 551
523, 4690, 556
525, 4700, 555
527, 4710, 559
528, 4720, 562
529, 4730, 563
529, 4740, 562
530, 4750, 563
531, 4760, 564
532, 4770, 563
532, 4780, 566
534, 4790, 563
534, 4800, 567
535, 4810, 567
537, 4820, 566
537, 4830, 569
539, 4840, 570
540, 4850, 568
541, 4860, 572
542, 4870, 572
542, 4880, 574
543, 4890, 573
544, 4900, 574
546, 4910, 575
546, 4920, 576
548, 4930, 577
551, 4940, 578
{'count': 4940, 'truepos': 94, 'falseneg': 10, 'unknownyes': 2, 'falsepos': 457, 'unique': 4940}
5: Hall.csv: three: 0, 0
7, 10
9, 20, 111
10, 30, 113
15, 40, 109
20, 50, 97
24, 60, 95
31, 70, 93
35, 80, 78
36, 90, 79
40, 100, 74
46, 110, 72
49, 120, 89
52, 130, 87
55, 140, 85
62, 150, 83
67, 160, 95
71, 170, 95
74, 180, 97
77, 190, 98
79, 200, 100
80, 210, 101
85, 220, 99
88, 230, 108
90, 240, 110
93, 250, 108
95, 260, 115
99, 270, 112
100, 280, 120
101, 290, 118
101, 300, 117
101, 310, 114
102, 320, 117
104, 330, 118
104, 340, 121
104, 350, 121
105, 360, 117
105, 370, 116
105, 380, 117
105, 390, 117
105, 400, 117
105, 410, 116
108, 420, 116
108, 430, 121
108, 440, 121
108, 450, 122
108, 460, 120
109, 470, 120
109, 480, 119
109, 490, 117
109, 500, 118
109, 510, 120
109, 520, 117
109, 530, 116
109, 540, 117
109, 550, 119
109, 560, 116
109, 570, 115
109, 580, 117
109, 590, 115
111, 600, 117
112, 610, 118
112, 620, 120
112, 630, 119
112, 640, 119
112, 650, 118
{'count': 1414, 'truepos': 99, 'falseneg': 3, 'unknownyes': 4, 'falsepos': 13, 'unique': 650}
5: Hall.csv: machine: 0, 0
7, 10
10, 20, 111
16, 30, 113
19, 40, 106
25, 50, 99
32, 60, 100
['yes' 'yes' 'yes' 'yes' 'no' 'yes' 'yes' 'no' 'yes' 'yes']
['no' 'no' 'no' 'no' 'yes' 'no' 'no' 'no' 'yes' 'no']
31, 60, 100
36, 70, 68
40, 80, 71
47, 90, 74
49, 100, 86
53, 110, 80
['yes' 'yes' 'yes' 'yes' 'no' 'yes' 'yes' 'yes' 'yes' 'yes']
['no' 'yes' 'no' 'yes' 'yes' 'no' 'no' 'no' 'no' 'no']
53, 110, 80
53, 120, 82
57, 130, 76
59, 140, 82
65, 150, 80
68, 160, 90
['yes' 'yes' 'yes' 'no' 'yes' 'yes' 'yes' 'yes' 'yes' 'yes']
['no' 'no' 'no' 'no' 'no' 'no' 'no' 'no' 'no' 'no']
66, 160, 90
67, 170, 82
70, 180, 83
73, 190, 97
77, 200, 93
79, 210, 96
['no' 'no' 'yes' 'yes' 'yes' 'yes' 'yes' 'no' 'yes' 'yes']
['no' 'no' 'no' 'no' 'yes' 'yes' 'no' 'no' 'no' 'yes']
80, 210, 96
85, 220, 92
89, 230, 98
93, 240, 104
93, 250, 105
94, 260, 105
['yes' 'no' 'no' 'yes' 'no' 'yes' 'yes' 'no' 'yes' 'yes']
['yes' 'no' 'yes' 'no' 'no' 'no' 'no' 'yes' 'no' 'no']
93, 260, 105
97, 270, 104
98, 280, 111
99, 290, 107
100, 300, 106
100, 310, 110
['yes' 'no' 'yes' 'yes' 'yes' 'yes' 'no' 'yes' 'no' 'yes']
['no' 'no' 'no' 'yes' 'no' 'no' 'no' 'no' 'no' 'no']
98, 310, 110
100, 320, 106
103, 330, 109
105, 340, 114
107, 350, 117
108, 360, 117
['no' 'yes' 'yes' 'no' 'no' 'yes' 'yes' 'yes' 'no' 'no']
['no' 'no' 'no' 'no' 'no' 'no' 'no' 'no' 'yes' 'no']
105, 360, 117
106, 370, 119
106, 380, 117
109, 390, 118
110, 400, 118
112, 410, 119
['yes' 'no' 'no' 'no' 'no' 'yes' 'no' 'yes' 'yes' 'no']
['no' 'no' 'no' 'no' 'no' 'no' 'no' 'no' 'no' 'no']
106, 410, 119
107, 420, 112
109, 430, 114
110, 440, 119
112, 450, 122
113, 460, 128
['no' 'no' 'no' 'no' 'no' 'no' 'no' 'no' 'yes' 'yes']
['no' 'no' 'no' 'yes' 'no' 'no' 'no' 'no' 'no' 'no']
107, 460, 128
107, 470, 114
109, 480, 114
109, 490, 117
110, 500, 117
112, 510, 119
['no' 'no' 'no' 'no' 'no' 'yes' 'yes' 'no' 'yes' 'no']
['no' 'no' 'no' 'no' 'no' 'no' 'yes' 'no' 'no' 'no']
105, 510, 119
['no' 'no' 'yes' 'yes' 'yes' 'yes' 'no' 'yes' 'yes' 'yes']
['no' 'yes' 'no' 'yes' 'no' 'no' 'no' 'no' 'no' 'yes']
{'count': 730, 'truepos': 96, 'falseneg': 5, 'unknownyes': 5, 'falsepos': 8, 'unique': 510}
5: Hall.csv: machine2: 0, 0
7, 10
9, 20, 113
14, 30, 112
19, 40, 125
21, 50, 109
28, 60, 107
['yes' 'no' 'yes' 'yes' 'yes' 'yes' 'yes' 'yes' 'yes' 'no']
['no' 'no' 'no']
28, 60, 107
34, 70, 107
35, 80, 97
38, 90, 94
42, 100, 96
46, 110, 112
['yes' 'yes' 'no' 'yes' 'no' 'yes' 'yes' 'yes' 'no' 'yes']
['no' 'yes' 'no' 'no' 'no' 'no' 'yes' 'no' 'no' 'no']
45, 110, 112
48, 120, 96
48, 130, 99
51, 140, 96
55, 150, 90
60, 160, 111
['no' 'no' 'no' 'yes' 'yes' 'yes' 'yes' 'yes' 'no' 'yes']
['no' 'no' 'no' 'no' 'no' 'no' 'no' 'no' 'no' 'no']
60, 160, 111
61, 170, 91
65, 180, 91
68, 190, 105
72, 200, 109
75, 210, 107
['yes' 'no' 'yes' 'yes' 'no' 'no' 'yes' 'yes' 'yes' 'yes']
['no' 'no' 'no' 'no' 'no' 'no' 'no' 'no' 'no' 'no']
73, 210, 107
74, 220, 102
78, 230, 104
80, 240, 96
85, 250, 94
89, 260, 104
['no' 'no' 'no' 'yes' 'yes' 'yes' 'yes' 'yes' 'no' 'no']
['no' 'no' 'no' 'no' 'no' 'yes' 'no' 'no' 'no' 'no']
85, 260, 104
89, 270, 100
91, 280, 106
96, 290, 111
97, 300, 142
102, 310, 130
['no' 'no' 'no' 'no' 'no' 'no' 'yes' 'no' 'yes' 'yes']
['no' 'no' 'no' 'yes' 'no' 'yes' 'no' 'no' 'yes' 'yes']
101, 310, 130
103, 320, 139
106, 330, 139
107, 340, 152
108, 350, 139
110, 360, 143
['no' 'no' 'yes' 'yes' 'no' 'no' 'yes' 'yes' 'yes' 'yes']
['no' 'yes' 'no' 'no' 'no' 'no' 'yes' 'no' 'no' 'no']
109, 360, 143
114, 370, 129
115, 380, 140
115, 390, 140
115, 400, 145
116, 410, 138
['no' 'no' 'yes' 'yes' 'no' 'no' 'no' 'yes' 'yes' 'yes']
['no' 'no' 'no' 'no' 'no' 'no' 'no' 'no' 'no' 'no']
114, 410, 138
114, 420, 131
116, 430, 127
117, 440, 132
119, 450, 130
120, 460, 138
['no' 'no' 'no' 'no' 'no' 'no' 'yes' 'yes' 'yes' 'yes']
['no' 'no' 'no' 'no' 'no' 'no' 'no' 'no' 'no' 'no']
117, 460, 138
118, 470, 132
121, 480, 133
122, 490, 137
122, 500, 138
123, 510, 138
['no' 'no' 'no' 'no' 'no' 'yes' 'no' 'yes' 'no' 'no']
['no' 'yes' 'no' 'no' 'no' 'no' 'no' 'no' 'yes' 'no']
121, 510, 138
121, 520, 132
122, 530, 133
123, 540, 131
123, 550, 133
124, 560, 132
['no' 'no' 'no' 'yes' 'no' 'yes' 'no' 'no' 'yes' 'yes']
['no' 'no' 'no' 'no' 'no' 'no' 'no' 'no' 'no' 'no']
119, 560, 132
120, 570, 128
122, 580, 127
122, 590, 132
122, 600, 130
123, 610, 131
['no' 'no' 'no' 'no' 'no' 'no' 'yes' 'no' 'no' 'yes']
['no' 'no' 'no' 'no' 'no' 'no' 'no' 'no' 'no' 'no']
119, 610, 131
119, 620, 127
['no' 'yes' 'yes' 'no' 'yes' 'yes' 'no' 'yes' 'no' 'yes']
['no' 'no' 'no' 'no' 'no' 'no' 'no' 'no' 'no' 'no']
{'count': 924, 'truepos': 101, 'falseneg': 1, 'unknownyes': 4, 'falsepos': 17, 'unique': 620}
5: Hall.csv: machine3: 0, 0
7, 10
10, 20, 108
14, 30, 112
17, 40, 98
23, 50, 92
27, 60, 96
null
['no' 'no']
27, 60, 96
34, 70, 91
39, 80, 80
43, 90, 89
49, 100, 92
53, 110, 105
null
['no' 'yes' 'no' 'no' 'no' 'no' 'no' 'no' 'no' 'no']
54, 110, 105
57, 120, 100
60, 130, 101
64, 140, 94
68, 150, 99
73, 160, 108
null
['yes' 'no' 'no' 'no' 'no' 'yes' 'no' 'yes' 'no' 'no']
76, 160, 108
79, 170, 116
82, 180, 109
87, 190, 108
88, 200, 110
91, 210, 116
null
['no' 'yes' 'no' 'no' 'no' 'no' 'no' 'no' 'no' 'no']
92, 210, 116
95, 220, 116
97, 230, 122
98, 240, 122
100, 250, 118
101, 260, 134
null
['no' 'no' 'no' 'no' 'no' 'no' 'no' 'no' 'no' 'no']
101, 260, 134
101, 270, 125
101, 280, 123
102, 290, 121
102, 300, 120
103, 310, 116
null
['no' 'no' 'no' 'no' 'no' 'no' 'no' 'no' 'no' 'yes']
104, 310, 116
104, 320, 120
105, 330, 121
106, 340, 122
106, 350, 121
106, 360, 118
null
['no' 'no' 'no' 'no' 'no' 'no' 'no' 'no' 'no' 'no']
106, 360, 118
106, 370, 119
107, 380, 116
107, 390, 120
107, 400, 118
107, 410, 118
null
['no' 'no' 'no' 'no' 'no' 'no' 'no' 'no' 'no' 'no']
108, 410, 118
108, 420, 116
108, 430, 120
108, 440, 118
108, 450, 117
108, 460, 115
null
['no' 'no' 'no' 'no' 'no' 'no' 'no' 'no' 'no' 'no']
108, 460, 115
108, 470, 114
109, 480, 114
111, 490, 115
112, 500, 118
112, 510, 120
null
['no' 'no' 'no' 'no' 'no' 'no' 'no' 'no' 'no' 'no']
112, 510, 120
112, 520, 119
112, 530, 119
112, 540, 118
113, 550, 118
113, 560, 119
null
['no' 'no' 'no' 'no' 'no' 'no' 'no' 'no' 'no' 'no']
113, 560, 119
113, 570, 119
null
['no' 'no' 'no' 'no' 'no' 'no' 'no' 'no' 'no' 'no']
{'count': 905, 'truepos': 102, 'falseneg': 0, 'unknownyes': 4, 'falsepos': 11, 'unique': 570}
5: Wahono.csv: none: 0, 0
6, 10
6, 20, 101
8, 30, 92
10, 40, 90
13, 50, 86
17, 60, 77
20, 70, 72
20, 80, 69
23, 90, 51
25, 100, 61
27, 110, 59
27, 120, 57
31, 130, 52
33, 140, 60
38, 150, 62
40, 160, 76
42, 170, 77
43, 180, 81
46, 190, 83
47, 200, 85
49, 210, 82
50, 220, 84
51, 230, 92
52, 240, 94
53, 250, 85
54, 260, 86
55, 270, 96
58, 280, 89
60, 290, 102
61, 300, 93
62, 310, 97
62, 320, 116
62, 330, 101
63, 340, 100
64, 350, 95
64, 360, 107
65, 370, 95
65, 380, 98
68, 390, 90
71, 400, 105
72, 410, 110
72, 420, 113
73, 430, 104
73, 440, 126
74, 450, 110
75, 460, 122
77, 470, 109
79, 480, 113
80, 490, 123
81, 500, 125
81, 510, 112
82, 520, 113
83, 530, 117
83, 540, 123
83, 550, 112
86, 560, 109
91, 570, 111
91, 580, 119
91, 590, 123
91, 600, 124
94, 610, 120
97, 620, 121
98, 630, 130
100, 640, 127
100, 650, 128
101, 660, 131
101, 670, 137
103, 680, 125
104, 690, 137
106, 700, 139
107, 710, 146
108, 720, 136
111, 730, 138
112, 740, 141
116, 750, 143
117, 760, 148
117, 770, 149
117, 780, 144
120, 790, 148
121, 800, 154
122, 810, 149
125, 820, 150
126, 830, 156
127, 840, 158
131, 850, 155
132, 860, 159
132, 870, 162
134, 880, 157
135, 890, 160
136, 900, 162
136, 910, 164
136, 920, 166
136, 930, 162
136, 940, 156
136, 950, 162
136, 960, 165
136, 970, 166
136, 980, 153
137, 990, 153
139, 1000, 156
139, 1010, 159
141, 1020, 155
141, 1030, 157
143, 1040, 163
144, 1050, 162
144, 1060, 163
145, 1070, 159
146, 1080, 163
146, 1090, 166
146, 1100, 164
147, 1110, 165
148, 1120, 163
150, 1130, 170
151, 1140, 169
152, 1150, 172
153, 1160, 174
157, 1170, 172
157, 1180, 180
158, 1190, 180
160, 1200, 181
161, 1210, 186
164, 1220, 189
164, 1230, 193
164, 1240, 190
165, 1250, 188
165, 1260, 194
166, 1270, 194
168, 1280, 190
171, 1290, 194
173, 1300, 201
174, 1310, 205
175, 1320, 209
175, 1330, 208
176, 1340, 209
176, 1350, 208
177, 1360, 209
179, 1370, 206
180, 1380, 209
181, 1390, 213
181, 1400, 216
181, 1410, 214
182, 1420, 215
183, 1430, 214
185, 1440, 218
189, 1450, 215
191, 1460, 220
193, 1470, 226
194, 1480, 230
197, 1490, 233
198, 1500, 233
198, 1510, 235
200, 1520, 243
200, 1530, 241
201, 1540, 235
201, 1550, 237
201, 1560, 237
203, 1570, 237
203, 1580, 239
205, 1590, 240
206, 1600, 239
208, 1610, 238
209, 1620, 243
209, 1630, 244
209, 1640, 243
210, 1650, 241
211, 1660, 238
213, 1670, 242
214, 1680, 244
214, 1690, 248
214, 1700, 245
216, 1710, 244
217, 1720, 247
218, 1730, 251
219, 1740, 248
220, 1750, 251
220, 1760, 251
220, 1770, 251
221, 1780, 252
221, 1790, 250
221, 1800, 248
222, 1810, 249
223, 1820, 250
225, 1830, 253
226, 1840, 256
228, 1850, 254
230, 1860, 258
230, 1870, 257
230, 1880, 255
233, 1890, 258
233, 1900, 261
234, 1910, 262
235, 1920, 263
236, 1930, 265
236, 1940, 267
237, 1950, 266
239, 1960, 265
239, 1970, 267
240, 1980, 264
241, 1990, 266
243, 2000, 268
244, 2010, 272
245, 2020, 272
245, 2030, 276
248, 2040, 273
250, 2050, 279
251, 2060, 279
251, 2070, 287
253, 2080, 282
255, 2090, 290
255, 2100, 292
256, 2110, 294
257, 2120, 293
258, 2130, 293
259, 2140, 292
259, 2150, 294
260, 2160, 298
262, 2170, 301
263, 2180, 299
264, 2190, 298
264, 2200, 302
265, 2210, 298
265, 2220, 300
266, 2230, 299
267, 2240, 301
268, 2250, 304
269, 2260, 303
269, 2270, 305
271, 2280, 301
272, 2290, 309
273, 2300, 305
274, 2310, 304
274, 2320, 307
275, 2330, 306
275, 2340, 304
276, 2350, 307
278, 2360, 305
279, 2370, 309
280, 2380, 311
283, 2390, 308
283, 2400, 316
283, 2410, 312
285, 2420, 313
287, 2430, 318
287, 2440, 316
288, 2450, 317
289, 2460, 318
289, 2470, 322
291, 2480, 319
292, 2490, 320
293, 2500, 322
293, 2510, 320
294, 2520, 324
294, 2530, 326
296, 2540, 322
297, 2550, 327
299, 2560, 328
299, 2570, 327
301, 2580, 328
304, 2590, 328
304, 2600, 332
305, 2610, 330
305, 2620, 332
305, 2630, 331
305, 2640, 331
306, 2650, 331
308, 2660, 335
308, 2670, 338
310, 2680, 335
311, 2690, 338
312, 2700, 340
312, 2710, 343
313, 2720, 342
314, 2730, 339
317, 2740, 342
318, 2750, 344
321, 2760, 345
321, 2770, 348
322, 2780, 352
323, 2790, 350
324, 2800, 353
325, 2810, 353
326, 2820, 351
326, 2830, 354
326, 2840, 357
326, 2850, 353
328, 2860, 353
331, 2870, 357
331, 2880, 363
331, 2890, 362
331, 2900, 365
331, 2910, 360
335, 2920, 361
336, 2930, 365
337, 2940, 367
338, 2950, 367
338, 2960, 367
340, 2970, 366
341, 2980, 371
341, 2990, 370
341, 3000, 368
342, 3010, 369
343, 3020, 369
344, 3030, 374
346, 3040, 372
346, 3050, 374
347, 3060, 374
347, 3070, 376
348, 3080, 375
349, 3090, 372
350, 3100, 378
351, 3110, 380
352, 3120, 378
352, 3130, 383
354, 3140, 382
354, 3150, 382
356, 3160, 382
358, 3170, 385
358, 3180, 387
358, 3190, 391
360, 3200, 388
361, 3210, 390
364, 3220, 388
366, 3230, 392
369, 3240, 395
369, 3250, 399
370, 3260, 400
371, 3270, 399
371, 3280, 402
373, 3290, 400
373, 3300, 403
373, 3310, 401
374, 3320, 401
374, 3330, 404
376, 3340, 403
377, 3350, 407
379, 3360, 405
380, 3370, 410
382, 3380, 408
383, 3390, 410
384, 3400, 415
385, 3410, 413
386, 3420, 413
386, 3430, 414
386, 3440, 413
386, 3450, 415
386, 3460, 415
389, 3470, 413
389, 3480, 417
391, 3490, 419
391, 3500, 420
393, 3510, 419
393, 3520, 420
394, 3530, 420
396, 3540, 422
396, 3550, 426
398, 3560, 421
398, 3570, 425
399, 3580, 426
399, 3590, 427
399, 3600, 424
400, 3610, 424
400, 3620, 422
400, 3630, 424
401, 3640, 424
402, 3650, 423
406, 3660, 426
407, 3670, 430
407, 3680, 432
408, 3690, 431
409, 3700, 432
409, 3710, 434
409, 3720, 435
409, 3730, 434
410, 3740, 431
410, 3750, 433
410, 3760, 435
411, 3770, 433
412, 3780, 435
413, 3790, 437
415, 3800, 436
416, 3810, 442
417, 3820, 442
417, 3830, 446
419, 3840, 444
419, 3850, 447
419, 3860, 448
419, 3870, 448
420, 3880, 447
420, 3890, 448
421, 3900, 448
422, 3910, 449
422, 3920, 451
422, 3930, 449
424, 3940, 448
426, 3950, 449
427, 3960, 455
430, 3970, 455
431, 3980, 461
431, 3990, 461
432, 4000, 461
432, 4010, 463
433, 4020, 460
436, 4030, 461
437, 4040, 468
438, 4050, 466
438, 4060, 469
439, 4070, 467
441, 4080, 468
442, 4090, 469
443, 4100, 469
443, 4110, 472
444, 4120, 471
446, 4130, 473
447, 4140, 475
448, 4150, 477
448, 4160, 477
448, 4170, 475
449, 4180, 476
449, 4190, 478
450, 4200, 478
451, 4210, 478
452, 4220, 480
452, 4230, 480
453, 4240, 480
455, 4250, 480
456, 4260, 482
456, 4270, 485
459, 4280, 485
459, 4290, 487
461, 4300, 487
462, 4310, 489
465, 4320, 489
468, 4330, 492
468, 4340, 495
469, 4350, 495
471, 4360, 495
471, 4370, 498
471, 4380, 497
472, 4390, 497
{'count': 4390, 'truepos': 57, 'falseneg': 4, 'unknownyes': 1, 'falsepos': 415, 'unique': 4390}
5: Wahono.csv: three: 0, 0
6, 10
7, 20, 100
7, 30, 104
13, 40, 84
18, 50, 94
18, 60, 91
19, 70, 78
19, 80, 56
20, 90, 44
22, 100, 45
24, 110, 46
27, 120, 46
28, 130, 51
30, 140, 49
32, 150, 54
35, 160, 59
37, 170, 66
38, 180, 65
38, 190, 65
39, 200, 70
40, 210, 62
43, 220, 61
43, 230, 71
44, 240, 62
45, 250, 70
45, 260, 70
45, 270, 67
45, 280, 66
45, 290, 66
45, 300, 64
45, 310, 61
46, 320, 64
46, 330, 72
46, 340, 65
47, 350, 62
47, 360, 66
47, 370, 67
47, 380, 64
48, 390, 63
48, 400, 68
50, 410, 62
51, 420, 67
51, 430, 66
51, 440, 65
51, 450, 67
51, 460, 62
52, 470, 60
52, 480, 64
52, 490, 64
52, 500, 64
52, 510, 63
52, 520, 62
53, 530, 63
54, 540, 65
54, 550, 62
54, 560, 65
57, 570, 63
57, 580, 67
57, 590, 67
59, 600, 66
60, 610, 68
62, 620, 69
62, 630, 74
62, 640, 74
62, 650, 72
63, 660, 71
64, 670, 71
65, 680, 77
65, 690, 78
65, 700, 77
65, 710, 77
65, 720, 77
65, 730, 75
65, 740, 76
65, 750, 75
66, 760, 74
66, 770, 77
66, 780, 76
66, 790, 77
66, 800, 74
66, 810, 75
66, 820, 76
66, 830, 74
66, 840, 75
66, 850, 74
66, 860, 75
67, 870, 73
68, 880, 75
68, 890, 77
68, 900, 76
68, 910, 75
69, 920, 76
69, 930, 78
69, 940, 78
70, 950, 78
70, 960, 80
70, 970, 78
70, 980, 78
70, 990, 79
71, 1000, 78
72, 1010, 80
72, 1020, 80
72, 1030, 80
72, 1040, 78
73, 1050, 80
74, 1060, 80
75, 1070, 82
75, 1080, 82
75, 1090, 82
75, 1100, 81
75, 1110, 81
76, 1120, 81
76, 1130, 83
76, 1140, 83
76, 1150, 83
77, 1160, 82
77, 1170, 83
77, 1180, 83
77, 1190, 84
78, 1200, 84
78, 1210, 83
78, 1220, 84
78, 1230, 85
78, 1240, 83
79, 1250, 85
79, 1260, 86
79, 1270, 84
79, 1280, 84
80, 1290, 84
80, 1300, 85
81, 1310, 85
81, 1320, 87
82, 1330, 86
82, 1340, 89
83, 1350, 87
84, 1360, 89
84, 1370, 91
84, 1380, 92
84, 1390, 90
84, 1400, 90
85, 1410, 91
85, 1420, 90
85, 1430, 91
86, 1440, 90
87, 1450, 92
87, 1460, 96
87, 1470, 94
87, 1480, 95
87, 1490, 93
87, 1500, 93
87, 1510, 92
88, 1520, 92
88, 1530, 94
88, 1540, 94
89, 1550, 93
90, 1560, 95
90, 1570, 96
90, 1580, 95
90, 1590, 96
91, 1600, 96
91, 1610, 97
{'count': 3492, 'truepos': 58, 'falseneg': 2, 'unknownyes': 2, 'falsepos': 33, 'unique': 1610}
5: Wahono.csv: machine: 0, 0
7, 10
9, 20, 103
11, 30, 102
14, 40, 99
17, 50, 86
21, 60, 81
['no' 'yes' 'yes' 'yes' 'yes' 'no' 'no' 'yes' 'no' 'yes']
['no' 'no']
15, 60, 81
21, 70, 85
23, 80, 94
27, 90, 83
28, 100, 82
29, 110, 72
['no' 'no' 'yes' 'yes' 'yes' 'yes' 'no' 'yes' 'yes' 'yes']
['no']
25, 110, 72
26, 120, 63
29, 130, 61
30, 140, 65
31, 150, 50
33, 160, 50
['no' 'yes' 'yes' 'yes' 'yes' 'no' 'no' 'no' 'no' 'yes']
['yes' 'yes' 'no' 'no' 'no' 'no' 'no' 'no' 'no' 'no']
30, 160, 50
34, 170, 51
37, 180, 56
37, 190, 70
41, 200, 64
48, 210, 74
['no' 'no' 'yes' 'no' 'no' 'yes' 'yes' 'no' 'yes' 'no']
['no' 'no' 'no' 'no' 'no' 'yes' 'no' 'no' 'no' 'no']
43, 210, 74
45, 220, 69
48, 230, 75
49, 240, 84
51, 250, 86
52, 260, 83
['no' 'yes' 'yes' 'no' 'no' 'yes' 'no' 'yes' 'no' 'no']
['yes' 'no' 'no' 'no' 'no' 'no' 'no' 'no' 'yes' 'no']
49, 260, 83
49, 270, 85
50, 280, 75
52, 290, 78
52, 300, 78
52, 310, 74
['yes' 'no' 'yes' 'no' 'yes' 'yes' 'yes' 'no' 'no' 'yes']
['no' 'no' 'no' 'no' 'no' 'no' 'no' 'no' 'no' 'no']
47, 310, 74
47, 320, 64
47, 330, 65
47, 340, 62
52, 350, 62
54, 360, 68
['no' 'yes' 'yes' 'no' 'no' 'yes' 'no' 'yes' 'no' 'no']
['yes' 'no' 'no' 'no' 'no' 'no' 'no' 'no' 'no' 'no']
54, 360, 68
55, 370, 67
55, 380, 73
57, 390, 67
60, 400, 73
62, 410, 76
['no' 'no' 'no' 'no' 'no' 'no' 'no' 'no' 'yes' 'no']
['no' 'no' 'no' 'no' 'no' 'no' 'no' 'no' 'no' 'no']
55, 410, 76
55, 420, 75
56, 430, 71
57, 440, 73
59, 450, 74
59, 460, 80
['yes' 'no' 'no' 'yes' 'no' 'yes' 'no' 'no' 'no' 'yes']
['no' 'no' 'no' 'no' 'no' 'no' 'no' 'no' 'no' 'no']
55, 460, 80
57, 470, 65
57, 480, 69
59, 490, 69
63, 500, 71
65, 510, 75
['yes' 'no' 'no' 'no' 'no' 'no' 'no' 'no' 'no' 'no']
['no' 'no' 'no' 'no' 'no' 'no' 'no' 'no' 'no' 'no']
56, 510, 75
57, 520, 66
57, 530, 67
58, 540, 67
58, 550, 70
59, 560, 70
['no' 'no' 'no' 'yes' 'no' 'no' 'no' 'no' 'yes' 'yes']
['no' 'no' 'no' 'no' 'no' 'no' 'no' 'no' 'yes' 'no']
54, 560, 70
60, 570, 63
62, 580, 72
62, 590, 74
64, 600, 75
65, 610, 75
['no' 'no' 'no' 'no' 'no' 'yes' 'no' 'no' 'no' 'no']
['no' 'no' 'no' 'no' 'no' 'no' 'no' 'no' 'no' 'no']
57, 610, 75
59, 620, 64
63, 630, 65
63, 640, 73
63, 650, 72
64, 660, 72
['no' 'no' 'no' 'no' 'yes' 'no' 'yes' 'yes' 'no' 'yes']
['no' 'no' 'no' 'no' 'no' 'no' 'no' 'no' 'no' 'no']
58, 660, 72
61, 670, 66
62, 680, 70
63, 690, 73
63, 700, 73
64, 710, 72
['no' 'no' 'no' 'no' 'no' 'yes' 'no' 'yes' 'yes' 'no']
['no' 'no' 'no' 'no' 'no' 'no' 'no' 'no' 'yes' 'no']
58, 710, 72
61, 720, 66
62, 730, 74
63, 740, 73
65, 750, 74
65, 760, 77
['no' 'no' 'no' 'no' 'yes' 'no' 'yes' 'no' 'no']
['no' 'no' 'no' 'no' 'no' 'no' 'no' 'no' 'no' 'no']
60, 760, 77
61, 770, 69
62, 780, 71
63, 790, 73
64, 800, 74
65, 810, 74
['no' 'no' 'no' 'no' 'no' 'no']
['no' 'no' 'no' 'no' 'no' 'no' 'no' 'no' 'no' 'no']
61, 810, 74
64, 820, 70
65, 830, 76
68, 840, 76
68, 850, 82
68, 860, 81
['no' 'no' 'no' 'no' 'no' 'no' 'no' 'no' 'no']
['no' 'no' 'no' 'no' 'no' 'no' 'no' 'no' 'no' 'yes']
61, 860, 81
61, 870, 69
62, 880, 69
62, 890, 70
63, 900, 70
63, 910, 71
['no' 'no' 'no']
['yes' 'no' 'yes' 'no' 'no' 'no' 'no' 'no' 'no' 'no']
62, 910, 71
65, 920, 68
65, 930, 71
67, 940, 72
67, 950, 75
67, 960, 75
['no' 'no' 'no' 'no' 'no']
['no' 'no' 'no' 'no' 'no' 'no' 'no' 'no' 'no' 'no']
63, 960, 75
64, 970, 69
66, 980, 70
67, 990, 76
67, 1000, 74
67, 1010, 74
['no' 'no' 'no' 'no' 'no']
['no' 'no' 'no' 'no' 'no' 'no' 'no' 'no' 'no' 'no']
65, 1010, 74
66, 1020, 71
68, 1030, 73
68, 1040, 76
68, 1050, 76
70, 1060, 75
['no' 'no' 'no' 'no' 'no' 'no']
['no' 'no' 'no' 'no' 'no' 'no' 'no' 'no' 'no' 'no']
67, 1060, 75
67, 1070, 73
68, 1080, 73
68, 1090, 74
69, 1100, 74
69, 1110, 75
['no' 'no' 'no']
['no' 'no' 'no' 'no' 'no' 'no' 'no' 'no' 'no' 'no']
68, 1110, 75
71, 1120, 73
72, 1130, 76
73, 1140, 77
74, 1150, 78
74, 1160, 80
['no' 'no' 'no' 'no' 'yes' 'no' 'no']
['no' 'no' 'no' 'no' 'no' 'no' 'no' 'no' 'no' 'no']
70, 1160, 80
72, 1170, 76
72, 1180, 77
73, 1190, 77
73, 1200, 78
74, 1210, 77
['no' 'no' 'no' 'no' 'no' 'no']
['no' 'no' 'no' 'no' 'no' 'no' 'no' 'no' 'no' 'yes']
['no' 'no' 'no' 'no' 'no' 'no']
['no' 'no' 'no' 'no' 'no' 'no' 'no' 'yes' 'no' 'no']
{'count': 1632, 'truepos': 54, 'falseneg': 5, 'unknownyes': 3, 'falsepos': 16, 'unique': 1210}
5: Wahono.csv: machine2: 0, 0
7, 10
7, 20, 109
10, 30, 99
14, 40, 104
15, 50, 94
19, 60, 86
['yes' 'yes' 'yes' 'yes' 'yes' 'yes' 'yes' 'no' 'yes' 'no']
['no']
17, 60, 86
20, 70, 84
21, 80, 89
23, 90, 77
24, 100, 71
24, 110, 70
['no' 'yes' 'yes' 'yes' 'yes' 'yes' 'yes' 'no' 'yes' 'no']
[]
21, 110, 70
25, 120, 53
26, 130, 60
28, 140, 59
31, 150, 60
33, 160, 56
['no' 'no' 'yes' 'yes' 'no' 'no' 'no' 'yes' 'yes' 'yes']
['no' 'no' 'no' 'no' 'no' 'no' 'no' 'no' 'no' 'no']
29, 160, 56
29, 170, 59
30, 180, 55
33, 190, 54
36, 200, 59
38, 210, 71
['yes' 'yes' 'yes' 'no' 'no' 'yes' 'no' 'no' 'yes' 'no']
['no' 'no' 'yes' 'no' 'no' 'no' 'no' 'no' 'yes' 'no']
38, 210, 71
39, 220, 65
39, 230, 71
42, 240, 66
44, 250, 74
45, 260, 75
['no' 'yes' 'yes' 'no' 'no' 'no' 'yes' 'yes' 'yes' 'no']
['no' 'no' 'no' 'no' 'no' 'no' 'yes' 'no' 'no' 'no']
42, 260, 75
45, 270, 65
47, 280, 66
48, 290, 67
51, 300, 68
51, 310, 76
['yes' 'no' 'no' 'no' 'no' 'yes' 'yes' 'yes' 'yes' 'yes']
['no' 'no' 'no' 'no' 'no' 'no' 'no' 'no' 'no' 'no']
50, 310, 76
52, 320, 69
55, 330, 67
55, 340, 68
57, 350, 69
58, 360, 75
['no' 'no' 'yes' 'no' 'yes' 'no' 'no' 'no' 'no' 'no']
['no' 'no' 'no' 'no' 'no' 'no' 'no' 'no' 'no' 'no']
50, 360, 75
52, 370, 64
54, 380, 64
57, 390, 66
57, 400, 73
59, 410, 71
['no' 'yes' 'no' 'no' 'yes' 'no' 'no' 'no' 'no' 'no']
['no' 'no' 'no' 'no' 'no' 'no' 'no' 'no' 'no' 'no']
53, 410, 71
53, 420, 66
57, 430, 67
57, 440, 72
57, 450, 73
58, 460, 73
['no' 'no' 'no' 'no' 'no' 'no' 'no' 'no' 'yes' 'yes']
['no' 'no' 'no' 'no' 'no' 'no' 'no' 'no' 'no' 'no']
52, 460, 73
55, 470, 65
55, 480, 67
55, 490, 67
56, 500, 70
58, 510, 66
['no' 'no' 'yes' 'no' 'no' 'no' 'no' 'yes' 'yes' 'yes']
['no' 'no' 'no' 'no' 'no' 'no' 'no' 'no' 'no' 'no']
52, 510, 66
54, 520, 63
54, 530, 67
54, 540, 64
54, 550, 65
55, 560, 67
['no' 'yes' 'no' 'yes']
['no' 'no' 'no' 'no' 'no' 'no' 'no' 'no' 'no' 'no']
54, 560, 67
54, 570, 63
55, 580, 62
57, 590, 65
58, 600, 65
59, 610, 67
['no' 'no' 'no' 'no' 'no' 'no']
['no' 'no' 'no' 'no' 'no' 'no' 'no' 'no' 'no' 'no']
53, 610, 67
54, 620, 61
55, 630, 64
57, 640, 66
59, 650, 70
59, 660, 74
['no' 'no' 'no' 'no' 'no' 'no']
['no' 'no' 'no' 'no' 'no' 'no' 'no' 'no' 'no' 'no']
56, 660, 74
57, 670, 65
57, 680, 69
58, 690, 66
59, 700, 68
61, 710, 72
['no' 'no' 'no' 'no' 'no' 'no' 'no']
['no' 'no' 'no' 'no' 'no' 'no' 'no' 'no' 'no' 'no']
56, 710, 72
57, 720, 67
59, 730, 68
60, 740, 72
63, 750, 78
63, 760, 84
['no' 'no' 'no' 'no' 'no' 'no' 'no' 'no']
['no' 'no' 'no' 'no' 'no' 'no' 'no' 'no' 'no' 'no']
60, 760, 84
62, 770, 72
63, 780, 79
66, 790, 77
66, 800, 79
69, 810, 80
['no' 'no' 'no' 'no' 'no' 'no' 'no' 'no' 'no' 'no']
['no' 'no' 'no' 'no' 'no' 'no' 'no' 'no' 'no' 'no']
65, 810, 80
66, 820, 76
67, 830, 76
68, 840, 80
69, 850, 80
71, 860, 81
['no' 'no' 'no' 'no' 'no' 'no' 'no' 'no']
['no' 'no' 'no' 'no' 'no' 'no' 'no' 'no' 'no' 'no']
64, 860, 81
65, 870, 73
68, 880, 73
68, 890, 79
69, 900, 81
71, 910, 80
['no' 'no' 'no' 'no' 'no' 'no' 'no']
['no' 'no' 'no' 'no' 'no' 'no' 'no' 'no' 'no' 'no']
68, 910, 80
69, 920, 76
69, 930, 78
69, 940, 77
69, 950, 76
69, 960, 76
['no' 'no' 'no' 'no']
['no' 'no' 'no' 'no' 'no' 'no' 'no' 'no' 'no' 'no']
66, 960, 76
67, 970, 74
68, 980, 75
68, 990, 78
70, 1000, 75
71, 1010, 78
['no' 'yes' 'no' 'no' 'no' 'no']
['no' 'no' 'no' 'no' 'no' 'no' 'no' 'no' 'no' 'yes']
71, 1010, 78
72, 1020, 79
73, 1030, 81
75, 1040, 79
75, 1050, 83
77, 1060, 82
['no' 'no' 'yes' 'yes' 'no' 'no' 'no' 'yes' 'no']
['no' 'no' 'no' 'no' 'no' 'no' 'no' 'no' 'no' 'no']
73, 1060, 82
74, 1070, 80
77, 1080, 81
78, 1090, 85
80, 1100, 86
80, 1110, 89
['no' 'no' 'no' 'no' 'no' 'no' 'no']
['no' 'no' 'no' 'no' 'no' 'no' 'no' 'no' 'no' 'no']
76, 1110, 89
76, 1120, 85
77, 1130, 82
77, 1140, 83
78, 1150, 83
78, 1160, 86
['no' 'no' 'yes']
['no' 'no' 'no' 'no' 'no' 'no' 'no' 'no' 'no' 'no']
77, 1160, 86
79, 1170, 82
80, 1180, 87
82, 1190, 87
82, 1200, 89
84, 1210, 89
['yes' 'no' 'no' 'no' 'no' 'no' 'no' 'no']
['no' 'no' 'no' 'no' 'no' 'no' 'no' 'no' 'no' 'no']
78, 1210, 89
79, 1220, 84
81, 1230, 86
82, 1240, 90
84, 1250, 90
84, 1260, 93
['no' 'no' 'no' 'no' 'no' 'no' 'yes']
['no' 'no' 'no' 'no' 'no' 'no' 'no' 'no' 'no' 'no']
84, 1260, 93
84, 1270, 92
85, 1280, 91
86, 1290, 91
87, 1300, 93
91, 1310, 94
['no' 'no' 'no' 'no' 'no' 'no' 'no' 'no' 'no' 'no']
['no' 'no' 'no' 'no' 'no' 'no' 'no' 'no' 'no' 'no']
['no' 'no' 'no' 'no' 'no' 'no' 'no' 'no' 'no' 'no']
['no' 'no' 'no' 'no' 'no' 'no' 'no' 'no' 'no' 'no']
{'count': 1884, 'truepos': 54, 'falseneg': 3, 'unknownyes': 5, 'falsepos': 30, 'unique': 1310}
5: Wahono.csv: machine3: 0, 0
5, 10
8, 20, 100
8, 30, 107
8, 40, 96
9, 50, 73
14, 60, 61
null
[]
18, 70, 68
20, 80, 65
23, 90, 65
23, 100, 70
25, 110, 58
25, 120, 58
null
['no']
25, 120, 58
25, 130, 52
27, 140, 51
27, 150, 56
28, 160, 52
31, 170, 50
null
['no' 'no' 'no' 'no' 'no' 'no' 'no' 'no' 'no' 'no']
32, 170, 50
36, 180, 55
37, 190, 61
38, 200, 64
39, 210, 61
39, 220, 60
null
['no' 'no' 'no' 'no' 'no' 'no' 'no' 'no' 'no' 'no']
39, 220, 60
41, 230, 59
42, 240, 61
43, 250, 69
44, 260, 71
45, 270, 68
null
['no' 'no' 'no' 'no' 'no' 'no' 'no' 'no' 'no' 'no']
45, 270, 68
45, 280, 72
45, 290, 69
45, 300, 67
45, 310, 74
46, 320, 64
null
['no' 'no' 'no' 'no' 'no' 'no' 'no' 'no' 'no' 'no']
46, 320, 64
47, 330, 63
48, 340, 67
50, 350, 66
50, 360, 79
51, 370, 73
null
['no' 'no' 'no' 'no' 'no' 'no' 'no' 'no' 'no' 'no']
51, 370, 73
52, 380, 78
52, 390, 76
52, 400, 70
53, 410, 68
54, 420, 69
null
['no' 'no' 'no' 'no' 'no' 'no' 'no' 'no' 'no' 'no']
54, 420, 69
54, 430, 72
55, 440, 72
55, 450, 73
55, 460, 71
56, 470, 72
null
['no' 'yes' 'no' 'no' 'no' 'no' 'no' 'no' 'no' 'no']
57, 470, 72
57, 480, 70
58, 490, 71
58, 500, 80
59, 510, 78
60, 520, 76
null
['no' 'yes' 'no' 'no' 'no' 'no' 'no' 'no' 'no' 'no']
61, 520, 76
61, 530, 78
61, 540, 79
61, 550, 81
61, 560, 77
62, 570, 75
null
['no' 'no' 'no' 'no' 'no' 'no' 'no' 'no' 'no' 'no']
62, 570, 75
62, 580, 81
63, 590, 78
63, 600, 80
63, 610, 80
64, 620, 75
null
['no' 'no' 'no' 'no' 'no' 'no' 'no' 'no' 'no' 'no']
64, 620, 75
65, 630, 78
65, 640, 77
65, 650, 81
66, 660, 77
66, 670, 78
null
['no' 'no' 'no' 'no' 'no' 'no' 'no' 'no' 'no' 'no']
66, 670, 78
66, 680, 77
68, 690, 76
68, 700, 80
68, 710, 79
68, 720, 78
null
['no' 'no' 'no' 'no' 'no' 'no' 'no' 'no' 'no' 'no']
68, 720, 78
68, 730, 78
68, 740, 78
68, 750, 76
69, 760, 79
69, 770, 79
null
['no' 'no' 'no' 'no' 'no' 'no' 'no' 'no' 'no' 'no']
69, 770, 79
69, 780, 77
69, 790, 78
69, 800, 78
69, 810, 79
69, 820, 78
null
['no' 'no' 'no' 'no' 'no' 'no' 'no' 'no' 'no' 'no']
69, 820, 78
69, 830, 82
69, 840, 80
69, 850, 79
69, 860, 78
69, 870, 77
null
['no' 'no' 'no' 'no' 'no' 'no' 'no' 'no' 'no' 'no']
69, 870, 77
69, 880, 76
69, 890, 78
71, 900, 77
71, 910, 78
71, 920, 81
null
['no' 'no' 'no' 'no' 'no' 'no' 'no' 'no' 'no' 'yes']
73, 920, 81
73, 930, 82
73, 940, 81
74, 950, 81
74, 960, 83
74, 970, 83
null
['no' 'no' 'no' 'no' 'no' 'no' 'no' 'no' 'no' 'no']
74, 970, 83
74, 980, 82
74, 990, 82
74, 1000, 82
74, 1010, 83
75, 1020, 80
null
['no' 'no' 'no' 'no' 'no' 'no' 'no' 'no' 'no' 'no']
75, 1020, 80
76, 1030, 83
77, 1040, 83
77, 1050, 83
77, 1060, 84
78, 1070, 82
null
['no' 'no' 'no' 'no' 'no' 'no' 'no' 'no' 'no' 'no']
null
['no' 'no' 'no' 'no' 'no' 'no' 'no' 'no' 'no' 'no']
{'count': 1519, 'truepos': 54, 'falseneg': 4, 'unknownyes': 4, 'falsepos': 24, 'unique': 1070}
5: Danijel.csv: none: 0, 0
3, 10
4, 20, 105
5, 30, 98
8, 40, 63
8, 50, 78
10, 60, 56
10, 70, 53
12, 80, 47
13, 90, 48
16, 100, 47
18, 110, 54
20, 120, 54
21, 130, 54
22, 140, 51
22, 150, 49
25, 160, 47
27, 170, 50
29, 180, 54
31, 190, 55
31, 200, 48
33, 210, 48
34, 220, 49
34, 230, 53
35, 240, 49
35, 250, 50
37, 260, 52
39, 270, 54
39, 280, 58
40, 290, 57
43, 300, 54
45, 310, 60
45, 320, 61
48, 330, 65
48, 340, 76
53, 350, 68
54, 360, 72
55, 370, 80
56, 380, 76
58, 390, 78
61, 400, 77
62, 410, 79
64, 420, 80
65, 430, 79
67, 440, 84
67, 450, 79
69, 460, 96
69, 470, 90
72, 480, 91
74, 490, 91
76, 500, 90
77, 510, 89
80, 520, 90
83, 530, 94
83, 540, 92
83, 550, 95
83, 560, 92
83, 570, 91
86, 580, 91
87, 590, 95
90, 600, 99
92, 610, 99
92, 620, 101
92, 630, 102
92, 640, 101
93, 650, 100
93, 660, 99
94, 670, 102
94, 680, 102
94, 690, 101
97, 700, 102
97, 710, 107
98, 720, 106
101, 730, 107
102, 740, 111
102, 750, 115
103, 760, 110
104, 770, 113
106, 780, 119
107, 790, 121
107, 800, 127
108, 810, 123
108, 820, 130
110, 830, 123
110, 840, 136
111, 850, 129
111, 860, 128
113, 870, 126
114, 880, 130
114, 890, 133
114, 900, 134
114, 910, 129
115, 920, 130
118, 930, 131
118, 940, 128
118, 950, 133
121, 960, 133
121, 970, 140
121, 980, 134
121, 990, 133
122, 1000, 132
123, 1010, 135
125, 1020, 135
126, 1030, 136
126, 1040, 137
127, 1050, 141
127, 1060, 141
127, 1070, 137
127, 1080, 140
127, 1090, 139
129, 1100, 140
131, 1110, 139
131, 1120, 143
131, 1130, 145
132, 1140, 143
134, 1150, 144
134, 1160, 150
134, 1170, 144
136, 1180, 148
137, 1190, 150
138, 1200, 148
139, 1210, 151
141, 1220, 152
142, 1230, 159
143, 1240, 162
143, 1250, 157
144, 1260, 161
145, 1270, 162
146, 1280, 158
147, 1290, 161
148, 1300, 162
151, 1310, 162
155, 1320, 168
155, 1330, 172
155, 1340, 175
156, 1350, 172
156, 1360, 175
156, 1370, 174
156, 1380, 170
156, 1390, 174
156, 1400, 176
157, 1410, 174
160, 1420, 173
160, 1430, 179
161, 1440, 185
161, 1450, 180
164, 1460, 180
166, 1470, 188
167, 1480, 195
167, 1490, 194
169, 1500, 194
169, 1510, 195
172, 1520, 196
174, 1530, 200
175, 1540, 204
176, 1550, 204
177, 1560, 205
177, 1570, 210
180, 1580, 211
183, 1590, 212
184, 1600, 217
184, 1610, 219
184, 1620, 221
184, 1630, 215
187, 1640, 216
187, 1650, 218
187, 1660, 213
188, 1670, 217
189, 1680, 213
189, 1690, 217
189, 1700, 217
190, 1710, 217
191, 1720, 213
192, 1730, 218
192, 1740, 217
194, 1750, 219
194, 1760, 220
195, 1770, 221
196, 1780, 221
199, 1790, 222
199, 1800, 228
201, 1810, 224
202, 1820, 226
203, 1830, 230
204, 1840, 234
205, 1850, 232
205, 1860, 230
206, 1870, 230
208, 1880, 234
209, 1890, 237
210, 1900, 231
211, 1910, 233
212, 1920, 234
214, 1930, 236
215, 1940, 235
216, 1950, 237
216, 1960, 241
216, 1970, 238
217, 1980, 237
219, 1990, 237
219, 2000, 242
220, 2010, 243
222, 2020, 246
223, 2030, 247
224, 2040, 247
224, 2050, 247
225, 2060, 250
226, 2070, 252
227, 2080, 250
228, 2090, 248
230, 2100, 252
231, 2110, 252
233, 2120, 250
235, 2130, 253
235, 2140, 259
238, 2150, 256
240, 2160, 259
240, 2170, 263
240, 2180, 259
241, 2190, 261
242, 2200, 261
242, 2210, 263
244, 2220, 261
245, 2230, 265
247, 2240, 264
248, 2250, 265
249, 2260, 268
250, 2270, 270
253, 2280, 270
255, 2290, 270
255, 2300, 275
257, 2310, 273
257, 2320, 273
257, 2330, 277
257, 2340, 275
257, 2350, 274
258, 2360, 273
260, 2370, 273
260, 2380, 277
262, 2390, 276
264, 2400, 280
266, 2410, 281
267, 2420, 286
267, 2430, 286
269, 2440, 283
270, 2450, 289
272, 2460, 289
272, 2470, 292
275, 2480, 290
276, 2490, 295
277, 2500, 298
277, 2510, 297
278, 2520, 295
281, 2530, 298
282, 2540, 301
282, 2550, 300
282, 2560, 300
284, 2570, 299
285, 2580, 302
287, 2590, 304
288, 2600, 307
288, 2610, 305
288, 2620, 308
291, 2630, 304
293, 2640, 309
293, 2650, 312
295, 2660, 311
295, 2670, 314
295, 2680, 314
296, 2690, 313
297, 2700, 313
298, 2710, 314
298, 2720, 314
298, 2730, 315
{'count': 2730, 'truepos': 44, 'falseneg': 3, 'unknownyes': 1, 'falsepos': 254, 'unique': 2730}
5: Danijel.csv: three: 0, 0
4, 10
4, 20, 121
7, 30, 93
9, 40, 84
11, 50, 75
14, 60, 65
20, 70, 62
24, 80, 84
28, 90, 87
28, 100, 86
31, 110, 75
31, 120, 67
33, 130, 51
33, 140, 52
33, 150, 51
35, 160, 49
36, 170, 50
37, 180, 52
37, 190, 53
39, 200, 51
40, 210, 51
41, 220, 55
41, 230, 54
42, 240, 51
43, 250, 54
43, 260, 53
43, 270, 53
43, 280, 52
44, 290, 52
46, 300, 53
47, 310, 58
48, 320, 56
50, 330, 56
51, 340, 61
51, 350, 60
51, 360, 59
51, 370, 58
51, 380, 60
51, 390, 58
53, 400, 59
53, 410, 59
53, 420, 60
53, 430, 60
53, 440, 58
54, 450, 59
54, 460, 60
54, 470, 62
54, 480, 59
54, 490, 59
54, 500, 61
54, 510, 63
54, 520, 59
55, 530, 60
56, 540, 60
56, 550, 60
56, 560, 62
56, 570, 61
56, 580, 60
59, 590, 59
59, 600, 63
59, 610, 63
59, 620, 63
60, 630, 64
61, 640, 68
62, 650, 66
62, 660, 68
62, 670, 68
62, 680, 67
62, 690, 67
62, 700, 66
62, 710, 67
{'count': 1545, 'truepos': 42, 'falseneg': 2, 'unknownyes': 4, 'falsepos': 20, 'unique': 710}
5: Danijel.csv: machine: 0, 0
5, 10
5, 20, 118
6, 30, 98
7, 40, 87
8, 50, 65
10, 60, 54
['no' 'yes' 'yes' 'no' 'yes' 'yes' 'no' 'yes' 'no' 'no']
[]
5, 60, 54
6, 70, 53
9, 80, 48
11, 90, 54
11, 100, 57
14, 110, 45
['no' 'no' 'no' 'no' 'yes' 'no' 'yes' 'no' 'no']
[]
7, 110, 45
10, 120, 52
13, 130, 56
14, 140, 60
15, 150, 56
16, 160, 55
['no' 'yes' 'yes' 'yes' 'no' 'yes' 'yes' 'yes' 'yes']
[]
12, 160, 55
18, 170, 48
22, 180, 63
23, 190, 65
26, 200, 63
27, 210, 62
['no' 'yes' 'no' 'no' 'yes' 'yes' 'yes' 'no' 'yes' 'no']
[]
21, 210, 62
24, 220, 52
26, 230, 56
29, 240, 56
29, 250, 59
33, 260, 55
['no' 'yes' 'no' 'yes' 'no' 'no' 'no' 'yes' 'no' 'no']
['no' 'no' 'no' 'no' 'no' 'yes' 'no' 'no' 'no' 'no']
27, 260, 55
31, 270, 51
31, 280, 45
32, 290, 43
35, 300, 45
37, 310, 48
['yes' 'no' 'no' 'no' 'yes' 'yes' 'yes' 'no' 'no' 'yes']
['no' 'no' 'no' 'no' 'no' 'no' 'no' 'no' 'no' 'no']
31, 310, 48
32, 320, 44
33, 330, 43
35, 340, 44
36, 350, 47
38, 360, 49
['yes' 'no' 'yes' 'yes' 'no' 'no' 'no' 'yes' 'no' 'no']
['no' 'no' 'no' 'no' 'no' 'no' 'no' 'yes' 'no' 'no']
37, 360, 49
38, 370, 48
38, 380, 48
40, 390, 47
41, 400, 50
42, 410, 51
['no' 'no' 'no' 'yes' 'yes' 'no' 'no' 'yes' 'no' 'yes']
['no' 'no' 'no' 'yes' 'no' 'no' 'no' 'no' 'no' 'no']
36, 410, 51
37, 420, 44
37, 430, 43
38, 440, 45
38, 450, 46
39, 460, 46
['no' 'no' 'no' 'no' 'no' 'yes']
['no' 'no' 'no' 'no' 'no' 'no' 'no' 'no' 'no' 'no']
37, 460, 46
38, 470, 44
39, 480, 43
40, 490, 44
41, 500, 45
43, 510, 46
['no' 'no' 'no' 'yes' 'yes' 'yes' 'no' 'no']
['no' 'no' 'no' 'no' 'yes' 'no' 'no' 'yes' 'yes' 'no']
42, 510, 46
42, 520, 48
42, 530, 48
43, 540, 48
44, 550, 49
44, 560, 51
['no' 'no' 'yes' 'yes' 'yes' 'no']
['no' 'no' 'no' 'no' 'no' 'no' 'yes' 'no' 'no' 'no']
45, 560, 51
45, 570, 50
48, 580, 49
51, 590, 54
51, 600, 59
51, 610, 59
['no' 'no' 'no' 'no' 'no' 'no' 'no' 'no' 'no']
['no' 'no' 'no' 'no' 'yes' 'no' 'no' 'no' 'no' 'no']
47, 610, 59
48, 620, 52
51, 630, 53
52, 640, 57
52, 650, 63
52, 660, 59
['no' 'no' 'no' 'no' 'no' 'no' 'no' 'no']
['no' 'no' 'no' 'no' 'no' 'no' 'no' 'no' 'no' 'no']
46, 660, 59
46, 670, 50
48, 680, 50
48, 690, 53
50, 700, 52
53, 710, 55
['no' 'no' 'no' 'no' 'no' 'no' 'no' 'no']
['no' 'no' 'yes' 'no' 'no' 'no' 'no' 'no' 'no' 'no']
['no' 'no' 'no' 'no' 'no' 'no' 'no' 'no']
['no' 'yes' 'no' 'no' 'no' 'no' 'no' 'no' 'no' 'no']
{'count': 933, 'truepos': 39, 'falseneg': 5, 'unknownyes': 4, 'falsepos': 8, 'unique': 710}
5: Danijel.csv: machine2: 0, 0
2, 10
4, 20, 102
4, 30, 108
6, 40, 79
9, 50, 84
11, 60, 79
['no' 'yes' 'yes' 'no' 'yes' 'yes' 'yes' 'yes' 'yes' 'yes']
[]
10, 60, 79
10, 70, 79
10, 80, 84
11, 90, 62
12, 100, 59
15, 110, 60
['yes' 'yes' 'yes' 'no' 'yes' 'yes']
[]
15, 110, 60
19, 120, 62
23, 130, 65
23, 140, 72
26, 150, 61
27, 160, 60
['yes' 'yes' 'yes' 'yes' 'yes' 'yes' 'no' 'no' 'yes' 'yes']
[]
25, 160, 60
27, 170, 55
29, 180, 54
31, 190, 53
34, 200, 45
35, 210, 52
['yes' 'yes' 'no' 'no' 'yes' 'yes' 'no' 'yes' 'no' 'yes']
['no' 'no' 'no' 'no' 'no' 'yes' 'no' 'no' 'no' 'no']
35, 210, 52
35, 220, 51
36, 230, 49
39, 240, 46
40, 250, 53
41, 260, 55
['no' 'no' 'no' 'yes' 'no' 'no' 'yes' 'yes' 'yes' 'no']
['no' 'no' 'no' 'no' 'no' 'no' 'no' 'no' 'no' 'no']
39, 260, 55
41, 270, 53
43, 280, 55
43, 290, 56
43, 300, 57
43, 310, 55
['no' 'no' 'no' 'no' 'no' 'yes']
['no' 'no' 'no' 'no' 'yes' 'no' 'no' 'no' 'no' 'no']
39, 310, 55
42, 320, 48
43, 330, 53
43, 340, 52
44, 350, 53
47, 360, 54
['no' 'yes' 'yes' 'no' 'no' 'no' 'no' 'no' 'no']
['no' 'no' 'no' 'no' 'no' 'no' 'no' 'no' 'yes' 'yes']
45, 360, 54
45, 370, 55
48, 380, 54
49, 390, 58
49, 400, 61
51, 410, 59
['no' 'no' 'no' 'yes' 'no' 'yes' 'no' 'no' 'yes']
['no' 'no' 'no' 'no' 'no' 'no' 'no' 'no' 'no' 'no']
46, 410, 59
47, 420, 53
47, 430, 55
48, 440, 55
49, 450, 55
49, 460, 57
['no' 'no' 'no' 'no']
['no' 'no' 'no' 'no' 'no' 'no' 'no' 'no' 'no' 'no']
49, 460, 57
51, 470, 57
52, 480, 62
53, 490, 62
55, 500, 64
58, 510, 65
['no' 'no' 'no' 'no' 'yes' 'no' 'no' 'no' 'no' 'no']
['no' 'no' 'no' 'no' 'no' 'no' 'no' 'no' 'no' 'no']
50, 510, 65
52, 520, 59
53, 530, 64
53, 540, 64
53, 550, 64
55, 560, 64
['yes' 'no' 'no' 'no' 'yes' 'no' 'no']
['no' 'no' 'no' 'yes' 'no' 'no' 'no' 'yes' 'no' 'no']
53, 560, 64
55, 570, 63
56, 580, 68
59, 590, 70
59, 600, 75
60, 610, 74
['no' 'no' 'no' 'no' 'no' 'no' 'no' 'no' 'yes' 'yes']
['no' 'no' 'no' 'no' 'no' 'no' 'no' 'no' 'no' 'no']
53, 610, 74
55, 620, 62
56, 630, 62
56, 640, 63
57, 650, 62
58, 660, 62
['no' 'no' 'no' 'no' 'no']
['no' 'no' 'no' 'no' 'no' 'no' 'no' 'no' 'no' 'no']
54, 660, 62
54, 670, 60
54, 680, 61
56, 690, 60
56, 700, 62
57, 710, 62
['no' 'no' 'no' 'no']
['no' 'no' 'no' 'no' 'no' 'no' 'no' 'no' 'no' 'no']
54, 710, 62
54, 720, 60
55, 730, 61
55, 740, 60
55, 750, 60
55, 760, 61
['no']
['no' 'no' 'no' 'no' 'no' 'no' 'no' 'no' 'yes' 'no']
58, 760, 61
58, 770, 66
60, 780, 63
62, 790, 65
63, 800, 69
64, 810, 69
['no' 'no' 'no' 'no' 'no' 'no' 'no' 'no' 'no' 'yes']
['no' 'no' 'no' 'no' 'no' 'no' 'no' 'no' 'no' 'no']
57, 810, 69
59, 820, 62
59, 830, 66
59, 840, 65
60, 850, 64
62, 860, 67
['no' 'no' 'no' 'no' 'no' 'no']
['no' 'no' 'no' 'no' 'no' 'no' 'no' 'no' 'no' 'no']
58, 860, 67
58, 870, 63
59, 880, 62
['no' 'no']
['no' 'no' 'no' 'no' 'no' 'no' 'no' 'no' 'no' 'no']
{'count': 1227, 'truepos': 42, 'falseneg': 3, 'unknownyes': 3, 'falsepos': 15, 'unique': 880}
5: Danijel.csv: machine3: 0, 0
4, 10
5, 20, 117
6, 30, 116
8, 40, 94
9, 50, 86
13, 60, 73
null
[]
18, 70, 86
19, 80, 85
23, 90, 68
24, 100, 71
24, 110, 63
25, 120, 59
null
[]
26, 130, 53
26, 140, 54
29, 150, 49
32, 160, 49
33, 170, 53
33, 180, 50
null
['no' 'no' 'no' 'no' 'no' 'no' 'no' 'no' 'no' 'no']
33, 180, 50
33, 190, 48
34, 200, 46
34, 210, 47
34, 220, 48
34, 230, 46
null
['no' 'no' 'no' 'no' 'no' 'no' 'no' 'no' 'no' 'no']
34, 230, 46
34, 240, 45
35, 250, 45
35, 260, 45
35, 270, 44
36, 280, 42
null
['no' 'no' 'no' 'no' 'no' 'no' 'no' 'no' 'no' 'no']
36, 280, 42
36, 290, 45
37, 300, 46
38, 310, 45
38, 320, 48
39, 330, 47
null
['no' 'no' 'no' 'no' 'no' 'no' 'no' 'yes' 'no' 'no']
40, 330, 47
40, 340, 48
40, 350, 48
40, 360, 47
41, 370, 47
41, 380, 48
null
['no' 'no' 'no' 'no' 'no' 'no' 'no' 'no' 'no' 'no']
41, 380, 48
41, 390, 49
42, 400, 48
42, 410, 49
43, 420, 48
43, 430, 49
null
['no' 'no' 'no' 'no' 'no' 'no' 'no' 'no' 'no' 'no']
43, 430, 49
43, 440, 50
43, 450, 48
44, 460, 48
45, 470, 49
46, 480, 52
null
['no' 'no' 'no' 'no' 'no' 'no' 'no' 'no' 'no' 'no']
47, 480, 52
47, 490, 53
47, 500, 52
47, 510, 52
47, 520, 52
47, 530, 53
null
['no' 'no' 'no' 'no' 'no' 'no' 'no' 'no' 'no' 'no']
47, 530, 53
48, 540, 52
48, 550, 52
48, 560, 52
48, 570, 53
49, 580, 52
null
['no' 'no' 'no' 'no' 'no' 'no' 'no' 'no' 'no' 'no']
49, 580, 52
49, 590, 53
50, 600, 52
50, 610, 55
51, 620, 54
52, 630, 58
null
['no' 'no' 'no' 'no' 'no' 'no' 'no' 'no' 'no' 'no']
52, 630, 58
52, 640, 57
52, 650, 58
52, 660, 57
52, 670, 56
52, 680, 57
null
['no' 'no' 'no' 'no' 'no' 'no' 'no' 'no' 'no' 'no']
52, 680, 57
53, 690, 57
53, 700, 58
53, 710, 58
54, 720, 59
54, 730, 58
null
['no' 'no' 'no' 'no' 'no' 'no' 'no' 'no' 'no' 'no']
54, 730, 58
54, 740, 58
54, 750, 58
55, 760, 58
55, 770, 59
55, 780, 58
null
['no' 'no' 'no' 'no' 'no' 'no' 'no' 'no' 'no' 'no']
55, 780, 58
55, 790, 58
55, 800, 59
55, 810, 58
55, 820, 59
55, 830, 58
null
['no' 'no' 'no' 'no' 'no' 'no' 'no' 'no' 'no' 'no']
55, 830, 58
55, 840, 59
55, 850, 58
null
['no' 'no' 'no' 'no' 'no' 'no' 'no' 'no' 'no' 'no']
{'count': 1195, 'truepos': 42, 'falseneg': 4, 'unknownyes': 2, 'falsepos': 13, 'unique': 850}
5: K_all3.csv: none: 0, 0
3, 10
6, 20, 75
7, 30, 73
8, 40, 63
9, 50, 60
14, 60, 52
18, 70, 63
18, 80, 63
19, 90, 57
20, 100, 49
22, 110, 48
23, 120, 51
24, 130, 49
26, 140, 48
28, 150, 50
33, 160, 50
35, 170, 45
38, 180, 47
40, 190, 57
41, 200, 53
42, 210, 52
45, 220, 52
49, 230, 59
50, 240, 64
51, 250, 65
51, 260, 71
52, 270, 61
53, 280, 60
53, 290, 60
53, 300, 61
54, 310, 63
54, 320, 62
56, 330, 61
56, 340, 62
57, 350, 63
59, 360, 63
60, 370, 66
62, 380, 66
66, 390, 69
66, 400, 71
67, 410, 72
67, 420, 74
69, 430, 71
{'count': 430, 'truepos': 29, 'falseneg': 3, 'unknownyes': 13, 'falsepos': 40, 'unique': 430}
5: K_all3.csv: three: 0, 0
1, 10
2, 20, 91
4, 30, 64
9, 40, 57
11, 50, 64
13, 60, 59
14, 70, 59
16, 80, 54
19, 90, 51
20, 100, 53
21, 110, 50
22, 120, 48
22, 130, 46
24, 140, 44
27, 150, 45
27, 160, 48
28, 170, 46
28, 180, 46
28, 190, 45
28, 200, 44
29, 210, 44
30, 220, 45
31, 230, 41
32, 240, 40
32, 250, 40
34, 260, 39
34, 270, 43
35, 280, 41
37, 290, 41
37, 300, 47
38, 310, 44
38, 320, 43
39, 330, 43
41, 340, 44
42, 350, 46
42, 360, 47
43, 370, 46
44, 380, 48
44, 390, 48
45, 400, 47
45, 410, 48
45, 420, 48
45, 430, 48
{'count': 947, 'truepos': 29, 'falseneg': 1, 'unknownyes': 15, 'falsepos': 16, 'unique': 430}
5: K_all3.csv: machine: 0, 0
3, 10
4, 20, 74
10, 30, 68
11, 40, 83
14, 50, 70
17, 60, 69
['yes' 'no' 'no' 'no' 'no' 'yes' 'no' 'no' 'no' 'no']
['no']
10, 60, 69
11, 70, 72
15, 80, 62
17, 90, 65
21, 100, 62
22, 110, 65
['yes' 'yes' 'no' 'yes' 'yes' 'yes' 'no' 'no' 'yes' 'yes']
[]
18, 110, 65
21, 120, 57
23, 130, 58
23, 140, 59
26, 150, 53
29, 160, 53
['no' 'no' 'yes' 'no' 'yes' 'no' 'yes' 'yes' 'no' 'yes']
[]
24, 160, 53
26, 170, 51
28, 180, 51
30, 190, 51
30, 200, 42
30, 210, 43
['no' 'no' 'yes' 'yes' 'yes' 'yes' 'no' 'no' 'yes' 'yes']
['no' 'no' 'no' 'no' 'no' 'no' 'no' 'no' 'no' 'no']
27, 210, 43
30, 220, 53
33, 230, 40
34, 240, 44
36, 250, 43
36, 260, 44
['no' 'no' 'yes' 'no' 'yes' 'no' 'yes' 'yes' 'no' 'yes']
['no' 'no' 'no' 'no' 'no' 'no' 'no' 'no' 'no' 'no']
30, 260, 44
30, 270, 36
31, 280, 35
33, 290, 36
35, 300, 43
36, 310, 48
['no' 'yes' 'no' 'no' 'yes' 'yes' 'no' 'yes' 'yes' 'yes']
['no' 'no' 'no' 'no' 'no' 'no' 'no' 'no' 'no' 'no']
34, 310, 48
35, 320, 38
37, 330, 39
38, 340, 41
41, 350, 42
41, 360, 47
['no' 'no' 'no' 'no' 'no' 'yes' 'no' 'no' 'no' 'no']
['no' 'no' 'no' 'no' 'no' 'no' 'no' 'no' 'no' 'no']
34, 360, 47
36, 370, 38
36, 380, 40
37, 390, 39
39, 400, 40
40, 410, 42
['no' 'no' 'no' 'no' 'no' 'no' 'no' 'yes' 'yes']
['no' 'no' 'no' 'no' 'no' 'no' 'no' 'no' 'no' 'no']
['no' 'no' 'no' 'no' 'yes' 'no' 'no' 'no' 'yes']
['no' 'no' 'no' 'no' 'no' 'no' 'no' 'no' 'no' 'no']
{'count': 540, 'truepos': 29, 'falseneg': 9, 'unknownyes': 7, 'falsepos': 4, 'unique': 410}
5: K_all3.csv: machine2: 0, 0
4, 10
4, 20, 76
7, 30, 68
8, 40, 70
10, 50, 67
11, 60, 68
['yes' 'no' 'no' 'no' 'no' 'no' 'no' 'no' 'no' 'yes']
[]
4, 60, 68
4, 70, 59
6, 80, 51
9, 90, 53
14, 100, 56
15, 110, 61
['no' 'yes' 'yes' 'yes' 'yes' 'yes' 'yes' 'yes' 'no' 'no']
['no']
13, 110, 61
14, 120, 59
14, 130, 58
16, 140, 52
17, 150, 53
20, 160, 50
['no' 'yes' 'yes' 'yes' 'yes' 'yes' 'yes' 'no' 'yes']
['no']
18, 160, 50
22, 170, 51
23, 180, 53
24, 190, 52
26, 200, 50
30, 210, 51
['no' 'no' 'yes' 'no' 'yes' 'yes' 'no' 'yes' 'no' 'yes']
['no' 'no' 'yes' 'no' 'no' 'no' 'no' 'no' 'no' 'no']
28, 210, 51
28, 220, 51
29, 230, 49
30, 240, 48
31, 250, 40
33, 260, 40
['yes' 'yes' 'yes' 'yes' 'no' 'no' 'yes' 'no' 'no' 'no']
['no' 'no' 'no' 'no' 'no' 'no' 'no' 'no' 'no' 'no']
32, 260, 40
33, 270, 42
35, 280, 43
35, 290, 46
36, 300, 45
37, 310, 45
['no' 'yes' 'no' 'no' 'no' 'no' 'no' 'no']
['no' 'no' 'no' 'no' 'no' 'no' 'no' 'no' 'no' 'no']
34, 310, 45
37, 320, 41
40, 330, 44
41, 340, 45
42, 350, 47
43, 360, 47
['no' 'no' 'no' 'yes' 'no' 'no' 'yes' 'no' 'no' 'no']
['no' 'no' 'no' 'no' 'no' 'no' 'no' 'no' 'no' 'no']
37, 360, 47
37, 370, 42
39, 380, 41
40, 390, 44
40, 400, 44
40, 410, 44
['no' 'no' 'no' 'no']
['no' 'no' 'no' 'no' 'no' 'no' 'no' 'no' 'no' 'no']
38, 410, 44
38, 420, 41
38, 430, 42
40, 440, 41
42, 450, 44
44, 460, 45
['no' 'no' 'yes' 'no' 'yes' 'yes']
['no' 'no' 'no' 'no' 'no' 'no' 'no' 'no' 'no' 'no']
['yes' 'yes' 'no' 'yes' 'no' 'no']
['no' 'no' 'no' 'no' 'no' 'no' 'no' 'no' 'no' 'no']
{'count': 636, 'truepos': 32, 'falseneg': 2, 'unknownyes': 11, 'falsepos': 10, 'unique': 460}
5: K_all3.csv: machine3: 0, 0
2, 10
6, 20, 71
8, 30, 76
9, 40, 68
11, 50, 62
15, 60, 57
null
[]
18, 70, 64
19, 80, 61
21, 90, 55
23, 100, 56
23, 110, 52
23, 120, 48
null
['no']
23, 120, 48
23, 130, 46
23, 140, 44
23, 150, 43
23, 160, 42
24, 170, 42
null
['no']
24, 170, 42
25, 180, 43
28, 190, 44
28, 200, 48
29, 210, 46
30, 220, 47
null
['no' 'no' 'no' 'no' 'no' 'no' 'yes' 'no' 'no' 'no']
31, 220, 47
31, 230, 40
31, 240, 40
31, 250, 37
32, 260, 36
35, 270, 38
null
['no' 'no' 'no' 'no' 'no' 'no' 'no' 'no' 'no' 'no']
35, 270, 38
35, 280, 44
35, 290, 41
36, 300, 40
37, 310, 41
37, 320, 42
null
['no' 'no' 'no' 'no' 'no' 'no' 'no' 'no' 'no' 'no']
37, 320, 42
37, 330, 44
38, 340, 41
39, 350, 42
39, 360, 44
40, 370, 42
null
['no' 'no' 'no' 'no' 'no' 'no' 'no' 'no' 'yes' 'no']
null
['no' 'no' 'no' 'no' 'no' 'no' 'no' 'no' 'no' 'no']
{'count': 521, 'truepos': 30, 'falseneg': 4, 'unknownyes': 11, 'falsepos': 10, 'unique': 370}

------------------------------------------------------------
Sender: LSF System <lsfadmin@n2a1-6>
Subject: Job 267539: </share/tjmenzie/zyu9/miniconda2/bin/python2.7 runner.py error_hpcc 5> Done

Job </share/tjmenzie/zyu9/miniconda2/bin/python2.7 runner.py error_hpcc 5> was submitted from host <login01.hpc.ncsu.edu> by user <zyu9> in cluster <henry2>.
Job was executed on host(s) <2*n2a1-6>, in queue <single_chassis>, as user <zyu9> in cluster <henry2>.
</home/zyu9> was used as the home directory.
</home/zyu9/projects/MAR_HPC/Error/src> was used as the working directory.
Started at Wed Oct 18 09:16:20 2017
Results reported at Wed Oct 18 19:15:41 2017

Your job looked like:

------------------------------------------------------------
# LSBATCH: User input
/share/tjmenzie/zyu9/miniconda2/bin/python2.7 runner.py error_hpcc 5
------------------------------------------------------------

Successfully completed.

Resource usage summary:

    CPU time   :  38333.79 sec.
    Max Memory :       218 MB
    Max Swap   :      1236 MB

    Max Processes  :         3
    Max Threads    :         8

The output (if any) is above this job summary.



PS:

Read file <./err/5.err.267539> for stderr output of this job.

