5: Hall.csv: none: 0, 0
5, 10
10, 20, 102
10, 30, 111
11, 40, 107
15, 50, 102
19, 60, 101
21, 70, 102
24, 80, 96
26, 90, 110
28, 100, 113
29, 110, 106
34, 120, 97
38, 130, 87
42, 140, 85
46, 150, 81
47, 160, 82
51, 170, 79
54, 180, 86
56, 190, 87
59, 200, 79
60, 210, 85
61, 220, 82
61, 230, 83
61, 240, 80
61, 250, 79
62, 260, 77
62, 270, 80
63, 280, 77
64, 290, 78
64, 300, 77
64, 310, 77
64, 320, 78
64, 330, 79
65, 340, 76
65, 350, 77
67, 360, 75
67, 370, 79
68, 380, 75
68, 390, 82
68, 400, 79
68, 410, 81
69, 420, 78
69, 430, 81
69, 440, 78
69, 450, 78
69, 460, 78
69, 470, 76
69, 480, 77
69, 490, 78
69, 500, 77
69, 510, 75
69, 520, 74
69, 530, 76
69, 540, 76
69, 550, 75
69, 560, 76
69, 570, 74
69, 580, 75
69, 590, 75
69, 600, 75
69, 610, 75
69, 620, 75
69, 630, 74
69, 640, 75
69, 650, 74
69, 660, 75
69, 670, 74
69, 680, 74
69, 690, 74
69, 700, 74
69, 710, 75
69, 720, 74
69, 730, 73
69, 740, 74
69, 750, 73
69, 760, 74
69, 770, 73
69, 780, 73
69, 790, 73
69, 800, 73
69, 810, 73
69, 820, 73
69, 830, 73
69, 840, 73
69, 850, 73
{'count': 850, 'truepos': 69, 'falseneg': 33, 'correction': 0, 'unknownyes': 2, 'falsepos': 0, 'unique': 850}
5: Hall.csv: three: 0, 0
5, 10
7, 20, 98
7, 30, 103
12, 40, 99
15, 50, 104
18, 60, 104
19, 70, 105
23, 80, 95
24, 90, 92
29, 100, 88
30, 110, 89
36, 120, 68
40, 130, 74
44, 140, 74
45, 150, 76
49, 160, 74
52, 170, 74
52, 180, 80
53, 190, 73
57, 200, 73
61, 210, 77
64, 220, 85
66, 230, 80
69, 240, 85
74, 250, 82
74, 260, 93
76, 270, 91
77, 280, 97
77, 290, 97
77, 300, 94
77, 310, 93
77, 320, 91
77, 330, 89
77, 340, 91
77, 350, 88
77, 360, 94
77, 370, 88
77, 380, 92
77, 390, 88
77, 400, 89
78, 410, 87
78, 420, 88
78, 430, 89
79, 440, 90
79, 450, 88
79, 460, 91
79, 470, 88
79, 480, 88
79, 490, 86
80, 500, 86
80, 510, 87
80, 520, 88
80, 530, 88
80, 540, 87
80, 550, 88
80, 560, 86
80, 570, 85
80, 580, 85
80, 590, 86
80, 600, 85
80, 610, 86
80, 620, 86
80, 630, 85
80, 640, 85
80, 650, 86
80, 660, 85
80, 670, 85
80, 680, 85
80, 690, 85
80, 700, 85
80, 710, 85
80, 720, 85
{'count': 1494, 'truepos': 80, 'falseneg': 22, 'correction': 46, 'unknownyes': 2, 'falsepos': 0, 'unique': 720}
5: Hall.csv: machine: 0, 0
5, 10
7, 20, 96
10, 30, 95
14, 40, 96
16, 50, 105
17, 60, 106
[]
['no' 'no' 'yes' 'yes' 'no' 'no' 'yes' 'no']
19, 60, 103
22, 70, 107
25, 80, 108
27, 90, 106
29, 100, 102
31, 110, 98
['yes']
['no' 'yes' 'no' 'yes' 'no' 'no' 'no' 'no' 'no' 'no' 'no' 'yes' 'yes' 'no'
 'yes' 'yes' 'no' 'no' 'no' 'yes' 'no' 'no' 'no' 'no' 'no' 'no' 'no' 'no'
 'no' 'yes' 'no' 'no' 'no' 'no' 'no' 'no' 'yes' 'no' 'no' 'no']
38, 110, 77
45, 120, 97
51, 130, 105
52, 140, 111
55, 150, 99
57, 160, 100
['yes']
['no' 'no' 'no' 'yes' 'no' 'no' 'no' 'no' 'no' 'no' 'no' 'yes' 'no' 'yes'
 'yes' 'no' 'no' 'no' 'no' 'no' 'no' 'no' 'yes' 'no' 'no' 'no' 'no' 'yes'
 'no' 'no' 'no' 'yes' 'no' 'yes' 'no']
61, 160, 91
63, 170, 100
65, 180, 104
65, 190, 100
67, 200, 98
69, 210, 96
['yes']
['no' 'no' 'yes' 'no' 'no' 'no' 'no' 'no' 'no' 'yes' 'no' 'no' 'no' 'no'
 'no' 'no' 'no' 'no' 'no' 'no' 'no' 'no' 'no' 'no' 'no' 'no' 'no' 'no'
 'no' 'no' 'no' 'no' 'no' 'no' 'no' 'yes' 'no' 'no']
69, 210, 90
69, 220, 102
70, 230, 99
72, 240, 89
73, 250, 104
76, 260, 94
['yes']
['no' 'no' 'yes' 'no' 'no' 'no' 'no' 'no' 'no' 'no' 'no']
76, 260, 92
77, 270, 90
77, 280, 94
79, 290, 93
80, 300, 98
82, 310, 94
['yes']
['yes' 'yes' 'no' 'no' 'no' 'no' 'no' 'no' 'no' 'yes' 'no' 'no' 'no' 'no'
 'no']
83, 310, 96
83, 320, 96
84, 330, 97
84, 340, 95
84, 350, 95
84, 360, 95
['yes']
['no' 'no' 'no' 'no' 'no' 'no' 'no' 'no' 'no' 'no' 'no' 'no' 'no' 'no']
84, 360, 97
84, 370, 95
84, 380, 93
84, 390, 95
85, 400, 99
85, 410, 94
['yes']
['no' 'no' 'no']
84, 410, 95
84, 420, 93
84, 430, 94
84, 440, 92
84, 450, 92
84, 460, 91
['yes']
['no' 'no' 'no']
84, 460, 92
84, 470, 91
85, 480, 92
85, 490, 91
85, 500, 91
85, 510, 90
['yes']
['no' 'no' 'yes' 'no']
86, 510, 91
86, 520, 91
86, 530, 91
{'count': 710, 'truepos': 86, 'falseneg': 16, 'correction': 16, 'unknownyes': 2, 'falsepos': 0, 'unique': 530}
5: Hall.csv: knee: 0, 0
6, 10
11, 20
14, 30
15, 40
20, 50
20, 60
21, 70
24, 80
26, 90
30, 100
35, 110
41, 120
44, 130
47, 140
52, 150
54, 160
57, 170
60, 180
60, 190
63, 200
63, 210
63, 220
63, 230
64, 240
64, 250
67, 260
69, 270
69, 280
69, 290
70, 300
70, 310
71, 320
72, 330
73, 340
74, 350
74, 360
75, 370
75, 380
75, 390
75, 400
75, 410
75, 420
75, 430
76, 440
76, 450
76, 460
76, 470
76, 480
76, 490
{'count': 626, 'truepos': 81, 'falseneg': 21, 'correction': 13, 'unknownyes': 2, 'falsepos': 0, 'unique': 490}
5: Wahono.csv: none: 0, 0
5, 10
6, 20, 94
7, 30, 90
13, 40, 87
14, 50, 92
14, 60, 74
16, 70, 56
16, 80, 52
16, 90, 48
17, 100, 45
18, 110, 41
20, 120, 42
21, 130, 43
21, 140, 44
23, 150, 41
23, 160, 45
23, 170, 41
23, 180, 41
23, 190, 40
24, 200, 40
26, 210, 41
27, 220, 43
29, 230, 43
29, 240, 44
29, 250, 43
29, 260, 43
29, 270, 43
29, 280, 43
29, 290, 43
30, 300, 43
31, 310, 47
31, 320, 52
33, 330, 48
33, 340, 52
34, 350, 49
34, 360, 53
34, 370, 51
35, 380, 49
36, 390, 50
37, 400, 51
37, 410, 55
37, 420, 53
37, 430, 54
37, 440, 49
37, 450, 50
37, 460, 49
37, 470, 48
37, 480, 48
37, 490, 47
38, 500, 46
40, 510, 47
40, 520, 55
40, 530, 53
40, 540, 54
40, 550, 52
40, 560, 52
40, 570, 51
42, 580, 49
42, 590, 49
42, 600, 52
42, 610, 51
42, 620, 50
43, 630, 49
43, 640, 50
44, 650, 50
45, 660, 51
45, 670, 51
45, 680, 53
45, 690, 51
45, 700, 52
45, 710, 52
45, 720, 52
45, 730, 52
45, 740, 51
46, 750, 51
47, 760, 53
48, 770, 53
48, 780, 55
48, 790, 54
48, 800, 55
48, 810, 54
48, 820, 54
48, 830, 54
48, 840, 54
48, 850, 53
48, 860, 54
48, 870, 53
48, 880, 53
48, 890, 53
48, 900, 53
48, 910, 54
48, 920, 53
48, 930, 53
48, 940, 53
48, 950, 53
48, 960, 52
48, 970, 53
48, 980, 53
48, 990, 52
48, 1000, 52
48, 1010, 52
48, 1020, 52
48, 1030, 52
49, 1040, 52
49, 1050, 53
50, 1060, 54
50, 1070, 54
50, 1080, 55
50, 1090, 54
50, 1100, 55
50, 1110, 54
51, 1120, 54
51, 1130, 56
51, 1140, 55
51, 1150, 56
51, 1160, 56
51, 1170, 56
51, 1180, 55
52, 1190, 56
52, 1200, 57
52, 1210, 57
52, 1220, 56
52, 1230, 57
52, 1240, 56
52, 1250, 56
52, 1260, 56
52, 1270, 56
52, 1280, 57
52, 1290, 56
52, 1300, 55
52, 1310, 56
52, 1320, 56
52, 1330, 56
52, 1340, 56
52, 1350, 55
52, 1360, 55
52, 1370, 56
52, 1380, 56
52, 1390, 55
52, 1400, 56
52, 1410, 55
52, 1420, 55
52, 1430, 55
52, 1440, 55
52, 1450, 55
52, 1460, 55
53, 1470, 55
53, 1480, 56
53, 1490, 56
53, 1500, 56
53, 1510, 56
53, 1520, 56
53, 1530, 56
53, 1540, 56
53, 1550, 56
53, 1560, 56
53, 1570, 56
53, 1580, 56
53, 1590, 56
{'count': 1590, 'truepos': 47, 'falseneg': 15, 'correction': 0, 'unknownyes': 0, 'falsepos': 6, 'unique': 1590}
5: Wahono.csv: three: 0, 0
5, 10
5, 20, 98
6, 30, 93
8, 40, 67
9, 50, 55
9, 60, 46
11, 70, 42
12, 80, 45
14, 90, 43
14, 100, 46
16, 110, 42
16, 120, 45
17, 130, 43
19, 140, 44
20, 150, 47
22, 160, 45
22, 170, 48
24, 180, 44
25, 190, 49
26, 200, 47
26, 210, 47
27, 220, 45
27, 230, 47
29, 240, 46
29, 250, 49
29, 260, 48
29, 270, 48
30, 280, 48
30, 290, 49
31, 300, 47
31, 310, 49
31, 320, 44
32, 330, 47
33, 340, 48
33, 350, 50
35, 360, 47
36, 370, 50
37, 380, 49
37, 390, 53
37, 400, 54
38, 410, 50
38, 420, 49
38, 430, 49
39, 440, 50
40, 450, 51
41, 460, 53
41, 470, 54
42, 480, 54
42, 490, 54
42, 500, 54
42, 510, 57
42, 520, 54
43, 530, 53
43, 540, 54
43, 550, 54
43, 560, 55
43, 570, 53
43, 580, 55
43, 590, 55
44, 600, 52
44, 610, 57
44, 620, 56
44, 630, 53
45, 640, 54
46, 650, 57
47, 660, 55
47, 670, 57
47, 680, 57
47, 690, 56
47, 700, 56
47, 710, 58
47, 720, 56
47, 730, 57
47, 740, 56
47, 750, 55
47, 760, 56
47, 770, 53
47, 780, 56
47, 790, 55
47, 800, 56
47, 810, 55
47, 820, 57
47, 830, 54
47, 840, 54
47, 850, 55
47, 860, 54
47, 870, 55
47, 880, 54
47, 890, 55
47, 900, 54
47, 910, 54
47, 920, 54
47, 930, 54
48, 940, 54
48, 950, 54
48, 960, 54
48, 970, 54
48, 980, 54
48, 990, 54
48, 1000, 54
48, 1010, 53
48, 1020, 54
48, 1030, 55
48, 1040, 53
48, 1050, 54
48, 1060, 53
48, 1070, 53
48, 1080, 53
48, 1090, 54
48, 1100, 53
48, 1110, 53
48, 1120, 54
48, 1130, 53
48, 1140, 53
48, 1150, 53
48, 1160, 53
48, 1170, 52
48, 1180, 52
48, 1190, 52
48, 1200, 53
48, 1210, 53
48, 1220, 52
48, 1230, 52
48, 1240, 52
48, 1250, 52
48, 1260, 52
48, 1270, 52
48, 1280, 52
48, 1290, 52
48, 1300, 52
48, 1310, 52
48, 1320, 52
48, 1330, 52
48, 1340, 52
48, 1350, 52
48, 1360, 51
48, 1370, 52
48, 1380, 52
48, 1390, 52
48, 1400, 52
48, 1410, 51
48, 1420, 51
48, 1430, 52
48, 1440, 51
48, 1450, 51
48, 1460, 51
48, 1470, 51
49, 1480, 51
49, 1490, 53
49, 1500, 52
49, 1510, 52
49, 1520, 52
49, 1530, 53
49, 1540, 52
49, 1550, 52
49, 1560, 52
49, 1570, 52
49, 1580, 53
49, 1590, 52
49, 1600, 52
49, 1610, 52
50, 1620, 52
50, 1630, 53
50, 1640, 53
50, 1650, 53
{'count': 3340, 'truepos': 50, 'falseneg': 11, 'correction': 34, 'unknownyes': 1, 'falsepos': 0, 'unique': 1650}
5: Wahono.csv: machine: 0, 0
3, 10
4, 20, 104
6, 30, 82
6, 40, 73
7, 50, 51
8, 60, 49
[]
['no' 'yes' 'yes']
9, 60, 45
9, 70, 46
10, 80, 44
10, 90, 41
10, 100, 40
10, 110, 40
[]
['no']
10, 110, 40
11, 120, 40
12, 130, 41
14, 140, 42
14, 150, 46
14, 160, 44
[]
['yes' 'yes' 'no' 'no' 'no']
15, 160, 44
15, 170, 44
16, 180, 45
16, 190, 46
16, 200, 46
16, 210, 46
[]
['no' 'yes' 'yes']
16, 210, 47
16, 220, 47
16, 230, 47
16, 240, 47
16, 250, 47
17, 260, 47
[]
['no' 'yes']
18, 260, 49
20, 270, 51
22, 280, 53
22, 290, 56
23, 300, 53
23, 310, 54
[]
['no' 'no' 'no' 'no' 'no' 'no' 'no']
23, 310, 52
23, 320, 52
23, 330, 51
23, 340, 51
23, 350, 51
23, 360, 51
[]
[]
24, 370, 51
24, 380, 51
24, 390, 50
25, 400, 50
25, 410, 52
26, 420, 52
[]
['no' 'no' 'no' 'no' 'no' 'no' 'no' 'no' 'no' 'no' 'no' 'no' 'no' 'yes'
 'yes']
27, 420, 52
28, 430, 52
28, 440, 55
29, 450, 53
29, 460, 53
29, 470, 53
[]
['no' 'no' 'yes' 'no' 'no' 'no' 'yes' 'no' 'no' 'no' 'no' 'no' 'no']
31, 470, 53
33, 480, 41
34, 490, 48
35, 500, 49
36, 510, 50
37, 520, 50
['yes']
['no' 'no' 'no' 'yes' 'no' 'no' 'no' 'no' 'no' 'no' 'no' 'no' 'no' 'no'
 'no' 'no' 'no' 'no' 'no' 'no' 'no' 'no' 'no' 'no' 'no' 'no' 'yes' 'no'
 'no' 'no' 'no' 'no' 'yes' 'no' 'no' 'no' 'no' 'no' 'no' 'no' 'no' 'no'
 'no' 'no' 'no' 'no' 'no']
38, 520, 51
38, 530, 53
39, 540, 52
39, 550, 53
40, 560, 49
40, 570, 51
['yes']
['no' 'no' 'no' 'yes']
40, 570, 50
40, 580, 51
41, 590, 49
41, 600, 52
41, 610, 50
41, 620, 51
['yes']
['no' 'no' 'no' 'no']
40, 620, 48
40, 630, 47
40, 640, 46
40, 650, 47
41, 660, 46
41, 670, 51
['yes']
['no' 'no' 'no' 'no' 'no' 'no' 'no' 'no' 'no' 'no' 'no' 'no' 'no' 'no'
 'no' 'no']
40, 670, 49
40, 680, 48
40, 690, 49
40, 700, 48
40, 710, 46
40, 720, 46
['yes']
['no' 'no' 'no' 'no' 'yes' 'no' 'no']
40, 720, 48
40, 730, 46
40, 740, 47
40, 750, 49
40, 760, 48
40, 770, 48
['yes']
['no' 'no' 'no' 'no' 'yes' 'no' 'no' 'no' 'no' 'no' 'no']
40, 770, 48
40, 780, 47
40, 790, 46
40, 800, 46
40, 810, 47
40, 820, 45
['yes']
['no' 'no' 'no']
40, 820, 46
40, 830, 46
40, 840, 46
40, 850, 46
41, 860, 45
41, 870, 46
['yes']
['no' 'no' 'no' 'no']
41, 870, 46
41, 880, 47
41, 890, 46
41, 900, 47
41, 910, 46
41, 920, 46
['yes']
[]
40, 920, 45
40, 930, 45
40, 940, 44
40, 950, 45
40, 960, 44
41, 970, 44
['yes']
['no' 'no' 'no' 'no' 'no' 'no']
41, 970, 46
41, 980, 44
41, 990, 45
41, 1000, 45
41, 1010, 44
41, 1020, 45
['yes']
['no' 'no']
41, 1020, 45
41, 1030, 46
41, 1040, 45
41, 1050, 44
41, 1060, 45
41, 1070, 44
['yes']
[]
41, 1070, 44
41, 1080, 45
41, 1090, 44
41, 1100, 44
41, 1110, 45
41, 1120, 45
['yes']
['no' 'no']
41, 1120, 44
42, 1130, 44
42, 1140, 46
42, 1150, 45
43, 1160, 45
44, 1170, 46
['yes']
['no' 'no']
44, 1170, 47
44, 1180, 47
44, 1190, 47
44, 1200, 47
44, 1210, 47
44, 1220, 47
['yes']
['no' 'no' 'no' 'no' 'no' 'no' 'no']
{'count': 1391, 'truepos': 43, 'falseneg': 16, 'correction': 9, 'unknownyes': 3, 'falsepos': 1, 'unique': 1220}
5: Wahono.csv: knee: 0, 0
5, 10
5, 20
5, 30
{'count': 35, 'truepos': 6, 'falseneg': 1, 'correction': 1, 'unknownyes': 55, 'falsepos': 0, 'unique': 30}
5: Danijel.csv: none: 0, 0
2, 10
2, 20, 103
2, 30, 67
2, 40, 55
2, 50, 55
4, 60, 57
4, 70, 55
5, 80, 49
9, 90, 49
14, 100, 54
14, 110, 73
15, 120, 61
16, 130, 55
18, 140, 54
18, 150, 55
19, 160, 51
19, 170, 47
20, 180, 45
20, 190, 44
21, 200, 44
21, 210, 45
21, 220, 44
21, 230, 44
22, 240, 44
23, 250, 44
23, 260, 45
23, 270, 44
24, 280, 44
25, 290, 45
26, 300, 46
26, 310, 46
26, 320, 46
26, 330, 46
26, 340, 46
26, 350, 46
26, 360, 47
26, 370, 47
26, 380, 47
26, 390, 47
26, 400, 47
26, 410, 47
26, 420, 47
26, 430, 47
26, 440, 47
26, 450, 47
26, 460, 47
26, 470, 48
26, 480, 48
26, 490, 48
26, 500, 48
27, 510, 48
27, 520, 48
27, 530, 48
27, 540, 48
27, 550, 48
27, 560, 48
27, 570, 48
27, 580, 48
27, 590, 48
27, 600, 48
29, 610, 48
30, 620, 49
31, 630, 40
31, 640, 38
31, 650, 40
32, 660, 40
33, 670, 40
33, 680, 40
33, 690, 44
33, 700, 43
33, 710, 41
33, 720, 42
33, 730, 39
33, 740, 38
33, 750, 41
33, 760, 39
33, 770, 39
33, 780, 39
33, 790, 39
33, 800, 39
33, 810, 38
33, 820, 38
33, 830, 38
34, 840, 38
35, 850, 40
35, 860, 41
35, 870, 39
35, 880, 40
35, 890, 39
35, 900, 39
35, 910, 39
35, 920, 39
35, 930, 39
35, 940, 38
35, 950, 40
35, 960, 39
35, 970, 40
35, 980, 39
35, 990, 38
35, 1000, 39
35, 1010, 38
35, 1020, 40
35, 1030, 38
35, 1040, 37
35, 1050, 39
35, 1060, 39
35, 1070, 37
35, 1080, 37
35, 1090, 37
35, 1100, 37
35, 1110, 37
35, 1120, 37
35, 1130, 37
35, 1140, 38
35, 1150, 37
35, 1160, 37
35, 1170, 37
35, 1180, 37
35, 1190, 37
35, 1200, 37
35, 1210, 37
35, 1220, 37
{'count': 1220, 'truepos': 31, 'falseneg': 15, 'correction': 0, 'unknownyes': 2, 'falsepos': 4, 'unique': 1220}
5: Danijel.csv: three: 0, 0
3, 10
3, 20, 122
4, 30, 91
6, 40, 68
8, 50, 63
9, 60, 59
9, 70, 51
10, 80, 48
12, 90, 47
14, 100, 50
18, 110, 53
21, 120, 57
21, 130, 60
22, 140, 53
23, 150, 52
25, 160, 48
26, 170, 50
27, 180, 50
27, 190, 51
27, 200, 49
28, 210, 48
29, 220, 47
30, 230, 47
30, 240, 52
31, 250, 49
33, 260, 43
33, 270, 48
33, 280, 47
34, 290, 44
34, 300, 46
34, 310, 45
34, 320, 45
34, 330, 43
34, 340, 46
35, 350, 41
36, 360, 46
36, 370, 44
36, 380, 44
36, 390, 45
36, 400, 47
36, 410, 43
36, 420, 43
36, 430, 45
36, 440, 44
36, 450, 42
36, 460, 44
36, 470, 42
36, 480, 42
36, 490, 41
36, 500, 41
36, 510, 41
36, 520, 43
36, 530, 40
36, 540, 41
36, 550, 41
36, 560, 41
36, 570, 40
36, 580, 40
36, 590, 41
36, 600, 42
36, 610, 40
36, 620, 40
36, 630, 41
36, 640, 40
36, 650, 40
36, 660, 40
36, 670, 39
36, 680, 41
36, 690, 39
36, 700, 39
36, 710, 39
36, 720, 39
36, 730, 39
36, 740, 39
36, 750, 39
36, 760, 38
36, 770, 39
36, 780, 39
36, 790, 39
36, 800, 39
36, 810, 39
37, 820, 38
37, 830, 41
37, 840, 40
37, 850, 40
37, 860, 40
37, 870, 39
37, 880, 40
37, 890, 40
37, 900, 40
37, 910, 40
37, 920, 40
37, 930, 39
37, 940, 40
37, 950, 39
37, 960, 40
37, 970, 39
37, 980, 40
37, 990, 39
37, 1000, 39
37, 1010, 40
37, 1020, 39
37, 1030, 40
37, 1040, 39
37, 1050, 39
37, 1060, 39
37, 1070, 39
37, 1080, 39
37, 1090, 39
37, 1100, 39
37, 1110, 39
37, 1120, 39
37, 1130, 39
37, 1140, 39
37, 1150, 39
37, 1160, 39
37, 1170, 39
37, 1180, 39
{'count': 2383, 'truepos': 37, 'falseneg': 9, 'correction': 20, 'unknownyes': 2, 'falsepos': 0, 'unique': 1180}
5: Danijel.csv: machine: 0, 0
3, 10
3, 20, 109
6, 30, 95
8, 40, 90
8, 50, 89
10, 60, 61
[]
['no' 'no' 'no' 'no' 'no']
10, 60, 58
13, 70, 58
14, 80, 57
15, 90, 55
16, 100, 56
16, 110, 55
[]
['no' 'no' 'no' 'no' 'no']
16, 110, 48
16, 120, 49
16, 130, 47
17, 140, 46
18, 150, 47
18, 160, 47
[]
['no' 'no']
18, 160, 46
19, 170, 46
20, 180, 47
22, 190, 48
23, 200, 51
23, 210, 49
[]
['yes' 'yes' 'no' 'no' 'yes' 'no']
25, 210, 48
26, 220, 49
29, 230, 49
29, 240, 54
31, 250, 51
31, 260, 49
['yes']
['no' 'yes' 'no' 'no' 'no' 'no' 'yes' 'no' 'no' 'no' 'no' 'no' 'no' 'no'
 'no' 'no' 'no' 'no' 'no' 'no' 'no' 'no' 'no' 'no' 'no' 'no' 'yes' 'no'
 'no' 'no' 'no' 'no' 'no' 'no' 'yes' 'no' 'no' 'yes' 'no' 'no' 'no' 'no'
 'no' 'no' 'no' 'no' 'no' 'no' 'no' 'no']
35, 260, 45
37, 270, 49
38, 280, 52
38, 290, 52
39, 300, 53
39, 310, 53
['yes']
['no' 'no' 'no' 'no' 'no' 'no' 'no' 'no' 'no' 'no' 'no' 'no' 'no' 'no'
 'no' 'no' 'no' 'no' 'no' 'no' 'no']
39, 310, 49
39, 320, 52
39, 330, 52
39, 340, 50
39, 350, 49
39, 360, 49
['yes']
['no' 'no' 'no' 'yes' 'no' 'no' 'no' 'no' 'no' 'no' 'no' 'no' 'no' 'no']
39, 360, 48
39, 370, 49
39, 380, 47
39, 390, 47
39, 400, 46
39, 410, 46
['yes']
['no' 'no' 'no' 'no' 'no' 'no' 'no' 'no']
39, 410, 45
40, 420, 46
40, 430, 49
41, 440, 47
41, 450, 49
41, 460, 49
['yes']
['no' 'no' 'no' 'no' 'no' 'no' 'no' 'no' 'no' 'no' 'no' 'no' 'no' 'no']
41, 460, 49
42, 470, 50
43, 480, 49
43, 490, 51
43, 500, 53
43, 510, 50
['yes']
['no' 'no' 'no' 'no' 'no' 'no' 'no' 'no' 'no' 'no' 'no' 'no' 'no' 'no'
 'no' 'no' 'no']
43, 510, 49
43, 520, 50
43, 530, 49
43, 540, 50
43, 550, 51
43, 560, 49
['yes']
['no']
42, 560, 48
42, 570, 48
42, 580, 49
43, 590, 47
43, 600, 50
43, 610, 49
['yes']
['no' 'no' 'no' 'no' 'no' 'no' 'no' 'no' 'no' 'no' 'no' 'no' 'no']
42, 610, 49
42, 620, 47
42, 630, 49
43, 640, 47
43, 650, 48
43, 660, 48
['no']
['no' 'no' 'no' 'no']
42, 660, 47
42, 670, 46
42, 680, 46
42, 690, 46
42, 700, 46
42, 710, 47
['yes']
[]
42, 710, 46
42, 720, 46
42, 730, 46
42, 740, 46
42, 750, 45
42, 760, 45
['yes']
[]
41, 760, 46
41, 770, 44
41, 780, 44
41, 790, 44
41, 800, 44
41, 810, 44
['yes']
['no' 'no' 'no']
41, 810, 44
41, 820, 44
41, 830, 44
{'count': 1005, 'truepos': 37, 'falseneg': 9, 'correction': 8, 'unknownyes': 2, 'falsepos': 4, 'unique': 830}
5: Danijel.csv: knee: 0, 0
3, 10
4, 20
5, 30
7, 40
7, 50
7, 60
7, 70
10, 80
10, 90
10, 100
11, 110
12, 120
13, 130
14, 140
15, 150
16, 160
18, 170
18, 180
19, 190
19, 200
19, 210
19, 220
20, 230
21, 240
21, 250
21, 260
21, 270
21, 280
21, 290
22, 300
22, 310
22, 320
22, 330
22, 340
23, 350
23, 360
23, 370
24, 380
24, 390
24, 400
24, 410
24, 420
24, 430
24, 440
24, 450
24, 460
24, 470
24, 480
24, 490
24, 500
24, 510
24, 520
24, 530
24, 540
24, 550
{'count': 726, 'truepos': 36, 'falseneg': 6, 'correction': 13, 'unknownyes': 6, 'falsepos': 2, 'unique': 550}
5: K_all3.csv: none: 0, 0
2, 10
4, 20, 71
5, 30, 59
7, 40, 49
9, 50, 46
13, 60, 45
15, 70, 54
15, 80, 50
17, 90, 45
18, 100, 44
18, 110, 42
18, 120, 40
18, 130, 38
18, 140, 37
18, 150, 36
20, 160, 36
21, 170, 38
21, 180, 39
21, 190, 39
23, 200, 38
23, 210, 41
23, 220, 40
23, 230, 40
24, 240, 40
24, 250, 41
26, 260, 41
26, 270, 42
28, 280, 42
28, 290, 44
28, 300, 43
29, 310, 43
30, 320, 43
30, 330, 36
30, 340, 37
30, 350, 35
30, 360, 34
30, 370, 34
31, 380, 34
31, 390, 36
31, 400, 34
31, 410, 36
31, 420, 35
32, 430, 35
32, 440, 35
32, 450, 35
32, 460, 35
32, 470, 35
33, 480, 34
33, 490, 35
33, 500, 35
33, 510, 35
33, 520, 35
33, 530, 35
{'count': 530, 'truepos': 29, 'falseneg': 10, 'correction': 0, 'unknownyes': 6, 'falsepos': 4, 'unique': 530}
5: K_all3.csv: three: 0, 0
2, 10
5, 20, 70
6, 30, 61
10, 40, 54
11, 50, 62
12, 60, 54
14, 70, 46
15, 80, 46
15, 90, 43
17, 100, 41
19, 110, 43
20, 120, 45
20, 130, 44
21, 140, 42
21, 150, 42
22, 160, 41
23, 170, 42
23, 180, 42
23, 190, 42
25, 200, 41
25, 210, 43
26, 220, 42
26, 230, 43
26, 240, 43
27, 250, 43
28, 260, 44
28, 270, 45
29, 280, 44
29, 290, 45
29, 300, 45
30, 310, 45
31, 320, 38
31, 330, 42
31, 340, 37
31, 350, 36
31, 360, 36
32, 370, 36
32, 380, 40
32, 390, 36
32, 400, 36
32, 410, 36
32, 420, 35
32, 430, 35
33, 440, 34
33, 450, 36
33, 460, 35
34, 470, 35
34, 480, 37
34, 490, 37
34, 500, 36
34, 510, 36
34, 520, 36
34, 530, 36
{'count': 1096, 'truepos': 33, 'falseneg': 9, 'correction': 34, 'unknownyes': 3, 'falsepos': 1, 'unique': 530}
5: K_all3.csv: machine: 0, 0
1, 10
4, 20, 90
6, 30, 67
6, 40, 65
6, 50, 53
8, 60, 48
[]
['no' 'yes']
9, 60, 49
11, 70, 49
12, 80, 47
13, 90, 46
14, 100, 45
14, 110, 43
[]
['no' 'no']
14, 110, 41
14, 120, 41
15, 130, 40
15, 140, 40
15, 150, 39
15, 160, 39
[]
['no' 'no']
15, 160, 38
16, 170, 38
17, 180, 39
18, 190, 39
18, 200, 39
19, 210, 39
[]
['no' 'no' 'no' 'no']
19, 210, 39
22, 220, 39
22, 230, 41
22, 240, 41
22, 250, 41
22, 260, 41
[]
['no' 'no' 'no']
22, 260, 41
23, 270, 41
23, 280, 40
23, 290, 40
23, 300, 40
23, 310, 40
[]
['no' 'no' 'yes' 'no' 'no' 'no']
23, 310, 40
24, 320, 40
24, 330, 41
24, 340, 41
24, 350, 41
24, 360, 41
[]
[]
24, 370, 40
25, 380, 40
27, 390, 41
27, 400, 42
27, 410, 41
28, 420, 41
[]
['yes' 'no' 'no' 'no' 'no' 'no']
29, 420, 42
31, 430, 42
31, 440, 37
31, 450, 36
32, 460, 35
32, 470, 35
['no']
['no' 'no' 'no' 'no' 'no' 'no' 'no' 'no' 'no' 'no' 'no' 'no' 'no' 'no'
 'no' 'no' 'no' 'no' 'no' 'no' 'no' 'no' 'no' 'no' 'no' 'no' 'no' 'no'
 'no' 'no' 'no' 'no' 'no' 'no' 'no' 'no' 'no' 'no' 'no' 'no' 'no' 'no'
 'no' 'no' 'no' 'no' 'yes' 'no' 'no' 'no']
31, 470, 36
31, 480, 34
31, 490, 34
31, 500, 33
31, 510, 34
32, 520, 33
['yes']
['no' 'yes' 'no' 'no' 'no' 'no' 'no' 'no' 'no' 'no' 'no' 'no' 'no' 'no'
 'no' 'no' 'no' 'no' 'no' 'no' 'no']
32, 520, 35
32, 530, 34
33, 540, 34
33, 550, 35
33, 560, 35
{'count': 658, 'truepos': 31, 'falseneg': 10, 'correction': 4, 'unknownyes': 4, 'falsepos': 2, 'unique': 560}
5: K_all3.csv: knee: 0, 0
1, 10
3, 20
4, 30
6, 40
7, 50
11, 60
13, 70
15, 80
15, 90
17, 100
19, 110
20, 120
21, 130
21, 140
23, 150
23, 160
24, 170
25, 180
25, 190
25, 200
25, 210
26, 220
27, 230
29, 240
29, 250
32, 260
33, 270
34, 280
35, 290
35, 300
35, 310
36, 320
36, 330
36, 340
37, 350
37, 360
37, 370
37, 380
37, 390
37, 400
38, 410
38, 420
38, 430
38, 440
38, 450
38, 460
38, 470
38, 480
38, 490
{'count': 748, 'truepos': 37, 'falseneg': 3, 'correction': 6, 'unknownyes': 5, 'falsepos': 6, 'unique': 490}

------------------------------------------------------------
Sender: LSF System <lsfadmin@n2e2-13>
Subject: Job 639666: </share/tjmenzie/zyu9/miniconda2/bin/python2.7 runner.py error_hpcc 5> in cluster <henry2> Done

Job </share/tjmenzie/zyu9/miniconda2/bin/python2.7 runner.py error_hpcc 5> was submitted from host <login01.hpc.ncsu.edu> by user <zyu9> in cluster <henry2> at Thu Feb  1 12:17:33 2018.
Job was executed on host(s) <2*n2e2-13>, in queue <single_chassis>, as user <zyu9> in cluster <henry2> at Thu Feb  1 12:17:40 2018.
</home/zyu9> was used as the home directory.
</home/zyu9/projects/MAR_HPC/Error/src> was used as the working directory.
Started at Thu Feb  1 12:17:40 2018.
Terminated at Thu Feb  1 13:21:42 2018.
Results reported at Thu Feb  1 13:21:42 2018.

Your job looked like:

------------------------------------------------------------
# LSBATCH: User input
/share/tjmenzie/zyu9/miniconda2/bin/python2.7 runner.py error_hpcc 5
------------------------------------------------------------

Successfully completed.

Resource usage summary:

    CPU time :                                   4935.43 sec.
    Max Memory :                                 285.73 MB
    Average Memory :                             227.40 MB
    Total Requested Memory :                     -
    Delta Memory :                               -
    Max Swap :                                   1312 MB
    Max Processes :                              3
    Max Threads :                                8
    Run time :                                   3854 sec.
    Turnaround time :                            3849 sec.

The output (if any) is above this job summary.



PS: The stderr output (if any) follows:



PS:

Fail to open stderr file ./err/5.err.639666: No such file or directory.
The stderr output is included in this report.

