5: Hall.csv: none: 0, 0
8, 10
11, 20, 125
13, 30, 129
19, 40, 127
21, 50, 146
25, 60, 139
25, 70, 152
27, 80, 144
29, 90, 145
32, 100, 143
37, 110, 117
41, 120, 134
46, 130, 130
50, 140, 126
54, 150, 121
59, 160, 133
63, 170, 133
67, 180, 143
73, 190, 123
76, 200, 160
81, 210, 117
84, 220, 127
88, 230, 132
92, 240, 126
95, 250, 136
98, 260, 126
102, 270, 130
104, 280, 135
106, 290, 137
107, 300, 147
108, 310, 138
110, 320, 135
115, 330, 134
116, 340, 155
117, 350, 147
117, 360, 142
117, 370, 140
118, 380, 136
120, 390, 142
121, 400, 148
122, 410, 144
123, 420, 144
123, 430, 143
125, 440, 147
125, 450, 143
125, 460, 146
126, 470, 145
126, 480, 148
126, 490, 143
129, 500, 140
129, 510, 144
130, 520, 145
130, 530, 147
130, 540, 149
130, 550, 145
131, 560, 146
134, 570, 149
135, 580, 158
135, 590, 156
137, 600, 155
138, 610, 159
140, 620, 164
141, 630, 165
141, 640, 163
141, 650, 162
141, 660, 164
144, 670, 164
145, 680, 175
147, 690, 177
149, 700, 178
151, 710, 181
155, 720, 177
156, 730, 184
158, 740, 187
158, 750, 190
159, 760, 185
160, 770, 184
160, 780, 188
161, 790, 184
162, 800, 184
163, 810, 183
165, 820, 186
165, 830, 188
167, 840, 188
167, 850, 193
167, 860, 188
168, 870, 187
168, 880, 187
168, 890, 188
168, 900, 190
169, 910, 187
170, 920, 186
170, 930, 194
173, 940, 190
174, 950, 194
175, 960, 199
175, 970, 195
176, 980, 202
178, 990, 199
179, 1000, 203
180, 1010, 200
180, 1020, 203
181, 1030, 203
183, 1040, 206
183, 1050, 207
183, 1060, 206
184, 1070, 205
185, 1080, 205
185, 1090, 215
186, 1100, 207
186, 1110, 208
187, 1120, 208
187, 1130, 211
189, 1140, 207
190, 1150, 209
190, 1160, 209
190, 1170, 210
191, 1180, 210
192, 1190, 209
193, 1200, 212
193, 1210, 212
195, 1220, 213
195, 1230, 211
195, 1240, 214
195, 1250, 216
198, 1260, 212
198, 1270, 219
200, 1280, 214
202, 1290, 217
202, 1300, 218
204, 1310, 219
209, 1320, 222
210, 1330, 229
210, 1340, 238
210, 1350, 231
212, 1360, 227
213, 1370, 231
215, 1380, 233
215, 1390, 243
216, 1400, 235
217, 1410, 242
219, 1420, 245
221, 1430, 246
222, 1440, 253
223, 1450, 250
225, 1460, 251
227, 1470, 248
228, 1480, 251
230, 1490, 252
231, 1500, 259
233, 1510, 264
233, 1520, 260
234, 1530, 264
235, 1540, 259
237, 1550, 264
240, 1560, 263
242, 1570, 278
242, 1580, 278
243, 1590, 280
244, 1600, 272
245, 1610, 273
246, 1620, 279
247, 1630, 274
247, 1640, 274
249, 1650, 275
251, 1660, 279
253, 1670, 282
255, 1680, 295
256, 1690, 288
257, 1700, 300
257, 1710, 292
258, 1720, 298
258, 1730, 297
258, 1740, 292
258, 1750, 295
260, 1760, 288
262, 1770, 291
262, 1780, 290
263, 1790, 291
264, 1800, 293
265, 1810, 294
267, 1820, 293
268, 1830, 303
269, 1840, 297
269, 1850, 302
270, 1860, 297
271, 1870, 299
271, 1880, 304
272, 1890, 297
273, 1900, 298
274, 1910, 303
274, 1920, 300
276, 1930, 297
277, 1940, 300
278, 1950, 303
278, 1960, 303
279, 1970, 304
280, 1980, 301
282, 1990, 307
283, 2000, 310
284, 2010, 310
284, 2020, 310
285, 2030, 309
286, 2040, 309
288, 2050, 312
288, 2060, 314
289, 2070, 312
289, 2080, 313
290, 2090, 317
293, 2100, 314
294, 2110, 319
297, 2120, 318
297, 2130, 321
299, 2140, 321
300, 2150, 326
302, 2160, 326
302, 2170, 331
302, 2180, 327
303, 2190, 327
304, 2200, 330
304, 2210, 332
306, 2220, 333
308, 2230, 337
310, 2240, 337
311, 2250, 340
314, 2260, 343
314, 2270, 347
315, 2280, 342
316, 2290, 351
318, 2300, 346
319, 2310, 352
319, 2320, 354
320, 2330, 351
321, 2340, 354
323, 2350, 361
324, 2360, 364
324, 2370, 360
325, 2380, 361
327, 2390, 360
327, 2400, 361
328, 2410, 360
329, 2420, 361
329, 2430, 367
330, 2440, 360
331, 2450, 363
331, 2460, 358
331, 2470, 360
333, 2480, 361
335, 2490, 367
337, 2500, 369
337, 2510, 370
338, 2520, 373
338, 2530, 374
339, 2540, 369
340, 2550, 368
341, 2560, 374
342, 2570, 373
345, 2580, 378
348, 2590, 379
349, 2600, 384
352, 2610, 385
354, 2620, 392
354, 2630, 391
355, 2640, 392
356, 2650, 395
356, 2660, 393
356, 2670, 393
358, 2680, 389
359, 2690, 395
360, 2700, 398
361, 2710, 393
363, 2720, 396
364, 2730, 398
364, 2740, 397
364, 2750, 399
365, 2760, 399
366, 2770, 401
366, 2780, 398
368, 2790, 400
368, 2800, 401
370, 2810, 401
371, 2820, 403
372, 2830, 405
372, 2840, 407
373, 2850, 405
373, 2860, 408
375, 2870, 408
376, 2880, 408
377, 2890, 407
378, 2900, 406
379, 2910, 411
382, 2920, 412
383, 2930, 414
384, 2940, 414
386, 2950, 414
387, 2960, 423
388, 2970, 419
389, 2980, 420
390, 2990, 417
391, 3000, 422
392, 3010, 422
393, 3020, 424
393, 3030, 424
394, 3040, 421
395, 3050, 424
396, 3060, 424
398, 3070, 427
399, 3080, 431
400, 3090, 431
401, 3100, 435
401, 3110, 436
402, 3120, 434
403, 3130, 432
403, 3140, 436
405, 3150, 434
405, 3160, 435
406, 3170, 438
406, 3180, 438
406, 3190, 437
408, 3200, 436
408, 3210, 441
408, 3220, 440
408, 3230, 439
408, 3240, 438
409, 3250, 437
409, 3260, 437
409, 3270, 439
410, 3280, 438
410, 3290, 437
411, 3300, 436
413, 3310, 441
415, 3320, 440
419, 3330, 446
419, 3340, 450
420, 3350, 451
420, 3360, 454
420, 3370, 451
421, 3380, 449
423, 3390, 451
425, 3400, 455
426, 3410, 456
426, 3420, 458
426, 3430, 458
426, 3440, 459
427, 3450, 455
427, 3460, 459
429, 3470, 456
429, 3480, 459
430, 3490, 460
432, 3500, 461
433, 3510, 462
434, 3520, 465
434, 3530, 466
434, 3540, 464
434, 3550, 464
434, 3560, 466
434, 3570, 464
435, 3580, 465
437, 3590, 463
438, 3600, 466
438, 3610, 468
438, 3620, 469
438, 3630, 466
439, 3640, 468
440, 3650, 469
443, 3660, 471
444, 3670, 475
445, 3680, 472
445, 3690, 473
445, 3700, 473
445, 3710, 473
445, 3720, 473
446, 3730, 473
447, 3740, 474
448, 3750, 474
449, 3760, 477
449, 3770, 476
449, 3780, 476
449, 3790, 477
450, 3800, 477
451, 3810, 480
452, 3820, 479
453, 3830, 480
455, 3840, 478
455, 3850, 481
458, 3860, 481
460, 3870, 485
463, 3880, 490
465, 3890, 494
466, 3900, 497
467, 3910, 496
468, 3920, 499
468, 3930, 499
468, 3940, 500
469, 3950, 501
472, 3960, 499
475, 3970, 504
476, 3980, 510
477, 3990, 510
478, 4000, 512
479, 4010, 513
479, 4020, 512
479, 4030, 511
480, 4040, 510
482, 4050, 512
482, 4060, 516
483, 4070, 511
483, 4080, 515
484, 4090, 515
484, 4100, 514
485, 4110, 514
486, 4120, 516
488, 4130, 517
488, 4140, 524
488, 4150, 517
490, 4160, 521
490, 4170, 523
490, 4180, 522
491, 4190, 519
491, 4200, 522
494, 4210, 521
495, 4220, 523
496, 4230, 525
496, 4240, 527
496, 4250, 526
497, 4260, 525
498, 4270, 528
498, 4280, 529
501, 4290, 529
502, 4300, 534
503, 4310, 534
503, 4320, 535
505, 4330, 531
506, 4340, 535
507, 4350, 536
508, 4360, 534
510, 4370, 536
511, 4380, 538
511, 4390, 542
514, 4400, 540
514, 4410, 545
514, 4420, 544
515, 4430, 545
515, 4440, 545
516, 4450, 544
517, 4460, 547
519, 4470, 547
519, 4480, 550
520, 4490, 548
520, 4500, 549
522, 4510, 549
{'count': 4510, 'truepos': 98, 'falseneg': 5, 'unknownyes': 3, 'falsepos': 424, 'unique': 4510}
5: Hall.csv: three: 0, 0
8, 10
9, 20, 126
13, 30, 115
15, 40, 125
20, 50, 115
22, 60, 117
24, 70, 120
26, 80, 119
28, 90, 103
35, 100, 101
41, 110, 116
47, 120, 122
53, 130, 123
56, 140, 127
60, 150, 120
65, 160, 112
70, 170, 127
72, 180, 124
76, 190, 114
80, 200, 117
82, 210, 114
85, 220, 99
86, 230, 106
91, 240, 102
96, 250, 106
100, 260, 111
103, 270, 118
103, 280, 124
103, 290, 125
105, 300, 121
106, 310, 128
107, 320, 121
107, 330, 123
107, 340, 120
107, 350, 123
109, 360, 121
111, 370, 122
111, 380, 130
112, 390, 125
112, 400, 128
112, 410, 123
112, 420, 125
113, 430, 121
113, 440, 129
113, 450, 127
113, 460, 128
113, 470, 126
113, 480, 124
113, 490, 124
113, 500, 122
113, 510, 124
113, 520, 123
113, 530, 121
114, 540, 124
115, 550, 126
115, 560, 125
116, 570, 124
116, 580, 125
116, 590, 125
116, 600, 123
116, 610, 124
116, 620, 126
116, 630, 124
116, 640, 125
116, 650, 124
116, 660, 123
117, 670, 124
117, 680, 125
118, 690, 125
118, 700, 125
119, 710, 126
120, 720, 127
120, 730, 128
120, 740, 129
120, 750, 129
120, 760, 128
121, 770, 128
121, 780, 130
121, 790, 130
121, 800, 129
121, 810, 129
121, 820, 130
121, 830, 128
121, 840, 129
121, 850, 128
{'count': 1859, 'truepos': 101, 'falseneg': 1, 'unknownyes': 4, 'falsepos': 20, 'unique': 850}
5: Hall.csv: machine: 0, 0
8, 10
13, 20, 121
16, 30, 144
16, 40, 159
18, 50, 150
20, 60, 154
['no' 'no' 'yes' 'yes' 'yes' 'yes' 'no' 'yes' 'no' 'yes']
['no']
15, 60, 154
17, 70, 119
21, 80, 110
25, 90, 124
28, 100, 136
30, 110, 126
['no' 'yes' 'yes' 'no' 'no' 'yes' 'no' 'yes' 'yes' 'no']
['no' 'no' 'no' 'no' 'no' 'no' 'no' 'yes' 'no' 'no']
28, 110, 126
32, 120, 113
38, 130, 95
44, 140, 96
47, 150, 99
52, 160, 93
['yes' 'yes' 'yes' 'yes' 'yes' 'yes' 'yes' 'yes' 'yes' 'yes']
['no' 'no' 'no' 'no' 'no' 'yes' 'yes' 'no' 'no' 'no']
53, 160, 93
59, 170, 93
63, 180, 101
68, 190, 96
71, 200, 104
75, 210, 105
['yes' 'yes' 'yes' 'yes' 'yes' 'yes' 'yes' 'no' 'yes' 'yes']
['no' 'no' 'no' 'no' 'no' 'no' 'no' 'no' 'no' 'no']
72, 210, 105
74, 220, 102
79, 230, 100
81, 240, 101
82, 250, 100
86, 260, 100
['yes' 'yes' 'no' 'no' 'yes' 'yes' 'no' 'no' 'yes' 'yes']
['no' 'no' 'no' 'no' 'no' 'no' 'no' 'no' 'no' 'no']
85, 260, 100
85, 270, 109
86, 280, 100
88, 290, 100
91, 300, 100
93, 310, 104
['yes' 'no' 'no' 'no' 'yes' 'yes' 'yes' 'yes' 'yes' 'yes']
['no' 'no' 'no' 'yes' 'no' 'no' 'no' 'no' 'no' 'no']
89, 310, 104
91, 320, 99
92, 330, 100
92, 340, 101
95, 350, 101
97, 360, 107
['yes' 'no' 'no' 'no' 'yes' 'no' 'yes' 'yes' 'yes' 'yes']
['no' 'no' 'no' 'yes' 'no' 'yes' 'no' 'yes' 'no' 'yes']
97, 360, 107
100, 370, 105
102, 380, 112
102, 390, 118
105, 400, 112
105, 410, 115
['no' 'no' 'no' 'yes' 'yes' 'yes' 'yes' 'yes' 'yes' 'no']
['no' 'no' 'yes' 'no' 'no' 'no' 'no' 'no' 'no' 'yes']
103, 410, 115
104, 420, 112
107, 430, 113
108, 440, 116
109, 450, 119
111, 460, 118
['no' 'no' 'no' 'no' 'no' 'no' 'no' 'yes' 'no' 'yes']
['yes' 'no' 'no' 'no' 'no' 'no' 'no' 'no' 'no' 'no']
105, 460, 118
108, 470, 115
109, 480, 120
109, 490, 119
110, 500, 119
111, 510, 118
['no' 'no' 'no' 'yes' 'yes' 'no' 'yes' 'yes' 'no' 'no']
['no' 'no' 'no' 'no' 'no' 'no' 'no' 'no' 'no' 'no']
106, 510, 118
108, 520, 113
109, 530, 117
110, 540, 116
111, 550, 120
111, 560, 119
['no' 'no' 'no' 'no' 'no' 'yes' 'yes' 'no' 'yes' 'yes']
['no' 'no' 'no' 'no' 'no' 'yes' 'no' 'no' 'no' 'no']
107, 560, 119
108, 570, 114
108, 580, 115
109, 590, 114
109, 600, 117
110, 610, 115
['no' 'no' 'no' 'no' 'no' 'yes' 'yes' 'yes' 'yes' 'yes']
['no' 'no' 'no' 'no' 'no' 'no' 'no' 'no' 'no' 'no']
['no' 'no' 'no' 'no' 'yes' 'no' 'yes' 'yes' 'yes' 'yes']
['no' 'no' 'no' 'no' 'no' 'no' 'no' 'yes' 'no' 'no']
{'count': 841, 'truepos': 99, 'falseneg': 3, 'unknownyes': 4, 'falsepos': 7, 'unique': 610}
5: Hall.csv: machine2: 0, 0
6, 10
11, 20, 102
16, 30, 114
19, 40, 134
19, 50, 143
19, 60, 131
['yes' 'yes' 'yes' 'yes' 'yes' 'no' 'yes' 'yes' 'yes' 'yes']
['no']
18, 60, 131
22, 70, 117
22, 80, 125
25, 90, 120
30, 100, 119
38, 110, 113
['yes' 'no' 'yes' 'no' 'yes' 'yes' 'yes' 'yes' 'no' 'yes']
['no' 'no' 'no' 'yes' 'no' 'no' 'no' 'yes' 'no' 'no']
38, 110, 113
41, 120, 111
46, 130, 106
50, 140, 111
54, 150, 106
61, 160, 98
['yes' 'yes' 'yes' 'yes' 'yes' 'yes' 'yes' 'yes' 'no' 'no']
['no' 'no' 'no' 'no' 'no' 'no' 'yes' 'no' 'yes' 'yes']
64, 160, 98
69, 170, 125
72, 180, 112
75, 190, 114
79, 200, 114
81, 210, 111
['yes' 'yes' 'yes' 'yes' 'yes' 'yes' 'yes' 'yes' 'yes' 'no']
['no' 'no' 'no' 'no' 'no' 'no' 'no' 'no' 'no' 'no']
81, 210, 111
84, 220, 108
87, 230, 108
90, 240, 108
94, 250, 107
98, 260, 110
['no' 'no' 'no' 'yes' 'yes' 'yes' 'yes' 'yes' 'yes' 'yes']
['yes' 'no' 'no' 'no' 'no' 'yes' 'no' 'no' 'no' 'no']
97, 260, 110
101, 270, 116
101, 280, 127
102, 290, 121
104, 300, 118
105, 310, 119
['yes' 'yes' 'yes' 'yes' 'yes' 'yes' 'no' 'yes' 'no' 'yes']
['no' 'no' 'no' 'no' 'no' 'no' 'no' 'no' 'no' 'no']
104, 310, 119
105, 320, 116
105, 330, 117
107, 340, 117
108, 350, 123
108, 360, 122
['no' 'no' 'yes' 'yes' 'yes' 'yes' 'yes' 'no' 'no' 'yes']
['no' 'no' 'no' 'no' 'no' 'no' 'no' 'no' 'no' 'no']
104, 360, 122
105, 370, 116
105, 380, 118
106, 390, 118
106, 400, 118
106, 410, 116
['no' 'yes' 'no' 'yes' 'yes' 'no' 'yes' 'yes' 'yes' 'yes']
['no' 'no' 'no' 'no' 'no' 'no' 'no' 'no' 'no' 'no']
104, 410, 116
106, 420, 111
107, 430, 114
107, 440, 115
107, 450, 118
108, 460, 116
['no' 'no' 'no' 'no' 'yes' 'yes' 'yes' 'yes' 'no' 'yes']
['yes' 'no' 'no' 'no' 'no' 'no' 'no' 'no' 'no' 'no']
107, 460, 116
108, 470, 116
110, 480, 117
110, 490, 119
113, 500, 118
115, 510, 123
['no' 'no' 'no' 'no' 'no' 'no' 'no' 'no' 'yes' 'no']
['no' 'no' 'no' 'no' 'no' 'no' 'no' 'no' 'no' 'no']
108, 510, 123
['no' 'yes' 'yes' 'no' 'no' 'yes' 'yes' 'yes' 'no' 'yes']
['yes' 'no' 'no' 'no' 'no' 'no' 'no' 'no' 'no' 'no']
{'count': 753, 'truepos': 100, 'falseneg': 1, 'unknownyes': 5, 'falsepos': 6, 'unique': 510}
5: Hall.csv: machine3: 0, 0
8, 10
8, 20, 122
9, 30, 112
14, 40, 108
18, 50, 106
21, 60, 110
null
['no' 'no']
21, 60, 110
23, 70, 115
26, 80, 107
29, 90, 122
33, 100, 115
41, 110, 92
null
['no' 'no' 'no' 'no' 'no' 'no' 'no' 'no' 'no' 'no']
41, 110, 92
47, 120, 92
52, 130, 100
54, 140, 98
55, 150, 97
63, 160, 89
null
['no' 'no' 'no' 'no' 'no' 'no' 'no' 'no' 'no' 'no']
63, 160, 89
67, 170, 100
68, 180, 105
70, 190, 107
72, 200, 102
74, 210, 95
null
['no' 'yes' 'no' 'no' 'no' 'yes' 'no' 'no' 'no' 'yes']
76, 210, 95
77, 220, 99
83, 230, 97
84, 240, 107
87, 250, 105
89, 260, 103
null
['no' 'no' 'no' 'no' 'no' 'no' 'yes' 'no' 'yes' 'no']
91, 260, 103
92, 270, 109
93, 280, 111
94, 290, 110
94, 300, 117
94, 310, 110
null
['no' 'no' 'no' 'no' 'no' 'no' 'no' 'no' 'no' 'no']
94, 310, 110
94, 320, 108
94, 330, 106
97, 340, 105
97, 350, 120
98, 360, 109
null
['no' 'no' 'no' 'yes' 'no' 'no' 'no' 'no' 'no' 'no']
99, 360, 109
99, 370, 110
100, 380, 111
102, 390, 113
103, 400, 113
104, 410, 114
null
['no' 'no' 'yes' 'yes' 'no' 'no' 'no' 'no' 'no' 'no']
105, 410, 114
106, 420, 115
106, 430, 120
106, 440, 116
107, 450, 114
107, 460, 116
null
['no' 'no' 'no' 'no' 'no' 'no' 'no' 'no' 'no' 'no']
107, 460, 116
107, 470, 115
107, 480, 119
108, 490, 116
108, 500, 119
108, 510, 116
null
['no' 'no' 'no' 'no' 'no' 'no' 'no' 'no' 'no' 'no']
108, 510, 116
108, 520, 117
109, 530, 115
109, 540, 120
109, 550, 118
110, 560, 117
null
['no' 'no' 'no' 'no' 'no' 'no' 'no' 'no' 'no' 'no']
110, 560, 117
110, 570, 117
111, 580, 118
111, 590, 118
111, 600, 118
111, 610, 118
null
['no' 'no' 'no' 'no' 'no' 'no' 'yes' 'no' 'no' 'no']
112, 610, 118
112, 620, 119
113, 630, 120
113, 640, 121
113, 650, 121
113, 660, 120
null
['no' 'no' 'no' 'no' 'no' 'no' 'no' 'no' 'no' 'no']
113, 660, 120
114, 670, 120
114, 680, 122
null
['no' 'no' 'no' 'no' 'no' 'no' 'no' 'no' 'no' 'no']
{'count': 1042, 'truepos': 97, 'falseneg': 5, 'unknownyes': 4, 'falsepos': 17, 'unique': 680}
5: Wahono.csv: none: 0, 0
6, 10
9, 20, 99
9, 30, 111
11, 40, 103
12, 50, 106
16, 60, 97
17, 70, 101
20, 80, 83
22, 90, 78
26, 100, 73
27, 110, 81
27, 120, 70
29, 130, 62
29, 140, 60
34, 150, 55
35, 160, 57
35, 170, 58
37, 180, 56
38, 190, 61
40, 200, 61
41, 210, 67
41, 220, 67
43, 230, 63
47, 240, 68
48, 250, 78
53, 260, 72
55, 270, 82
57, 280, 90
59, 290, 87
62, 300, 99
62, 310, 102
64, 320, 93
66, 330, 103
68, 340, 102
69, 350, 105
71, 360, 112
73, 370, 116
74, 380, 124
75, 390, 129
77, 400, 115
79, 410, 121
80, 420, 124
81, 430, 124
82, 440, 117
82, 450, 130
83, 460, 124
85, 470, 134
85, 480, 127
85, 490, 118
87, 500, 115
88, 510, 123
90, 520, 119
91, 530, 129
92, 540, 131
92, 550, 128
93, 560, 124
94, 570, 120
94, 580, 121
95, 590, 120
95, 600, 120
98, 610, 124
100, 620, 125
100, 630, 126
100, 640, 130
100, 650, 128
101, 660, 128
103, 670, 132
103, 680, 127
106, 690, 137
106, 700, 133
106, 710, 130
107, 720, 134
107, 730, 136
108, 740, 137
112, 750, 131
113, 760, 140
113, 770, 142
113, 780, 137
113, 790, 139
114, 800, 139
117, 810, 137
118, 820, 138
118, 830, 141
122, 840, 142
123, 850, 154
124, 860, 148
125, 870, 154
126, 880, 162
127, 890, 155
128, 900, 154
129, 910, 157
131, 920, 158
132, 930, 157
132, 940, 161
133, 950, 164
134, 960, 158
136, 970, 158
136, 980, 168
136, 990, 168
137, 1000, 160
137, 1010, 162
138, 1020, 168
138, 1030, 165
139, 1040, 160
139, 1050, 163
139, 1060, 165
139, 1070, 159
139, 1080, 160
141, 1090, 167
142, 1100, 167
142, 1110, 161
143, 1120, 172
144, 1130, 166
145, 1140, 169
147, 1150, 176
147, 1160, 180
147, 1170, 176
148, 1180, 175
148, 1190, 187
149, 1200, 181
151, 1210, 172
153, 1220, 177
153, 1230, 180
155, 1240, 177
156, 1250, 196
157, 1260, 186
158, 1270, 186
159, 1280, 181
162, 1290, 182
162, 1300, 193
162, 1310, 188
164, 1320, 184
165, 1330, 191
166, 1340, 189
167, 1350, 190
167, 1360, 197
168, 1370, 195
169, 1380, 190
169, 1390, 194
170, 1400, 196
171, 1410, 197
173, 1420, 197
173, 1430, 201
174, 1440, 199
176, 1450, 197
176, 1460, 200
179, 1470, 203
180, 1480, 201
181, 1490, 205
182, 1500, 209
183, 1510, 210
185, 1520, 207
185, 1530, 213
188, 1540, 208
189, 1550, 218
189, 1560, 214
190, 1570, 213
190, 1580, 216
191, 1590, 215
192, 1600, 214
193, 1610, 217
194, 1620, 214
195, 1630, 218
196, 1640, 219
197, 1650, 223
199, 1660, 223
199, 1670, 225
199, 1680, 230
200, 1690, 228
204, 1700, 230
206, 1710, 234
208, 1720, 243
208, 1730, 241
208, 1740, 240
209, 1750, 239
210, 1760, 240
212, 1770, 242
214, 1780, 242
216, 1790, 247
216, 1800, 249
216, 1810, 246
216, 1820, 249
216, 1830, 248
216, 1840, 247
219, 1850, 246
219, 1860, 247
220, 1870, 247
221, 1880, 248
221, 1890, 249
223, 1900, 251
223, 1910, 255
223, 1920, 251
225, 1930, 251
228, 1940, 255
230, 1950, 258
231, 1960, 256
231, 1970, 262
232, 1980, 260
234, 1990, 264
234, 2000, 263
237, 2010, 263
238, 2020, 267
239, 2030, 263
240, 2040, 267
240, 2050, 267
243, 2060, 267
244, 2070, 273
245, 2080, 270
245, 2090, 276
245, 2100, 277
246, 2110, 273
246, 2120, 272
248, 2130, 271
248, 2140, 272
249, 2150, 273
250, 2160, 277
250, 2170, 275
251, 2180, 276
252, 2190, 276
253, 2200, 277
253, 2210, 280
253, 2220, 276
253, 2230, 275
254, 2240, 276
255, 2250, 280
255, 2260, 281
258, 2270, 282
258, 2280, 287
258, 2290, 284
258, 2300, 287
259, 2310, 282
259, 2320, 283
259, 2330, 284
259, 2340, 285
260, 2350, 283
261, 2360, 282
261, 2370, 285
265, 2380, 289
265, 2390, 299
266, 2400, 298
266, 2410, 300
267, 2420, 295
270, 2430, 296
273, 2440, 301
274, 2450, 300
275, 2460, 303
276, 2470, 304
277, 2480, 306
278, 2490, 311
279, 2500, 310
282, 2510, 310
284, 2520, 313
284, 2530, 315
285, 2540, 316
285, 2550, 311
286, 2560, 313
287, 2570, 315
288, 2580, 319
289, 2590, 320
290, 2600, 322
290, 2610, 323
290, 2620, 323
291, 2630, 325
291, 2640, 322
293, 2650, 323
293, 2660, 323
295, 2670, 325
295, 2680, 329
295, 2690, 323
296, 2700, 326
297, 2710, 325
298, 2720, 322
299, 2730, 328
300, 2740, 332
301, 2750, 328
303, 2760, 330
305, 2770, 331
306, 2780, 336
306, 2790, 333
307, 2800, 335
309, 2810, 336
309, 2820, 336
310, 2830, 334
310, 2840, 335
310, 2850, 336
312, 2860, 338
314, 2870, 337
314, 2880, 338
314, 2890, 339
315, 2900, 336
315, 2910, 345
315, 2920, 337
316, 2930, 337
317, 2940, 341
318, 2950, 342
320, 2960, 341
320, 2970, 346
321, 2980, 345
323, 2990, 347
323, 3000, 352
324, 3010, 349
325, 3020, 352
326, 3030, 354
326, 3040, 354
326, 3050, 351
326, 3060, 354
328, 3070, 352
329, 3080, 357
332, 3090, 354
332, 3100, 359
332, 3110, 362
333, 3120, 361
334, 3130, 362
336, 3140, 362
337, 3150, 365
338, 3160, 365
338, 3170, 364
339, 3180, 364
340, 3190, 367
342, 3200, 368
343, 3210, 369
344, 3220, 371
346, 3230, 369
346, 3240, 373
349, 3250, 370
349, 3260, 371
350, 3270, 373
352, 3280, 375
352, 3290, 379
353, 3300, 376
354, 3310, 377
354, 3320, 377
354, 3330, 376
355, 3340, 381
355, 3350, 379
357, 3360, 381
357, 3370, 383
359, 3380, 384
359, 3390, 385
359, 3400, 380
360, 3410, 382
361, 3420, 384
364, 3430, 385
365, 3440, 386
367, 3450, 391
368, 3460, 395
368, 3470, 398
369, 3480, 393
370, 3490, 393
372, 3500, 397
374, 3510, 399
375, 3520, 402
376, 3530, 400
379, 3540, 403
379, 3550, 408
380, 3560, 404
380, 3570, 406
380, 3580, 406
382, 3590, 404
383, 3600, 409
383, 3610, 408
384, 3620, 408
386, 3630, 407
388, 3640, 410
388, 3650, 414
388, 3660, 413
390, 3670, 412
390, 3680, 416
391, 3690, 414
392, 3700, 416
392, 3710, 417
392, 3720, 415
393, 3730, 414
{'count': 3730, 'truepos': 52, 'falseneg': 8, 'unknownyes': 2, 'falsepos': 341, 'unique': 3730}
5: Wahono.csv: three: 0, 0
6, 10
7, 20, 102
9, 30, 99
11, 40, 107
11, 50, 98
13, 60, 70
14, 70, 63
19, 80, 56
20, 90, 59
23, 100, 55
24, 110, 59
25, 120, 56
25, 130, 55
27, 140, 52
29, 150, 54
29, 160, 59
30, 170, 55
31, 180, 51
35, 190, 49
39, 200, 68
42, 210, 74
44, 220, 74
44, 230, 77
46, 240, 78
47, 250, 72
48, 260, 80
48, 270, 71
49, 280, 71
49, 290, 72
49, 300, 73
50, 310, 67
53, 320, 66
53, 330, 83
54, 340, 72
54, 350, 77
54, 360, 70
54, 370, 75
55, 380, 70
55, 390, 74
55, 400, 72
55, 410, 75
55, 420, 67
56, 430, 70
57, 440, 68
60, 450, 70
61, 460, 75
61, 470, 75
61, 480, 73
61, 490, 73
62, 500, 73
62, 510, 75
62, 520, 71
63, 530, 73
63, 540, 73
63, 550, 74
64, 560, 72
64, 570, 75
64, 580, 72
67, 590, 74
67, 600, 81
69, 610, 78
70, 620, 80
71, 630, 84
71, 640, 83
72, 650, 82
73, 660, 85
74, 670, 85
74, 680, 90
74, 690, 88
75, 700, 87
75, 710, 87
75, 720, 90
77, 730, 87
78, 740, 90
78, 750, 91
78, 760, 92
78, 770, 91
78, 780, 91
78, 790, 90
78, 800, 92
78, 810, 91
78, 820, 89
79, 830, 89
80, 840, 94
80, 850, 95
80, 860, 90
80, 870, 90
80, 880, 89
82, 890, 90
83, 900, 94
83, 910, 93
83, 920, 92
83, 930, 93
83, 940, 91
83, 950, 95
83, 960, 94
84, 970, 91
84, 980, 93
84, 990, 95
84, 1000, 94
84, 1010, 94
84, 1020, 92
85, 1030, 93
85, 1040, 96
85, 1050, 92
85, 1060, 93
85, 1070, 93
85, 1080, 93
85, 1090, 94
85, 1100, 92
85, 1110, 91
85, 1120, 92
85, 1130, 94
86, 1140, 91
86, 1150, 96
86, 1160, 93
86, 1170, 94
86, 1180, 92
86, 1190, 94
86, 1200, 93
88, 1210, 93
88, 1220, 95
88, 1230, 95
89, 1240, 94
89, 1250, 95
89, 1260, 94
89, 1270, 96
89, 1280, 96
90, 1290, 97
90, 1300, 96
91, 1310, 97
91, 1320, 97
91, 1330, 98
91, 1340, 97
91, 1350, 98
92, 1360, 97
92, 1370, 98
92, 1380, 98
92, 1390, 97
92, 1400, 98
92, 1410, 97
92, 1420, 98
92, 1430, 98
92, 1440, 98
92, 1450, 97
93, 1460, 98
94, 1470, 99
95, 1480, 100
95, 1490, 101
{'count': 3257, 'truepos': 59, 'falseneg': 0, 'unknownyes': 3, 'falsepos': 36, 'unique': 1490}
5: Wahono.csv: machine: 0, 0
6, 10
7, 20, 102
9, 30, 98
10, 40, 95
13, 50, 94
14, 60, 101
['no' 'yes' 'yes' 'yes' 'no' 'yes' 'no' 'no' 'no' 'yes']
[]
8, 60, 101
12, 70, 58
13, 80, 60
14, 90, 55
15, 100, 51
17, 110, 45
['no' 'yes' 'yes' 'yes' 'yes' 'yes' 'yes' 'yes' 'yes' 'yes']
[]
15, 110, 45
17, 120, 42
19, 130, 48
20, 140, 47
22, 150, 46
26, 160, 47
['yes' 'yes' 'yes' 'yes' 'yes' 'yes' 'yes' 'yes' 'yes' 'no']
[]
25, 160, 47
28, 170, 53
29, 180, 55
31, 190, 52
31, 200, 55
33, 210, 57
['no' 'yes' 'no' 'yes' 'yes' 'yes' 'no' 'yes' 'yes' 'yes']
['no' 'no' 'no' 'no' 'no' 'no' 'no' 'no' 'no' 'no']
29, 210, 57
30, 220, 52
32, 230, 53
33, 240, 55
34, 250, 55
37, 260, 62
['yes' 'no' 'no' 'no' 'yes' 'no' 'no' 'no' 'yes' 'yes']
['no' 'no' 'no' 'no' 'no' 'no' 'no' 'no' 'no' 'no']
33, 260, 62
33, 270, 48
34, 280, 51
37, 290, 54
39, 300, 61
39, 310, 65
['no' 'no' 'yes' 'no' 'no' 'no' 'no' 'no']
['no' 'no' 'no' 'no' 'no' 'no' 'no' 'no' 'no' 'no']
32, 310, 65
34, 320, 46
39, 330, 48
41, 340, 65
43, 350, 63
44, 360, 64
['no' 'yes' 'no' 'no' 'no' 'yes' 'yes' 'yes' 'no' 'no']
['no' 'no' 'no' 'no' 'no' 'no' 'no' 'no' 'no' 'no']
41, 360, 64
43, 370, 58
44, 380, 62
44, 390, 62
44, 400, 61
44, 410, 60
['yes' 'no' 'yes' 'no' 'yes' 'no']
['no' 'no' 'no' 'no' 'no' 'no' 'no' 'no' 'no' 'no']
42, 410, 60
42, 420, 56
42, 430, 56
43, 440, 55
45, 450, 56
45, 460, 62
['no' 'no' 'yes']
['no' 'yes' 'no' 'no' 'yes' 'no' 'no' 'no' 'no' 'yes']
48, 460, 62
48, 470, 58
48, 480, 59
51, 490, 57
51, 500, 62
53, 510, 62
['no' 'no' 'no' 'yes' 'no' 'no' 'yes' 'no' 'yes']
['yes' 'no' 'no' 'no' 'no' 'no' 'no' 'no' 'no' 'no']
47, 510, 62
47, 520, 57
50, 530, 57
50, 540, 60
51, 550, 65
53, 560, 63
['yes' 'no' 'no' 'no' 'no' 'no']
['no' 'no' 'no' 'no' 'no' 'no' 'no' 'no' 'no' 'no']
51, 560, 63
52, 570, 62
56, 580, 63
57, 590, 70
60, 600, 72
61, 610, 82
['no' 'no' 'no' 'no' 'no' 'no' 'no' 'no' 'no' 'no']
['no' 'no' 'no' 'no' 'no' 'no' 'no' 'no' 'no' 'no']
51, 610, 82
51, 620, 61
52, 630, 61
53, 640, 65
54, 650, 63
56, 660, 65
['yes' 'no' 'no' 'no' 'no' 'no']
['no' 'no' 'no' 'no' 'no' 'no' 'no' 'no' 'no' 'yes']
55, 660, 65
57, 670, 64
57, 680, 66
58, 690, 67
58, 700, 68
58, 710, 68
['no' 'yes' 'no' 'yes' 'no' 'no']
['no' 'no' 'no' 'no' 'no' 'no' 'no' 'no' 'no' 'no']
55, 710, 68
56, 720, 65
56, 730, 66
57, 740, 64
59, 750, 66
59, 760, 71
['no' 'no' 'no' 'no' 'no']
['no' 'no' 'no' 'no' 'no' 'no' 'no' 'no' 'no' 'no']
55, 760, 71
56, 770, 62
58, 780, 65
60, 790, 67
60, 800, 66
62, 810, 70
['no' 'no' 'no' 'no' 'no' 'no' 'no']
['no' 'no' 'no' 'no' 'no' 'no' 'no' 'no' 'no' 'no']
55, 810, 70
57, 820, 60
59, 830, 65
60, 840, 67
63, 850, 70
63, 860, 72
['no' 'yes' 'no' 'yes' 'no' 'no' 'no' 'no']
['no' 'no' 'no' 'no' 'no' 'no' 'no' 'no' 'no' 'no']
58, 860, 72
59, 870, 63
60, 880, 66
61, 890, 69
61, 900, 68
61, 910, 67
['no' 'no' 'yes']
['no' 'no' 'no' 'no' 'no' 'no' 'no' 'no' 'no' 'no']
62, 910, 67
63, 920, 67
64, 930, 69
64, 940, 70
64, 950, 71
66, 960, 71
['no' 'yes' 'no' 'no' 'no' 'no']
['no' 'no' 'no' 'no' 'no' 'no' 'no' 'no' 'no' 'no']
64, 960, 71
65, 970, 69
65, 980, 70
65, 990, 71
67, 1000, 70
68, 1010, 73
['no' 'no' 'no' 'no' 'no' 'no']
['no' 'no' 'no' 'no' 'no' 'no' 'no' 'no' 'no' 'no']
67, 1010, 73
68, 1020, 73
69, 1030, 74
70, 1040, 76
71, 1050, 77
73, 1060, 78
['no' 'no' 'no' 'no' 'no' 'no' 'no' 'no']
['no' 'no' 'no' 'no' 'no' 'no' 'no' 'no' 'yes' 'no']
68, 1060, 78
71, 1070, 73
73, 1080, 77
74, 1090, 80
74, 1100, 83
76, 1110, 82
['no' 'no' 'no' 'yes' 'no' 'no' 'no' 'no' 'yes']
['no' 'no' 'no' 'no' 'no' 'no' 'no' 'no' 'no' 'no']
72, 1110, 82
73, 1120, 80
75, 1130, 80
76, 1140, 82
76, 1150, 85
76, 1160, 85
['no' 'no' 'no' 'no' 'no']
['no' 'no' 'no' 'no' 'no' 'no' 'no' 'no' 'yes' 'no']
74, 1160, 85
75, 1170, 80
76, 1180, 82
79, 1190, 83
81, 1200, 85
85, 1210, 89
['no' 'no' 'no' 'no' 'no' 'no' 'no' 'no' 'yes' 'no']
['no' 'no' 'no' 'no' 'no' 'no' 'no' 'no' 'no' 'no']
['no' 'yes' 'no' 'no' 'no' 'no' 'no' 'no' 'no' 'no']
['no' 'no' 'no' 'no' 'no' 'no' 'no' 'no' 'no' 'no']
{'count': 1601, 'truepos': 53, 'falseneg': 4, 'unknownyes': 5, 'falsepos': 26, 'unique': 1210}
5: Wahono.csv: machine2: 0, 0
7, 10
11, 20, 104
14, 30, 108
14, 40, 117
17, 50, 113
18, 60, 117
['yes' 'yes' 'yes' 'no' 'no' 'yes' 'yes' 'no' 'no' 'no']
[]
12, 60, 117
17, 70, 79
18, 80, 87
21, 90, 74
23, 100, 82
25, 110, 69
['no' 'yes' 'no' 'yes' 'no' 'no' 'no' 'yes' 'yes' 'yes']
[]
20, 110, 69
21, 120, 55
24, 130, 56
27, 140, 57
28, 150, 59
32, 160, 57
['yes' 'no' 'yes' 'no' 'yes' 'no' 'no' 'no' 'yes' 'no']
['no' 'no' 'no' 'no' 'no' 'no' 'no' 'no' 'yes' 'no']
26, 160, 57
28, 170, 52
29, 180, 53
31, 190, 52
36, 200, 60
39, 210, 66
['no' 'yes' 'no' 'yes' 'no' 'yes' 'yes' 'no' 'yes' 'yes']
['no' 'no' 'no' 'no' 'no' 'no' 'no' 'no' 'no' 'no']
38, 210, 66
41, 220, 66
45, 230, 67
46, 240, 76
46, 250, 76
47, 260, 69
['no' 'yes' 'no' 'yes' 'no' 'yes' 'no' 'yes' 'yes' 'no']
['no' 'no' 'no' 'no' 'no' 'no' 'no' 'yes' 'no' 'no']
45, 260, 69
48, 270, 65
49, 280, 70
50, 290, 65
50, 300, 68
50, 310, 68
['yes' 'yes' 'no' 'yes' 'yes' 'no' 'yes' 'yes' 'no' 'yes']
['no' 'no' 'no' 'no' 'no' 'no' 'no' 'no' 'no' 'no']
48, 310, 68
51, 320, 61
54, 330, 67
55, 340, 77
56, 350, 79
57, 360, 76
['no' 'no' 'no' 'yes' 'yes' 'yes' 'yes' 'no' 'no' 'no']
['no' 'no' 'no' 'no' 'no' 'no' 'no' 'no' 'no' 'no']
53, 360, 76
54, 370, 67
56, 380, 67
57, 390, 68
58, 400, 70
59, 410, 71
['no' 'yes' 'no' 'no' 'yes' 'no' 'yes' 'no' 'yes' 'yes']
['no' 'no' 'no' 'no' 'no' 'no' 'no' 'no' 'no' 'no']
55, 410, 71
56, 420, 66
56, 430, 65
57, 440, 65
57, 450, 68
57, 460, 66
['no' 'yes' 'no' 'yes' 'no' 'yes' 'no' 'yes' 'yes' 'yes']
['no' 'no' 'no' 'no' 'no' 'no' 'no' 'no' 'no' 'no']
53, 460, 66
53, 470, 62
54, 480, 61
54, 490, 64
55, 500, 64
57, 510, 64
['no' 'no' 'yes' 'no' 'yes' 'no' 'no' 'yes' 'no']
['no' 'no' 'no' 'no' 'no' 'no' 'no' 'no' 'no' 'no']
52, 510, 64
53, 520, 63
55, 530, 61
56, 540, 66
56, 550, 64
57, 560, 66
['no' 'no' 'no' 'yes' 'no' 'no']
['no' 'no' 'no' 'no' 'no' 'no' 'no' 'no' 'no' 'no']
52, 560, 66
53, 570, 60
54, 580, 63
57, 590, 64
58, 600, 69
58, 610, 79
['no' 'no' 'no' 'no' 'no' 'no']
['no' 'no' 'no' 'no' 'no' 'no' 'no' 'no' 'no' 'no']
56, 610, 79
57, 620, 66
58, 630, 68
60, 640, 70
61, 650, 70
61, 660, 71
['no' 'no' 'no' 'no' 'no' 'no']
['no' 'no' 'no' 'no' 'no' 'no' 'no' 'no' 'no' 'no']
56, 660, 71
57, 670, 64
58, 680, 65
61, 690, 67
64, 700, 71
67, 710, 76
['no' 'no' 'yes' 'no' 'no' 'no' 'no' 'no' 'no' 'no']
['no' 'no' 'no' 'no' 'no' 'no' 'no' 'no' 'no' 'no']
63, 710, 76
64, 720, 75
66, 730, 76
67, 740, 78
69, 750, 79
69, 760, 82
['yes' 'no' 'no' 'yes' 'yes' 'yes' 'no' 'no' 'no' 'no']
['no' 'no' 'no' 'no' 'no' 'no' 'no' 'no' 'no' 'no']
65, 760, 82
65, 770, 78
66, 780, 76
67, 790, 80
68, 800, 80
69, 810, 80
['no' 'no' 'no' 'no']
['no' 'no' 'no' 'no' 'no' 'no' 'no' 'no' 'no' 'no']
66, 810, 80
66, 820, 77
68, 830, 76
68, 840, 80
68, 850, 79
68, 860, 79
['no' 'no' 'no']
['no' 'no' 'no' 'no' 'no' 'no' 'no' 'no' 'no' 'no']
65, 860, 79
65, 870, 72
66, 880, 73
67, 890, 74
68, 900, 77
70, 910, 78
['no' 'no' 'yes' 'no' 'no']
['no' 'no' 'no' 'no' 'no' 'no' 'no' 'no' 'no' 'no']
68, 910, 78
68, 920, 75
71, 930, 76
71, 940, 80
73, 950, 80
73, 960, 81
['no' 'no' 'no' 'no' 'no' 'no' 'no']
['no' 'no' 'no' 'no' 'no' 'no' 'no' 'no' 'no' 'no']
70, 960, 81
70, 970, 77
70, 980, 78
71, 990, 76
71, 1000, 78
72, 1010, 78
['no' 'no' 'yes' 'no' 'no']
['no' 'no' 'no' 'no' 'no' 'no' 'no' 'no' 'no' 'no']
71, 1010, 78
71, 1020, 79
71, 1030, 79
72, 1040, 78
73, 1050, 80
75, 1060, 81
['no' 'no' 'no' 'no' 'no' 'no']
['no' 'no' 'no' 'no' 'no' 'no' 'no' 'no' 'no' 'no']
73, 1060, 81
74, 1070, 80
77, 1080, 80
79, 1090, 86
79, 1100, 89
81, 1110, 89
['no' 'no' 'no' 'no' 'no' 'no' 'no' 'no' 'no' 'no']
['no' 'no' 'no' 'no' 'no' 'no' 'no' 'no' 'no' 'no']
76, 1110, 89
76, 1120, 84
78, 1130, 85
79, 1140, 88
79, 1150, 88
80, 1160, 88
['no' 'no' 'no' 'no' 'no' 'no' 'no' 'no' 'no']
['no' 'no' 'no' 'no' 'no' 'no' 'no' 'no' 'no' 'no']
73, 1160, 88
73, 1170, 80
73, 1180, 79
73, 1190, 79
74, 1200, 81
76, 1210, 82
['no' 'no' 'no']
['no' 'no' 'no' 'no' 'no' 'no' 'no' 'no' 'no' 'no']
74, 1210, 82
75, 1220, 81
76, 1230, 83
77, 1240, 84
77, 1250, 85
77, 1260, 88
['no' 'no' 'no']
['no' 'no' 'no' 'no' 'no' 'no' 'no' 'no' 'no' 'no']
75, 1260, 88
75, 1270, 83
77, 1280, 83
78, 1290, 88
78, 1300, 90
79, 1310, 89
['no' 'no' 'no' 'no']
['no' 'no' 'no' 'no' 'no' 'no' 'no' 'no' 'no' 'no']
78, 1310, 89
80, 1320, 87
82, 1330, 91
82, 1340, 93
84, 1350, 94
86, 1360, 95
['no' 'no' 'no' 'no' 'no' 'no' 'no' 'no' 'no' 'no']
['no' 'no' 'no' 'no' 'no' 'no' 'no' 'no' 'no' 'no']
80, 1360, 95
82, 1370, 91
82, 1380, 92
83, 1390, 92
83, 1400, 93
84, 1410, 94
['no' 'no' 'no' 'no' 'no' 'no']
['no' 'no' 'no' 'no' 'no' 'no' 'no' 'no' 'no' 'no']
80, 1410, 94
80, 1420, 86
81, 1430, 87
81, 1440, 89
84, 1450, 88
86, 1460, 92
['no' 'no' 'no' 'no' 'no' 'no' 'no']
['no' 'no' 'no' 'no' 'no' 'no' 'no' 'no' 'no' 'no']
80, 1460, 92
83, 1470, 87
83, 1480, 90
83, 1490, 89
87, 1500, 88
87, 1510, 96
['no' 'no' 'no' 'no' 'no' 'no' 'no']
['no' 'no' 'no' 'no' 'no' 'no' 'no' 'no' 'no' 'no']
83, 1510, 96
88, 1520, 89
89, 1530, 96
90, 1540, 96
91, 1550, 98
91, 1560, 99
['no' 'no' 'no' 'no' 'no' 'no' 'no' 'no' 'no']
['no' 'no' 'no' 'no' 'no' 'no' 'no' 'no' 'no' 'no']
84, 1560, 99
84, 1570, 90
84, 1580, 90
86, 1590, 90
87, 1600, 92
88, 1610, 93
['no' 'no' 'no' 'no' 'no']
['no' 'no' 'no' 'no' 'no' 'no' 'no' 'no' 'no' 'no']
87, 1610, 93
88, 1620, 94
89, 1630, 94
90, 1640, 96
90, 1650, 97
91, 1660, 97
['no' 'no' 'no' 'no' 'no']
['no' 'no' 'no' 'no' 'no' 'no' 'no' 'no' 'no' 'no']
87, 1660, 97
87, 1670, 93
88, 1680, 93
90, 1690, 94
92, 1700, 97
93, 1710, 98
['no' 'no' 'no' 'no' 'no' 'no' 'no']
['no' 'no' 'no' 'no' 'no' 'no' 'no' 'no' 'no' 'no']
87, 1710, 98
88, 1720, 93
89, 1730, 94
89, 1740, 97
90, 1750, 96
90, 1760, 96
['no' 'no' 'no' 'no']
['no' 'no' 'no' 'no' 'no' 'no' 'no' 'no' 'no' 'no']
91, 1760, 96
93, 1770, 96
93, 1780, 99
96, 1790, 99
99, 1800, 104
101, 1810, 106
['no' 'no' 'no' 'no' 'no' 'no' 'no' 'no' 'no' 'no']
['no' 'no' 'no' 'no' 'no' 'no' 'no' 'no' 'no' 'no']
['no' 'no' 'no' 'no' 'no' 'no' 'no' 'no' 'no' 'no']
['no' 'no' 'no' 'no' 'no' 'no' 'no' 'no' 'no' 'no']
{'count': 2572, 'truepos': 56, 'falseneg': 4, 'unknownyes': 2, 'falsepos': 38, 'unique': 1810}
5: Wahono.csv: machine3: 0, 0
5, 10
5, 20, 94
7, 30, 87
12, 40, 81
13, 50, 99
16, 60, 74
null
['no']
16, 60, 74
17, 70, 61
17, 80, 57
19, 90, 48
20, 100, 51
21, 110, 48
null
['no' 'no']
21, 110, 48
23, 120, 46
24, 130, 51
24, 140, 51
25, 150, 47
25, 160, 49
null
[]
25, 170, 47
26, 180, 46
26, 190, 47
28, 200, 46
31, 210, 49
33, 220, 58
null
['no' 'no' 'no' 'no' 'no' 'no' 'no' 'no' 'no' 'no']
33, 220, 58
35, 230, 68
37, 240, 58
39, 250, 72
41, 260, 71
41, 270, 76
null
['no' 'no' 'no' 'no' 'no' 'no' 'no' 'no' 'no' 'yes']
42, 270, 76
43, 280, 65
43, 290, 72
43, 300, 70
43, 310, 63
43, 320, 67
null
['no' 'no' 'yes' 'no' 'no' 'yes' 'no' 'no' 'no' 'no']
44, 320, 67
45, 330, 63
45, 340, 66
47, 350, 63
47, 360, 68
48, 370, 69
null
['no' 'no' 'no' 'no' 'no' 'no' 'no' 'no' 'no' 'yes']
49, 370, 69
50, 380, 65
50, 390, 71
51, 400, 67
52, 410, 73
52, 420, 69
null
['no' 'no' 'yes' 'no' 'no' 'no' 'no' 'no' 'no' 'no']
53, 420, 69
54, 430, 67
54, 440, 74
54, 450, 71
56, 460, 72
56, 470, 72
null
['no' 'no' 'no' 'no' 'no' 'no' 'no' 'no' 'no' 'no']
56, 470, 72
57, 480, 74
58, 490, 76
58, 500, 81
58, 510, 78
59, 520, 71
null
['no' 'no' 'no' 'no' 'no' 'no' 'no' 'no' 'no' 'no']
59, 520, 71
60, 530, 75
60, 540, 82
61, 550, 84
61, 560, 83
61, 570, 81
null
['no' 'no' 'no' 'no' 'no' 'no' 'no' 'no' 'no' 'no']
61, 570, 81
61, 580, 79
61, 590, 79
61, 600, 81
62, 610, 81
63, 620, 82
null
['no' 'no' 'no' 'no' 'no' 'no' 'no' 'no' 'no' 'no']
63, 620, 82
63, 630, 85
63, 640, 78
64, 650, 78
64, 660, 80
64, 670, 78
null
['no' 'no' 'no' 'no' 'no' 'no' 'no' 'no' 'no' 'no']
64, 670, 78
64, 680, 79
65, 690, 80
65, 700, 78
65, 710, 77
65, 720, 83
null
['no' 'no' 'no' 'no' 'no' 'no' 'no' 'no' 'no' 'no']
66, 720, 83
66, 730, 78
66, 740, 82
66, 750, 82
66, 760, 78
66, 770, 78
null
['no' 'no' 'no' 'no' 'no' 'no' 'no' 'no' 'no' 'no']
67, 770, 78
67, 780, 76
67, 790, 81
67, 800, 78
68, 810, 81
68, 820, 78
null
['no' 'no' 'no' 'no' 'no' 'no' 'no' 'no' 'no' 'no']
68, 820, 78
68, 830, 81
68, 840, 80
68, 850, 81
68, 860, 78
68, 870, 77
null
['no' 'no' 'no' 'no' 'no' 'no' 'no' 'no' 'no' 'no']
69, 870, 77
70, 880, 81
71, 890, 83
72, 900, 84
72, 910, 85
72, 920, 84
null
['no' 'no' 'no' 'no' 'no' 'no' 'no' 'no' 'no' 'no']
72, 920, 84
73, 930, 84
74, 940, 83
74, 950, 85
74, 960, 85
74, 970, 83
null
['no' 'no' 'no' 'no' 'no' 'no' 'no' 'no' 'no' 'no']
74, 970, 83
74, 980, 84
74, 990, 89
74, 1000, 84
74, 1010, 85
74, 1020, 84
null
['no' 'no' 'no' 'no' 'no' 'no' 'no' 'no' 'no' 'no']
74, 1020, 84
75, 1030, 85
75, 1040, 84
75, 1050, 85
75, 1060, 86
75, 1070, 83
null
['no' 'no' 'no' 'no' 'no' 'no' 'no' 'no' 'no' 'no']
75, 1070, 83
75, 1080, 85
76, 1090, 82
77, 1100, 86
77, 1110, 85
77, 1120, 85
null
['no' 'no' 'no' 'no' 'no' 'no' 'no' 'no' 'no' 'no']
77, 1120, 85
77, 1130, 85
79, 1140, 85
80, 1150, 88
80, 1160, 88
80, 1170, 89
null
['no' 'no' 'no' 'no' 'no' 'no' 'no' 'no' 'no' 'no']
80, 1170, 89
80, 1180, 87
80, 1190, 87
80, 1200, 88
80, 1210, 88
80, 1220, 87
null
['no' 'no' 'no' 'no' 'no' 'no' 'no' 'no' 'no' 'no']
80, 1220, 87
81, 1230, 88
81, 1240, 89
81, 1250, 88
83, 1260, 86
83, 1270, 90
null
['no' 'no' 'no' 'no' 'no' 'no' 'no' 'no' 'no' 'no']
83, 1270, 90
83, 1280, 88
85, 1290, 89
85, 1300, 90
null
['no' 'no' 'no' 'no' 'no' 'no' 'no' 'no' 'no' 'no']
{'count': 1824, 'truepos': 54, 'falseneg': 3, 'unknownyes': 5, 'falsepos': 31, 'unique': 1300}
5: Danijel.csv: none: 0, 0
3, 10
4, 20, 98
5, 30, 98
5, 40, 102
8, 50, 72
8, 60, 76
9, 70, 59
10, 80, 58
11, 90, 56
11, 100, 55
11, 110, 51
11, 120, 48
13, 130, 47
16, 140, 49
16, 150, 50
17, 160, 47
18, 170, 48
18, 180, 48
19, 190, 48
20, 200, 49
25, 210, 50
30, 220, 59
31, 230, 58
34, 240, 50
39, 250, 52
39, 260, 57
41, 270, 55
43, 280, 60
46, 290, 74
46, 300, 82
47, 310, 78
47, 320, 72
48, 330, 69
48, 340, 79
51, 350, 64
53, 360, 68
55, 370, 74
56, 380, 70
56, 390, 80
58, 400, 72
60, 410, 77
63, 420, 80
64, 430, 86
64, 440, 82
67, 450, 80
68, 460, 87
69, 470, 86
70, 480, 89
70, 490, 88
72, 500, 86
73, 510, 90
73, 520, 86
74, 530, 84
76, 540, 85
77, 550, 93
79, 560, 93
81, 570, 97
83, 580, 94
85, 590, 100
87, 600, 103
88, 610, 107
88, 620, 105
88, 630, 107
88, 640, 103
89, 650, 106
90, 660, 106
91, 670, 104
93, 680, 108
95, 690, 113
96, 700, 117
96, 710, 122
96, 720, 120
97, 730, 114
99, 740, 117
100, 750, 116
101, 760, 120
103, 770, 121
104, 780, 123
104, 790, 122
107, 800, 120
109, 810, 130
111, 820, 135
113, 830, 132
114, 840, 135
115, 850, 133
116, 860, 142
117, 870, 141
118, 880, 136
119, 890, 136
120, 900, 141
120, 910, 147
122, 920, 145
122, 930, 143
124, 940, 144
125, 950, 140
126, 960, 152
126, 970, 150
127, 980, 151
129, 990, 150
129, 1000, 150
133, 1010, 150
133, 1020, 152
134, 1030, 153
134, 1040, 150
135, 1050, 149
136, 1060, 156
138, 1070, 160
138, 1080, 161
138, 1090, 166
138, 1100, 159
138, 1110, 163
140, 1120, 158
141, 1130, 164
144, 1140, 161
144, 1150, 160
144, 1160, 163
145, 1170, 161
146, 1180, 161
147, 1190, 164
147, 1200, 167
148, 1210, 165
150, 1220, 169
152, 1230, 170
153, 1240, 172
155, 1250, 174
155, 1260, 170
155, 1270, 172
155, 1280, 171
157, 1290, 169
157, 1300, 175
158, 1310, 170
158, 1320, 172
158, 1330, 172
161, 1340, 173
162, 1350, 176
162, 1360, 173
162, 1370, 177
163, 1380, 175
163, 1390, 175
164, 1400, 176
165, 1410, 175
166, 1420, 176
166, 1430, 178
167, 1440, 178
169, 1450, 178
169, 1460, 181
170, 1470, 180
173, 1480, 181
174, 1490, 184
175, 1500, 185
175, 1510, 186
176, 1520, 185
{'count': 1520, 'truepos': 36, 'falseneg': 8, 'unknownyes': 4, 'falsepos': 140, 'unique': 1520}
5: Danijel.csv: three: 0, 0
4, 10
4, 20, 125
6, 30, 94
7, 40, 85
9, 50, 64
13, 60, 62
13, 70, 61
15, 80, 53
21, 90, 54
26, 100, 71
26, 110, 86
28, 120, 72
28, 130, 67
28, 140, 63
31, 150, 55
34, 160, 48
34, 170, 54
35, 180, 52
37, 190, 52
38, 200, 51
39, 210, 50
39, 220, 53
40, 230, 51
40, 240, 52
41, 250, 53
42, 260, 54
43, 270, 52
44, 280, 53
44, 290, 52
46, 300, 54
47, 310, 57
48, 320, 60
48, 330, 60
48, 340, 60
48, 350, 60
48, 360, 57
49, 370, 58
52, 380, 61
52, 390, 67
53, 400, 65
53, 410, 65
53, 420, 70
53, 430, 80
54, 440, 68
55, 450, 72
55, 460, 70
55, 470, 67
56, 480, 67
56, 490, 71
56, 500, 69
57, 510, 68
59, 520, 66
59, 530, 72
60, 540, 71
60, 550, 71
60, 560, 70
60, 570, 71
60, 580, 75
61, 590, 70
62, 600, 68
62, 610, 76
62, 620, 73
62, 630, 72
63, 640, 70
63, 650, 73
65, 660, 73
65, 670, 74
65, 680, 73
65, 690, 74
65, 700, 74
65, 710, 73
66, 720, 72
66, 730, 73
66, 740, 73
66, 750, 75
68, 760, 75
68, 770, 74
68, 780, 74
68, 790, 74
68, 800, 76
68, 810, 73
68, 820, 76
68, 830, 74
68, 840, 74
68, 850, 73
69, 860, 74
70, 870, 74
70, 880, 76
74, 890, 74
74, 900, 82
74, 910, 79
74, 920, 80
74, 930, 82
74, 940, 79
74, 950, 79
74, 960, 79
74, 970, 80
74, 980, 79
74, 990, 78
74, 1000, 78
74, 1010, 79
75, 1020, 78
76, 1030, 79
{'count': 2222, 'truepos': 46, 'falseneg': 0, 'unknownyes': 2, 'falsepos': 30, 'unique': 1030}
5: Danijel.csv: machine: 0, 0
5, 10
6, 20, 109
7, 30, 107
11, 40, 108
11, 50, 111
12, 60, 98
['no' 'yes' 'yes' 'yes' 'no' 'no' 'no' 'no' 'yes' 'yes']
[]
7, 60, 98
10, 70, 85
14, 80, 76
16, 90, 81
18, 100, 81
20, 110, 76
['yes' 'yes' 'yes' 'yes' 'yes' 'no' 'yes' 'no' 'yes' 'yes']
[]
18, 110, 76
19, 120, 70
21, 130, 68
24, 140, 58
24, 150, 65
26, 160, 58
['no' 'no' 'no' 'no' 'no' 'no' 'yes' 'yes' 'no' 'no']
[]
19, 160, 58
22, 170, 52
22, 180, 58
27, 190, 50
32, 200, 53
36, 210, 50
['no' 'yes' 'yes' 'no' 'yes' 'yes' 'yes' 'yes' 'no' 'yes']
['no' 'no' 'yes' 'no' 'no' 'no' 'no' 'no' 'no' 'no']
33, 210, 50
35, 220, 51
38, 230, 49
39, 240, 55
42, 250, 54
44, 260, 59
['yes' 'yes' 'yes' 'yes' 'no' 'no' 'no' 'no' 'yes' 'yes']
['no' 'no' 'no' 'no' 'no' 'no' 'no' 'no' 'no' 'no']
42, 260, 59
46, 270, 58
46, 280, 67
47, 290, 64
47, 300, 63
48, 310, 62
['no' 'no' 'yes' 'yes' 'yes' 'no' 'no' 'no' 'no' 'no']
['no' 'no' 'no' 'no' 'no' 'no' 'no' 'no' 'yes' 'no']
44, 310, 62
47, 320, 54
48, 330, 62
48, 340, 62
48, 350, 61
48, 360, 61
['yes' 'no' 'no' 'no' 'no' 'no' 'no' 'no' 'yes' 'no']
['no' 'no' 'no' 'no' 'yes' 'no' 'no' 'no' 'no' 'no']
44, 360, 61
45, 370, 53
47, 380, 53
52, 390, 55
52, 400, 63
52, 410, 60
['no' 'no' 'no' 'no' 'no' 'no' 'no' 'no' 'no' 'yes']
['no' 'no' 'no' 'no' 'yes' 'no' 'no' 'no' 'no' 'no']
47, 410, 60
47, 420, 54
50, 430, 53
51, 440, 61
56, 450, 62
57, 460, 71
['no' 'no' 'no' 'no' 'no' 'no' 'no' 'no' 'no' 'no']
['no' 'no' 'no' 'no' 'no' 'no' 'no' 'no' 'no' 'no']
48, 460, 71
48, 470, 54
49, 480, 53
49, 490, 54
50, 500, 55
51, 510, 59
['no' 'no' 'no' 'yes' 'no' 'no' 'yes' 'yes' 'yes']
['no' 'no' 'no' 'no' 'no' 'no' 'no' 'no' 'no' 'no']
46, 510, 59
50, 520, 50
52, 530, 57
54, 540, 62
54, 550, 66
56, 560, 64
['no' 'no' 'yes' 'no' 'no' 'no' 'no' 'no' 'no' 'no']
['no' 'no' 'no' 'no' 'no' 'no' 'no' 'no' 'no' 'no']
48, 560, 64
49, 570, 54
51, 580, 55
54, 590, 57
56, 600, 62
57, 610, 65
['no' 'yes' 'no' 'no' 'no' 'yes' 'no' 'no' 'no']
['no' 'no' 'no' 'no' 'no' 'no' 'no' 'no' 'no' 'no']
51, 610, 65
53, 620, 55
53, 630, 60
55, 640, 58
56, 650, 60
57, 660, 62
['yes' 'no' 'no' 'no' 'no' 'no' 'no']
['no' 'no' 'no' 'no' 'no' 'no' 'no' 'no' 'no' 'no']
55, 660, 62
56, 670, 58
57, 680, 60
57, 690, 61
['no' 'no' 'no' 'no' 'no' 'no']
['no' 'no' 'no' 'no' 'no' 'no' 'no' 'no' 'no' 'no']
{'count': 931, 'truepos': 42, 'falseneg': 2, 'unknownyes': 4, 'falsepos': 10, 'unique': 690}
5: Danijel.csv: machine2: 0, 0
5, 10
8, 20, 116
10, 30, 112
15, 40, 115
16, 50, 131
17, 60, 134
['no' 'yes' 'yes' 'yes' 'no' 'no' 'yes' 'no' 'yes' 'yes']
[]
13, 60, 134
13, 70, 115
19, 80, 91
22, 90, 90
24, 100, 79
26, 110, 84
['yes' 'no' 'yes' 'no' 'no' 'yes' 'yes' 'no' 'yes' 'yes']
[]
23, 110, 84
26, 120, 84
26, 130, 86
29, 140, 70
30, 150, 68
36, 160, 53
['no' 'yes' 'yes' 'no' 'yes' 'no' 'yes' 'no' 'no' 'yes']
['no' 'no' 'no' 'no' 'no' 'no' 'no' 'no' 'no' 'no']
33, 160, 53
36, 170, 57
38, 180, 56
41, 190, 56
41, 200, 62
43, 210, 59
['yes' 'yes' 'yes' 'yes' 'yes' 'no' 'no' 'no' 'no' 'no']
['no' 'no' 'no' 'no' 'no' 'no' 'no' 'no' 'no' 'no']
41, 210, 59
43, 220, 55
43, 230, 58
43, 240, 56
47, 250, 55
49, 260, 65
['no' 'no' 'no' 'yes' 'no' 'no' 'no' 'yes' 'no' 'no']
['no' 'no' 'no' 'no' 'no' 'no' 'no' 'no' 'no' 'no']
41, 260, 65
44, 270, 50
45, 280, 55
46, 290, 55
47, 300, 55
48, 310, 56
['no' 'yes' 'yes' 'no' 'no' 'no' 'yes' 'yes' 'no' 'yes']
['no' 'no' 'no' 'yes' 'no' 'no' 'no' 'no' 'no' 'no']
48, 310, 56
49, 320, 55
51, 330, 56
52, 340, 58
52, 350, 59
55, 360, 60
['no' 'no' 'no' 'no' 'yes' 'yes' 'no' 'no' 'yes' 'no']
['no' 'no' 'no' 'no' 'no' 'no' 'no' 'no' 'no' 'no']
51, 360, 60
53, 370, 60
55, 380, 65
56, 390, 67
57, 400, 69
58, 410, 74
['no' 'no' 'no' 'yes' 'yes' 'no' 'no' 'yes' 'no' 'yes']
['no' 'no' 'no' 'no' 'no' 'no' 'no' 'no' 'no' 'no']
56, 410, 74
57, 420, 64
60, 430, 66
62, 440, 68
62, 450, 71
64, 460, 70
['no' 'no' 'no' 'no' 'no' 'no' 'no' 'no' 'no' 'no']
['no' 'no' 'no' 'no' 'no' 'no' 'no' 'no' 'no' 'no']
57, 460, 70
57, 470, 65
58, 480, 64
60, 490, 64
62, 500, 66
64, 510, 69
['no' 'no' 'no' 'yes' 'no' 'no' 'no' 'no' 'no' 'yes']
['no' 'no' 'no' 'no' 'no' 'no' 'no' 'no' 'no' 'no']
60, 510, 69
61, 520, 68
61, 530, 72
61, 540, 67
61, 550, 68
62, 560, 68
['no' 'no' 'no' 'no' 'no' 'no' 'no' 'yes' 'no' 'yes']
['no' 'no' 'no' 'no' 'no' 'no' 'no' 'no' 'no' 'no']
54, 560, 68
54, 570, 61
55, 580, 61
55, 590, 67
56, 600, 64
56, 610, 62
['no' 'no' 'no']
['no' 'no' 'no' 'no' 'no' 'no' 'no' 'no' 'no' 'no']
56, 610, 62
57, 620, 65
60, 630, 64
62, 640, 70
62, 650, 75
64, 660, 75
['no' 'no' 'no' 'no' 'no' 'no' 'no' 'no' 'no']
['no' 'no' 'no' 'no' 'no' 'no' 'no' 'no' 'no' 'no']
58, 660, 75
60, 670, 67
63, 680, 70
65, 690, 74
65, 700, 77
66, 710, 77
['no' 'no' 'no' 'no' 'yes' 'no' 'yes' 'no' 'no']
['no' 'no' 'no' 'no' 'no' 'no' 'no' 'no' 'no' 'no']
62, 710, 77
64, 720, 72
66, 730, 72
67, 740, 76
68, 750, 73
70, 760, 73
['yes' 'no' 'no' 'no' 'no' 'no' 'no' 'no' 'no' 'no']
['no' 'no' 'no' 'no' 'no' 'no' 'no' 'yes' 'no' 'no']
['no' 'no' 'no' 'no' 'yes' 'no' 'no' 'no' 'no' 'no']
['no' 'no' 'no' 'no' 'no' 'no' 'no' 'no' 'no' 'no']
{'count': 1110, 'truepos': 43, 'falseneg': 3, 'unknownyes': 2, 'falsepos': 18, 'unique': 760}
5: Danijel.csv: machine3: 0, 0
4, 10
5, 20, 130
6, 30, 104
7, 40, 90
9, 50, 73
11, 60, 63
null
[]
13, 70, 67
18, 80, 67
19, 90, 69
22, 100, 61
25, 110, 59
28, 120, 61
null
[]
30, 130, 68
30, 140, 51
31, 150, 48
33, 160, 46
34, 170, 50
34, 180, 54
null
['no' 'no' 'no' 'no' 'no' 'yes' 'yes' 'no' 'no' 'no']
36, 180, 54
36, 190, 50
37, 200, 48
37, 210, 51
38, 220, 51
39, 230, 47
null
['no' 'no' 'no' 'no' 'no' 'no' 'no' 'no' 'no' 'no']
39, 230, 47
39, 240, 53
40, 250, 50
41, 260, 53
42, 270, 52
42, 280, 57
null
['no' 'no' 'no' 'no' 'no' 'no' 'no' 'no' 'no' 'no']
42, 280, 57
42, 290, 52
42, 300, 52
42, 310, 50
42, 320, 49
44, 330, 49
null
['no' 'no' 'no' 'no' 'no' 'no' 'no' 'no' 'no' 'no']
44, 330, 49
44, 340, 55
45, 350, 55
45, 360, 54
46, 370, 57
46, 380, 59
null
['no' 'no' 'no' 'no' 'no' 'no' 'no' 'no' 'no' 'no']
46, 380, 59
47, 390, 57
47, 400, 55
48, 410, 59
48, 420, 59
48, 430, 57
null
['no' 'no' 'no' 'no' 'no' 'no' 'no' 'no' 'no' 'no']
49, 430, 57
49, 440, 58
50, 450, 58
50, 460, 60
50, 470, 59
50, 480, 60
null
['no' 'no' 'no' 'no' 'no' 'no' 'no' 'no' 'no' 'no']
50, 480, 60
51, 490, 59
51, 500, 60
51, 510, 60
51, 520, 59
51, 530, 58
null
['no' 'no' 'no' 'no' 'no' 'no' 'no' 'no' 'no' 'no']
51, 530, 58
51, 540, 57
51, 550, 58
51, 560, 56
51, 570, 58
51, 580, 57
null
['no' 'no' 'no' 'no' 'no' 'no' 'no' 'no' 'no' 'no']
51, 580, 57
51, 590, 57
51, 600, 58
52, 610, 57
52, 620, 58
52, 630, 56
null
['no' 'no' 'no' 'no' 'no' 'no' 'no' 'no' 'no' 'no']
52, 630, 56
52, 640, 57
52, 650, 57
52, 660, 57
52, 670, 56
53, 680, 57
null
['no' 'no' 'no' 'no' 'no' 'no' 'no' 'no' 'no' 'no']
53, 680, 57
53, 690, 60
53, 700, 58
53, 710, 59
53, 720, 59
53, 730, 58
null
['no' 'no' 'no' 'no' 'no' 'no' 'no' 'no' 'no' 'no']
53, 730, 58
53, 740, 58
53, 750, 58
53, 760, 58
53, 770, 58
53, 780, 57
null
['no' 'no' 'no' 'no' 'no' 'no' 'no' 'no' 'no' 'no']
53, 780, 57
53, 790, 57
53, 800, 57
53, 810, 58
54, 820, 57
54, 830, 58
null
['no' 'no' 'no' 'no' 'no' 'no' 'no' 'no' 'no' 'no']
54, 830, 58
54, 840, 57
54, 850, 58
55, 860, 58
55, 870, 59
55, 880, 59
null
['no' 'no' 'no' 'no' 'no' 'no' 'no' 'no' 'no' 'no']
56, 880, 59
56, 890, 62
56, 900, 60
56, 910, 61
56, 920, 61
56, 930, 60
null
['no' 'no' 'no' 'no' 'no' 'no' 'no' 'no' 'no' 'no']
56, 930, 60
56, 940, 59
56, 950, 60
56, 960, 60
56, 970, 60
56, 980, 61
null
['no' 'no' 'no' 'no' 'no' 'no' 'no' 'no' 'no' 'no']
57, 980, 61
57, 990, 61
null
['no' 'no' 'no' 'no' 'no' 'no' 'no' 'no' 'no' 'no']
{'count': 1407, 'truepos': 45, 'falseneg': 0, 'unknownyes': 3, 'falsepos': 12, 'unique': 990}
5: K_all3.csv: none: 0, 0
1, 10
4, 20, 91
6, 30, 67
6, 40, 63
9, 50, 55
12, 60, 58
15, 70, 54
20, 80, 54
21, 90, 61
23, 100, 59
28, 110, 57
32, 120, 65
35, 130, 53
37, 140, 54
39, 150, 58
40, 160, 57
41, 170, 57
43, 180, 55
43, 190, 57
44, 200, 56
48, 210, 57
49, 220, 63
50, 230, 62
52, 240, 64
54, 250, 62
55, 260, 65
55, 270, 68
57, 280, 64
59, 290, 65
61, 300, 68
62, 310, 69
63, 320, 69
65, 330, 71
66, 340, 72
69, 350, 74
70, 360, 77
70, 370, 76
72, 380, 77
73, 390, 78
75, 400, 78
76, 410, 81
76, 420, 81
80, 430, 81
{'count': 430, 'truepos': 33, 'falseneg': 1, 'unknownyes': 11, 'falsepos': 47, 'unique': 430}
5: K_all3.csv: three: 0, 0
1, 10
2, 20, 92
4, 30, 64
7, 40, 58
9, 50, 53
12, 60, 53
18, 70, 58
20, 80, 72
20, 90, 66
22, 100, 56
24, 110, 53
25, 120, 56
25, 130, 53
26, 140, 52
26, 150, 51
26, 160, 49
27, 170, 48
27, 180, 48
28, 190, 47
29, 200, 48
29, 210, 48
30, 220, 47
30, 230, 43
32, 240, 39
35, 250, 42
35, 260, 47
36, 270, 43
37, 280, 45
37, 290, 46
37, 300, 45
39, 310, 43
39, 320, 44
41, 330, 44
43, 340, 51
43, 350, 52
44, 360, 50
44, 370, 52
44, 380, 50
44, 390, 48
44, 400, 49
45, 410, 48
49, 420, 49
51, 430, 52
{'count': 953, 'truepos': 37, 'falseneg': 1, 'unknownyes': 7, 'falsepos': 14, 'unique': 430}
5: K_all3.csv: machine: 0, 0
1, 10
3, 20, 92
4, 30, 65
6, 40, 56
9, 50, 53
11, 60, 52
['yes' 'no' 'yes' 'no' 'yes' 'no' 'yes' 'no' 'no' 'no']
['no']
6, 60, 52
10, 70, 48
12, 80, 59
13, 90, 54
16, 100, 48
20, 110, 53
['no' 'yes' 'yes' 'no' 'no' 'yes' 'yes' 'no' 'yes' 'no']
['no' 'no']
15, 110, 53
17, 120, 57
20, 130, 58
20, 140, 62
20, 150, 53
21, 160, 50
['yes' 'yes' 'yes' 'yes' 'no' 'yes' 'yes' 'yes' 'no' 'no']
[]
18, 160, 50
19, 170, 46
21, 180, 47
21, 190, 48
22, 200, 47
23, 210, 47
['no' 'no' 'no' 'yes' 'no' 'no']
[]
19, 210, 47
21, 220, 44
23, 230, 45
26, 240, 46
28, 250, 49
30, 260, 50
['no' 'yes' 'yes' 'yes' 'no' 'no' 'no' 'no' 'no' 'yes']
['no' 'no' 'no' 'yes' 'no' 'no' 'no' 'no' 'no' 'no']
26, 260, 50
26, 270, 46
27, 280, 45
28, 290, 45
29, 300, 45
31, 310, 45
['no' 'yes' 'no' 'no' 'yes' 'yes' 'yes' 'no']
['no' 'no' 'no' 'no' 'no' 'no' 'no' 'no' 'no' 'no']
28, 310, 45
29, 320, 45
30, 330, 45
31, 340, 35
31, 350, 36
32, 360, 36
['no' 'no' 'no' 'yes' 'no']
['no' 'no' 'no' 'no' 'no' 'no' 'no' 'no' 'no' 'no']
31, 360, 36
34, 370, 36
34, 380, 41
36, 390, 40
37, 400, 45
38, 410, 42
['no' 'yes' 'no' 'no' 'no' 'no' 'no' 'yes']
['no' 'no' 'no' 'no' 'no' 'no' 'no' 'no' 'no' 'no']
33, 410, 42
35, 420, 39
35, 430, 40
38, 440, 41
40, 450, 41
41, 460, 46
['no' 'no' 'no' 'no' 'no' 'no' 'no' 'no']
['no' 'no' 'no' 'no' 'no' 'no' 'no' 'no' 'no' 'no']
35, 460, 46
37, 470, 38
37, 480, 41
39, 490, 40
40, 500, 42
42, 510, 43
['no' 'no' 'no' 'yes' 'no' 'no' 'no']
['no' 'no' 'no' 'no' 'no' 'no' 'no' 'no' 'no' 'no']
['no' 'no' 'no' 'no' 'no' 'no' 'yes']
['no' 'no' 'no' 'no' 'no' 'no' 'no' 'no' 'no' 'no']
{'count': 655, 'truepos': 27, 'falseneg': 6, 'unknownyes': 12, 'falsepos': 10, 'unique': 510}
5: K_all3.csv: machine2: 0, 0
1, 10
3, 20, 92
4, 30, 68
9, 40, 60
12, 50, 64
15, 60, 66
['yes' 'yes' 'yes' 'no' 'yes' 'yes' 'no' 'yes' 'no' 'yes']
[]
13, 60, 66
15, 70, 58
16, 80, 59
16, 90, 55
18, 100, 49
19, 110, 49
['yes' 'no' 'yes' 'yes' 'yes' 'yes' 'no' 'yes' 'yes' 'yes']
['no']
17, 110, 49
19, 120, 50
21, 130, 52
24, 140, 52
26, 150, 52
26, 160, 51
['yes' 'yes' 'yes' 'no' 'yes' 'yes' 'no' 'yes' 'yes' 'yes']
['no']
24, 160, 51
26, 170, 47
28, 180, 47
30, 190, 47
34, 200, 48
37, 210, 53
['yes' 'no' 'no' 'yes' 'yes' 'yes' 'no' 'yes' 'no' 'no']
['no' 'no' 'no' 'no' 'no' 'no' 'no' 'no' 'no' 'no']
33, 210, 53
35, 220, 48
35, 230, 49
37, 240, 49
37, 250, 49
37, 260, 51
['no' 'yes' 'no' 'no' 'no' 'no' 'no']
['no' 'no' 'no' 'no' 'no' 'no' 'no' 'no' 'no' 'no']
32, 260, 51
33, 270, 38
34, 280, 40
35, 290, 39
35, 300, 39
36, 310, 40
['no' 'no' 'no' 'yes']
['no' 'no' 'no' 'no' 'no' 'no' 'no' 'no' 'no' 'no']
33, 310, 40
33, 320, 37
35, 330, 37
35, 340, 40
36, 350, 39
37, 360, 41
['no' 'no' 'no' 'no']
['no' 'no' 'no' 'no' 'no' 'no' 'no' 'no' 'no' 'no']
33, 360, 41
34, 370, 35
37, 380, 37
39, 390, 39
40, 400, 42
41, 410, 43
['no' 'no' 'no' 'no' 'yes' 'yes' 'yes' 'yes']
['no' 'no' 'no' 'no' 'no' 'no' 'no' 'no' 'no' 'no']
['no' 'no' 'yes' 'yes' 'no' 'yes' 'no' 'yes']
['no' 'no' 'no' 'no' 'no' 'no' 'no' 'no' 'no' 'no']
{'count': 552, 'truepos': 34, 'falseneg': 0, 'unknownyes': 11, 'falsepos': 5, 'unique': 410}
5: K_all3.csv: machine3: 0, 0
0, 10
1, 20
3, 30, 92
4, 40, 63
6, 50, 56
9, 60, 55
10, 70, 59
null
[]
11, 80, 57
16, 90, 53
18, 100, 54
19, 110, 55
20, 120, 51
21, 130, 48
null
['no' 'no']
21, 130, 48
24, 140, 45
24, 150, 50
25, 160, 47
25, 170, 47
25, 180, 45
null
[]
26, 190, 44
26, 200, 45
26, 210, 44
27, 220, 44
27, 230, 45
27, 240, 44
null
['no' 'no' 'no']
27, 240, 44
27, 250, 44
27, 260, 44
28, 270, 44
29, 280, 45
29, 290, 45
null
[]
29, 300, 45
29, 310, 45
30, 320, 45
30, 330, 40
30, 340, 36
30, 350, 34
null
['no' 'no' 'no' 'no' 'no' 'no' 'no' 'no' 'no' 'no']
30, 350, 34
30, 360, 34
31, 370, 35
31, 380, 39
31, 390, 39
32, 400, 34
null
['no' 'no' 'no' 'no' 'no' 'no' 'no' 'yes' 'no' 'no']
32, 400, 34
32, 410, 35
32, 420, 36
33, 430, 34
33, 440, 36
33, 450, 36
null
['no' 'yes' 'no' 'no' 'no' 'no' 'no' 'no' 'no' 'no']
34, 450, 36
34, 460, 37
34, 470, 37
34, 480, 36
35, 490, 36
36, 500, 37
null
['no' 'no' 'no' 'no' 'no' 'no' 'no' 'no' 'no' 'no']
null
['no' 'no' 'no' 'no' 'no' 'no' 'no' 'no' 'no' 'no']
{'count': 659, 'truepos': 30, 'falseneg': 4, 'unknownyes': 11, 'falsepos': 6, 'unique': 500}

------------------------------------------------------------
Sender: LSF System <lsfadmin@n2e5-2>
Subject: Job 269513: </share/tjmenzie/zyu9/miniconda2/bin/python2.7 runner.py error_hpcc 5> Done

Job </share/tjmenzie/zyu9/miniconda2/bin/python2.7 runner.py error_hpcc 5> was submitted from host <login01.hpc.ncsu.edu> by user <zyu9> in cluster <henry2>.
Job was executed on host(s) <2*n2e5-2>, in queue <single_chassis>, as user <zyu9> in cluster <henry2>.
</home/zyu9> was used as the home directory.
</home/zyu9/projects/MAR_HPC/Error/src> was used as the working directory.
Started at Thu Oct 19 15:36:40 2017
Results reported at Thu Oct 19 23:48:21 2017

Your job looked like:

------------------------------------------------------------
# LSBATCH: User input
/share/tjmenzie/zyu9/miniconda2/bin/python2.7 runner.py error_hpcc 5
------------------------------------------------------------

Successfully completed.

Resource usage summary:

    CPU time   :  31972.38 sec.
    Max Memory :       201 MB
    Max Swap   :      1219 MB

    Max Processes  :         3
    Max Threads    :         8

The output (if any) is above this job summary.



PS:

Read file <./err/5.err.269513> for stderr output of this job.

