5: Hall.csv: none: 0, 0
5, 10
5, 20, 97
8, 30, 89
10, 40, 88
10, 50, 81
12, 60, 52
15, 70, 50
16, 80, 58
19, 90, 54
23, 100, 55
26, 110, 53
32, 120, 54
33, 130, 59
36, 140, 55
38, 150, 60
39, 160, 57
40, 170, 61
42, 180, 60
43, 190, 64
47, 200, 59
50, 210, 70
53, 220, 69
57, 230, 77
58, 240, 92
61, 250, 84
62, 260, 85
63, 270, 89
64, 280, 85
64, 290, 89
65, 300, 85
65, 310, 87
66, 320, 85
66, 330, 90
67, 340, 86
68, 350, 86
69, 360, 87
69, 370, 92
69, 380, 91
70, 390, 92
70, 400, 90
70, 410, 91
70, 420, 86
70, 430, 88
70, 440, 90
70, 450, 87
70, 460, 85
70, 470, 87
70, 480, 84
70, 490, 81
70, 500, 83
71, 510, 83
71, 520, 83
71, 530, 81
71, 540, 83
71, 550, 82
71, 560, 82
71, 570, 82
71, 580, 83
71, 590, 81
71, 600, 81
71, 610, 81
71, 620, 80
71, 630, 80
71, 640, 81
71, 650, 80
71, 660, 82
71, 670, 80
71, 680, 79
71, 690, 79
71, 700, 79
71, 710, 79
71, 720, 79
71, 730, 78
71, 740, 78
71, 750, 77
71, 760, 77
71, 770, 78
71, 780, 77
71, 790, 78
71, 800, 78
71, 810, 77
71, 820, 78
71, 830, 79
71, 840, 78
71, 850, 78
71, 860, 77
72, 870, 77
72, 880, 79
72, 890, 79
72, 900, 79
72, 910, 78
73, 920, 78
73, 930, 80
73, 940, 81
73, 950, 80
73, 960, 80
73, 970, 80
73, 980, 79
73, 990, 79
74, 1000, 79
74, 1010, 82
74, 1020, 82
74, 1030, 81
74, 1040, 81
74, 1050, 81
74, 1060, 81
74, 1070, 82
74, 1080, 81
74, 1090, 81
74, 1100, 81
74, 1110, 81
74, 1120, 80
74, 1130, 81
74, 1140, 81
74, 1150, 80
74, 1160, 80
74, 1170, 80
74, 1180, 80
74, 1190, 80
74, 1200, 79
74, 1210, 80
74, 1220, 80
74, 1230, 80
74, 1240, 80
74, 1250, 79
74, 1260, 79
74, 1270, 80
74, 1280, 79
74, 1290, 79
74, 1300, 79
74, 1310, 79
74, 1320, 79
74, 1330, 79
74, 1340, 79
74, 1350, 80
74, 1360, 79
74, 1370, 79
74, 1380, 79
74, 1390, 79
74, 1400, 79
74, 1410, 79
74, 1420, 79
74, 1430, 79
74, 1440, 78
74, 1450, 78
74, 1460, 78
74, 1470, 78
74, 1480, 78
74, 1490, 78
74, 1500, 78
74, 1510, 78
74, 1520, 78
74, 1530, 78
74, 1540, 78
74, 1550, 78
74, 1560, 77
74, 1570, 78
74, 1580, 78
74, 1590, 77
74, 1600, 78
74, 1610, 78
74, 1620, 78
74, 1630, 78
74, 1640, 77
74, 1650, 77
74, 1660, 78
74, 1670, 77
74, 1680, 77
74, 1690, 78
74, 1700, 77
74, 1710, 77
74, 1720, 77
74, 1730, 77
74, 1740, 77
74, 1750, 77
74, 1760, 77
74, 1770, 78
74, 1780, 77
74, 1790, 77
74, 1800, 77
74, 1810, 77
74, 1820, 77
74, 1830, 77
74, 1840, 77
74, 1850, 77
74, 1860, 77
74, 1870, 77
75, 1880, 77
75, 1890, 78
75, 1900, 78
75, 1910, 78
76, 1920, 78
76, 1930, 80
76, 1940, 80
76, 1950, 80
76, 1960, 80
76, 1970, 80
76, 1980, 80
76, 1990, 79
76, 2000, 80
77, 2010, 79
77, 2020, 81
77, 2030, 81
77, 2040, 81
77, 2050, 81
77, 2060, 81
77, 2070, 80
77, 2080, 80
77, 2090, 81
77, 2100, 81
77, 2110, 81
77, 2120, 80
77, 2130, 80
77, 2140, 80
77, 2150, 80
77, 2160, 80
77, 2170, 80
77, 2180, 80
77, 2190, 80
77, 2200, 80
77, 2210, 80
77, 2220, 80
77, 2230, 80
77, 2240, 80
77, 2250, 80
77, 2260, 80
77, 2270, 80
77, 2280, 80
77, 2290, 80
77, 2300, 80
77, 2310, 80
78, 2320, 80
78, 2330, 81
78, 2340, 80
78, 2350, 80
78, 2360, 80
78, 2370, 80
78, 2380, 80
78, 2390, 80
78, 2400, 80
78, 2410, 80
78, 2420, 80
79, 2430, 80
79, 2440, 81
79, 2450, 82
79, 2460, 82
79, 2470, 82
79, 2480, 82
79, 2490, 82
79, 2500, 82
79, 2510, 81
79, 2520, 81
{'count': 2520, 'truepos': 70, 'falseneg': 33, 'correction': 0, 'unknownyes': 1, 'falsepos': 9, 'unique': 2520}
5: Hall.csv: three: 0, 0
7, 10
7, 20, 114
11, 30, 103
12, 40, 105
16, 50, 87
18, 60, 85
19, 70, 81
23, 80, 82
28, 90, 83
31, 100, 91
33, 110, 64
36, 120, 64
40, 130, 65
43, 140, 71
45, 150, 73
49, 160, 73
53, 170, 76
55, 180, 86
56, 190, 98
59, 200, 87
60, 210, 89
62, 220, 94
62, 230, 87
63, 240, 90
65, 250, 92
66, 260, 90
67, 270, 89
67, 280, 89
68, 290, 91
68, 300, 95
68, 310, 93
69, 320, 90
69, 330, 89
69, 340, 86
69, 350, 95
69, 360, 86
69, 370, 88
70, 380, 82
70, 390, 84
70, 400, 84
70, 410, 85
70, 420, 88
70, 430, 86
70, 440, 82
70, 450, 84
70, 460, 83
70, 470, 83
70, 480, 83
70, 490, 81
70, 500, 81
71, 510, 81
71, 520, 80
71, 530, 83
71, 540, 79
71, 550, 81
71, 560, 81
71, 570, 79
71, 580, 79
71, 590, 79
71, 600, 80
71, 610, 79
71, 620, 78
71, 630, 79
71, 640, 78
71, 650, 78
71, 660, 79
71, 670, 78
71, 680, 79
71, 690, 78
71, 700, 78
71, 710, 77
71, 720, 78
72, 730, 78
72, 740, 79
72, 750, 79
72, 760, 79
72, 770, 79
72, 780, 77
72, 790, 79
72, 800, 79
72, 810, 78
72, 820, 78
72, 830, 77
72, 840, 78
72, 850, 77
72, 860, 78
72, 870, 78
72, 880, 77
72, 890, 78
72, 900, 77
72, 910, 77
72, 920, 77
72, 930, 77
72, 940, 77
72, 950, 77
72, 960, 77
72, 970, 77
72, 980, 77
72, 990, 77
72, 1000, 77
72, 1010, 76
72, 1020, 77
72, 1030, 77
72, 1040, 76
72, 1050, 77
72, 1060, 76
72, 1070, 77
72, 1080, 77
72, 1090, 76
72, 1100, 76
72, 1110, 76
72, 1120, 76
72, 1130, 76
72, 1140, 76
72, 1150, 76
72, 1160, 77
72, 1170, 76
72, 1180, 76
72, 1190, 77
72, 1200, 76
72, 1210, 76
72, 1220, 76
72, 1230, 76
72, 1240, 76
72, 1250, 76
72, 1260, 76
72, 1270, 76
72, 1280, 76
72, 1290, 75
72, 1300, 76
72, 1310, 76
72, 1320, 76
72, 1330, 76
72, 1340, 75
72, 1350, 75
72, 1360, 75
72, 1370, 75
72, 1380, 75
72, 1390, 75
72, 1400, 75
72, 1410, 76
72, 1420, 75
72, 1430, 75
72, 1440, 75
{'count': 2940, 'truepos': 72, 'falseneg': 31, 'correction': 48, 'unknownyes': 1, 'falsepos': 0, 'unique': 1440}
5: Hall.csv: machine: 0, 0
6, 10
7, 20, 102
10, 30, 93
13, 40, 98
14, 50, 92
17, 60, 85
['yes']
['no' 'yes' 'no' 'no' 'no' 'no' 'no' 'no' 'no' 'yes' 'no' 'no' 'no' 'yes'
 'yes' 'no' 'no' 'no' 'no']
20, 60, 85
22, 70, 91
25, 80, 86
28, 90, 86
33, 100, 85
35, 110, 66
['yes']
['no' 'yes' 'no' 'no' 'no' 'yes' 'no' 'yes' 'yes' 'yes' 'no' 'no' 'no'
 'yes' 'no' 'no' 'yes' 'yes' 'no']
41, 110, 66
45, 120, 76
48, 130, 81
50, 140, 77
52, 150, 75
55, 160, 78
['yes']
['yes' 'no' 'yes' 'no' 'no' 'yes' 'no' 'no' 'yes' 'no' 'no' 'yes' 'no'
 'no' 'no' 'no' 'no' 'no' 'yes']
60, 160, 78
65, 170, 82
71, 180, 83
73, 190, 94
74, 200, 91
74, 210, 91
['yes']
['yes' 'no' 'no' 'no' 'no' 'yes' 'no' 'no' 'no' 'no' 'no' 'no' 'yes' 'yes'
 'no' 'no' 'yes' 'no' 'no']
77, 210, 91
78, 220, 94
78, 230, 93
79, 240, 89
79, 250, 89
80, 260, 91
['yes']
['no' 'no' 'no' 'no' 'yes' 'no' 'no' 'no' 'no' 'no' 'no' 'no' 'no' 'no'
 'no' 'no' 'no' 'no' 'no']
81, 260, 91
81, 270, 93
81, 280, 89
82, 290, 91
82, 300, 92
83, 310, 92
['yes']
['no' 'no' 'no' 'no' 'no' 'no' 'no' 'no' 'no' 'no' 'no' 'no' 'no' 'no'
 'yes' 'no' 'no' 'no' 'no']
84, 310, 92
85, 320, 94
85, 330, 93
85, 340, 94
85, 350, 94
85, 360, 92
['yes']
['no' 'yes' 'no' 'no' 'no' 'no' 'no' 'no' 'no' 'no' 'no' 'no' 'no' 'no'
 'no' 'no' 'no' 'no' 'yes']
87, 360, 92
87, 370, 98
87, 380, 94
88, 390, 94
88, 400, 94
88, 410, 94
['yes']
['no' 'no' 'no' 'yes' 'no' 'no' 'yes' 'no' 'no' 'no' 'no' 'no' 'yes' 'no'
 'no' 'no' 'yes' 'no' 'no']
91, 410, 94
92, 420, 100
92, 430, 101
93, 440, 100
93, 450, 103
93, 460, 101
['no']
['no' 'no' 'no' 'no' 'no' 'no' 'no' 'no' 'no' 'no' 'no' 'no' 'yes' 'no'
 'no' 'no' 'no' 'no' 'no']
93, 460, 101
93, 470, 101
93, 480, 101
93, 490, 101
93, 500, 100
94, 510, 100
['yes']
['no' 'no' 'no' 'no' 'no' 'no' 'no' 'no' 'no' 'no' 'no' 'no' 'no' 'no'
 'no' 'no' 'no' 'no' 'no']
94, 510, 100
94, 520, 102
94, 530, 101
94, 540, 101
94, 550, 101
95, 560, 100
['no']
['no' 'no' 'no' 'no' 'no' 'no' 'no' 'no' 'no' 'no' 'no' 'no' 'no' 'no'
 'no' 'no' 'no' 'no' 'no']
94, 560, 100
94, 570, 100
94, 580, 101
94, 590, 101
94, 600, 100
95, 610, 100
['no']
['no' 'yes' 'no' 'no' 'no' 'no' 'no' 'no' 'no' 'no' 'no' 'no' 'no' 'no'
 'no' 'no' 'no' 'no' 'no']
95, 610, 100
96, 620, 101
96, 630, 102
96, 640, 102
{'count': 885, 'truepos': 93, 'falseneg': 9, 'correction': 30, 'unknownyes': 2, 'falsepos': 3, 'unique': 640}
5: Hall.csv: knee: 0, 0
3, 10
5, 20
8, 30
9, 40
12, 50
16, 60
18, 70
23, 80
27, 90
32, 100
38, 110
43, 120
44, 130
45, 140
49, 150
51, 160
52, 170
54, 180
54, 190
58, 200
62, 210
67, 220
67, 230
68, 240
71, 250
71, 260
73, 270
73, 280
74, 290
75, 300
77, 310
77, 320
77, 330
78, 340
78, 350
78, 360
78, 370
78, 380
78, 390
78, 400
78, 410
78, 420
78, 430
78, 440
78, 450
78, 460
{'count': 628, 'truepos': 92, 'falseneg': 9, 'correction': 18, 'unknownyes': 3, 'falsepos': 1, 'unique': 460}
5: Wahono.csv: none: 0, 0
2, 10
6, 20, 91
8, 30, 92
10, 40, 92
12, 50, 90
13, 60, 82
15, 70, 70
15, 80, 64
17, 90, 54
17, 100, 54
18, 110, 51
19, 120, 51
20, 130, 53
21, 140, 53
21, 150, 52
23, 160, 50
25, 170, 51
25, 180, 53
25, 190, 49
25, 200, 48
25, 210, 48
26, 220, 48
27, 230, 49
27, 240, 49
28, 250, 49
29, 260, 50
30, 270, 50
30, 280, 52
32, 290, 47
32, 300, 52
33, 310, 56
33, 320, 56
34, 330, 54
35, 340, 53
35, 350, 55
36, 360, 52
37, 370, 54
37, 380, 56
37, 390, 55
38, 400, 54
38, 410, 55
38, 420, 58
38, 430, 54
38, 440, 55
38, 450, 54
38, 460, 52
38, 470, 52
38, 480, 51
38, 490, 49
38, 500, 50
39, 510, 48
39, 520, 50
39, 530, 51
39, 540, 52
39, 550, 50
39, 560, 50
39, 570, 48
39, 580, 48
40, 590, 48
40, 600, 51
40, 610, 49
40, 620, 50
40, 630, 50
40, 640, 48
40, 650, 50
41, 660, 48
42, 670, 49
42, 680, 50
42, 690, 52
42, 700, 50
42, 710, 53
42, 720, 51
42, 730, 50
42, 740, 51
42, 750, 49
43, 760, 50
43, 770, 52
44, 780, 51
44, 790, 51
45, 800, 52
46, 810, 52
47, 820, 55
47, 830, 56
47, 840, 57
47, 850, 55
47, 860, 56
47, 870, 56
47, 880, 53
47, 890, 55
47, 900, 55
47, 910, 54
47, 920, 54
47, 930, 54
47, 940, 54
47, 950, 55
47, 960, 54
47, 970, 54
48, 980, 54
48, 990, 54
48, 1000, 54
48, 1010, 54
48, 1020, 54
48, 1030, 54
48, 1040, 54
48, 1050, 54
48, 1060, 54
48, 1070, 54
48, 1080, 56
48, 1090, 55
48, 1100, 54
49, 1110, 54
49, 1120, 54
49, 1130, 54
49, 1140, 55
49, 1150, 55
49, 1160, 54
49, 1170, 54
49, 1180, 55
49, 1190, 54
49, 1200, 54
49, 1210, 54
49, 1220, 54
49, 1230, 54
49, 1240, 54
49, 1250, 53
49, 1260, 54
49, 1270, 53
49, 1280, 54
49, 1290, 53
49, 1300, 53
49, 1310, 54
49, 1320, 53
49, 1330, 54
49, 1340, 53
49, 1350, 52
49, 1360, 53
49, 1370, 53
49, 1380, 53
49, 1390, 53
49, 1400, 52
49, 1410, 53
49, 1420, 53
49, 1430, 53
49, 1440, 52
49, 1450, 53
49, 1460, 53
49, 1470, 53
49, 1480, 52
49, 1490, 52
49, 1500, 52
49, 1510, 52
49, 1520, 53
49, 1530, 53
49, 1540, 52
49, 1550, 52
49, 1560, 52
49, 1570, 52
49, 1580, 52
49, 1590, 52
49, 1600, 52
49, 1610, 52
50, 1620, 52
50, 1630, 53
50, 1640, 53
50, 1650, 53
50, 1660, 53
50, 1670, 53
50, 1680, 53
50, 1690, 53
50, 1700, 53
50, 1710, 53
50, 1720, 53
50, 1730, 53
50, 1740, 53
50, 1750, 53
50, 1760, 53
50, 1770, 53
50, 1780, 53
50, 1790, 53
50, 1800, 52
50, 1810, 52
50, 1820, 53
50, 1830, 52
51, 1840, 53
51, 1850, 54
51, 1860, 54
52, 1870, 54
52, 1880, 55
52, 1890, 56
52, 1900, 55
52, 1910, 55
52, 1920, 56
52, 1930, 55
52, 1940, 55
52, 1950, 55
52, 1960, 56
52, 1970, 55
52, 1980, 54
52, 1990, 55
52, 2000, 55
52, 2010, 55
52, 2020, 55
52, 2030, 55
52, 2040, 55
52, 2050, 55
52, 2060, 55
52, 2070, 55
52, 2080, 55
52, 2090, 55
52, 2100, 54
52, 2110, 55
52, 2120, 55
52, 2130, 54
52, 2140, 54
52, 2150, 54
52, 2160, 55
52, 2170, 54
52, 2180, 55
52, 2190, 54
52, 2200, 55
52, 2210, 54
52, 2220, 54
52, 2230, 54
52, 2240, 54
52, 2250, 54
52, 2260, 54
53, 2270, 54
53, 2280, 55
53, 2290, 55
53, 2300, 55
53, 2310, 56
53, 2320, 55
53, 2330, 55
53, 2340, 55
53, 2350, 55
53, 2360, 55
{'count': 2360, 'truepos': 44, 'falseneg': 17, 'correction': 0, 'unknownyes': 1, 'falsepos': 9, 'unique': 2360}
5: Wahono.csv: three: 0, 0
4, 10
4, 20, 93
6, 30, 85
7, 40, 79
9, 50, 59
10, 60, 55
12, 70, 50
12, 80, 51
12, 90, 45
13, 100, 44
14, 110, 45
15, 120, 45
16, 130, 43
17, 140, 45
18, 150, 47
19, 160, 45
20, 170, 45
21, 180, 45
21, 190, 43
21, 200, 42
24, 210, 42
26, 220, 45
27, 230, 45
27, 240, 45
28, 250, 44
30, 260, 45
32, 270, 52
33, 280, 55
33, 290, 60
33, 300, 56
33, 310, 53
33, 320, 51
34, 330, 50
34, 340, 53
34, 350, 51
34, 360, 50
35, 370, 52
35, 380, 50
35, 390, 50
36, 400, 49
37, 410, 49
37, 420, 51
37, 430, 51
39, 440, 49
39, 450, 51
39, 460, 51
39, 470, 50
39, 480, 51
39, 490, 51
39, 500, 50
39, 510, 49
39, 520, 49
39, 530, 47
40, 540, 49
40, 550, 49
40, 560, 49
40, 570, 52
40, 580, 50
40, 590, 49
40, 600, 50
40, 610, 49
40, 620, 49
40, 630, 49
40, 640, 49
40, 650, 49
41, 660, 47
41, 670, 49
41, 680, 49
41, 690, 48
41, 700, 49
41, 710, 49
41, 720, 48
41, 730, 49
41, 740, 47
41, 750, 48
41, 760, 49
41, 770, 49
41, 780, 48
41, 790, 48
41, 800, 47
41, 810, 47
41, 820, 48
41, 830, 47
41, 840, 47
41, 850, 48
41, 860, 47
41, 870, 46
41, 880, 46
41, 890, 46
41, 900, 46
41, 910, 47
42, 920, 46
43, 930, 47
43, 940, 49
43, 950, 49
43, 960, 49
43, 970, 49
43, 980, 49
43, 990, 48
43, 1000, 49
43, 1010, 49
43, 1020, 49
43, 1030, 48
43, 1040, 49
43, 1050, 48
43, 1060, 49
44, 1070, 48
44, 1080, 50
44, 1090, 50
44, 1100, 49
44, 1110, 49
44, 1120, 50
44, 1130, 49
44, 1140, 49
44, 1150, 49
44, 1160, 49
44, 1170, 48
44, 1180, 49
44, 1190, 48
44, 1200, 49
44, 1210, 49
44, 1220, 48
44, 1230, 49
44, 1240, 48
44, 1250, 48
45, 1260, 48
45, 1270, 48
45, 1280, 49
45, 1290, 49
45, 1300, 49
45, 1310, 49
45, 1320, 49
45, 1330, 49
45, 1340, 49
45, 1350, 48
45, 1360, 49
45, 1370, 49
45, 1380, 48
45, 1390, 48
45, 1400, 49
45, 1410, 48
45, 1420, 48
45, 1430, 49
45, 1440, 49
45, 1450, 48
45, 1460, 48
45, 1470, 48
45, 1480, 48
45, 1490, 48
45, 1500, 48
45, 1510, 48
45, 1520, 48
45, 1530, 48
45, 1540, 48
45, 1550, 48
45, 1560, 48
45, 1570, 48
45, 1580, 48
45, 1590, 48
45, 1600, 48
45, 1610, 48
45, 1620, 48
45, 1630, 47
45, 1640, 47
45, 1650, 48
45, 1660, 48
45, 1670, 48
45, 1680, 47
45, 1690, 48
45, 1700, 48
45, 1710, 47
45, 1720, 47
45, 1730, 47
45, 1740, 47
45, 1750, 47
45, 1760, 47
45, 1770, 47
45, 1780, 47
45, 1790, 47
45, 1800, 47
45, 1810, 47
45, 1820, 47
45, 1830, 47
45, 1840, 47
45, 1850, 47
45, 1860, 47
45, 1870, 47
45, 1880, 47
45, 1890, 47
45, 1900, 47
45, 1910, 47
45, 1920, 47
45, 1930, 47
45, 1940, 47
45, 1950, 47
45, 1960, 47
45, 1970, 47
45, 1980, 47
45, 1990, 46
45, 2000, 47
45, 2010, 47
45, 2020, 47
45, 2030, 47
45, 2040, 47
45, 2050, 47
45, 2060, 47
45, 2070, 46
45, 2080, 47
45, 2090, 47
45, 2100, 46
45, 2110, 46
{'count': 4260, 'truepos': 45, 'falseneg': 16, 'correction': 33, 'unknownyes': 1, 'falsepos': 0, 'unique': 2110}
5: Wahono.csv: machine: 0, 0
1, 10
1, 20, 123
1, 30, 98
2, 40, 90
4, 50, 69
4, 60, 68
['yes']
['no' 'no' 'yes' 'no' 'no' 'no' 'no' 'no' 'no' 'no' 'yes' 'yes' 'no' 'no'
 'no' 'no' 'no' 'no' 'no']
5, 60, 68
6, 70, 55
8, 80, 52
9, 90, 48
9, 100, 46
9, 110, 44
['yes']
['yes' 'no' 'yes' 'no' 'yes' 'no' 'no' 'no' 'no' 'no' 'no' 'no' 'no' 'no'
 'no' 'yes' 'no' 'no' 'no']
11, 110, 44
13, 120, 43
14, 130, 47
15, 140, 46
15, 150, 49
16, 160, 45
['yes']
['no' 'no' 'yes' 'no' 'no' 'no' 'no' 'yes' 'no' 'no' 'no' 'no' 'no' 'no'
 'no' 'no' 'no' 'yes' 'no']
18, 160, 45
21, 170, 52
22, 180, 56
23, 190, 54
24, 200, 51
24, 210, 51
['yes']
['no' 'no' 'no' 'yes' 'no' 'no' 'no' 'no' 'no' 'no' 'no' 'yes' 'no' 'no'
 'no' 'no' 'no' 'no' 'no']
25, 210, 51
26, 220, 50
26, 230, 51
26, 240, 49
27, 250, 48
27, 260, 49
['yes']
['no' 'no' 'no' 'no' 'no' 'no' 'no' 'no' 'no' 'no' 'no' 'no' 'no' 'no'
 'no' 'no' 'no' 'no' 'no']
27, 260, 49
27, 270, 48
28, 280, 48
28, 290, 49
28, 300, 48
28, 310, 48
['yes']
['no' 'no' 'no' 'no' 'no' 'no' 'no' 'no' 'no' 'no' 'no' 'no' 'no' 'no'
 'no' 'no' 'no' 'no' 'no']
28, 310, 48
29, 320, 49
29, 330, 49
30, 340, 49
32, 350, 44
32, 360, 49
['yes']
['no' 'yes' 'no' 'no' 'yes' 'no' 'yes' 'yes' 'no' 'no' 'no' 'no' 'no' 'no'
 'no' 'no' 'no' 'no' 'no']
36, 360, 49
36, 370, 56
37, 380, 53
37, 390, 58
37, 400, 53
37, 410, 49
['yes']
['no' 'yes' 'no' 'no' 'no' 'yes' 'no' 'no' 'no' 'no' 'no' 'no' 'no' 'no'
 'no' 'no' 'no' 'no' 'no']
39, 410, 49
39, 420, 54
40, 430, 51
40, 440, 53
40, 450, 53
40, 460, 52
['no']
['no' 'yes' 'no' 'no' 'no' 'no' 'no' 'no' 'no' 'no' 'no' 'no' 'no' 'no'
 'no' 'no' 'no' 'no' 'no']
40, 460, 52
40, 470, 53
40, 480, 52
40, 490, 51
40, 500, 50
41, 510, 49
['yes']
['no' 'no' 'no' 'no' 'no' 'no' 'no' 'no' 'no' 'no' 'no' 'no' 'no' 'no'
 'no' 'no' 'no' 'no' 'no']
41, 510, 49
41, 520, 51
41, 530, 52
41, 540, 50
41, 550, 52
41, 560, 50
['yes']
['no' 'no' 'no' 'no' 'no' 'no' 'no' 'no' 'no' 'no' 'no' 'no' 'no' 'no'
 'no' 'no' 'no' 'no' 'no']
41, 560, 50
41, 570, 51
41, 580, 50
41, 590, 49
41, 600, 48
41, 610, 49
['yes']
['no' 'no' 'no' 'no' 'no' 'no' 'no' 'yes' 'no' 'no' 'no' 'no' 'no' 'no'
 'no' 'no' 'no' 'no' 'no']
42, 610, 49
42, 620, 50
42, 630, 49
42, 640, 50
42, 650, 50
42, 660, 49
['yes']
['no' 'no' 'no' 'no' 'no' 'no' 'no' 'no' 'no' 'no' 'no' 'no' 'no' 'no'
 'no' 'no' 'no' 'no' 'no']
42, 660, 49
42, 670, 48
42, 680, 49
42, 690, 49
42, 700, 49
43, 710, 48
['yes']
['no' 'no' 'no' 'no' 'no' 'no' 'no' 'no' 'no' 'yes' 'no' 'no' 'no' 'no'
 'no' 'no' 'no' 'no' 'no']
44, 710, 48
45, 720, 51
45, 730, 52
46, 740, 52
46, 750, 53
47, 760, 54
['yes']
['no' 'no' 'no' 'no' 'no' 'no' 'no' 'no' 'no' 'no' 'no' 'no' 'no' 'no'
 'no' 'no' 'no' 'no' 'no']
46, 760, 54
46, 770, 53
46, 780, 53
46, 790, 53
46, 800, 53
46, 810, 53
['yes']
['no' 'no' 'no' 'no' 'no' 'no' 'no' 'no' 'no' 'no' 'no' 'no' 'no' 'yes'
 'no' 'no' 'no' 'no' 'no']
47, 810, 53
47, 820, 54
47, 830, 54
47, 840, 54
48, 850, 54
48, 860, 55
['yes']
['no' 'no' 'no' 'no' 'no' 'no' 'no' 'yes' 'no' 'no' 'no' 'no' 'no' 'no'
 'no' 'no' 'no' 'no' 'no']
47, 860, 55
47, 870, 53
47, 880, 53
47, 890, 53
47, 900, 53
47, 910, 53
['yes']
['no' 'no' 'no' 'no' 'no' 'no' 'no' 'no' 'no' 'no' 'yes' 'no' 'no' 'no'
 'no' 'no' 'no' 'no' 'no']
48, 910, 53
48, 920, 54
48, 930, 54
48, 940, 55
48, 950, 54
48, 960, 54
['yes']
['no' 'no' 'no' 'no' 'yes' 'no' 'no' 'no' 'no' 'no' 'no' 'no' 'no' 'no'
 'no' 'yes' 'no' 'no' 'no']
49, 960, 54
49, 970, 55
49, 980, 55
49, 990, 55
50, 1000, 55
50, 1010, 56
['no']
['no' 'no' 'no' 'no' 'no' 'no' 'no' 'no' 'no' 'no' 'no' 'no' 'no' 'no'
 'no' 'no' 'no' 'no' 'no']
50, 1010, 56
50, 1020, 56
50, 1030, 56
50, 1040, 56
50, 1050, 56
50, 1060, 56
['no']
['no' 'no' 'no' 'no' 'no' 'no' 'no' 'no' 'no' 'no' 'no' 'no' 'no' 'no'
 'no' 'no' 'no' 'no' 'no']
49, 1060, 56
50, 1070, 53
50, 1080, 56
50, 1090, 55
50, 1100, 56
50, 1110, 55
['yes']
['no' 'no' 'no' 'no' 'no' 'no' 'no' 'no' 'no' 'no' 'no' 'no' 'no' 'no'
 'no' 'no' 'no' 'no' 'no']
49, 1110, 55
49, 1120, 53
49, 1130, 54
49, 1140, 54
49, 1150, 54
49, 1160, 55
['no']
['no' 'no' 'no' 'no' 'no' 'no' 'no' 'no' 'no' 'no' 'no' 'no' 'no' 'no'
 'no' 'no' 'no' 'no' 'no']
48, 1160, 55
48, 1170, 52
48, 1180, 53
48, 1190, 52
48, 1200, 52
48, 1210, 53
['yes']
['no' 'no' 'no' 'no' 'no' 'no' 'no' 'no' 'no' 'no' 'no' 'no' 'no' 'no'
 'no' 'no' 'no' 'no' 'no']
48, 1210, 53
48, 1220, 52
49, 1230, 51
49, 1240, 53
49, 1250, 54
49, 1260, 53
['no']
['no' 'no' 'no' 'no' 'no' 'no' 'no' 'no' 'no' 'no' 'no' 'yes' 'no' 'no'
 'no' 'no' 'no' 'no' 'no']
48, 1260, 53
48, 1270, 52
49, 1280, 52
50, 1290, 52
50, 1300, 53
50, 1310, 54
['yes']
['no' 'no' 'no' 'no' 'no' 'no' 'no' 'no' 'no' 'no' 'no' 'no' 'no' 'no'
 'no' 'no' 'no' 'no' 'no']
49, 1310, 54
49, 1320, 53
49, 1330, 53
49, 1340, 53
49, 1350, 53
49, 1360, 52
['no']
['no' 'no' 'no' 'no' 'no' 'no' 'no' 'no' 'no' 'no' 'no' 'no' 'no' 'no'
 'no' 'no' 'no' 'no' 'no']
48, 1360, 52
48, 1370, 51
49, 1380, 51
49, 1390, 53
49, 1400, 52
49, 1410, 53
['yes']
['no' 'no' 'no' 'no' 'no' 'no' 'no' 'no' 'no' 'no' 'no' 'no' 'no' 'no'
 'no' 'no' 'no' 'no' 'no']
50, 1410, 53
50, 1420, 54
50, 1430, 53
50, 1440, 53
50, 1450, 53
50, 1460, 53
['no']
['no' 'no' 'no' 'no' 'no' 'no' 'no' 'no' 'no' 'no' 'no' 'no' 'no' 'no'
 'no' 'no' 'no' 'no' 'no']
49, 1460, 53
49, 1470, 52
49, 1480, 52
49, 1490, 52
49, 1500, 52
49, 1510, 52
['no']
['no' 'no' 'no' 'no' 'no' 'no' 'no' 'no' 'no' 'no' 'no' 'no' 'no' 'no'
 'no' 'no' 'no' 'no' 'no']
48, 1510, 52
48, 1520, 50
48, 1530, 50
48, 1540, 51
48, 1550, 51
49, 1560, 50
['no']
['no' 'no' 'no' 'no' 'no' 'no' 'no' 'no' 'no' 'no' 'no' 'no' 'no' 'no'
 'no' 'no' 'no' 'no' 'no']
48, 1560, 50
48, 1570, 51
48, 1580, 51
48, 1590, 51
48, 1600, 51
48, 1610, 50
['yes']
['no' 'no' 'no' 'no' 'no' 'no' 'no' 'no' 'no' 'no' 'no' 'no' 'no' 'no'
 'no' 'no' 'no' 'no' 'no']
48, 1610, 50
48, 1620, 50
48, 1630, 50
48, 1640, 50
48, 1650, 50
48, 1660, 50
['no']
['no' 'no' 'no' 'no' 'no' 'no' 'no' 'no' 'no' 'yes' 'no' 'no' 'no' 'no'
 'no' 'no' 'no' 'no' 'no']
48, 1660, 50
49, 1670, 50
49, 1680, 52
49, 1690, 52
{'count': 2367, 'truepos': 47, 'falseneg': 13, 'correction': 36, 'unknownyes': 2, 'falsepos': 2, 'unique': 1690}
5: Wahono.csv: knee: 0, 0
2, 10
4, 20
5, 30
6, 40
7, 50
8, 60
10, 70
11, 80
11, 90
12, 100
13, 110
14, 120
14, 130
14, 140
14, 150
14, 160
14, 170
14, 180
15, 190
15, 200
15, 210
16, 220
16, 230
16, 240
16, 250
16, 260
17, 270
17, 280
17, 290
17, 300
17, 310
18, 320
22, 330
24, 340
24, 350
24, 360
25, 370
25, 380
26, 390
26, 400
26, 410
26, 420
26, 430
27, 440
27, 450
27, 460
28, 470
28, 480
28, 490
28, 500
28, 510
28, 520
28, 530
28, 540
28, 550
28, 560
28, 570
28, 580
28, 590
28, 600
28, 610
28, 620
28, 630
28, 640
28, 650
29, 660
29, 670
29, 680
29, 690
29, 700
29, 710
29, 720
29, 730
29, 740
29, 750
29, 760
30, 770
30, 780
30, 790
31, 800
31, 810
31, 820
31, 830
31, 840
33, 850
33, 860
33, 870
33, 880
33, 890
34, 900
35, 910
35, 920
35, 930
35, 940
35, 950
36, 960
36, 970
36, 980
36, 990
36, 1000
36, 1010
36, 1020
36, 1030
36, 1040
36, 1050
36, 1060
36, 1070
36, 1080
36, 1090
36, 1100
36, 1110
36, 1120
36, 1130
37, 1140
37, 1150
37, 1160
37, 1170
37, 1180
37, 1190
37, 1200
37, 1210
37, 1220
37, 1230
37, 1240
37, 1250
37, 1260
37, 1270
37, 1280
37, 1290
37, 1300
37, 1310
37, 1320
37, 1330
37, 1340
37, 1350
37, 1360
37, 1370
37, 1380
37, 1390
37, 1400
37, 1410
37, 1420
37, 1430
37, 1440
37, 1450
37, 1460
37, 1470
{'count': 1849, 'truepos': 47, 'falseneg': 13, 'correction': 16, 'unknownyes': 2, 'falsepos': 2, 'unique': 1470}
5: Danijel.csv: none: 0, 0
2, 10
2, 20, 104
2, 30, 71
3, 40, 54
4, 50, 54
5, 60, 49
5, 70, 44
5, 80, 42
5, 90, 42
5, 100, 42
6, 110, 42
7, 120, 43
7, 130, 42
8, 140, 42
10, 150, 42
11, 160, 46
14, 170, 45
15, 180, 45
15, 190, 44
15, 200, 44
16, 210, 43
16, 220, 44
16, 230, 44
17, 240, 44
18, 250, 44
18, 260, 45
18, 270, 44
18, 280, 44
18, 290, 44
18, 300, 44
18, 310, 45
18, 320, 45
18, 330, 45
18, 340, 45
19, 350, 45
19, 360, 46
19, 370, 46
19, 380, 46
19, 390, 46
19, 400, 46
19, 410, 46
19, 420, 46
19, 430, 46
19, 440, 47
19, 450, 47
19, 460, 47
19, 470, 47
19, 480, 47
19, 490, 47
19, 500, 47
19, 510, 47
19, 520, 47
19, 530, 47
19, 540, 48
20, 550, 48
20, 560, 49
21, 570, 49
21, 580, 49
22, 590, 48
22, 600, 49
22, 610, 49
22, 620, 49
22, 630, 49
22, 640, 49
22, 650, 49
22, 660, 49
22, 670, 49
22, 680, 49
22, 690, 49
22, 700, 49
22, 710, 49
22, 720, 49
22, 730, 49
23, 740, 49
23, 750, 50
23, 760, 50
23, 770, 50
23, 780, 50
23, 790, 50
23, 800, 50
23, 810, 50
23, 820, 50
23, 830, 50
23, 840, 50
23, 850, 50
23, 860, 50
23, 870, 50
23, 880, 50
23, 890, 50
23, 900, 50
23, 910, 50
23, 920, 50
23, 930, 50
23, 940, 50
23, 950, 50
23, 960, 50
24, 970, 50
24, 980, 53
24, 990, 53
24, 1000, 53
24, 1010, 53
24, 1020, 53
24, 1030, 53
24, 1040, 53
24, 1050, 53
24, 1060, 53
24, 1070, 52
24, 1080, 52
24, 1090, 52
24, 1100, 53
24, 1110, 53
24, 1120, 52
24, 1130, 52
24, 1140, 52
24, 1150, 52
24, 1160, 52
25, 1170, 52
25, 1180, 54
25, 1190, 54
25, 1200, 54
25, 1210, 53
25, 1220, 53
25, 1230, 53
25, 1240, 53
25, 1250, 53
25, 1260, 54
25, 1270, 54
25, 1280, 54
25, 1290, 54
25, 1300, 54
25, 1310, 54
25, 1320, 54
26, 1330, 54
26, 1340, 55
26, 1350, 55
26, 1360, 55
26, 1370, 55
26, 1380, 55
26, 1390, 55
26, 1400, 55
26, 1410, 55
26, 1420, 55
26, 1430, 55
26, 1440, 55
26, 1450, 55
26, 1460, 55
26, 1470, 55
26, 1480, 55
26, 1490, 55
26, 1500, 54
26, 1510, 54
27, 1520, 54
27, 1530, 56
27, 1540, 55
27, 1550, 55
27, 1560, 55
27, 1570, 55
27, 1580, 55
27, 1590, 55
27, 1600, 55
27, 1610, 55
27, 1620, 55
27, 1630, 55
27, 1640, 55
27, 1650, 55
27, 1660, 55
27, 1670, 55
27, 1680, 55
27, 1690, 55
28, 1700, 55
28, 1710, 62
28, 1720, 58
28, 1730, 55
28, 1740, 55
28, 1750, 55
28, 1760, 55
28, 1770, 55
28, 1780, 55
28, 1790, 55
28, 1800, 55
28, 1810, 55
28, 1820, 55
28, 1830, 55
28, 1840, 55
28, 1850, 55
29, 1860, 54
29, 1870, 55
29, 1880, 55
29, 1890, 55
29, 1900, 55
29, 1910, 55
29, 1920, 55
30, 1930, 55
30, 1940, 34
30, 1950, 36
30, 1960, 33
30, 1970, 32
30, 1980, 32
30, 1990, 33
30, 2000, 32
30, 2010, 33
30, 2020, 32
30, 2030, 32
30, 2040, 32
30, 2050, 32
30, 2060, 32
30, 2070, 32
30, 2080, 32
30, 2090, 32
30, 2100, 32
30, 2110, 32
30, 2120, 32
{'count': 2120, 'truepos': 26, 'falseneg': 21, 'correction': 0, 'unknownyes': 1, 'falsepos': 4, 'unique': 2120}
5: Danijel.csv: three: 0, 0
3, 10
4, 20, 109
6, 30, 97
9, 40, 88
9, 50, 98
13, 60, 68
14, 70, 72
14, 80, 66
14, 90, 53
15, 100, 47
16, 110, 45
16, 120, 43
16, 130, 42
16, 140, 41
17, 150, 41
18, 160, 41
19, 170, 40
20, 180, 40
21, 190, 40
23, 200, 41
25, 210, 42
25, 220, 44
25, 230, 44
25, 240, 44
25, 250, 44
26, 260, 44
26, 270, 44
26, 280, 44
26, 290, 45
26, 300, 45
26, 310, 45
27, 320, 45
28, 330, 46
28, 340, 46
29, 350, 47
29, 360, 47
29, 370, 46
29, 380, 46
29, 390, 47
29, 400, 47
29, 410, 47
29, 420, 47
29, 430, 47
30, 440, 47
30, 450, 37
31, 460, 37
31, 470, 38
31, 480, 39
31, 490, 38
31, 500, 37
31, 510, 37
32, 520, 38
32, 530, 38
32, 540, 39
32, 550, 39
32, 560, 39
32, 570, 37
32, 580, 37
32, 590, 38
32, 600, 40
32, 610, 37
32, 620, 38
32, 630, 38
32, 640, 37
32, 650, 36
32, 660, 37
32, 670, 36
32, 680, 37
32, 690, 36
32, 700, 36
32, 710, 37
32, 720, 36
32, 730, 36
32, 740, 35
32, 750, 35
32, 760, 36
32, 770, 36
32, 780, 35
32, 790, 35
32, 800, 36
32, 810, 36
32, 820, 36
32, 830, 35
32, 840, 35
32, 850, 35
32, 860, 35
32, 870, 35
32, 880, 35
32, 890, 35
32, 900, 35
32, 910, 35
32, 920, 35
32, 930, 35
32, 940, 34
32, 950, 35
32, 960, 35
32, 970, 35
32, 980, 35
32, 990, 34
32, 1000, 34
32, 1010, 34
32, 1020, 34
32, 1030, 35
32, 1040, 34
32, 1050, 34
32, 1060, 34
32, 1070, 35
32, 1080, 34
32, 1090, 34
32, 1100, 34
33, 1110, 34
33, 1120, 35
33, 1130, 35
33, 1140, 35
33, 1150, 35
33, 1160, 35
33, 1170, 35
33, 1180, 35
33, 1190, 35
33, 1200, 35
33, 1210, 35
33, 1220, 35
{'count': 2464, 'truepos': 33, 'falseneg': 14, 'correction': 19, 'unknownyes': 1, 'falsepos': 0, 'unique': 1220}
5: Danijel.csv: machine: 0, 0
3, 10
3, 20, 107
5, 30, 79
6, 40, 61
7, 50, 53
7, 60, 47
['yes']
['no' 'no' 'no' 'no' 'no' 'no' 'no' 'no' 'no' 'no' 'no' 'no' 'no' 'no'
 'no' 'no' 'no' 'no' 'no']
6, 60, 47
9, 70, 48
9, 80, 56
9, 90, 51
9, 100, 47
11, 110, 47
['yes']
['no' 'no' 'no' 'no' 'no' 'no' 'yes' 'no' 'no' 'no' 'no' 'no' 'no' 'yes'
 'no' 'no' 'no' 'no' 'no']
11, 110, 47
11, 120, 51
11, 130, 46
13, 140, 46
13, 150, 48
13, 160, 47
['yes']
['no' 'no' 'no' 'no' 'no' 'no' 'no' 'no' 'no' 'no' 'no' 'no' 'no' 'no'
 'no' 'no' 'no' 'no' 'no']
13, 160, 47
13, 170, 47
13, 180, 47
14, 190, 47
14, 200, 48
14, 210, 48
['yes']
['no' 'no' 'no' 'no' 'no' 'no' 'no' 'no' 'no' 'no' 'no' 'no' 'no' 'no'
 'no' 'no' 'no' 'no' 'no']
14, 210, 48
14, 220, 48
15, 230, 48
15, 240, 49
17, 250, 49
18, 260, 51
['no']
['yes' 'yes' 'no' 'no' 'no' 'no' 'no' 'no' 'no' 'no' 'no' 'yes' 'yes' 'no'
 'no' 'no' 'no' 'no' 'yes']
20, 260, 51
20, 270, 49
21, 280, 48
21, 290, 47
21, 300, 47
21, 310, 46
['yes']
['no' 'no' 'no' 'no' 'yes' 'no' 'no' 'no' 'no' 'no' 'no' 'no' 'yes' 'no'
 'no' 'no' 'no' 'no' 'no']
22, 310, 46
22, 320, 47
23, 330, 47
23, 340, 49
23, 350, 49
23, 360, 49
['yes']
['no' 'no' 'no' 'no' 'no' 'no' 'no' 'no' 'no' 'no' 'no' 'no' 'no' 'yes'
 'no' 'no' 'no' 'no' 'no']
25, 360, 49
25, 370, 50
25, 380, 50
25, 390, 50
25, 400, 50
25, 410, 50
['yes']
['no' 'no' 'no' 'no' 'no' 'no' 'no' 'no' 'no' 'no' 'no' 'no' 'no' 'no'
 'no' 'no' 'no' 'no' 'no']
24, 410, 50
24, 420, 50
24, 430, 50
24, 440, 50
24, 450, 50
24, 460, 50
['yes']
['no' 'no' 'no' 'no' 'yes' 'no' 'no' 'no' 'no' 'no' 'no' 'no' 'no' 'no'
 'no' 'no' 'no' 'no' 'no']
25, 460, 50
26, 470, 51
27, 480, 52
27, 490, 52
27, 500, 52
27, 510, 52
['yes']
['no' 'no' 'no' 'no' 'no' 'no' 'no' 'no' 'no' 'no' 'no' 'no' 'no' 'no'
 'no' 'yes' 'no' 'yes' 'no']
28, 510, 52
29, 520, 52
30, 530, 53
30, 540, 39
30, 550, 38
31, 560, 37
['no']
['no' 'yes' 'no' 'no' 'no' 'no' 'no' 'no' 'no' 'no' 'no' 'no' 'no' 'no'
 'no' 'no' 'no' 'no' 'no']
31, 560, 37
31, 570, 38
31, 580, 39
31, 590, 39
31, 600, 39
32, 610, 38
['no']
['no' 'no' 'no' 'no' 'no' 'no' 'no' 'no' 'no' 'no' 'no' 'no' 'no' 'no'
 'no' 'no' 'no' 'no' 'no']
31, 610, 38
32, 620, 39
33, 630, 39
34, 640, 41
34, 650, 41
34, 660, 42
['yes']
['no' 'no' 'no' 'no' 'no' 'no' 'no' 'no' 'no' 'no' 'no' 'no' 'no' 'no'
 'no' 'no' 'no' 'no' 'no']
34, 660, 42
34, 670, 41
34, 680, 41
34, 690, 42
34, 700, 41
34, 710, 40
['yes']
['no' 'no' 'no' 'no' 'no' 'no' 'no' 'no' 'no' 'no' 'no' 'no' 'no' 'no'
 'yes' 'no' 'no' 'no' 'no']
34, 710, 40
35, 720, 39
35, 730, 41
35, 740, 40
35, 750, 40
35, 760, 41
['yes']
['no' 'no' 'no' 'yes' 'no' 'no' 'no' 'no' 'no' 'no' 'no' 'no' 'no' 'no'
 'no' 'no' 'no' 'no' 'no']
34, 760, 41
34, 770, 38
34, 780, 39
34, 790, 38
34, 800, 40
34, 810, 39
['no']
['no' 'no' 'no' 'no' 'no' 'no' 'no' 'no' 'no' 'no' 'no' 'no' 'no' 'no'
 'no' 'no' 'no' 'no' 'no']
33, 810, 39
33, 820, 37
34, 830, 38
34, 840, 40
34, 850, 39
34, 860, 40
['no']
['no' 'no' 'no' 'no' 'no' 'no' 'no' 'no' 'no' 'no' 'no' 'no' 'no' 'no'
 'no' 'no' 'no' 'no' 'no']
34, 860, 40
34, 870, 40
34, 880, 40
34, 890, 40
34, 900, 40
34, 910, 40
['yes']
['no' 'no' 'no' 'no' 'no' 'no' 'no' 'no' 'no' 'no' 'no' 'no' 'no' 'no'
 'no' 'no' 'no' 'no' 'no']
34, 910, 40
34, 920, 39
34, 930, 39
34, 940, 41
34, 950, 39
34, 960, 39
['yes']
['no' 'no' 'no' 'no' 'no' 'no' 'no' 'no' 'no' 'no' 'no' 'no' 'no' 'no'
 'no' 'no' 'no' 'no' 'no']
33, 960, 39
33, 970, 38
33, 980, 38
33, 990, 39
33, 1000, 37
33, 1010, 37
['yes']
['no' 'no' 'no' 'no' 'no' 'no' 'no' 'no' 'no' 'no' 'no' 'no' 'no' 'no'
 'no' 'no' 'no' 'no' 'no']
33, 1010, 37
33, 1020, 38
33, 1030, 38
33, 1040, 37
33, 1050, 37
33, 1060, 37
['yes']
['no' 'no' 'no' 'no' 'no' 'no' 'no' 'no' 'no' 'no' 'no' 'no' 'no' 'no'
 'no' 'no' 'no' 'no' 'no']
33, 1060, 37
33, 1070, 37
33, 1080, 36
33, 1090, 36
33, 1100, 36
33, 1110, 37
['no']
['no' 'no' 'no' 'no' 'no' 'no' 'no' 'no' 'no' 'no' 'no' 'no' 'no' 'no'
 'no' 'no' 'no' 'no' 'no']
32, 1110, 37
32, 1120, 35
32, 1130, 34
32, 1140, 35
32, 1150, 34
32, 1160, 34
['yes']
['no' 'no' 'no' 'no' 'no' 'no' 'no' 'no' 'no' 'yes' 'no' 'no' 'no' 'no'
 'no' 'no' 'no' 'no' 'no']
33, 1160, 34
33, 1170, 36
33, 1180, 37
33, 1190, 36
33, 1200, 36
33, 1210, 35
['yes']
['no' 'no' 'no' 'no' 'no' 'no' 'no' 'no' 'no' 'no' 'no' 'no' 'no' 'no'
 'no' 'no' 'no' 'no' 'no']
33, 1210, 35
33, 1220, 35
33, 1230, 36
33, 1240, 35
33, 1250, 35
33, 1260, 35
['yes']
['no' 'no' 'no' 'no' 'no' 'no' 'no' 'no' 'no' 'no' 'no' 'no' 'no' 'no'
 'no' 'no' 'no' 'no' 'no']
33, 1260, 35
33, 1270, 35
33, 1280, 35
33, 1290, 36
33, 1300, 35
33, 1310, 34
['yes']
['no' 'no' 'no' 'no' 'no' 'no' 'no' 'no' 'no' 'no' 'no' 'no' 'no' 'no'
 'no' 'no' 'no' 'no' 'no']
33, 1310, 34
33, 1320, 35
33, 1330, 35
33, 1340, 35
34, 1350, 35
34, 1360, 37
['no']
['no' 'no' 'no' 'no' 'no' 'no' 'no' 'no' 'no' 'no' 'no' 'no' 'no' 'no'
 'no' 'no' 'no' 'no' 'no']
34, 1360, 37
34, 1370, 36
34, 1380, 36
34, 1390, 36
34, 1400, 36
34, 1410, 36
['no']
['no' 'no' 'no' 'no' 'no' 'no' 'no' 'no' 'no' 'no' 'no' 'no' 'no' 'no'
 'no' 'no' 'no' 'no' 'no']
33, 1410, 36
33, 1420, 34
33, 1430, 35
33, 1440, 34
33, 1450, 34
33, 1460, 34
['yes']
['no' 'no' 'no' 'no' 'no' 'no' 'no' 'no' 'no' 'no' 'no' 'no' 'no' 'no'
 'no' 'no' 'no' 'no' 'no']
33, 1460, 34
33, 1470, 34
33, 1480, 34
33, 1490, 34
33, 1500, 34
33, 1510, 34
['yes']
['no' 'no' 'no' 'no' 'no' 'no' 'no' 'no' 'no' 'no' 'no' 'no' 'no' 'no'
 'no' 'no' 'no' 'no' 'no']
33, 1510, 34
{'count': 2121, 'truepos': 32, 'falseneg': 14, 'correction': 20, 'unknownyes': 2, 'falsepos': 1, 'unique': 1510}
5: Danijel.csv: knee: 0, 0
4, 10
5, 20
7, 30
10, 40
10, 50
11, 60
14, 70
17, 80
21, 90
24, 100
24, 110
26, 120
28, 130
29, 140
31, 150
33, 160
33, 170
33, 180
33, 190
33, 200
34, 210
34, 220
34, 230
{'count': 358, 'truepos': 35, 'falseneg': 2, 'correction': 1, 'unknownyes': 11, 'falsepos': 1, 'unique': 230}
5: K_all3.csv: none: 0, 0
0, 10
0, 20
2, 30
2, 40, 70
3, 50, 66
4, 60, 50
4, 70, 48
5, 80, 42
5, 90, 37
6, 100, 35
8, 110, 34
10, 120, 35
10, 130, 36
12, 140, 35
13, 150, 37
16, 160, 37
17, 170, 40
18, 180, 39
19, 190, 39
19, 200, 39
19, 210, 38
20, 220, 38
20, 230, 39
21, 240, 39
21, 250, 40
21, 260, 40
21, 270, 39
21, 280, 39
21, 290, 39
23, 300, 39
23, 310, 40
23, 320, 40
23, 330, 40
23, 340, 40
23, 350, 40
23, 360, 40
23, 370, 39
23, 380, 39
23, 390, 39
23, 400, 39
23, 410, 39
24, 420, 39
25, 430, 40
25, 440, 41
25, 450, 40
25, 460, 40
26, 470, 40
26, 480, 41
26, 490, 41
27, 500, 40
29, 510, 41
29, 520, 43
29, 530, 43
29, 540, 43
29, 550, 43
31, 560, 42
31, 570, 34
32, 580, 33
32, 590, 35
32, 600, 35
32, 610, 34
33, 620, 34
33, 630, 35
33, 640, 35
33, 650, 35
33, 660, 35
33, 670, 35
33, 680, 35
{'count': 680, 'truepos': 26, 'falseneg': 15, 'correction': 0, 'unknownyes': 4, 'falsepos': 7, 'unique': 680}
5: K_all3.csv: three: 0, 0
1, 10
1, 20, 93
1, 30, 61
1, 40, 51
1, 50, 48
1, 60, 46
1, 70, 44
1, 80, 43
1, 90, 42
1, 100, 42
1, 110, 41
1, 120, 41
1, 130, 40
1, 140, 40
1, 150, 39
1, 160, 39
1, 170, 39
1, 180, 39
2, 190, 38
4, 200, 40
6, 210, 41
9, 220, 41
13, 230, 42
16, 240, 45
17, 250, 46
18, 260, 45
18, 270, 44
19, 280, 42
20, 290, 41
20, 300, 41
20, 310, 40
21, 320, 40
21, 330, 41
21, 340, 40
23, 350, 40
25, 360, 42
25, 370, 42
26, 380, 42
27, 390, 43
28, 400, 43
29, 410, 44
29, 420, 44
29, 430, 43
30, 440, 43
30, 450, 39
30, 460, 37
31, 470, 36
31, 480, 37
31, 490, 36
31, 500, 35
31, 510, 35
31, 520, 35
31, 530, 34
32, 540, 34
33, 550, 35
33, 560, 37
33, 570, 36
33, 580, 36
33, 590, 36
34, 600, 35
34, 610, 37
34, 620, 36
34, 630, 36
{'count': 1285, 'truepos': 34, 'falseneg': 5, 'correction': 24, 'unknownyes': 6, 'falsepos': 0, 'unique': 630}
5: K_all3.csv: machine: 0, 0
1, 10
1, 20, 93
1, 30, 61
1, 40, 51
1, 50, 48
1, 60, 46
['yes']
['no' 'no' 'no' 'no' 'no' 'no' 'no' 'no' 'no' 'no' 'no' 'no' 'no' 'no'
 'no' 'no' 'no' 'no' 'no']
1, 60, 46
1, 70, 44
1, 80, 43
2, 90, 42
4, 100, 43
6, 110, 49
['yes']
['no' 'no' 'no' 'no' 'no' 'no' 'no' 'no' 'no' 'no' 'no' 'no' 'no' 'no'
 'no' 'no' 'no' 'no' 'no']
7, 110, 49
8, 120, 49
10, 130, 46
13, 140, 46
14, 150, 49
17, 160, 47
['yes']
['no' 'yes' 'no' 'no' 'no' 'no' 'no' 'no' 'no' 'no' 'no' 'no' 'no' 'no'
 'yes' 'no' 'no' 'no' 'no']
18, 160, 47
19, 170, 52
22, 180, 50
23, 190, 52
24, 200, 50
24, 210, 49
['no']
['no' 'no' 'no' 'no' 'no' 'no' 'no' 'no' 'no' 'no' 'no' 'no' 'no' 'no'
 'no' 'no' 'no' 'no' 'yes']
24, 210, 49
25, 220, 49
26, 230, 48
27, 240, 49
30, 250, 49
30, 260, 44
['no']
['no' 'no' 'no' 'no' 'no' 'no' 'no' 'no' 'no' 'no' 'no' 'no' 'no' 'no'
 'no' 'no' 'no' 'no' 'no']
29, 260, 44
29, 270, 50
29, 280, 49
29, 290, 48
30, 300, 47
30, 310, 38
['yes']
['no' 'no' 'no' 'no' 'no' 'yes' 'no' 'no' 'no' 'yes' 'no' 'no' 'no' 'no'
 'no' 'no' 'no' 'no' 'no']
32, 310, 38
33, 320, 39
33, 330, 40
33, 340, 41
34, 350, 40
34, 360, 42
['no']
['no' 'no' 'no' 'no' 'no' 'no' 'no' 'no' 'no' 'no' 'no' 'no' 'no' 'no'
 'no' 'no' 'no' 'no' 'no']
33, 360, 42
33, 370, 38
33, 380, 39
33, 390, 39
33, 400, 37
33, 410, 37
['yes']
['no' 'no' 'no' 'no' 'no' 'no' 'no' 'no' 'no' 'no' 'no' 'no' 'no' 'no'
 'no' 'no' 'no' 'no' 'no']
32, 410, 37
33, 420, 36
33, 430, 38
33, 440, 38
33, 450, 37
34, 460, 37
['yes']
['no' 'no' 'no' 'no' 'no' 'no' 'no' 'no' 'no' 'no' 'no' 'no' 'no' 'no'
 'no' 'no' 'no' 'no' 'no']
34, 460, 37
34, 470, 38
34, 480, 38
34, 490, 37
34, 500, 38
34, 510, 37
['yes']
['no' 'no' 'no' 'no' 'no' 'no' 'no' 'no' 'no' 'no' 'no' 'yes' 'no' 'yes'
 'no' 'no' 'no' 'no' 'no']
35, 510, 37
35, 520, 38
35, 530, 38
35, 540, 38
35, 550, 37
35, 560, 38
['yes']
['no' 'no' 'no' 'no' 'no' 'no' 'no' 'no' 'no' 'no' 'no' 'no' 'no' 'no'
 'no' 'no' 'no' 'no' 'no']
35, 560, 38
35, 570, 37
35, 580, 37
36, 590, 37
36, 600, 38
36, 610, 38
['yes']
['no' 'no' 'no' 'no' 'no' 'no' 'no' 'yes' 'no' 'yes' 'no' 'no' 'no' 'no'
 'no' 'no' 'no' 'no' 'no']
38, 610, 38
{'count': 855, 'truepos': 34, 'falseneg': 9, 'correction': 11, 'unknownyes': 2, 'falsepos': 4, 'unique': 610}
5: K_all3.csv: knee: 0, 0
1, 10
1, 20
2, 30
2, 40
2, 50
3, 60
4, 70
7, 80
8, 90
9, 100
10, 110
11, 120
14, 130
15, 140
16, 150
17, 160
17, 170
17, 180
17, 190
17, 200
17, 210
19, 220
19, 230
19, 240
19, 250
19, 260
19, 270
20, 280
21, 290
21, 300
22, 310
22, 320
23, 330
24, 340
26, 350
27, 360
28, 370
29, 380
29, 390
29, 400
29, 410
30, 420
30, 430
30, 440
32, 450
32, 460
32, 470
32, 480
33, 490
33, 500
33, 510
33, 520
33, 530
33, 540
34, 550
34, 560
36, 570
36, 580
36, 590
36, 600
36, 610
36, 620
36, 630
36, 640
37, 650
37, 660
38, 670
39, 680
39, 690
40, 700
40, 710
40, 720
40, 730
40, 740
40, 750
40, 760
40, 770
40, 780
41, 790
41, 800
41, 810
41, 820
42, 830
42, 840
43, 850
43, 860
43, 870
43, 880
43, 890
43, 900
43, 910
43, 920
43, 930
44, 940
44, 950
44, 960
44, 970
44, 980
44, 990
44, 1000
44, 1010
44, 1020
44, 1030
44, 1040
44, 1050
44, 1060
44, 1070
44, 1080
44, 1090
44, 1100
44, 1110
44, 1120
44, 1130
44, 1140
44, 1150
44, 1160
44, 1170
45, 1180
45, 1190
45, 1200
45, 1210
46, 1220
46, 1230
46, 1240
46, 1250
46, 1260
46, 1270
46, 1280
46, 1290
46, 1300
46, 1310
46, 1320
46, 1330
46, 1340
46, 1350
46, 1360
46, 1370
46, 1380
46, 1390
46, 1400
46, 1410
46, 1420
46, 1430
46, 1440
46, 1450
46, 1460
46, 1470
46, 1480
46, 1490
46, 1500
46, 1510
46, 1520
46, 1530
46, 1540
{'count': 2212, 'truepos': 42, 'falseneg': 3, 'correction': 15, 'unknownyes': 0, 'falsepos': 13, 'unique': 1540}

------------------------------------------------------------
Sender: LSF System <lsfadmin@n2e5-2>
Subject: Job 759522: </share/tjmenzie/zyu9/miniconda2/bin/python2.7 runner.py error_hpcc 5> in cluster <henry2> Done

Job </share/tjmenzie/zyu9/miniconda2/bin/python2.7 runner.py error_hpcc 5> was submitted from host <login01.hpc.ncsu.edu> by user <zyu9> in cluster <henry2> at Sat Feb 24 16:17:36 2018.
Job was executed on host(s) <2*n2e5-2>, in queue <single_chassis>, as user <zyu9> in cluster <henry2> at Sat Feb 24 16:17:42 2018.
</home/zyu9> was used as the home directory.
</home/zyu9/projects/MAR_HPC/Error/src> was used as the working directory.
Started at Sat Feb 24 16:17:42 2018.
Terminated at Sat Feb 24 18:28:26 2018.
Results reported at Sat Feb 24 18:28:26 2018.

Your job looked like:

------------------------------------------------------------
# LSBATCH: User input
/share/tjmenzie/zyu9/miniconda2/bin/python2.7 runner.py error_hpcc 5
------------------------------------------------------------

Successfully completed.

Resource usage summary:

    CPU time :                                   9480.48 sec.
    Max Memory :                                 285.13 MB
    Average Memory :                             224.07 MB
    Total Requested Memory :                     -
    Delta Memory :                               -
    Max Swap :                                   1328 MB
    Max Processes :                              3
    Max Threads :                                8
    Run time :                                   7849 sec.
    Turnaround time :                            7850 sec.

The output (if any) is above this job summary.



PS: The stderr output (if any) follows:



PS:

Fail to open stderr file ./err/5.err.759522: No such file or directory.
The stderr output is included in this report.

