5: Hall.csv: none: 0, 0
8, 10
11, 20, 125
12, 30, 129
16, 40, 120
16, 50, 120
21, 60, 106
24, 70, 120
26, 80, 122
31, 90, 121
38, 100, 110
43, 110, 114
51, 120, 117
54, 130, 126
58, 140, 109
61, 150, 114
67, 160, 103
72, 170, 108
75, 180, 115
79, 190, 103
83, 200, 104
85, 210, 108
87, 220, 105
91, 230, 104
94, 240, 108
95, 250, 110
96, 260, 109
97, 270, 111
98, 280, 110
98, 290, 109
100, 300, 111
100, 310, 114
101, 320, 116
101, 330, 117
101, 340, 115
101, 350, 113
101, 360, 113
101, 370, 110
101, 380, 110
101, 390, 110
101, 400, 109
101, 410, 109
101, 420, 109
101, 430, 109
101, 440, 108
101, 450, 108
102, 460, 108
102, 470, 109
102, 480, 108
102, 490, 108
102, 500, 110
102, 510, 108
102, 520, 108
{'count': 520, 'truepos': 102, 'falseneg': 0, 'unknownyes': 4, 'falsepos': 0, 'unique': 520}
5: Hall.csv: three: 0, 0
8, 10
12, 20, 125
13, 30, 142
19, 40, 127
20, 50, 142
20, 60, 143
22, 70, 124
23, 80, 123
24, 90, 114
26, 100, 103
30, 110, 101
34, 120, 92
41, 130, 97
46, 140, 104
52, 150, 92
56, 160, 100
64, 170, 93
66, 180, 94
67, 190, 98
71, 200, 97
75, 210, 99
78, 220, 94
81, 230, 95
84, 240, 93
85, 250, 97
86, 260, 104
88, 270, 100
94, 280, 99
98, 290, 113
98, 300, 115
100, 310, 113
100, 320, 115
100, 330, 114
101, 340, 112
101, 350, 111
101, 360, 112
101, 370, 110
101, 380, 110
101, 390, 109
101, 400, 110
101, 410, 108
101, 420, 107
102, 430, 108
102, 440, 109
102, 450, 109
102, 460, 109
102, 470, 109
102, 480, 108
102, 490, 108
{'count': 980, 'truepos': 102, 'falseneg': 0, 'unknownyes': 4, 'falsepos': 0, 'unique': 490}
5: Hall.csv: machine: 0, 0
8, 10
8, 20, 121
10, 30, 106
13, 40, 113
19, 50, 107
21, 60, 112
22, 70, 119
27, 80, 100
30, 90, 110
34, 100, 88
40, 110, 93
46, 120, 90
52, 130, 89
55, 140, 102
60, 150, 96
63, 160, 99
68, 170, 94
73, 180, 97
76, 190, 101
81, 200, 96
84, 210, 99
85, 220, 102
90, 230, 101
92, 240, 110
93, 250, 110
93, 260, 110
95, 270, 106
96, 280, 110
97, 290, 110
97, 300, 111
98, 310, 107
99, 320, 107
99, 330, 107
99, 340, 108
99, 350, 107
100, 360, 107
100, 370, 110
100, 380, 108
100, 390, 109
101, 400, 107
101, 410, 112
101, 420, 109
101, 430, 109
101, 440, 107
101, 450, 108
101, 460, 107
{'count': 470, 'truepos': 101, 'falseneg': 0, 'unknownyes': 5, 'falsepos': 0, 'unique': 470}
5: Hall.csv: machine2: 0, 0
8, 10
8, 20, 124
11, 30, 109
17, 40, 112
20, 50, 126
21, 60, 142
22, 70, 127
24, 80, 135
28, 90, 117
32, 100, 124
37, 110, 108
44, 120, 111
51, 130, 107
54, 140, 122
59, 150, 117
63, 160, 118
66, 170, 109
72, 180, 98
76, 190, 107
80, 200, 108
83, 210, 104
84, 220, 117
87, 230, 102
90, 240, 106
94, 250, 105
96, 260, 110
96, 270, 110
97, 280, 109
98, 290, 110
98, 300, 111
99, 310, 110
99, 320, 112
99, 330, 110
100, 340, 109
100, 350, 110
100, 360, 109
100, 370, 110
100, 380, 108
101, 390, 108
101, 400, 110
101, 410, 111
102, 420, 108
102, 430, 109
102, 440, 110
102, 450, 111
102, 460, 110
102, 470, 108
102, 480, 110
102, 490, 108
102, 500, 110
102, 510, 109
{'count': 520, 'truepos': 102, 'falseneg': 0, 'unknownyes': 4, 'falsepos': 0, 'unique': 520}
5: Hall.csv: machine3: 0, 0
8, 10
10, 20, 122
12, 30, 128
16, 40, 121
18, 50, 133
24, 60, 129
25, 70, 143
27, 80, 134
30, 90, 136
36, 100, 108
46, 110, 107
50, 120, 125
55, 130, 117
59, 140, 118
61, 150, 112
66, 160, 103
73, 170, 101
76, 180, 110
80, 190, 103
81, 200, 107
85, 210, 99
86, 220, 103
89, 230, 103
91, 240, 104
93, 250, 106
94, 260, 106
95, 270, 109
97, 280, 107
97, 290, 110
97, 300, 108
97, 310, 108
98, 320, 106
98, 330, 110
99, 340, 107
99, 350, 109
99, 360, 107
99, 370, 106
100, 380, 105
100, 390, 106
101, 400, 108
101, 410, 111
101, 420, 113
101, 430, 108
101, 440, 109
101, 450, 108
101, 460, 108
101, 470, 107
102, 480, 107
102, 490, 108
102, 500, 109
{'count': 612, 'truepos': 102, 'falseneg': 0, 'unknownyes': 4, 'falsepos': 0, 'unique': 510}
5: Wahono.csv: none: 0, 0
6, 10
6, 20, 101
9, 30, 95
9, 40, 104
11, 50, 67
16, 60, 60
18, 70, 65
20, 80, 62
22, 90, 54
23, 100, 55
25, 110, 56
25, 120, 62
25, 130, 54
25, 140, 51
29, 150, 48
31, 160, 54
33, 170, 55
33, 180, 62
37, 190, 62
38, 200, 70
41, 210, 67
41, 220, 71
42, 230, 65
44, 240, 68
44, 250, 66
44, 260, 63
44, 270, 65
44, 280, 63
44, 290, 63
44, 300, 62
45, 310, 62
46, 320, 61
46, 330, 61
46, 340, 65
47, 350, 62
49, 360, 62
50, 370, 64
50, 380, 65
50, 390, 64
50, 400, 68
50, 410, 62
50, 420, 63
50, 430, 61
50, 440, 61
50, 450, 61
50, 460, 60
50, 470, 61
50, 480, 60
50, 490, 62
50, 500, 61
50, 510, 59
50, 520, 59
50, 530, 58
51, 540, 56
51, 550, 59
51, 560, 59
52, 570, 59
52, 580, 58
52, 590, 60
52, 600, 59
54, 610, 59
55, 620, 62
55, 630, 64
57, 640, 63
57, 650, 64
58, 660, 64
58, 670, 66
58, 680, 66
58, 690, 66
58, 700, 66
58, 710, 66
58, 720, 66
58, 730, 64
58, 740, 65
58, 750, 65
58, 760, 66
58, 770, 65
58, 780, 65
58, 790, 65
58, 800, 65
58, 810, 64
59, 820, 64
59, 830, 66
59, 840, 65
59, 850, 65
59, 860, 65
59, 870, 66
59, 880, 66
59, 890, 65
59, 900, 65
59, 910, 66
59, 920, 65
59, 930, 65
59, 940, 64
59, 950, 64
59, 960, 64
59, 970, 65
59, 980, 65
59, 990, 64
59, 1000, 64
59, 1010, 64
59, 1020, 64
59, 1030, 64
59, 1040, 64
59, 1050, 64
59, 1060, 63
59, 1070, 63
59, 1080, 63
59, 1090, 63
59, 1100, 63
59, 1110, 63
59, 1120, 63
59, 1130, 63
59, 1140, 63
59, 1150, 64
59, 1160, 63
59, 1170, 63
59, 1180, 63
{'count': 1180, 'truepos': 59, 'falseneg': 0, 'unknownyes': 3, 'falsepos': 0, 'unique': 1180}
5: Wahono.csv: three: 0, 0
6, 10
6, 20, 101
8, 30, 93
12, 40, 88
12, 50, 90
13, 60, 61
16, 70, 50
20, 80, 52
21, 90, 68
23, 100, 58
23, 110, 60
26, 120, 52
28, 130, 57
29, 140, 59
30, 150, 56
34, 160, 56
37, 170, 68
39, 180, 74
39, 190, 72
40, 200, 75
41, 210, 72
43, 220, 71
43, 230, 69
43, 240, 76
44, 250, 67
45, 260, 72
45, 270, 64
45, 280, 74
45, 290, 67
46, 300, 65
47, 310, 67
48, 320, 61
48, 330, 62
48, 340, 65
48, 350, 65
48, 360, 64
48, 370, 64
49, 380, 59
50, 390, 62
50, 400, 60
50, 410, 63
50, 420, 67
51, 430, 59
51, 440, 62
51, 450, 61
51, 460, 61
51, 470, 62
51, 480, 61
51, 490, 60
51, 500, 58
51, 510, 60
51, 520, 60
51, 530, 59
51, 540, 60
51, 550, 59
51, 560, 59
53, 570, 58
54, 580, 61
54, 590, 63
54, 600, 62
56, 610, 62
57, 620, 66
57, 630, 66
57, 640, 68
58, 650, 65
58, 660, 68
58, 670, 67
58, 680, 66
58, 690, 67
58, 700, 66
58, 710, 66
58, 720, 66
58, 730, 64
58, 740, 65
58, 750, 65
58, 760, 64
58, 770, 66
58, 780, 64
58, 790, 64
58, 800, 65
58, 810, 64
58, 820, 64
58, 830, 65
58, 840, 63
58, 850, 64
58, 860, 64
58, 870, 64
58, 880, 64
58, 890, 64
58, 900, 64
58, 910, 64
58, 920, 64
58, 930, 63
58, 940, 64
59, 950, 63
59, 960, 64
59, 970, 64
59, 980, 64
59, 990, 64
59, 1000, 65
59, 1010, 63
59, 1020, 64
59, 1030, 64
59, 1040, 64
59, 1050, 64
59, 1060, 63
59, 1070, 63
59, 1080, 64
59, 1090, 63
59, 1100, 64
59, 1110, 63
59, 1120, 63
59, 1130, 63
{'count': 2260, 'truepos': 59, 'falseneg': 0, 'unknownyes': 3, 'falsepos': 0, 'unique': 1130}
5: Wahono.csv: machine: 0, 0
6, 10
6, 20, 100
9, 30, 92
11, 40, 98
12, 50, 90
16, 60, 79
16, 70, 87
16, 80, 68
20, 90, 56
21, 100, 53
22, 110, 53
23, 120, 51
26, 130, 48
28, 140, 55
32, 150, 55
35, 160, 73
37, 170, 73
37, 180, 80
38, 190, 66
40, 200, 66
41, 210, 69
42, 220, 65
42, 230, 70
42, 240, 68
43, 250, 62
44, 260, 61
44, 270, 65
44, 280, 62
44, 290, 64
45, 300, 61
45, 310, 62
45, 320, 59
45, 330, 60
45, 340, 64
46, 350, 57
46, 360, 57
46, 370, 61
47, 380, 59
47, 390, 59
48, 400, 58
48, 410, 58
48, 420, 61
49, 430, 59
49, 440, 61
49, 450, 59
50, 460, 58
50, 470, 61
50, 480, 60
50, 490, 60
50, 500, 61
50, 510, 59
50, 520, 58
50, 530, 57
50, 540, 57
51, 550, 57
51, 560, 59
52, 570, 59
52, 580, 61
52, 590, 59
52, 600, 60
53, 610, 59
55, 620, 60
55, 630, 64
56, 640, 63
57, 650, 63
58, 660, 65
58, 670, 67
58, 680, 67
58, 690, 66
58, 700, 67
58, 710, 66
58, 720, 66
58, 730, 66
58, 740, 65
58, 750, 65
58, 760, 64
58, 770, 65
58, 780, 64
58, 790, 66
58, 800, 64
58, 810, 65
59, 820, 63
59, 830, 66
59, 840, 65
59, 850, 65
59, 860, 66
59, 870, 64
59, 880, 65
59, 890, 66
59, 900, 65
59, 910, 65
59, 920, 65
59, 930, 64
59, 940, 64
59, 950, 63
59, 960, 64
59, 970, 65
59, 980, 64
59, 990, 64
59, 1000, 64
59, 1010, 63
59, 1020, 63
59, 1030, 63
59, 1040, 63
59, 1050, 63
59, 1060, 63
59, 1070, 63
59, 1080, 63
59, 1090, 63
59, 1100, 63
{'count': 1110, 'truepos': 59, 'falseneg': 0, 'unknownyes': 3, 'falsepos': 0, 'unique': 1110}
5: Wahono.csv: machine2: 0, 0
6, 10
7, 20, 101
8, 30, 99
12, 40, 93
13, 50, 92
13, 60, 89
16, 70, 61
20, 80, 52
21, 90, 58
21, 100, 56
24, 110, 51
26, 120, 55
28, 130, 53
29, 140, 59
32, 150, 54
34, 160, 66
35, 170, 64
35, 180, 62
35, 190, 64
35, 200, 58
35, 210, 58
36, 220, 56
38, 230, 57
38, 240, 63
38, 250, 59
40, 260, 54
40, 270, 55
40, 280, 60
42, 290, 54
42, 300, 57
42, 310, 56
43, 320, 57
43, 330, 57
43, 340, 55
44, 350, 58
45, 360, 61
45, 370, 58
45, 380, 61
45, 390, 60
45, 400, 57
45, 410, 56
46, 420, 56
47, 430, 55
47, 440, 60
48, 450, 58
49, 460, 58
50, 470, 58
50, 480, 59
50, 490, 60
51, 500, 57
51, 510, 60
51, 520, 59
51, 530, 59
51, 540, 59
51, 550, 58
52, 560, 58
52, 570, 61
52, 580, 60
53, 590, 58
56, 600, 59
57, 610, 63
57, 620, 66
57, 630, 67
57, 640, 65
57, 650, 65
57, 660, 67
58, 670, 66
58, 680, 66
58, 690, 66
58, 700, 66
58, 710, 67
58, 720, 66
58, 730, 66
58, 740, 66
58, 750, 64
58, 760, 66
58, 770, 65
58, 780, 64
58, 790, 65
58, 800, 64
58, 810, 64
59, 820, 65
59, 830, 65
59, 840, 65
59, 850, 65
59, 860, 65
59, 870, 65
59, 880, 65
59, 890, 65
59, 900, 65
59, 910, 65
59, 920, 64
59, 930, 65
59, 940, 64
59, 950, 64
59, 960, 64
59, 970, 63
59, 980, 64
59, 990, 63
59, 1000, 64
{'count': 1010, 'truepos': 59, 'falseneg': 0, 'unknownyes': 3, 'falsepos': 0, 'unique': 1010}
5: Wahono.csv: machine3: 0, 0
6, 10
7, 20, 102
7, 30, 98
10, 40, 92
13, 50, 72
14, 60, 68
16, 70, 54
17, 80, 54
18, 90, 49
21, 100, 49
22, 110, 52
25, 120, 50
26, 130, 57
27, 140, 60
29, 150, 55
30, 160, 57
32, 170, 62
33, 180, 64
34, 190, 60
34, 200, 56
37, 210, 54
38, 220, 61
38, 230, 57
39, 240, 58
40, 250, 57
43, 260, 62
43, 270, 73
43, 280, 66
43, 290, 63
45, 300, 58
45, 310, 64
46, 320, 64
46, 330, 59
47, 340, 60
47, 350, 62
47, 360, 64
47, 370, 63
47, 380, 59
47, 390, 61
48, 400, 59
48, 410, 62
48, 420, 58
48, 430, 58
50, 440, 57
51, 450, 61
51, 460, 62
51, 470, 60
51, 480, 61
51, 490, 60
51, 500, 60
51, 510, 58
51, 520, 59
51, 530, 60
52, 540, 60
52, 550, 60
52, 560, 60
53, 570, 61
54, 580, 62
57, 590, 61
58, 600, 66
58, 610, 67
58, 620, 67
58, 630, 67
58, 640, 66
58, 650, 67
58, 660, 68
58, 670, 65
58, 680, 67
58, 690, 66
58, 700, 65
58, 710, 67
58, 720, 65
58, 730, 65
58, 740, 65
58, 750, 66
58, 760, 66
58, 770, 65
58, 780, 65
58, 790, 65
58, 800, 64
58, 810, 64
58, 820, 65
58, 830, 64
58, 840, 65
58, 850, 64
58, 860, 64
58, 870, 65
58, 880, 64
58, 890, 64
58, 900, 63
58, 910, 63
58, 920, 64
58, 930, 63
58, 940, 64
58, 950, 63
58, 960, 64
58, 970, 63
59, 980, 63
59, 990, 63
59, 1000, 63
59, 1010, 63
59, 1020, 64
59, 1030, 63
59, 1040, 63
59, 1050, 63
59, 1060, 63
59, 1070, 63
59, 1080, 63
{'count': 1149, 'truepos': 59, 'falseneg': 0, 'unknownyes': 3, 'falsepos': 0, 'unique': 1090}
5: Danijel.csv: none: 0, 0
4, 10
5, 20, 119
8, 30, 100
10, 40, 93
11, 50, 94
13, 60, 68
16, 70, 73
17, 80, 72
18, 90, 63
20, 100, 53
25, 110, 55
26, 120, 63
28, 130, 59
29, 140, 59
33, 150, 54
35, 160, 54
35, 170, 55
35, 180, 49
35, 190, 49
35, 200, 47
35, 210, 46
35, 220, 46
36, 230, 46
37, 240, 46
38, 250, 47
39, 260, 49
40, 270, 51
40, 280, 52
40, 290, 52
41, 300, 49
41, 310, 50
41, 320, 49
42, 330, 48
42, 340, 50
42, 350, 51
42, 360, 51
42, 370, 50
42, 380, 51
42, 390, 48
43, 400, 49
43, 410, 49
43, 420, 50
43, 430, 50
44, 440, 50
44, 450, 55
44, 460, 49
44, 470, 51
44, 480, 51
44, 490, 50
44, 500, 50
44, 510, 50
44, 520, 48
44, 530, 50
44, 540, 49
44, 550, 49
44, 560, 49
44, 570, 49
44, 580, 48
44, 590, 49
44, 600, 48
44, 610, 47
45, 620, 48
45, 630, 49
45, 640, 49
45, 650, 49
45, 660, 49
45, 670, 48
45, 680, 50
45, 690, 48
45, 700, 48
45, 710, 48
45, 720, 48
45, 730, 48
{'count': 730, 'truepos': 45, 'falseneg': 0, 'unknownyes': 3, 'falsepos': 0, 'unique': 730}
5: Danijel.csv: three: 0, 0
4, 10
4, 20, 116
6, 30, 96
7, 40, 81
9, 50, 65
9, 60, 58
11, 70, 48
14, 80, 53
18, 90, 53
20, 100, 60
22, 110, 58
24, 120, 58
25, 130, 60
27, 140, 56
27, 150, 55
30, 160, 50
31, 170, 45
33, 180, 49
35, 190, 47
35, 200, 51
36, 210, 50
36, 220, 51
36, 230, 47
36, 240, 48
36, 250, 48
37, 260, 46
37, 270, 46
37, 280, 48
39, 290, 46
39, 300, 51
39, 310, 49
39, 320, 47
40, 330, 47
40, 340, 49
40, 350, 47
40, 360, 47
41, 370, 47
41, 380, 51
41, 390, 49
42, 400, 48
42, 410, 48
43, 420, 49
43, 430, 51
43, 440, 50
44, 450, 51
44, 460, 52
44, 470, 49
44, 480, 51
44, 490, 49
44, 500, 49
44, 510, 51
44, 520, 50
44, 530, 50
44, 540, 50
44, 550, 49
45, 560, 49
45, 570, 51
45, 580, 49
45, 590, 49
45, 600, 49
45, 610, 49
45, 620, 49
45, 630, 50
45, 640, 50
45, 650, 49
45, 660, 48
45, 670, 49
45, 680, 48
45, 690, 48
45, 700, 48
45, 710, 48
45, 720, 48
{'count': 1440, 'truepos': 45, 'falseneg': 0, 'unknownyes': 3, 'falsepos': 0, 'unique': 720}
5: Danijel.csv: machine: 0, 0
4, 10
4, 20, 114
5, 30, 98
9, 40, 68
10, 50, 82
12, 60, 67
13, 70, 58
16, 80, 56
16, 90, 59
20, 100, 51
22, 110, 62
26, 120, 56
26, 130, 61
27, 140, 53
29, 150, 51
32, 160, 51
32, 170, 53
32, 180, 50
34, 190, 46
36, 200, 48
36, 210, 50
36, 220, 47
37, 230, 47
39, 240, 47
39, 250, 50
39, 260, 49
40, 270, 50
41, 280, 51
41, 290, 53
41, 300, 51
41, 310, 52
41, 320, 49
41, 330, 50
41, 340, 48
41, 350, 49
42, 360, 47
42, 370, 49
42, 380, 49
43, 390, 48
43, 400, 50
43, 410, 52
44, 420, 48
44, 430, 50
44, 440, 52
44, 450, 50
44, 460, 50
44, 470, 50
44, 480, 50
44, 490, 51
44, 500, 50
44, 510, 52
44, 520, 50
45, 530, 49
45, 540, 50
45, 550, 50
45, 560, 50
45, 570, 49
45, 580, 49
45, 590, 49
45, 600, 49
45, 610, 50
45, 620, 49
45, 630, 49
45, 640, 50
45, 650, 48
45, 660, 48
45, 670, 49
45, 680, 49
45, 690, 48
45, 700, 48
45, 710, 48
45, 720, 48
45, 730, 48
45, 740, 48
{'count': 750, 'truepos': 45, 'falseneg': 0, 'unknownyes': 3, 'falsepos': 0, 'unique': 750}
5: Danijel.csv: machine2: 0, 0
4, 10
4, 20, 123
6, 30, 93
9, 40, 75
11, 50, 77
12, 60, 70
15, 70, 63
18, 80, 65
23, 90, 65
24, 100, 75
25, 110, 65
26, 120, 66
28, 130, 61
28, 140, 61
29, 150, 52
31, 160, 50
34, 170, 50
35, 180, 52
35, 190, 50
36, 200, 47
37, 210, 48
37, 220, 50
37, 230, 48
37, 240, 48
38, 250, 47
38, 260, 47
39, 270, 48
39, 280, 48
39, 290, 48
41, 300, 47
41, 310, 50
41, 320, 49
41, 330, 48
41, 340, 48
41, 350, 47
41, 360, 47
42, 370, 47
42, 380, 49
42, 390, 48
42, 400, 49
42, 410, 47
42, 420, 48
42, 430, 47
42, 440, 48
43, 450, 48
43, 460, 50
43, 470, 50
43, 480, 48
43, 490, 49
43, 500, 48
43, 510, 48
43, 520, 47
44, 530, 47
44, 540, 50
44, 550, 49
44, 560, 50
44, 570, 49
44, 580, 48
44, 590, 48
44, 600, 49
45, 610, 48
45, 620, 49
45, 630, 49
45, 640, 49
45, 650, 48
45, 660, 48
45, 670, 48
45, 680, 48
45, 690, 48
45, 700, 49
45, 710, 48
45, 720, 49
45, 730, 48
45, 740, 48
45, 750, 48
45, 760, 48
45, 770, 48
45, 780, 48
45, 790, 48
45, 800, 48
{'count': 810, 'truepos': 46, 'falseneg': 0, 'unknownyes': 2, 'falsepos': 0, 'unique': 810}
5: Danijel.csv: machine3: 0, 0
4, 10
4, 20, 122
4, 30, 97
7, 40, 58
9, 50, 57
9, 60, 60
11, 70, 51
14, 80, 51
17, 90, 56
19, 100, 58
19, 110, 59
22, 120, 50
25, 130, 50
26, 140, 49
29, 150, 47
30, 160, 50
32, 170, 46
34, 180, 47
36, 190, 49
36, 200, 51
37, 210, 49
37, 220, 52
37, 230, 49
37, 240, 48
37, 250, 48
38, 260, 46
39, 270, 47
40, 280, 50
41, 290, 48
41, 300, 50
41, 310, 50
41, 320, 49
41, 330, 50
41, 340, 49
41, 350, 48
42, 360, 48
42, 370, 51
42, 380, 49
42, 390, 54
42, 400, 48
42, 410, 48
42, 420, 47
42, 430, 49
42, 440, 47
42, 450, 47
42, 460, 47
42, 470, 48
42, 480, 46
42, 490, 48
42, 500, 48
42, 510, 48
43, 520, 46
43, 530, 47
43, 540, 47
43, 550, 47
43, 560, 47
44, 570, 47
45, 580, 48
45, 590, 51
45, 600, 49
45, 610, 49
45, 620, 49
45, 630, 49
45, 640, 49
45, 650, 48
45, 660, 48
45, 670, 50
45, 680, 48
45, 690, 48
45, 700, 48
45, 710, 48
45, 720, 48
45, 730, 48
45, 740, 48
45, 750, 48
45, 760, 48
45, 770, 48
45, 780, 48
45, 790, 48
{'count': 845, 'truepos': 45, 'falseneg': 0, 'unknownyes': 3, 'falsepos': 0, 'unique': 800}
5: K_all3.csv: none: 0, 0
1, 10
2, 20, 92
4, 30, 64
7, 40, 58
10, 50, 53
11, 60, 60
13, 70, 52
17, 80, 50
20, 90, 57
20, 100, 57
22, 110, 51
22, 120, 50
22, 130, 46
23, 140, 44
23, 150, 44
24, 160, 43
24, 170, 44
25, 180, 43
26, 190, 44
26, 200, 45
27, 210, 44
27, 220, 44
27, 230, 44
27, 240, 43
27, 250, 43
27, 260, 43
27, 270, 43
27, 280, 43
27, 290, 43
27, 300, 43
27, 310, 43
27, 320, 43
28, 330, 42
29, 340, 43
33, 350, 44
34, 360, 40
34, 370, 39
34, 380, 41
34, 390, 37
34, 400, 37
34, 410, 38
34, 420, 37
34, 430, 36
34, 440, 36
35, 450, 36
36, 460, 37
37, 470, 38
37, 480, 39
37, 490, 39
37, 500, 39
{'count': 500, 'truepos': 37, 'falseneg': 0, 'unknownyes': 8, 'falsepos': 0, 'unique': 500}
5: K_all3.csv: three: 0, 0
1, 10
2, 20, 93
4, 30, 63
7, 40, 60
10, 50, 53
11, 60, 62
14, 70, 52
17, 80, 55
18, 90, 56
21, 100, 51
22, 110, 54
22, 120, 51
22, 130, 47
23, 140, 45
23, 150, 46
24, 160, 44
24, 170, 45
25, 180, 45
27, 190, 46
27, 200, 47
27, 210, 46
27, 220, 45
27, 230, 45
27, 240, 43
27, 250, 43
27, 260, 43
27, 270, 43
27, 280, 43
27, 290, 43
27, 300, 43
27, 310, 43
27, 320, 43
28, 330, 42
30, 340, 43
32, 350, 38
32, 360, 40
32, 370, 38
32, 380, 37
32, 390, 38
32, 400, 36
33, 410, 35
33, 420, 37
34, 430, 36
34, 440, 36
34, 450, 36
34, 460, 36
36, 470, 36
36, 480, 38
36, 490, 38
{'count': 980, 'truepos': 36, 'falseneg': 0, 'unknownyes': 9, 'falsepos': 0, 'unique': 490}
5: K_all3.csv: machine: 0, 0
1, 10
2, 20, 93
2, 30, 62
4, 40, 54
8, 50, 48
12, 60, 49
13, 70, 63
15, 80, 56
19, 90, 53
21, 100, 58
21, 110, 54
22, 120, 49
22, 130, 49
22, 140, 45
23, 150, 44
23, 160, 44
24, 170, 43
24, 180, 44
25, 190, 43
26, 200, 44
26, 210, 45
27, 220, 44
27, 230, 44
27, 240, 44
27, 250, 43
27, 260, 43
27, 270, 43
27, 280, 43
27, 290, 43
27, 300, 43
27, 310, 43
27, 320, 43
28, 330, 42
29, 340, 43
33, 350, 44
34, 360, 40
34, 370, 39
34, 380, 39
34, 390, 38
34, 400, 38
34, 410, 37
34, 420, 37
34, 430, 37
34, 440, 37
34, 450, 37
36, 460, 36
36, 470, 38
36, 480, 38
37, 490, 38
{'count': 500, 'truepos': 38, 'falseneg': 0, 'unknownyes': 7, 'falsepos': 0, 'unique': 500}
5: K_all3.csv: machine2: 0, 0
1, 10
2, 20, 92
4, 30, 63
7, 40, 58
10, 50, 53
11, 60, 60
13, 70, 53
18, 80, 51
20, 90, 60
21, 100, 57
22, 110, 50
22, 120, 49
22, 130, 46
23, 140, 43
23, 150, 44
24, 160, 43
24, 170, 44
25, 180, 43
27, 190, 44
27, 200, 45
27, 210, 44
27, 220, 44
27, 230, 44
27, 240, 43
27, 250, 43
27, 260, 43
27, 270, 43
27, 280, 43
27, 290, 43
27, 300, 43
27, 310, 43
27, 320, 43
28, 330, 43
29, 340, 43
33, 350, 44
34, 360, 39
34, 370, 43
34, 380, 39
34, 390, 40
34, 400, 38
34, 410, 38
34, 420, 38
34, 430, 36
35, 440, 36
36, 450, 37
36, 460, 38
36, 470, 38
38, 480, 38
{'count': 490, 'truepos': 38, 'falseneg': 0, 'unknownyes': 7, 'falsepos': 0, 'unique': 490}
5: K_all3.csv: machine3: 0, 0
1, 10
2, 20, 92
4, 30, 62
7, 40, 59
9, 50, 53
10, 60, 52
11, 70, 46
14, 80, 46
15, 90, 48
17, 100, 44
19, 110, 44
22, 120, 43
22, 130, 46
22, 140, 44
23, 150, 42
24, 160, 43
24, 170, 44
25, 180, 43
26, 190, 44
27, 200, 44
27, 210, 45
27, 220, 44
27, 230, 43
27, 240, 43
27, 250, 43
27, 260, 43
27, 270, 43
27, 280, 43
27, 290, 43
27, 300, 43
27, 310, 43
27, 320, 43
28, 330, 42
29, 340, 43
33, 350, 44
34, 360, 42
34, 370, 39
34, 380, 38
34, 390, 39
34, 400, 38
34, 410, 39
34, 420, 37
34, 430, 37
34, 440, 36
35, 450, 36
35, 460, 38
35, 470, 37
36, 480, 37
36, 490, 39
37, 500, 38
37, 510, 40
{'count': 558, 'truepos': 38, 'falseneg': 0, 'unknownyes': 7, 'falsepos': 0, 'unique': 520}

------------------------------------------------------------
Sender: LSF System <lsfadmin@n2a1-7>
Subject: Job 270870: </share/tjmenzie/zyu9/miniconda2/bin/python2.7 runner.py error_hpcc 5> Done

Job </share/tjmenzie/zyu9/miniconda2/bin/python2.7 runner.py error_hpcc 5> was submitted from host <login01.hpc.ncsu.edu> by user <zyu9> in cluster <henry2>.
Job was executed on host(s) <2*n2a1-7>, in queue <single_chassis>, as user <zyu9> in cluster <henry2>.
</home/zyu9> was used as the home directory.
</home/zyu9/projects/MAR_HPC/Error/src> was used as the working directory.
Started at Sat Oct 21 09:24:08 2017
Results reported at Sat Oct 21 10:27:01 2017

Your job looked like:

------------------------------------------------------------
# LSBATCH: User input
/share/tjmenzie/zyu9/miniconda2/bin/python2.7 runner.py error_hpcc 5
------------------------------------------------------------

Successfully completed.

Resource usage summary:

    CPU time   :   5371.88 sec.
    Max Memory :       170 MB
    Max Swap   :      1189 MB

    Max Processes  :         3
    Max Threads    :         8

The output (if any) is above this job summary.



PS:

Read file <./err/5.err.270870> for stderr output of this job.

