50: Hall.csv: none: 0, 0
9, 10
11, 20, 132
13, 30, 124
19, 40, 119
20, 50, 146
25, 60, 143
27, 70, 161
30, 80, 165
36, 90, 116
41, 100, 119
48, 110, 119
51, 120, 124
55, 130, 119
59, 140, 130
63, 150, 115
64, 160, 123
70, 170, 115
72, 180, 137
75, 190, 127
77, 200, 130
80, 210, 123
86, 220, 120
90, 230, 131
96, 240, 120
100, 250, 119
101, 260, 128
103, 270, 125
108, 280, 123
111, 290, 143
113, 300, 140
115, 310, 141
115, 320, 146
117, 330, 141
119, 340, 146
120, 350, 155
124, 360, 149
125, 370, 159
125, 380, 151
127, 390, 154
128, 400, 149
129, 410, 159
130, 420, 156
132, 430, 156
134, 440, 163
134, 450, 160
134, 460, 165
135, 470, 164
135, 480, 155
136, 490, 156
138, 500, 164
139, 510, 161
141, 520, 162
144, 530, 167
145, 540, 180
147, 550, 166
147, 560, 169
148, 570, 174
151, 580, 174
152, 590, 181
153, 600, 184
155, 610, 182
157, 620, 206
158, 630, 187
159, 640, 198
160, 650, 196
161, 660, 202
163, 670, 193
164, 680, 201
168, 690, 192
170, 700, 194
172, 710, 210
175, 720, 215
177, 730, 237
178, 740, 222
180, 750, 226
180, 760, 228
183, 770, 222
183, 780, 220
184, 790, 216
185, 800, 227
187, 810, 211
188, 820, 223
189, 830, 217
189, 840, 220
191, 850, 221
191, 860, 219
193, 870, 222
193, 880, 224
193, 890, 221
195, 900, 219
196, 910, 222
196, 920, 221
196, 930, 226
196, 940, 218
198, 950, 221
200, 960, 221
200, 970, 228
200, 980, 222
202, 990, 229
203, 1000, 228
203, 1010, 227
205, 1020, 232
207, 1030, 228
208, 1040, 232
208, 1050, 239
210, 1060, 233
211, 1070, 236
213, 1080, 239
213, 1090, 245
213, 1100, 241
213, 1110, 241
214, 1120, 235
214, 1130, 237
215, 1140, 246
216, 1150, 247
217, 1160, 250
217, 1170, 252
219, 1180, 243
219, 1190, 244
219, 1200, 247
219, 1210, 245
219, 1220, 243
222, 1230, 251
224, 1240, 255
225, 1250, 254
226, 1260, 251
227, 1270, 253
229, 1280, 256
230, 1290, 259
231, 1300, 259
232, 1310, 263
233, 1320, 258
235, 1330, 267
236, 1340, 264
238, 1350, 264
239, 1360, 272
240, 1370, 268
243, 1380, 268
245, 1390, 274
246, 1400, 273
246, 1410, 271
248, 1420, 277
250, 1430, 283
251, 1440, 284
253, 1450, 293
254, 1460, 285
255, 1470, 290
256, 1480, 292
257, 1490, 284
259, 1500, 291
261, 1510, 292
261, 1520, 309
262, 1530, 302
262, 1540, 304
262, 1550, 298
264, 1560, 297
266, 1570, 295
266, 1580, 298
267, 1590, 301
270, 1600, 302
270, 1610, 309
273, 1620, 307
274, 1630, 307
276, 1640, 317
280, 1650, 310
280, 1660, 316
280, 1670, 313
283, 1680, 309
284, 1690, 320
287, 1700, 311
288, 1710, 323
289, 1720, 317
290, 1730, 320
290, 1740, 317
292, 1750, 323
293, 1760, 323
294, 1770, 320
294, 1780, 321
294, 1790, 323
297, 1800, 324
297, 1810, 325
298, 1820, 326
298, 1830, 326
301, 1840, 324
302, 1850, 329
303, 1860, 327
303, 1870, 333
303, 1880, 331
304, 1890, 333
304, 1900, 329
305, 1910, 325
308, 1920, 334
311, 1930, 332
313, 1940, 344
316, 1950, 341
317, 1960, 347
318, 1970, 347
319, 1980, 353
322, 1990, 352
323, 2000, 355
325, 2010, 354
325, 2020, 360
325, 2030, 353
326, 2040, 354
328, 2050, 358
330, 2060, 359
331, 2070, 366
333, 2080, 365
333, 2090, 367
334, 2100, 370
334, 2110, 367
335, 2120, 366
335, 2130, 368
335, 2140, 363
335, 2150, 371
335, 2160, 363
336, 2170, 361
337, 2180, 367
337, 2190, 364
337, 2200, 359
337, 2210, 365
338, 2220, 367
339, 2230, 362
341, 2240, 368
343, 2250, 363
345, 2260, 370
345, 2270, 373
346, 2280, 368
346, 2290, 370
346, 2300, 373
347, 2310, 372
348, 2320, 372
350, 2330, 370
351, 2340, 376
351, 2350, 376
352, 2360, 377
352, 2370, 379
353, 2380, 372
354, 2390, 380
356, 2400, 378
356, 2410, 381
358, 2420, 383
361, 2430, 383
365, 2440, 386
366, 2450, 394
367, 2460, 396
368, 2470, 395
369, 2480, 395
371, 2490, 398
372, 2500, 400
372, 2510, 399
372, 2520, 401
373, 2530, 400
373, 2540, 400
373, 2550, 403
374, 2560, 402
375, 2570, 405
375, 2580, 407
375, 2590, 401
375, 2600, 400
377, 2610, 401
378, 2620, 402
378, 2630, 406
381, 2640, 409
381, 2650, 411
381, 2660, 410
385, 2670, 411
386, 2680, 417
386, 2690, 419
388, 2700, 419
388, 2710, 419
390, 2720, 421
390, 2730, 422
393, 2740, 421
393, 2750, 424
393, 2760, 426
393, 2770, 420
393, 2780, 418
396, 2790, 422
396, 2800, 423
399, 2810, 424
402, 2820, 427
403, 2830, 434
403, 2840, 437
406, 2850, 437
406, 2860, 440
407, 2870, 439
409, 2880, 437
411, 2890, 438
411, 2900, 444
411, 2910, 443
412, 2920, 443
412, 2930, 443
412, 2940, 442
412, 2950, 443
412, 2960, 442
412, 2970, 443
416, 2980, 440
416, 2990, 445
419, 3000, 445
421, 3010, 447
422, 3020, 451
422, 3030, 452
423, 3040, 452
423, 3050, 452
424, 3060, 450
425, 3070, 451
427, 3080, 454
427, 3090, 453
431, 3100, 455
432, 3110, 461
432, 3120, 462
432, 3130, 465
433, 3140, 458
435, 3150, 463
437, 3160, 469
438, 3170, 472
441, 3180, 469
441, 3190, 471
441, 3200, 474
443, 3210, 473
443, 3220, 475
444, 3230, 477
444, 3240, 479
445, 3250, 475
445, 3260, 476
448, 3270, 474
448, 3280, 476
449, 3290, 478
449, 3300, 477
451, 3310, 477
452, 3320, 482
453, 3330, 481
455, 3340, 483
457, 3350, 481
458, 3360, 486
459, 3370, 487
460, 3380, 489
460, 3390, 488
460, 3400, 486
461, 3410, 487
461, 3420, 489
{'count': 3420, 'truepos': 97, 'falseneg': 5, 'unknownyes': 4, 'falsepos': 364, 'unique': 3420}
50: Hall.csv: three: 0, 0
8, 10
13, 20, 121
13, 30, 135
14, 40, 126
17, 50, 121
22, 60, 125
24, 70, 134
27, 80, 139
28, 90, 140
30, 100, 130
36, 110, 104
42, 120, 113
48, 130, 116
53, 140, 116
54, 150, 131
57, 160, 116
63, 170, 98
69, 180, 112
74, 190, 115
77, 200, 111
80, 210, 112
84, 220, 123
87, 230, 110
91, 240, 107
94, 250, 110
97, 260, 113
97, 270, 116
99, 280, 116
99, 290, 117
100, 300, 116
102, 310, 115
105, 320, 119
105, 330, 128
105, 340, 121
105, 350, 121
105, 360, 120
106, 370, 118
106, 380, 119
106, 390, 121
106, 400, 117
106, 410, 118
107, 420, 117
108, 430, 119
108, 440, 118
108, 450, 119
109, 460, 119
109, 470, 121
109, 480, 123
109, 490, 121
109, 500, 121
109, 510, 121
109, 520, 118
109, 530, 118
109, 540, 117
109, 550, 118
109, 560, 117
110, 570, 116
110, 580, 118
110, 590, 117
110, 600, 119
110, 610, 118
111, 620, 117
112, 630, 118
112, 640, 123
112, 650, 123
112, 660, 122
112, 670, 121
112, 680, 120
114, 690, 119
114, 700, 122
115, 710, 122
116, 720, 123
116, 730, 124
116, 740, 125
116, 750, 124
116, 760, 124
116, 770, 123
116, 780, 124
116, 790, 123
116, 800, 124
{'count': 1750, 'truepos': 100, 'falseneg': 2, 'unknownyes': 4, 'falsepos': 16, 'unique': 800}
50: Hall.csv: machine: 0, 0
8, 10
11, 20, 122
15, 30, 129
16, 40, 148
17, 50, 143
21, 60, 133
['no' 'yes' 'yes' 'no' 'yes' 'yes' 'no' 'yes' 'yes' 'no']
['no' 'no']
16, 60, 133
19, 70, 124
22, 80, 119
26, 90, 112
30, 100, 112
37, 110, 96
['yes' 'yes' 'yes' 'yes' 'yes' 'yes' 'yes' 'no' 'yes' 'yes']
['no' 'no' 'no' 'no' 'no' 'no' 'no' 'no' 'no' 'yes']
38, 110, 96
44, 120, 101
52, 130, 99
55, 140, 107
56, 150, 106
61, 160, 99
['yes' 'yes' 'yes' 'yes' 'yes' 'yes' 'yes' 'no' 'yes' 'yes']
['no' 'no' 'no' 'no' 'no' 'no' 'no' 'no' 'no' 'no']
57, 160, 99
62, 170, 89
70, 180, 95
78, 190, 98
80, 200, 110
84, 210, 103
['no' 'no' 'yes' 'yes' 'yes' 'yes' 'no' 'yes' 'yes' 'no']
['yes' 'no' 'no' 'no' 'no' 'no' 'no' 'yes' 'no' 'yes']
83, 210, 103
89, 220, 111
93, 230, 120
94, 240, 119
96, 250, 117
100, 260, 112
['no' 'yes' 'yes' 'yes' 'yes' 'yes' 'yes' 'yes' 'no' 'yes']
['no' 'yes' 'no' 'no' 'no' 'no' 'no' 'no' 'no' 'no']
98, 260, 112
101, 270, 111
104, 280, 116
105, 290, 124
105, 300, 123
106, 310, 119
['yes' 'yes' 'no' 'no' 'yes' 'yes' 'yes' 'yes' 'yes' 'no']
['no' 'no' 'yes' 'no' 'no' 'no' 'no' 'yes' 'yes' 'no']
105, 310, 119
107, 320, 114
109, 330, 116
110, 340, 118
112, 350, 119
114, 360, 123
['yes' 'yes' 'no' 'no' 'yes' 'yes' 'no' 'no' 'yes' 'no']
['no' 'no' 'no' 'no' 'no' 'no' 'no' 'no' 'no' 'no']
111, 360, 123
112, 370, 127
113, 380, 127
114, 390, 130
114, 400, 127
114, 410, 125
['no' 'no' 'no' 'no' 'yes' 'yes' 'yes' 'yes' 'no' 'no']
['no' 'no' 'no' 'no' 'no' 'no' 'no' 'no' 'no' 'no']
109, 410, 125
111, 420, 117
113, 430, 119
114, 440, 121
115, 450, 121
116, 460, 125
['no' 'no' 'no' 'yes' 'no' 'no' 'no' 'yes' 'no' 'no']
['no' 'no' 'no' 'no' 'no' 'no' 'no' 'no' 'no' 'no']
112, 460, 125
113, 470, 120
114, 480, 121
115, 490, 121
118, 500, 122
118, 510, 128
['no' 'no' 'no' 'no' 'no' 'yes' 'yes' 'yes' 'no' 'no']
['no' 'no' 'no' 'no' 'no' 'no' 'no' 'no' 'no' 'yes']
113, 510, 128
113, 520, 121
114, 530, 121
116, 540, 122
117, 550, 123
118, 560, 126
['no' 'no' 'no' 'no' 'no' 'yes' 'yes' 'yes' 'yes' 'yes']
['no' 'no' 'no' 'no' 'no' 'no' 'no' 'no' 'no' 'no']
112, 560, 126
['yes' 'no' 'no' 'no' 'yes' 'yes' 'no' 'yes' 'no' 'yes']
['yes' 'no' 'no' 'no' 'no' 'no' 'no' 'no' 'no' 'no']
{'count': 792, 'truepos': 100, 'falseneg': 2, 'unknownyes': 4, 'falsepos': 9, 'unique': 560}
50: Hall.csv: machine2: 0, 0
5, 10
7, 20, 101
9, 30, 107
13, 40, 106
14, 50, 110
19, 60, 104
['yes' 'yes' 'no' 'no' 'yes' 'yes' 'yes' 'yes' 'yes' 'yes']
[]
17, 60, 104
20, 70, 114
25, 80, 116
26, 90, 134
32, 100, 112
37, 110, 100
['no' 'no' 'no' 'yes' 'yes' 'yes' 'yes' 'no' 'no' 'yes']
['no' 'yes' 'yes' 'yes' 'no' 'no' 'no' 'yes' 'no' 'no']
36, 110, 100
43, 120, 85
47, 130, 89
52, 140, 88
56, 150, 92
61, 160, 94
['yes' 'yes' 'no' 'no' 'yes' 'yes' 'yes' 'yes' 'yes' 'yes']
['no' 'no' 'no' 'no' 'no' 'no' 'no' 'no' 'no' 'no']
62, 160, 94
66, 170, 99
71, 180, 95
72, 190, 104
75, 200, 101
77, 210, 102
['yes' 'no' 'yes' 'no' 'yes' 'yes' 'yes' 'yes' 'yes' 'yes']
['yes' 'yes' 'no' 'no' 'no' 'no' 'no' 'yes' 'no' 'no']
78, 210, 102
80, 220, 98
82, 230, 97
86, 240, 96
88, 250, 102
90, 260, 108
['yes' 'yes' 'yes' 'yes' 'no' 'yes' 'yes' 'yes' 'yes' 'yes']
['no' 'no' 'no' 'no' 'no' 'no' 'no' 'no' 'no' 'no']
90, 260, 108
92, 270, 103
94, 280, 102
98, 290, 104
99, 300, 109
101, 310, 111
['no' 'no' 'no' 'yes' 'yes' 'yes' 'no' 'yes' 'yes' 'yes']
['no' 'yes' 'no' 'no' 'no' 'no' 'yes' 'no' 'no' 'no']
100, 310, 111
101, 320, 112
103, 330, 111
104, 340, 113
106, 350, 120
107, 360, 118
['yes' 'yes' 'yes' 'yes' 'no' 'yes' 'yes' 'no' 'yes' 'yes']
['no' 'no' 'no' 'no' 'no' 'no' 'no' 'no' 'no' 'yes']
107, 360, 118
107, 370, 118
107, 380, 119
109, 390, 119
109, 400, 124
111, 410, 118
['no' 'no' 'no' 'yes' 'no' 'yes' 'no' 'no' 'no' 'yes']
['no' 'no' 'no' 'no' 'no' 'no' 'no' 'no' 'no' 'no']
105, 410, 118
106, 420, 113
107, 430, 115
108, 440, 115
109, 450, 116
111, 460, 118
['no' 'no' 'no' 'yes' 'no' 'yes' 'yes' 'no' 'no' 'yes']
['no' 'no' 'no' 'no' 'no' 'no' 'no' 'no' 'no' 'no']
109, 460, 118
109, 470, 116
109, 480, 117
110, 490, 117
112, 500, 116
113, 510, 120
['no' 'no' 'no' 'yes' 'no' 'yes' 'no' 'no' 'yes' 'yes']
['no' 'no' 'no' 'no' 'no' 'no' 'no' 'yes' 'no' 'no']
108, 510, 120
109, 520, 114
109, 530, 116
110, 540, 116
111, 550, 116
112, 560, 119
['no' 'no' 'no' 'no' 'yes' 'no' 'no' 'no' 'no' 'yes']
['no' 'no' 'no' 'no' 'no' 'no' 'no' 'no' 'no' 'no']
105, 560, 119
108, 570, 111
110, 580, 115
111, 590, 120
112, 600, 120
112, 610, 122
['no' 'no' 'no' 'no' 'yes' 'yes' 'yes' 'no' 'no' 'no']
['no' 'no' 'no' 'no' 'no' 'no' 'no' 'no' 'no' 'no']
107, 610, 122
108, 620, 113
111, 630, 115
111, 640, 120
111, 650, 121
111, 660, 121
['no' 'no' 'no' 'yes' 'no' 'no' 'yes' 'yes' 'yes' 'yes']
['yes' 'no' 'no' 'no' 'no' 'no' 'yes' 'no' 'no' 'no']
109, 660, 121
['yes' 'no' 'yes' 'no' 'yes' 'yes' 'yes' 'yes' 'no' 'yes']
['no' 'no' 'no' 'no' 'no' 'no' 'no' 'no' 'no' 'yes']
{'count': 983, 'truepos': 99, 'falseneg': 3, 'unknownyes': 4, 'falsepos': 8, 'unique': 660}
50: Hall.csv: machine3: 0, 0
6, 10
7, 20, 104
11, 30, 102
14, 40, 113
20, 50, 107
23, 60, 122
null
['no' 'yes']
24, 60, 122
26, 70, 126
26, 80, 126
28, 90, 119
32, 100, 104
38, 110, 92
null
['no' 'no' 'no' 'no' 'no' 'yes' 'no' 'no' 'no' 'no']
39, 110, 92
42, 120, 105
49, 130, 100
55, 140, 109
56, 150, 110
59, 160, 103
null
['no' 'no' 'no' 'yes' 'no' 'no' 'no' 'no' 'no' 'no']
60, 160, 103
65, 170, 101
65, 180, 109
66, 190, 106
66, 200, 101
67, 210, 96
null
['no' 'no' 'no' 'no' 'no' 'no' 'no' 'no' 'no' 'no']
67, 210, 96
71, 220, 94
77, 230, 100
82, 240, 100
88, 250, 106
91, 260, 115
null
['yes' 'no' 'no' 'yes' 'no' 'no' 'yes' 'no' 'no' 'no']
94, 260, 115
95, 270, 119
96, 280, 118
96, 290, 117
97, 300, 116
98, 310, 120
null
['no' 'no' 'no' 'yes' 'no' 'yes' 'no' 'no' 'no' 'no']
99, 310, 120
99, 320, 121
99, 330, 119
99, 340, 121
101, 350, 118
101, 360, 117
null
['no' 'yes' 'no' 'no' 'no' 'no' 'no' 'no' 'no' 'no']
103, 360, 117
103, 370, 119
104, 380, 116
104, 390, 119
105, 400, 119
105, 410, 121
null
['no' 'no' 'no' 'no' 'no' 'no' 'no' 'no' 'no' 'no']
105, 410, 121
106, 420, 118
106, 430, 121
106, 440, 122
106, 450, 127
107, 460, 121
null
['no' 'no' 'no' 'no' 'no' 'no' 'no' 'no' 'no' 'no']
107, 460, 121
108, 470, 121
108, 480, 121
108, 490, 121
108, 500, 119
108, 510, 122
null
['no' 'no' 'no' 'no' 'no' 'no' 'no' 'no' 'yes' 'no']
109, 510, 122
110, 520, 124
110, 530, 123
110, 540, 123
110, 550, 121
110, 560, 122
null
['no' 'no' 'no' 'no' 'no' 'no' 'no' 'no' 'no' 'no']
111, 560, 122
111, 570, 121
111, 580, 119
111, 590, 119
112, 600, 119
112, 610, 121
null
['no' 'no' 'no' 'no' 'no' 'no' 'no' 'no' 'no' 'no']
112, 610, 121
113, 620, 120
113, 630, 122
113, 640, 120
113, 650, 120
113, 660, 122
null
['no' 'no' 'no' 'no' 'no' 'no' 'no' 'no' 'no' 'no']
113, 660, 122
114, 670, 121
114, 680, 125
114, 690, 123
114, 700, 122
114, 710, 123
null
['no' 'no' 'no' 'no' 'no' 'yes' 'no' 'no' 'no' 'no']
115, 710, 123
115, 720, 123
115, 730, 123
115, 740, 122
115, 750, 123
115, 760, 122
null
['no' 'no' 'no' 'no' 'no' 'no' 'no' 'no' 'no' 'no']
115, 760, 122
115, 770, 123
115, 780, 122
115, 790, 123
116, 800, 122
116, 810, 123
null
['no' 'no' 'no' 'no' 'no' 'no' 'no' 'no' 'no' 'no']
116, 810, 123
null
['no' 'no' 'no' 'no' 'no' 'no' 'no' 'no' 'no' 'no']
{'count': 1237, 'truepos': 100, 'falseneg': 2, 'unknownyes': 4, 'falsepos': 16, 'unique': 810}
50: Hall.csv: machine4: 0, 0
6, 10
8, 20, 106
11, 30, 103
16, 40, 105
19, 50, 124
24, 60, 125
24, 70, 123
26, 80, 119
28, 90, 110
30, 100, 108
34, 110, 90
39, 120, 96
43, 130, 103
45, 140, 109
51, 150, 89
53, 160, 94
57, 170, 94
62, 180, 93
67, 190, 88
69, 200, 90
72, 210, 92
75, 220, 97
80, 230, 97
80, 240, 101
82, 250, 104
83, 260, 102
84, 270, 102
84, 280, 102
85, 290, 101
87, 300, 98
87, 310, 101
88, 320, 99
88, 330, 99
89, 340, 101
89, 350, 102
90, 360, 102
90, 370, 107
91, 380, 102
91, 390, 109
91, 400, 105
91, 410, 105
91, 420, 104
91, 430, 104
91, 440, 102
92, 450, 102
92, 460, 105
92, 470, 103
92, 480, 103
92, 490, 102
92, 500, 102
92, 510, 102
93, 520, 101
93, 530, 101
93, 540, 101
93, 550, 101
93, 560, 101
94, 570, 101
94, 580, 102
94, 590, 100
95, 600, 100
95, 610, 101
{'count': 798, 'truepos': 89, 'falseneg': 13, 'unknownyes': 4, 'falsepos': 6, 'unique': 610}
50: Wahono.csv: none: 0, 0
6, 10
8, 20, 101
8, 30, 109
10, 40, 90
10, 50, 80
12, 60, 61
17, 70, 54
19, 80, 69
21, 90, 61
23, 100, 57
28, 110, 52
30, 120, 62
31, 130, 51
33, 140, 49
36, 150, 51
38, 160, 57
40, 170, 62
42, 180, 65
43, 190, 70
45, 200, 68
48, 210, 81
51, 220, 80
52, 230, 87
53, 240, 80
54, 250, 82
55, 260, 86
56, 270, 85
60, 280, 88
62, 290, 111
63, 300, 104
64, 310, 101
67, 320, 103
70, 330, 112
71, 340, 122
73, 350, 113
74, 360, 124
75, 370, 115
78, 380, 136
79, 390, 129
80, 400, 119
83, 410, 121
86, 420, 124
88, 430, 132
88, 440, 142
89, 450, 129
89, 460, 128
90, 470, 122
90, 480, 123
93, 490, 135
95, 500, 142
97, 510, 136
98, 520, 134
99, 530, 137
100, 540, 134
101, 550, 133
105, 560, 136
105, 570, 143
105, 580, 137
106, 590, 144
107, 600, 139
107, 610, 139
107, 620, 137
108, 630, 141
110, 640, 139
111, 650, 143
112, 660, 143
114, 670, 136
115, 680, 140
115, 690, 140
115, 700, 138
115, 710, 138
116, 720, 143
116, 730, 146
116, 740, 142
116, 750, 149
117, 760, 143
118, 770, 148
119, 780, 139
119, 790, 142
119, 800, 148
123, 810, 148
124, 820, 149
125, 830, 149
125, 840, 151
127, 850, 150
130, 860, 157
130, 870, 159
131, 880, 160
131, 890, 163
132, 900, 161
132, 910, 160
134, 920, 159
135, 930, 167
135, 940, 170
137, 950, 166
137, 960, 167
141, 970, 170
142, 980, 175
142, 990, 168
142, 1000, 174
143, 1010, 169
145, 1020, 168
146, 1030, 181
147, 1040, 180
147, 1050, 172
148, 1060, 174
148, 1070, 181
149, 1080, 174
152, 1090, 177
153, 1100, 177
153, 1110, 180
154, 1120, 181
157, 1130, 179
158, 1140, 189
159, 1150, 186
159, 1160, 192
159, 1170, 184
159, 1180, 184
160, 1190, 182
161, 1200, 184
161, 1210, 185
163, 1220, 186
164, 1230, 187
165, 1240, 186
167, 1250, 187
167, 1260, 189
168, 1270, 192
171, 1280, 193
171, 1290, 197
173, 1300, 191
173, 1310, 195
174, 1320, 193
174, 1330, 194
176, 1340, 195
178, 1350, 197
179, 1360, 202
179, 1370, 203
180, 1380, 199
180, 1390, 201
180, 1400, 203
181, 1410, 200
182, 1420, 201
182, 1430, 199
182, 1440, 202
182, 1450, 201
182, 1460, 199
183, 1470, 202
186, 1480, 201
186, 1490, 206
187, 1500, 205
188, 1510, 209
190, 1520, 209
190, 1530, 212
190, 1540, 217
190, 1550, 210
192, 1560, 206
194, 1570, 215
194, 1580, 213
194, 1590, 213
195, 1600, 212
195, 1610, 217
197, 1620, 213
200, 1630, 218
200, 1640, 221
200, 1650, 219
202, 1660, 224
203, 1670, 221
205, 1680, 224
205, 1690, 228
206, 1700, 229
209, 1710, 225
209, 1720, 234
212, 1730, 232
214, 1740, 233
215, 1750, 240
216, 1760, 234
220, 1770, 241
222, 1780, 246
223, 1790, 249
224, 1800, 247
225, 1810, 247
226, 1820, 246
228, 1830, 251
231, 1840, 251
232, 1850, 259
234, 1860, 258
234, 1870, 257
234, 1880, 258
236, 1890, 256
238, 1900, 259
241, 1910, 263
244, 1920, 265
245, 1930, 272
245, 1940, 271
245, 1950, 267
246, 1960, 267
248, 1970, 272
248, 1980, 272
251, 1990, 272
252, 2000, 275
253, 2010, 274
255, 2020, 280
257, 2030, 278
257, 2040, 283
257, 2050, 279
259, 2060, 280
259, 2070, 287
259, 2080, 280
261, 2090, 281
265, 2100, 285
267, 2110, 288
269, 2120, 287
270, 2130, 293
270, 2140, 295
272, 2150, 295
273, 2160, 293
275, 2170, 296
276, 2180, 298
277, 2190, 302
278, 2200, 308
281, 2210, 305
281, 2220, 307
281, 2230, 306
282, 2240, 307
284, 2250, 303
284, 2260, 312
284, 2270, 307
284, 2280, 308
286, 2290, 309
288, 2300, 313
288, 2310, 314
288, 2320, 316
288, 2330, 311
288, 2340, 311
289, 2350, 312
289, 2360, 313
290, 2370, 315
292, 2380, 317
292, 2390, 315
292, 2400, 313
292, 2410, 317
293, 2420, 311
295, 2430, 317
295, 2440, 319
295, 2450, 316
296, 2460, 318
297, 2470, 318
299, 2480, 320
300, 2490, 321
303, 2500, 323
303, 2510, 326
305, 2520, 325
307, 2530, 327
309, 2540, 330
309, 2550, 331
309, 2560, 329
309, 2570, 335
310, 2580, 331
311, 2590, 331
312, 2600, 334
314, 2610, 335
316, 2620, 339
318, 2630, 336
319, 2640, 344
320, 2650, 344
322, 2660, 343
322, 2670, 348
323, 2680, 349
323, 2690, 348
323, 2700, 348
323, 2710, 344
324, 2720, 346
325, 2730, 347
325, 2740, 352
325, 2750, 350
326, 2760, 351
326, 2770, 350
327, 2780, 346
329, 2790, 349
329, 2800, 351
330, 2810, 352
333, 2820, 352
333, 2830, 353
334, 2840, 351
336, 2850, 353
336, 2860, 358
337, 2870, 358
337, 2880, 356
{'count': 2880, 'truepos': 52, 'falseneg': 7, 'unknownyes': 3, 'falsepos': 285, 'unique': 2880}
50: Wahono.csv: three: 0, 0
6, 10
6, 20, 99
8, 30, 96
10, 40, 98
14, 50, 89
14, 60, 90
16, 70, 60
19, 80, 55
22, 90, 57
25, 100, 56
25, 110, 65
28, 120, 57
28, 130, 65
31, 140, 56
33, 150, 61
36, 160, 63
40, 170, 73
40, 180, 76
40, 190, 74
40, 200, 69
40, 210, 68
42, 220, 66
42, 230, 70
43, 240, 64
43, 250, 71
44, 260, 69
44, 270, 68
45, 280, 69
46, 290, 64
46, 300, 69
48, 310, 68
49, 320, 67
52, 330, 67
52, 340, 69
53, 350, 71
55, 360, 73
56, 370, 78
57, 380, 76
59, 390, 74
60, 400, 79
62, 410, 78
63, 420, 81
63, 430, 81
63, 440, 80
64, 450, 83
64, 460, 80
64, 470, 81
64, 480, 81
64, 490, 83
65, 500, 80
66, 510, 80
66, 520, 82
66, 530, 84
66, 540, 80
66, 550, 79
66, 560, 80
66, 570, 78
66, 580, 78
68, 590, 77
71, 600, 82
71, 610, 89
71, 620, 89
71, 630, 83
71, 640, 85
71, 650, 86
71, 660, 85
71, 670, 84
71, 680, 83
71, 690, 84
71, 700, 84
71, 710, 81
71, 720, 82
72, 730, 82
72, 740, 83
72, 750, 84
73, 760, 83
73, 770, 82
73, 780, 84
73, 790, 82
73, 800, 82
73, 810, 82
73, 820, 83
73, 830, 83
74, 840, 84
75, 850, 83
75, 860, 88
75, 870, 87
75, 880, 86
75, 890, 85
76, 900, 85
76, 910, 86
79, 920, 85
79, 930, 90
79, 940, 90
79, 950, 89
79, 960, 89
80, 970, 89
80, 980, 91
80, 990, 89
80, 1000, 89
80, 1010, 88
81, 1020, 90
82, 1030, 93
83, 1040, 92
84, 1050, 92
85, 1060, 93
85, 1070, 96
85, 1080, 98
85, 1090, 96
86, 1100, 97
86, 1110, 98
86, 1120, 97
86, 1130, 95
86, 1140, 97
87, 1150, 96
87, 1160, 96
88, 1170, 98
88, 1180, 100
88, 1190, 98
88, 1200, 98
89, 1210, 97
89, 1220, 97
91, 1230, 97
92, 1240, 101
92, 1250, 102
93, 1260, 102
95, 1270, 101
95, 1280, 104
95, 1290, 104
96, 1300, 105
96, 1310, 104
97, 1320, 105
97, 1330, 105
97, 1340, 105
97, 1350, 106
97, 1360, 105
98, 1370, 104
98, 1380, 107
99, 1390, 106
99, 1400, 108
99, 1410, 108
99, 1420, 106
99, 1430, 108
99, 1440, 107
99, 1450, 107
99, 1460, 107
99, 1470, 106
99, 1480, 105
99, 1490, 105
100, 1500, 106
100, 1510, 106
{'count': 3285, 'truepos': 57, 'falseneg': 3, 'unknownyes': 2, 'falsepos': 43, 'unique': 1510}
50: Wahono.csv: machine: 0, 0
5, 10
6, 20, 103
11, 30, 94
13, 40, 100
15, 50, 104
16, 60, 111
['yes' 'yes' 'no' 'no' 'yes' 'yes' 'yes' 'no' 'no' 'yes']
['no']
12, 60, 111
17, 70, 67
22, 80, 67
25, 90, 76
28, 100, 76
29, 110, 86
['no' 'yes' 'yes' 'no' 'no' 'yes' 'yes' 'yes' 'no' 'no']
[]
23, 110, 86
26, 120, 59
28, 130, 62
28, 140, 61
29, 150, 58
33, 160, 56
['yes' 'no' 'no' 'no' 'yes' 'yes' 'no' 'yes' 'no' 'no']
['yes' 'no' 'no' 'no' 'no' 'no' 'no' 'no' 'no' 'no']
30, 160, 56
33, 170, 48
36, 180, 62
37, 190, 62
40, 200, 63
41, 210, 75
['yes' 'yes' 'no' 'yes' 'yes' 'no' 'yes' 'yes' 'yes' 'yes']
['no' 'no' 'no' 'no' 'no' 'no' 'no' 'no' 'yes' 'no']
38, 210, 75
41, 220, 65
43, 230, 69
46, 240, 78
49, 250, 86
49, 260, 93
['yes' 'no' 'no' 'yes' 'yes' 'no' 'yes' 'no' 'no' 'no']
['no' 'no' 'no' 'no' 'no' 'no' 'yes' 'no' 'no' 'no']
45, 260, 93
46, 270, 76
48, 280, 73
49, 290, 77
51, 300, 76
52, 310, 77
['no' 'yes' 'yes' 'no' 'no' 'no' 'no' 'yes' 'no' 'no']
['no' 'no' 'no' 'no' 'no' 'no' 'no' 'no' 'no' 'no']
47, 310, 77
47, 320, 64
48, 330, 62
49, 340, 65
51, 350, 65
54, 360, 66
['no' 'yes' 'no' 'no' 'yes' 'yes' 'yes' 'yes' 'no' 'yes']
['no' 'no' 'no' 'no' 'no' 'no' 'no' 'no' 'no' 'no']
50, 360, 66
52, 370, 67
54, 380, 66
55, 390, 70
57, 400, 69
59, 410, 70
['no' 'no' 'no' 'no' 'yes' 'no' 'yes' 'no' 'yes' 'no']
['no' 'no' 'no' 'no' 'no' 'yes' 'no' 'no' 'no' 'no']
54, 410, 70
55, 420, 71
57, 430, 70
58, 440, 78
59, 450, 77
59, 460, 78
['yes' 'no' 'no' 'no' 'no' 'no' 'no' 'no' 'yes' 'no']
['yes' 'yes' 'no' 'no' 'no' 'no' 'no' 'no' 'no' 'no']
53, 460, 78
53, 470, 65
53, 480, 67
53, 490, 65
54, 500, 63
54, 510, 63
['no' 'no' 'yes' 'yes' 'yes' 'yes' 'no' 'yes' 'yes' 'yes']
['no' 'no' 'no' 'no' 'no' 'no' 'no' 'no' 'no' 'no']
52, 510, 63
56, 520, 64
56, 530, 78
57, 540, 74
59, 550, 85
59, 560, 83
['no' 'no' 'no' 'no' 'no' 'no' 'no' 'no' 'no' 'no']
['no' 'no' 'no' 'no' 'no' 'no' 'no' 'no' 'no' 'no']
54, 560, 83
56, 570, 63
56, 580, 68
58, 590, 68
60, 600, 72
62, 610, 75
['no' 'no' 'no' 'no' 'no' 'no' 'yes' 'no' 'no' 'no']
['no' 'no' 'no' 'no' 'no' 'no' 'no' 'no' 'no' 'no']
56, 610, 75
58, 620, 66
58, 630, 69
59, 640, 68
60, 650, 71
60, 660, 72
['no' 'no' 'yes' 'no' 'no' 'no']
['no' 'no' 'yes' 'no' 'no' 'no' 'no' 'no' 'no' 'no']
56, 660, 72
59, 670, 65
60, 680, 72
62, 690, 75
64, 700, 78
65, 710, 80
['no' 'no' 'no' 'no' 'no' 'no' 'no' 'no' 'no']
['no' 'no' 'no' 'no' 'no' 'no' 'no' 'no' 'no' 'no']
61, 710, 80
62, 720, 74
63, 730, 75
63, 740, 79
64, 750, 77
66, 760, 80
['no' 'no' 'no' 'no' 'no']
['no' 'no' 'no' 'no' 'no' 'no' 'no' 'no' 'no' 'no']
63, 760, 80
63, 770, 75
63, 780, 77
65, 790, 75
67, 800, 79
69, 810, 83
['no' 'no' 'no' 'no' 'no' 'no']
['no' 'no' 'no' 'no' 'no' 'no' 'no' 'no' 'no' 'no']
64, 810, 83
64, 820, 77
66, 830, 75
70, 840, 79
70, 850, 80
71, 860, 80
['no' 'no' 'no' 'no' 'no' 'no' 'no' 'yes']
['no' 'no' 'no' 'no' 'no' 'no' 'no' 'no' 'no' 'no']
65, 860, 80
68, 870, 77
68, 880, 80
70, 890, 82
70, 900, 82
71, 910, 84
['no' 'no' 'no' 'no' 'no' 'no' 'no']
['no' 'no' 'no' 'no' 'no' 'no' 'no' 'no' 'no' 'no']
65, 910, 84
66, 920, 73
67, 930, 76
68, 940, 76
69, 950, 77
69, 960, 77
['no' 'no' 'no' 'yes']
['no' 'no' 'no' 'no' 'no' 'no' 'no' 'no' 'no' 'no']
67, 960, 77
67, 970, 76
67, 980, 75
67, 990, 75
69, 1000, 75
70, 1010, 79
['no' 'no' 'no']
['no' 'no' 'no' 'no' 'no' 'no' 'no' 'no' 'no' 'no']
69, 1010, 79
69, 1020, 75
72, 1030, 76
73, 1040, 81
74, 1050, 84
74, 1060, 83
['no' 'no' 'no' 'no' 'no' 'no' 'no']
['no' 'no' 'no' 'no' 'no' 'no' 'no' 'no' 'no' 'no']
70, 1060, 83
70, 1070, 77
71, 1080, 76
72, 1090, 78
73, 1100, 80
75, 1110, 82
['no' 'no' 'no' 'no' 'no' 'no' 'no']
['no' 'no' 'no' 'no' 'no' 'no' 'no' 'no' 'no' 'no']
69, 1110, 82
70, 1120, 75
70, 1130, 77
70, 1140, 76
73, 1150, 76
73, 1160, 81
['no' 'yes' 'no' 'no' 'yes']
['no' 'no' 'no' 'no' 'no' 'no' 'no' 'yes' 'no' 'no']
72, 1160, 81
73, 1170, 79
74, 1180, 80
78, 1190, 80
79, 1200, 85
81, 1210, 87
['no' 'no' 'no' 'no' 'no' 'yes' 'no' 'no' 'yes' 'no']
['no' 'no' 'no' 'no' 'no' 'no' 'no' 'no' 'no' 'no']
76, 1210, 87
76, 1220, 82
78, 1230, 82
78, 1240, 85
79, 1250, 84
81, 1260, 85
['no' 'no' 'no' 'no' 'no' 'no' 'no']
['no' 'no' 'no' 'no' 'no' 'no' 'no' 'no' 'no' 'no']
['no' 'no' 'no' 'no' 'no' 'no' 'no']
['no' 'no' 'no' 'no' 'no' 'no' 'no' 'no' 'no' 'no']
{'count': 1695, 'truepos': 54, 'falseneg': 4, 'unknownyes': 4, 'falsepos': 21, 'unique': 1260}
50: Wahono.csv: machine2: 0, 0
6, 10
6, 20, 101
8, 30, 93
10, 40, 89
12, 50, 77
17, 60, 66
['yes' 'no' 'yes' 'yes' 'yes' 'yes' 'yes' 'yes' 'yes' 'yes']
[]
16, 60, 66
19, 70, 79
20, 80, 73
22, 90, 65
23, 100, 59
25, 110, 55
['yes' 'no' 'no' 'yes' 'yes' 'yes' 'yes' 'no' 'no' 'yes']
[]
23, 110, 55
24, 120, 56
25, 130, 53
26, 140, 53
28, 150, 52
30, 160, 55
['no' 'no' 'yes' 'yes' 'no' 'yes' 'no' 'yes' 'no' 'no']
['no' 'no' 'no' 'no' 'no' 'no' 'no' 'yes' 'no' 'no']
27, 160, 55
31, 170, 55
35, 180, 50
36, 190, 54
40, 200, 53
40, 210, 62
['yes' 'no' 'yes' 'no' 'yes' 'yes' 'yes' 'yes' 'yes' 'no']
['no' 'no' 'no' 'no' 'no' 'no' 'no' 'no' 'no' 'no']
38, 210, 62
40, 220, 60
41, 230, 59
42, 240, 62
44, 250, 66
47, 260, 68
['no' 'no' 'yes' 'yes' 'no' 'yes' 'no' 'no' 'yes' 'yes']
['no' 'no' 'no' 'no' 'no' 'no' 'no' 'no' 'yes' 'no']
43, 260, 68
44, 270, 64
45, 280, 69
47, 290, 70
47, 300, 71
47, 310, 75
['no' 'no' 'yes' 'yes' 'yes' 'yes' 'yes' 'yes' 'yes' 'yes']
['no' 'no' 'no' 'no' 'no' 'no' 'no' 'yes' 'no' 'no']
46, 310, 75
49, 320, 63
53, 330, 70
55, 340, 80
58, 350, 70
61, 360, 77
['yes' 'no' 'no' 'no' 'yes' 'yes' 'no' 'no' 'yes' 'no']
['no' 'yes' 'no' 'no' 'no' 'no' 'no' 'no' 'no' 'no']
57, 360, 77
58, 370, 75
61, 380, 75
63, 390, 80
63, 400, 83
63, 410, 81
['no' 'yes' 'no' 'no' 'no' 'yes' 'no' 'no' 'no' 'no']
['no' 'no' 'no' 'no' 'no' 'no' 'no' 'no' 'yes' 'no']
60, 410, 81
62, 420, 76
65, 430, 74
66, 440, 84
67, 450, 82
68, 460, 85
['yes' 'no' 'no' 'no' 'no' 'no' 'yes' 'yes' 'no' 'no']
['no' 'no' 'no' 'no' 'no' 'no' 'no' 'no' 'no' 'no']
63, 460, 85
64, 470, 79
64, 480, 84
64, 490, 76
66, 500, 76
68, 510, 81
['no' 'yes' 'no' 'no' 'yes' 'yes' 'yes' 'no' 'no' 'no']
['no' 'no' 'no' 'no' 'no' 'no' 'no' 'no' 'yes' 'no']
62, 510, 81
63, 520, 75
65, 530, 78
66, 540, 84
67, 550, 83
67, 560, 88
['no' 'no' 'no' 'no' 'yes' 'yes' 'no' 'no']
['no' 'no' 'no' 'no' 'no' 'no' 'no' 'no' 'no' 'no']
63, 560, 88
64, 570, 81
65, 580, 83
67, 590, 82
69, 600, 86
69, 610, 91
['no' 'no' 'no' 'no' 'no' 'no']
['no' 'no' 'no' 'no' 'no' 'no' 'no' 'no' 'no' 'no']
65, 610, 91
65, 620, 80
65, 630, 85
66, 640, 82
66, 650, 83
66, 660, 82
['no' 'no' 'no']
['no' 'no' 'no' 'no' 'no' 'no' 'no' 'no' 'no' 'no']
63, 660, 82
67, 670, 74
67, 680, 84
67, 690, 84
68, 700, 84
69, 710, 82
['yes' 'no' 'no' 'no' 'no' 'no']
['no' 'no' 'no' 'no' 'no' 'no' 'no' 'no' 'no' 'no']
64, 710, 82
65, 720, 76
67, 730, 77
67, 740, 79
67, 750, 79
68, 760, 79
['no' 'no' 'no' 'no']
['no' 'no' 'no' 'no' 'no' 'no' 'no' 'no' 'no' 'no']
64, 760, 79
65, 770, 76
67, 780, 80
67, 790, 83
67, 800, 84
67, 810, 82
['no' 'no' 'no']
['no' 'no' 'no' 'no' 'no' 'no' 'no' 'no' 'no' 'no']
67, 810, 82
67, 820, 80
67, 830, 80
67, 840, 81
68, 850, 78
71, 860, 80
['no' 'no' 'no' 'no' 'no']
['no' 'no' 'no' 'no' 'no' 'no' 'no' 'no' 'no' 'no']
69, 860, 80
69, 870, 81
69, 880, 79
69, 890, 79
70, 900, 78
70, 910, 81
['no' 'no' 'no']
['no' 'no' 'no' 'no' 'no' 'no' 'no' 'no' 'no' 'no']
68, 910, 81
69, 920, 81
71, 930, 81
71, 940, 84
71, 950, 84
72, 960, 83
['no' 'no' 'no' 'no' 'no']
['no' 'no' 'no' 'no' 'no' 'no' 'no' 'no' 'no' 'no']
70, 960, 83
70, 970, 86
71, 980, 85
72, 990, 86
73, 1000, 87
73, 1010, 94
['no' 'no' 'no' 'no']
['no' 'no' 'no' 'no' 'no' 'no' 'no' 'no' 'no' 'no']
71, 1010, 94
72, 1020, 81
74, 1030, 82
75, 1040, 84
77, 1050, 84
78, 1060, 87
['no' 'no' 'no' 'no' 'no' 'no' 'no']
['no' 'no' 'no' 'no' 'no' 'no' 'no' 'no' 'no' 'no']
73, 1060, 87
75, 1070, 83
78, 1080, 88
79, 1090, 95
80, 1100, 96
81, 1110, 98
['no' 'no' 'no' 'no' 'no' 'no' 'no' 'no' 'no']
['no' 'no' 'no' 'no' 'no' 'no' 'no' 'no' 'no' 'no']
74, 1110, 98
74, 1120, 83
76, 1130, 85
77, 1140, 85
80, 1150, 88
82, 1160, 93
['no' 'no' 'no' 'no' 'no' 'no' 'no' 'no' 'no']
['no' 'no' 'no' 'no' 'no' 'no' 'no' 'no' 'no' 'no']
77, 1160, 93
77, 1170, 89
77, 1180, 88
77, 1190, 88
77, 1200, 88
78, 1210, 87
['no' 'no']
['no' 'no' 'no' 'no' 'no' 'no' 'no' 'no' 'no' 'no']
76, 1210, 87
79, 1220, 85
80, 1230, 89
81, 1240, 89
81, 1250, 89
81, 1260, 89
['no' 'no' 'no' 'no' 'no']
['no' 'no' 'no' 'no' 'no' 'no' 'no' 'no' 'no' 'no']
77, 1260, 89
78, 1270, 86
78, 1280, 88
79, 1290, 88
81, 1300, 90
83, 1310, 93
['no' 'no' 'no' 'no' 'yes' 'no' 'no']
['no' 'no' 'no' 'no' 'no' 'no' 'no' 'no' 'no' 'no']
79, 1310, 93
79, 1320, 90
81, 1330, 88
82, 1340, 92
83, 1350, 92
83, 1360, 93
['no' 'no' 'no' 'yes' 'no' 'no']
['no' 'no' 'no' 'no' 'no' 'no' 'no' 'no' 'no' 'no']
79, 1360, 93
79, 1370, 89
79, 1380, 88
80, 1390, 89
81, 1400, 89
84, 1410, 94
['no' 'no' 'no' 'no' 'no']
['no' 'no' 'no' 'no' 'no' 'no' 'no' 'no' 'no' 'no']
79, 1410, 94
79, 1420, 87
80, 1430, 88
81, 1440, 91
81, 1450, 92
82, 1460, 92
['no' 'no' 'no']
['no' 'no' 'no' 'no' 'no' 'no' 'no' 'no' 'no' 'no']
79, 1460, 92
80, 1470, 88
80, 1480, 89
83, 1490, 89
83, 1500, 92
84, 1510, 91
['no' 'no' 'no' 'no' 'no']
['no' 'no' 'no' 'no' 'no' 'no' 'no' 'no' 'no' 'no']
84, 1510, 91
84, 1520, 93
84, 1530, 92
84, 1540, 92
85, 1550, 92
86, 1560, 94
['no' 'no' 'no']
['no' 'no' 'no' 'no' 'no' 'no' 'no' 'no' 'no' 'no']
86, 1560, 94
88, 1570, 95
91, 1580, 98
93, 1590, 103
94, 1600, 102
96, 1610, 102
['no' 'no' 'no' 'no' 'no' 'no' 'no' 'no' 'no' 'no']
['no' 'no' 'no' 'no' 'no' 'no' 'no' 'no' 'no' 'no']
87, 1610, 102
88, 1620, 94
90, 1630, 96
91, 1640, 98
92, 1650, 98
92, 1660, 101
['no' 'no' 'no' 'no' 'no' 'no' 'no' 'no']
['no' 'no' 'no' 'no' 'no' 'no' 'no' 'no' 'no' 'no']
87, 1660, 101
87, 1670, 94
89, 1680, 94
91, 1690, 96
92, 1700, 101
92, 1710, 102
['no' 'no' 'no' 'no' 'no' 'no']
['no' 'no' 'no' 'no' 'no' 'no' 'no' 'no' 'no' 'no']
89, 1710, 102
89, 1720, 95
91, 1730, 96
92, 1740, 99
92, 1750, 101
94, 1760, 101
['no' 'no' 'no' 'no' 'no']
['no' 'no' 'no' 'no' 'no' 'no' 'no' 'no' 'no' 'no']
89, 1760, 101
92, 1770, 94
93, 1780, 98
95, 1790, 99
95, 1800, 103
96, 1810, 101
['no' 'no' 'no' 'no' 'no' 'no' 'no']
['no' 'no' 'no' 'no' 'no' 'no' 'no' 'no' 'no' 'no']
['no' 'no' 'no' 'no' 'no' 'no' 'no']
['no' 'no' 'no' 'no' 'no' 'no' 'no' 'no' 'no' 'no']
{'count': 2552, 'truepos': 56, 'falseneg': 3, 'unknownyes': 3, 'falsepos': 34, 'unique': 1810}
50: Wahono.csv: machine3: 0, 0
6, 10
7, 20, 99
7, 30, 99
9, 40, 77
11, 50, 66
15, 60, 68
null
[]
19, 70, 76
19, 80, 89
21, 90, 65
22, 100, 61
23, 110, 58
23, 120, 54
null
[]
25, 130, 51
26, 140, 53
27, 150, 52
29, 160, 53
30, 170, 57
32, 180, 56
null
['no' 'no' 'no' 'no' 'no' 'yes' 'no' 'no' 'no' 'yes']
34, 180, 56
36, 190, 62
37, 200, 63
38, 210, 61
38, 220, 62
40, 230, 57
null
['no' 'yes' 'no' 'no' 'no' 'no' 'no' 'no' 'no' 'no']
40, 230, 57
40, 240, 61
40, 250, 64
40, 260, 58
40, 270, 56
41, 280, 55
null
['no' 'no' 'no' 'yes' 'no' 'no' 'no' 'no' 'no' 'no']
43, 280, 55
44, 290, 64
48, 300, 59
50, 310, 65
51, 320, 74
51, 330, 69
null
['no' 'no' 'no' 'no' 'no' 'no' 'no' 'no' 'no' 'no']
51, 330, 69
53, 340, 68
56, 350, 69
56, 360, 79
56, 370, 73
56, 380, 72
null
['no' 'yes' 'no' 'no' 'no' 'no' 'no' 'no' 'no' 'no']
56, 380, 72
56, 390, 70
58, 400, 70
58, 410, 71
58, 420, 70
59, 430, 73
null
['no' 'no' 'no' 'no' 'no' 'no' 'no' 'no' 'no' 'no']
60, 430, 73
60, 440, 77
60, 450, 73
60, 460, 74
60, 470, 75
60, 480, 71
null
['no' 'no' 'no' 'no' 'no' 'no' 'no' 'no' 'no' 'no']
60, 480, 71
60, 490, 73
60, 500, 72
61, 510, 73
62, 520, 72
62, 530, 75
null
['no' 'no' 'no' 'no' 'no' 'no' 'no' 'no' 'no' 'no']
62, 530, 75
62, 540, 74
62, 550, 73
63, 560, 74
63, 570, 79
63, 580, 75
null
['no' 'no' 'no' 'no' 'no' 'no' 'no' 'no' 'no' 'no']
63, 580, 75
63, 590, 73
63, 600, 76
63, 610, 74
65, 620, 74
65, 630, 77
null
['no' 'no' 'no' 'no' 'no' 'no' 'no' 'no' 'no' 'no']
65, 630, 77
65, 640, 76
65, 650, 75
65, 660, 77
66, 670, 76
66, 680, 77
null
['no' 'no' 'no' 'no' 'no' 'no' 'no' 'no' 'no' 'no']
66, 680, 77
66, 690, 76
66, 700, 80
67, 710, 76
67, 720, 77
68, 730, 76
null
['no' 'no' 'no' 'no' 'no' 'no' 'no' 'no' 'no' 'no']
68, 730, 76
68, 740, 78
69, 750, 77
70, 760, 79
71, 770, 81
72, 780, 80
null
['no' 'no' 'no' 'no' 'no' 'no' 'no' 'no' 'no' 'no']
72, 780, 80
72, 790, 81
72, 800, 81
72, 810, 81
72, 820, 82
72, 830, 79
null
['no' 'no' 'no' 'no' 'no' 'no' 'no' 'no' 'no' 'no']
72, 830, 79
72, 840, 79
72, 850, 79
72, 860, 81
72, 870, 80
72, 880, 79
null
['no' 'no' 'no' 'no' 'no' 'no' 'no' 'no' 'no' 'no']
72, 880, 79
72, 890, 79
72, 900, 81
72, 910, 78
72, 920, 78
72, 930, 79
null
['no' 'no' 'no' 'no' 'no' 'no' 'no' 'no' 'no' 'no']
72, 930, 79
72, 940, 79
72, 950, 77
72, 960, 79
73, 970, 79
73, 980, 80
null
['no' 'no' 'no' 'no' 'no' 'no' 'no' 'no' 'no' 'no']
73, 980, 80
73, 990, 81
73, 1000, 80
73, 1010, 80
73, 1020, 80
73, 1030, 79
null
['no' 'no' 'no' 'no' 'no' 'no' 'no' 'no' 'no' 'no']
73, 1030, 79
75, 1040, 78
75, 1050, 80
75, 1060, 82
75, 1070, 79
76, 1080, 81
null
['no' 'no' 'no' 'no' 'no' 'no' 'no' 'no' 'no' 'no']
76, 1080, 81
76, 1090, 82
76, 1100, 81
76, 1110, 81
76, 1120, 84
77, 1130, 81
null
['no' 'no' 'no' 'no' 'no' 'no' 'no' 'no' 'no' 'no']
null
['no' 'no' 'no' 'no' 'no' 'no' 'no' 'no' 'no' 'no']
{'count': 1622, 'truepos': 56, 'falseneg': 5, 'unknownyes': 1, 'falsepos': 21, 'unique': 1130}
50: Wahono.csv: machine4: 0, 0
6, 10
6, 20, 98
8, 30, 93
9, 40, 87
14, 50, 71
16, 60, 81
18, 70, 69
19, 80, 59
21, 90, 50
24, 100, 53
26, 110, 60
27, 120, 61
30, 130, 57
31, 140, 62
33, 150, 62
33, 160, 61
36, 170, 61
36, 180, 78
37, 190, 69
38, 200, 68
40, 210, 63
41, 220, 69
43, 230, 70
44, 240, 73
44, 250, 75
44, 260, 78
45, 270, 71
45, 280, 75
45, 290, 71
45, 300, 74
45, 310, 69
47, 320, 65
47, 330, 69
47, 340, 67
49, 350, 67
49, 360, 74
50, 370, 81
50, 380, 74
50, 390, 67
50, 400, 70
51, 410, 71
51, 420, 77
52, 430, 74
54, 440, 72
54, 450, 71
55, 460, 68
55, 470, 70
55, 480, 72
55, 490, 71
55, 500, 69
55, 510, 74
55, 520, 69
56, 530, 68
56, 540, 70
56, 550, 67
56, 560, 67
57, 570, 68
57, 580, 66
57, 590, 74
57, 600, 67
57, 610, 69
57, 620, 70
58, 630, 66
60, 640, 72
62, 650, 73
62, 660, 72
62, 670, 72
63, 680, 72
63, 690, 72
63, 700, 71
63, 710, 70
63, 720, 71
63, 730, 73
64, 740, 71
64, 750, 75
64, 760, 71
65, 770, 72
65, 780, 74
65, 790, 74
66, 800, 74
66, 810, 75
66, 820, 74
66, 830, 74
66, 840, 74
66, 850, 75
67, 860, 73
68, 870, 73
69, 880, 76
69, 890, 76
71, 900, 77
71, 910, 80
71, 920, 81
72, 930, 79
72, 940, 80
72, 950, 81
72, 960, 79
73, 970, 80
74, 980, 82
74, 990, 83
74, 1000, 82
74, 1010, 83
74, 1020, 84
76, 1030, 83
76, 1040, 84
76, 1050, 84
76, 1060, 84
76, 1070, 84
76, 1080, 83
76, 1090, 83
77, 1100, 84
78, 1110, 84
78, 1120, 84
78, 1130, 85
78, 1140, 85
78, 1150, 85
80, 1160, 86
82, 1170, 88
82, 1180, 91
82, 1190, 88
82, 1200, 89
82, 1210, 90
84, 1220, 89
84, 1230, 93
84, 1240, 91
84, 1250, 93
84, 1260, 92
84, 1270, 92
84, 1280, 92
85, 1290, 91
85, 1300, 93
85, 1310, 92
85, 1320, 93
85, 1330, 91
85, 1340, 93
85, 1350, 91
85, 1360, 91
86, 1370, 92
86, 1380, 94
86, 1390, 92
86, 1400, 94
86, 1410, 94
88, 1420, 92
89, 1430, 95
89, 1440, 97
89, 1450, 98
89, 1460, 97
89, 1470, 97
89, 1480, 97
89, 1490, 98
89, 1500, 96
89, 1510, 95
89, 1520, 96
90, 1530, 96
90, 1540, 97
91, 1550, 96
91, 1560, 98
91, 1570, 98
91, 1580, 98
91, 1590, 97
91, 1600, 97
91, 1610, 97
91, 1620, 97
92, 1630, 97
92, 1640, 97
92, 1650, 98
92, 1660, 99
92, 1670, 99
92, 1680, 97
92, 1690, 98
92, 1700, 98
93, 1710, 97
93, 1720, 98
93, 1730, 100
93, 1740, 99
93, 1750, 99
93, 1760, 99
93, 1770, 99
93, 1780, 99
93, 1790, 99
93, 1800, 98
93, 1810, 98
93, 1820, 99
93, 1830, 98
95, 1840, 98
95, 1850, 101
{'count': 2251, 'truepos': 56, 'falseneg': 5, 'unknownyes': 1, 'falsepos': 39, 'unique': 1850}
50: Danijel.csv: none: 0, 0
4, 10
4, 20, 101
4, 30, 88
5, 40, 60
7, 50, 56
10, 60, 57
11, 70, 64
15, 80, 53
17, 90, 55
19, 100, 55
21, 110, 57
23, 120, 56
25, 130, 56
27, 140, 53
28, 150, 54
32, 160, 51
34, 170, 53
39, 180, 56
41, 190, 64
42, 200, 65
44, 210, 70
44, 220, 73
46, 230, 68
46, 240, 71
46, 250, 69
47, 260, 72
51, 270, 70
53, 280, 78
53, 290, 77
54, 300, 75
55, 310, 78
55, 320, 76
56, 330, 73
57, 340, 76
58, 350, 80
60, 360, 79
62, 370, 86
65, 380, 95
67, 390, 98
70, 400, 102
70, 410, 116
70, 420, 115
71, 430, 101
73, 440, 94
73, 450, 108
77, 460, 101
77, 470, 101
77, 480, 102
80, 490, 109
80, 500, 114
82, 510, 117
84, 520, 118
85, 530, 107
87, 540, 113
88, 550, 115
88, 560, 116
91, 570, 118
91, 580, 129
91, 590, 122
91, 600, 125
92, 610, 120
92, 620, 121
93, 630, 117
94, 640, 118
94, 650, 123
95, 660, 122
96, 670, 125
97, 680, 127
98, 690, 133
98, 700, 124
98, 710, 118
98, 720, 126
99, 730, 123
99, 740, 129
104, 750, 131
107, 760, 136
107, 770, 148
108, 780, 145
108, 790, 139
109, 800, 146
109, 810, 141
111, 820, 135
112, 830, 141
113, 840, 142
113, 850, 142
113, 860, 145
113, 870, 139
114, 880, 138
116, 890, 140
118, 900, 142
119, 910, 143
119, 920, 146
119, 930, 146
121, 940, 143
124, 950, 147
126, 960, 159
127, 970, 152
127, 980, 157
128, 990, 153
128, 1000, 156
128, 1010, 153
128, 1020, 155
128, 1030, 151
128, 1040, 147
130, 1050, 154
132, 1060, 154
133, 1070, 153
134, 1080, 160
136, 1090, 156
138, 1100, 157
138, 1110, 164
141, 1120, 159
141, 1130, 164
142, 1140, 163
143, 1150, 164
144, 1160, 163
146, 1170, 165
147, 1180, 168
147, 1190, 167
149, 1200, 171
151, 1210, 170
151, 1220, 172
152, 1230, 172
153, 1240, 174
154, 1250, 172
156, 1260, 175
158, 1270, 176
159, 1280, 182
161, 1290, 183
162, 1300, 184
163, 1310, 186
163, 1320, 186
163, 1330, 184
165, 1340, 190
166, 1350, 187
167, 1360, 193
168, 1370, 190
168, 1380, 190
169, 1390, 189
171, 1400, 192
172, 1410, 191
174, 1420, 194
174, 1430, 195
177, 1440, 197
178, 1450, 198
179, 1460, 200
180, 1470, 202
181, 1480, 208
183, 1490, 212
184, 1500, 210
185, 1510, 209
186, 1520, 210
186, 1530, 207
186, 1540, 210
189, 1550, 211
191, 1560, 214
191, 1570, 214
191, 1580, 217
192, 1590, 214
192, 1600, 216
193, 1610, 215
195, 1620, 216
197, 1630, 219
199, 1640, 218
201, 1650, 224
204, 1660, 228
206, 1670, 232
207, 1680, 232
209, 1690, 238
209, 1700, 237
210, 1710, 241
212, 1720, 239
213, 1730, 243
215, 1740, 246
215, 1750, 246
216, 1760, 243
218, 1770, 247
218, 1780, 250
219, 1790, 248
219, 1800, 249
220, 1810, 251
220, 1820, 252
220, 1830, 248
221, 1840, 250
221, 1850, 249
221, 1860, 251
221, 1870, 249
221, 1880, 251
222, 1890, 249
222, 1900, 245
222, 1910, 250
223, 1920, 249
225, 1930, 247
227, 1940, 251
229, 1950, 252
232, 1960, 250
234, 1970, 257
236, 1980, 262
239, 1990, 263
240, 2000, 268
240, 2010, 272
240, 2020, 269
241, 2030, 269
242, 2040, 270
243, 2050, 272
244, 2060, 273
246, 2070, 271
248, 2080, 271
250, 2090, 280
250, 2100, 278
250, 2110, 275
250, 2120, 277
250, 2130, 272
251, 2140, 272
252, 2150, 278
254, 2160, 276
255, 2170, 282
257, 2180, 280
258, 2190, 279
260, 2200, 284
261, 2210, 289
261, 2220, 292
261, 2230, 286
263, 2240, 286
265, 2250, 294
267, 2260, 296
267, 2270, 296
268, 2280, 295
268, 2290, 300
270, 2300, 296
271, 2310, 297
273, 2320, 298
274, 2330, 300
275, 2340, 302
276, 2350, 302
277, 2360, 305
277, 2370, 303
277, 2380, 301
277, 2390, 301
278, 2400, 303
280, 2410, 305
282, 2420, 303
283, 2430, 310
284, 2440, 312
285, 2450, 312
286, 2460, 313
286, 2470, 312
286, 2480, 314
287, 2490, 311
288, 2500, 312
288, 2510, 312
291, 2520, 313
291, 2530, 315
291, 2540, 314
291, 2550, 314
292, 2560, 313
293, 2570, 314
293, 2580, 315
295, 2590, 317
296, 2600, 322
297, 2610, 322
297, 2620, 320
298, 2630, 320
299, 2640, 323
301, 2650, 323
302, 2660, 328
303, 2670, 327
303, 2680, 328
304, 2690, 327
304, 2700, 327
305, 2710, 328
305, 2720, 328
305, 2730, 325
306, 2740, 325
306, 2750, 329
306, 2760, 328
307, 2770, 325
308, 2780, 328
310, 2790, 326
313, 2800, 329
314, 2810, 333
318, 2820, 333
318, 2830, 340
319, 2840, 342
320, 2850, 339
323, 2860, 343
325, 2870, 346
326, 2880, 347
326, 2890, 350
326, 2900, 352
328, 2910, 350
331, 2920, 351
333, 2930, 357
334, 2940, 361
334, 2950, 359
335, 2960, 357
335, 2970, 359
335, 2980, 359
335, 2990, 360
335, 3000, 358
335, 3010, 358
336, 3020, 358
337, 3030, 358
337, 3040, 358
341, 3050, 357
343, 3060, 363
346, 3070, 364
347, 3080, 368
348, 3090, 370
349, 3100, 368
351, 3110, 372
353, 3120, 373
354, 3130, 374
356, 3140, 374
358, 3150, 380
360, 3160, 379
362, 3170, 381
363, 3180, 385
364, 3190, 387
365, 3200, 387
365, 3210, 388
366, 3220, 386
368, 3230, 386
370, 3240, 390
370, 3250, 393
370, 3260, 392
370, 3270, 392
370, 3280, 391
371, 3290, 391
372, 3300, 392
374, 3310, 394
374, 3320, 394
375, 3330, 394
375, 3340, 396
375, 3350, 397
{'count': 3350, 'truepos': 37, 'falseneg': 9, 'unknownyes': 2, 'falsepos': 338, 'unique': 3350}
50: Danijel.csv: three: 0, 0
4, 10
4, 20, 118
6, 30, 97
10, 40, 79
12, 50, 86
13, 60, 86
16, 70, 73
19, 80, 72
22, 90, 71
25, 100, 72
25, 110, 73
26, 120, 65
27, 130, 63
30, 140, 60
34, 150, 56
36, 160, 57
36, 170, 57
36, 180, 55
39, 190, 52
40, 200, 52
41, 210, 56
42, 220, 57
42, 230, 55
44, 240, 59
44, 250, 56
45, 260, 57
45, 270, 58
45, 280, 58
46, 290, 56
46, 300, 59
47, 310, 56
48, 320, 57
48, 330, 58
50, 340, 58
50, 350, 58
50, 360, 59
50, 370, 58
50, 380, 60
50, 390, 58
50, 400, 57
51, 410, 57
52, 420, 58
52, 430, 59
53, 440, 61
53, 450, 61
54, 460, 61
55, 470, 62
55, 480, 67
57, 490, 62
58, 500, 66
59, 510, 65
61, 520, 70
61, 530, 73
61, 540, 72
62, 550, 76
63, 560, 77
64, 570, 76
64, 580, 79
64, 590, 80
64, 600, 84
64, 610, 79
64, 620, 79
64, 630, 78
64, 640, 76
64, 650, 74
64, 660, 76
64, 670, 72
64, 680, 79
64, 690, 72
66, 700, 75
66, 710, 79
66, 720, 77
66, 730, 78
66, 740, 74
66, 750, 74
66, 760, 74
66, 770, 75
66, 780, 75
66, 790, 77
66, 800, 76
66, 810, 78
66, 820, 78
67, 830, 73
67, 840, 73
68, 850, 73
69, 860, 73
69, 870, 75
69, 880, 75
69, 890, 78
69, 900, 75
69, 910, 75
70, 920, 77
71, 930, 76
71, 940, 80
71, 950, 79
72, 960, 81
72, 970, 83
72, 980, 80
72, 990, 79
73, 1000, 80
73, 1010, 85
73, 1020, 80
73, 1030, 80
73, 1040, 79
73, 1050, 77
74, 1060, 78
75, 1070, 81
76, 1080, 80
76, 1090, 83
76, 1100, 83
76, 1110, 81
77, 1120, 81
77, 1130, 82
77, 1140, 83
77, 1150, 84
{'count': 2518, 'truepos': 45, 'falseneg': 0, 'unknownyes': 3, 'falsepos': 32, 'unique': 1150}
50: Danijel.csv: machine: 0, 0
5, 10
6, 20, 121
8, 30, 112
10, 40, 121
10, 50, 122
11, 60, 102
['yes' 'no' 'no' 'yes' 'yes' 'no' 'no' 'yes' 'yes' 'yes']
[]
7, 60, 102
9, 70, 80
11, 80, 74
14, 90, 66
16, 100, 63
16, 110, 68
['yes' 'yes' 'no' 'no' 'yes' 'yes' 'no' 'yes' 'no' 'no']
[]
12, 110, 68
14, 120, 59
15, 130, 55
19, 140, 51
24, 150, 53
27, 160, 58
['yes' 'yes' 'yes' 'yes' 'no' 'yes' 'yes' 'yes' 'no' 'no']
[]
24, 160, 58
24, 170, 55
25, 180, 51
25, 190, 49
26, 200, 46
28, 210, 47
['yes' 'no' 'yes' 'no' 'yes' 'yes' 'no' 'yes' 'yes']
[]
25, 210, 47
26, 220, 47
29, 230, 46
31, 240, 49
33, 250, 49
34, 260, 52
['no' 'no' 'no' 'yes' 'no' 'yes' 'yes' 'yes' 'no']
['yes' 'no' 'no' 'no' 'no' 'yes' 'no' 'no' 'no' 'no']
31, 260, 52
32, 270, 45
33, 280, 45
35, 290, 44
38, 300, 47
41, 310, 51
['no' 'yes' 'yes' 'yes' 'no' 'no' 'no' 'yes' 'no' 'yes']
['no' 'no' 'no' 'no' 'no' 'yes' 'no' 'no' 'no' 'no']
39, 310, 51
39, 320, 47
39, 330, 47
40, 340, 48
43, 350, 47
44, 360, 50
['yes' 'yes' 'no' 'no' 'no' 'yes' 'yes']
['no' 'no' 'no' 'no' 'no' 'no' 'no' 'no' 'no' 'no']
42, 360, 50
42, 370, 49
45, 380, 50
46, 390, 53
50, 400, 53
51, 410, 59
['yes' 'yes' 'yes' 'no' 'no' 'yes' 'no' 'no' 'no' 'no']
['no' 'no' 'no' 'no' 'no' 'no' 'no' 'no' 'no' 'no']
46, 410, 59
47, 420, 54
47, 430, 53
48, 440, 53
49, 450, 55
49, 460, 57
['no' 'no' 'no' 'no']
['no' 'no' 'no' 'no' 'no' 'no' 'no' 'no' 'no' 'no']
46, 460, 57
46, 470, 51
47, 480, 51
49, 490, 53
50, 500, 56
50, 510, 62
['no' 'no' 'yes' 'no' 'no']
['no' 'no' 'no' 'no' 'no' 'no' 'no' 'no' 'no' 'no']
46, 510, 62
46, 520, 49
48, 530, 50
48, 540, 54
49, 550, 53
50, 560, 54
['no' 'no' 'no' 'no']
['no' 'no' 'no' 'no' 'no' 'no' 'no' 'no' 'no' 'no']
47, 560, 54
47, 570, 51
47, 580, 52
48, 590, 51
48, 600, 51
51, 610, 51
['no' 'no' 'no' 'no']
['no' 'no' 'no' 'no' 'no' 'no' 'yes' 'no' 'no' 'no']
['no' 'no' 'no' 'no']
['no' 'no' 'no' 'no' 'no' 'no' 'no' 'no' 'yes' 'no']
{'count': 782, 'truepos': 40, 'falseneg': 4, 'unknownyes': 4, 'falsepos': 11, 'unique': 610}
50: Danijel.csv: machine2: 0, 0
4, 10
5, 20, 116
7, 30, 117
7, 40, 101
8, 50, 72
12, 60, 61
['yes' 'yes' 'no' 'yes' 'yes' 'yes' 'yes' 'yes' 'no' 'yes']
[]
11, 60, 61
18, 70, 63
19, 80, 101
20, 90, 96
20, 100, 79
23, 110, 65
['no' 'yes' 'yes' 'yes' 'no' 'yes' 'yes' 'no' 'no' 'no']
['no']
18, 110, 65
21, 120, 58
24, 130, 60
28, 140, 64
28, 150, 70
30, 160, 63
['no' 'no' 'no' 'yes' 'yes' 'yes' 'yes' 'yes' 'yes' 'no']
['no' 'no' 'no' 'no' 'no' 'no' 'no' 'no' 'no' 'no']
27, 160, 63
28, 170, 52
31, 180, 50
33, 190, 50
33, 200, 55
33, 210, 53
['yes' 'yes' 'no' 'yes' 'yes' 'no' 'yes' 'yes' 'no' 'no']
['no' 'no' 'no' 'no' 'no' 'no' 'no' 'no' 'no' 'no']
29, 210, 53
29, 220, 51
33, 230, 47
36, 240, 45
38, 250, 49
41, 260, 52
['no' 'yes' 'yes' 'no' 'yes' 'no' 'no' 'yes' 'yes' 'yes']
['no' 'yes' 'yes' 'no' 'no' 'no' 'no' 'no' 'no' 'no']
38, 260, 52
41, 270, 52
42, 280, 57
43, 290, 58
45, 300, 57
46, 310, 65
['no' 'yes' 'yes' 'no' 'yes' 'no' 'no' 'yes' 'no' 'no']
['no' 'no' 'no' 'no' 'no' 'no' 'no' 'no' 'no' 'no']
42, 310, 65
43, 320, 56
44, 330, 57
45, 340, 63
47, 350, 65
48, 360, 67
['no' 'no' 'no' 'no' 'no' 'no' 'no' 'yes' 'no' 'yes']
['no' 'no' 'no' 'no' 'no' 'no' 'no' 'no' 'no' 'no']
41, 360, 67
44, 370, 51
46, 380, 57
48, 390, 58
49, 400, 58
49, 410, 58
['no' 'no' 'yes' 'no' 'no' 'no' 'no' 'no' 'yes']
['no' 'no' 'no' 'no' 'no' 'no' 'no' 'no' 'no' 'no']
45, 410, 58
47, 420, 55
49, 430, 58
50, 440, 58
51, 450, 59
52, 460, 60
['no' 'no' 'no' 'no' 'no' 'no' 'no']
['no' 'no' 'no' 'no' 'no' 'no' 'no' 'no' 'no' 'no']
47, 460, 60
47, 470, 56
48, 480, 56
49, 490, 58
50, 500, 60
53, 510, 60
['no' 'yes' 'no' 'no' 'no' 'yes' 'no']
['no' 'no' 'no' 'no' 'no' 'no' 'no' 'no' 'no' 'no']
50, 510, 60
50, 520, 62
51, 530, 60
51, 540, 61
51, 550, 61
53, 560, 61
['no' 'no' 'no' 'no']
['no' 'no' 'no' 'no' 'no' 'no' 'no' 'no' 'no' 'no']
52, 560, 61
53, 570, 62
54, 580, 61
55, 590, 65
56, 600, 66
56, 610, 68
['no' 'no' 'no' 'no' 'no' 'no']
['no' 'no' 'no' 'no' 'no' 'no' 'no' 'no' 'no' 'no']
50, 610, 68
52, 620, 56
54, 630, 59
54, 640, 62
55, 650, 61
55, 660, 63
['no' 'no' 'no' 'no' 'no']
['no' 'no' 'no' 'no' 'no' 'no' 'no' 'no' 'no' 'no']
54, 660, 63
56, 670, 61
57, 680, 64
60, 690, 64
64, 700, 68
64, 710, 73
['no' 'no' 'no' 'no' 'no' 'no' 'no' 'no' 'no' 'no']
['no' 'no' 'no' 'no' 'no' 'no' 'no' 'no' 'no' 'no']
57, 710, 73
59, 720, 65
60, 730, 67
62, 740, 67
62, 750, 71
62, 760, 70
['no' 'no' 'no' 'no' 'no' 'no' 'no']
['no' 'no' 'no' 'no' 'no' 'no' 'no' 'no' 'no' 'no']
60, 760, 70
60, 770, 65
61, 780, 66
66, 790, 68
67, 800, 75
69, 810, 75
['no' 'no' 'no' 'no' 'no' 'no' 'no' 'no' 'no' 'no']
['no' 'no' 'no' 'no' 'no' 'no' 'no' 'no' 'no' 'no']
65, 810, 75
66, 820, 72
67, 830, 74
67, 840, 76
68, 850, 72
68, 860, 75
['no' 'no' 'no' 'no' 'no' 'no' 'no']
['no' 'no' 'no' 'no' 'no' 'no' 'no' 'no' 'no' 'no']
63, 860, 75
63, 870, 69
63, 880, 69
63, 890, 68
63, 900, 67
64, 910, 67
['no' 'no']
['no' 'no' 'no' 'no' 'no' 'no' 'no' 'no' 'no' 'no']
['no' 'no']
['no' 'no' 'no' 'no' 'no' 'no' 'no' 'no' 'no' 'no']
{'count': 1293, 'truepos': 41, 'falseneg': 2, 'unknownyes': 5, 'falsepos': 22, 'unique': 910}
50: Danijel.csv: machine3: 0, 0
3, 10
3, 20, 103
4, 30, 79
8, 40, 52
8, 50, 67
8, 60, 52
null
[]
9, 70, 44
14, 80, 43
15, 90, 55
18, 100, 47
23, 110, 50
23, 120, 61
null
[]
25, 130, 51
26, 140, 52
27, 150, 49
28, 160, 47
29, 170, 47
29, 180, 46
null
[]
31, 190, 45
31, 200, 44
32, 210, 47
33, 220, 44
34, 230, 45
34, 240, 46
null
['no' 'no' 'yes' 'no' 'no' 'no' 'no' 'no' 'no' 'no']
35, 240, 46
37, 250, 44
38, 260, 48
38, 270, 52
39, 280, 48
39, 290, 51
null
['no' 'no' 'no' 'no' 'no' 'no' 'no' 'no' 'no' 'no']
39, 290, 51
40, 300, 49
41, 310, 49
41, 320, 49
41, 330, 49
41, 340, 49
null
['yes' 'no' 'no' 'no' 'no' 'no' 'no' 'no' 'no' 'no']
42, 340, 49
43, 350, 49
43, 360, 51
43, 370, 51
43, 380, 51
43, 390, 51
null
['no' 'no' 'no' 'no' 'no' 'no' 'no' 'no' 'no' 'no']
43, 390, 51
43, 400, 50
43, 410, 50
43, 420, 49
44, 430, 49
45, 440, 50
null
['no' 'no' 'no' 'no' 'no' 'no' 'no' 'no' 'no' 'no']
45, 440, 50
45, 450, 51
46, 460, 52
46, 470, 52
47, 480, 53
47, 490, 54
null
['no' 'no' 'no' 'no' 'no' 'no' 'yes' 'no' 'no' 'no']
48, 490, 54
48, 500, 55
48, 510, 55
48, 520, 54
48, 530, 55
48, 540, 55
null
['no' 'no' 'no' 'no' 'no' 'yes' 'no' 'no' 'no' 'no']
49, 540, 55
49, 550, 55
49, 560, 58
49, 570, 56
49, 580, 53
49, 590, 55
null
['no' 'no' 'no' 'no' 'no' 'no' 'no' 'no' 'no' 'no']
49, 590, 55
50, 600, 54
50, 610, 55
50, 620, 56
50, 630, 55
50, 640, 55
null
['no' 'no' 'no' 'no' 'no' 'no' 'no' 'no' 'no' 'no']
50, 640, 55
51, 650, 54
51, 660, 57
52, 670, 56
54, 680, 56
54, 690, 59
null
['no' 'no' 'no' 'no' 'no' 'no' 'no' 'no' 'no' 'no']
54, 690, 59
54, 700, 59
55, 710, 58
56, 720, 59
56, 730, 60
56, 740, 61
null
['no' 'no' 'no' 'no' 'no' 'no' 'no' 'no' 'no' 'no']
56, 740, 61
57, 750, 60
58, 760, 61
58, 770, 62
null
['no' 'no' 'no' 'no' 'no' 'no' 'no' 'no' 'no' 'no']
{'count': 1101, 'truepos': 44, 'falseneg': 1, 'unknownyes': 3, 'falsepos': 14, 'unique': 770}
50: Danijel.csv: machine4: 0, 0
3, 10
4, 20, 99
4, 30, 94
7, 40, 62
9, 50, 72
14, 60, 63
16, 70, 82
16, 80, 78
17, 90, 62
17, 100, 55
20, 110, 49
21, 120, 52
22, 130, 47
22, 140, 46
24, 150, 43
26, 160, 43
26, 170, 46
26, 180, 43
26, 190, 42
27, 200, 42
29, 210, 42
30, 220, 45
31, 230, 43
32, 240, 43
32, 250, 45
33, 260, 45
33, 270, 47
33, 280, 46
36, 290, 44
38, 300, 48
38, 310, 50
38, 320, 51
39, 330, 51
40, 340, 50
40, 350, 50
41, 360, 50
42, 370, 51
42, 380, 52
42, 390, 51
42, 400, 52
42, 410, 50
43, 420, 51
43, 430, 53
43, 440, 53
43, 450, 53
43, 460, 52
43, 470, 50
44, 480, 50
45, 490, 51
45, 500, 51
45, 510, 53
45, 520, 52
45, 530, 51
46, 540, 51
46, 550, 52
46, 560, 53
46, 570, 52
46, 580, 51
47, 590, 51
47, 600, 57
48, 610, 52
48, 620, 54
48, 630, 53
48, 640, 54
48, 650, 54
48, 660, 53
48, 670, 52
48, 680, 53
48, 690, 53
49, 700, 53
49, 710, 54
49, 720, 53
49, 730, 54
49, 740, 53
49, 750, 54
50, 760, 53
50, 770, 55
50, 780, 55
50, 790, 54
50, 800, 54
50, 810, 54
50, 820, 54
51, 830, 54
51, 840, 55
51, 850, 55
52, 860, 55
52, 870, 56
52, 880, 55
53, 890, 55
53, 900, 57
53, 910, 58
53, 920, 57
53, 930, 57
53, 940, 57
54, 950, 56
54, 960, 58
54, 970, 58
54, 980, 57
55, 990, 57
55, 1000, 58
55, 1010, 58
55, 1020, 58
55, 1030, 58
55, 1040, 58
55, 1050, 58
56, 1060, 58
56, 1070, 59
56, 1080, 59
56, 1090, 59
56, 1100, 59
56, 1110, 60
56, 1120, 59
{'count': 1338, 'truepos': 39, 'falseneg': 6, 'unknownyes': 3, 'falsepos': 17, 'unique': 1120}
50: K_all3.csv: none: 0, 0
2, 10
5, 20, 72
7, 30, 75
9, 40, 74
11, 50, 71
14, 60, 68
20, 70, 69
22, 80, 73
22, 90, 72
23, 100, 65
26, 110, 56
28, 120, 60
28, 130, 58
32, 140, 53
34, 150, 55
35, 160, 52
37, 170, 53
37, 180, 53
40, 190, 56
42, 200, 54
42, 210, 59
42, 220, 59
43, 230, 56
44, 240, 55
45, 250, 57
45, 260, 58
46, 270, 56
46, 280, 56
47, 290, 57
50, 300, 57
51, 310, 56
53, 320, 57
57, 330, 60
60, 340, 63
61, 350, 65
64, 360, 65
64, 370, 69
66, 380, 69
66, 390, 70
67, 400, 71
70, 410, 75
71, 420, 77
71, 430, 76
72, 440, 76
72, 450, 77
72, 460, 77
73, 470, 76
{'count': 470, 'truepos': 32, 'falseneg': 2, 'unknownyes': 11, 'falsepos': 41, 'unique': 470}
50: K_all3.csv: three: 0, 0
1, 10
3, 20, 94
4, 30, 64
6, 40, 54
9, 50, 47
13, 60, 52
13, 70, 60
13, 80, 48
16, 90, 44
19, 100, 44
20, 110, 51
21, 120, 46
22, 130, 46
25, 140, 46
29, 150, 50
29, 160, 57
29, 170, 52
29, 180, 50
31, 190, 49
33, 200, 44
33, 210, 42
33, 220, 43
33, 230, 42
36, 240, 40
36, 250, 43
36, 260, 44
36, 270, 43
36, 280, 40
36, 290, 41
36, 300, 41
38, 310, 40
38, 320, 42
39, 330, 42
40, 340, 43
40, 350, 43
41, 360, 43
42, 370, 44
43, 380, 45
44, 390, 47
44, 400, 47
{'count': 880, 'truepos': 37, 'falseneg': 1, 'unknownyes': 7, 'falsepos': 7, 'unique': 400}
50: K_all3.csv: machine: 0, 0
1, 10
4, 20, 92
5, 30, 67
6, 40, 60
8, 50, 48
12, 60, 45
['no' 'yes' 'no' 'yes' 'no' 'yes' 'yes' 'yes' 'yes' 'yes']
[]
9, 60, 45
15, 70, 50
20, 80, 63
20, 90, 68
20, 100, 61
23, 110, 50
['no' 'yes' 'no' 'no' 'yes' 'no' 'no' 'yes' 'yes' 'no']
['no' 'no']
18, 110, 50
19, 120, 48
21, 130, 47
24, 140, 49
26, 150, 50
27, 160, 51
['yes' 'no' 'yes' 'yes' 'yes' 'no' 'yes' 'yes' 'no' 'no']
['no']
24, 160, 51
26, 170, 47
27, 180, 48
28, 190, 48
29, 200, 47
33, 210, 47
['no' 'no' 'yes' 'no' 'no' 'yes' 'yes' 'yes' 'no' 'no']
['no' 'no' 'no' 'no' 'no' 'yes' 'no' 'no' 'no' 'no']
30, 210, 47
31, 220, 38
36, 230, 40
37, 240, 52
37, 250, 53
39, 260, 52
['yes' 'yes' 'no' 'yes' 'no' 'no' 'no' 'no' 'no' 'yes']
['no' 'no' 'no' 'no' 'no' 'no' 'no' 'no' 'no' 'no']
34, 260, 52
35, 270, 45
37, 280, 46
38, 290, 50
39, 300, 48
39, 310, 48
['no' 'no' 'no' 'no' 'no' 'yes' 'yes' 'no' 'yes' 'no']
['no' 'no' 'no' 'no' 'no' 'no' 'no' 'no' 'no' 'no']
35, 310, 48
36, 320, 40
36, 330, 41
38, 340, 40
39, 350, 42
40, 360, 44
['no' 'no' 'yes' 'no' 'no' 'no' 'no' 'no' 'no']
['no' 'no' 'no' 'no' 'no' 'no' 'no' 'no' 'no' 'no']
33, 360, 44
34, 370, 38
34, 380, 38
37, 390, 37
38, 400, 40
42, 410, 42
['no' 'no' 'no' 'no' 'yes' 'yes' 'no' 'yes' 'no' 'no']
['no' 'no' 'no' 'no' 'no' 'no' 'no' 'no' 'no' 'no']
['no' 'yes' 'yes' 'no' 'no' 'no' 'yes' 'no' 'no' 'no']
['no' 'no' 'no' 'no' 'no' 'no' 'no' 'no' 'no' 'no']
{'count': 542, 'truepos': 30, 'falseneg': 2, 'unknownyes': 13, 'falsepos': 8, 'unique': 410}
50: K_all3.csv: machine2: 0, 0
1, 10
2, 20, 93
2, 30, 62
3, 40, 54
8, 50, 48
10, 60, 61
['yes' 'yes' 'yes' 'yes' 'yes' 'no' 'yes' 'yes' 'yes' 'yes']
['yes' 'no']
10, 60, 61
12, 70, 59
15, 80, 57
16, 90, 62
16, 100, 59
18, 110, 51
['no' 'no' 'yes' 'yes' 'yes' 'no' 'yes' 'no' 'no']
['no']
16, 110, 51
18, 120, 48
19, 130, 50
22, 140, 48
24, 150, 52
25, 160, 53
['yes' 'no' 'yes' 'no' 'yes' 'yes' 'no' 'yes' 'yes']
[]
22, 160, 53
25, 170, 48
25, 180, 53
28, 190, 51
31, 200, 54
34, 210, 43
['no' 'no' 'no' 'yes' 'yes' 'no' 'yes' 'no' 'no' 'no']
['no' 'no' 'yes' 'no' 'no' 'no' 'no' 'no' 'no' 'no']
30, 210, 43
32, 220, 39
32, 230, 45
36, 240, 41
38, 250, 49
39, 260, 52
['no' 'no' 'yes' 'yes' 'yes' 'no' 'no' 'yes' 'no' 'yes']
['no' 'no' 'no' 'no' 'no' 'no' 'no' 'no' 'no' 'no']
33, 260, 52
34, 270, 40
34, 280, 44
34, 290, 41
35, 300, 40
37, 310, 41
['no' 'no' 'yes' 'no' 'no' 'yes']
['no' 'no' 'no' 'no' 'no' 'no' 'no' 'yes' 'no' 'no']
35, 310, 41
36, 320, 40
36, 330, 41
37, 340, 40
37, 350, 42
39, 360, 41
['no' 'no' 'no' 'yes' 'no' 'no']
['no' 'no' 'no' 'no' 'no' 'no' 'no' 'no' 'no' 'no']
['yes' 'no' 'no' 'no' 'no' 'no']
['no' 'no' 'no' 'no' 'no' 'no' 'no' 'no' 'no' 'no']
{'count': 488, 'truepos': 28, 'falseneg': 2, 'unknownyes': 15, 'falsepos': 6, 'unique': 360}
50: K_all3.csv: machine3: 0, 0
1, 10
2, 20, 92
5, 30, 64
8, 40, 62
12, 50, 59
16, 60, 65
null
['no' 'no' 'no']
16, 60, 65
18, 70, 71
18, 80, 68
21, 90, 54
21, 100, 58
24, 110, 50
null
['no']
24, 110, 50
26, 120, 53
27, 130, 53
28, 140, 50
28, 150, 49
29, 160, 47
null
['no']
29, 160, 47
29, 170, 48
29, 180, 47
32, 190, 46
32, 200, 43
32, 210, 40
null
['no' 'no' 'no' 'no' 'no' 'no' 'no' 'no' 'no' 'no']
33, 210, 40
36, 220, 41
36, 230, 45
36, 240, 43
36, 250, 43
36, 260, 42
null
['no' 'no' 'no' 'no' 'no' 'no' 'no' 'no' 'no' 'no']
36, 260, 42
36, 270, 42
37, 280, 41
37, 290, 45
37, 300, 41
37, 310, 40
null
['no' 'no' 'no' 'no' 'no' 'no' 'no' 'no' 'no' 'no']
37, 310, 40
37, 320, 40
38, 330, 40
38, 340, 41
38, 350, 41
39, 360, 41
null
['no' 'no' 'no' 'no' 'no' 'no' 'no' 'no' 'no' 'no']
null
['no' 'no' 'no' 'no' 'no' 'no' 'no' 'no' 'no' 'no']
{'count': 509, 'truepos': 31, 'falseneg': 0, 'unknownyes': 14, 'falsepos': 8, 'unique': 360}
50: K_all3.csv: machine4: 0, 0
1, 10
2, 20, 92
4, 30, 63
7, 40, 58
9, 50, 51
10, 60, 56
12, 70, 46
17, 80, 47
18, 90, 56
19, 100, 50
20, 110, 48
22, 120, 46
24, 130, 48
25, 140, 48
25, 150, 46
25, 160, 45
25, 170, 43
26, 180, 43
26, 190, 43
26, 200, 43
27, 210, 43
27, 220, 43
28, 230, 43
29, 240, 44
29, 250, 44
30, 260, 44
30, 270, 38
31, 280, 38
31, 290, 41
31, 300, 39
32, 310, 37
32, 320, 39
32, 330, 38
33, 340, 37
33, 350, 38
35, 360, 37
35, 370, 38
35, 380, 38
37, 390, 37
37, 400, 41
37, 410, 42
37, 420, 39
37, 430, 39
38, 440, 40
{'count': 545, 'truepos': 32, 'falseneg': 4, 'unknownyes': 9, 'falsepos': 6, 'unique': 440}

------------------------------------------------------------
Sender: LSF System <lsfadmin@n2e1-5>
Subject: Job 299616: </share/tjmenzie/zyu9/miniconda2/bin/python2.7 runner.py error_hpcc 50> Done

Job </share/tjmenzie/zyu9/miniconda2/bin/python2.7 runner.py error_hpcc 50> was submitted from host <login01.hpc.ncsu.edu> by user <zyu9> in cluster <henry2>.
Job was executed on host(s) <2*n2e1-5>, in queue <single_chassis>, as user <zyu9> in cluster <henry2>.
</home/zyu9> was used as the home directory.
</home/zyu9/projects/MAR_HPC/Error/src> was used as the working directory.
Started at Mon Nov  6 09:14:01 2017
Results reported at Mon Nov  6 16:40:13 2017

Your job looked like:

------------------------------------------------------------
# LSBATCH: User input
/share/tjmenzie/zyu9/miniconda2/bin/python2.7 runner.py error_hpcc 50
------------------------------------------------------------

Successfully completed.

Resource usage summary:

    CPU time   :  29448.20 sec.
    Max Memory :       182 MB
    Max Swap   :      1199 MB

    Max Processes  :         3
    Max Threads    :         8

The output (if any) is above this job summary.



PS:

Read file <./err/50.err.299616> for stderr output of this job.

