51: Hall.csv: none: 0, 0
5, 10
12, 20, 100
16, 30, 147
16, 40, 166
17, 50, 164
19, 60, 146
23, 70, 142
26, 80, 160
26, 90, 158
29, 100, 153
33, 110, 156
39, 120, 150
46, 130, 163
48, 140, 172
49, 150, 170
55, 160, 159
58, 170, 155
61, 180, 160
66, 190, 148
74, 200, 171
78, 210, 186
82, 220, 197
86, 230, 198
90, 240, 194
93, 250, 173
95, 260, 169
96, 270, 183
99, 280, 152
104, 290, 148
104, 300, 194
106, 310, 145
109, 320, 141
110, 330, 150
114, 340, 147
114, 350, 147
115, 360, 151
118, 370, 157
118, 380, 185
120, 390, 165
122, 400, 154
124, 410, 154
124, 420, 158
124, 430, 153
126, 440, 164
127, 450, 165
128, 460, 160
128, 470, 160
130, 480, 154
132, 490, 155
132, 500, 154
132, 510, 154
134, 520, 155
135, 530, 161
138, 540, 158
141, 550, 172
142, 560, 169
143, 570, 171
143, 580, 164
145, 590, 174
145, 600, 178
145, 610, 171
145, 620, 170
146, 630, 177
146, 640, 183
146, 650, 171
147, 660, 181
148, 670, 185
148, 680, 177
149, 690, 179
149, 700, 178
150, 710, 174
152, 720, 178
153, 730, 176
154, 740, 180
154, 750, 182
155, 760, 180
156, 770, 183
156, 780, 185
156, 790, 191
157, 800, 192
158, 810, 190
160, 820, 192
161, 830, 194
163, 840, 193
163, 850, 200
164, 860, 193
166, 870, 209
166, 880, 201
169, 890, 202
169, 900, 206
171, 910, 200
171, 920, 211
171, 930, 218
172, 940, 207
173, 950, 213
174, 960, 206
175, 970, 213
177, 980, 216
177, 990, 209
178, 1000, 212
178, 1010, 209
180, 1020, 206
181, 1030, 213
183, 1040, 216
184, 1050, 225
184, 1060, 227
185, 1070, 228
185, 1080, 230
188, 1090, 230
190, 1100, 240
192, 1110, 242
194, 1120, 256
196, 1130, 234
197, 1140, 236
198, 1150, 241
199, 1160, 242
201, 1170, 250
202, 1180, 252
204, 1190, 247
206, 1200, 256
207, 1210, 265
208, 1220, 274
209, 1230, 264
210, 1240, 270
211, 1250, 270
212, 1260, 267
214, 1270, 277
214, 1280, 272
215, 1290, 273
216, 1300, 264
216, 1310, 276
217, 1320, 268
220, 1330, 265
220, 1340, 274
221, 1350, 271
223, 1360, 269
225, 1370, 272
226, 1380, 269
227, 1390, 275
227, 1400, 278
229, 1410, 270
230, 1420, 276
230, 1430, 275
231, 1440, 275
232, 1450, 271
234, 1460, 279
235, 1470, 277
236, 1480, 274
236, 1490, 283
236, 1500, 278
240, 1510, 274
240, 1520, 279
242, 1530, 284
244, 1540, 282
244, 1550, 286
244, 1560, 285
244, 1570, 283
247, 1580, 283
247, 1590, 294
247, 1600, 286
248, 1610, 290
249, 1620, 287
249, 1630, 290
249, 1640, 288
252, 1650, 286
254, 1660, 292
254, 1670, 293
254, 1680, 291
255, 1690, 295
256, 1700, 296
258, 1710, 294
258, 1720, 294
259, 1730, 293
259, 1740, 295
261, 1750, 293
262, 1760, 297
263, 1770, 301
264, 1780, 301
265, 1790, 307
266, 1800, 300
266, 1810, 305
267, 1820, 305
268, 1830, 300
268, 1840, 305
269, 1850, 302
272, 1860, 303
272, 1870, 309
274, 1880, 308
274, 1890, 310
274, 1900, 308
275, 1910, 310
276, 1920, 308
277, 1930, 309
277, 1940, 313
277, 1950, 310
277, 1960, 311
278, 1970, 309
278, 1980, 309
279, 1990, 309
281, 2000, 312
281, 2010, 314
282, 2020, 315
282, 2030, 313
283, 2040, 313
283, 2050, 314
283, 2060, 312
286, 2070, 316
287, 2080, 318
287, 2090, 316
289, 2100, 316
290, 2110, 325
291, 2120, 331
292, 2130, 330
293, 2140, 330
294, 2150, 329
297, 2160, 325
298, 2170, 338
298, 2180, 332
298, 2190, 332
299, 2200, 331
300, 2210, 330
302, 2220, 331
302, 2230, 333
302, 2240, 333
303, 2250, 335
305, 2260, 338
307, 2270, 346
308, 2280, 339
309, 2290, 347
309, 2300, 342
309, 2310, 342
312, 2320, 344
312, 2330, 346
315, 2340, 348
316, 2350, 349
317, 2360, 351
317, 2370, 355
317, 2380, 354
317, 2390, 352
318, 2400, 352
318, 2410, 349
319, 2420, 355
320, 2430, 352
320, 2440, 354
321, 2450, 352
322, 2460, 353
322, 2470, 355
323, 2480, 355
323, 2490, 356
325, 2500, 356
326, 2510, 359
326, 2520, 360
327, 2530, 361
327, 2540, 366
327, 2550, 360
329, 2560, 361
330, 2570, 362
332, 2580, 365
333, 2590, 364
335, 2600, 363
336, 2610, 369
336, 2620, 372
336, 2630, 372
339, 2640, 366
340, 2650, 371
341, 2660, 373
345, 2670, 371
346, 2680, 375
346, 2690, 376
347, 2700, 375
347, 2710, 377
349, 2720, 375
349, 2730, 374
351, 2740, 379
352, 2750, 380
353, 2760, 383
356, 2770, 379
358, 2780, 382
359, 2790, 386
361, 2800, 388
363, 2810, 388
363, 2820, 392
364, 2830, 390
367, 2840, 393
368, 2850, 393
369, 2860, 399
370, 2870, 400
370, 2880, 399
372, 2890, 392
372, 2900, 399
372, 2910, 401
373, 2920, 398
374, 2930, 400
376, 2940, 397
376, 2950, 404
377, 2960, 399
378, 2970, 404
379, 2980, 403
379, 2990, 405
379, 3000, 404
380, 3010, 402
380, 3020, 405
383, 3030, 405
384, 3040, 410
387, 3050, 413
388, 3060, 413
388, 3070, 417
389, 3080, 418
390, 3090, 415
390, 3100, 418
390, 3110, 419
393, 3120, 419
394, 3130, 424
395, 3140, 426
395, 3150, 421
397, 3160, 426
398, 3170, 421
398, 3180, 426
399, 3190, 426
401, 3200, 428
403, 3210, 430
403, 3220, 437
403, 3230, 437
404, 3240, 435
406, 3250, 432
407, 3260, 438
408, 3270, 439
410, 3280, 442
411, 3290, 441
411, 3300, 439
411, 3310, 441
413, 3320, 442
414, 3330, 443
414, 3340, 446
415, 3350, 443
415, 3360, 445
416, 3370, 445
418, 3380, 448
422, 3390, 449
423, 3400, 457
423, 3410, 454
425, 3420, 456
426, 3430, 454
430, 3440, 459
430, 3450, 468
431, 3460, 464
432, 3470, 464
434, 3480, 466
435, 3490, 468
436, 3500, 470
436, 3510, 473
437, 3520, 467
437, 3530, 472
437, 3540, 472
437, 3550, 469
437, 3560, 469
440, 3570, 468
441, 3580, 470
442, 3590, 476
444, 3600, 475
446, 3610, 480
449, 3620, 479
449, 3630, 479
452, 3640, 477
454, 3650, 486
456, 3660, 486
458, 3670, 492
461, 3680, 494
465, 3690, 499
466, 3700, 512
466, 3710, 509
466, 3720, 507
468, 3730, 508
469, 3740, 511
471, 3750, 507
473, 3760, 510
474, 3770, 514
477, 3780, 517
480, 3790, 517
481, 3800, 523
481, 3810, 526
482, 3820, 524
483, 3830, 525
485, 3840, 524
487, 3850, 528
488, 3860, 527
488, 3870, 530
491, 3880, 530
491, 3890, 536
491, 3900, 528
492, 3910, 529
492, 3920, 531
492, 3930, 532
494, 3940, 530
496, 3950, 534
499, 3960, 538
500, 3970, 544
502, 3980, 542
504, 3990, 547
506, 4000, 549
506, 4010, 549
506, 4020, 549
507, 4030, 550
507, 4040, 549
507, 4050, 554
507, 4060, 550
509, 4070, 548
510, 4080, 551
512, 4090, 555
512, 4100, 555
513, 4110, 554
513, 4120, 554
514, 4130, 555
514, 4140, 554
514, 4150, 552
514, 4160, 556
514, 4170, 551
515, 4180, 552
516, 4190, 550
518, 4200, 556
518, 4210, 560
518, 4220, 555
518, 4230, 557
518, 4240, 554
520, 4250, 556
521, 4260, 561
521, 4270, 562
523, 4280, 556
524, 4290, 561
524, 4300, 560
525, 4310, 562
525, 4320, 559
526, 4330, 559
529, 4340, 560
529, 4350, 564
529, 4360, 564
530, 4370, 563
531, 4380, 564
531, 4390, 565
532, 4400, 563
532, 4410, 564
532, 4420, 562
534, 4430, 564
535, 4440, 564
537, 4450, 565
539, 4460, 569
541, 4470, 575
542, 4480, 577
542, 4490, 574
545, 4500, 576
545, 4510, 583
545, 4520, 580
545, 4530, 577
547, 4540, 582
547, 4550, 581
549, 4560, 582
550, 4570, 582
551, 4580, 584
552, 4590, 588
552, 4600, 589
553, 4610, 585
553, 4620, 588
553, 4630, 587
553, 4640, 587
554, 4650, 584
556, 4660, 587
556, 4670, 594
556, 4680, 588
558, 4690, 588
559, 4700, 589
561, 4710, 591
561, 4720, 593
561, 4730, 591
563, 4740, 591
566, 4750, 596
568, 4760, 599
570, 4770, 599
570, 4780, 601
571, 4790, 602
572, 4800, 604
573, 4810, 605
574, 4820, 605
575, 4830, 606
577, 4840, 609
577, 4850, 613
{'count': 4850, 'truepos': 91, 'falseneg': 13, 'unknownyes': 2, 'falsepos': 486, 'unique': 4850}
51: Hall.csv: three: 0, 0
8, 10
9, 20, 120
10, 30, 115
13, 40, 105
18, 50, 107
20, 60, 115
23, 70, 118
24, 80, 117
26, 90, 111
31, 100, 104
38, 110, 88
43, 120, 90
50, 130, 88
52, 140, 96
59, 150, 85
65, 160, 92
71, 170, 94
77, 180, 96
81, 190, 104
85, 200, 110
88, 210, 109
90, 220, 109
92, 230, 117
95, 240, 109
96, 250, 115
98, 260, 114
98, 270, 121
99, 280, 118
100, 290, 113
101, 300, 112
102, 310, 114
103, 320, 113
104, 330, 115
104, 340, 114
104, 350, 113
104, 360, 115
104, 370, 112
105, 380, 112
105, 390, 115
105, 400, 113
105, 410, 111
106, 420, 116
107, 430, 117
107, 440, 116
107, 450, 115
107, 460, 115
108, 470, 113
109, 480, 116
110, 490, 117
110, 500, 117
110, 510, 118
111, 520, 116
111, 530, 118
111, 540, 118
112, 550, 119
113, 560, 119
113, 570, 123
113, 580, 121
113, 590, 119
114, 600, 120
114, 610, 121
114, 620, 121
{'count': 1371, 'truepos': 101, 'falseneg': 1, 'unknownyes': 4, 'falsepos': 13, 'unique': 620}
51: Hall.csv: machine: 0, 0
8, 10
13, 20, 126
13, 30, 152
14, 40, 150
16, 50, 140
17, 60, 145
['no' 'yes' 'yes' 'yes' 'yes' 'yes' 'no' 'no' 'yes' 'yes']
['no']
15, 60, 145
16, 70, 125
18, 80, 119
23, 90, 119
26, 100, 120
31, 110, 127
['no' 'yes' 'yes' 'no' 'yes' 'no' 'yes' 'yes' 'yes' 'yes']
['no' 'no' 'no' 'yes' 'no' 'no' 'no' 'no' 'no' 'no']
29, 110, 127
31, 120, 114
38, 130, 106
44, 140, 111
46, 150, 109
50, 160, 110
['no' 'no' 'yes' 'yes' 'yes' 'yes' 'yes' 'yes' 'yes' 'yes']
['no' 'yes' 'no' 'no' 'no' 'no' 'no' 'no' 'no' 'no']
48, 160, 110
52, 170, 80
58, 180, 85
63, 190, 90
69, 200, 93
73, 210, 104
['yes' 'yes' 'no' 'yes' 'no' 'yes' 'yes' 'yes' 'yes' 'yes']
['no' 'no' 'no' 'no' 'no' 'no' 'no' 'no' 'no' 'no']
71, 210, 104
74, 220, 101
76, 230, 100
77, 240, 100
79, 250, 99
85, 260, 94
['yes' 'yes' 'yes' 'yes' 'no' 'no' 'yes' 'yes' 'yes' 'yes']
['yes' 'no' 'no' 'no' 'no' 'no' 'no' 'no' 'no' 'yes']
86, 260, 94
90, 270, 101
92, 280, 105
96, 290, 107
97, 300, 112
98, 310, 111
['no' 'no' 'yes' 'yes' 'yes' 'yes' 'yes' 'no' 'yes' 'no']
['no' 'no' 'no' 'no' 'no' 'no' 'no' 'no' 'no' 'no']
93, 310, 111
95, 320, 105
97, 330, 106
98, 340, 111
102, 350, 107
105, 360, 113
['no' 'no' 'yes' 'no' 'no' 'yes' 'yes' 'yes' 'no' 'yes']
['no' 'no' 'no' 'no' 'no' 'no' 'no' 'no' 'no' 'no']
101, 360, 113
103, 370, 115
104, 380, 115
107, 390, 118
107, 400, 120
109, 410, 123
['no' 'yes' 'yes' 'yes' 'no' 'no' 'yes' 'yes' 'yes' 'no']
['yes' 'no' 'no' 'no' 'no' 'yes' 'no' 'yes' 'no' 'no']
106, 410, 123
107, 420, 119
108, 430, 119
109, 440, 120
110, 450, 120
111, 460, 126
['yes' 'no' 'no' 'no' 'no' 'yes' 'yes' 'yes' 'yes' 'yes']
['no' 'no' 'no' 'no' 'no' 'no' 'no' 'no' 'no' 'no']
108, 460, 126
109, 470, 119
109, 480, 121
111, 490, 119
112, 500, 120
112, 510, 122
['no' 'no' 'no' 'no' 'yes' 'yes' 'no' 'yes' 'yes' 'yes']
['no' 'no' 'no' 'no' 'no' 'no' 'no' 'no' 'no' 'no']
107, 510, 122
107, 520, 115
107, 530, 117
107, 540, 114
110, 550, 113
110, 560, 124
['no' 'no' 'no' 'yes' 'yes' 'no' 'no' 'yes' 'no' 'yes']
['yes' 'no' 'no' 'no' 'no' 'no' 'no' 'yes' 'no' 'no']
108, 560, 124
111, 570, 114
112, 580, 118
113, 590, 119
115, 600, 121
116, 610, 126
['no' 'no' 'no' 'no' 'no' 'no' 'yes' 'no' 'yes' 'yes']
['no' 'no' 'no' 'no' 'yes' 'yes' 'no' 'no' 'no' 'no']
112, 610, 126
['no' 'no' 'yes' 'yes' 'no' 'no' 'yes' 'yes' 'no' 'yes']
['no' 'no' 'no' 'no' 'no' 'no' 'no' 'no' 'no' 'no']
{'count': 861, 'truepos': 99, 'falseneg': 3, 'unknownyes': 4, 'falsepos': 10, 'unique': 610}
51: Hall.csv: machine2: 0, 0
7, 10
8, 20, 112
9, 30, 110
9, 40, 103
14, 50, 73
20, 60, 91
['yes' 'yes' 'yes' 'yes' 'no' 'yes' 'yes' 'no' 'yes' 'no']
['no' 'no']
19, 60, 91
22, 70, 100
28, 80, 99
29, 90, 132
32, 100, 111
38, 110, 101
['yes' 'yes' 'yes' 'no' 'yes' 'yes' 'yes' 'yes' 'yes' 'no']
['yes' 'no' 'no' 'no' 'yes' 'no' 'no' 'no' 'yes' 'no']
40, 110, 101
46, 120, 93
52, 130, 99
57, 140, 100
60, 150, 104
63, 160, 103
['yes' 'yes' 'yes' 'no' 'yes' 'yes' 'yes' 'yes' 'yes' 'no']
['no' 'no' 'no' 'yes' 'no' 'no' 'no' 'no' 'yes' 'no']
63, 160, 103
67, 170, 97
70, 180, 96
75, 190, 94
76, 200, 100
81, 210, 95
['yes' 'yes' 'no' 'yes' 'yes' 'yes' 'yes' 'yes' 'no' 'yes']
['no' 'no' 'no' 'no' 'no' 'no' 'no' 'no' 'no' 'no']
82, 210, 95
88, 220, 103
91, 230, 110
94, 240, 109
94, 250, 113
98, 260, 109
['no' 'yes' 'yes' 'no' 'yes' 'no' 'yes' 'no' 'yes' 'yes']
['no' 'no' 'no' 'no' 'no' 'yes' 'no' 'no' 'no' 'no']
98, 260, 109
100, 270, 116
102, 280, 117
104, 290, 118
104, 300, 120
106, 310, 121
['yes' 'no' 'no' 'no' 'yes' 'yes' 'yes' 'yes' 'yes' 'yes']
['yes' 'no' 'no' 'yes' 'no' 'no' 'no' 'no' 'no' 'no']
107, 310, 121
108, 320, 121
109, 330, 128
110, 340, 124
113, 350, 121
114, 360, 126
['no' 'no' 'yes' 'no' 'no' 'yes' 'yes' 'no' 'yes' 'yes']
['no' 'no' 'no' 'no' 'yes' 'no' 'no' 'no' 'no' 'no']
111, 360, 126
113, 370, 121
116, 380, 123
117, 390, 130
117, 400, 129
118, 410, 126
['no' 'no' 'no' 'no' 'yes' 'no' 'no' 'yes' 'yes' 'no']
['no' 'yes' 'no' 'no' 'no' 'no' 'no' 'no' 'no' 'no']
116, 410, 126
117, 420, 125
117, 430, 126
119, 440, 124
122, 450, 126
124, 460, 131
['no' 'no' 'no' 'no' 'yes' 'yes' 'no' 'no' 'yes' 'yes']
['no' 'no' 'no' 'no' 'no' 'no' 'no' 'no' 'no' 'no']
120, 460, 131
122, 470, 127
123, 480, 129
123, 490, 131
124, 500, 130
125, 510, 131
['no' 'no' 'no' 'no' 'yes' 'no' 'yes' 'no' 'no' 'no']
['no' 'no' 'no' 'no' 'no' 'no' 'no' 'no' 'no' 'no']
['no' 'no' 'no' 'yes' 'yes' 'no' 'no' 'yes' 'yes' 'yes']
['no' 'no' 'no' 'no' 'no' 'no' 'no' 'no' 'no' 'no']
{'count': 740, 'truepos': 96, 'falseneg': 6, 'unknownyes': 4, 'falsepos': 24, 'unique': 510}
51: Hall.csv: machine3: 0, 0
7, 10
10, 20, 112
14, 30, 118
16, 40, 121
20, 50, 123
22, 60, 133
null
['yes' 'no']
22, 60, 133
24, 70, 139
25, 80, 128
28, 90, 125
31, 100, 125
35, 110, 107
null
['no' 'no' 'yes' 'no' 'no' 'no' 'no' 'no' 'no' 'no']
36, 110, 107
43, 120, 113
50, 130, 118
54, 140, 121
58, 150, 111
63, 160, 115
null
['no' 'no' 'yes' 'no' 'no' 'no' 'no' 'no' 'yes' 'no']
66, 160, 115
70, 170, 119
74, 180, 121
77, 190, 117
81, 200, 114
84, 210, 117
null
['no' 'no' 'no' 'no' 'no' 'no' 'no' 'no' 'no' 'no']
84, 210, 117
84, 220, 121
85, 230, 103
86, 240, 115
88, 250, 112
91, 260, 104
null
['no' 'no' 'no' 'no' 'no' 'no' 'no' 'no' 'yes' 'no']
92, 260, 104
95, 270, 108
96, 280, 114
96, 290, 111
96, 300, 109
97, 310, 107
null
['no' 'yes' 'no' 'no' 'no' 'no' 'no' 'no' 'no' 'no']
98, 310, 107
99, 320, 109
100, 330, 110
101, 340, 111
101, 350, 109
101, 360, 110
null
['no' 'no' 'no' 'no' 'no' 'no' 'no' 'no' 'no' 'no']
101, 360, 110
101, 370, 112
101, 380, 109
101, 390, 108
101, 400, 109
101, 410, 108
null
['no' 'no' 'no' 'no' 'no' 'no' 'no' 'no' 'no' 'yes']
101, 410, 108
null
['no' 'no' 'no' 'no' 'no' 'no' 'no' 'no' 'no' 'no']
{'count': 669, 'truepos': 96, 'falseneg': 5, 'unknownyes': 5, 'falsepos': 5, 'unique': 410}
51: Wahono.csv: none: 0, 0
4, 10
6, 20, 96
6, 30, 93
10, 40, 90
12, 50, 96
17, 60, 88
17, 70, 92
21, 80, 75
22, 90, 81
25, 100, 70
27, 110, 74
27, 120, 70
29, 130, 62
29, 140, 68
32, 150, 58
34, 160, 53
34, 170, 57
34, 180, 53
36, 190, 54
40, 200, 58
43, 210, 76
44, 220, 70
46, 230, 74
48, 240, 76
52, 250, 79
54, 260, 89
59, 270, 82
61, 280, 93
62, 290, 91
63, 300, 93
64, 310, 92
66, 320, 90
68, 330, 97
69, 340, 95
69, 350, 99
74, 360, 90
76, 370, 102
77, 380, 100
77, 390, 105
78, 400, 99
79, 410, 100
79, 420, 104
81, 430, 107
81, 440, 118
82, 450, 108
85, 460, 111
87, 470, 120
87, 480, 130
87, 490, 126
89, 500, 125
90, 510, 126
92, 520, 135
92, 530, 131
96, 540, 128
97, 550, 138
97, 560, 144
97, 570, 129
97, 580, 137
98, 590, 128
100, 600, 130
102, 610, 144
104, 620, 146
105, 630, 150
105, 640, 160
106, 650, 151
107, 660, 151
107, 670, 154
108, 680, 159
108, 690, 160
109, 700, 158
110, 710, 147
110, 720, 148
111, 730, 154
112, 740, 149
113, 750, 149
113, 760, 149
116, 770, 154
117, 780, 149
117, 790, 171
118, 800, 151
118, 810, 153
119, 820, 156
123, 830, 158
125, 840, 166
127, 850, 163
129, 860, 175
129, 870, 177
129, 880, 170
131, 890, 175
132, 900, 173
134, 910, 170
135, 920, 180
138, 930, 171
140, 940, 181
142, 950, 191
142, 960, 191
142, 970, 187
143, 980, 191
145, 990, 180
145, 1000, 188
145, 1010, 196
146, 1020, 185
146, 1030, 187
148, 1040, 183
149, 1050, 184
150, 1060, 185
151, 1070, 181
152, 1080, 179
154, 1090, 184
156, 1100, 188
159, 1110, 183
159, 1120, 189
160, 1130, 187
163, 1140, 188
164, 1150, 192
165, 1160, 192
165, 1170, 196
167, 1180, 191
169, 1190, 194
171, 1200, 200
171, 1210, 197
172, 1220, 194
174, 1230, 199
175, 1240, 205
175, 1250, 203
177, 1260, 204
178, 1270, 204
178, 1280, 204
179, 1290, 203
180, 1300, 202
181, 1310, 205
182, 1320, 208
182, 1330, 212
184, 1340, 209
185, 1350, 208
186, 1360, 210
187, 1370, 211
187, 1380, 214
187, 1390, 211
189, 1400, 216
190, 1410, 215
191, 1420, 213
192, 1430, 219
193, 1440, 224
194, 1450, 222
194, 1460, 224
197, 1470, 226
197, 1480, 228
198, 1490, 230
201, 1500, 228
202, 1510, 236
205, 1520, 242
207, 1530, 242
207, 1540, 245
207, 1550, 241
209, 1560, 245
211, 1570, 246
213, 1580, 247
214, 1590, 250
214, 1600, 247
214, 1610, 256
215, 1620, 246
216, 1630, 251
216, 1640, 247
216, 1650, 248
218, 1660, 248
219, 1670, 251
220, 1680, 255
221, 1690, 257
222, 1700, 264
223, 1710, 260
224, 1720, 269
225, 1730, 263
227, 1740, 263
228, 1750, 260
228, 1760, 260
228, 1770, 267
230, 1780, 261
230, 1790, 265
231, 1800, 266
231, 1810, 270
231, 1820, 266
232, 1830, 267
234, 1840, 261
237, 1850, 272
238, 1860, 275
239, 1870, 273
240, 1880, 273
241, 1890, 284
241, 1900, 275
243, 1910, 277
244, 1920, 279
245, 1930, 278
247, 1940, 282
248, 1950, 278
248, 1960, 279
250, 1970, 280
252, 1980, 283
253, 1990, 289
254, 2000, 286
256, 2010, 292
258, 2020, 291
259, 2030, 292
260, 2040, 292
261, 2050, 297
262, 2060, 300
263, 2070, 289
263, 2080, 292
264, 2090, 291
266, 2100, 297
268, 2110, 296
269, 2120, 298
270, 2130, 298
273, 2140, 298
273, 2150, 308
273, 2160, 301
276, 2170, 306
278, 2180, 314
278, 2190, 321
278, 2200, 318
280, 2210, 317
280, 2220, 318
281, 2230, 312
283, 2240, 317
285, 2250, 319
287, 2260, 319
288, 2270, 322
291, 2280, 327
292, 2290, 337
294, 2300, 331
296, 2310, 338
297, 2320, 336
298, 2330, 338
300, 2340, 344
301, 2350, 339
302, 2360, 341
302, 2370, 337
302, 2380, 341
302, 2390, 345
302, 2400, 340
303, 2410, 343
306, 2420, 342
306, 2430, 339
307, 2440, 347
307, 2450, 349
308, 2460, 340
309, 2470, 347
309, 2480, 344
311, 2490, 340
313, 2500, 344
314, 2510, 347
314, 2520, 347
316, 2530, 345
316, 2540, 352
317, 2550, 348
318, 2560, 351
318, 2570, 346
319, 2580, 348
321, 2590, 349
322, 2600, 350
322, 2610, 354
323, 2620, 351
324, 2630, 350
326, 2640, 355
327, 2650, 354
329, 2660, 354
329, 2670, 354
330, 2680, 353
332, 2690, 356
336, 2700, 358
337, 2710, 363
338, 2720, 361
339, 2730, 367
340, 2740, 371
340, 2750, 369
341, 2760, 367
342, 2770, 370
343, 2780, 371
343, 2790, 372
343, 2800, 372
344, 2810, 377
345, 2820, 371
346, 2830, 375
347, 2840, 372
349, 2850, 372
349, 2860, 374
350, 2870, 375
350, 2880, 375
352, 2890, 376
352, 2900, 381
353, 2910, 379
354, 2920, 382
354, 2930, 382
354, 2940, 381
355, 2950, 381
357, 2960, 381
357, 2970, 384
360, 2980, 381
360, 2990, 385
362, 3000, 387
362, 3010, 388
363, 3020, 386
363, 3030, 386
364, 3040, 386
365, 3050, 388
365, 3060, 390
366, 3070, 389
367, 3080, 389
369, 3090, 392
371, 3100, 393
372, 3110, 400
372, 3120, 396
373, 3130, 399
375, 3140, 397
376, 3150, 401
378, 3160, 403
381, 3170, 404
381, 3180, 404
381, 3190, 405
384, 3200, 409
385, 3210, 410
385, 3220, 410
386, 3230, 411
387, 3240, 409
387, 3250, 411
387, 3260, 413
388, 3270, 409
389, 3280, 412
390, 3290, 412
393, 3300, 414
396, 3310, 420
397, 3320, 425
400, 3330, 423
401, 3340, 426
401, 3350, 425
402, 3360, 425
405, 3370, 431
406, 3380, 430
406, 3390, 433
406, 3400, 432
407, 3410, 430
409, 3420, 434
411, 3430, 436
411, 3440, 440
413, 3450, 440
414, 3460, 439
414, 3470, 438
414, 3480, 439
414, 3490, 442
415, 3500, 440
415, 3510, 441
417, 3520, 439
418, 3530, 442
421, 3540, 442
422, 3550, 447
422, 3560, 447
422, 3570, 447
423, 3580, 451
423, 3590, 449
423, 3600, 447
425, 3610, 448
427, 3620, 450
428, 3630, 453
430, 3640, 451
430, 3650, 456
430, 3660, 453
430, 3670, 453
{'count': 3670, 'truepos': 53, 'falseneg': 8, 'unknownyes': 1, 'falsepos': 377, 'unique': 3670}
51: Wahono.csv: three: 0, 0
6, 10
8, 20, 99
8, 30, 106
8, 40, 90
13, 50, 61
14, 60, 74
15, 70, 64
17, 80, 56
21, 90, 47
22, 100, 54
22, 110, 53
23, 120, 48
26, 130, 48
30, 140, 52
32, 150, 67
34, 160, 67
35, 170, 65
37, 180, 55
39, 190, 62
39, 200, 71
39, 210, 63
39, 220, 64
39, 230, 61
40, 240, 57
40, 250, 60
41, 260, 57
41, 270, 56
43, 280, 57
43, 290, 61
45, 300, 56
46, 310, 63
46, 320, 63
47, 330, 69
49, 340, 65
49, 350, 64
49, 360, 68
49, 370, 63
50, 380, 64
51, 390, 61
52, 400, 68
52, 410, 66
52, 420, 64
53, 430, 60
53, 440, 64
53, 450, 64
55, 460, 62
57, 470, 63
59, 480, 66
60, 490, 69
60, 500, 71
62, 510, 69
64, 520, 74
64, 530, 77
65, 540, 77
65, 550, 78
65, 560, 79
67, 570, 80
68, 580, 80
68, 590, 84
68, 600, 85
68, 610, 81
69, 620, 83
69, 630, 83
71, 640, 84
71, 650, 89
71, 660, 86
71, 670, 87
71, 680, 85
72, 690, 85
72, 700, 86
72, 710, 87
72, 720, 84
72, 730, 84
72, 740, 85
73, 750, 83
73, 760, 88
74, 770, 85
74, 780, 88
74, 790, 83
74, 800, 83
74, 810, 83
75, 820, 85
75, 830, 85
76, 840, 86
76, 850, 86
76, 860, 86
78, 870, 86
78, 880, 88
78, 890, 87
78, 900, 90
79, 910, 85
79, 920, 87
79, 930, 86
79, 940, 87
79, 950, 88
80, 960, 88
81, 970, 89
81, 980, 90
81, 990, 90
82, 1000, 90
83, 1010, 92
83, 1020, 95
83, 1030, 96
83, 1040, 90
83, 1050, 90
84, 1060, 91
84, 1070, 93
84, 1080, 91
84, 1090, 91
84, 1100, 92
84, 1110, 92
84, 1120, 91
85, 1130, 92
86, 1140, 91
86, 1150, 93
87, 1160, 94
89, 1170, 95
89, 1180, 97
89, 1190, 97
89, 1200, 96
89, 1210, 96
90, 1220, 97
90, 1230, 100
90, 1240, 98
90, 1250, 97
90, 1260, 98
91, 1270, 97
91, 1280, 99
93, 1290, 99
94, 1300, 100
94, 1310, 102
94, 1320, 102
95, 1330, 102
95, 1340, 104
95, 1350, 103
95, 1360, 103
95, 1370, 103
95, 1380, 102
95, 1390, 102
95, 1400, 104
95, 1410, 103
96, 1420, 102
96, 1430, 103
96, 1440, 103
97, 1450, 103
97, 1460, 105
97, 1470, 105
97, 1480, 105
97, 1490, 105
98, 1500, 105
98, 1510, 106
100, 1520, 106
100, 1530, 109
101, 1540, 108
101, 1550, 109
102, 1560, 109
102, 1570, 113
103, 1580, 115
103, 1590, 114
103, 1600, 113
103, 1610, 115
103, 1620, 112
103, 1630, 112
104, 1640, 113
104, 1650, 113
104, 1660, 112
104, 1670, 113
104, 1680, 112
104, 1690, 112
104, 1700, 111
104, 1710, 112
104, 1720, 112
104, 1730, 112
104, 1740, 112
104, 1750, 110
104, 1760, 111
104, 1770, 111
104, 1780, 111
104, 1790, 110
104, 1800, 110
105, 1810, 110
{'count': 3941, 'truepos': 60, 'falseneg': 2, 'unknownyes': 0, 'falsepos': 45, 'unique': 1810}
51: Wahono.csv: machine: 0, 0
7, 10
9, 20, 113
13, 30, 107
14, 40, 125
18, 50, 123
19, 60, 127
['no' 'no' 'yes' 'yes' 'yes' 'no' 'no' 'yes' 'no' 'no']
[]
13, 60, 127
15, 70, 77
17, 80, 68
20, 90, 68
21, 100, 70
24, 110, 66
['yes' 'no' 'yes' 'no' 'yes' 'no' 'yes' 'yes' 'yes' 'no']
[]
21, 110, 66
23, 120, 64
23, 130, 65
25, 140, 56
28, 150, 56
32, 160, 56
['no' 'yes' 'yes' 'yes' 'yes' 'no' 'yes' 'yes' 'no' 'yes']
['no' 'no' 'no' 'no' 'no' 'no' 'no' 'no' 'no' 'no']
31, 160, 56
33, 170, 59
33, 180, 66
34, 190, 53
38, 200, 54
38, 210, 68
['yes' 'no' 'yes' 'no' 'yes' 'no' 'yes' 'yes' 'no' 'yes']
['no' 'no' 'no' 'no' 'no' 'no' 'no' 'no' 'no' 'no']
35, 210, 68
38, 220, 52
41, 230, 54
45, 240, 57
45, 250, 63
47, 260, 63
['yes' 'no' 'no' 'no' 'yes' 'yes' 'no' 'no' 'no' 'yes']
['no' 'no' 'no' 'no' 'no' 'no' 'no' 'no' 'no' 'no']
41, 260, 63
44, 270, 54
45, 280, 66
45, 290, 68
46, 300, 67
46, 310, 74
['no' 'yes' 'no' 'yes' 'no' 'no' 'no' 'no' 'yes' 'yes']
['no' 'no' 'no' 'no' 'no' 'no' 'no' 'no' 'no' 'no']
39, 310, 74
41, 320, 52
43, 330, 60
44, 340, 60
44, 350, 64
45, 360, 64
['no' 'no' 'yes' 'no' 'no' 'yes' 'yes' 'yes' 'no' 'no']
['no' 'no' 'yes' 'no' 'no' 'no' 'no' 'no' 'no' 'no']
43, 360, 64
44, 370, 58
46, 380, 58
48, 390, 58
49, 400, 61
49, 410, 63
['no' 'yes' 'yes' 'yes' 'yes' 'yes' 'no' 'yes' 'no' 'yes']
['no' 'yes' 'yes' 'no' 'no' 'no' 'no' 'no' 'yes' 'no']
47, 410, 63
49, 420, 59
49, 430, 60
51, 440, 60
52, 450, 61
55, 460, 64
['yes' 'yes' 'no' 'no' 'yes' 'no' 'no' 'no' 'yes' 'yes']
['no' 'no' 'no' 'yes' 'no' 'no' 'yes' 'no' 'no' 'no']
54, 460, 64
56, 470, 64
56, 480, 66
60, 490, 66
62, 500, 72
64, 510, 74
['no' 'no' 'no' 'no' 'no' 'no' 'no' 'yes' 'no' 'yes']
['no' 'no' 'no' 'no' 'no' 'no' 'no' 'no' 'no' 'no']
59, 510, 74
59, 520, 68
62, 530, 68
63, 540, 72
64, 550, 74
64, 560, 75
['no' 'no' 'no' 'no' 'yes' 'yes' 'no' 'yes' 'no' 'no']
['no' 'no' 'no' 'no' 'no' 'no' 'no' 'no' 'no' 'yes']
58, 560, 75
60, 570, 67
61, 580, 70
61, 590, 71
63, 600, 70
65, 610, 73
['no' 'no' 'no' 'no' 'yes' 'no' 'yes' 'no']
['no' 'no' 'no' 'no' 'no' 'no' 'no' 'no' 'no' 'no']
59, 610, 73
62, 620, 67
64, 630, 72
66, 640, 76
67, 650, 79
69, 660, 81
['no' 'no' 'no' 'no' 'yes' 'no' 'yes' 'no' 'no' 'no']
['no' 'no' 'no' 'no' 'no' 'no' 'no' 'no' 'no' 'no']
64, 660, 81
64, 670, 74
65, 680, 74
65, 690, 74
66, 700, 73
67, 710, 77
['no' 'no' 'no' 'no' 'no']
['no' 'no' 'no' 'no' 'no' 'no' 'no' 'no' 'no' 'no']
65, 710, 77
65, 720, 75
66, 730, 74
66, 740, 76
67, 750, 76
68, 760, 77
['no' 'no' 'no' 'no' 'no']
['no' 'no' 'no' 'no' 'no' 'no' 'no' 'no' 'no' 'no']
63, 760, 77
64, 770, 71
64, 780, 74
64, 790, 73
65, 800, 72
67, 810, 72
['no' 'no' 'no' 'no']
['no' 'no' 'no' 'no' 'no' 'no' 'no' 'no' 'no' 'no']
65, 810, 72
66, 820, 72
67, 830, 74
70, 840, 75
71, 850, 81
72, 860, 81
['no' 'no' 'no' 'yes' 'no' 'no' 'no' 'no']
['no' 'no' 'no' 'no' 'no' 'no' 'no' 'no' 'no' 'no']
66, 860, 81
70, 870, 74
71, 880, 80
75, 890, 81
76, 900, 85
76, 910, 87
['no' 'no' 'no' 'no' 'no' 'no' 'no' 'no' 'no' 'no']
['no' 'no' 'no' 'no' 'no' 'no' 'no' 'no' 'no' 'no']
68, 910, 87
68, 920, 76
69, 930, 76
69, 940, 77
71, 950, 77
73, 960, 80
['no' 'no' 'no' 'no' 'no' 'no']
['no' 'no' 'no' 'no' 'no' 'no' 'no' 'no' 'no' 'no']
68, 960, 80
69, 970, 75
70, 980, 76
73, 990, 79
73, 1000, 82
75, 1010, 81
['no' 'no' 'no' 'no' 'no' 'no' 'no']
['no' 'no' 'no' 'no' 'no' 'no' 'no' 'no' 'no' 'no']
68, 1010, 81
68, 1020, 75
71, 1030, 75
75, 1040, 79
75, 1050, 84
76, 1060, 83
['no' 'no' 'no' 'no' 'no' 'no' 'no' 'no']
['no' 'no' 'no' 'no' 'no' 'no' 'no' 'no' 'no' 'no']
70, 1060, 83
70, 1070, 77
70, 1080, 77
71, 1090, 76
71, 1100, 79
71, 1110, 78
['no' 'no' 'no']
['no' 'no' 'no' 'no' 'no' 'no' 'no' 'no' 'no' 'no']
71, 1110, 78
72, 1120, 78
74, 1130, 79
76, 1140, 81
76, 1150, 84
76, 1160, 83
['no' 'no' 'no' 'no' 'no' 'no' 'no' 'no']
['no' 'no' 'no' 'no' 'no' 'no' 'no' 'no' 'no' 'no']
69, 1160, 83
69, 1170, 74
71, 1180, 74
71, 1190, 77
71, 1200, 77
71, 1210, 77
['no' 'no']
['no' 'no' 'no' 'no' 'no' 'no' 'no' 'no' 'no' 'no']
70, 1210, 77
71, 1220, 75
72, 1230, 77
72, 1240, 78
74, 1250, 78
77, 1260, 80
['no' 'no' 'no' 'no' 'no' 'no' 'no' 'no']
['no' 'no' 'no' 'no' 'no' 'no' 'no' 'no' 'no' 'no']
['no' 'no' 'no' 'no' 'no' 'no' 'no' 'no']
['no' 'no' 'no' 'no' 'no' 'no' 'no' 'no' 'no' 'no']
{'count': 1692, 'truepos': 57, 'falseneg': 1, 'unknownyes': 4, 'falsepos': 15, 'unique': 1260}
51: Wahono.csv: machine2: 0, 0
7, 10
10, 20, 107
12, 30, 115
14, 40, 111
15, 50, 113
18, 60, 110
['yes' 'no' 'no' 'no' 'yes' 'yes' 'yes' 'yes' 'yes' 'no']
[]
14, 60, 110
15, 70, 81
17, 80, 70
20, 90, 71
21, 100, 78
24, 110, 69
['yes' 'yes' 'no' 'yes' 'yes' 'no' 'yes' 'yes' 'yes' 'yes']
[]
22, 110, 69
24, 120, 66
25, 130, 67
27, 140, 67
28, 150, 63
30, 160, 61
['no' 'yes' 'no' 'no' 'yes' 'yes' 'no' 'no' 'yes' 'yes']
['no' 'no' 'no' 'no' 'no' 'yes' 'no' 'no' 'no' 'no']
29, 160, 61
30, 170, 62
32, 180, 49
37, 190, 46
40, 200, 58
40, 210, 70
['no' 'yes' 'no' 'no' 'no' 'yes' 'yes' 'no' 'no' 'yes']
['no' 'no' 'no' 'no' 'no' 'no' 'no' 'no' 'no' 'no']
37, 210, 70
39, 220, 53
41, 230, 64
46, 240, 63
46, 250, 78
46, 260, 75
['yes' 'yes' 'no' 'no' 'no' 'yes' 'yes' 'no' 'no' 'yes']
['no' 'no' 'no' 'no' 'no' 'yes' 'no' 'no' 'no' 'no']
43, 260, 75
45, 270, 59
47, 280, 63
50, 290, 68
50, 300, 75
52, 310, 75
['no' 'no' 'yes' 'no' 'no' 'yes' 'yes' 'yes' 'yes' 'yes']
['no' 'no' 'no' 'no' 'no' 'no' 'no' 'yes' 'no' 'no']
50, 310, 75
52, 320, 73
52, 330, 73
53, 340, 74
53, 350, 89
56, 360, 73
['no' 'no' 'no' 'no' 'no' 'no' 'yes' 'no' 'no' 'yes']
['no' 'yes' 'no' 'no' 'no' 'no' 'no' 'no' 'no' 'no']
49, 360, 73
49, 370, 73
50, 380, 65
53, 390, 67
57, 400, 75
60, 410, 87
['no' 'no' 'no' 'no' 'no' 'yes' 'yes' 'no' 'no' 'no']
['no' 'no' 'no' 'no' 'no' 'no' 'no' 'no' 'no' 'no']
54, 410, 87
55, 420, 77
56, 430, 77
57, 440, 76
57, 450, 77
59, 460, 72
['no' 'no' 'no' 'no' 'yes' 'yes' 'no' 'yes' 'yes' 'yes']
['no' 'no' 'no' 'no' 'no' 'no' 'no' 'no' 'no' 'no']
58, 460, 72
60, 470, 70
61, 480, 72
63, 490, 76
64, 500, 82
64, 510, 79
['no' 'no' 'no' 'no' 'no' 'yes' 'yes' 'no' 'yes' 'yes']
['no' 'no' 'no' 'no' 'no' 'no' 'no' 'no' 'no' 'no']
60, 510, 79
60, 520, 73
61, 530, 73
62, 540, 71
64, 550, 74
65, 560, 78
['yes' 'no' 'no' 'no' 'no' 'no' 'yes' 'yes' 'no' 'no']
['no' 'no' 'no' 'no' 'no' 'no' 'no' 'no' 'no' 'no']
59, 560, 78
61, 570, 74
62, 580, 77
63, 590, 80
64, 600, 80
66, 610, 83
['no' 'no' 'no' 'no' 'no' 'no' 'no' 'no']
['no' 'no' 'no' 'no' 'no' 'no' 'no' 'no' 'no' 'no']
59, 610, 83
59, 620, 73
63, 630, 67
63, 640, 75
63, 650, 76
65, 660, 74
['no' 'no' 'no' 'yes' 'no' 'no' 'no']
['no' 'no' 'no' 'no' 'no' 'no' 'no' 'no' 'no' 'no']
60, 660, 74
61, 670, 69
62, 680, 70
64, 690, 73
65, 700, 73
66, 710, 75
['yes' 'no' 'no' 'no' 'no' 'yes']
['no' 'no' 'no' 'no' 'no' 'no' 'no' 'no' 'no' 'no']
65, 710, 75
65, 720, 77
68, 730, 76
69, 740, 84
70, 750, 85
70, 760, 87
['no' 'no' 'no' 'no' 'no' 'no' 'no']
['no' 'no' 'no' 'no' 'no' 'no' 'no' 'no' 'no' 'no']
68, 760, 87
69, 770, 81
70, 780, 81
71, 790, 84
71, 800, 84
71, 810, 82
['no' 'no' 'no' 'no' 'no']
['no' 'no' 'no' 'no' 'no' 'no' 'no' 'no' 'no' 'no']
68, 810, 82
69, 820, 78
70, 830, 82
70, 840, 81
72, 850, 81
72, 860, 84
['no' 'no' 'no' 'no' 'no']
['no' 'no' 'no' 'no' 'no' 'no' 'no' 'no' 'no' 'no']
70, 860, 84
70, 870, 79
71, 880, 80
72, 890, 82
73, 900, 83
74, 910, 82
['no' 'no' 'no' 'no' 'no']
['no' 'no' 'no' 'no' 'no' 'no' 'no' 'no' 'no' 'no']
71, 910, 82
71, 920, 81
72, 930, 80
72, 940, 83
73, 950, 80
73, 960, 83
['no' 'no' 'no']
['no' 'no' 'no' 'no' 'no' 'no' 'no' 'no' 'no' 'no']
70, 960, 83
70, 970, 78
70, 980, 77
71, 990, 77
73, 1000, 79
73, 1010, 82
['no' 'no' 'yes']
['no' 'no' 'no' 'no' 'no' 'no' 'no' 'no' 'no' 'no']
72, 1010, 82
73, 1020, 79
75, 1030, 81
76, 1040, 83
76, 1050, 83
76, 1060, 83
['yes' 'no' 'no' 'no' 'no']
['yes' 'no' 'no' 'no' 'no' 'no' 'no' 'no' 'no' 'no']
76, 1060, 83
76, 1070, 84
77, 1080, 84
77, 1090, 85
77, 1100, 85
77, 1110, 85
['no' 'yes' 'no' 'no']
['no' 'no' 'no' 'no' 'yes' 'no' 'no' 'no' 'no' 'no']
74, 1110, 85
75, 1120, 80
75, 1130, 82
75, 1140, 83
75, 1150, 81
78, 1160, 83
['no' 'no' 'no' 'no']
['no' 'no' 'no' 'no' 'no' 'no' 'no' 'no' 'no' 'no']
77, 1160, 83
80, 1170, 85
82, 1180, 89
82, 1190, 90
84, 1200, 91
85, 1210, 95
['no' 'no' 'no' 'no' 'no' 'no' 'no' 'no' 'no' 'no']
['no' 'no' 'no' 'no' 'no' 'no' 'no' 'no' 'no' 'no']
75, 1210, 95
76, 1220, 82
78, 1230, 83
80, 1240, 85
81, 1250, 87
85, 1260, 87
['no' 'no' 'no' 'yes' 'no' 'no' 'no' 'no' 'no' 'no']
['no' 'no' 'no' 'no' 'no' 'no' 'no' 'no' 'no' 'no']
['yes' 'no' 'no' 'no' 'no' 'no' 'no' 'no' 'no' 'no']
['no' 'no' 'no' 'no' 'no' 'no' 'no' 'no' 'no' 'no']
{'count': 1787, 'truepos': 57, 'falseneg': 1, 'unknownyes': 4, 'falsepos': 20, 'unique': 1260}
51: Wahono.csv: machine3: 0, 0
6, 10
8, 20, 103
10, 30, 103
12, 40, 107
15, 50, 103
15, 60, 105
null
[]
16, 70, 91
17, 80, 80
17, 90, 68
22, 100, 57
24, 110, 64
24, 120, 63
null
[]
27, 130, 55
30, 140, 56
34, 150, 59
34, 160, 63
36, 170, 58
39, 180, 64
null
['no' 'no' 'no' 'no' 'no' 'no' 'no' 'no' 'no' 'no']
39, 180, 64
40, 190, 61
41, 200, 64
41, 210, 63
42, 220, 64
42, 230, 67
null
['no' 'no' 'no' 'no' 'no' 'no' 'no' 'no' 'no' 'no']
42, 230, 67
42, 240, 62
44, 250, 60
45, 260, 59
45, 270, 67
45, 280, 65
null
['no' 'no' 'no' 'no' 'no' 'no' 'no' 'no' 'no' 'no']
45, 280, 65
46, 290, 61
46, 300, 63
47, 310, 59
47, 320, 65
50, 330, 59
null
['no' 'no' 'no' 'no' 'no' 'no' 'no' 'no' 'no' 'no']
50, 330, 59
50, 340, 61
50, 350, 64
52, 360, 60
52, 370, 65
52, 380, 67
null
['no' 'no' 'no' 'no' 'no' 'no' 'no' 'no' 'no' 'no']
52, 380, 67
52, 390, 61
52, 400, 63
52, 410, 62
52, 420, 62
53, 430, 61
null
['no' 'yes' 'no' 'no' 'no' 'no' 'no' 'no' 'no' 'no']
54, 430, 61
54, 440, 65
56, 450, 62
56, 460, 65
57, 470, 66
57, 480, 67
null
['no' 'no' 'no' 'no' 'no' 'no' 'no' 'no' 'no' 'no']
57, 480, 67
58, 490, 66
58, 500, 68
58, 510, 68
58, 520, 69
59, 530, 66
null
['no' 'no' 'no' 'no' 'no' 'no' 'no' 'no' 'no' 'no']
59, 530, 66
59, 540, 69
59, 550, 71
59, 560, 69
59, 570, 68
59, 580, 68
null
['no' 'no' 'no' 'no' 'no' 'no' 'no' 'no' 'no' 'no']
59, 580, 68
59, 590, 67
59, 600, 68
59, 610, 68
59, 620, 68
59, 630, 68
null
['no' 'no' 'no' 'no' 'no' 'no' 'no' 'no' 'no' 'no']
59, 630, 68
60, 640, 65
60, 650, 68
60, 660, 69
60, 670, 67
60, 680, 67
null
['no' 'no' 'no' 'no' 'no' 'no' 'no' 'no' 'no' 'no']
60, 680, 67
60, 690, 67
61, 700, 71
62, 710, 70
62, 720, 71
62, 730, 72
null
['no' 'no' 'no' 'no' 'no' 'no' 'no' 'no' 'no' 'no']
62, 730, 72
62, 740, 73
62, 750, 71
62, 760, 71
62, 770, 70
62, 780, 69
null
['no' 'no' 'no' 'no' 'no' 'no' 'no' 'no' 'no' 'no']
62, 780, 69
62, 790, 73
62, 800, 69
62, 810, 69
62, 820, 69
62, 830, 69
null
['no' 'no' 'no' 'no' 'no' 'no' 'no' 'no' 'no' 'no']
62, 830, 69
62, 840, 70
62, 850, 69
62, 860, 71
62, 870, 69
62, 880, 69
null
['no' 'no' 'no' 'no' 'no' 'no' 'no' 'no' 'no' 'no']
62, 880, 69
62, 890, 68
63, 900, 68
63, 910, 69
64, 920, 69
64, 930, 70
null
['no' 'no' 'no' 'no' 'no' 'no' 'no' 'no' 'no' 'no']
64, 930, 70
64, 940, 69
64, 950, 70
64, 960, 69
65, 970, 69
66, 980, 72
null
['no' 'no' 'no' 'no' 'no' 'no' 'no' 'no' 'no' 'no']
66, 980, 72
66, 990, 74
66, 1000, 72
66, 1010, 73
66, 1020, 72
66, 1030, 72
null
['no' 'no' 'no' 'no' 'no' 'no' 'no' 'no' 'no' 'no']
66, 1030, 72
66, 1040, 74
67, 1050, 72
67, 1060, 74
67, 1070, 74
67, 1080, 74
null
['no' 'no' 'yes' 'no' 'no' 'no' 'no' 'no' 'no' 'no']
68, 1080, 74
68, 1090, 75
68, 1100, 75
68, 1110, 74
69, 1120, 74
69, 1130, 76
null
['no' 'no' 'no' 'no' 'no' 'no' 'no' 'no' 'no' 'no']
69, 1130, 76
70, 1140, 75
70, 1150, 77
70, 1160, 76
70, 1170, 76
70, 1180, 76
null
['no' 'no' 'no' 'no' 'no' 'no' 'no' 'no' 'no' 'no']
70, 1180, 76
70, 1190, 76
70, 1200, 75
70, 1210, 75
70, 1220, 75
70, 1230, 75
null
['no' 'no' 'no' 'no' 'yes' 'no' 'no' 'no' 'no' 'no']
71, 1230, 75
71, 1240, 76
71, 1250, 77
71, 1260, 76
71, 1270, 76
72, 1280, 76
null
['no' 'no' 'no' 'no' 'no' 'no' 'no' 'no' 'no' 'no']
72, 1280, 76
72, 1290, 76
73, 1300, 77
74, 1310, 77
74, 1320, 79
74, 1330, 78
null
['no' 'no' 'no' 'no' 'no' 'no' 'no' 'no' 'no' 'no']
74, 1330, 78
75, 1340, 79
76, 1350, 80
77, 1360, 81
77, 1370, 83
77, 1380, 83
null
['no' 'no' 'no' 'no' 'no' 'no' 'no' 'no' 'no' 'no']
77, 1380, 83
77, 1390, 82
77, 1400, 83
77, 1410, 82
77, 1420, 82
null
['no' 'no' 'no' 'no' 'no' 'no' 'no' 'no' 'no' 'no']
{'count': 1993, 'truepos': 57, 'falseneg': 3, 'unknownyes': 2, 'falsepos': 20, 'unique': 1420}
51: Danijel.csv: none: 0, 0
4, 10
6, 20, 125
7, 30, 110
9, 40, 104
12, 50, 103
13, 60, 96
14, 70, 69
15, 80, 63
19, 90, 59
21, 100, 70
22, 110, 63
22, 120, 60
25, 130, 57
27, 140, 59
30, 150, 62
35, 160, 58
36, 170, 65
38, 180, 61
38, 190, 63
38, 200, 60
38, 210, 58
39, 220, 57
39, 230, 56
41, 240, 57
44, 250, 61
48, 260, 69
50, 270, 79
51, 280, 75
52, 290, 88
55, 300, 76
57, 310, 88
58, 320, 92
60, 330, 87
61, 340, 91
61, 350, 92
63, 360, 87
64, 370, 92
65, 380, 87
66, 390, 95
66, 400, 87
68, 410, 84
69, 420, 87
70, 430, 87
73, 440, 84
75, 450, 94
75, 460, 91
75, 470, 88
76, 480, 88
76, 490, 89
76, 500, 89
77, 510, 89
77, 520, 89
77, 530, 89
77, 540, 89
77, 550, 85
78, 560, 87
78, 570, 89
78, 580, 89
79, 590, 88
82, 600, 89
84, 610, 96
85, 620, 101
86, 630, 100
87, 640, 100
88, 650, 103
91, 660, 105
92, 670, 110
92, 680, 106
93, 690, 108
94, 700, 112
96, 710, 111
97, 720, 127
97, 730, 121
98, 740, 118
99, 750, 117
100, 760, 117
101, 770, 124
101, 780, 121
102, 790, 126
103, 800, 120
104, 810, 128
105, 820, 123
106, 830, 126
106, 840, 131
107, 850, 131
108, 860, 125
108, 870, 122
109, 880, 124
110, 890, 122
111, 900, 124
112, 910, 126
115, 920, 130
115, 930, 133
116, 940, 133
116, 950, 132
119, 960, 132
120, 970, 139
121, 980, 138
122, 990, 137
123, 1000, 144
125, 1010, 142
127, 1020, 142
128, 1030, 147
129, 1040, 147
129, 1050, 147
132, 1060, 150
132, 1070, 151
134, 1080, 152
135, 1090, 153
135, 1100, 155
135, 1110, 155
136, 1120, 150
136, 1130, 153
136, 1140, 153
139, 1150, 152
141, 1160, 156
142, 1170, 163
142, 1180, 158
144, 1190, 160
145, 1200, 157
146, 1210, 167
147, 1220, 164
150, 1230, 162
151, 1240, 170
151, 1250, 172
154, 1260, 169
157, 1270, 169
158, 1280, 175
161, 1290, 179
161, 1300, 180
162, 1310, 181
162, 1320, 181
162, 1330, 180
162, 1340, 178
164, 1350, 182
165, 1360, 189
167, 1370, 187
167, 1380, 188
167, 1390, 187
168, 1400, 189
169, 1410, 192
171, 1420, 193
173, 1430, 196
174, 1440, 198
176, 1450, 194
178, 1460, 201
181, 1470, 200
181, 1480, 206
181, 1490, 205
181, 1500, 200
181, 1510, 204
183, 1520, 199
186, 1530, 202
187, 1540, 207
189, 1550, 206
191, 1560, 215
194, 1570, 214
195, 1580, 222
196, 1590, 223
196, 1600, 219
196, 1610, 224
196, 1620, 221
197, 1630, 217
200, 1640, 219
201, 1650, 228
201, 1660, 227
201, 1670, 230
203, 1680, 227
205, 1690, 230
206, 1700, 231
207, 1710, 231
208, 1720, 233
211, 1730, 232
212, 1740, 236
213, 1750, 237
214, 1760, 239
214, 1770, 238
214, 1780, 237
214, 1790, 240
215, 1800, 238
216, 1810, 237
219, 1820, 239
219, 1830, 241
220, 1840, 241
222, 1850, 239
222, 1860, 242
222, 1870, 244
224, 1880, 241
227, 1890, 244
229, 1900, 244
229, 1910, 251
230, 1920, 252
232, 1930, 248
232, 1940, 254
232, 1950, 253
232, 1960, 253
233, 1970, 249
235, 1980, 250
237, 1990, 254
237, 2000, 260
238, 2010, 261
239, 2020, 258
239, 2030, 261
241, 2040, 258
242, 2050, 265
243, 2060, 268
243, 2070, 267
244, 2080, 265
246, 2090, 264
246, 2100, 267
247, 2110, 268
248, 2120, 270
248, 2130, 271
251, 2140, 268
252, 2150, 273
255, 2160, 277
255, 2170, 276
258, 2180, 277
258, 2190, 283
258, 2200, 281
258, 2210, 282
259, 2220, 279
260, 2230, 282
261, 2240, 283
261, 2250, 283
261, 2260, 282
262, 2270, 284
262, 2280, 283
262, 2290, 282
262, 2300, 283
263, 2310, 283
264, 2320, 285
264, 2330, 288
264, 2340, 285
264, 2350, 283
265, 2360, 283
266, 2370, 283
267, 2380, 285
269, 2390, 288
269, 2400, 291
270, 2410, 288
271, 2420, 293
272, 2430, 291
273, 2440, 292
273, 2450, 295
274, 2460, 294
276, 2470, 296
277, 2480, 296
277, 2490, 298
278, 2500, 298
280, 2510, 299
280, 2520, 305
283, 2530, 300
284, 2540, 305
284, 2550, 306
286, 2560, 303
287, 2570, 308
287, 2580, 311
288, 2590, 309
288, 2600, 309
289, 2610, 310
290, 2620, 310
290, 2630, 314
291, 2640, 312
291, 2650, 314
291, 2660, 312
292, 2670, 313
292, 2680, 313
295, 2690, 313
296, 2700, 318
296, 2710, 316
297, 2720, 314
299, 2730, 319
300, 2740, 318
302, 2750, 319
303, 2760, 322
303, 2770, 322
304, 2780, 321
305, 2790, 323
305, 2800, 324
{'count': 2800, 'truepos': 43, 'falseneg': 4, 'unknownyes': 1, 'falsepos': 262, 'unique': 2800}
51: Danijel.csv: three: 0, 0
4, 10
6, 20, 109
7, 30, 100
7, 40, 100
8, 50, 74
12, 60, 62
13, 70, 68
15, 80, 56
17, 90, 54
19, 100, 55
23, 110, 48
24, 120, 56
25, 130, 53
30, 140, 48
33, 150, 51
34, 160, 54
38, 170, 52
39, 180, 61
40, 190, 59
40, 200, 60
41, 210, 56
42, 220, 59
42, 230, 56
43, 240, 55
43, 250, 55
43, 260, 55
45, 270, 54
45, 280, 57
47, 290, 55
47, 300, 59
47, 310, 58
47, 320, 57
47, 330, 57
47, 340, 57
48, 350, 56
48, 360, 57
48, 370, 55
48, 380, 54
48, 390, 58
49, 400, 57
49, 410, 57
49, 420, 59
50, 430, 57
50, 440, 57
50, 450, 57
50, 460, 58
51, 470, 57
51, 480, 59
51, 490, 60
52, 500, 59
52, 510, 61
52, 520, 60
52, 530, 58
53, 540, 60
53, 550, 61
53, 560, 59
54, 570, 61
54, 580, 61
54, 590, 62
55, 600, 61
56, 610, 65
57, 620, 66
57, 630, 67
57, 640, 65
57, 650, 66
57, 660, 66
58, 670, 65
58, 680, 66
58, 690, 64
59, 700, 66
60, 710, 68
61, 720, 69
61, 730, 67
62, 740, 69
64, 750, 72
65, 760, 75
65, 770, 75
65, 780, 72
65, 790, 72
66, 800, 74
66, 810, 73
66, 820, 76
66, 830, 75
66, 840, 75
66, 850, 72
68, 860, 73
69, 870, 76
71, 880, 75
73, 890, 77
73, 900, 80
73, 910, 79
74, 920, 79
74, 930, 80
74, 940, 79
75, 950, 80
75, 960, 83
76, 970, 82
76, 980, 81
76, 990, 82
77, 1000, 82
77, 1010, 85
77, 1020, 82
77, 1030, 84
77, 1040, 82
78, 1050, 82
78, 1060, 83
78, 1070, 84
78, 1080, 84
78, 1090, 85
79, 1100, 83
{'count': 2387, 'truepos': 42, 'falseneg': 1, 'unknownyes': 5, 'falsepos': 37, 'unique': 1100}
51: Danijel.csv: machine: 0, 0
4, 10
7, 20, 111
9, 30, 115
11, 40, 103
13, 50, 99
13, 60, 100
['yes' 'yes' 'yes' 'yes' 'yes' 'no' 'yes' 'yes' 'yes' 'yes']
[]
11, 60, 100
17, 70, 73
17, 80, 82
18, 90, 61
20, 100, 58
25, 110, 56
['no' 'yes' 'yes' 'no' 'no' 'yes' 'yes' 'yes' 'no' 'no']
[]
20, 110, 56
23, 120, 55
25, 130, 55
26, 140, 53
27, 150, 51
29, 160, 49
['yes' 'yes' 'yes' 'yes' 'no' 'yes' 'yes' 'yes' 'no' 'yes']
[]
28, 160, 49
33, 170, 49
34, 180, 55
35, 190, 54
35, 200, 56
35, 210, 54
['no' 'yes' 'no' 'no' 'no' 'yes' 'yes' 'yes' 'no' 'no']
['no' 'no' 'no' 'no' 'no' 'no' 'no' 'no' 'yes' 'no']
30, 210, 54
31, 220, 43
35, 230, 43
37, 240, 51
37, 250, 50
40, 260, 54
['yes' 'no' 'yes' 'yes' 'no' 'no' 'no' 'yes' 'yes' 'no']
['no' 'no' 'no' 'no' 'yes' 'no' 'no' 'no' 'no' 'no']
37, 260, 54
38, 270, 49
39, 280, 49
41, 290, 49
42, 300, 52
44, 310, 53
['yes' 'yes' 'no' 'no' 'no' 'no' 'no' 'no' 'yes' 'yes']
['no' 'no' 'no' 'no' 'no' 'no' 'no' 'no' 'no' 'no']
38, 310, 53
41, 320, 47
42, 330, 52
42, 340, 52
43, 350, 52
43, 360, 53
['no' 'no' 'no' 'no' 'yes' 'no' 'no' 'no' 'yes' 'yes']
['no' 'no' 'no' 'no' 'no' 'no' 'yes' 'no' 'no' 'no']
38, 360, 53
40, 370, 47
41, 380, 48
42, 390, 49
42, 400, 50
45, 410, 50
['no' 'yes' 'no' 'no' 'no' 'yes' 'no']
['no' 'no' 'no' 'yes' 'no' 'no' 'no' 'no' 'no' 'no']
41, 410, 50
42, 420, 47
43, 430, 51
45, 440, 50
46, 450, 55
47, 460, 56
['yes' 'no' 'no' 'no' 'no' 'no' 'yes']
['no' 'no' 'no' 'no' 'no' 'no' 'no' 'no' 'no' 'no']
44, 460, 56
44, 470, 50
45, 480, 50
45, 490, 52
46, 500, 54
46, 510, 55
['no' 'no']
['no' 'no' 'no' 'no' 'no' 'no' 'no' 'no' 'no' 'no']
46, 510, 55
47, 520, 53
48, 530, 53
49, 540, 54
49, 550, 55
50, 560, 56
['no' 'yes' 'no' 'no' 'no']
['no' 'no' 'no' 'no' 'no' 'no' 'no' 'no' 'no' 'no']
46, 560, 56
47, 570, 53
49, 580, 54
49, 590, 56
51, 600, 55
52, 610, 58
['no' 'no' 'no' 'no' 'no' 'no']
['no' 'no' 'no' 'no' 'no' 'no' 'no' 'no' 'no' 'no']
47, 610, 58
48, 620, 52
49, 630, 53
50, 640, 53
52, 650, 55
53, 660, 58
['no' 'no' 'no' 'no' 'no' 'no' 'no']
['no' 'no' 'no' 'no' 'no' 'no' 'no' 'no' 'no' 'no']
49, 660, 58
51, 670, 55
53, 680, 60
54, 690, 61
56, 700, 61
57, 710, 67
['no' 'no' 'no' 'no' 'no' 'no' 'no' 'no' 'no']
['no' 'no' 'no' 'no' 'no' 'no' 'no' 'no' 'no' 'no']
49, 710, 67
51, 720, 54
52, 730, 57
52, 740, 57
52, 750, 58
53, 760, 57
['no' 'no' 'no' 'no']
['no' 'no' 'no' 'no' 'no' 'no' 'no' 'no' 'no' 'no']
49, 760, 57
50, 770, 54
51, 780, 58
52, 790, 60
53, 800, 59
54, 810, 63
['no' 'no' 'no' 'yes' 'no']
['no' 'no' 'no' 'no' 'no' 'no' 'no' 'no' 'no' 'no']
51, 810, 63
52, 820, 56
54, 830, 60
54, 840, 61
55, 850, 61
56, 860, 64
['no' 'no' 'no' 'no' 'no' 'no']
['no' 'no' 'no' 'no' 'no' 'no' 'no' 'no' 'no' 'no']
51, 860, 64
52, 870, 57
53, 880, 57
54, 890, 60
55, 900, 59
56, 910, 62
['no' 'no' 'no' 'no' 'no' 'no']
['no' 'no' 'no' 'no' 'no' 'no' 'no' 'no' 'no' 'no']
53, 910, 62
53, 920, 62
56, 930, 60
57, 940, 64
58, 950, 66
62, 960, 67
['no' 'no' 'no' 'no' 'no' 'no' 'no' 'no' 'no' 'no']
['no' 'no' 'no' 'no' 'no' 'no' 'no' 'no' 'no' 'no']
56, 960, 67
57, 970, 63
58, 980, 65
58, 990, 66
60, 1000, 65
61, 1010, 67
['no' 'no' 'no' 'no' 'no' 'no' 'no' 'no']
['no' 'no' 'no' 'no' 'no' 'no' 'no' 'no' 'no' 'no']
55, 1010, 67
56, 1020, 61
56, 1030, 62
56, 1040, 62
56, 1050, 62
57, 1060, 63
['no' 'no' 'no' 'no']
['no' 'no' 'no' 'no' 'no' 'no' 'no' 'no' 'no' 'no']
53, 1060, 63
54, 1070, 58
54, 1080, 59
54, 1090, 58
54, 1100, 59
56, 1110, 58
['no' 'no' 'no']
['no' 'no' 'no' 'no' 'no' 'no' 'no' 'no' 'no' 'no']
['no' 'no' 'no']
['no' 'no' 'no' 'no' 'no' 'no' 'no' 'no' 'no' 'no']
{'count': 1459, 'truepos': 42, 'falseneg': 4, 'unknownyes': 2, 'falsepos': 13, 'unique': 1110}
51: Danijel.csv: machine2: 0, 0
5, 10
6, 20, 118
7, 30, 100
9, 40, 90
11, 50, 91
12, 60, 96
['yes' 'yes' 'no' 'no' 'no' 'no' 'no' 'yes' 'no' 'no']
[]
5, 60, 96
8, 70, 59
12, 80, 58
14, 90, 75
17, 100, 76
19, 110, 77
['no' 'no' 'no' 'yes' 'yes' 'yes' 'yes' 'yes' 'no' 'no']
[]
17, 110, 77
18, 120, 69
21, 130, 64
24, 140, 63
28, 150, 66
30, 160, 72
['no' 'yes' 'yes' 'yes' 'yes' 'no' 'yes' 'no' 'no' 'no']
['no' 'no' 'yes' 'no' 'no' 'no' 'no' 'no' 'yes' 'no']
27, 160, 72
27, 170, 62
29, 180, 58
31, 190, 61
35, 200, 55
35, 210, 61
['no' 'yes' 'no' 'no' 'yes' 'no' 'no' 'yes' 'yes' 'no']
['no' 'no' 'no' 'no' 'no' 'no' 'no' 'no' 'no' 'no']
30, 210, 61
33, 220, 49
36, 230, 57
39, 240, 61
41, 250, 64
43, 260, 63
['yes' 'yes' 'yes' 'no' 'no' 'no' 'no' 'no' 'no' 'no']
['no' 'no' 'no' 'no' 'no' 'no' 'no' 'no' 'no' 'no']
40, 260, 63
40, 270, 55
40, 280, 58
42, 290, 58
43, 300, 58
45, 310, 61
['no' 'yes' 'no' 'yes' 'yes' 'no' 'no' 'no' 'no' 'yes']
['yes' 'no' 'no' 'no' 'no' 'no' 'no' 'no' 'no' 'no']
42, 310, 61
45, 320, 55
45, 330, 57
49, 340, 56
50, 350, 59
51, 360, 61
['yes' 'no' 'no' 'yes' 'yes' 'yes' 'no' 'yes' 'no' 'yes']
['no' 'no' 'no' 'no' 'no' 'no' 'no' 'no' 'no' 'no']
49, 360, 61
50, 370, 60
52, 380, 60
53, 390, 66
53, 400, 67
54, 410, 64
['no' 'no' 'yes' 'no' 'no' 'yes' 'no' 'no' 'yes' 'no']
['no' 'no' 'no' 'no' 'no' 'no' 'no' 'no' 'yes' 'no']
48, 410, 64
49, 420, 58
49, 430, 60
51, 440, 58
53, 450, 63
55, 460, 62
['no' 'no' 'no' 'no' 'no' 'yes' 'no' 'no' 'yes' 'no']
['yes' 'no' 'no' 'no' 'no' 'no' 'no' 'no' 'yes' 'no']
49, 460, 62
49, 470, 56
49, 480, 56
49, 490, 56
49, 500, 57
50, 510, 56
['no' 'yes' 'no' 'yes' 'yes']
['no' 'no' 'no' 'no' 'no' 'no' 'no' 'no' 'no' 'no']
49, 510, 56
50, 520, 56
52, 530, 57
54, 540, 57
56, 550, 62
56, 560, 68
['no' 'no' 'no' 'no' 'no' 'no' 'no' 'no']
['no' 'no' 'no' 'no' 'no' 'no' 'no' 'no' 'no' 'no']
49, 560, 68
52, 570, 56
53, 580, 60
54, 590, 61
54, 600, 63
54, 610, 64
['no' 'no' 'yes' 'no' 'no' 'no']
['no' 'no' 'no' 'no' 'no' 'no' 'no' 'no' 'no' 'no']
49, 610, 64
50, 620, 55
52, 630, 56
53, 640, 59
53, 650, 60
53, 660, 61
['no' 'no' 'no' 'no']
['no' 'no' 'no' 'no' 'no' 'no' 'no' 'no' 'no' 'no']
51, 660, 61
53, 670, 57
53, 680, 60
53, 690, 61
53, 700, 60
55, 710, 60
['no' 'no' 'no' 'no' 'no']
['no' 'no' 'no' 'no' 'no' 'no' 'no' 'no' 'no' 'no']
52, 710, 60
54, 720, 58
55, 730, 59
57, 740, 61
58, 750, 63
59, 760, 65
['no' 'no' 'no' 'no' 'no' 'no' 'no' 'no']
['no' 'no' 'no' 'no' 'no' 'no' 'no' 'no' 'no' 'no']
53, 760, 65
56, 770, 58
58, 780, 61
58, 790, 63
61, 800, 64
62, 810, 67
['no' 'no' 'no' 'no' 'no' 'no' 'no' 'no' 'no' 'no']
['no' 'no' 'no' 'no' 'no' 'no' 'no' 'no' 'no' 'no']
55, 810, 67
55, 820, 62
56, 830, 61
56, 840, 61
57, 850, 61
58, 860, 63
['no' 'no' 'no' 'no' 'no' 'no']
['no' 'no' 'no' 'no' 'no' 'no' 'no' 'no' 'no' 'no']
56, 860, 63
56, 870, 60
58, 880, 60
59, 890, 63
62, 900, 64
65, 910, 69
['no' 'yes' 'no' 'no' 'no' 'no' 'no' 'no' 'no' 'no']
['no' 'no' 'no' 'no' 'no' 'no' 'no' 'no' 'no' 'no']
59, 910, 69
60, 920, 65
63, 930, 68
63, 940, 71
63, 950, 71
64, 960, 71
['no' 'no' 'no' 'no' 'no']
['no' 'no' 'no' 'no' 'no' 'no' 'no' 'no' 'no' 'no']
61, 960, 71
61, 970, 68
63, 980, 66
65, 990, 70
65, 1000, 71
65, 1010, 73
['no' 'no' 'no' 'no' 'no']
['no' 'no' 'no' 'no' 'no' 'no' 'no' 'no' 'no' 'no']
62, 1010, 73
62, 1020, 68
64, 1030, 68
66, 1040, 70
67, 1050, 72
68, 1060, 73
['no' 'no' 'no' 'no' 'no' 'no' 'no']
['no' 'no' 'no' 'no' 'no' 'no' 'no' 'no' 'no' 'no']
64, 1060, 73
66, 1070, 69
66, 1080, 72
67, 1090, 72
68, 1100, 75
69, 1110, 77
['no' 'no' 'no' 'no' 'no' 'no']
['no' 'no' 'no' 'no' 'no' 'no' 'no' 'no' 'no' 'no']
64, 1110, 77
64, 1120, 68
66, 1130, 69
68, 1140, 71
68, 1150, 74
68, 1160, 75
['no' 'no' 'no' 'no']
['no' 'no' 'no' 'no' 'no' 'no' 'no' 'no' 'no' 'no']
68, 1160, 75
69, 1170, 74
70, 1180, 74
70, 1190, 74
72, 1200, 74
72, 1210, 76
['no' 'no' 'no' 'no' 'no' 'no' 'no']
['no' 'no' 'no' 'no' 'no' 'no' 'no' 'no' 'no' 'no']
67, 1210, 76
67, 1220, 71
68, 1230, 71
69, 1240, 72
70, 1250, 74
70, 1260, 75
['no' 'no' 'no' 'no']
['no' 'no' 'no' 'no' 'no' 'no' 'no' 'no' 'no' 'no']
69, 1260, 75
69, 1270, 74
70, 1280, 73
71, 1290, 74
72, 1300, 75
73, 1310, 77
['no' 'no' 'no' 'no' 'no' 'no' 'no']
['no' 'no' 'no' 'no' 'no' 'no' 'no' 'no' 'no' 'no']
68, 1310, 77
null
['no' 'no' 'no' 'no' 'no' 'no' 'no' 'no' 'no' 'no']
{'count': 1879, 'truepos': 39, 'falseneg': 6, 'unknownyes': 3, 'falsepos': 30, 'unique': 1310}
51: Danijel.csv: machine3: 0, 0
3, 10
4, 20, 115
5, 30, 98
7, 40, 91
10, 50, 76
11, 60, 82
null
[]
12, 70, 65
16, 80, 58
21, 90, 70
22, 100, 77
23, 110, 65
24, 120, 61
null
[]
24, 130, 56
25, 140, 52
26, 150, 52
30, 160, 51
32, 170, 53
33, 180, 53
null
['no' 'no' 'no' 'no' 'no' 'no' 'no' 'no' 'no' 'no']
33, 180, 53
33, 190, 53
33, 200, 50
33, 210, 51
34, 220, 52
36, 230, 49
null
['yes' 'no' 'no' 'no' 'no' 'no' 'no' 'no' 'no' 'no']
37, 230, 49
39, 240, 51
39, 250, 52
39, 260, 50
39, 270, 50
39, 280, 48
null
['no' 'no' 'no' 'no' 'no' 'no' 'no' 'no' 'no' 'no']
39, 280, 48
41, 290, 49
44, 300, 52
44, 310, 57
44, 320, 59
44, 330, 58
null
['no' 'no' 'no' 'no' 'no' 'no' 'no' 'no' 'no' 'no']
44, 330, 58
44, 340, 58
44, 350, 58
45, 360, 55
45, 370, 55
45, 380, 55
null
['no' 'no' 'no' 'no' 'no' 'no' 'no' 'no' 'no' 'no']
45, 380, 55
45, 390, 58
47, 400, 53
47, 410, 59
47, 420, 56
47, 430, 64
null
['no' 'no' 'no' 'yes' 'no' 'no' 'no' 'no' 'no' 'no']
47, 430, 64
47, 440, 61
47, 450, 56
48, 460, 57
48, 470, 58
48, 480, 57
null
['no' 'no' 'no' 'no' 'no' 'no' 'no' 'no' 'no' 'no']
48, 480, 57
48, 490, 58
49, 500, 56
49, 510, 58
49, 520, 57
49, 530, 56
null
['no' 'no' 'no' 'no' 'no' 'no' 'no' 'no' 'no' 'no']
49, 530, 56
49, 540, 58
49, 550, 56
50, 560, 57
50, 570, 59
50, 580, 59
null
['no' 'no' 'no' 'no' 'no' 'no' 'no' 'no' 'no' 'no']
50, 580, 59
51, 590, 57
51, 600, 61
51, 610, 63
51, 620, 60
52, 630, 58
null
['no' 'no' 'no' 'no' 'no' 'no' 'no' 'no' 'no' 'no']
52, 630, 58
52, 640, 59
52, 650, 60
53, 660, 58
53, 670, 61
53, 680, 60
null
['no' 'no' 'no' 'no' 'no' 'no' 'no' 'no' 'no' 'no']
53, 680, 60
53, 690, 61
53, 700, 63
54, 710, 60
54, 720, 62
55, 730, 60
null
['no' 'no' 'no' 'no' 'no' 'no' 'no' 'no' 'no' 'no']
55, 730, 60
55, 740, 62
55, 750, 62
55, 760, 60
55, 770, 61
55, 780, 62
null
['no' 'no' 'no' 'no' 'no' 'no' 'no' 'no' 'no' 'no']
55, 780, 62
55, 790, 61
55, 800, 60
55, 810, 60
55, 820, 61
55, 830, 62
null
['no' 'no' 'no' 'no' 'no' 'no' 'no' 'no' 'no' 'no']
55, 830, 62
56, 840, 60
56, 850, 61
57, 860, 62
57, 870, 62
57, 880, 62
null
['no' 'no' 'no' 'no' 'no' 'no' 'no' 'no' 'no' 'no']
58, 880, 62
59, 890, 62
60, 900, 64
60, 910, 68
60, 920, 64
60, 930, 65
null
['no' 'no' 'no' 'no' 'no' 'no' 'no' 'no' 'no' 'no']
60, 930, 65
60, 940, 66
60, 950, 64
60, 960, 64
61, 970, 65
61, 980, 65
null
['no' 'no' 'no' 'no' 'no' 'no' 'no' 'no' 'no' 'no']
62, 980, 65
62, 990, 66
62, 1000, 67
62, 1010, 66
null
['no' 'no' 'no' 'no' 'no' 'no' 'no' 'no' 'no' 'no']
{'count': 1426, 'truepos': 43, 'falseneg': 3, 'unknownyes': 2, 'falsepos': 19, 'unique': 1010}
51: K_all3.csv: none: 0, 0
2, 10
4, 20, 72
6, 30, 69
12, 40, 66
14, 50, 73
16, 60, 68
18, 70, 74
22, 80, 68
23, 90, 69
25, 100, 65
26, 110, 65
27, 120, 64
27, 130, 57
28, 140, 54
30, 150, 53
31, 160, 45
32, 170, 47
35, 180, 44
35, 190, 46
35, 200, 43
35, 210, 44
36, 220, 41
37, 230, 42
39, 240, 43
40, 250, 44
42, 260, 45
45, 270, 46
48, 280, 50
49, 290, 53
49, 300, 53
50, 310, 53
51, 320, 54
53, 330, 55
54, 340, 56
56, 350, 57
57, 360, 59
{'count': 360, 'truepos': 27, 'falseneg': 6, 'unknownyes': 12, 'falsepos': 30, 'unique': 360}
51: K_all3.csv: three: 0, 0
1, 10
2, 20, 92
2, 30, 62
4, 40, 54
7, 50, 48
11, 60, 49
13, 70, 63
15, 80, 58
16, 90, 54
16, 100, 52
17, 110, 46
19, 120, 46
21, 130, 47
22, 140, 47
23, 150, 47
24, 160, 47
24, 170, 47
26, 180, 46
27, 190, 49
27, 200, 48
27, 210, 47
27, 220, 46
27, 230, 46
27, 240, 46
28, 250, 46
29, 260, 47
30, 270, 47
31, 280, 37
32, 290, 39
34, 300, 40
36, 310, 45
36, 320, 48
38, 330, 45
38, 340, 48
38, 350, 47
38, 360, 47
39, 370, 48
39, 380, 46
40, 390, 47
40, 400, 45
40, 410, 48
41, 420, 45
42, 430, 45
42, 440, 46
44, 450, 46
45, 460, 47
45, 470, 49
45, 480, 48
45, 490, 48
45, 500, 48
46, 510, 48
46, 520, 49
{'count': 1145, 'truepos': 35, 'falseneg': 2, 'unknownyes': 8, 'falsepos': 11, 'unique': 520}
51: K_all3.csv: machine: 0, 0
2, 10
5, 20, 70
7, 30, 67
9, 40, 65
13, 50, 61
14, 60, 68
['yes' 'yes' 'yes' 'yes' 'yes' 'yes' 'yes' 'no' 'no' 'no']
[]
12, 60, 68
15, 70, 54
15, 80, 53
19, 90, 46
21, 100, 53
25, 110, 54
['yes' 'yes' 'yes' 'no' 'yes' 'yes' 'no' 'yes' 'yes' 'no']
['no' 'no']
23, 110, 54
23, 120, 55
26, 130, 49
27, 140, 51
27, 150, 49
28, 160, 47
['yes' 'yes' 'no' 'yes' 'yes' 'no' 'yes' 'no' 'yes' 'no']
[]
25, 160, 47
28, 170, 43
30, 180, 47
32, 190, 41
32, 200, 47
32, 210, 48
['no' 'yes' 'no' 'yes' 'yes' 'yes' 'yes' 'no' 'yes']
['no' 'no' 'no' 'no' 'no' 'no' 'no' 'no' 'no' 'no']
30, 210, 48
31, 220, 40
32, 230, 39
34, 240, 39
35, 250, 40
36, 260, 43
['yes' 'no' 'yes' 'yes' 'no' 'no' 'no']
['no' 'no' 'no' 'no' 'no' 'no' 'no' 'no' 'no' 'no']
33, 260, 43
33, 270, 39
35, 280, 39
35, 290, 41
35, 300, 40
36, 310, 41
['yes' 'no' 'no']
['no' 'no' 'no' 'yes' 'no' 'no' 'no' 'no' 'no' 'no']
35, 310, 41
35, 320, 39
36, 330, 39
36, 340, 39
37, 350, 39
38, 360, 39
['no' 'yes' 'yes' 'yes']
['no' 'no' 'no' 'no' 'no' 'no' 'no' 'no' 'no' 'no']
['yes' 'no' 'yes' 'yes']
['no' 'no' 'no' 'no' 'no' 'no' 'no' 'no' 'no' 'no']
{'count': 455, 'truepos': 33, 'falseneg': 1, 'unknownyes': 11, 'falsepos': 6, 'unique': 360}
51: K_all3.csv: machine2: 0, 0
3, 10
4, 20, 78
6, 30, 69
8, 40, 66
9, 50, 62
11, 60, 60
['yes' 'yes' 'yes' 'yes' 'no' 'yes' 'no' 'no' 'no' 'yes']
[]
9, 60, 60
13, 70, 54
14, 80, 69
14, 90, 61
16, 100, 53
20, 110, 50
['no' 'no' 'no' 'yes' 'no' 'yes' 'yes' 'yes' 'yes' 'yes']
[]
17, 110, 50
20, 120, 52
22, 130, 55
25, 140, 56
26, 150, 62
26, 160, 57
['yes' 'yes' 'yes' 'yes' 'yes' 'yes' 'yes' 'yes' 'yes' 'yes']
[]
26, 160, 57
26, 170, 53
26, 180, 51
27, 190, 49
28, 200, 50
29, 210, 50
['yes' 'yes' 'no' 'no']
['no']
28, 210, 50
29, 220, 50
29, 230, 50
30, 240, 49
32, 250, 41
36, 260, 41
['no' 'yes' 'no' 'yes' 'no' 'yes' 'no' 'yes']
['no' 'no' 'no' 'no' 'no' 'no' 'no' 'no' 'no' 'no']
33, 260, 41
33, 270, 42
34, 280, 41
36, 290, 41
37, 300, 45
39, 310, 45
['no' 'yes' 'no' 'no' 'yes' 'no']
['no' 'no' 'no' 'no' 'no' 'no' 'no' 'no' 'no' 'no']
37, 310, 45
38, 320, 43
39, 330, 45
40, 340, 45
42, 350, 46
45, 360, 50
['no' 'no' 'no' 'yes' 'no' 'no' 'no' 'yes' 'no']
['no' 'no' 'no' 'no' 'no' 'no' 'no' 'no' 'no' 'no']
40, 360, 50
41, 370, 45
43, 380, 46
44, 390, 49
46, 400, 51
46, 410, 54
['no' 'no' 'no' 'no' 'yes' 'no']
['no' 'no' 'no' 'no' 'no' 'no' 'no' 'no' 'no' 'no']
42, 410, 54
44, 420, 47
47, 430, 51
49, 440, 55
50, 450, 57
52, 460, 56
['no' 'no' 'yes' 'no' 'no' 'no' 'no' 'no' 'no' 'yes']
['no' 'no' 'no' 'no' 'no' 'no' 'no' 'no' 'no' 'no']
46, 460, 56
47, 470, 50
47, 480, 52
48, 490, 52
49, 500, 52
49, 510, 52
['no' 'no' 'no']
['no' 'no' 'no' 'no' 'no' 'no' 'no' 'no' 'no' 'no']
47, 510, 52
48, 520, 51
48, 530, 53
51, 540, 52
52, 550, 55
54, 560, 55
['no' 'no' 'no' 'no' 'no' 'no' 'yes']
['no' 'no' 'no' 'no' 'no' 'no' 'no' 'no' 'no' 'no']
['yes' 'no' 'no' 'no' 'no' 'no' 'no']
['no' 'no' 'no' 'no' 'no' 'no' 'no' 'no' 'yes' 'no']
{'count': 758, 'truepos': 37, 'falseneg': 2, 'unknownyes': 6, 'falsepos': 14, 'unique': 560}
51: K_all3.csv: machine3: 0, 0
1, 10
2, 20, 92
3, 30, 62
5, 40, 49
7, 50, 44
11, 60, 47
null
[]
11, 70, 56
13, 80, 45
15, 90, 46
18, 100, 45
19, 110, 45
20, 120, 43
null
['no']
20, 120, 43
20, 130, 46
21, 140, 44
21, 150, 44
22, 160, 43
23, 170, 44
null
['no']
23, 170, 44
23, 180, 45
23, 190, 44
25, 200, 44
26, 210, 44
26, 220, 44
null
['no']
26, 220, 44
26, 230, 43
27, 240, 43
28, 250, 44
29, 260, 44
30, 270, 45
null
['no' 'yes' 'no' 'no' 'no' 'no' 'no' 'no' 'no' 'no']
31, 270, 45
32, 280, 40
32, 290, 39
32, 300, 40
32, 310, 39
32, 320, 37
null
['no' 'no' 'no' 'no' 'no' 'no' 'no' 'no' 'no' 'no']
32, 320, 37
32, 330, 36
32, 340, 36
32, 350, 36
32, 360, 35
32, 370, 35
null
['no' 'no' 'no' 'no' 'no' 'no' 'no' 'no' 'no' 'no']
32, 370, 35
32, 380, 35
33, 390, 34
34, 400, 35
36, 410, 36
36, 420, 38
null
['no' 'no' 'no' 'no' 'no' 'no' 'no' 'no' 'no' 'no']
36, 420, 38
36, 430, 38
null
['no' 'no' 'no' 'no' 'no' 'no' 'no' 'no' 'no' 'no']
{'count': 592, 'truepos': 31, 'falseneg': 1, 'unknownyes': 13, 'falsepos': 5, 'unique': 430}

------------------------------------------------------------
Sender: LSF System <lsfadmin@n2e2-8>
Subject: Job 294833: </share/tjmenzie/zyu9/miniconda2/bin/python2.7 runner.py error_hpcc 51> Done

Job </share/tjmenzie/zyu9/miniconda2/bin/python2.7 runner.py error_hpcc 51> was submitted from host <login01.hpc.ncsu.edu> by user <zyu9> in cluster <henry2>.
Job was executed on host(s) <2*n2e2-8>, in queue <single_chassis>, as user <zyu9> in cluster <henry2>.
</home/zyu9> was used as the home directory.
</home/zyu9/projects/MAR_HPC/Error/src> was used as the working directory.
Started at Fri Nov  3 11:20:21 2017
Results reported at Fri Nov  3 22:09:37 2017

Your job looked like:

------------------------------------------------------------
# LSBATCH: User input
/share/tjmenzie/zyu9/miniconda2/bin/python2.7 runner.py error_hpcc 51
------------------------------------------------------------

Successfully completed.

Resource usage summary:

    CPU time   :  41997.37 sec.
    Max Memory :       220 MB
    Max Swap   :      1238 MB

    Max Processes  :         3
    Max Threads    :         8

The output (if any) is above this job summary.



PS:

Read file <./err/51.err.294833> for stderr output of this job.

