55: Hall.csv: none: 0, 0
7, 10
9, 20, 116
11, 30, 117
14, 40, 114
18, 50, 117
21, 60, 128
23, 70, 161
26, 80, 153
29, 90, 151
32, 100, 173
38, 110, 118
45, 120, 127
49, 130, 132
53, 140, 124
58, 150, 125
64, 160, 133
67, 170, 148
72, 180, 128
76, 190, 168
78, 200, 149
81, 210, 145
86, 220, 136
89, 230, 140
92, 240, 137
95, 250, 152
97, 260, 147
99, 270, 140
101, 280, 139
104, 290, 142
105, 300, 159
107, 310, 162
110, 320, 151
112, 330, 160
113, 340, 153
114, 350, 163
114, 360, 161
116, 370, 160
118, 380, 162
119, 390, 154
121, 400, 163
121, 410, 165
121, 420, 159
122, 430, 158
122, 440, 171
125, 450, 155
126, 460, 166
127, 470, 170
127, 480, 158
129, 490, 159
132, 500, 159
133, 510, 164
134, 520, 167
137, 530, 164
137, 540, 171
139, 550, 170
139, 560, 172
140, 570, 165
141, 580, 169
142, 590, 172
144, 600, 173
148, 610, 173
150, 620, 191
152, 630, 193
152, 640, 203
152, 650, 195
152, 660, 196
152, 670, 188
153, 680, 190
153, 690, 184
157, 700, 187
158, 710, 192
161, 720, 200
163, 730, 191
165, 740, 206
166, 750, 199
167, 760, 211
167, 770, 209
168, 780, 200
169, 790, 209
170, 800, 215
171, 810, 221
171, 820, 220
173, 830, 220
173, 840, 228
173, 850, 214
174, 860, 220
176, 870, 218
178, 880, 221
180, 890, 221
181, 900, 223
183, 910, 234
185, 920, 239
186, 930, 222
187, 940, 228
188, 950, 229
189, 960, 236
190, 970, 244
190, 980, 242
190, 990, 236
191, 1000, 236
192, 1010, 235
192, 1020, 238
192, 1030, 236
194, 1040, 234
195, 1050, 234
196, 1060, 231
196, 1070, 239
198, 1080, 241
199, 1090, 244
199, 1100, 237
199, 1110, 239
201, 1120, 235
202, 1130, 236
203, 1140, 239
204, 1150, 242
204, 1160, 248
204, 1170, 237
204, 1180, 236
204, 1190, 239
204, 1200, 231
205, 1210, 240
206, 1220, 239
207, 1230, 240
208, 1240, 242
211, 1250, 245
212, 1260, 246
213, 1270, 255
215, 1280, 256
218, 1290, 262
219, 1300, 265
220, 1310, 267
222, 1320, 268
224, 1330, 272
224, 1340, 276
224, 1350, 269
224, 1360, 279
226, 1370, 278
226, 1380, 273
226, 1390, 267
226, 1400, 275
228, 1410, 271
230, 1420, 270
231, 1430, 276
232, 1440, 272
232, 1450, 276
234, 1460, 271
234, 1470, 278
234, 1480, 274
236, 1490, 278
238, 1500, 281
238, 1510, 285
238, 1520, 287
238, 1530, 279
238, 1540, 281
238, 1550, 275
239, 1560, 279
240, 1570, 278
241, 1580, 282
242, 1590, 288
245, 1600, 288
245, 1610, 287
246, 1620, 287
247, 1630, 284
247, 1640, 298
248, 1650, 288
248, 1660, 285
248, 1670, 290
249, 1680, 283
250, 1690, 289
250, 1700, 285
250, 1710, 292
251, 1720, 289
252, 1730, 285
252, 1740, 287
254, 1750, 285
255, 1760, 289
256, 1770, 291
256, 1780, 291
257, 1790, 290
257, 1800, 286
258, 1810, 290
260, 1820, 292
260, 1830, 295
261, 1840, 293
262, 1850, 298
262, 1860, 299
263, 1870, 292
265, 1880, 292
267, 1890, 296
267, 1900, 298
269, 1910, 293
271, 1920, 300
272, 1930, 301
274, 1940, 300
276, 1950, 307
278, 1960, 308
280, 1970, 308
280, 1980, 310
280, 1990, 306
280, 2000, 305
281, 2010, 305
283, 2020, 310
284, 2030, 315
288, 2040, 312
288, 2050, 319
291, 2060, 315
294, 2070, 319
295, 2080, 328
298, 2090, 330
298, 2100, 332
300, 2110, 330
300, 2120, 329
301, 2130, 331
301, 2140, 330
304, 2150, 331
305, 2160, 340
308, 2170, 338
308, 2180, 341
309, 2190, 340
311, 2200, 345
311, 2210, 339
313, 2220, 340
315, 2230, 345
315, 2240, 344
315, 2250, 344
316, 2260, 344
319, 2270, 342
319, 2280, 346
320, 2290, 351
321, 2300, 355
322, 2310, 350
325, 2320, 353
326, 2330, 355
326, 2340, 358
326, 2350, 354
328, 2360, 355
329, 2370, 357
329, 2380, 363
330, 2390, 359
331, 2400, 359
331, 2410, 358
331, 2420, 359
331, 2430, 361
333, 2440, 360
334, 2450, 359
336, 2460, 364
336, 2470, 367
336, 2480, 365
338, 2490, 361
341, 2500, 363
343, 2510, 369
344, 2520, 370
345, 2530, 372
346, 2540, 372
346, 2550, 374
347, 2560, 370
347, 2570, 373
348, 2580, 372
349, 2590, 371
349, 2600, 375
353, 2610, 376
353, 2620, 381
355, 2630, 382
356, 2640, 385
357, 2650, 382
359, 2660, 384
359, 2670, 385
360, 2680, 386
361, 2690, 388
362, 2700, 389
363, 2710, 388
364, 2720, 391
364, 2730, 393
364, 2740, 391
366, 2750, 390
369, 2760, 395
370, 2770, 395
371, 2780, 396
371, 2790, 395
371, 2800, 397
372, 2810, 399
373, 2820, 399
373, 2830, 400
374, 2840, 402
375, 2850, 398
376, 2860, 405
377, 2870, 404
379, 2880, 404
380, 2890, 408
380, 2900, 412
381, 2910, 415
383, 2920, 410
383, 2930, 414
384, 2940, 416
385, 2950, 418
386, 2960, 419
389, 2970, 410
390, 2980, 417
390, 2990, 418
392, 3000, 419
392, 3010, 419
392, 3020, 417
392, 3030, 415
393, 3040, 415
394, 3050, 418
394, 3060, 421
394, 3070, 421
394, 3080, 418
394, 3090, 417
395, 3100, 417
397, 3110, 421
398, 3120, 422
400, 3130, 421
401, 3140, 425
{'count': 3140, 'truepos': 94, 'falseneg': 10, 'unknownyes': 2, 'falsepos': 307, 'unique': 3140}
55: Hall.csv: three: 0, 0
8, 10
9, 20, 127
13, 30, 113
17, 40, 122
19, 50, 124
20, 60, 125
22, 70, 114
26, 80, 102
27, 90, 107
29, 100, 106
32, 110, 107
37, 120, 91
45, 130, 91
51, 140, 92
55, 150, 98
62, 160, 100
68, 170, 107
73, 180, 113
77, 190, 109
82, 200, 122
86, 210, 112
88, 220, 114
93, 230, 109
95, 240, 121
96, 250, 126
99, 260, 117
101, 270, 123
103, 280, 125
103, 290, 129
103, 300, 123
103, 310, 123
103, 320, 120
105, 330, 121
106, 340, 123
106, 350, 125
106, 360, 124
106, 370, 121
106, 380, 120
106, 390, 116
106, 400, 119
107, 410, 117
108, 420, 120
108, 430, 124
108, 440, 119
108, 450, 119
108, 460, 118
108, 470, 118
108, 480, 118
108, 490, 118
108, 500, 117
108, 510, 118
110, 520, 118
110, 530, 119
110, 540, 118
113, 550, 118
113, 560, 123
113, 570, 124
113, 580, 124
113, 590, 123
114, 600, 122
114, 610, 124
115, 620, 124
116, 630, 125
117, 640, 125
117, 650, 127
117, 660, 127
117, 670, 127
117, 680, 126
117, 690, 126
117, 700, 126
117, 710, 125
118, 720, 125
118, 730, 127
118, 740, 127
118, 750, 127
118, 760, 125
118, 770, 126
118, 780, 126
118, 790, 126
118, 800, 125
118, 810, 125
118, 820, 125
119, 830, 125
119, 840, 127
120, 850, 127
120, 860, 128
121, 870, 128
121, 880, 130
122, 890, 129
122, 900, 132
123, 910, 131
123, 920, 131
123, 930, 130
123, 940, 132
123, 950, 130
123, 960, 131
123, 970, 130
124, 980, 130
124, 990, 132
124, 1000, 132
124, 1010, 132
124, 1020, 131
124, 1030, 131
124, 1040, 131
{'count': 2261, 'truepos': 99, 'falseneg': 4, 'unknownyes': 3, 'falsepos': 25, 'unique': 1040}
55: Hall.csv: machine: 0, 0
8, 10
11, 20, 122
15, 30, 128
17, 40, 137
21, 50, 137
22, 60, 134
['yes' 'yes' 'yes' 'yes' 'yes' 'yes' 'yes' 'yes' 'yes' 'yes']
['no' 'no']
23, 60, 134
24, 70, 138
26, 80, 132
30, 90, 135
33, 100, 105
37, 110, 116
['no' 'no' 'yes' 'yes' 'no' 'yes' 'yes' 'no' 'no' 'yes']
['yes' 'no' 'no' 'no' 'no' 'yes' 'no' 'no' 'no' 'no']
36, 110, 116
40, 120, 84
44, 130, 83
49, 140, 90
53, 150, 95
59, 160, 90
['yes' 'yes' 'yes' 'yes' 'no' 'yes' 'yes' 'yes' 'yes' 'no']
['no' 'no' 'no' 'no' 'no' 'yes' 'no' 'no' 'no' 'no']
59, 160, 90
63, 170, 96
66, 180, 104
72, 190, 103
75, 200, 110
76, 210, 107
['no' 'yes' 'yes' 'no' 'yes' 'yes' 'yes' 'yes' 'yes' 'no']
['yes' 'yes' 'yes' 'yes' 'no' 'no' 'no' 'no' 'no' 'no']
77, 210, 107
82, 220, 105
85, 230, 121
85, 240, 125
88, 250, 111
92, 260, 107
['no' 'no' 'yes' 'yes' 'yes' 'no' 'yes' 'yes' 'yes' 'yes']
['no' 'no' 'yes' 'no' 'no' 'no' 'no' 'no' 'no' 'no']
91, 260, 107
92, 270, 108
95, 280, 106
96, 290, 109
96, 300, 111
97, 310, 113
['no' 'no' 'no' 'yes' 'yes' 'yes' 'yes' 'yes' 'no' 'no']
['no' 'no' 'no' 'no' 'no' 'no' 'no' 'no' 'no' 'no']
93, 310, 113
99, 320, 101
103, 330, 111
104, 340, 117
106, 350, 117
108, 360, 119
['no' 'yes' 'yes' 'no' 'no' 'yes' 'yes' 'yes' 'no' 'no']
['no' 'no' 'no' 'no' 'no' 'no' 'no' 'no' 'no' 'no']
104, 360, 119
105, 370, 115
105, 380, 118
107, 390, 115
107, 400, 118
109, 410, 116
['no' 'no' 'no' 'no' 'yes' 'yes' 'no' 'yes' 'no' 'yes']
['no' 'no' 'no' 'yes' 'no' 'no' 'no' 'no' 'no' 'no']
107, 410, 116
108, 420, 115
109, 430, 117
112, 440, 118
113, 450, 123
114, 460, 125
['no' 'no' 'no' 'no' 'no' 'yes' 'no' 'yes' 'no' 'yes']
['no' 'no' 'yes' 'no' 'no' 'yes' 'yes' 'no' 'no' 'no']
110, 460, 125
113, 470, 118
114, 480, 124
115, 490, 127
115, 500, 126
118, 510, 124
['no' 'no' 'no' 'no' 'yes' 'yes' 'yes' 'yes' 'yes' 'no']
['no' 'no' 'no' 'no' 'no' 'no' 'yes' 'no' 'no' 'no']
['no' 'no' 'no' 'yes' 'no' 'no' 'yes' 'yes' 'yes' 'no']
['no' 'no' 'no' 'no' 'yes' 'no' 'no' 'no' 'no' 'no']
{'count': 702, 'truepos': 92, 'falseneg': 6, 'unknownyes': 8, 'falsepos': 22, 'unique': 510}
55: Hall.csv: machine2: 0, 0
8, 10
11, 20, 124
13, 30, 132
16, 40, 136
21, 50, 139
22, 60, 144
['no' 'yes' 'yes' 'yes' 'yes' 'yes' 'no' 'no' 'yes' 'yes']
['no' 'no']
18, 60, 144
22, 70, 120
22, 80, 123
28, 90, 120
31, 100, 133
36, 110, 105
['yes' 'no' 'yes' 'yes' 'yes' 'no' 'yes' 'yes' 'no' 'yes']
['no' 'no' 'no' 'yes' 'no' 'no' 'no' 'no' 'yes' 'no']
38, 110, 105
43, 120, 108
48, 130, 107
51, 140, 107
55, 150, 103
59, 160, 122
['no' 'yes' 'yes' 'yes' 'yes' 'yes' 'yes' 'yes' 'yes' 'yes']
['no' 'no' 'no' 'yes' 'no' 'no' 'no' 'no' 'no' 'no']
60, 160, 122
65, 170, 103
65, 180, 104
69, 190, 102
72, 200, 107
76, 210, 103
['yes' 'yes' 'yes' 'yes' 'yes' 'no' 'yes' 'yes' 'yes' 'yes']
['yes' 'no' 'no' 'no' 'no' 'no' 'no' 'no' 'no' 'no']
77, 210, 103
77, 220, 113
81, 230, 97
83, 240, 96
87, 250, 97
95, 260, 100
['no' 'no' 'yes' 'yes' 'yes' 'yes' 'yes' 'yes' 'yes' 'no']
['no' 'no' 'yes' 'no' 'no' 'no' 'no' 'no' 'no' 'no']
['no' 'no' 'yes' 'yes' 'no' 'yes' 'yes' 'no' 'no' 'yes']
['no' 'no' 'no' 'no' 'no' 'yes' 'no' 'no' 'no' 'no']
{'count': 368, 'truepos': 85, 'falseneg': 5, 'unknownyes': 16, 'falsepos': 8, 'unique': 260}
55: Hall.csv: machine3: 0, 0
8, 10
9, 20, 126
11, 30, 119
17, 40, 117
19, 50, 126
20, 60, 126
null
['no' 'no' 'no']
20, 60, 126
22, 70, 122
25, 80, 122
26, 90, 107
29, 100, 99
34, 110, 100
null
['no' 'no' 'no' 'no' 'no' 'no' 'no' 'no' 'no' 'no']
34, 110, 100
38, 120, 96
45, 130, 99
51, 140, 102
55, 150, 111
58, 160, 107
null
['no' 'no' 'no' 'no' 'yes' 'yes' 'no' 'no' 'no' 'no']
59, 160, 107
64, 170, 104
68, 180, 107
72, 190, 110
75, 200, 109
76, 210, 104
null
['no' 'no' 'no' 'yes' 'no' 'no' 'yes' 'no' 'no' 'yes']
79, 210, 104
81, 220, 102
84, 230, 103
85, 240, 108
85, 250, 106
86, 260, 107
null
['no' 'yes' 'no' 'no' 'no' 'no' 'no' 'no' 'no' 'no']
87, 260, 107
88, 270, 103
88, 280, 106
89, 290, 104
90, 300, 104
92, 310, 104
null
['yes' 'no' 'no' 'no' 'no' 'no' 'no' 'no' 'no' 'no']
93, 310, 104
94, 320, 108
95, 330, 104
96, 340, 108
96, 350, 108
96, 360, 106
null
['no' 'no' 'no' 'no' 'no' 'no' 'no' 'no' 'no' 'no']
96, 360, 106
97, 370, 104
97, 380, 106
97, 390, 107
98, 400, 105
99, 410, 106
null
['yes' 'no' 'no' 'no' 'no' 'no' 'no' 'no' 'no' 'no']
100, 410, 106
100, 420, 111
100, 430, 109
100, 440, 109
100, 450, 108
100, 460, 106
null
['no' 'no' 'no' 'no' 'no' 'no' 'no' 'no' 'no' 'no']
100, 460, 106
100, 470, 109
100, 480, 107
102, 490, 108
102, 500, 111
102, 510, 110
null
['no' 'no' 'no' 'no' 'no' 'no' 'no' 'no' 'no' 'no']
102, 510, 110
102, 520, 110
103, 530, 110
103, 540, 113
103, 550, 110
103, 560, 110
null
['no' 'no' 'no' 'no' 'no' 'yes' 'yes' 'no' 'no' 'no']
105, 560, 110
105, 570, 112
105, 580, 111
null
['no' 'no' 'no' 'no' 'no' 'no' 'no' 'no' 'no' 'no']
{'count': 916, 'truepos': 97, 'falseneg': 5, 'unknownyes': 4, 'falsepos': 8, 'unique': 580}
55: Wahono.csv: none: 0, 0
5, 10
7, 20, 94
11, 30, 102
13, 40, 97
17, 50, 101
18, 60, 111
23, 70, 101
27, 80, 113
28, 90, 125
29, 100, 123
31, 110, 115
35, 120, 109
38, 130, 110
43, 140, 110
44, 150, 107
46, 160, 107
48, 170, 94
50, 180, 105
51, 190, 93
53, 200, 97
53, 210, 108
54, 220, 87
55, 230, 90
56, 240, 88
59, 250, 86
62, 260, 98
64, 270, 101
66, 280, 105
67, 290, 106
69, 300, 108
71, 310, 101
73, 320, 109
74, 330, 108
75, 340, 115
76, 350, 114
77, 360, 108
79, 370, 118
80, 380, 109
82, 390, 113
82, 400, 117
85, 410, 108
85, 420, 114
86, 430, 110
87, 440, 115
87, 450, 117
90, 460, 112
91, 470, 120
92, 480, 113
93, 490, 117
95, 500, 116
98, 510, 113
99, 520, 128
100, 530, 124
102, 540, 126
102, 550, 129
103, 560, 128
104, 570, 128
106, 580, 139
107, 590, 136
110, 600, 140
110, 610, 138
112, 620, 135
114, 630, 142
116, 640, 145
117, 650, 148
118, 660, 150
119, 670, 151
121, 680, 153
121, 690, 161
123, 700, 156
123, 710, 169
123, 720, 160
123, 730, 158
125, 740, 159
127, 750, 160
127, 760, 163
127, 770, 157
127, 780, 166
128, 790, 161
129, 800, 156
131, 810, 160
132, 820, 174
134, 830, 171
135, 840, 161
137, 850, 163
137, 860, 166
138, 870, 175
138, 880, 170
138, 890, 170
142, 900, 165
144, 910, 173
144, 920, 174
147, 930, 175
148, 940, 175
149, 950, 188
149, 960, 177
149, 970, 188
149, 980, 183
150, 990, 178
150, 1000, 185
152, 1010, 177
154, 1020, 182
157, 1030, 188
158, 1040, 191
159, 1050, 187
160, 1060, 192
160, 1070, 189
161, 1080, 189
163, 1090, 192
164, 1100, 196
164, 1110, 194
165, 1120, 190
166, 1130, 195
166, 1140, 196
167, 1150, 191
167, 1160, 193
170, 1170, 188
172, 1180, 195
173, 1190, 204
174, 1200, 199
174, 1210, 199
174, 1220, 196
174, 1230, 198
174, 1240, 197
175, 1250, 201
177, 1260, 198
178, 1270, 202
179, 1280, 201
180, 1290, 204
181, 1300, 212
183, 1310, 212
184, 1320, 219
184, 1330, 224
185, 1340, 225
185, 1350, 222
187, 1360, 218
189, 1370, 222
189, 1380, 223
190, 1390, 220
191, 1400, 221
193, 1410, 226
195, 1420, 225
196, 1430, 227
196, 1440, 237
196, 1450, 233
197, 1460, 231
201, 1470, 234
203, 1480, 243
204, 1490, 241
206, 1500, 246
206, 1510, 253
208, 1520, 251
208, 1530, 250
208, 1540, 249
209, 1550, 249
209, 1560, 251
210, 1570, 247
211, 1580, 250
211, 1590, 244
212, 1600, 248
212, 1610, 247
214, 1620, 251
216, 1630, 251
216, 1640, 255
216, 1650, 253
217, 1660, 250
218, 1670, 249
219, 1680, 253
219, 1690, 259
220, 1700, 256
221, 1710, 262
223, 1720, 262
224, 1730, 261
225, 1740, 263
226, 1750, 261
229, 1760, 259
230, 1770, 267
230, 1780, 273
231, 1790, 267
232, 1800, 266
233, 1810, 268
233, 1820, 269
233, 1830, 271
235, 1840, 267
235, 1850, 268
236, 1860, 275
236, 1870, 273
236, 1880, 274
238, 1890, 269
238, 1900, 275
238, 1910, 277
239, 1920, 275
240, 1930, 274
240, 1940, 274
242, 1950, 270
242, 1960, 274
244, 1970, 273
245, 1980, 274
245, 1990, 277
245, 2000, 277
246, 2010, 280
247, 2020, 275
248, 2030, 284
248, 2040, 279
251, 2050, 281
251, 2060, 282
253, 2070, 279
255, 2080, 287
255, 2090, 288
255, 2100, 284
256, 2110, 286
257, 2120, 286
257, 2130, 284
257, 2140, 285
257, 2150, 286
258, 2160, 287
261, 2170, 282
261, 2180, 288
262, 2190, 286
263, 2200, 291
263, 2210, 289
264, 2220, 287
264, 2230, 289
266, 2240, 288
268, 2250, 293
268, 2260, 295
268, 2270, 292
270, 2280, 294
270, 2290, 294
270, 2300, 295
271, 2310, 297
273, 2320, 298
274, 2330, 298
275, 2340, 299
276, 2350, 303
277, 2360, 302
277, 2370, 306
278, 2380, 301
280, 2390, 302
282, 2400, 310
283, 2410, 317
284, 2420, 315
284, 2430, 320
285, 2440, 319
286, 2450, 318
287, 2460, 322
288, 2470, 318
290, 2480, 315
291, 2490, 320
293, 2500, 322
293, 2510, 321
294, 2520, 321
295, 2530, 323
295, 2540, 323
295, 2550, 324
296, 2560, 323
297, 2570, 323
298, 2580, 324
298, 2590, 324
301, 2600, 326
301, 2610, 328
302, 2620, 326
302, 2630, 327
302, 2640, 328
302, 2650, 329
302, 2660, 330
302, 2670, 325
303, 2680, 324
303, 2690, 328
307, 2700, 329
308, 2710, 336
310, 2720, 340
311, 2730, 342
313, 2740, 343
313, 2750, 348
315, 2760, 345
316, 2770, 347
317, 2780, 350
317, 2790, 349
318, 2800, 349
321, 2810, 351
325, 2820, 357
326, 2830, 360
326, 2840, 359
326, 2850, 362
328, 2860, 358
329, 2870, 359
331, 2880, 358
331, 2890, 368
331, 2900, 360
331, 2910, 366
333, 2920, 360
334, 2930, 362
336, 2940, 365
337, 2950, 363
339, 2960, 368
340, 2970, 371
340, 2980, 371
341, 2990, 371
343, 3000, 369
344, 3010, 375
345, 3020, 373
348, 3030, 374
350, 3040, 374
353, 3050, 376
354, 3060, 382
355, 3070, 384
356, 3080, 386
356, 3090, 385
359, 3100, 386
360, 3110, 388
361, 3120, 389
361, 3130, 389
362, 3140, 392
363, 3150, 395
365, 3160, 388
365, 3170, 393
365, 3180, 392
366, 3190, 395
367, 3200, 391
368, 3210, 391
369, 3220, 392
371, 3230, 397
372, 3240, 401
373, 3250, 401
373, 3260, 401
373, 3270, 403
374, 3280, 402
376, 3290, 406
376, 3300, 406
376, 3310, 404
378, 3320, 407
379, 3330, 408
379, 3340, 409
379, 3350, 408
379, 3360, 410
379, 3370, 409
380, 3380, 408
381, 3390, 408
381, 3400, 410
381, 3410, 409
383, 3420, 403
383, 3430, 408
383, 3440, 408
384, 3450, 411
384, 3460, 410
385, 3470, 409
385, 3480, 410
386, 3490, 409
386, 3500, 410
387, 3510, 409
387, 3520, 409
387, 3530, 411
387, 3540, 410
388, 3550, 412
388, 3560, 411
{'count': 3560, 'truepos': 56, 'falseneg': 6, 'unknownyes': 0, 'falsepos': 332, 'unique': 3560}
55: Wahono.csv: three: 0, 0
6, 10
9, 20, 101
10, 30, 114
10, 40, 102
12, 50, 94
13, 60, 92
15, 70, 73
19, 80, 65
21, 90, 68
23, 100, 63
24, 110, 71
26, 120, 62
28, 130, 62
29, 140, 63
29, 150, 62
30, 160, 56
31, 170, 61
33, 180, 58
35, 190, 62
36, 200, 68
38, 210, 65
40, 220, 74
42, 230, 68
42, 240, 75
44, 250, 70
47, 260, 71
48, 270, 80
49, 280, 81
51, 290, 73
52, 300, 96
53, 310, 74
54, 320, 78
54, 330, 79
55, 340, 77
56, 350, 89
56, 360, 86
56, 370, 89
57, 380, 75
59, 390, 76
60, 400, 80
61, 410, 78
63, 420, 77
64, 430, 81
64, 440, 84
64, 450, 83
64, 460, 78
64, 470, 83
64, 480, 80
64, 490, 76
64, 500, 78
64, 510, 79
65, 520, 77
65, 530, 86
65, 540, 78
66, 550, 80
66, 560, 80
66, 570, 80
67, 580, 82
67, 590, 85
67, 600, 78
67, 610, 82
67, 620, 79
67, 630, 79
67, 640, 79
68, 650, 76
68, 660, 79
68, 670, 81
69, 680, 80
69, 690, 80
69, 700, 81
69, 710, 80
69, 720, 78
71, 730, 81
71, 740, 81
71, 750, 81
71, 760, 80
72, 770, 79
74, 780, 82
74, 790, 85
74, 800, 87
74, 810, 86
77, 820, 84
77, 830, 93
77, 840, 89
77, 850, 89
77, 860, 89
78, 870, 89
78, 880, 90
78, 890, 90
78, 900, 90
78, 910, 88
78, 920, 89
78, 930, 89
79, 940, 89
79, 950, 92
79, 960, 89
79, 970, 91
79, 980, 90
79, 990, 91
79, 1000, 88
79, 1010, 89
79, 1020, 88
79, 1030, 90
79, 1040, 88
80, 1050, 88
81, 1060, 89
81, 1070, 89
81, 1080, 90
82, 1090, 91
83, 1100, 90
83, 1110, 91
84, 1120, 92
84, 1130, 92
85, 1140, 93
85, 1150, 95
86, 1160, 95
88, 1170, 95
88, 1180, 99
89, 1190, 97
89, 1200, 99
89, 1210, 97
89, 1220, 99
89, 1230, 98
89, 1240, 99
90, 1250, 97
90, 1260, 98
90, 1270, 98
90, 1280, 98
90, 1290, 98
90, 1300, 98
90, 1310, 98
90, 1320, 97
91, 1330, 97
91, 1340, 98
91, 1350, 98
91, 1360, 98
92, 1370, 98
93, 1380, 99
95, 1390, 99
95, 1400, 102
95, 1410, 101
95, 1420, 102
95, 1430, 101
96, 1440, 101
96, 1450, 104
96, 1460, 102
96, 1470, 102
{'count': 3191, 'truepos': 57, 'falseneg': 1, 'unknownyes': 4, 'falsepos': 39, 'unique': 1470}
55: Wahono.csv: machine: 0, 0
6, 10
7, 20, 99
13, 30, 96
14, 40, 124
15, 50, 115
17, 60, 108
['yes' 'yes' 'yes' 'yes' 'yes' 'no' 'yes' 'no' 'yes' 'no']
['no']
15, 60, 108
18, 70, 87
20, 80, 89
24, 90, 87
26, 100, 92
28, 110, 94
['yes' 'no' 'yes' 'yes' 'yes' 'yes' 'yes' 'yes' 'yes' 'yes']
[]
27, 110, 94
29, 120, 85
31, 130, 81
35, 140, 73
37, 150, 72
40, 160, 73
['no' 'no' 'yes' 'no' 'yes' 'no' 'no' 'no' 'no' 'yes']
['no' 'no' 'no' 'no' 'no' 'no' 'no' 'no' 'no' 'no']
35, 160, 73
38, 170, 65
42, 180, 63
44, 190, 76
46, 200, 76
47, 210, 76
['yes' 'yes' 'no' 'yes' 'no' 'no' 'no' 'yes' 'yes' 'no']
['no' 'no' 'no' 'no' 'no' 'no' 'no' 'no' 'no' 'no']
42, 210, 76
42, 220, 65
44, 230, 62
48, 240, 62
51, 250, 70
53, 260, 76
['yes' 'no' 'no' 'yes' 'yes' 'yes' 'no' 'no' 'yes' 'no']
['no' 'yes' 'no' 'no' 'no' 'no' 'no' 'no' 'no' 'no']
51, 260, 76
53, 270, 76
54, 280, 80
54, 290, 79
55, 300, 80
55, 310, 75
['no' 'no' 'no' 'no' 'no' 'no' 'yes' 'no' 'yes' 'no']
['no' 'no' 'no' 'no' 'no' 'no' 'no' 'no' 'no' 'no']
51, 310, 75
53, 320, 72
55, 330, 74
57, 340, 78
59, 350, 80
60, 360, 87
['no' 'yes' 'no' 'no' 'yes' 'no' 'no' 'no' 'yes' 'no']
['no' 'no' 'no' 'no' 'no' 'no' 'no' 'no' 'no' 'no']
54, 360, 87
55, 370, 73
55, 380, 79
56, 390, 76
58, 400, 72
60, 410, 75
['no' 'no' 'no' 'no' 'no' 'yes' 'yes' 'yes' 'yes' 'yes']
['no' 'no' 'no' 'no' 'no' 'no' 'no' 'yes' 'no' 'no']
57, 410, 75
58, 420, 76
60, 430, 77
60, 440, 88
61, 450, 82
63, 460, 82
['yes' 'no' 'no' 'no' 'no' 'no' 'no' 'no' 'no' 'yes']
['no' 'no' 'no' 'no' 'no' 'no' 'no' 'no' 'no' 'no']
56, 460, 82
58, 470, 71
60, 480, 79
60, 490, 83
60, 500, 79
61, 510, 84
['no' 'no' 'no' 'no' 'no' 'yes' 'yes' 'yes' 'no' 'no']
['no' 'no' 'no' 'no' 'no' 'no' 'no' 'no' 'no' 'no']
55, 510, 84
55, 520, 69
55, 530, 72
56, 540, 66
58, 550, 69
61, 560, 71
['no' 'no' 'no' 'no' 'no' 'no' 'yes' 'yes' 'no' 'yes']
['no' 'no' 'no' 'no' 'no' 'no' 'no' 'no' 'no' 'no']
56, 560, 71
57, 570, 67
58, 580, 68
60, 590, 66
62, 600, 70
63, 610, 72
['no' 'yes' 'no' 'no' 'no' 'no' 'no' 'yes']
['no' 'no' 'no' 'no' 'no' 'no' 'no' 'no' 'no' 'no']
58, 610, 72
62, 620, 68
63, 630, 72
63, 640, 77
64, 650, 72
67, 660, 76
['no' 'no' 'yes' 'no' 'no' 'no' 'no' 'no' 'no' 'no']
['no' 'no' 'no' 'no' 'no' 'no' 'no' 'no' 'no' 'no']
59, 660, 76
59, 670, 68
61, 680, 67
65, 690, 70
67, 700, 74
68, 710, 78
['no' 'no' 'no' 'no' 'no' 'no' 'no' 'no' 'yes']
['no' 'no' 'no' 'no' 'no' 'no' 'no' 'no' 'no' 'no']
61, 710, 78
61, 720, 72
64, 730, 74
64, 740, 81
66, 750, 81
67, 760, 80
['no' 'no' 'no' 'no' 'no' 'no' 'no']
['no' 'no' 'no' 'no' 'no' 'no' 'no' 'no' 'no' 'no']
61, 760, 80
61, 770, 69
63, 780, 69
65, 790, 70
65, 800, 73
66, 810, 73
['yes' 'yes' 'no' 'yes' 'no']
['no' 'no' 'no' 'no' 'no' 'no' 'no' 'no' 'no' 'no']
65, 810, 73
67, 820, 73
68, 830, 75
68, 840, 76
69, 850, 74
71, 860, 76
['no' 'no' 'no' 'no' 'no' 'yes']
['yes' 'no' 'no' 'no' 'no' 'no' 'no' 'no' 'no' 'yes']
69, 860, 76
72, 870, 77
72, 880, 80
72, 890, 80
74, 900, 80
76, 910, 84
['no' 'no' 'no' 'no' 'no' 'no' 'no']
['no' 'no' 'no' 'no' 'no' 'no' 'no' 'no' 'no' 'no']
70, 910, 84
71, 920, 77
72, 930, 79
73, 940, 80
73, 950, 81
75, 960, 81
['no' 'no' 'yes' 'no' 'no' 'no']
['no' 'no' 'no' 'no' 'yes' 'no' 'no' 'no' 'no' 'no']
72, 960, 81
73, 970, 78
74, 980, 79
76, 990, 83
76, 1000, 85
78, 1010, 86
['no' 'no' 'no' 'no' 'no' 'no' 'yes']
['no' 'no' 'no' 'no' 'no' 'no' 'no' 'no' 'no' 'no']
72, 1010, 86
72, 1020, 77
74, 1030, 78
74, 1040, 82
77, 1050, 80
77, 1060, 85
['no' 'no' 'no' 'no' 'no']
['no' 'no' 'no' 'no' 'no' 'no' 'no' 'no' 'no' 'no']
74, 1060, 85
74, 1070, 79
75, 1080, 79
75, 1090, 81
76, 1100, 80
77, 1110, 81
['no' 'no' 'no' 'no' 'no']
['no' 'no' 'no' 'no' 'no' 'no' 'no' 'no' 'no' 'no']
['no' 'no' 'no' 'no' 'no']
['no' 'no' 'no' 'no' 'no' 'no' 'no' 'no' 'no' 'no']
{'count': 1496, 'truepos': 56, 'falseneg': 2, 'unknownyes': 4, 'falsepos': 17, 'unique': 1110}
55: Wahono.csv: machine2: 0, 0
7, 10
8, 20, 106
10, 30, 104
13, 40, 103
15, 50, 103
15, 60, 110
['yes' 'yes' 'yes' 'yes' 'no' 'no' 'yes' 'yes' 'yes' 'yes']
[]
14, 60, 110
14, 70, 79
17, 80, 62
22, 90, 60
23, 100, 62
26, 110, 59
['yes' 'yes' 'yes' 'yes' 'yes' 'yes' 'yes' 'yes' 'yes' 'no']
[]
24, 110, 59
29, 120, 62
30, 130, 67
33, 140, 58
37, 150, 61
38, 160, 70
['yes' 'yes' 'yes' 'yes' 'no' 'yes' 'no' 'yes' 'yes' 'yes']
['no' 'no' 'no' 'no' 'no' 'no' 'no' 'no' 'no' 'no']
38, 160, 70
40, 170, 60
43, 180, 62
44, 190, 79
48, 200, 77
48, 210, 83
['no' 'no' 'yes' 'yes' 'no' 'no' 'yes' 'yes' 'no' 'yes']
['no' 'no' 'no' 'no' 'no' 'no' 'no' 'no' 'no' 'no']
46, 210, 83
48, 220, 75
48, 230, 100
50, 240, 78
50, 250, 81
50, 260, 90
['yes' 'no' 'no' 'no' 'no' 'yes' 'no' 'no' 'no' 'no']
['yes' 'no' 'no' 'no' 'no' 'no' 'no' 'no' 'no' 'no']
46, 260, 90
46, 270, 70
48, 280, 66
52, 290, 70
53, 300, 82
55, 310, 83
['no' 'no' 'no' 'yes' 'no' 'no' 'no' 'no' 'no' 'no']
['no' 'no' 'no' 'no' 'no' 'no' 'no' 'no' 'no' 'no']
48, 310, 83
48, 320, 71
49, 330, 70
51, 340, 74
52, 350, 77
54, 360, 80
['yes' 'no' 'no' 'no' 'no' 'no' 'yes' 'yes' 'yes' 'yes']
['no' 'no' 'no' 'no' 'no' 'no' 'no' 'no' 'no' 'no']
54, 360, 80
55, 370, 74
57, 380, 73
59, 390, 84
61, 400, 88
62, 410, 91
['no' 'no' 'no' 'no' 'yes' 'no' 'yes' 'no' 'no' 'no']
['no' 'no' 'no' 'no' 'no' 'no' 'no' 'no' 'no' 'no']
56, 410, 91
57, 420, 73
58, 430, 73
59, 440, 76
63, 450, 77
65, 460, 81
['no' 'no' 'no' 'no' 'no' 'no' 'yes' 'no' 'no' 'no']
['no' 'no' 'no' 'no' 'no' 'no' 'no' 'no' 'no' 'no']
57, 460, 81
57, 470, 79
58, 480, 72
59, 490, 73
59, 500, 77
59, 510, 76
['yes' 'no' 'no' 'no' 'yes' 'no' 'no']
['no' 'no' 'no' 'no' 'no' 'no' 'no' 'no' 'no' 'no']
55, 510, 76
55, 520, 75
55, 530, 71
56, 540, 68
59, 550, 68
59, 560, 73
['no' 'yes' 'no' 'yes']
['no' 'no' 'no' 'no' 'no' 'no' 'no' 'no' 'no' 'no']
58, 560, 73
59, 570, 74
60, 580, 72
62, 590, 74
62, 600, 78
63, 610, 73
['no' 'no' 'no' 'no' 'no']
['no' 'no' 'no' 'no' 'no' 'no' 'no' 'no' 'no' 'no']
63, 610, 73
64, 620, 77
65, 630, 77
68, 640, 74
70, 650, 79
71, 660, 83
['no' 'no' 'no' 'no' 'no' 'no' 'yes' 'no' 'no' 'no']
['no' 'no' 'no' 'no' 'no' 'no' 'no' 'no' 'no' 'no']
64, 660, 83
66, 670, 73
67, 680, 75
68, 690, 76
69, 700, 81
70, 710, 81
['no' 'no' 'no' 'no' 'yes' 'yes' 'yes' 'no']
['no' 'no' 'no' 'no' 'no' 'no' 'no' 'no' 'no' 'no']
68, 710, 81
68, 720, 78
69, 730, 76
70, 740, 78
71, 750, 79
74, 760, 80
['no' 'no' 'yes' 'yes' 'no' 'no' 'no']
['no' 'no' 'no' 'no' 'no' 'no' 'no' 'no' 'no' 'no']
70, 760, 80
72, 770, 79
74, 780, 82
77, 790, 85
78, 800, 92
79, 810, 101
['no' 'no' 'yes' 'no' 'no' 'no' 'no' 'no' 'no']
['no' 'no' 'no' 'no' 'no' 'no' 'no' 'no' 'no' 'no']
72, 810, 101
73, 820, 82
74, 830, 84
74, 840, 85
75, 850, 84
77, 860, 86
['no' 'no' 'no' 'no' 'no']
['no' 'no' 'no' 'no' 'no' 'no' 'no' 'no' 'no' 'no']
74, 860, 86
76, 870, 84
78, 880, 86
79, 890, 90
80, 900, 94
80, 910, 94
['no' 'no' 'no' 'no' 'no' 'no' 'no']
['no' 'no' 'no' 'no' 'no' 'no' 'no' 'no' 'no' 'no']
73, 910, 94
74, 920, 81
76, 930, 82
76, 940, 85
76, 950, 84
78, 960, 84
['no' 'no' 'no' 'no' 'no']
['no' 'no' 'no' 'no' 'no' 'no' 'no' 'no' 'no' 'no']
73, 960, 84
74, 970, 82
75, 980, 82
75, 990, 84
77, 1000, 84
80, 1010, 86
['no' 'no' 'no' 'no' 'no' 'no' 'no']
['no' 'no' 'no' 'no' 'no' 'no' 'no' 'no' 'no' 'no']
76, 1010, 86
76, 1020, 84
77, 1030, 83
78, 1040, 84
79, 1050, 86
81, 1060, 87
['yes' 'no' 'no' 'no' 'no' 'no' 'no']
['no' 'no' 'no' 'no' 'no' 'no' 'no' 'no' 'no' 'no']
76, 1060, 87
76, 1070, 85
78, 1080, 83
78, 1090, 86
78, 1100, 86
78, 1110, 86
['no' 'no' 'no']
['no' 'no' 'no' 'no' 'no' 'no' 'yes' 'no' 'no' 'no']
77, 1110, 86
77, 1120, 83
77, 1130, 84
77, 1140, 84
77, 1150, 84
78, 1160, 82
['no' 'yes']
['no' 'no' 'no' 'no' 'no' 'no' 'no' 'no' 'no' 'no']
['no' 'yes']
['no' 'no' 'no' 'no' 'no' 'no' 'no' 'no' 'no' 'no']
{'count': 1646, 'truepos': 53, 'falseneg': 6, 'unknownyes': 3, 'falsepos': 24, 'unique': 1160}
55: Wahono.csv: machine3: 0, 0
6, 10
6, 20, 100
9, 30, 95
10, 40, 92
13, 50, 74
13, 60, 80
null
[]
16, 70, 63
19, 80, 68
20, 90, 66
22, 100, 57
23, 110, 63
25, 120, 61
null
[]
25, 130, 57
27, 140, 52
28, 150, 51
29, 160, 48
30, 170, 51
30, 180, 44
null
['no' 'no' 'no' 'yes' 'yes' 'no' 'no' 'no' 'no' 'no']
32, 180, 44
34, 190, 44
35, 200, 47
37, 210, 48
43, 220, 52
43, 230, 74
null
['no' 'no' 'no' 'yes' 'no' 'no' 'no' 'no' 'no' 'no']
44, 230, 74
45, 240, 73
46, 250, 71
47, 260, 71
48, 270, 66
48, 280, 76
null
['no' 'no' 'no' 'no' 'no' 'no' 'no' 'no' 'no' 'no']
48, 280, 76
49, 290, 68
50, 300, 69
50, 310, 73
51, 320, 69
52, 330, 68
null
['yes' 'no' 'no' 'no' 'no' 'no' 'no' 'no' 'no' 'no']
53, 330, 68
53, 340, 71
53, 350, 78
53, 360, 69
54, 370, 67
55, 380, 70
null
['no' 'no' 'no' 'no' 'no' 'no' 'no' 'no' 'no' 'no']
55, 380, 70
55, 390, 73
55, 400, 71
55, 410, 72
57, 420, 66
58, 430, 69
null
['no' 'yes' 'no' 'no' 'no' 'no' 'no' 'no' 'no' 'no']
59, 430, 69
59, 440, 73
59, 450, 73
59, 460, 72
59, 470, 71
61, 480, 70
null
['no' 'no' 'no' 'no' 'no' 'no' 'no' 'no' 'no' 'no']
61, 480, 70
61, 490, 74
61, 500, 74
61, 510, 73
63, 520, 71
63, 530, 75
null
['no' 'no' 'no' 'no' 'no' 'no' 'no' 'no' 'no' 'no']
63, 530, 75
63, 540, 74
63, 550, 75
63, 560, 76
64, 570, 73
64, 580, 74
null
['no' 'no' 'no' 'no' 'no' 'no' 'no' 'no' 'no' 'no']
64, 580, 74
64, 590, 73
64, 600, 74
64, 610, 74
64, 620, 72
64, 630, 71
null
['no' 'no' 'no' 'no' 'no' 'no' 'no' 'no' 'no' 'no']
64, 630, 71
64, 640, 74
64, 650, 72
64, 660, 73
64, 670, 72
64, 680, 74
null
['no' 'no' 'no' 'no' 'no' 'no' 'no' 'no' 'no' 'no']
64, 680, 74
64, 690, 71
64, 700, 72
65, 710, 71
65, 720, 76
65, 730, 73
null
['no' 'no' 'no' 'no' 'no' 'no' 'no' 'no' 'no' 'no']
65, 730, 73
65, 740, 72
65, 750, 73
65, 760, 72
66, 770, 72
66, 780, 73
null
['no' 'no' 'no' 'no' 'no' 'no' 'no' 'no' 'no' 'no']
66, 780, 73
66, 790, 74
66, 800, 72
66, 810, 72
66, 820, 73
67, 830, 73
null
['no' 'no' 'no' 'no' 'no' 'no' 'no' 'no' 'no' 'no']
68, 830, 73
69, 840, 75
69, 850, 76
70, 860, 78
70, 870, 78
70, 880, 77
null
['no' 'no' 'no' 'no' 'no' 'no' 'no' 'no' 'no' 'no']
71, 880, 77
71, 890, 80
71, 900, 78
71, 910, 79
71, 920, 79
71, 930, 78
null
['no' 'no' 'no' 'no' 'no' 'no' 'no' 'no' 'no' 'no']
71, 930, 78
71, 940, 78
72, 950, 79
72, 960, 80
72, 970, 79
72, 980, 80
null
['no' 'no' 'no' 'no' 'no' 'no' 'no' 'no' 'no' 'no']
72, 980, 80
72, 990, 79
72, 1000, 79
72, 1010, 79
73, 1020, 79
73, 1030, 80
null
['no' 'no' 'no' 'no' 'no' 'no' 'no' 'no' 'no' 'no']
73, 1030, 80
73, 1040, 80
73, 1050, 80
73, 1060, 80
73, 1070, 80
73, 1080, 80
null
['no' 'no' 'no' 'no' 'no' 'no' 'no' 'no' 'no' 'no']
73, 1080, 80
73, 1090, 79
74, 1100, 80
74, 1110, 81
75, 1120, 81
75, 1130, 82
null
['no' 'no' 'no' 'no' 'no' 'no' 'no' 'no' 'no' 'no']
75, 1130, 82
75, 1140, 82
75, 1150, 81
75, 1160, 81
76, 1170, 80
77, 1180, 83
null
['no' 'no' 'no' 'no' 'no' 'no' 'no' 'no' 'no' 'no']
77, 1180, 83
78, 1190, 85
79, 1200, 87
79, 1210, 88
79, 1220, 88
79, 1230, 89
null
['no' 'no' 'no' 'no' 'no' 'no' 'no' 'no' 'no' 'no']
79, 1230, 89
79, 1240, 87
80, 1250, 86
80, 1260, 87
80, 1270, 88
80, 1280, 87
null
['no' 'no' 'no' 'no' 'no' 'no' 'no' 'no' 'no' 'no']
80, 1280, 87
81, 1290, 88
81, 1300, 89
81, 1310, 88
82, 1320, 88
82, 1330, 90
null
['no' 'no' 'no' 'no' 'no' 'no' 'no' 'no' 'no' 'no']
82, 1330, 90
82, 1340, 89
83, 1350, 89
83, 1360, 91
83, 1370, 90
83, 1380, 90
null
['no' 'no' 'no' 'no' 'no' 'no' 'no' 'no' 'no' 'no']
83, 1380, 90
83, 1390, 89
83, 1400, 89
83, 1410, 88
83, 1420, 89
83, 1430, 88
null
['no' 'no' 'no' 'no' 'no' 'no' 'no' 'no' 'no' 'no']
83, 1430, 88
83, 1440, 88
84, 1450, 89
84, 1460, 90
84, 1470, 89
84, 1480, 89
null
['no' 'no' 'no' 'no' 'no' 'no' 'no' 'no' 'no' 'no']
85, 1480, 89
85, 1490, 90
85, 1500, 90
85, 1510, 90
85, 1520, 91
85, 1530, 90
null
['no' 'no' 'no' 'no' 'no' 'no' 'no' 'no' 'no' 'no']
85, 1530, 90
85, 1540, 90
85, 1550, 90
85, 1560, 90
86, 1570, 90
null
['no' 'no' 'no' 'no' 'no' 'no' 'no' 'no' 'no' 'no']
{'count': 2230, 'truepos': 56, 'falseneg': 4, 'unknownyes': 2, 'falsepos': 31, 'unique': 1570}
55: Danijel.csv: none: 0, 0
4, 10
7, 20, 120
9, 30, 117
11, 40, 113
14, 50, 109
17, 60, 127
19, 70, 135
20, 80, 139
21, 90, 123
21, 100, 110
23, 110, 92
25, 120, 92
27, 130, 92
29, 140, 84
31, 150, 83
33, 160, 97
35, 170, 109
38, 180, 84
38, 190, 99
42, 200, 76
45, 210, 89
49, 220, 81
51, 230, 91
52, 240, 85
53, 250, 92
54, 260, 85
56, 270, 98
58, 280, 99
60, 290, 102
61, 300, 105
61, 310, 103
62, 320, 98
63, 330, 118
63, 340, 104
63, 350, 92
63, 360, 92
65, 370, 93
66, 380, 102
68, 390, 101
68, 400, 94
69, 410, 100
70, 420, 93
70, 430, 92
72, 440, 94
73, 450, 94
74, 460, 94
75, 470, 94
76, 480, 93
79, 490, 91
80, 500, 93
80, 510, 97
80, 520, 100
81, 530, 93
84, 540, 92
84, 550, 98
87, 560, 98
90, 570, 108
90, 580, 105
90, 590, 104
91, 600, 102
94, 610, 106
97, 620, 107
97, 630, 113
99, 640, 111
101, 650, 110
102, 660, 114
103, 670, 114
103, 680, 115
103, 690, 115
104, 700, 115
105, 710, 120
108, 720, 118
109, 730, 124
112, 740, 123
112, 750, 126
113, 760, 126
115, 770, 127
117, 780, 129
117, 790, 133
117, 800, 128
119, 810, 129
120, 820, 130
124, 830, 132
125, 840, 140
126, 850, 140
126, 860, 139
127, 870, 139
129, 880, 142
130, 890, 142
130, 900, 143
130, 910, 141
130, 920, 142
132, 930, 141
132, 940, 142
133, 950, 143
133, 960, 143
133, 970, 143
133, 980, 144
133, 990, 142
135, 1000, 141
135, 1010, 144
136, 1020, 143
137, 1030, 147
138, 1040, 147
140, 1050, 148
141, 1060, 152
141, 1070, 153
141, 1080, 153
143, 1090, 151
143, 1100, 155
145, 1110, 153
146, 1120, 160
147, 1130, 161
147, 1140, 165
148, 1150, 162
149, 1160, 161
151, 1170, 166
151, 1180, 166
151, 1190, 165
151, 1200, 165
152, 1210, 162
153, 1220, 165
153, 1230, 165
154, 1240, 164
156, 1250, 163
{'count': 1250, 'truepos': 41, 'falseneg': 3, 'unknownyes': 4, 'falsepos': 115, 'unique': 1250}
55: Danijel.csv: three: 0, 0
4, 10
4, 20, 118
6, 30, 96
9, 40, 79
10, 50, 80
11, 60, 65
13, 70, 57
16, 80, 53
20, 90, 56
22, 100, 60
24, 110, 63
25, 120, 63
27, 130, 57
29, 140, 58
30, 150, 61
36, 160, 47
37, 170, 57
37, 180, 57
40, 190, 59
40, 200, 64
41, 210, 57
41, 220, 61
41, 230, 56
41, 240, 54
41, 250, 57
41, 260, 63
41, 270, 52
41, 280, 54
42, 290, 51
42, 300, 53
42, 310, 52
42, 320, 51
42, 330, 56
43, 340, 56
43, 350, 58
44, 360, 51
44, 370, 51
44, 380, 54
44, 390, 55
44, 400, 52
44, 410, 52
44, 420, 52
45, 430, 52
45, 440, 52
45, 450, 51
45, 460, 54
45, 470, 52
45, 480, 53
46, 490, 51
46, 500, 53
46, 510, 52
46, 520, 53
46, 530, 56
46, 540, 52
47, 550, 52
48, 560, 52
48, 570, 55
49, 580, 54
51, 590, 54
53, 600, 58
53, 610, 60
53, 620, 60
53, 630, 60
53, 640, 60
54, 650, 60
54, 660, 60
54, 670, 60
54, 680, 59
54, 690, 59
54, 700, 60
54, 710, 60
54, 720, 59
56, 730, 59
56, 740, 66
57, 750, 61
57, 760, 64
58, 770, 65
58, 780, 69
58, 790, 67
58, 800, 67
58, 810, 67
58, 820, 67
58, 830, 67
58, 840, 63
58, 850, 65
58, 860, 64
58, 870, 65
59, 880, 64
59, 890, 64
59, 900, 66
59, 910, 65
59, 920, 65
60, 930, 66
61, 940, 69
62, 950, 72
62, 960, 70
63, 970, 72
63, 980, 78
64, 990, 75
64, 1000, 76
64, 1010, 77
64, 1020, 77
64, 1030, 75
64, 1040, 75
64, 1050, 74
64, 1060, 75
64, 1070, 75
64, 1080, 74
64, 1090, 73
64, 1100, 74
64, 1110, 73
64, 1120, 75
65, 1130, 72
65, 1140, 73
66, 1150, 72
66, 1160, 74
66, 1170, 73
66, 1180, 75
66, 1190, 73
67, 1200, 74
67, 1210, 75
67, 1220, 75
67, 1230, 77
67, 1240, 74
67, 1250, 74
67, 1260, 74
67, 1270, 74
67, 1280, 74
67, 1290, 73
67, 1300, 73
67, 1310, 73
68, 1320, 73
68, 1330, 72
68, 1340, 74
68, 1350, 73
68, 1360, 73
68, 1370, 72
68, 1380, 73
69, 1390, 72
69, 1400, 74
69, 1410, 74
70, 1420, 73
71, 1430, 74
71, 1440, 77
71, 1450, 76
71, 1460, 76
71, 1470, 76
71, 1480, 76
71, 1490, 76
71, 1500, 76
71, 1510, 75
71, 1520, 76
72, 1530, 76
72, 1540, 76
73, 1550, 77
{'count': 3394, 'truepos': 41, 'falseneg': 4, 'unknownyes': 3, 'falsepos': 32, 'unique': 1550}
55: Danijel.csv: machine: 0, 0
4, 10
6, 20, 120
9, 30, 103
9, 40, 105
11, 50, 89
12, 60, 86
['yes' 'yes' 'no' 'no' 'no' 'no' 'yes' 'yes' 'no' 'no']
[]
6, 60, 86
8, 70, 66
11, 80, 67
14, 90, 65
15, 100, 64
19, 110, 57
['no' 'yes' 'yes' 'no' 'yes' 'yes' 'no' 'no' 'yes' 'yes']
[]
15, 110, 57
17, 120, 61
20, 130, 59
26, 140, 61
29, 150, 76
31, 160, 78
['yes' 'yes' 'no' 'no' 'yes' 'yes' 'yes' 'yes' 'yes' 'yes']
['no' 'no' 'no' 'no' 'no' 'no' 'no' 'no' 'no' 'no']
31, 160, 78
34, 170, 59
34, 180, 58
34, 190, 54
35, 200, 51
38, 210, 51
['yes' 'yes' 'yes' 'no' 'no' 'yes' 'no' 'yes' 'yes' 'no']
['yes' 'no' 'no' 'no' 'no' 'no' 'no' 'no' 'no' 'no']
33, 210, 51
35, 220, 46
36, 230, 50
37, 240, 49
37, 250, 49
38, 260, 48
['yes' 'yes' 'no' 'no' 'no' 'no' 'yes' 'yes' 'yes' 'yes']
['no' 'no' 'no' 'no' 'no' 'no' 'no' 'no' 'no' 'no']
36, 260, 48
38, 270, 47
38, 280, 53
39, 290, 51
41, 300, 51
42, 310, 55
['no' 'no' 'no' 'no' 'no' 'yes' 'no' 'no' 'no' 'yes']
['no' 'no' 'no' 'no' 'yes' 'no' 'no' 'no' 'no' 'no']
36, 310, 55
36, 320, 44
36, 330, 45
37, 340, 44
39, 350, 47
39, 360, 51
['no' 'no' 'no' 'no' 'yes' 'no' 'yes']
['no' 'no' 'no' 'no' 'no' 'no' 'no' 'yes' 'no' 'no']
37, 360, 51
38, 370, 47
38, 380, 49
38, 390, 48
39, 400, 47
40, 410, 49
['no' 'no' 'no' 'no' 'yes' 'yes']
['no' 'no' 'no' 'no' 'no' 'no' 'no' 'no' 'no' 'no']
37, 410, 49
38, 420, 46
39, 430, 47
39, 440, 48
40, 450, 48
42, 460, 51
['no' 'no' 'no' 'yes' 'no']
['no' 'no' 'no' 'no' 'no' 'no' 'no' 'no' 'no' 'no']
42, 460, 51
42, 470, 51
43, 480, 50
43, 490, 52
43, 500, 52
44, 510, 51
['no' 'no' 'no' 'no' 'no']
['no' 'no' 'no' 'no' 'no' 'no' 'no' 'no' 'yes' 'no']
42, 510, 51
44, 520, 48
46, 530, 51
47, 540, 53
49, 550, 55
50, 560, 60
['yes' 'no' 'no' 'no' 'no' 'no' 'yes' 'no' 'no' 'no']
['no' 'no' 'no' 'no' 'no' 'no' 'no' 'no' 'no' 'no']
42, 560, 60
45, 570, 48
47, 580, 51
47, 590, 55
48, 600, 53
48, 610, 55
['no' 'no' 'no' 'no' 'no' 'no']
['no' 'no' 'no' 'no' 'no' 'no' 'no' 'no' 'no' 'no']
42, 610, 55
42, 620, 48
44, 630, 47
47, 640, 50
49, 650, 52
51, 660, 54
['no' 'no' 'no' 'yes' 'no' 'no' 'yes' 'no' 'yes']
['no' 'no' 'no' 'no' 'no' 'no' 'no' 'no' 'no' 'no']
46, 660, 54
47, 670, 51
48, 680, 53
51, 690, 55
52, 700, 61
52, 710, 66
['no' 'no' 'yes' 'no' 'no' 'no']
['no' 'no' 'no' 'no' 'no' 'no' 'no' 'no' 'no' 'no']
48, 710, 66
48, 720, 55
49, 730, 54
50, 740, 56
52, 750, 57
52, 760, 58
['no' 'no' 'no' 'no' 'no']
['no' 'no' 'no' 'no' 'no' 'no' 'no' 'no' 'no' 'no']
49, 760, 58
51, 770, 54
51, 780, 57
52, 790, 58
55, 800, 59
56, 810, 64
['no' 'no' 'no' 'no' 'no' 'no' 'no']
['no' 'no' 'no' 'no' 'no' 'no' 'no' 'no' 'no' 'no']
50, 810, 64
50, 820, 55
51, 830, 55
51, 840, 55
53, 850, 55
55, 860, 58
['no' 'no' 'no' 'no' 'no' 'no']
['yes' 'no' 'no' 'no' 'no' 'no' 'yes' 'no' 'no' 'no']
51, 860, 58
52, 870, 56
54, 880, 56
54, 890, 58
55, 900, 58
55, 910, 60
['no' 'no' 'no' 'no' 'no']
['no' 'no' 'no' 'no' 'no' 'no' 'no' 'no' 'no' 'no']
51, 910, 60
51, 920, 55
51, 930, 55
52, 940, 55
53, 950, 56
53, 960, 58
['yes' 'no' 'no']
['no' 'no' 'no' 'no' 'no' 'no' 'no' 'no' 'no' 'no']
54, 960, 58
55, 970, 58
55, 980, 60
55, 990, 60
59, 1000, 60
61, 1010, 65
['no' 'no' 'no' 'no' 'no' 'no' 'no' 'no' 'no']
['no' 'no' 'no' 'no' 'no' 'no' 'no' 'no' 'no' 'no']
55, 1010, 65
55, 1020, 58
56, 1030, 58
56, 1040, 59
57, 1050, 59
['no' 'no' 'no' 'no' 'yes']
['no' 'no' 'no' 'no' 'no' 'no' 'no' 'no' 'no' 'no']
{'count': 1394, 'truepos': 43, 'falseneg': 3, 'unknownyes': 2, 'falsepos': 13, 'unique': 1050}
55: Danijel.csv: machine2: 0, 0
4, 10
7, 20, 119
8, 30, 120
10, 40, 103
12, 50, 99
15, 60, 93
['yes' 'no' 'yes' 'yes' 'no' 'yes' 'yes' 'yes' 'yes' 'yes']
[]
14, 60, 93
16, 70, 98
18, 80, 81
19, 90, 87
23, 100, 78
24, 110, 86
['yes' 'yes' 'yes' 'no' 'no' 'no' 'no' 'no' 'yes' 'yes']
[]
21, 110, 86
26, 120, 68
29, 130, 66
33, 140, 67
39, 150, 58
44, 160, 60
['no' 'no' 'yes' 'no' 'yes' 'no' 'no' 'yes' 'no' 'yes']
['no' 'no' 'no' 'no' 'no' 'no' 'no' 'no' 'no' 'no']
39, 160, 60
41, 170, 62
44, 180, 61
44, 190, 65
46, 200, 59
49, 210, 63
['yes' 'yes' 'yes' 'yes' 'no' 'no' 'no' 'no' 'no' 'no']
['no' 'no' 'no' 'no' 'no' 'no' 'no' 'no' 'no' 'no']
46, 210, 63
47, 220, 58
50, 230, 59
50, 240, 62
51, 250, 61
54, 260, 60
['yes' 'yes' 'no' 'no' 'no' 'no' 'no' 'no' 'no' 'yes']
['no' 'no' 'no' 'no' 'no' 'no' 'no' 'no' 'no' 'no']
48, 260, 60
52, 270, 58
53, 280, 64
54, 290, 65
55, 300, 68
56, 310, 69
['yes' 'yes' 'no' 'no' 'no' 'no' 'no' 'no' 'yes' 'no']
['no' 'no' 'no' 'no' 'no' 'no' 'no' 'no' 'no' 'no']
51, 310, 69
54, 320, 60
55, 330, 65
56, 340, 68
58, 350, 67
58, 360, 70
['no' 'no' 'no' 'yes' 'yes' 'no' 'yes' 'no' 'no' 'yes']
['no' 'yes' 'no' 'no' 'no' 'no' 'no' 'no' 'no' 'no']
54, 360, 70
55, 370, 64
55, 380, 63
56, 390, 63
58, 400, 63
59, 410, 66
['no' 'yes' 'no' 'no' 'no' 'no' 'no' 'yes' 'no' 'yes']
['no' 'no' 'no' 'no' 'no' 'no' 'no' 'no' 'no' 'no']
56, 410, 66
56, 420, 64
59, 430, 64
61, 440, 69
63, 450, 73
64, 460, 83
['no' 'no' 'no' 'no' 'no' 'yes' 'no' 'yes' 'no' 'no']
['no' 'no' 'no' 'no' 'no' 'no' 'no' 'no' 'no' 'no']
61, 460, 83
62, 470, 75
64, 480, 73
65, 490, 77
66, 500, 80
66, 510, 77
['no' 'no' 'no' 'no' 'no' 'no' 'yes' 'no' 'yes' 'no']
['no' 'no' 'no' 'no' 'no' 'no' 'no' 'no' 'no' 'no']
60, 510, 77
60, 520, 72
61, 530, 70
62, 540, 71
64, 550, 71
64, 560, 74
['no' 'no' 'no' 'no' 'no' 'no' 'yes' 'no' 'yes']
['no' 'no' 'no' 'no' 'no' 'no' 'no' 'no' 'no' 'no']
59, 560, 74
61, 570, 68
61, 580, 74
61, 590, 69
63, 600, 69
63, 610, 73
['yes' 'no' 'yes' 'yes' 'no']
['no' 'no' 'no' 'no' 'no' 'no' 'no' 'no' 'no' 'no']
63, 610, 73
63, 620, 70
65, 630, 71
67, 640, 73
69, 650, 75
70, 660, 81
['no' 'no' 'no' 'no' 'no' 'no' 'no' 'no' 'no']
['no' 'no' 'no' 'no' 'no' 'no' 'no' 'no' 'no' 'no']
64, 660, 81
66, 670, 73
67, 680, 78
68, 690, 80
69, 700, 79
70, 710, 83
['no' 'no' 'no' 'no' 'no' 'no' 'no']
['no' 'no' 'no' 'no' 'no' 'no' 'no' 'no' 'no' 'no']
67, 710, 83
67, 720, 78
70, 730, 78
71, 740, 83
73, 750, 82
74, 760, 89
['no' 'no' 'no' 'no' 'no' 'no' 'no' 'no' 'no']
['no' 'no' 'no' 'no' 'no' 'no' 'no' 'no' 'no' 'no']
70, 760, 89
71, 770, 80
73, 780, 79
73, 790, 81
74, 800, 80
77, 810, 83
['no' 'no' 'no' 'no' 'no' 'yes' 'no' 'no']
['no' 'no' 'no' 'no' 'no' 'no' 'no' 'no' 'no' 'no']
72, 810, 83
72, 820, 80
72, 830, 79
74, 840, 79
75, 850, 81
76, 860, 83
['no' 'no' 'no' 'no' 'no']
['no' 'no' 'no' 'no' 'no' 'no' 'no' 'no' 'no' 'no']
72, 860, 83
73, 870, 79
76, 880, 79
76, 890, 83
76, 900, 83
78, 910, 83
['no' 'no' 'no' 'no' 'no' 'no' 'no']
['no' 'no' 'no' 'no' 'no' 'no' 'no' 'no' 'no' 'no']
75, 910, 83
76, 920, 82
77, 930, 82
77, 940, 86
81, 950, 84
81, 960, 88
['no' 'no' 'no' 'no' 'no' 'no' 'no' 'no']
['no' 'no' 'no' 'no' 'no' 'no' 'no' 'no' 'no' 'no']
73, 960, 88
75, 970, 78
75, 980, 80
78, 990, 81
78, 1000, 85
79, 1010, 83
['no' 'no' 'no' 'no' 'no' 'no']
['no' 'no' 'no' 'no' 'no' 'no' 'no' 'no' 'no' 'no']
['no' 'no' 'no' 'no' 'no' 'no']
['no' 'no' 'no' 'no' 'no' 'no' 'no' 'no' 'no' 'no']
{'count': 1467, 'truepos': 44, 'falseneg': 2, 'unknownyes': 2, 'falsepos': 33, 'unique': 1010}
55: Danijel.csv: machine3: 0, 0
3, 10
3, 20, 119
4, 30, 93
7, 40, 66
8, 50, 68
8, 60, 56
null
[]
10, 70, 50
14, 80, 51
19, 90, 60
20, 100, 76
22, 110, 61
23, 120, 59
null
[]
25, 130, 54
27, 140, 56
29, 150, 52
31, 160, 54
32, 170, 55
32, 180, 56
null
['no' 'no' 'no' 'no' 'no' 'no' 'no' 'no' 'no' 'no']
32, 180, 56
33, 190, 55
34, 200, 52
35, 210, 51
36, 220, 50
37, 230, 51
null
['no' 'no' 'no' 'no' 'no' 'no' 'yes' 'no' 'no' 'no']
38, 230, 51
39, 240, 52
41, 250, 50
41, 260, 56
41, 270, 54
41, 280, 58
null
['no' 'no' 'no' 'no' 'no' 'no' 'no' 'no' 'no' 'no']
41, 280, 58
41, 290, 54
42, 300, 53
42, 310, 56
42, 320, 55
43, 330, 52
null
['no' 'no' 'no' 'no' 'no' 'no' 'no' 'no' 'no' 'no']
43, 330, 52
44, 340, 53
44, 350, 54
44, 360, 55
45, 370, 53
45, 380, 53
null
['no' 'no' 'no' 'no' 'no' 'no' 'no' 'no' 'no' 'no']
45, 380, 53
46, 390, 59
46, 400, 56
47, 410, 55
48, 420, 60
48, 430, 60
null
['no' 'no' 'no' 'no' 'no' 'no' 'no' 'no' 'no' 'yes']
49, 430, 60
49, 440, 60
49, 450, 62
49, 460, 61
49, 470, 62
49, 480, 57
null
['no' 'no' 'no' 'no' 'no' 'no' 'no' 'no' 'no' 'no']
49, 480, 57
49, 490, 58
50, 500, 57
51, 510, 59
51, 520, 63
51, 530, 62
null
['no' 'no' 'no' 'no' 'no' 'no' 'no' 'no' 'no' 'no']
52, 530, 62
52, 540, 63
52, 550, 62
52, 560, 62
52, 570, 60
53, 580, 60
null
['no' 'no' 'no' 'no' 'no' 'no' 'no' 'no' 'no' 'no']
53, 580, 60
53, 590, 62
53, 600, 64
54, 610, 61
55, 620, 62
55, 630, 64
null
['no' 'no' 'no' 'no' 'no' 'no' 'no' 'no' 'no' 'no']
55, 630, 64
55, 640, 63
55, 650, 64
56, 660, 63
58, 670, 61
58, 680, 63
null
['no' 'no' 'no' 'no' 'no' 'no' 'no' 'no' 'no' 'no']
58, 680, 63
58, 690, 64
59, 700, 63
59, 710, 64
60, 720, 64
60, 730, 66
null
['no' 'no' 'no' 'no' 'no' 'no' 'no' 'no' 'no' 'no']
60, 730, 66
60, 740, 65
61, 750, 65
62, 760, 66
63, 770, 66
63, 780, 68
null
['no' 'no' 'no' 'no' 'no' 'no' 'no' 'no' 'no' 'no']
63, 780, 68
64, 790, 68
64, 800, 69
65, 810, 68
65, 820, 69
66, 830, 69
null
['no' 'no' 'no' 'no' 'no' 'no' 'no' 'no' 'no' 'no']
null
['no' 'no' 'no' 'no' 'no' 'no' 'no' 'no' 'no' 'no']
{'count': 1190, 'truepos': 45, 'falseneg': 0, 'unknownyes': 3, 'falsepos': 21, 'unique': 830}
55: K_all3.csv: none: 0, 0
1, 10
4, 20, 94
5, 30, 70
8, 40, 64
12, 50, 67
14, 60, 70
14, 70, 66
16, 80, 63
19, 90, 62
19, 100, 64
22, 110, 56
24, 120, 59
25, 130, 57
25, 140, 56
26, 150, 52
28, 160, 51
31, 170, 51
32, 180, 46
36, 190, 43
40, 200, 47
42, 210, 51
42, 220, 57
44, 230, 55
47, 240, 58
47, 250, 62
48, 260, 60
50, 270, 59
51, 280, 63
53, 290, 63
53, 300, 61
53, 310, 62
54, 320, 63
54, 330, 62
56, 340, 62
56, 350, 63
58, 360, 61
59, 370, 64
60, 380, 65
61, 390, 65
61, 400, 66
61, 410, 65
62, 420, 66
62, 430, 69
62, 440, 69
62, 450, 68
63, 460, 68
65, 470, 67
66, 480, 69
{'count': 480, 'truepos': 32, 'falseneg': 4, 'unknownyes': 9, 'falsepos': 34, 'unique': 480}
55: K_all3.csv: three: 0, 0
1, 10
2, 20, 92
4, 30, 64
7, 40, 59
10, 50, 53
12, 60, 61
13, 70, 57
17, 80, 50
20, 90, 56
21, 100, 57
22, 110, 52
23, 120, 49
23, 130, 48
23, 140, 45
25, 150, 44
25, 160, 46
25, 170, 45
26, 180, 44
28, 190, 45
29, 200, 47
29, 210, 47
31, 220, 46
33, 230, 40
35, 240, 41
35, 250, 47
36, 260, 43
37, 270, 47
37, 280, 45
37, 290, 43
37, 300, 44
38, 310, 43
39, 320, 46
39, 330, 48
39, 340, 47
41, 350, 44
41, 360, 46
41, 370, 46
42, 380, 44
45, 390, 45
46, 400, 49
47, 410, 49
48, 420, 50
48, 430, 51
48, 440, 51
49, 450, 51
49, 460, 52
50, 470, 52
{'count': 1026, 'truepos': 38, 'falseneg': 0, 'unknownyes': 7, 'falsepos': 12, 'unique': 470}
55: K_all3.csv: machine: 0, 0
2, 10
5, 20, 69
10, 30, 74
11, 40, 71
13, 50, 64
16, 60, 64
['no' 'yes' 'no' 'yes' 'yes' 'no' 'no' 'no' 'yes' 'yes']
[]
11, 60, 64
11, 70, 59
14, 80, 51
16, 90, 55
17, 100, 51
22, 110, 51
['yes' 'yes' 'yes' 'yes' 'no' 'no' 'yes' 'yes' 'no' 'yes']
['no' 'no']
19, 110, 51
19, 120, 53
21, 130, 48
23, 140, 51
24, 150, 51
24, 160, 51
['yes' 'no' 'no' 'yes' 'no' 'yes' 'no' 'yes' 'yes' 'yes']
['no']
19, 160, 51
20, 170, 45
21, 180, 45
22, 190, 45
23, 200, 45
24, 210, 46
['no' 'no' 'no' 'yes' 'yes' 'yes' 'no']
['no']
21, 210, 46
24, 220, 43
27, 230, 43
28, 240, 48
28, 250, 47
31, 260, 46
['no' 'no' 'yes' 'yes' 'yes' 'yes' 'yes' 'yes' 'yes' 'no']
['no' 'no' 'no' 'no' 'no' 'no' 'no' 'no' 'no' 'no']
29, 260, 46
29, 270, 48
29, 280, 47
32, 290, 46
33, 300, 43
34, 310, 41
['yes' 'no' 'no' 'yes' 'yes' 'no' 'no']
['no' 'no' 'no' 'no' 'no' 'no' 'no' 'no' 'no' 'no']
30, 310, 41
30, 320, 40
30, 330, 35
30, 340, 37
30, 350, 36
30, 360, 35
['no']
['no' 'yes' 'no' 'no' 'no' 'no' 'no' 'no' 'no' 'no']
31, 360, 35
32, 370, 37
32, 380, 36
33, 390, 37
33, 400, 38
33, 410, 37
['no' 'no' 'no']
['no' 'no' 'no' 'no' 'no' 'no' 'no' 'no' 'no' 'no']
32, 410, 37
34, 420, 36
34, 430, 38
36, 440, 38
37, 450, 41
37, 460, 41
['no' 'no' 'yes' 'no' 'no' 'no']
['no' 'no' 'no' 'no' 'no' 'no' 'no' 'no' 'no' 'no']
33, 460, 41
34, 470, 35
36, 480, 37
40, 490, 38
['yes' 'no' 'yes' 'yes' 'no' 'yes' 'no']
['no' 'no' 'no' 'no' 'no' 'no' 'no' 'no' 'no' 'no']
{'count': 625, 'truepos': 34, 'falseneg': 5, 'unknownyes': 6, 'falsepos': 5, 'unique': 490}
55: K_all3.csv: machine2: 0, 0
2, 10
2, 20, 70
4, 30, 65
4, 40, 63
5, 50, 55
8, 60, 52
['no' 'no' 'no' 'no' 'yes' 'no' 'no' 'no']
[]
2, 60, 52
5, 70, 64
8, 80, 58
11, 90, 61
12, 100, 64
13, 110, 58
['no' 'yes' 'yes' 'no' 'yes' 'yes' 'yes' 'no' 'no' 'yes']
['yes']
10, 110, 58
13, 120, 47
14, 130, 49
16, 140, 48
20, 150, 48
20, 160, 51
['no' 'yes' 'no' 'yes' 'yes' 'no' 'no' 'yes' 'yes' 'yes']
['no' 'no']
16, 160, 51
19, 170, 45
22, 180, 48
25, 190, 50
27, 200, 51
27, 210, 51
['no' 'yes' 'yes' 'yes' 'yes' 'yes' 'no' 'yes' 'no' 'yes']
[]
25, 210, 51
26, 220, 49
28, 230, 48
28, 240, 49
31, 250, 48
31, 260, 46
['no' 'no' 'no' 'no' 'no' 'yes' 'yes' 'yes' 'yes']
['no' 'no' 'no' 'no' 'yes' 'no' 'no' 'no' 'no' 'no']
28, 260, 46
32, 270, 47
33, 280, 43
36, 290, 45
38, 300, 51
38, 310, 49
['yes' 'no' 'no' 'yes' 'no' 'no' 'yes' 'no' 'yes' 'no']
['no' 'no' 'no' 'no' 'no' 'no' 'no' 'no' 'no' 'no']
33, 310, 49
34, 320, 40
37, 330, 41
41, 340, 48
45, 350, 50
46, 360, 55
['no' 'no' 'no' 'no' 'no' 'no' 'no' 'no' 'no' 'no']
['no' 'no' 'no' 'no' 'no' 'no' 'no' 'no' 'no' 'no']
39, 360, 55
40, 370, 45
40, 380, 48
42, 390, 47
42, 400, 49
42, 410, 48
['no' 'no' 'no' 'no' 'no' 'no' 'no' 'no' 'yes']
['no' 'no' 'no' 'no' 'no' 'no' 'no' 'no' 'no' 'no']
36, 410, 48
37, 420, 41
37, 430, 42
41, 440, 41
42, 450, 44
44, 460, 46
['no' 'yes' 'no' 'no' 'no' 'yes' 'no' 'no' 'no']
['no' 'no' 'no' 'no' 'no' 'no' 'no' 'no' 'no' 'no']
['yes' 'no' 'no' 'no' 'no' 'no' 'no' 'yes' 'no']
['no' 'no' 'no' 'no' 'no' 'no' 'no' 'no' 'no' 'no']
{'count': 649, 'truepos': 31, 'falseneg': 1, 'unknownyes': 13, 'falsepos': 8, 'unique': 460}
55: K_all3.csv: machine3: 0, 0
2, 10
3, 20, 70
5, 30, 66
9, 40, 63
9, 50, 63
9, 60, 55
null
[]
11, 70, 46
15, 80, 49
17, 90, 56
19, 100, 54
20, 110, 52
22, 120, 49
null
['no']
22, 120, 49
22, 130, 49
22, 140, 47
23, 150, 45
25, 160, 46
25, 170, 47
null
[]
26, 180, 45
26, 190, 46
26, 200, 45
27, 210, 44
28, 220, 45
29, 230, 46
null
['no']
29, 230, 46
29, 240, 46
29, 250, 46
29, 260, 45
30, 270, 45
30, 280, 35
null
['no' 'no' 'no' 'no' 'no' 'no' 'no' 'no' 'yes' 'no']
31, 280, 35
31, 290, 37
32, 300, 36
33, 310, 39
34, 320, 39
34, 330, 40
null
['no' 'no' 'no' 'no' 'no' 'no' 'no' 'no' 'no' 'no']
35, 330, 40
36, 340, 39
36, 350, 41
37, 360, 39
37, 370, 40
38, 380, 40
null
['no' 'no' 'no' 'no' 'no' 'no' 'no' 'no' 'no' 'no']
null
['no' 'no' 'no' 'no' 'no' 'no' 'no' 'no' 'no' 'no']
{'count': 522, 'truepos': 28, 'falseneg': 3, 'unknownyes': 14, 'falsepos': 10, 'unique': 380}

------------------------------------------------------------
Sender: LSF System <lsfadmin@n2e2-13>
Subject: Job 294837: </share/tjmenzie/zyu9/miniconda2/bin/python2.7 runner.py error_hpcc 55> Done

Job </share/tjmenzie/zyu9/miniconda2/bin/python2.7 runner.py error_hpcc 55> was submitted from host <login01.hpc.ncsu.edu> by user <zyu9> in cluster <henry2>.
Job was executed on host(s) <2*n2e2-13>, in queue <single_chassis>, as user <zyu9> in cluster <henry2>.
</home/zyu9> was used as the home directory.
</home/zyu9/projects/MAR_HPC/Error/src> was used as the working directory.
Started at Fri Nov  3 11:20:21 2017
Results reported at Fri Nov  3 16:40:49 2017

Your job looked like:

------------------------------------------------------------
# LSBATCH: User input
/share/tjmenzie/zyu9/miniconda2/bin/python2.7 runner.py error_hpcc 55
------------------------------------------------------------

Successfully completed.

Resource usage summary:

    CPU time   :  21891.83 sec.
    Max Memory :       189 MB
    Max Swap   :      1207 MB

    Max Processes  :         3
    Max Threads    :         8

The output (if any) is above this job summary.



PS:

Read file <./err/55.err.294837> for stderr output of this job.

