56: Hall.csv: none: 0, 0
9, 10
15, 20, 143
16, 30, 187
17, 40, 178
19, 50, 164
21, 60, 159
25, 70, 146
27, 80, 160
32, 90, 154
37, 100, 151
41, 110, 164
45, 120, 223
49, 130, 171
52, 140, 193
55, 150, 178
57, 160, 166
62, 170, 128
66, 180, 145
70, 190, 148
73, 200, 157
80, 210, 136
85, 220, 215
89, 230, 173
90, 240, 186
93, 250, 155
96, 260, 158
97, 270, 136
102, 280, 127
104, 290, 146
108, 300, 133
112, 310, 133
113, 320, 145
115, 330, 144
117, 340, 152
118, 350, 151
120, 360, 151
122, 370, 149
123, 380, 156
126, 390, 159
128, 400, 162
130, 410, 164
132, 420, 166
132, 430, 185
134, 440, 176
134, 450, 177
134, 460, 174
136, 470, 173
136, 480, 172
137, 490, 172
137, 500, 175
138, 510, 177
139, 520, 167
140, 530, 178
141, 540, 178
142, 550, 173
143, 560, 172
144, 570, 181
144, 580, 171
146, 590, 182
148, 600, 184
151, 610, 187
152, 620, 187
152, 630, 181
153, 640, 191
153, 650, 190
153, 660, 187
153, 670, 184
153, 680, 187
153, 690, 187
155, 700, 184
157, 710, 185
157, 720, 189
157, 730, 186
157, 740, 186
158, 750, 184
158, 760, 193
160, 770, 186
161, 780, 187
161, 790, 196
162, 800, 194
163, 810, 191
165, 820, 197
165, 830, 208
165, 840, 207
167, 850, 195
168, 860, 194
170, 870, 202
171, 880, 209
173, 890, 211
173, 900, 212
174, 910, 210
174, 920, 210
174, 930, 206
176, 940, 211
177, 950, 208
178, 960, 215
178, 970, 220
179, 980, 216
179, 990, 217
179, 1000, 223
180, 1010, 217
181, 1020, 218
181, 1030, 215
182, 1040, 222
184, 1050, 217
185, 1060, 217
186, 1070, 215
187, 1080, 223
188, 1090, 228
189, 1100, 222
190, 1110, 220
192, 1120, 226
194, 1130, 225
195, 1140, 228
195, 1150, 226
196, 1160, 229
197, 1170, 228
198, 1180, 226
198, 1190, 230
200, 1200, 229
200, 1210, 233
200, 1220, 228
201, 1230, 232
202, 1240, 230
203, 1250, 239
203, 1260, 243
205, 1270, 239
205, 1280, 241
207, 1290, 240
208, 1300, 240
208, 1310, 242
208, 1320, 245
209, 1330, 239
211, 1340, 245
214, 1350, 249
215, 1360, 258
215, 1370, 253
215, 1380, 254
217, 1390, 255
217, 1400, 258
217, 1410, 255
219, 1420, 252
219, 1430, 255
220, 1440, 252
220, 1450, 256
221, 1460, 250
221, 1470, 257
222, 1480, 258
223, 1490, 257
223, 1500, 256
225, 1510, 256
227, 1520, 259
229, 1530, 261
231, 1540, 267
232, 1550, 263
232, 1560, 267
232, 1570, 263
234, 1580, 266
236, 1590, 269
237, 1600, 267
238, 1610, 268
239, 1620, 273
242, 1630, 275
244, 1640, 274
244, 1650, 275
244, 1660, 269
244, 1670, 273
244, 1680, 274
244, 1690, 274
246, 1700, 268
246, 1710, 274
248, 1720, 271
249, 1730, 272
250, 1740, 277
252, 1750, 276
253, 1760, 284
255, 1770, 285
256, 1780, 280
256, 1790, 287
257, 1800, 286
257, 1810, 289
257, 1820, 285
258, 1830, 282
259, 1840, 284
262, 1850, 284
262, 1860, 290
264, 1870, 290
265, 1880, 295
265, 1890, 292
267, 1900, 295
268, 1910, 295
269, 1920, 295
272, 1930, 294
272, 1940, 305
272, 1950, 303
272, 1960, 299
272, 1970, 302
272, 1980, 296
273, 1990, 299
274, 2000, 302
275, 2010, 299
275, 2020, 306
275, 2030, 306
277, 2040, 300
277, 2050, 306
278, 2060, 304
279, 2070, 310
280, 2080, 305
281, 2090, 305
283, 2100, 306
284, 2110, 306
286, 2120, 306
288, 2130, 308
290, 2140, 311
290, 2150, 316
290, 2160, 317
291, 2170, 315
293, 2180, 314
293, 2190, 316
294, 2200, 320
295, 2210, 319
295, 2220, 322
295, 2230, 320
295, 2240, 326
296, 2250, 319
297, 2260, 319
297, 2270, 320
298, 2280, 319
299, 2290, 321
300, 2300, 318
300, 2310, 323
300, 2320, 322
301, 2330, 320
304, 2340, 323
304, 2350, 326
305, 2360, 323
307, 2370, 324
309, 2380, 330
311, 2390, 331
311, 2400, 332
312, 2410, 332
313, 2420, 334
314, 2430, 338
315, 2440, 336
315, 2450, 341
317, 2460, 335
317, 2470, 343
318, 2480, 343
318, 2490, 341
318, 2500, 338
318, 2510, 338
318, 2520, 338
321, 2530, 337
321, 2540, 345
322, 2550, 342
322, 2560, 345
323, 2570, 343
324, 2580, 344
324, 2590, 343
325, 2600, 344
326, 2610, 347
328, 2620, 345
328, 2630, 346
332, 2640, 349
333, 2650, 353
335, 2660, 352
{'count': 2660, 'truepos': 96, 'falseneg': 6, 'unknownyes': 4, 'falsepos': 239, 'unique': 2660}
56: Hall.csv: three: 0, 0
9, 10
14, 20, 136
17, 30, 154
19, 40, 163
21, 50, 156
22, 60, 150
23, 70, 153
27, 80, 148
29, 90, 151
31, 100, 150
37, 110, 110
44, 120, 121
50, 130, 121
53, 140, 140
57, 150, 125
59, 160, 133
64, 170, 112
68, 180, 124
70, 190, 138
73, 200, 110
77, 210, 114
80, 220, 113
85, 230, 104
89, 240, 105
94, 250, 109
98, 260, 113
102, 270, 117
106, 280, 125
108, 290, 129
109, 300, 125
110, 310, 126
110, 320, 127
111, 330, 123
111, 340, 124
113, 350, 120
113, 360, 123
114, 370, 121
115, 380, 125
115, 390, 125
115, 400, 124
115, 410, 125
115, 420, 125
115, 430, 124
117, 440, 122
117, 450, 129
117, 460, 127
117, 470, 128
117, 480, 126
117, 490, 127
118, 500, 124
118, 510, 126
119, 520, 127
119, 530, 126
119, 540, 127
119, 550, 127
119, 560, 126
119, 570, 129
{'count': 1250, 'truepos': 101, 'falseneg': 0, 'unknownyes': 5, 'falsepos': 18, 'unique': 570}
56: Hall.csv: machine: 0, 0
7, 10
9, 20, 112
14, 30, 123
15, 40, 139
16, 50, 132
21, 60, 124
['yes' 'yes' 'yes' 'yes' 'yes' 'yes' 'no' 'yes' 'yes' 'yes']
['no' 'no']
19, 60, 124
21, 70, 127
25, 80, 125
27, 90, 134
30, 100, 139
35, 110, 97
['yes' 'no' 'yes' 'yes' 'yes' 'yes' 'yes' 'yes' 'yes' 'no']
['no' 'no' 'no' 'yes' 'yes' 'no' 'yes' 'no' 'no' 'no']
36, 110, 97
43, 120, 102
47, 130, 101
50, 140, 109
53, 150, 101
56, 160, 100
['yes' 'yes' 'yes' 'yes' 'no' 'yes' 'yes' 'yes' 'yes' 'yes']
['no' 'no' 'no' 'no' 'no' 'no' 'no' 'no' 'no' 'yes']
55, 160, 100
57, 170, 96
61, 180, 90
64, 190, 89
65, 200, 99
68, 210, 88
['yes' 'yes' 'yes' 'yes' 'yes' 'yes' 'yes' 'no' 'yes' 'yes']
['no' 'no' 'no' 'no' 'no' 'no' 'no' 'no' 'yes' 'no']
70, 210, 88
75, 220, 91
78, 230, 96
83, 240, 95
86, 250, 96
89, 260, 101
['no' 'yes' 'yes' 'yes' 'yes' 'yes' 'no' 'no' 'yes' 'yes']
['no' 'no' 'no' 'no' 'no' 'no' 'no' 'no' 'no' 'no']
89, 260, 101
93, 270, 102
96, 280, 106
98, 290, 111
99, 300, 112
100, 310, 110
['no' 'yes' 'yes' 'yes' 'yes' 'no' 'no' 'yes' 'no' 'no']
['no' 'yes' 'no' 'no' 'no' 'no' 'no' 'yes' 'no' 'no']
97, 310, 110
101, 320, 106
103, 330, 120
105, 340, 117
109, 350, 120
112, 360, 131
['no' 'yes' 'no' 'no' 'no' 'yes' 'no' 'yes' 'yes' 'yes']
['no' 'no' 'no' 'no' 'no' 'no' 'no' 'no' 'no' 'no']
108, 360, 131
108, 370, 126
108, 380, 123
108, 390, 121
110, 400, 122
113, 410, 123
['no' 'no' 'no' 'no' 'yes' 'no' 'no' 'no' 'yes' 'yes']
['no' 'no' 'no' 'no' 'no' 'no' 'no' 'no' 'no' 'no']
108, 410, 123
109, 420, 127
110, 430, 128
112, 440, 127
114, 450, 132
116, 460, 136
['yes' 'no' 'no' 'no' 'no' 'no' 'no' 'no' 'no' 'yes']
['no' 'no' 'no' 'no' 'no' 'no' 'no' 'no' 'no' 'no']
112, 460, 136
113, 470, 128
113, 480, 127
113, 490, 127
115, 500, 127
116, 510, 130
['yes' 'no' 'no' 'no' 'no' 'no' 'yes' 'yes' 'yes' 'no']
['no' 'no' 'no' 'no' 'no' 'no' 'no' 'no' 'no' 'no']
113, 510, 130
115, 520, 124
117, 530, 126
119, 540, 134
120, 550, 132
121, 560, 132
['no' 'no' 'no' 'yes' 'no' 'no' 'no' 'no' 'yes' 'yes']
['yes' 'no' 'no' 'no' 'no' 'no' 'no' 'no' 'no' 'no']
115, 560, 132
116, 570, 125
118, 580, 125
118, 590, 127
122, 600, 128
122, 610, 135
['no' 'no' 'no' 'no' 'no' 'no' 'no' 'no' 'no' 'no']
['no' 'no' 'no' 'no' 'no' 'no' 'no' 'no' 'no' 'no']
115, 610, 135
116, 620, 128
118, 630, 125
119, 640, 129
119, 650, 132
121, 660, 130
['no' 'no' 'no' 'no' 'no' 'no' 'no' 'yes' 'yes' 'no']
['no' 'no' 'no' 'no' 'no' 'no' 'no' 'no' 'no' 'no']
114, 660, 130
117, 670, 121
117, 680, 126
118, 690, 125
119, 700, 127
121, 710, 127
['no' 'no' 'yes' 'no' 'yes' 'no' 'no' 'no' 'yes' 'no']
['yes' 'no' 'no' 'no' 'no' 'no' 'no' 'no' 'no' 'no']
['no' 'no' 'no' 'no' 'no' 'no' 'yes' 'no' 'yes' 'yes']
['yes' 'no' 'no' 'no' 'no' 'no' 'no' 'yes' 'no' 'no']
{'count': 982, 'truepos': 98, 'falseneg': 5, 'unknownyes': 3, 'falsepos': 20, 'unique': 710}
56: Hall.csv: machine2: 0, 0
9, 10
12, 20, 134
14, 30, 136
16, 40, 134
20, 50, 126
21, 60, 134
['no' 'no' 'yes' 'yes' 'yes' 'no' 'yes' 'yes' 'no' 'no']
['no']
16, 60, 134
21, 70, 106
27, 80, 101
31, 90, 121
37, 100, 90
44, 110, 89
['yes' 'yes' 'yes' 'yes' 'yes' 'yes' 'yes' 'yes' 'yes' 'yes']
['no' 'no' 'no' 'no' 'no' 'no' 'no' 'no' 'no' 'no']
45, 110, 89
50, 120, 94
57, 130, 95
59, 140, 96
62, 150, 97
66, 160, 98
['no' 'yes' 'yes' 'yes' 'yes' 'yes' 'yes' 'yes' 'yes' 'yes']
['no' 'no' 'no' 'no' 'no' 'no' 'no' 'no' 'no' 'no']
66, 160, 98
70, 170, 96
72, 180, 98
78, 190, 94
81, 200, 104
85, 210, 100
['yes' 'yes' 'yes' 'yes' 'yes' 'no' 'yes' 'yes' 'no' 'yes']
['no' 'no' 'no' 'no' 'no' 'no' 'no' 'no' 'no' 'no']
83, 210, 100
85, 220, 100
88, 230, 99
90, 240, 106
94, 250, 103
96, 260, 107
['no' 'yes' 'no' 'no' 'yes' 'yes' 'no' 'yes' 'yes' 'no']
['no' 'no' 'no' 'no' 'no' 'yes' 'no' 'yes' 'no' 'yes']
97, 260, 107
100, 270, 109
101, 280, 110
103, 290, 112
103, 300, 115
104, 310, 112
['no' 'yes' 'yes' 'yes' 'yes' 'yes' 'no' 'yes' 'yes' 'yes']
['no' 'yes' 'no' 'no' 'no' 'no' 'no' 'no' 'no' 'no']
103, 310, 112
103, 320, 113
103, 330, 112
105, 340, 111
107, 350, 114
107, 360, 119
['no' 'yes' 'yes' 'yes' 'yes' 'yes' 'no' 'yes' 'no' 'yes']
['no' 'no' 'no' 'no' 'no' 'no' 'no' 'no' 'no' 'no']
107, 360, 119
108, 370, 116
111, 380, 118
113, 390, 128
114, 400, 127
114, 410, 128
['no' 'no' 'no' 'no' 'yes' 'yes' 'yes' 'yes' 'no' 'no']
['no' 'no' 'yes' 'no' 'no' 'no' 'no' 'no' 'no' 'no']
110, 410, 128
111, 420, 117
111, 430, 120
113, 440, 122
113, 450, 125
114, 460, 121
['no' 'yes' 'no' 'yes' 'yes' 'yes' 'yes' 'no' 'no' 'yes']
['no' 'no' 'no' 'no' 'no' 'no' 'no' 'no' 'no' 'no']
112, 460, 121
112, 470, 120
115, 480, 120
116, 490, 127
117, 500, 126
119, 510, 127
['no' 'yes' 'no' 'no' 'yes' 'yes' 'yes' 'no' 'no' 'yes']
['no' 'no' 'yes' 'no' 'no' 'no' 'no' 'no' 'no' 'no']
117, 510, 127
117, 520, 124
117, 530, 125
['no' 'no' 'no' 'no' 'yes' 'no' 'yes' 'no' 'yes' 'yes']
['no' 'no' 'no' 'no' 'no' 'yes' 'no' 'no' 'no' 'no']
{'count': 776, 'truepos': 100, 'falseneg': 2, 'unknownyes': 4, 'falsepos': 13, 'unique': 530}
56: Hall.csv: machine3: 0, 0
7, 10
8, 20, 109
10, 30, 109
13, 40, 106
17, 50, 105
20, 60, 112
null
['no']
20, 60, 112
20, 70, 114
21, 80, 95
26, 90, 82
30, 100, 94
35, 110, 85
null
['no' 'no' 'no' 'yes' 'yes' 'no' 'no' 'no' 'no' 'no']
37, 110, 85
41, 120, 82
45, 130, 89
51, 140, 86
51, 150, 96
57, 160, 83
null
['no' 'no' 'no' 'no' 'no' 'no' 'no' 'no' 'no' 'no']
57, 160, 83
61, 170, 100
63, 180, 100
67, 190, 96
71, 200, 110
71, 210, 104
null
['no' 'no' 'no' 'no' 'no' 'no' 'no' 'no' 'no' 'no']
72, 210, 104
73, 220, 115
78, 230, 98
82, 240, 96
86, 250, 98
88, 260, 108
null
['yes' 'no' 'no' 'no' 'no' 'no' 'no' 'no' 'no' 'yes']
90, 260, 108
92, 270, 109
96, 280, 106
97, 290, 111
98, 300, 110
98, 310, 111
null
['no' 'no' 'no' 'no' 'no' 'no' 'no' 'no' 'no' 'no']
98, 310, 111
98, 320, 109
98, 330, 108
100, 340, 107
100, 350, 112
100, 360, 109
null
['no' 'no' 'no' 'no' 'no' 'no' 'no' 'no' 'no' 'no']
100, 360, 109
101, 370, 111
102, 380, 111
102, 390, 113
102, 400, 114
102, 410, 111
null
['no' 'no' 'no' 'no' 'no' 'no' 'no' 'yes' 'no' 'no']
102, 410, 111
102, 420, 111
102, 430, 109
102, 440, 110
102, 450, 112
102, 460, 108
null
['no' 'no' 'no' 'no' 'no' 'no' 'no' 'no' 'no' 'no']
102, 460, 108
104, 470, 109
104, 480, 114
105, 490, 111
105, 500, 114
105, 510, 111
null
['no' 'no' 'no' 'no' 'no' 'no' 'no' 'no' 'no' 'no']
106, 510, 111
106, 520, 112
106, 530, 113
106, 540, 113
106, 550, 112
106, 560, 112
null
['no' 'no' 'no' 'no' 'no' 'no' 'no' 'no' 'no' 'no']
106, 560, 112
106, 570, 112
106, 580, 112
106, 590, 112
null
['no' 'no' 'no' 'no' 'no' 'no' 'no' 'no' 'no' 'no']
{'count': 920, 'truepos': 96, 'falseneg': 6, 'unknownyes': 4, 'falsepos': 10, 'unique': 590}
56: Hall.csv: machine4: 0, 0
8, 10
9, 20, 123
10, 30, 115
13, 40, 109
14, 50, 107
19, 60, 93
21, 70, 105
23, 80, 97
28, 90, 98
31, 100, 114
36, 110, 80
40, 120, 84
45, 130, 84
50, 140, 85
55, 150, 99
60, 160, 98
65, 170, 102
70, 180, 110
72, 190, 115
75, 200, 108
79, 210, 109
82, 220, 114
83, 230, 113
84, 240, 106
85, 250, 106
85, 260, 107
86, 270, 108
87, 280, 108
88, 290, 107
88, 300, 109
90, 310, 103
90, 320, 102
90, 330, 102
90, 340, 102
90, 350, 104
90, 360, 99
92, 370, 101
92, 380, 101
93, 390, 104
93, 400, 103
93, 410, 107
94, 420, 105
94, 430, 104
94, 440, 106
95, 450, 105
95, 460, 104
95, 470, 106
95, 480, 108
95, 490, 105
96, 500, 105
96, 510, 106
96, 520, 105
96, 530, 105
96, 540, 104
96, 550, 105
96, 560, 104
96, 570, 105
98, 580, 104
98, 590, 106
98, 600, 105
98, 610, 105
98, 620, 104
98, 630, 105
98, 640, 104
98, 650, 104
98, 660, 104
98, 670, 104
98, 680, 106
98, 690, 104
98, 700, 104
99, 710, 104
99, 720, 105
99, 730, 105
99, 740, 105
99, 750, 105
99, 760, 106
99, 770, 105
99, 780, 105
{'count': 996, 'truepos': 87, 'falseneg': 15, 'unknownyes': 4, 'falsepos': 12, 'unique': 780}
56: Wahono.csv: none: 0, 0
6, 10
9, 20, 102
10, 30, 106
10, 40, 99
11, 50, 88
15, 60, 77
18, 70, 83
20, 80, 73
22, 90, 68
25, 100, 68
27, 110, 68
29, 120, 70
30, 130, 69
34, 140, 62
36, 150, 55
40, 160, 62
44, 170, 74
44, 180, 86
48, 190, 74
49, 200, 83
51, 210, 80
51, 220, 81
52, 230, 78
54, 240, 77
54, 250, 80
55, 260, 79
58, 270, 71
58, 280, 81
62, 290, 78
63, 300, 94
63, 310, 94
63, 320, 96
66, 330, 87
70, 340, 97
72, 350, 94
74, 360, 107
77, 370, 113
77, 380, 108
78, 390, 117
80, 400, 114
81, 410, 126
81, 420, 113
82, 430, 110
82, 440, 111
83, 450, 116
86, 460, 122
86, 470, 119
87, 480, 113
88, 490, 120
90, 500, 131
93, 510, 125
95, 520, 123
98, 530, 128
99, 540, 133
102, 550, 139
103, 560, 136
104, 570, 136
104, 580, 142
104, 590, 142
106, 600, 128
108, 610, 139
110, 620, 137
111, 630, 138
115, 640, 145
117, 650, 151
117, 660, 149
118, 670, 146
119, 680, 144
120, 690, 151
121, 700, 146
121, 710, 151
121, 720, 153
121, 730, 147
124, 740, 146
127, 750, 149
129, 760, 158
131, 770, 158
132, 780, 162
133, 790, 167
133, 800, 167
135, 810, 173
136, 820, 170
137, 830, 169
137, 840, 164
137, 850, 164
137, 860, 160
137, 870, 165
139, 880, 159
141, 890, 165
141, 900, 176
142, 910, 168
143, 920, 167
145, 930, 171
147, 940, 173
148, 950, 175
149, 960, 172
150, 970, 174
151, 980, 182
152, 990, 182
152, 1000, 177
155, 1010, 179
157, 1020, 185
159, 1030, 181
159, 1040, 188
159, 1050, 192
162, 1060, 186
163, 1070, 188
166, 1080, 190
167, 1090, 192
170, 1100, 199
171, 1110, 199
172, 1120, 201
172, 1130, 201
172, 1140, 198
173, 1150, 198
175, 1160, 202
176, 1170, 208
177, 1180, 205
178, 1190, 206
178, 1200, 213
179, 1210, 209
179, 1220, 213
180, 1230, 209
181, 1240, 215
182, 1250, 211
182, 1260, 219
185, 1270, 213
185, 1280, 221
187, 1290, 220
188, 1300, 226
189, 1310, 228
193, 1320, 227
195, 1330, 233
198, 1340, 235
199, 1350, 238
199, 1360, 243
201, 1370, 242
202, 1380, 253
204, 1390, 247
205, 1400, 252
207, 1410, 261
211, 1420, 262
212, 1430, 271
214, 1440, 268
215, 1450, 267
215, 1460, 275
216, 1470, 274
216, 1480, 268
217, 1490, 266
217, 1500, 274
218, 1510, 271
218, 1520, 266
219, 1530, 267
220, 1540, 267
221, 1550, 272
221, 1560, 272
221, 1570, 268
224, 1580, 265
224, 1590, 267
224, 1600, 268
224, 1610, 268
225, 1620, 266
227, 1630, 268
228, 1640, 267
228, 1650, 270
230, 1660, 272
231, 1670, 273
231, 1680, 279
232, 1690, 272
233, 1700, 273
233, 1710, 278
233, 1720, 275
234, 1730, 271
237, 1740, 276
237, 1750, 279
239, 1760, 281
241, 1770, 283
242, 1780, 285
242, 1790, 284
242, 1800, 280
243, 1810, 284
244, 1820, 284
244, 1830, 289
247, 1840, 284
247, 1850, 287
248, 1860, 288
248, 1870, 287
248, 1880, 290
250, 1890, 289
251, 1900, 290
252, 1910, 290
252, 1920, 289
252, 1930, 287
253, 1940, 292
254, 1950, 289
254, 1960, 295
254, 1970, 290
255, 1980, 290
255, 1990, 291
255, 2000, 294
256, 2010, 289
257, 2020, 294
258, 2030, 290
260, 2040, 289
262, 2050, 295
262, 2060, 296
263, 2070, 295
266, 2080, 298
266, 2090, 301
267, 2100, 298
271, 2110, 296
271, 2120, 301
273, 2130, 305
275, 2140, 309
275, 2150, 308
275, 2160, 308
275, 2170, 307
276, 2180, 305
277, 2190, 306
277, 2200, 307
279, 2210, 309
279, 2220, 312
279, 2230, 306
281, 2240, 310
281, 2250, 316
282, 2260, 315
282, 2270, 318
283, 2280, 318
283, 2290, 320
286, 2300, 316
286, 2310, 327
288, 2320, 322
289, 2330, 320
291, 2340, 322
292, 2350, 323
293, 2360, 329
293, 2370, 326
295, 2380, 325
296, 2390, 328
297, 2400, 329
299, 2410, 327
299, 2420, 327
300, 2430, 328
304, 2440, 332
304, 2450, 338
306, 2460, 339
307, 2470, 338
307, 2480, 338
309, 2490, 344
310, 2500, 336
310, 2510, 342
311, 2520, 340
311, 2530, 341
311, 2540, 340
312, 2550, 342
312, 2560, 342
314, 2570, 342
315, 2580, 346
315, 2590, 343
317, 2600, 340
319, 2610, 343
319, 2620, 348
319, 2630, 346
319, 2640, 345
320, 2650, 345
320, 2660, 348
323, 2670, 346
323, 2680, 348
323, 2690, 350
323, 2700, 346
324, 2710, 349
325, 2720, 348
325, 2730, 351
326, 2740, 350
327, 2750, 352
327, 2760, 353
329, 2770, 350
330, 2780, 351
330, 2790, 356
330, 2800, 353
331, 2810, 353
333, 2820, 358
335, 2830, 359
337, 2840, 360
337, 2850, 362
337, 2860, 363
339, 2870, 360
340, 2880, 364
343, 2890, 364
344, 2900, 367
346, 2910, 369
348, 2920, 370
349, 2930, 371
351, 2940, 373
352, 2950, 376
352, 2960, 375
353, 2970, 377
354, 2980, 378
356, 2990, 377
356, 3000, 380
356, 3010, 379
357, 3020, 379
359, 3030, 382
359, 3040, 382
361, 3050, 386
361, 3060, 385
361, 3070, 387
362, 3080, 385
363, 3090, 387
364, 3100, 384
365, 3110, 387
367, 3120, 386
368, 3130, 391
368, 3140, 389
369, 3150, 392
369, 3160, 392
369, 3170, 391
370, 3180, 392
371, 3190, 391
372, 3200, 392
374, 3210, 393
377, 3220, 395
{'count': 3220, 'truepos': 56, 'falseneg': 4, 'unknownyes': 2, 'falsepos': 321, 'unique': 3220}
56: Wahono.csv: three: 0, 0
6, 10
6, 20, 100
7, 30, 95
10, 40, 95
11, 50, 91
16, 60, 63
17, 70, 64
19, 80, 54
20, 90, 56
23, 100, 51
24, 110, 59
28, 120, 55
30, 130, 64
32, 140, 73
33, 150, 68
33, 160, 64
35, 170, 63
38, 180, 65
40, 190, 71
44, 200, 67
46, 210, 76
47, 220, 75
50, 230, 77
51, 240, 97
52, 250, 91
52, 260, 104
53, 270, 92
53, 280, 88
53, 290, 84
54, 300, 82
54, 310, 88
54, 320, 87
56, 330, 83
56, 340, 92
56, 350, 80
56, 360, 78
57, 370, 78
58, 380, 79
58, 390, 80
61, 400, 78
62, 410, 83
62, 420, 91
62, 430, 85
62, 440, 81
62, 450, 87
62, 460, 80
62, 470, 79
62, 480, 84
63, 490, 83
64, 500, 83
65, 510, 83
65, 520, 81
65, 530, 84
65, 540, 79
65, 550, 78
66, 560, 83
66, 570, 82
67, 580, 79
67, 590, 80
67, 600, 79
68, 610, 83
68, 620, 82
69, 630, 83
69, 640, 89
69, 650, 90
69, 660, 81
69, 670, 86
69, 680, 84
70, 690, 82
70, 700, 89
70, 710, 84
70, 720, 84
71, 730, 82
71, 740, 88
72, 750, 87
73, 760, 84
74, 770, 82
74, 780, 85
74, 790, 85
75, 800, 85
75, 810, 85
75, 820, 88
76, 830, 84
76, 840, 87
76, 850, 85
76, 860, 88
77, 870, 85
77, 880, 87
77, 890, 88
77, 900, 87
77, 910, 87
78, 920, 88
79, 930, 88
79, 940, 87
79, 950, 89
79, 960, 89
79, 970, 88
79, 980, 87
79, 990, 89
79, 1000, 89
80, 1010, 87
80, 1020, 89
81, 1030, 90
81, 1040, 91
82, 1050, 88
82, 1060, 90
83, 1070, 89
83, 1080, 89
83, 1090, 91
83, 1100, 90
83, 1110, 91
83, 1120, 89
84, 1130, 88
84, 1140, 90
84, 1150, 90
84, 1160, 89
84, 1170, 89
84, 1180, 90
84, 1190, 89
85, 1200, 89
86, 1210, 92
86, 1220, 93
86, 1230, 94
86, 1240, 94
86, 1250, 93
86, 1260, 91
87, 1270, 92
88, 1280, 92
88, 1290, 94
88, 1300, 93
89, 1310, 93
90, 1320, 95
90, 1330, 96
90, 1340, 96
90, 1350, 96
90, 1360, 96
90, 1370, 96
90, 1380, 95
90, 1390, 97
90, 1400, 95
{'count': 3063, 'truepos': 56, 'falseneg': 2, 'unknownyes': 4, 'falsepos': 34, 'unique': 1400}
56: Wahono.csv: machine: 0, 0
7, 10
10, 20, 104
11, 30, 113
14, 40, 106
18, 50, 111
19, 60, 115
['yes' 'yes' 'no' 'no' 'yes' 'yes' 'yes' 'no' 'yes' 'yes']
['no']
16, 60, 115
18, 70, 93
23, 80, 85
24, 90, 97
25, 100, 85
27, 110, 79
['yes' 'no' 'yes' 'yes' 'no' 'no' 'yes' 'yes' 'no' 'no']
[]
22, 110, 79
23, 120, 77
23, 130, 72
24, 140, 66
29, 150, 64
33, 160, 72
['yes' 'yes' 'no' 'yes' 'no' 'no' 'no' 'yes' 'yes' 'no']
['no' 'no' 'no' 'yes' 'no' 'no' 'no' 'no' 'no' 'no']
27, 160, 72
30, 170, 69
33, 180, 53
36, 190, 54
36, 200, 59
38, 210, 57
['yes' 'yes' 'no' 'no' 'yes' 'yes' 'yes' 'yes' 'yes' 'yes']
['no' 'yes' 'no' 'no' 'no' 'no' 'yes' 'no' 'no' 'no']
37, 210, 57
38, 220, 54
41, 230, 56
41, 240, 63
42, 250, 64
42, 260, 60
['yes' 'yes' 'no' 'no' 'yes' 'no' 'yes' 'yes' 'no' 'yes']
['no' 'no' 'no' 'no' 'no' 'no' 'yes' 'no' 'yes' 'no']
40, 260, 60
43, 270, 54
46, 280, 59
49, 290, 69
49, 300, 71
52, 310, 76
['no' 'no' 'no' 'yes' 'yes' 'no' 'yes' 'yes' 'yes' 'yes']
['no' 'no' 'no' 'no' 'no' 'no' 'yes' 'no' 'no' 'no']
50, 310, 76
50, 320, 72
51, 330, 76
53, 340, 74
53, 350, 82
54, 360, 78
['no' 'yes' 'no' 'yes' 'no' 'no' 'yes' 'no' 'no' 'no']
['yes' 'no' 'yes' 'no' 'no' 'no' 'no' 'no' 'no' 'no']
52, 360, 78
53, 370, 67
55, 380, 66
55, 390, 71
56, 400, 68
57, 410, 70
['no' 'no' 'yes' 'no' 'no' 'no' 'yes' 'no' 'yes' 'yes']
['no' 'no' 'no' 'no' 'no' 'no' 'no' 'no' 'no' 'no']
52, 410, 70
53, 420, 65
56, 430, 65
58, 440, 70
58, 450, 74
59, 460, 78
['no' 'no' 'yes' 'yes' 'no' 'no' 'no' 'no' 'yes' 'no']
['no' 'no' 'no' 'no' 'no' 'no' 'no' 'yes' 'no' 'no']
54, 460, 78
54, 470, 67
55, 480, 67
56, 490, 66
58, 500, 74
58, 510, 73
['no' 'no' 'no' 'no' 'yes' 'yes']
['no' 'no' 'no' 'no' 'no' 'no' 'no' 'no' 'no' 'yes']
60, 510, 73
62, 520, 72
65, 530, 84
68, 540, 80
70, 550, 90
71, 560, 94
['no' 'no' 'no' 'no' 'no' 'no' 'yes' 'no' 'no' 'no']
['no' 'no' 'no' 'no' 'no' 'no' 'no' 'no' 'no' 'no']
64, 560, 94
65, 570, 84
66, 580, 89
66, 590, 90
67, 600, 86
69, 610, 92
['no' 'no' 'no' 'no' 'no' 'no' 'no' 'no' 'no']
['no' 'no' 'no' 'no' 'no' 'no' 'no' 'no' 'no' 'no']
63, 610, 92
63, 620, 76
65, 630, 82
65, 640, 75
67, 650, 80
68, 660, 82
['no' 'no' 'no' 'no' 'no' 'no']
['no' 'no' 'no' 'no' 'no' 'no' 'no' 'no' 'no' 'no']
63, 660, 82
64, 670, 73
66, 680, 74
67, 690, 77
68, 700, 77
70, 710, 79
['no' 'no' 'no' 'yes' 'no' 'no' 'no' 'no']
['no' 'no' 'no' 'no' 'no' 'no' 'no' 'no' 'no' 'no']
64, 710, 79
65, 720, 76
68, 730, 73
68, 740, 77
68, 750, 79
69, 760, 78
['no' 'no' 'no' 'no' 'yes' 'no']
['no' 'no' 'no' 'no' 'no' 'no' 'no' 'no' 'no' 'no']
67, 760, 78
68, 770, 78
70, 780, 77
71, 790, 80
72, 800, 81
74, 810, 81
['no' 'no' 'no' 'no' 'no' 'no' 'no' 'no' 'no' 'no']
['no' 'no' 'no' 'no' 'no' 'no' 'no' 'no' 'no' 'no']
67, 810, 81
68, 820, 73
69, 830, 76
71, 840, 76
72, 850, 77
73, 860, 80
['no' 'yes' 'no' 'no' 'no' 'no' 'yes' 'yes' 'no']
['no' 'no' 'no' 'no' 'no' 'yes' 'no' 'no' 'no' 'no']
69, 860, 80
69, 870, 78
70, 880, 77
71, 890, 78
71, 900, 80
73, 910, 81
['no' 'no' 'no' 'no' 'yes']
['no' 'no' 'no' 'no' 'no' 'no' 'no' 'no' 'no' 'no']
70, 910, 81
71, 920, 77
71, 930, 79
72, 940, 79
75, 950, 79
75, 960, 85
['no' 'no' 'no' 'no' 'no' 'no']
['no' 'no' 'no' 'no' 'no' 'no' 'no' 'no' 'no' 'no']
70, 960, 85
70, 970, 77
70, 980, 78
73, 990, 76
74, 1000, 81
75, 1010, 84
['yes' 'no' 'no' 'no' 'no']
['no' 'no' 'no' 'no' 'no' 'no' 'no' 'no' 'no' 'no']
72, 1010, 84
74, 1020, 78
75, 1030, 81
75, 1040, 82
76, 1050, 83
78, 1060, 85
['no' 'no' 'no' 'no' 'no' 'no']
['no' 'no' 'no' 'no' 'no' 'no' 'yes' 'no' 'no' 'no']
75, 1060, 85
77, 1070, 82
77, 1080, 85
78, 1090, 84
79, 1100, 86
79, 1110, 88
['no' 'no' 'no' 'no']
['no' 'no' 'no' 'no' 'no' 'no' 'no' 'no' 'no' 'no']
76, 1110, 88
77, 1120, 83
79, 1130, 86
79, 1140, 88
81, 1150, 88
82, 1160, 89
['no' 'no' 'no' 'no' 'no' 'no']
['no' 'no' 'no' 'no' 'no' 'no' 'no' 'no' 'no' 'no']
76, 1160, 89
77, 1170, 81
79, 1180, 83
79, 1190, 85
79, 1200, 86
81, 1210, 85
['no' 'no' 'no' 'no' 'no']
['no' 'no' 'no' 'no' 'no' 'no' 'no' 'no' 'no' 'no']
['no' 'no' 'no' 'no' 'no']
['no' 'no' 'no' 'no' 'no' 'no' 'no' 'no' 'no' 'no']
{'count': 1622, 'truepos': 54, 'falseneg': 6, 'unknownyes': 2, 'falsepos': 22, 'unique': 1210}
56: Wahono.csv: machine2: 0, 0
6, 10
8, 20, 104
11, 30, 103
13, 40, 124
13, 50, 127
15, 60, 99
['no' 'yes' 'no' 'yes' 'yes' 'no' 'yes' 'yes' 'yes' 'yes']
['no']
13, 60, 99
16, 70, 81
16, 80, 83
18, 90, 73
24, 100, 66
25, 110, 70
['yes' 'yes' 'yes' 'no' 'yes' 'yes' 'yes' 'yes' 'yes' 'yes']
[]
24, 110, 70
25, 120, 65
27, 130, 61
28, 140, 60
29, 150, 59
30, 160, 59
['no' 'yes' 'yes' 'yes' 'no' 'yes' 'yes' 'yes' 'yes' 'yes']
['no' 'no' 'no' 'no' 'no' 'no' 'no' 'no' 'no' 'no']
30, 160, 59
33, 170, 59
36, 180, 63
36, 190, 67
36, 200, 62
36, 210, 62
['no' 'no' 'yes' 'no' 'no' 'yes' 'yes' 'yes' 'no' 'no']
['no' 'no' 'no' 'no' 'no' 'no' 'no' 'no' 'no' 'no']
32, 210, 62
33, 220, 50
36, 230, 46
36, 240, 54
36, 250, 50
36, 260, 55
['no' 'no' 'no' 'yes' 'no' 'yes' 'no']
['no' 'yes' 'no' 'no' 'no' 'no' 'no' 'no' 'no' 'no']
36, 260, 55
37, 270, 53
40, 280, 56
40, 290, 62
41, 300, 62
41, 310, 58
['no' 'no' 'yes' 'no' 'no' 'yes' 'no' 'no']
['no' 'no' 'yes' 'no' 'no' 'no' 'no' 'no' 'no' 'no']
39, 310, 58
40, 320, 54
43, 330, 53
44, 340, 62
46, 350, 66
47, 360, 66
['no' 'no' 'no' 'no' 'no' 'no' 'no' 'yes' 'no' 'no']
['no' 'no' 'no' 'no' 'no' 'no' 'no' 'no' 'no' 'no']
40, 360, 66
41, 370, 56
42, 380, 55
43, 390, 57
43, 400, 59
44, 410, 56
['no' 'no' 'yes' 'no' 'no' 'no']
['no' 'no' 'no' 'no' 'no' 'yes' 'no' 'no' 'no' 'no']
43, 410, 56
44, 420, 55
45, 430, 56
47, 440, 58
47, 450, 66
48, 460, 61
['no' 'no' 'yes' 'no' 'no' 'no' 'yes' 'no' 'no']
['no' 'no' 'no' 'no' 'no' 'no' 'no' 'no' 'no' 'no']
42, 460, 61
43, 470, 53
43, 480, 54
44, 490, 56
44, 500, 60
45, 510, 60
['no' 'no' 'no']
['no' 'no' 'no' 'no' 'no' 'yes' 'no' 'no' 'no' 'no']
43, 510, 60
44, 520, 57
44, 530, 55
45, 540, 56
48, 550, 57
48, 560, 56
['no' 'no' 'no' 'no' 'yes' 'yes']
['no' 'no' 'no' 'no' 'no' 'no' 'no' 'no' 'no' 'no']
45, 560, 56
47, 570, 54
48, 580, 59
49, 590, 62
50, 600, 60
51, 610, 63
['no' 'no' 'no' 'no' 'no' 'no' 'no']
['no' 'no' 'no' 'no' 'no' 'no' 'no' 'no' 'no' 'no']
46, 610, 63
47, 620, 54
47, 630, 55
48, 640, 54
48, 650, 57
50, 660, 56
['no' 'no' 'yes' 'yes' 'no' 'no']
['yes' 'yes' 'yes' 'no' 'no' 'no' 'no' 'no' 'no' 'no']
51, 660, 56
52, 670, 58
52, 680, 59
55, 690, 58
55, 700, 62
58, 710, 62
['no' 'no' 'no' 'no' 'no' 'yes' 'yes' 'no' 'yes' 'yes']
['no' 'yes' 'no' 'no' 'no' 'no' 'no' 'no' 'no' 'no']
55, 710, 62
56, 720, 61
57, 730, 62
58, 740, 63
62, 750, 65
63, 760, 73
['no' 'yes' 'no' 'no' 'no' 'no' 'no' 'no' 'yes' 'yes']
['no' 'no' 'no' 'no' 'no' 'no' 'no' 'no' 'no' 'no']
56, 760, 73
57, 770, 63
58, 780, 64
60, 790, 66
61, 800, 71
62, 810, 71
['no' 'no' 'yes' 'no' 'yes' 'no' 'no' 'yes' 'no']
['no' 'no' 'no' 'no' 'no' 'no' 'no' 'no' 'no' 'no']
57, 810, 71
61, 820, 64
61, 830, 72
61, 840, 73
61, 850, 71
61, 860, 71
['no' 'no' 'yes' 'no' 'no']
['no' 'no' 'no' 'no' 'no' 'no' 'no' 'no' 'no' 'no']
60, 860, 71
60, 870, 68
60, 880, 66
62, 890, 67
64, 900, 74
66, 910, 76
['no' 'no' 'no' 'no' 'no' 'no' 'no' 'yes']
['yes' 'no' 'no' 'no' 'no' 'no' 'no' 'no' 'no' 'no']
63, 910, 76
64, 920, 74
64, 930, 74
66, 940, 75
70, 950, 78
71, 960, 82
['no' 'no' 'no' 'no' 'no' 'no' 'no' 'no' 'yes']
['no' 'no' 'no' 'no' 'no' 'no' 'no' 'no' 'no' 'no']
64, 960, 82
66, 970, 73
68, 980, 75
70, 990, 79
71, 1000, 84
72, 1010, 87
['no' 'no' 'no' 'no' 'no' 'no' 'no' 'no']
['no' 'no' 'no' 'no' 'no' 'no' 'no' 'no' 'no' 'no']
69, 1010, 87
70, 1020, 79
71, 1030, 81
74, 1040, 83
75, 1050, 87
75, 1060, 90
['no' 'no' 'no' 'no' 'no' 'no' 'no' 'no']
['no' 'no' 'no' 'no' 'no' 'no' 'no' 'no' 'no' 'no']
68, 1060, 90
70, 1070, 79
70, 1080, 79
70, 1090, 80
70, 1100, 81
72, 1110, 79
['no' 'no' 'no' 'no']
['no' 'no' 'no' 'no' 'no' 'no' 'no' 'no' 'no' 'no']
70, 1110, 79
70, 1120, 79
71, 1130, 77
71, 1140, 80
73, 1150, 79
74, 1160, 82
['no' 'no' 'no' 'no' 'no']
['no' 'no' 'no' 'no' 'no' 'no' 'no' 'no' 'no' 'no']
71, 1160, 82
72, 1170, 79
72, 1180, 80
72, 1190, 79
72, 1200, 79
72, 1210, 79
['no']
['no' 'no' 'no' 'no' 'no' 'no' 'no' 'no' 'no' 'no']
72, 1210, 79
72, 1220, 80
74, 1230, 80
74, 1240, 82
74, 1250, 81
75, 1260, 81
['no' 'no' 'no']
['no' 'no' 'no' 'no' 'no' 'no' 'no' 'no' 'no' 'no']
73, 1260, 81
74, 1270, 80
77, 1280, 82
78, 1290, 87
80, 1300, 90
80, 1310, 92
['no' 'no' 'no' 'no' 'no' 'no' 'no']
['no' 'no' 'no' 'no' 'no' 'no' 'no' 'no' 'no' 'no']
75, 1310, 92
76, 1320, 83
76, 1330, 83
76, 1340, 85
77, 1350, 83
77, 1360, 85
['yes' 'no']
['no' 'no' 'no' 'no' 'no' 'no' 'no' 'no' 'no' 'no']
78, 1360, 85
78, 1370, 87
80, 1380, 87
81, 1390, 89
83, 1400, 90
85, 1410, 93
['no' 'no' 'no' 'no' 'no' 'no' 'no' 'no']
['no' 'no' 'no' 'no' 'no' 'no' 'no' 'no' 'no' 'no']
77, 1410, 93
77, 1420, 85
77, 1430, 84
79, 1440, 85
79, 1450, 87
81, 1460, 87
['yes' 'no' 'no' 'no']
['no' 'no' 'no' 'no' 'no' 'no' 'no' 'no' 'no' 'no']
80, 1460, 87
81, 1470, 87
81, 1480, 88
82, 1490, 89
82, 1500, 90
82, 1510, 89
['no' 'no' 'no']
['no' 'no' 'no' 'no' 'no' 'no' 'no' 'no' 'no' 'no']
81, 1510, 89
81, 1520, 88
82, 1530, 88
84, 1540, 89
85, 1550, 92
85, 1560, 94
['no' 'no' 'no' 'no' 'no']
['no' 'no' 'no' 'no' 'no' 'no' 'no' 'no' 'no' 'no']
81, 1560, 94
82, 1570, 86
82, 1580, 88
82, 1590, 88
83, 1600, 88
83, 1610, 89
['no' 'no' 'no']
['no' 'no' 'no' 'no' 'no' 'no' 'no' 'no' 'no' 'no']
84, 1610, 89
86, 1620, 89
88, 1630, 91
89, 1640, 95
89, 1650, 96
89, 1660, 95
['no' 'no' 'no' 'no' 'no' 'no' 'no']
['no' 'no' 'no' 'no' 'no' 'no' 'no' 'no' 'no' 'no']
86, 1660, 95
87, 1670, 91
88, 1680, 92
89, 1690, 93
89, 1700, 95
90, 1710, 94
['no' 'no' 'no' 'no']
['no' 'no' 'no' 'no' 'no' 'no' 'no' 'no' 'no' 'no']
['no' 'no' 'no' 'no']
['no' 'no' 'no' 'no' 'no' 'no' 'no' 'no' 'no' 'no']
{'count': 2383, 'truepos': 53, 'falseneg': 5, 'unknownyes': 4, 'falsepos': 37, 'unique': 1710}
56: Wahono.csv: machine3: 0, 0
6, 10
6, 20, 101
8, 30, 96
9, 40, 98
13, 50, 74
14, 60, 82
null
[]
17, 70, 64
20, 80, 69
21, 90, 72
22, 100, 61
24, 110, 57
25, 120, 59
null
[]
26, 130, 53
28, 140, 52
28, 150, 55
28, 160, 50
30, 170, 49
34, 180, 57
null
['no' 'no' 'no' 'no' 'no' 'no' 'no' 'no' 'no' 'no']
34, 180, 57
36, 190, 63
37, 200, 65
38, 210, 62
38, 220, 62
39, 230, 61
null
['no' 'no' 'no' 'no' 'no' 'no' 'no' 'no' 'no' 'no']
40, 230, 61
41, 240, 62
42, 250, 64
42, 260, 64
43, 270, 65
43, 280, 63
null
['yes' 'no' 'yes' 'no' 'no' 'no' 'no' 'no' 'no' 'no']
45, 280, 63
45, 290, 65
46, 300, 63
46, 310, 66
48, 320, 63
48, 330, 69
null
['no' 'no' 'no' 'no' 'no' 'no' 'no' 'no' 'no' 'yes']
49, 330, 69
51, 340, 64
52, 350, 69
53, 360, 68
53, 370, 76
53, 380, 68
null
['no' 'no' 'no' 'no' 'no' 'no' 'no' 'no' 'no' 'no']
53, 380, 68
55, 390, 67
56, 400, 84
57, 410, 79
58, 420, 83
58, 430, 85
null
['no' 'no' 'no' 'no' 'yes' 'no' 'no' 'no' 'no' 'no']
58, 430, 85
58, 440, 92
58, 450, 83
58, 460, 81
59, 470, 80
59, 480, 83
null
['no' 'no' 'no' 'no' 'no' 'no' 'no' 'no' 'no' 'no']
59, 480, 83
59, 490, 80
59, 500, 85
61, 510, 74
61, 520, 81
61, 530, 81
null
['no' 'no' 'no' 'no' 'no' 'no' 'no' 'no' 'no' 'no']
61, 530, 81
61, 540, 77
61, 550, 76
61, 560, 77
61, 570, 74
61, 580, 71
null
['no' 'no' 'no' 'no' 'no' 'no' 'no' 'no' 'no' 'no']
61, 580, 71
61, 590, 77
61, 600, 77
61, 610, 81
61, 620, 76
61, 630, 75
null
['no' 'no' 'no' 'no' 'no' 'no' 'no' 'no' 'no' 'no']
61, 630, 75
61, 640, 78
61, 650, 74
61, 660, 73
63, 670, 71
63, 680, 74
null
['no' 'no' 'no' 'no' 'no' 'no' 'no' 'no' 'no' 'no']
63, 680, 74
63, 690, 72
64, 700, 74
64, 710, 74
65, 720, 73
65, 730, 73
null
['no' 'no' 'no' 'no' 'no' 'no' 'no' 'no' 'no' 'no']
65, 730, 73
65, 740, 74
65, 750, 73
66, 760, 74
66, 770, 74
66, 780, 74
null
['no' 'no' 'no' 'no' 'no' 'no' 'no' 'no' 'no' 'no']
66, 780, 74
66, 790, 75
67, 800, 74
67, 810, 74
67, 820, 75
67, 830, 74
null
['no' 'no' 'no' 'no' 'no' 'no' 'no' 'no' 'no' 'no']
67, 830, 74
68, 840, 75
68, 850, 75
68, 860, 75
68, 870, 75
68, 880, 76
null
['no' 'no' 'no' 'no' 'no' 'no' 'no' 'no' 'no' 'no']
68, 880, 76
68, 890, 76
68, 900, 74
68, 910, 75
69, 920, 75
69, 930, 76
null
['no' 'no' 'no' 'no' 'no' 'no' 'no' 'no' 'no' 'no']
69, 930, 76
69, 940, 74
71, 950, 75
71, 960, 78
71, 970, 77
72, 980, 77
null
['no' 'no' 'no' 'no' 'no' 'no' 'no' 'no' 'no' 'no']
72, 980, 77
72, 990, 79
72, 1000, 78
73, 1010, 79
73, 1020, 78
76, 1030, 78
null
['no' 'no' 'no' 'no' 'no' 'no' 'no' 'no' 'no' 'no']
null
['no' 'no' 'no' 'no' 'no' 'no' 'no' 'no' 'no' 'no']
{'count': 1478, 'truepos': 56, 'falseneg': 2, 'unknownyes': 4, 'falsepos': 20, 'unique': 1030}
56: Wahono.csv: machine4: 0, 0
5, 10
7, 20, 103
10, 30, 100
11, 40, 107
13, 50, 90
13, 60, 94
16, 70, 63
16, 80, 64
17, 90, 55
18, 100, 52
21, 110, 51
24, 120, 53
26, 130, 53
27, 140, 55
30, 150, 53
33, 160, 65
34, 170, 59
34, 180, 63
35, 190, 60
36, 200, 52
36, 210, 57
38, 220, 51
39, 230, 58
40, 240, 59
42, 250, 64
42, 260, 69
44, 270, 61
46, 280, 60
47, 290, 67
47, 300, 75
47, 310, 63
47, 320, 75
47, 330, 63
48, 340, 66
48, 350, 71
50, 360, 64
50, 370, 73
50, 380, 68
51, 390, 69
52, 400, 63
52, 410, 64
52, 420, 63
52, 430, 63
52, 440, 64
53, 450, 63
53, 460, 65
54, 470, 65
54, 480, 65
54, 490, 66
54, 500, 62
54, 510, 67
54, 520, 63
54, 530, 67
55, 540, 64
55, 550, 64
55, 560, 63
56, 570, 64
57, 580, 66
57, 590, 66
59, 600, 68
60, 610, 70
61, 620, 70
61, 630, 72
61, 640, 70
61, 650, 71
62, 660, 71
62, 670, 72
62, 680, 71
63, 690, 71
64, 700, 72
64, 710, 72
64, 720, 73
65, 730, 73
66, 740, 73
67, 750, 75
68, 760, 77
68, 770, 77
68, 780, 76
69, 790, 75
70, 800, 77
70, 810, 80
70, 820, 78
70, 830, 78
70, 840, 78
71, 850, 80
71, 860, 79
71, 870, 78
73, 880, 80
74, 890, 82
74, 900, 84
74, 910, 84
74, 920, 84
75, 930, 83
75, 940, 84
75, 950, 84
75, 960, 85
75, 970, 83
75, 980, 84
75, 990, 84
76, 1000, 82
76, 1010, 84
76, 1020, 83
76, 1030, 84
76, 1040, 83
76, 1050, 83
76, 1060, 83
76, 1070, 82
76, 1080, 82
76, 1090, 82
77, 1100, 84
77, 1110, 85
77, 1120, 85
78, 1130, 86
78, 1140, 85
78, 1150, 86
78, 1160, 85
78, 1170, 85
78, 1180, 84
79, 1190, 84
80, 1200, 86
81, 1210, 87
81, 1220, 89
81, 1230, 90
81, 1240, 88
81, 1250, 89
81, 1260, 89
81, 1270, 89
81, 1280, 89
81, 1290, 87
81, 1300, 88
81, 1310, 87
81, 1320, 86
81, 1330, 86
81, 1340, 86
{'count': 1638, 'truepos': 54, 'falseneg': 6, 'unknownyes': 2, 'falsepos': 27, 'unique': 1340}
56: Danijel.csv: none: 0, 0
3, 10
6, 20, 113
8, 30, 132
9, 40, 131
12, 50, 126
13, 60, 124
13, 70, 113
16, 80, 104
17, 90, 115
20, 100, 111
21, 110, 94
22, 120, 88
25, 130, 76
25, 140, 82
27, 150, 73
27, 160, 71
27, 170, 66
29, 180, 62
32, 190, 64
34, 200, 81
35, 210, 80
36, 220, 90
38, 230, 78
39, 240, 85
40, 250, 74
40, 260, 74
42, 270, 91
44, 280, 72
46, 290, 84
48, 300, 97
51, 310, 81
52, 320, 96
55, 330, 96
58, 340, 110
60, 350, 108
62, 360, 119
64, 370, 115
64, 380, 122
65, 390, 109
66, 400, 132
67, 410, 103
68, 420, 108
69, 430, 115
70, 440, 111
70, 450, 104
72, 460, 106
74, 470, 110
75, 480, 107
75, 490, 109
76, 500, 113
78, 510, 109
81, 520, 109
83, 530, 115
86, 540, 116
88, 550, 124
89, 560, 119
91, 570, 113
91, 580, 125
92, 590, 128
92, 600, 121
93, 610, 115
94, 620, 120
96, 630, 116
96, 640, 122
99, 650, 127
101, 660, 133
102, 670, 128
107, 680, 136
107, 690, 148
109, 700, 142
111, 710, 146
113, 720, 151
115, 730, 152
118, 740, 150
118, 750, 157
120, 760, 154
122, 770, 152
124, 780, 156
129, 790, 169
132, 800, 173
133, 810, 189
135, 820, 180
137, 830, 178
138, 840, 179
139, 850, 181
140, 860, 189
141, 870, 191
142, 880, 173
142, 890, 185
144, 900, 177
144, 910, 176
145, 920, 177
146, 930, 193
149, 940, 189
150, 950, 202
150, 960, 201
152, 970, 197
154, 980, 202
156, 990, 199
157, 1000, 199
160, 1010, 191
160, 1020, 200
163, 1030, 193
163, 1040, 207
165, 1050, 197
166, 1060, 201
169, 1070, 202
170, 1080, 210
172, 1090, 209
172, 1100, 210
173, 1110, 205
174, 1120, 208
175, 1130, 214
176, 1140, 209
177, 1150, 210
177, 1160, 213
178, 1170, 220
179, 1180, 218
181, 1190, 218
182, 1200, 215
183, 1210, 212
184, 1220, 219
185, 1230, 218
188, 1240, 212
188, 1250, 227
190, 1260, 226
192, 1270, 225
195, 1280, 227
195, 1290, 236
195, 1300, 233
198, 1310, 236
199, 1320, 237
199, 1330, 234
199, 1340, 234
199, 1350, 233
201, 1360, 230
203, 1370, 232
204, 1380, 234
205, 1390, 230
206, 1400, 234
208, 1410, 235
211, 1420, 241
211, 1430, 246
211, 1440, 247
213, 1450, 240
214, 1460, 245
214, 1470, 251
214, 1480, 251
216, 1490, 246
216, 1500, 249
218, 1510, 248
221, 1520, 245
224, 1530, 254
224, 1540, 260
225, 1550, 260
226, 1560, 258
227, 1570, 265
228, 1580, 267
230, 1590, 260
231, 1600, 267
231, 1610, 263
232, 1620, 261
233, 1630, 263
235, 1640, 261
238, 1650, 267
240, 1660, 271
240, 1670, 269
240, 1680, 271
241, 1690, 267
243, 1700, 273
246, 1710, 275
246, 1720, 283
247, 1730, 288
248, 1740, 284
250, 1750, 286
251, 1760, 286
252, 1770, 289
254, 1780, 291
254, 1790, 288
254, 1800, 292
254, 1810, 296
254, 1820, 294
255, 1830, 289
256, 1840, 293
257, 1850, 294
257, 1860, 298
258, 1870, 294
259, 1880, 296
260, 1890, 294
261, 1900, 299
262, 1910, 296
262, 1920, 293
263, 1930, 297
263, 1940, 298
264, 1950, 297
265, 1960, 301
267, 1970, 301
268, 1980, 298
270, 1990, 296
272, 2000, 301
274, 2010, 305
275, 2020, 305
276, 2030, 303
276, 2040, 303
276, 2050, 304
277, 2060, 305
278, 2070, 305
280, 2080, 305
281, 2090, 304
283, 2100, 304
283, 2110, 308
283, 2120, 309
283, 2130, 308
284, 2140, 308
284, 2150, 311
285, 2160, 313
286, 2170, 312
288, 2180, 312
289, 2190, 315
291, 2200, 317
291, 2210, 317
292, 2220, 316
292, 2230, 323
293, 2240, 320
295, 2250, 321
296, 2260, 320
296, 2270, 323
296, 2280, 324
296, 2290, 320
300, 2300, 318
301, 2310, 327
301, 2320, 330
304, 2330, 326
304, 2340, 327
307, 2350, 329
308, 2360, 332
309, 2370, 333
309, 2380, 332
309, 2390, 331
309, 2400, 334
309, 2410, 333
309, 2420, 333
311, 2430, 335
312, 2440, 334
313, 2450, 335
313, 2460, 338
315, 2470, 334
315, 2480, 336
315, 2490, 335
315, 2500, 335
316, 2510, 335
318, 2520, 337
320, 2530, 339
322, 2540, 342
323, 2550, 350
324, 2560, 346
325, 2570, 347
328, 2580, 348
329, 2590, 352
329, 2600, 355
329, 2610, 352
329, 2620, 352
329, 2630, 352
329, 2640, 350
329, 2650, 351
330, 2660, 349
331, 2670, 353
331, 2680, 351
335, 2690, 351
336, 2700, 359
336, 2710, 358
337, 2720, 358
338, 2730, 361
339, 2740, 363
340, 2750, 363
341, 2760, 361
342, 2770, 364
342, 2780, 365
342, 2790, 365
342, 2800, 364
343, 2810, 365
343, 2820, 364
343, 2830, 363
345, 2840, 366
345, 2850, 366
345, 2860, 367
345, 2870, 367
{'count': 2870, 'truepos': 41, 'falseneg': 4, 'unknownyes': 3, 'falsepos': 304, 'unique': 2870}
56: Danijel.csv: three: 0, 0
4, 10
5, 20, 115
8, 30, 96
8, 40, 97
13, 50, 83
13, 60, 91
15, 70, 73
19, 80, 64
20, 90, 62
21, 100, 61
23, 110, 54
26, 120, 49
28, 130, 54
29, 140, 54
31, 150, 52
35, 160, 47
38, 170, 55
38, 180, 54
39, 190, 51
40, 200, 52
41, 210, 55
43, 220, 55
44, 230, 61
45, 240, 65
47, 250, 61
47, 260, 68
47, 270, 74
50, 280, 61
50, 290, 64
50, 300, 64
50, 310, 63
52, 320, 60
52, 330, 64
53, 340, 64
53, 350, 70
54, 360, 69
54, 370, 70
55, 380, 71
55, 390, 72
55, 400, 66
56, 410, 68
56, 420, 70
56, 430, 66
57, 440, 71
59, 450, 69
59, 460, 72
59, 470, 72
59, 480, 73
59, 490, 68
59, 500, 70
59, 510, 68
59, 520, 70
59, 530, 70
59, 540, 70
59, 550, 69
59, 560, 67
59, 570, 68
59, 580, 67
59, 590, 68
59, 600, 67
60, 610, 67
60, 620, 67
60, 630, 67
60, 640, 69
60, 650, 65
60, 660, 67
61, 670, 65
61, 680, 68
61, 690, 68
62, 700, 66
63, 710, 68
63, 720, 68
63, 730, 70
63, 740, 68
63, 750, 68
63, 760, 67
63, 770, 69
65, 780, 68
65, 790, 69
65, 800, 70
65, 810, 70
65, 820, 69
65, 830, 69
{'count': 1809, 'truepos': 45, 'falseneg': 1, 'unknownyes': 2, 'falsepos': 20, 'unique': 830}
56: Danijel.csv: machine: 0, 0
4, 10
6, 20, 123
7, 30, 124
12, 40, 110
14, 50, 136
16, 60, 135
['no' 'yes' 'yes' 'yes' 'no' 'no' 'no' 'yes' 'no' 'yes']
[]
11, 60, 135
14, 70, 113
16, 80, 114
17, 90, 113
19, 100, 96
22, 110, 99
['no' 'yes' 'no' 'yes' 'no' 'no' 'yes' 'yes' 'yes' 'no']
[]
17, 110, 99
20, 120, 92
22, 130, 83
23, 140, 82
26, 150, 76
28, 160, 79
['no' 'no' 'no' 'no' 'yes' 'no' 'yes' 'no' 'yes' 'no']
[]
21, 160, 79
23, 170, 69
25, 180, 68
27, 190, 65
27, 200, 66
31, 210, 61
['yes' 'yes' 'yes' 'yes' 'yes' 'no' 'yes' 'yes' 'yes' 'no']
['no' 'no' 'no' 'no' 'no' 'no' 'no' 'no' 'no' 'no']
28, 210, 61
30, 220, 63
32, 230, 60
33, 240, 52
34, 250, 55
36, 260, 53
['yes' 'no' 'no' 'yes' 'no' 'no' 'yes' 'no' 'no' 'yes']
['no' 'no' 'no' 'no' 'no' 'no' 'no' 'no' 'no' 'no']
31, 260, 53
32, 270, 46
34, 280, 46
38, 290, 50
40, 300, 55
43, 310, 57
['yes' 'no' 'no' 'no' 'no' 'yes' 'yes' 'no' 'yes' 'no']
['no' 'no' 'no' 'no' 'no' 'no' 'no' 'no' 'no' 'no']
37, 310, 57
38, 320, 51
40, 330, 53
40, 340, 51
40, 350, 53
40, 360, 52
['yes' 'no' 'yes' 'yes' 'yes' 'yes' 'no' 'no' 'yes' 'yes']
['no' 'no' 'no' 'yes' 'no' 'no' 'no' 'no' 'no' 'no']
40, 360, 52
42, 370, 52
44, 380, 53
44, 390, 57
45, 400, 56
47, 410, 55
['no' 'no' 'no' 'yes' 'no' 'no' 'no' 'no' 'no' 'yes']
['no' 'no' 'no' 'no' 'no' 'no' 'no' 'no' 'no' 'no']
39, 410, 55
40, 420, 49
41, 430, 49
42, 440, 53
44, 450, 51
47, 460, 57
['no' 'no' 'no' 'no' 'no' 'no' 'no' 'no']
['no' 'no' 'no' 'no' 'no' 'no' 'no' 'no' 'no' 'no']
42, 460, 57
44, 470, 50
45, 480, 56
45, 490, 54
46, 500, 55
48, 510, 56
['no' 'no' 'no' 'no' 'yes' 'no' 'no']
['no' 'no' 'no' 'no' 'no' 'no' 'no' 'no' 'no' 'no']
42, 510, 56
42, 520, 49
43, 530, 49
43, 540, 52
43, 550, 52
44, 560, 50
['yes' 'no']
['no' 'no' 'no' 'no' 'no' 'no' 'no' 'no' 'no' 'no']
46, 560, 50
46, 570, 53
47, 580, 53
47, 590, 54
47, 600, 53
48, 610, 54
['no' 'no' 'yes' 'no']
['no' 'no' 'no' 'no' 'no' 'no' 'no' 'no' 'no' 'no']
45, 610, 54
47, 620, 51
48, 630, 52
49, 640, 54
49, 650, 56
49, 660, 56
['no' 'yes' 'no' 'no']
['no' 'no' 'no' 'no' 'no' 'no' 'no' 'no' 'no' 'no']
46, 660, 56
46, 670, 51
47, 680, 53
48, 690, 52
49, 700, 53
50, 710, 56
['no' 'no' 'no' 'yes']
['no' 'no' 'no' 'no' 'no' 'no' 'no' 'yes' 'no' 'no']
50, 710, 56
51, 720, 54
53, 730, 55
54, 740, 60
55, 750, 59
57, 760, 60
['no' 'no' 'no' 'no' 'no' 'no' 'no' 'no' 'no']
['no' 'no' 'no' 'no' 'no' 'no' 'no' 'no' 'no' 'no']
['no' 'no' 'no' 'no' 'no' 'no' 'no' 'no' 'no']
['no' 'no' 'no' 'no' 'no' 'no' 'no' 'no' 'no' 'no']
{'count': 998, 'truepos': 42, 'falseneg': 3, 'unknownyes': 3, 'falsepos': 7, 'unique': 760}
56: Danijel.csv: machine2: 0, 0
5, 10
5, 20, 129
6, 30, 97
8, 40, 95
9, 50, 93
12, 60, 81
['no' 'no' 'yes' 'yes' 'no' 'yes' 'yes' 'yes' 'no' 'no']
[]
10, 60, 81
11, 70, 82
14, 80, 74
14, 90, 73
18, 100, 60
20, 110, 77
['yes' 'no' 'no' 'no' 'no' 'no' 'yes' 'yes' 'yes' 'no']
[]
15, 110, 77
20, 120, 71
21, 130, 85
24, 140, 72
26, 150, 77
26, 160, 74
['no' 'yes' 'no' 'yes' 'yes' 'no' 'no' 'yes' 'yes' 'yes']
[]
23, 160, 74
24, 170, 63
27, 180, 60
29, 190, 60
30, 200, 61
37, 210, 51
['no' 'no' 'yes' 'no' 'yes' 'yes' 'no' 'yes' 'yes' 'yes']
['no' 'no' 'no' 'no' 'no' 'no' 'no' 'no' 'no' 'no']
35, 210, 51
36, 220, 50
38, 230, 50
38, 240, 53
39, 250, 50
41, 260, 51
['yes' 'no' 'yes' 'yes' 'yes' 'no' 'yes' 'yes' 'no' 'no']
['no' 'no' 'no' 'no' 'no' 'no' 'no' 'no' 'no' 'no']
39, 260, 51
42, 270, 51
43, 280, 54
44, 290, 58
45, 300, 57
45, 310, 61
['no' 'no' 'yes' 'yes' 'no' 'no' 'no' 'no' 'no' 'yes']
['no' 'no' 'no' 'no' 'no' 'no' 'no' 'no' 'no' 'no']
41, 310, 61
44, 320, 52
46, 330, 56
49, 340, 59
52, 350, 64
52, 360, 67
['no' 'yes' 'no' 'no' 'no' 'yes' 'no' 'yes' 'no' 'no']
['no' 'no' 'no' 'no' 'no' 'no' 'no' 'yes' 'no' 'no']
51, 360, 67
53, 370, 67
57, 380, 71
58, 390, 76
58, 400, 76
58, 410, 77
['no' 'yes' 'yes' 'no' 'yes' 'no' 'no' 'no' 'no' 'no']
['no' 'no' 'no' 'no' 'no' 'no' 'no' 'no' 'no' 'no']
53, 410, 77
53, 420, 64
53, 430, 65
53, 440, 65
54, 450, 63
54, 460, 63
['no' 'no' 'yes' 'yes' 'no' 'yes']
['no' 'no' 'no' 'no' 'no' 'no' 'no' 'no' 'no' 'no']
52, 460, 63
52, 470, 62
53, 480, 64
53, 490, 62
54, 500, 63
55, 510, 62
['yes' 'no' 'no' 'no']
['no' 'no' 'no' 'no' 'no' 'no' 'no' 'no' 'no' 'no']
52, 510, 62
53, 520, 60
54, 530, 61
55, 540, 61
56, 550, 62
57, 560, 74
['no' 'no' 'yes' 'no' 'no']
['no' 'no' 'no' 'no' 'no' 'no' 'no' 'no' 'no' 'no']
55, 560, 74
55, 570, 64
58, 580, 60
58, 590, 63
61, 600, 63
61, 610, 69
['no' 'no' 'no' 'no' 'no' 'no']
['no' 'no' 'no' 'no' 'no' 'no' 'no' 'no' 'no' 'no']
56, 610, 69
57, 620, 60
57, 630, 64
59, 640, 64
59, 650, 65
61, 660, 65
['no' 'no' 'no' 'no' 'yes' 'no']
['no' 'yes' 'no' 'no' 'no' 'no' 'no' 'no' 'no' 'no']
60, 660, 65
60, 670, 64
['no' 'yes' 'no' 'no']
['no' 'no' 'no' 'no' 'no' 'no' 'no' 'no' 'no' 'no']
{'count': 940, 'truepos': 42, 'falseneg': 4, 'unknownyes': 2, 'falsepos': 17, 'unique': 670}
56: Danijel.csv: machine3: 0, 0
3, 10
6, 20, 106
6, 30, 95
8, 40, 84
9, 50, 82
10, 60, 66
null
[]
10, 70, 60
11, 80, 50
12, 90, 46
14, 100, 45
15, 110, 48
16, 120, 46
null
[]
18, 130, 43
19, 140, 46
21, 150, 46
25, 160, 49
27, 170, 51
30, 180, 51
null
['no' 'no' 'no' 'no' 'no' 'no' 'no' 'no' 'no' 'no']
30, 180, 51
31, 190, 49
34, 200, 45
36, 210, 51
36, 220, 52
36, 230, 53
null
['no' 'no' 'no' 'no' 'no' 'no' 'no' 'no' 'no' 'no']
36, 230, 53
37, 240, 49
37, 250, 51
38, 260, 52
38, 270, 51
38, 280, 50
null
['no' 'no' 'no' 'yes' 'no' 'no' 'no' 'no' 'no' 'no']
39, 280, 50
39, 290, 52
39, 300, 49
40, 310, 50
41, 320, 55
41, 330, 54
null
['no' 'no' 'no' 'no' 'no' 'no' 'no' 'no' 'no' 'no']
41, 330, 54
41, 340, 52
41, 350, 55
42, 360, 52
42, 370, 55
43, 380, 52
null
['no' 'no' 'no' 'no' 'no' 'no' 'no' 'no' 'no' 'no']
43, 380, 52
43, 390, 52
43, 400, 53
43, 410, 51
44, 420, 52
45, 430, 54
null
['no' 'no' 'no' 'no' 'no' 'no' 'no' 'no' 'no' 'no']
45, 430, 54
45, 440, 53
45, 450, 51
45, 460, 56
46, 470, 53
46, 480, 55
null
['no' 'no' 'no' 'no' 'no' 'no' 'no' 'no' 'no' 'no']
46, 480, 55
46, 490, 55
46, 500, 54
46, 510, 57
46, 520, 51
46, 530, 55
null
['no' 'no' 'no' 'no' 'no' 'no' 'no' 'no' 'no' 'no']
46, 530, 55
46, 540, 53
46, 550, 52
46, 560, 55
48, 570, 52
48, 580, 55
null
['no' 'no' 'no' 'no' 'no' 'no' 'no' 'no' 'no' 'no']
48, 580, 55
48, 590, 55
48, 600, 55
48, 610, 55
48, 620, 54
49, 630, 53
null
['no' 'no' 'no' 'no' 'no' 'no' 'no' 'no' 'no' 'no']
49, 630, 53
49, 640, 56
49, 650, 56
50, 660, 55
50, 670, 59
50, 680, 57
null
['no' 'no' 'no' 'no' 'no' 'no' 'no' 'no' 'no' 'no']
50, 680, 57
50, 690, 58
50, 700, 55
51, 710, 58
51, 720, 60
51, 730, 56
null
['no' 'no' 'no' 'no' 'no' 'no' 'no' 'no' 'no' 'no']
51, 730, 56
51, 740, 56
51, 750, 56
52, 760, 56
53, 770, 56
53, 780, 59
null
['no' 'no' 'no' 'no' 'no' 'no' 'no' 'no' 'no' 'no']
54, 780, 59
54, 790, 60
54, 800, 61
54, 810, 58
54, 820, 60
54, 830, 59
null
['no' 'no' 'no' 'no' 'no' 'no' 'no' 'no' 'no' 'no']
54, 830, 59
54, 840, 58
54, 850, 59
54, 860, 59
54, 870, 59
55, 880, 57
null
['no' 'no' 'no' 'no' 'no' 'no' 'no' 'no' 'no' 'no']
null
['no' 'no' 'no' 'no' 'no' 'no' 'no' 'no' 'no' 'no']
{'count': 1247, 'truepos': 41, 'falseneg': 3, 'unknownyes': 4, 'falsepos': 14, 'unique': 880}
56: Danijel.csv: machine4: 0, 0
4, 10
4, 20, 131
5, 30, 93
6, 40, 76
9, 50, 56
10, 60, 62
15, 70, 56
16, 80, 69
21, 90, 56
23, 100, 69
24, 110, 68
25, 120, 62
26, 130, 56
29, 140, 54
30, 150, 58
34, 160, 49
34, 170, 52
34, 180, 46
35, 190, 48
35, 200, 48
35, 210, 48
35, 220, 47
35, 230, 45
35, 240, 45
35, 250, 44
35, 260, 43
36, 270, 45
37, 280, 44
37, 290, 45
38, 300, 46
38, 310, 47
38, 320, 46
38, 330, 46
38, 340, 45
39, 350, 47
39, 360, 46
39, 370, 48
39, 380, 45
39, 390, 45
40, 400, 46
40, 410, 46
40, 420, 46
40, 430, 47
41, 440, 46
41, 450, 48
42, 460, 47
43, 470, 47
44, 480, 48
46, 490, 50
46, 500, 54
46, 510, 52
46, 520, 52
46, 530, 53
46, 540, 51
46, 550, 52
46, 560, 52
46, 570, 50
47, 580, 52
47, 590, 52
47, 600, 52
47, 610, 51
47, 620, 53
48, 630, 53
48, 640, 52
48, 650, 52
48, 660, 52
48, 670, 52
48, 680, 51
48, 690, 52
48, 700, 52
49, 710, 51
49, 720, 53
49, 730, 53
49, 740, 53
49, 750, 53
49, 760, 53
49, 770, 52
49, 780, 52
49, 790, 53
49, 800, 52
49, 810, 52
49, 820, 53
49, 830, 52
50, 840, 53
50, 850, 53
50, 860, 54
51, 870, 53
52, 880, 55
53, 890, 56
54, 900, 56
54, 910, 60
54, 920, 59
54, 930, 59
54, 940, 59
54, 950, 59
54, 960, 59
54, 970, 58
54, 980, 58
54, 990, 58
54, 1000, 58
54, 1010, 57
54, 1020, 57
55, 1030, 58
55, 1040, 59
55, 1050, 58
55, 1060, 58
55, 1070, 58
56, 1080, 58
56, 1090, 59
{'count': 1303, 'truepos': 38, 'falseneg': 7, 'unknownyes': 3, 'falsepos': 18, 'unique': 1090}
56: K_all3.csv: none: 0, 0
1, 10
2, 20, 92
4, 30, 63
4, 40, 58
6, 50, 43
10, 60, 45
10, 70, 56
15, 80, 45
16, 90, 54
20, 100, 50
24, 110, 56
25, 120, 60
28, 130, 57
29, 140, 57
30, 150, 55
31, 160, 42
31, 170, 39
32, 180, 38
34, 190, 39
36, 200, 41
36, 210, 47
39, 220, 46
40, 230, 52
41, 240, 53
42, 250, 52
42, 260, 52
42, 270, 53
43, 280, 52
44, 290, 52
46, 300, 52
49, 310, 54
50, 320, 56
53, 330, 58
55, 340, 60
55, 350, 62
56, 360, 59
56, 370, 61
56, 380, 61
57, 390, 62
60, 400, 63
64, 410, 65
67, 420, 69
70, 430, 72
73, 440, 76
73, 450, 80
73, 460, 80
76, 470, 78
77, 480, 82
{'count': 480, 'truepos': 29, 'falseneg': 7, 'unknownyes': 9, 'falsepos': 48, 'unique': 480}
56: K_all3.csv: three: 0, 0
0, 10
1, 20
3, 30, 103
5, 40, 64
6, 50, 60
7, 60, 54
10, 70, 50
11, 80, 54
15, 90, 51
16, 100, 52
17, 110, 49
17, 120, 49
20, 130, 46
20, 140, 49
20, 150, 47
21, 160, 46
22, 170, 46
25, 180, 47
28, 190, 49
28, 200, 52
28, 210, 50
28, 220, 48
28, 230, 47
28, 240, 46
29, 250, 46
29, 260, 48
30, 270, 47
31, 280, 37
32, 290, 38
32, 300, 37
32, 310, 38
32, 320, 37
34, 330, 36
34, 340, 38
36, 350, 38
37, 360, 41
37, 370, 45
38, 380, 41
39, 390, 42
39, 400, 43
39, 410, 43
39, 420, 44
39, 430, 43
40, 440, 43
40, 450, 43
42, 460, 43
{'count': 1007, 'truepos': 32, 'falseneg': 2, 'unknownyes': 11, 'falsepos': 10, 'unique': 460}
56: K_all3.csv: machine: 0, 0
2, 10
4, 20, 72
5, 30, 65
8, 40, 64
11, 50, 62
12, 60, 66
['yes' 'yes' 'yes' 'yes' 'yes' 'yes' 'no' 'yes' 'yes' 'no']
[]
10, 60, 66
14, 70, 51
15, 80, 60
17, 90, 50
20, 100, 52
21, 110, 56
['yes' 'yes' 'no' 'yes' 'yes' 'yes' 'yes' 'yes' 'no' 'yes']
['no']
19, 110, 56
22, 120, 49
24, 130, 50
26, 140, 51
28, 150, 52
30, 160, 53
['yes' 'no' 'yes' 'no' 'no' 'no' 'no' 'yes' 'no' 'yes']
['no' 'no' 'no' 'no' 'no' 'no' 'no' 'no' 'no' 'no']
26, 160, 53
29, 170, 51
31, 180, 52
34, 190, 41
36, 200, 45
38, 210, 48
['no' 'yes' 'yes' 'no' 'no' 'no' 'no' 'yes' 'yes' 'no']
['no' 'no' 'no' 'no' 'no' 'no' 'no' 'no' 'no' 'no']
35, 210, 48
36, 220, 45
38, 230, 47
39, 240, 46
41, 250, 47
41, 260, 54
['yes' 'no' 'no' 'no' 'yes' 'no' 'no' 'no' 'no' 'yes']
['no' 'no' 'no' 'no' 'no' 'no' 'no' 'no' 'no' 'no']
34, 260, 54
36, 270, 41
37, 280, 41
39, 290, 41
43, 300, 44
44, 310, 48
['yes' 'yes' 'no' 'yes' 'no' 'no' 'no' 'no' 'yes' 'no']
['no' 'no' 'no' 'no' 'no' 'no' 'no' 'no' 'no' 'no']
42, 310, 48
43, 320, 45
47, 330, 47
48, 340, 51
51, 350, 52
53, 360, 55
['no' 'no' 'no' 'no' 'no' 'yes' 'no' 'no' 'no' 'no']
['no' 'no' 'no' 'no' 'no' 'no' 'no' 'no' 'no' 'no']
['no' 'yes' 'no' 'no' 'no' 'no' 'no' 'no' 'no' 'no']
['no' 'no' 'no' 'no' 'no' 'no' 'no' 'no' 'no' 'no']
{'count': 481, 'truepos': 33, 'falseneg': 0, 'unknownyes': 12, 'falsepos': 15, 'unique': 360}
56: K_all3.csv: machine2: 0, 0
3, 10
6, 20, 82
7, 30, 73
9, 40, 64
10, 50, 68
12, 60, 58
['yes' 'no' 'yes' 'no' 'no' 'no' 'no' 'yes' 'no' 'yes']
[]
7, 60, 58
10, 70, 56
14, 80, 60
15, 90, 63
20, 100, 54
21, 110, 64
['yes' 'yes' 'yes' 'no' 'no' 'yes' 'yes' 'no' 'yes' 'no']
['no']
17, 110, 64
20, 120, 56
23, 130, 61
24, 140, 61
26, 150, 58
27, 160, 58
['no' 'no' 'no' 'yes' 'yes' 'yes' 'no' 'yes' 'no' 'no']
['no']
22, 160, 58
25, 170, 50
27, 180, 50
29, 190, 52
31, 200, 52
33, 210, 44
['no' 'no' 'no' 'yes' 'no' 'no' 'yes' 'no' 'no' 'yes']
['no' 'no' 'no' 'no' 'no' 'no' 'no' 'no' 'no' 'no']
30, 210, 44
30, 220, 41
32, 230, 43
33, 240, 46
34, 250, 43
35, 260, 44
['no' 'no' 'yes' 'no' 'no' 'no' 'yes' 'no' 'no' 'yes']
['no' 'no' 'no' 'no' 'no' 'no' 'no' 'no' 'no' 'no']
30, 260, 44
31, 270, 36
33, 280, 37
34, 290, 39
34, 300, 41
35, 310, 39
['yes' 'yes' 'no' 'no' 'yes' 'yes' 'no' 'yes' 'no' 'yes']
['no' 'no' 'no' 'no' 'no' 'no' 'no' 'no' 'no' 'no']
32, 310, 39
33, 320, 36
35, 330, 38
35, 340, 40
36, 350, 40
38, 360, 40
['no' 'no' 'no' 'yes' 'yes' 'no' 'no']
['no' 'no' 'no' 'no' 'no' 'no' 'no' 'no' 'no' 'no']
['no' 'no' 'no' 'yes' 'yes' 'no' 'no']
['no' 'no' 'no' 'no' 'no' 'no' 'no' 'no' 'no' 'no']
{'count': 506, 'truepos': 28, 'falseneg': 3, 'unknownyes': 14, 'falsepos': 5, 'unique': 360}
56: K_all3.csv: machine3: 0, 0
1, 10
3, 20, 92
4, 30, 66
6, 40, 54
7, 50, 53
8, 60, 46
null
['no']
8, 60, 46
9, 70, 42
12, 80, 42
17, 90, 47
19, 100, 55
19, 110, 52
null
['no']
19, 110, 52
20, 120, 46
22, 130, 45
22, 140, 48
23, 150, 45
24, 160, 45
null
[]
26, 170, 45
26, 180, 46
27, 190, 45
28, 200, 45
29, 210, 46
30, 220, 47
null
['no' 'no' 'no' 'no' 'no' 'no' 'no' 'no' 'no' 'no']
30, 220, 47
33, 230, 41
33, 240, 44
33, 250, 40
33, 260, 42
33, 270, 42
null
['no' 'no' 'no' 'no' 'no' 'no' 'no' 'no' 'no' 'no']
33, 270, 42
33, 280, 40
33, 290, 39
33, 300, 40
33, 310, 39
34, 320, 39
null
['yes' 'no' 'no' 'no' 'no' 'no' 'no' 'no' 'no' 'no']
34, 320, 39
35, 330, 38
35, 340, 39
35, 350, 39
36, 360, 38
37, 370, 39
null
['no' 'no' 'no' 'no' 'no' 'no' 'no' 'no' 'no' 'no']
37, 370, 39
37, 380, 41
38, 390, 40
38, 400, 41
39, 410, 41
40, 420, 42
null
['no' 'no' 'no' 'no' 'no' 'no' 'no' 'no' 'no' 'no']
null
['no' 'no' 'no' 'no' 'no' 'no' 'no' 'no' 'no' 'no']
{'count': 583, 'truepos': 32, 'falseneg': 3, 'unknownyes': 10, 'falsepos': 8, 'unique': 420}
56: K_all3.csv: machine4: 0, 0
4, 10
7, 20, 80
8, 30, 87
11, 40, 74
15, 50, 70
15, 60, 70
16, 70, 63
17, 80, 56
17, 90, 51
17, 100, 48
18, 110, 43
18, 120, 44
19, 130, 42
19, 140, 42
20, 150, 40
21, 160, 43
23, 170, 43
25, 180, 45
29, 190, 46
29, 200, 50
29, 210, 49
30, 220, 48
33, 230, 40
34, 240, 43
34, 250, 45
34, 260, 43
34, 270, 41
34, 280, 43
36, 290, 39
36, 300, 41
36, 310, 41
36, 320, 40
36, 330, 39
36, 340, 39
36, 350, 39
36, 360, 38
37, 370, 38
38, 380, 39
38, 390, 41
{'count': 495, 'truepos': 29, 'falseneg': 1, 'unknownyes': 15, 'falsepos': 9, 'unique': 390}

------------------------------------------------------------
Sender: LSF System <lsfadmin@n2e1-8>
Subject: Job 299622: </share/tjmenzie/zyu9/miniconda2/bin/python2.7 runner.py error_hpcc 56> Done

Job </share/tjmenzie/zyu9/miniconda2/bin/python2.7 runner.py error_hpcc 56> was submitted from host <login01.hpc.ncsu.edu> by user <zyu9> in cluster <henry2>.
Job was executed on host(s) <2*n2e1-8>, in queue <single_chassis>, as user <zyu9> in cluster <henry2>.
</home/zyu9> was used as the home directory.
</home/zyu9/projects/MAR_HPC/Error/src> was used as the working directory.
Started at Mon Nov  6 09:14:01 2017
Results reported at Mon Nov  6 15:12:49 2017

Your job looked like:

------------------------------------------------------------
# LSBATCH: User input
/share/tjmenzie/zyu9/miniconda2/bin/python2.7 runner.py error_hpcc 56
------------------------------------------------------------

Successfully completed.

Resource usage summary:

    CPU time   :  24382.48 sec.
    Max Memory :       178 MB
    Max Swap   :      1196 MB

    Max Processes  :         3
    Max Threads    :         8

The output (if any) is above this job summary.



PS:

Read file <./err/56.err.299622> for stderr output of this job.

