58: Hall.csv: none: 0, 0
8, 10
13, 20, 120
16, 30, 141
17, 40, 149
18, 50, 150
21, 60, 152
26, 70, 144
27, 80, 146
30, 90, 141
37, 100, 109
40, 110, 114
45, 120, 109
48, 130, 115
54, 140, 113
59, 150, 128
63, 160, 127
69, 170, 114
71, 180, 130
75, 190, 139
77, 200, 146
82, 210, 120
87, 220, 113
92, 230, 122
93, 240, 131
93, 250, 113
96, 260, 118
98, 270, 132
101, 280, 118
105, 290, 122
108, 300, 134
111, 310, 140
112, 320, 172
114, 330, 144
115, 340, 148
115, 350, 152
115, 360, 139
115, 370, 139
116, 380, 144
116, 390, 149
117, 400, 142
119, 410, 138
119, 420, 153
119, 430, 145
121, 440, 147
122, 450, 155
122, 460, 152
123, 470, 151
124, 480, 149
125, 490, 155
128, 500, 154
128, 510, 169
128, 520, 162
129, 530, 155
130, 540, 165
130, 550, 163
130, 560, 166
131, 570, 157
133, 580, 161
133, 590, 173
135, 600, 165
135, 610, 166
135, 620, 166
137, 630, 172
137, 640, 164
137, 650, 163
138, 660, 164
138, 670, 173
141, 680, 172
141, 690, 173
142, 700, 175
143, 710, 181
144, 720, 179
145, 730, 180
148, 740, 183
150, 750, 177
151, 760, 187
152, 770, 188
154, 780, 180
156, 790, 188
158, 800, 187
161, 810, 191
162, 820, 186
163, 830, 191
163, 840, 193
163, 850, 184
164, 860, 191
164, 870, 194
165, 880, 185
166, 890, 190
167, 900, 192
167, 910, 190
167, 920, 188
167, 930, 191
167, 940, 191
167, 950, 190
167, 960, 187
169, 970, 186
171, 980, 192
172, 990, 192
172, 1000, 192
174, 1010, 196
175, 1020, 197
178, 1030, 200
180, 1040, 204
181, 1050, 204
182, 1060, 205
182, 1070, 209
185, 1080, 204
185, 1090, 207
188, 1100, 210
190, 1110, 210
192, 1120, 213
193, 1130, 216
195, 1140, 217
196, 1150, 216
196, 1160, 218
196, 1170, 214
198, 1180, 213
198, 1190, 218
199, 1200, 224
201, 1210, 220
201, 1220, 223
203, 1230, 220
204, 1240, 225
204, 1250, 225
206, 1260, 227
206, 1270, 232
206, 1280, 228
206, 1290, 228
207, 1300, 230
207, 1310, 227
208, 1320, 229
208, 1330, 235
209, 1340, 238
211, 1350, 234
214, 1360, 233
215, 1370, 235
216, 1380, 236
216, 1390, 245
217, 1400, 237
218, 1410, 245
218, 1420, 243
219, 1430, 246
220, 1440, 246
221, 1450, 245
221, 1460, 250
223, 1470, 245
224, 1480, 251
225, 1490, 252
226, 1500, 255
226, 1510, 257
227, 1520, 253
229, 1530, 254
231, 1540, 263
231, 1550, 264
232, 1560, 261
233, 1570, 265
233, 1580, 267
234, 1590, 263
234, 1600, 264
235, 1610, 265
238, 1620, 266
238, 1630, 266
240, 1640, 268
240, 1650, 270
241, 1660, 273
242, 1670, 269
244, 1680, 272
245, 1690, 274
246, 1700, 274
247, 1710, 276
247, 1720, 277
250, 1730, 276
251, 1740, 276
251, 1750, 272
252, 1760, 274
252, 1770, 279
253, 1780, 273
253, 1790, 280
253, 1800, 276
254, 1810, 273
254, 1820, 280
254, 1830, 274
255, 1840, 277
257, 1850, 277
258, 1860, 278
259, 1870, 278
261, 1880, 284
261, 1890, 284
262, 1900, 283
263, 1910, 286
263, 1920, 287
263, 1930, 285
266, 1940, 285
268, 1950, 292
268, 1960, 291
269, 1970, 293
271, 1980, 293
271, 1990, 291
272, 2000, 294
274, 2010, 292
276, 2020, 294
278, 2030, 300
280, 2040, 302
281, 2050, 304
283, 2060, 301
283, 2070, 309
285, 2080, 303
286, 2090, 310
287, 2100, 309
290, 2110, 313
292, 2120, 317
293, 2130, 317
296, 2140, 321
298, 2150, 327
298, 2160, 324
298, 2170, 328
298, 2180, 325
298, 2190, 321
298, 2200, 326
299, 2210, 323
300, 2220, 323
301, 2230, 328
302, 2240, 329
304, 2250, 326
307, 2260, 331
308, 2270, 333
309, 2280, 334
309, 2290, 332
309, 2300, 332
311, 2310, 336
312, 2320, 334
312, 2330, 337
312, 2340, 335
313, 2350, 338
314, 2360, 336
315, 2370, 337
315, 2380, 335
315, 2390, 336
318, 2400, 336
323, 2410, 338
324, 2420, 345
324, 2430, 346
324, 2440, 346
325, 2450, 349
326, 2460, 345
326, 2470, 346
327, 2480, 348
331, 2490, 349
331, 2500, 355
333, 2510, 352
333, 2520, 358
335, 2530, 356
337, 2540, 356
337, 2550, 359
339, 2560, 360
340, 2570, 362
341, 2580, 366
341, 2590, 363
343, 2600, 364
346, 2610, 369
347, 2620, 370
347, 2630, 374
348, 2640, 372
350, 2650, 371
350, 2660, 376
351, 2670, 377
353, 2680, 375
355, 2690, 381
355, 2700, 381
356, 2710, 382
358, 2720, 379
359, 2730, 384
361, 2740, 381
361, 2750, 385
362, 2760, 383
363, 2770, 386
364, 2780, 388
365, 2790, 390
367, 2800, 391
368, 2810, 391
369, 2820, 393
371, 2830, 393
372, 2840, 395
374, 2850, 398
375, 2860, 398
378, 2870, 401
378, 2880, 405
380, 2890, 406
381, 2900, 409
382, 2910, 410
383, 2920, 410
383, 2930, 409
384, 2940, 412
385, 2950, 412
386, 2960, 415
388, 2970, 412
389, 2980, 416
389, 2990, 413
389, 3000, 414
389, 3010, 412
390, 3020, 412
392, 3030, 412
394, 3040, 414
395, 3050, 417
397, 3060, 416
398, 3070, 421
399, 3080, 424
399, 3090, 425
402, 3100, 424
403, 3110, 428
403, 3120, 429
404, 3130, 425
404, 3140, 427
406, 3150, 428
406, 3160, 428
{'count': 3160, 'truepos': 91, 'falseneg': 13, 'unknownyes': 2, 'falsepos': 315, 'unique': 3160}
58: Hall.csv: three: 0, 0
8, 10
10, 20, 124
12, 30, 123
15, 40, 121
16, 50, 114
19, 60, 109
23, 70, 110
27, 80, 116
27, 90, 126
30, 100, 101
36, 110, 96
39, 120, 104
41, 130, 100
45, 140, 101
50, 150, 95
53, 160, 111
59, 170, 96
63, 180, 100
67, 190, 105
69, 200, 101
72, 210, 110
78, 220, 102
82, 230, 107
85, 240, 96
89, 250, 98
91, 260, 100
95, 270, 103
97, 280, 110
99, 290, 112
102, 300, 113
103, 310, 117
104, 320, 119
105, 330, 118
105, 340, 118
108, 350, 119
109, 360, 124
109, 370, 124
109, 380, 121
110, 390, 119
113, 400, 119
115, 410, 123
117, 420, 129
117, 430, 139
117, 440, 132
117, 450, 132
118, 460, 128
118, 470, 131
118, 480, 129
118, 490, 130
118, 500, 129
118, 510, 132
118, 520, 129
118, 530, 130
118, 540, 129
118, 550, 127
119, 560, 128
119, 570, 130
120, 580, 128
120, 590, 131
121, 600, 130
121, 610, 130
121, 620, 131
121, 630, 132
121, 640, 134
121, 650, 130
121, 660, 131
122, 670, 131
122, 680, 132
122, 690, 130
122, 700, 130
122, 710, 133
123, 720, 131
123, 730, 131
123, 740, 131
123, 750, 131
123, 760, 132
123, 770, 133
124, 780, 132
124, 790, 131
125, 800, 133
125, 810, 133
125, 820, 134
125, 830, 132
125, 840, 134
126, 850, 132
126, 860, 133
127, 870, 133
128, 880, 134
128, 890, 136
128, 900, 135
129, 910, 137
130, 920, 136
130, 930, 137
130, 940, 137
130, 950, 137
{'count': 2067, 'truepos': 102, 'falseneg': 0, 'unknownyes': 4, 'falsepos': 28, 'unique': 950}
58: Hall.csv: machine: 0, 0
9, 10
13, 20, 128
16, 30, 140
18, 40, 151
22, 50, 159
26, 60, 181
['no' 'yes' 'yes' 'yes' 'yes' 'yes' 'yes' 'yes' 'no' 'no']
['yes']
22, 60, 181
22, 70, 172
25, 80, 150
26, 90, 137
29, 100, 133
32, 110, 132
['no' 'no' 'no' 'yes' 'yes' 'yes' 'yes' 'yes' 'yes' 'yes']
['no' 'yes' 'no' 'yes' 'no' 'no' 'no' 'no' 'no' 'no']
31, 110, 132
37, 120, 95
41, 130, 100
46, 140, 97
52, 150, 96
56, 160, 97
['yes' 'yes' 'yes' 'yes' 'yes' 'no' 'yes' 'yes' 'no' 'yes']
['no' 'no' 'no' 'no' 'no' 'no' 'no' 'no' 'yes' 'yes']
56, 160, 97
58, 170, 94
62, 180, 92
65, 190, 98
68, 200, 97
69, 210, 101
['yes' 'yes' 'no' 'yes' 'yes' 'yes' 'yes' 'no' 'yes' 'yes']
['yes' 'no' 'no' 'yes' 'yes' 'no' 'no' 'no' 'no' 'no']
71, 210, 101
71, 220, 97
74, 230, 98
80, 240, 101
82, 250, 115
83, 260, 115
['yes' 'no' 'yes' 'no' 'no' 'no' 'yes' 'yes' 'no' 'yes']
['no' 'no' 'yes' 'no' 'no' 'no' 'yes' 'no' 'no' 'no']
81, 260, 115
86, 270, 101
91, 280, 104
96, 290, 106
96, 300, 108
99, 310, 109
['no' 'no' 'yes' 'no' 'no' 'yes' 'yes' 'no' 'no' 'yes']
['no' 'no' 'no' 'no' 'no' 'no' 'no' 'no' 'no' 'no']
98, 310, 109
102, 320, 107
104, 330, 110
106, 340, 111
107, 350, 117
108, 360, 116
['no' 'yes' 'yes' 'no' 'no' 'yes' 'yes' 'no' 'yes' 'yes']
['no' 'no' 'no' 'no' 'no' 'no' 'no' 'no' 'no' 'yes']
105, 360, 116
['yes' 'yes' 'no' 'yes' 'no' 'no' 'yes' 'yes' 'no' 'yes']
['no' 'no' 'no' 'no' 'no' 'no' 'yes' 'no' 'no' 'no']
{'count': 511, 'truepos': 86, 'falseneg': 9, 'unknownyes': 11, 'falsepos': 17, 'unique': 360}
58: Hall.csv: machine2: 0, 0
7, 10
10, 20, 112
13, 30, 127
16, 40, 134
19, 50, 125
20, 60, 125
['no' 'yes' 'yes' 'yes' 'yes' 'yes' 'yes' 'yes' 'yes' 'yes']
['no' 'no']
19, 60, 125
21, 70, 126
25, 80, 111
30, 90, 118
37, 100, 104
43, 110, 113
['yes' 'yes' 'no' 'yes' 'yes' 'yes' 'yes' 'yes' 'yes' 'no']
['no' 'no' 'yes' 'no' 'yes' 'no' 'no' 'no' 'no' 'no']
43, 110, 113
47, 120, 100
53, 130, 98
58, 140, 99
64, 150, 107
67, 160, 111
['yes' 'yes' 'yes' 'yes' 'yes' 'yes' 'yes' 'yes' 'yes' 'yes']
['yes' 'no' 'no' 'no' 'no' 'no' 'no' 'no' 'no' 'no']
70, 160, 111
72, 170, 109
73, 180, 107
74, 190, 109
77, 200, 99
81, 210, 94
['yes' 'yes' 'yes' 'yes' 'yes' 'yes' 'yes' 'yes' 'yes' 'no']
['no' 'no' 'no' 'no' 'no' 'no' 'no' 'no' 'no' 'no']
82, 210, 94
86, 220, 97
89, 230, 100
93, 240, 105
94, 250, 106
97, 260, 106
['yes' 'no' 'yes' 'yes' 'yes' 'yes' 'yes' 'yes' 'yes' 'no']
['no' 'no' 'yes' 'no' 'no' 'no' 'no' 'yes' 'no' 'no']
98, 260, 106
100, 270, 110
101, 280, 114
104, 290, 111
105, 300, 113
107, 310, 115
['yes' 'yes' 'no' 'yes' 'yes' 'yes' 'yes' 'yes' 'yes' 'no']
['no' 'no' 'no' 'yes' 'no' 'no' 'no' 'no' 'no' 'no']
108, 310, 115
108, 320, 122
110, 330, 116
111, 340, 122
112, 350, 122
113, 360, 121
['no' 'no' 'no' 'yes' 'no' 'no' 'yes' 'yes' 'yes' 'yes']
['no' 'no' 'no' 'no' 'no' 'no' 'no' 'no' 'no' 'no']
109, 360, 121
109, 370, 118
109, 380, 116
109, 390, 117
110, 400, 116
111, 410, 118
['yes' 'no' 'no' 'no' 'yes' 'yes' 'no' 'yes' 'no' 'no']
['no' 'no' 'no' 'no' 'no' 'no' 'no' 'no' 'no' 'no']
108, 410, 118
['no' 'yes' 'no' 'no' 'yes' 'yes' 'yes' 'yes' 'yes' 'yes']
['no' 'no' 'no' 'no' 'no' 'no' 'no' 'no' 'no' 'no']
{'count': 606, 'truepos': 96, 'falseneg': 3, 'unknownyes': 7, 'falsepos': 9, 'unique': 410}
58: Hall.csv: machine3: 0, 0
8, 10
8, 20, 125
12, 30, 107
14, 40, 124
17, 50, 109
19, 60, 119
null
['no' 'no']
20, 60, 119
23, 70, 115
27, 80, 112
28, 90, 118
33, 100, 106
37, 110, 86
null
['no' 'no' 'yes' 'no' 'no' 'no' 'yes' 'no' 'no' 'no']
39, 110, 86
46, 120, 92
50, 130, 97
52, 140, 100
59, 150, 93
63, 160, 102
null
['yes' 'no' 'no' 'no' 'no' 'no' 'no' 'no' 'no' 'no']
63, 160, 102
66, 170, 97
68, 180, 103
73, 190, 109
73, 200, 118
76, 210, 100
null
['no' 'no' 'no' 'no' 'no' 'no' 'no' 'yes' 'no' 'no']
77, 210, 100
78, 220, 105
80, 230, 97
85, 240, 95
88, 250, 104
89, 260, 106
null
['yes' 'no' 'no' 'no' 'no' 'no' 'no' 'no' 'no' 'no']
90, 260, 106
90, 270, 106
92, 280, 103
93, 290, 107
93, 300, 108
95, 310, 105
null
['no' 'no' 'yes' 'no' 'no' 'no' 'no' 'no' 'no' 'no']
96, 310, 105
97, 320, 112
100, 330, 112
101, 340, 116
102, 350, 117
103, 360, 116
null
['no' 'yes' 'no' 'yes' 'no' 'no' 'no' 'no' 'no' 'no']
103, 360, 116
103, 370, 121
104, 380, 119
106, 390, 118
106, 400, 126
106, 410, 122
null
['no' 'no' 'no' 'no' 'no' 'no' 'no' 'no' 'no' 'no']
106, 410, 122
107, 420, 121
107, 430, 121
107, 440, 120
108, 450, 119
108, 460, 121
null
['no' 'no' 'no' 'no' 'no' 'no' 'no' 'no' 'no' 'no']
108, 460, 121
108, 470, 119
108, 480, 117
109, 490, 118
109, 500, 120
110, 510, 130
null
['yes' 'no' 'no' 'no' 'no' 'no' 'no' 'no' 'no' 'no']
111, 510, 130
111, 520, 129
112, 530, 126
113, 540, 130
113, 550, 126
114, 560, 125
null
['no' 'no' 'no' 'no' 'no' 'no' 'no' 'no' 'no' 'no']
115, 560, 125
115, 570, 130
115, 580, 127
115, 590, 131
115, 600, 128
115, 610, 127
null
['no' 'no' 'no' 'no' 'no' 'no' 'no' 'no' 'no' 'no']
115, 610, 127
115, 620, 127
115, 630, 127
115, 640, 128
115, 650, 124
116, 660, 126
null
['no' 'no' 'no' 'no' 'no' 'no' 'no' 'no' 'no' 'no']
116, 660, 126
116, 670, 129
117, 680, 127
118, 690, 128
118, 700, 129
118, 710, 129
null
['no' 'no' 'no' 'no' 'no' 'no' 'no' 'no' 'no' 'no']
118, 710, 129
118, 720, 128
119, 730, 128
120, 740, 129
120, 750, 132
120, 760, 131
null
['no' 'no' 'no' 'no' 'no' 'no' 'no' 'no' 'no' 'no']
120, 760, 131
120, 770, 132
120, 780, 130
120, 790, 129
120, 800, 129
120, 810, 130
null
['no' 'no' 'no' 'no' 'no' 'no' 'no' 'no' 'no' 'no']
120, 810, 130
120, 820, 129
120, 830, 130
120, 840, 129
120, 850, 128
120, 860, 127
null
['no' 'no' 'no' 'no' 'no' 'no' 'no' 'no' 'no' 'no']
120, 860, 127
120, 870, 128
121, 880, 127
121, 890, 128
121, 900, 129
121, 910, 129
null
['no' 'no' 'no' 'no' 'no' 'no' 'no' 'no' 'no' 'no']
121, 910, 129
121, 920, 128
121, 930, 128
122, 940, 129
122, 950, 129
122, 960, 129
null
['no' 'no' 'no' 'no' 'no' 'no' 'no' 'no' 'no' 'no']
122, 960, 129
123, 970, 129
124, 980, 133
124, 990, 133
124, 1000, 134
125, 1010, 132
null
['no' 'no' 'no' 'no' 'no' 'no' 'no' 'no' 'no' 'no']
125, 1010, 132
125, 1020, 135
125, 1030, 135
125, 1040, 133
125, 1050, 133
125, 1060, 134
null
['no' 'no' 'no' 'no' 'no' 'no' 'no' 'no' 'no' 'no']
125, 1060, 134
125, 1070, 134
125, 1080, 133
125, 1090, 133
125, 1100, 132
126, 1110, 132
null
['no' 'no' 'no' 'no' 'no' 'no' 'no' 'no' 'no' 'no']
null
['no' 'no' 'no' 'no' 'no' 'no' 'no' 'no' 'no' 'no']
{'count': 1646, 'truepos': 96, 'falseneg': 7, 'unknownyes': 3, 'falsepos': 30, 'unique': 1110}
58: Hall.csv: machine4: 0, 0
7, 10
11, 20, 115
12, 30, 124
13, 40, 132
16, 50, 119
18, 60, 106
21, 70, 98
23, 80, 96
27, 90, 88
32, 100, 99
40, 110, 82
47, 120, 84
50, 130, 89
58, 140, 85
62, 150, 96
65, 160, 104
69, 170, 97
72, 180, 103
72, 190, 111
74, 200, 106
77, 210, 99
80, 220, 97
83, 230, 102
86, 240, 106
87, 250, 106
87, 260, 108
87, 270, 101
88, 280, 99
90, 290, 102
92, 300, 101
94, 310, 104
94, 320, 105
94, 330, 105
94, 340, 104
96, 350, 103
96, 360, 108
97, 370, 107
97, 380, 108
97, 390, 110
97, 400, 107
97, 410, 107
97, 420, 108
97, 430, 103
97, 440, 107
97, 450, 105
97, 460, 104
97, 470, 105
97, 480, 105
97, 490, 106
97, 500, 106
97, 510, 106
97, 520, 104
97, 530, 104
98, 540, 104
98, 550, 104
98, 560, 104
{'count': 744, 'truepos': 95, 'falseneg': 7, 'unknownyes': 4, 'falsepos': 3, 'unique': 560}
58: Wahono.csv: none: 0, 0
7, 10
10, 20, 116
12, 30, 141
14, 40, 137
15, 50, 137
17, 60, 125
19, 70, 132
20, 80, 122
21, 90, 112
25, 100, 100
28, 110, 107
29, 120, 117
32, 130, 115
33, 140, 95
37, 150, 100
40, 160, 107
43, 170, 104
45, 180, 103
47, 190, 100
48, 200, 101
50, 210, 99
51, 220, 112
53, 230, 105
54, 240, 94
56, 250, 102
57, 260, 100
60, 270, 95
62, 280, 96
62, 290, 116
63, 300, 96
65, 310, 102
67, 320, 122
67, 330, 122
68, 340, 101
69, 350, 115
70, 360, 107
71, 370, 103
71, 380, 115
73, 390, 115
75, 400, 102
78, 410, 116
81, 420, 115
83, 430, 126
83, 440, 115
84, 450, 118
84, 460, 130
85, 470, 122
88, 480, 111
88, 490, 128
89, 500, 131
89, 510, 127
90, 520, 123
91, 530, 132
92, 540, 131
94, 550, 127
98, 560, 124
99, 570, 133
102, 580, 124
102, 590, 131
106, 600, 135
106, 610, 137
108, 620, 135
109, 630, 144
110, 640, 136
111, 650, 140
111, 660, 142
114, 670, 137
114, 680, 144
115, 690, 147
115, 700, 148
115, 710, 148
115, 720, 141
117, 730, 138
117, 740, 143
118, 750, 142
120, 760, 145
121, 770, 146
124, 780, 147
125, 790, 150
128, 800, 153
130, 810, 156
130, 820, 156
131, 830, 158
131, 840, 163
132, 850, 164
134, 860, 160
135, 870, 167
135, 880, 166
136, 890, 164
136, 900, 164
136, 910, 169
137, 920, 161
137, 930, 163
138, 940, 165
140, 950, 174
143, 960, 176
143, 970, 188
143, 980, 185
144, 990, 184
145, 1000, 190
145, 1010, 181
146, 1020, 189
147, 1030, 179
148, 1040, 192
149, 1050, 190
151, 1060, 186
153, 1070, 195
154, 1080, 194
154, 1090, 192
154, 1100, 188
155, 1110, 188
158, 1120, 191
159, 1130, 200
161, 1140, 202
163, 1150, 199
164, 1160, 201
164, 1170, 205
165, 1180, 197
167, 1190, 205
170, 1200, 206
172, 1210, 217
172, 1220, 217
174, 1230, 211
174, 1240, 213
174, 1250, 215
174, 1260, 206
177, 1270, 216
178, 1280, 215
179, 1290, 222
181, 1300, 223
181, 1310, 227
182, 1320, 226
183, 1330, 220
183, 1340, 227
187, 1350, 219
187, 1360, 226
187, 1370, 227
189, 1380, 228
190, 1390, 229
191, 1400, 227
192, 1410, 236
193, 1420, 233
194, 1430, 235
196, 1440, 239
196, 1450, 240
198, 1460, 241
198, 1470, 249
199, 1480, 240
199, 1490, 237
200, 1500, 233
200, 1510, 243
200, 1520, 239
204, 1530, 235
205, 1540, 243
205, 1550, 250
205, 1560, 246
205, 1570, 246
206, 1580, 246
207, 1590, 250
209, 1600, 246
210, 1610, 245
212, 1620, 249
212, 1630, 248
216, 1640, 248
216, 1650, 250
218, 1660, 249
219, 1670, 256
220, 1680, 261
223, 1690, 255
224, 1700, 259
226, 1710, 260
226, 1720, 261
232, 1730, 258
232, 1740, 267
235, 1750, 269
237, 1760, 274
238, 1770, 272
238, 1780, 274
238, 1790, 277
238, 1800, 274
239, 1810, 273
240, 1820, 274
242, 1830, 269
242, 1840, 271
242, 1850, 274
242, 1860, 271
243, 1870, 269
246, 1880, 275
248, 1890, 278
249, 1900, 277
249, 1910, 278
249, 1920, 277
250, 1930, 281
251, 1940, 278
251, 1950, 279
253, 1960, 280
254, 1970, 282
255, 1980, 281
255, 1990, 284
257, 2000, 282
261, 2010, 287
262, 2020, 293
264, 2030, 290
269, 2040, 295
269, 2050, 297
269, 2060, 296
271, 2070, 296
273, 2080, 300
273, 2090, 308
275, 2100, 304
276, 2110, 306
276, 2120, 307
277, 2130, 303
278, 2140, 305
279, 2150, 306
279, 2160, 307
281, 2170, 307
283, 2180, 310
283, 2190, 311
284, 2200, 313
284, 2210, 315
284, 2220, 314
286, 2230, 315
288, 2240, 313
288, 2250, 316
290, 2260, 316
291, 2270, 320
291, 2280, 321
293, 2290, 318
294, 2300, 321
295, 2310, 324
296, 2320, 321
298, 2330, 323
298, 2340, 326
300, 2350, 323
300, 2360, 326
301, 2370, 328
302, 2380, 328
302, 2390, 327
302, 2400, 331
303, 2410, 328
303, 2420, 328
303, 2430, 327
304, 2440, 325
305, 2450, 327
306, 2460, 329
307, 2470, 330
307, 2480, 329
308, 2490, 329
308, 2500, 332
308, 2510, 331
309, 2520, 331
309, 2530, 333
310, 2540, 334
311, 2550, 332
312, 2560, 336
313, 2570, 336
314, 2580, 339
314, 2590, 339
314, 2600, 340
314, 2610, 339
314, 2620, 340
316, 2630, 338
318, 2640, 341
319, 2650, 342
321, 2660, 343
323, 2670, 341
323, 2680, 348
324, 2690, 345
324, 2700, 346
325, 2710, 348
327, 2720, 350
328, 2730, 350
329, 2740, 354
331, 2750, 351
332, 2760, 357
334, 2770, 358
336, 2780, 360
340, 2790, 362
342, 2800, 369
343, 2810, 371
344, 2820, 371
345, 2830, 373
345, 2840, 369
346, 2850, 373
347, 2860, 374
348, 2870, 372
348, 2880, 373
350, 2890, 374
350, 2900, 380
352, 2910, 376
353, 2920, 379
354, 2930, 382
355, 2940, 379
359, 2950, 383
360, 2960, 385
361, 2970, 391
361, 2980, 389
362, 2990, 387
363, 3000, 387
364, 3010, 388
364, 3020, 389
365, 3030, 385
366, 3040, 389
366, 3050, 389
367, 3060, 392
369, 3070, 390
369, 3080, 393
369, 3090, 394
371, 3100, 392
373, 3110, 395
373, 3120, 398
374, 3130, 396
376, 3140, 397
379, 3150, 397
381, 3160, 403
385, 3170, 402
386, 3180, 409
386, 3190, 414
388, 3200, 413
390, 3210, 412
391, 3220, 415
391, 3230, 416
391, 3240, 415
391, 3250, 416
395, 3260, 415
395, 3270, 416
399, 3280, 419
400, 3290, 422
400, 3300, 423
401, 3310, 423
402, 3320, 424
{'count': 3320, 'truepos': 57, 'falseneg': 2, 'unknownyes': 3, 'falsepos': 345, 'unique': 3320}
58: Wahono.csv: three: 0, 0
7, 10
8, 20, 114
9, 30, 109
9, 40, 102
10, 50, 85
11, 60, 71
17, 70, 54
19, 80, 66
25, 90, 62
25, 100, 80
28, 110, 61
30, 120, 65
32, 130, 62
34, 140, 61
35, 150, 61
35, 160, 65
36, 170, 60
37, 180, 59
38, 190, 61
38, 200, 63
39, 210, 59
40, 220, 60
41, 230, 59
42, 240, 59
42, 250, 62
44, 260, 63
44, 270, 64
45, 280, 64
48, 290, 65
48, 300, 71
49, 310, 68
49, 320, 71
51, 330, 65
52, 340, 73
53, 350, 74
53, 360, 81
53, 370, 70
53, 380, 73
54, 390, 69
54, 400, 69
55, 410, 69
55, 420, 70
55, 430, 67
55, 440, 72
55, 450, 73
56, 460, 69
59, 470, 66
60, 480, 74
60, 490, 75
61, 500, 74
61, 510, 75
61, 520, 76
61, 530, 75
62, 540, 71
63, 550, 74
63, 560, 77
66, 570, 75
68, 580, 81
70, 590, 87
71, 600, 93
73, 610, 96
73, 620, 101
74, 630, 99
74, 640, 108
74, 650, 100
75, 660, 95
75, 670, 96
75, 680, 100
75, 690, 99
77, 700, 99
77, 710, 102
77, 720, 98
77, 730, 101
77, 740, 99
78, 750, 100
78, 760, 102
78, 770, 96
78, 780, 98
79, 790, 99
79, 800, 99
79, 810, 99
79, 820, 97
79, 830, 100
80, 840, 96
80, 850, 98
80, 860, 97
80, 870, 97
80, 880, 97
80, 890, 96
81, 900, 94
82, 910, 96
83, 920, 98
83, 930, 100
83, 940, 98
84, 950, 99
86, 960, 102
87, 970, 105
87, 980, 108
87, 990, 105
87, 1000, 104
87, 1010, 102
87, 1020, 102
87, 1030, 101
88, 1040, 101
88, 1050, 104
88, 1060, 104
88, 1070, 103
88, 1080, 101
88, 1090, 102
88, 1100, 100
89, 1110, 102
89, 1120, 102
89, 1130, 101
89, 1140, 100
90, 1150, 100
90, 1160, 102
91, 1170, 102
91, 1180, 103
91, 1190, 101
92, 1200, 102
93, 1210, 103
93, 1220, 105
93, 1230, 102
93, 1240, 103
93, 1250, 103
93, 1260, 103
94, 1270, 103
94, 1280, 103
95, 1290, 106
96, 1300, 109
96, 1310, 110
96, 1320, 109
96, 1330, 109
97, 1340, 108
97, 1350, 109
97, 1360, 110
97, 1370, 109
98, 1380, 110
99, 1390, 111
99, 1400, 110
99, 1410, 111
99, 1420, 111
100, 1430, 111
100, 1440, 110
100, 1450, 111
100, 1460, 112
101, 1470, 111
101, 1480, 112
102, 1490, 112
103, 1500, 113
103, 1510, 115
103, 1520, 115
104, 1530, 112
104, 1540, 116
104, 1550, 114
104, 1560, 114
105, 1570, 115
105, 1580, 116
106, 1590, 115
107, 1600, 118
107, 1610, 118
107, 1620, 115
107, 1630, 117
107, 1640, 117
107, 1650, 117
107, 1660, 115
107, 1670, 115
107, 1680, 117
108, 1690, 115
108, 1700, 116
108, 1710, 115
108, 1720, 116
108, 1730, 115
108, 1740, 115
108, 1750, 114
108, 1760, 115
108, 1770, 116
109, 1780, 115
109, 1790, 117
109, 1800, 119
110, 1810, 117
110, 1820, 117
110, 1830, 117
110, 1840, 117
110, 1850, 117
110, 1860, 116
110, 1870, 116
111, 1880, 116
111, 1890, 120
111, 1900, 119
112, 1910, 117
112, 1920, 118
112, 1930, 118
{'count': 4200, 'truepos': 61, 'falseneg': 1, 'unknownyes': 0, 'falsepos': 51, 'unique': 1930}
58: Wahono.csv: machine: 0, 0
5, 10
6, 20, 94
6, 30, 95
11, 40, 66
15, 50, 74
17, 60, 84
['yes' 'yes' 'yes' 'no' 'no' 'yes' 'yes' 'yes' 'yes' 'yes']
[]
16, 60, 84
22, 70, 64
24, 80, 82
25, 90, 80
27, 100, 71
30, 110, 68
['yes' 'yes' 'no' 'no' 'yes' 'yes' 'yes' 'yes' 'no' 'yes']
['no' 'no' 'no' 'no' 'no' 'yes' 'no' 'no' 'no' 'no']
27, 110, 68
29, 120, 69
30, 130, 64
32, 140, 62
35, 150, 68
37, 160, 69
['yes' 'yes' 'yes' 'no' 'yes' 'no' 'yes' 'yes' 'no' 'yes']
['no' 'no' 'no' 'yes' 'no' 'no' 'no' 'no' 'yes' 'no']
36, 160, 69
39, 170, 68
39, 180, 73
39, 190, 71
39, 200, 63
40, 210, 59
['yes' 'yes' 'no' 'yes' 'no' 'no' 'yes' 'yes' 'yes' 'yes']
['no' 'no' 'no' 'no' 'no' 'no' 'no' 'no' 'yes' 'no']
40, 210, 59
40, 220, 64
43, 230, 65
43, 240, 69
45, 250, 64
47, 260, 66
['no' 'no' 'yes' 'yes' 'yes' 'yes' 'no' 'yes' 'yes' 'no']
['no' 'yes' 'no' 'no' 'no' 'no' 'no' 'no' 'no' 'no']
43, 260, 66
43, 270, 66
46, 280, 59
46, 290, 69
47, 300, 71
49, 310, 70
['no' 'yes' 'no' 'no' 'no' 'no' 'no' 'no' 'yes' 'yes']
['no' 'yes' 'no' 'no' 'no' 'no' 'no' 'no' 'no' 'no']
44, 310, 70
45, 320, 63
46, 330, 62
47, 340, 66
48, 350, 64
49, 360, 73
['no' 'no' 'yes' 'yes' 'no' 'no' 'yes' 'no' 'yes' 'yes']
['yes' 'no' 'no' 'no' 'no' 'no' 'no' 'no' 'no' 'no']
47, 360, 73
48, 370, 65
49, 380, 68
50, 390, 64
50, 400, 66
52, 410, 64
['no' 'yes' 'no' 'no' 'yes' 'no' 'no' 'no']
['yes' 'yes' 'no' 'no' 'no' 'no' 'no' 'no' 'no' 'no']
49, 410, 64
50, 420, 63
50, 430, 63
51, 440, 61
52, 450, 64
55, 460, 65
['no' 'no' 'yes' 'yes' 'no' 'yes']
['no' 'no' 'no' 'no' 'no' 'no' 'no' 'no' 'no' 'no']
54, 460, 65
55, 470, 67
56, 480, 67
57, 490, 67
58, 500, 74
59, 510, 72
['no' 'no' 'yes' 'no' 'no' 'no' 'no']
['no' 'no' 'no' 'no' 'no' 'no' 'no' 'no' 'no' 'no']
55, 510, 72
55, 520, 65
55, 530, 68
55, 540, 67
57, 550, 66
59, 560, 69
['no' 'no' 'no' 'no' 'no' 'no']
['no' 'no' 'no' 'no' 'no' 'no' 'no' 'no' 'no' 'no']
55, 560, 69
55, 570, 70
56, 580, 68
58, 590, 67
60, 600, 68
61, 610, 70
['yes' 'yes' 'no' 'no' 'yes' 'no']
['no' 'no' 'no' 'no' 'no' 'no' 'no' 'no' 'no' 'no']
57, 610, 70
58, 620, 67
59, 630, 67
62, 640, 69
63, 650, 73
64, 660, 74
['no' 'no' 'no' 'no' 'no' 'no' 'no']
['no' 'no' 'no' 'no' 'no' 'no' 'no' 'no' 'no' 'no']
60, 660, 74
64, 670, 70
64, 680, 76
65, 690, 76
66, 700, 76
68, 710, 78
['no' 'no' 'no' 'no' 'no' 'yes' 'no' 'no' 'no' 'no']
['no' 'no' 'no' 'no' 'no' 'no' 'no' 'no' 'no' 'no']
60, 710, 78
61, 720, 69
63, 730, 69
65, 740, 70
68, 750, 75
70, 760, 78
['no' 'no' 'no' 'yes' 'no' 'no' 'no' 'yes' 'yes' 'no']
['no' 'no' 'no' 'no' 'no' 'no' 'no' 'no' 'no' 'no']
66, 760, 78
67, 770, 75
68, 780, 77
69, 790, 78
71, 800, 79
72, 810, 83
['no' 'no' 'yes' 'yes' 'no' 'no' 'no' 'no' 'no']
['no' 'no' 'no' 'no' 'no' 'no' 'no' 'no' 'no' 'no']
66, 810, 83
69, 820, 74
69, 830, 80
69, 840, 80
69, 850, 79
70, 860, 79
['no' 'no' 'no' 'no' 'no']
['no' 'no' 'no' 'no' 'no' 'no' 'no' 'no' 'no' 'no']
67, 860, 79
68, 870, 76
69, 880, 78
69, 890, 79
69, 900, 78
71, 910, 78
['no' 'no' 'no' 'no' 'no' 'no']
['no' 'no' 'no' 'no' 'no' 'no' 'no' 'no' 'no' 'no']
70, 910, 78
72, 920, 80
73, 930, 81
74, 940, 83
77, 950, 83
78, 960, 87
['no' 'no' 'no' 'no' 'no' 'no' 'no' 'no' 'no']
['no' 'no' 'no' 'no' 'no' 'no' 'no' 'no' 'no' 'no']
71, 960, 87
71, 970, 79
71, 980, 80
73, 990, 81
74, 1000, 83
75, 1010, 84
['no' 'no' 'no' 'no' 'no']
['no' 'no' 'no' 'no' 'no' 'no' 'no' 'no' 'no' 'no']
72, 1010, 84
74, 1020, 79
74, 1030, 83
75, 1040, 84
75, 1050, 83
76, 1060, 85
['no' 'no' 'no' 'no']
['no' 'no' 'no' 'yes' 'no' 'no' 'no' 'no' 'no' 'no']
74, 1060, 85
74, 1070, 83
74, 1080, 82
75, 1090, 81
76, 1100, 83
77, 1110, 85
['no' 'no' 'no' 'no']
['no' 'no' 'no' 'no' 'no' 'no' 'no' 'no' 'no' 'no']
75, 1110, 85
75, 1120, 84
76, 1130, 84
77, 1140, 88
79, 1150, 87
79, 1160, 92
['no' 'no' 'no' 'no' 'no']
['no' 'no' 'no' 'no' 'no' 'no' 'no' 'no' 'no' 'no']
75, 1160, 92
75, 1170, 82
75, 1180, 83
76, 1190, 82
77, 1200, 84
77, 1210, 83
['no' 'no' 'no']
['no' 'no' 'no' 'no' 'no' 'no' 'no' 'no' 'no' 'no']
76, 1210, 83
76, 1220, 83
77, 1230, 82
78, 1240, 83
82, 1250, 83
83, 1260, 88
['no' 'no' 'no' 'no' 'no' 'no' 'no' 'no']
['no' 'no' 'no' 'no' 'no' 'no' 'no' 'no' 'no' 'no']
76, 1260, 88
77, 1270, 82
80, 1280, 85
81, 1290, 89
81, 1300, 90
82, 1310, 89
['no' 'no' 'no' 'no' 'no' 'no' 'no']
['no' 'no' 'no' 'no' 'no' 'no' 'no' 'no' 'no' 'no']
77, 1310, 89
77, 1320, 84
77, 1330, 85
78, 1340, 84
79, 1350, 84
81, 1360, 86
['no' 'no' 'no' 'yes' 'no']
['no' 'no' 'no' 'no' 'no' 'no' 'no' 'no' 'no' 'no']
79, 1360, 86
80, 1370, 85
80, 1380, 87
81, 1390, 87
82, 1400, 89
84, 1410, 90
['no' 'no' 'no' 'no' 'no']
['no' 'no' 'no' 'no' 'no' 'no' 'no' 'no' 'no' 'no']
80, 1410, 90
82, 1420, 87
84, 1430, 90
84, 1440, 93
85, 1450, 93
86, 1460, 94
['no' 'no' 'no' 'no' 'no' 'no' 'no']
['no' 'no' 'no' 'yes' 'no' 'no' 'no' 'no' 'no' 'no']
82, 1460, 94
86, 1470, 89
89, 1480, 94
90, 1490, 98
91, 1500, 99
92, 1510, 100
['no' 'no' 'no' 'no' 'no' 'no' 'no' 'no' 'no' 'no']
['no' 'no' 'no' 'no' 'no' 'no' 'no' 'no' 'no' 'no']
83, 1510, 100
85, 1520, 91
85, 1530, 94
87, 1540, 95
87, 1550, 99
87, 1560, 98
['no' 'no' 'no' 'no']
['no' 'no' 'no' 'no' 'no' 'no' 'no' 'no' 'no' 'no']
84, 1560, 98
84, 1570, 90
84, 1580, 91
84, 1590, 91
84, 1600, 90
84, 1610, 90
['no']
['no' 'no' 'no' 'no' 'no' 'no' 'no' 'no' 'no' 'no']
84, 1610, 90
85, 1620, 90
87, 1630, 91
88, 1640, 93
90, 1650, 94
91, 1660, 96
['no' 'no' 'no' 'no' 'no' 'no' 'no']
['no' 'no' 'no' 'no' 'no' 'no' 'no' 'no' 'no' 'no']
85, 1660, 96
86, 1670, 90
86, 1680, 93
88, 1690, 91
88, 1700, 93
89, 1710, 93
['no' 'no' 'no' 'no']
['no' 'no' 'no' 'no' 'no' 'no' 'no' 'no' 'no' 'no']
['no' 'no' 'no' 'no']
['no' 'no' 'no' 'no' 'no' 'no' 'no' 'no' 'no' 'no']
{'count': 2278, 'truepos': 58, 'falseneg': 1, 'unknownyes': 3, 'falsepos': 29, 'unique': 1710}
58: Wahono.csv: machine2: 0, 0
6, 10
7, 20, 102
8, 30, 100
12, 40, 92
14, 50, 99
15, 60, 90
['yes' 'no' 'yes' 'yes' 'yes' 'yes' 'no' 'yes' 'yes' 'yes']
['no']
14, 60, 90
18, 70, 69
22, 80, 69
23, 90, 81
27, 100, 71
28, 110, 81
['no' 'yes' 'yes' 'yes' 'yes' 'yes' 'no' 'yes' 'yes' 'yes']
[]
26, 110, 81
28, 120, 64
29, 130, 64
33, 140, 62
36, 150, 62
39, 160, 59
['yes' 'yes' 'yes' 'yes' 'yes' 'yes' 'yes' 'no' 'yes' 'no']
['no' 'no' 'no' 'no' 'no' 'no' 'no' 'no' 'no' 'no']
37, 160, 59
37, 170, 63
40, 180, 57
42, 190, 64
42, 200, 72
44, 210, 64
['no' 'no' 'no' 'yes' 'yes' 'no' 'yes' 'yes' 'no' 'yes']
['no' 'no' 'no' 'no' 'no' 'no' 'no' 'no' 'no' 'no']
40, 210, 64
42, 220, 58
44, 230, 62
45, 240, 62
46, 250, 62
47, 260, 65
['yes' 'no' 'no' 'yes' 'yes' 'no' 'yes' 'yes' 'yes' 'yes']
['no' 'no' 'no' 'no' 'no' 'no' 'no' 'no' 'no' 'no']
44, 260, 65
47, 270, 60
49, 280, 65
52, 290, 63
53, 300, 66
53, 310, 70
['no' 'no' 'yes' 'yes' 'yes' 'no' 'yes' 'yes' 'no' 'no']
['no' 'no' 'no' 'no' 'no' 'no' 'no' 'no' 'no' 'no']
49, 310, 70
52, 320, 60
53, 330, 66
53, 340, 67
53, 350, 66
53, 360, 65
['no' 'no' 'yes' 'yes' 'yes' 'yes' 'no' 'yes' 'yes' 'yes']
['no' 'no' 'no' 'no' 'no' 'no' 'no' 'no' 'no' 'no']
52, 360, 65
53, 370, 69
56, 380, 64
56, 390, 73
58, 400, 73
61, 410, 75
['no' 'no' 'no' 'no' 'no' 'no' 'no' 'no' 'no' 'no']
['no' 'no' 'no' 'no' 'yes' 'no' 'no' 'no' 'no' 'yes']
55, 410, 75
56, 420, 69
57, 430, 67
58, 440, 71
58, 450, 71
58, 460, 73
['no' 'no' 'no' 'yes' 'yes' 'no']
['no' 'no' 'no' 'no' 'no' 'no' 'no' 'no' 'no' 'no']
55, 460, 73
57, 470, 68
57, 480, 71
59, 490, 72
59, 500, 84
60, 510, 72
['no' 'no' 'no' 'yes' 'no' 'no']
['no' 'no' 'no' 'no' 'no' 'no' 'no' 'no' 'no' 'no']
61, 510, 72
62, 520, 75
63, 530, 78
63, 540, 77
65, 550, 78
66, 560, 86
['no' 'no' 'no' 'no' 'no' 'no' 'no' 'no' 'no']
['no' 'no' 'no' 'no' 'no' 'no' 'no' 'no' 'no' 'no']
62, 560, 86
65, 570, 73
66, 580, 79
67, 590, 80
69, 600, 81
70, 610, 84
['no' 'no' 'no' 'no' 'no' 'no' 'no' 'no' 'no' 'no']
['no' 'no' 'no' 'no' 'no' 'no' 'no' 'no' 'no' 'no']
65, 610, 84
68, 620, 77
69, 630, 84
70, 640, 83
71, 650, 84
72, 660, 82
['no' 'no' 'no' 'no' 'yes' 'no' 'no' 'no' 'no']
['no' 'no' 'no' 'no' 'no' 'no' 'no' 'no' 'no' 'no']
66, 660, 82
67, 670, 76
69, 680, 79
71, 690, 81
71, 700, 87
74, 710, 86
['no' 'no' 'no' 'no' 'no' 'no' 'no' 'no']
['no' 'no' 'no' 'no' 'no' 'no' 'no' 'no' 'no' 'no']
69, 710, 86
69, 720, 84
71, 730, 84
72, 740, 84
73, 750, 89
74, 760, 90
['no' 'no' 'no' 'no' 'no' 'no']
['no' 'no' 'no' 'no' 'no' 'no' 'no' 'no' 'no' 'no']
69, 760, 90
69, 770, 82
69, 780, 79
69, 790, 80
70, 800, 80
71, 810, 80
['no' 'no' 'no']
['no' 'no' 'no' 'no' 'no' 'no' 'no' 'no' 'no' 'no']
69, 810, 80
71, 820, 80
71, 830, 82
73, 840, 83
75, 850, 85
75, 860, 86
['no' 'no' 'no' 'yes' 'yes' 'no']
['no' 'no' 'no' 'no' 'no' 'no' 'no' 'no' 'no' 'no']
74, 860, 86
75, 870, 87
77, 880, 87
79, 890, 90
81, 900, 94
83, 910, 95
['no' 'no' 'yes' 'no' 'no' 'no' 'no' 'no' 'no' 'no']
['no' 'no' 'no' 'no' 'no' 'no' 'no' 'no' 'no' 'no']
78, 910, 95
78, 920, 91
79, 930, 91
80, 940, 90
81, 950, 93
82, 960, 95
['no' 'no' 'no' 'no' 'no' 'no']
['no' 'no' 'no' 'no' 'no' 'no' 'no' 'no' 'no' 'no']
82, 960, 95
83, 970, 96
85, 980, 99
86, 990, 96
88, 1000, 100
89, 1010, 102
['no' 'no' 'no' 'no' 'no' 'no' 'no' 'no' 'no' 'no']
['no' 'no' 'no' 'no' 'no' 'no' 'no' 'no' 'no' 'no']
85, 1010, 102
88, 1020, 95
88, 1030, 100
88, 1040, 99
88, 1050, 101
88, 1060, 104
['no' 'no' 'no' 'no' 'no' 'no']
['no' 'no' 'no' 'no' 'no' 'no' 'no' 'no' 'no' 'no']
87, 1060, 104
89, 1070, 96
90, 1080, 101
92, 1090, 102
93, 1100, 105
93, 1110, 106
['no' 'no' 'no' 'no' 'no' 'no' 'no' 'no' 'no' 'no']
['no' 'no' 'no' 'no' 'no' 'no' 'no' 'no' 'no' 'no']
85, 1110, 106
85, 1120, 93
86, 1130, 93
89, 1140, 98
90, 1150, 101
90, 1160, 104
['no' 'no' 'no' 'no' 'no' 'no']
['no' 'no' 'no' 'no' 'no' 'no' 'no' 'no' 'no' 'no']
85, 1160, 104
85, 1170, 95
86, 1180, 93
86, 1190, 95
86, 1200, 94
86, 1210, 94
['no']
['no' 'no' 'no' 'no' 'no' 'no' 'no' 'no' 'no' 'no']
87, 1210, 94
89, 1220, 95
91, 1230, 97
93, 1240, 100
93, 1250, 101
93, 1260, 100
['no' 'no' 'no' 'no' 'no' 'no' 'no' 'no']
['no' 'no' 'no' 'no' 'no' 'no' 'no' 'no' 'no' 'no']
89, 1260, 100
90, 1270, 97
91, 1280, 97
91, 1290, 99
93, 1300, 99
93, 1310, 101
['no' 'no' 'no' 'no' 'no' 'no']
['no' 'no' 'no' 'no' 'no' 'no' 'no' 'no' 'no' 'no']
88, 1310, 101
89, 1320, 98
89, 1330, 96
90, 1340, 97
92, 1350, 98
93, 1360, 99
['no' 'no' 'no' 'no' 'no']
['no' 'no' 'no' 'no' 'no' 'no' 'no' 'no' 'no' 'no']
92, 1360, 99
93, 1370, 100
94, 1380, 101
95, 1390, 101
97, 1400, 102
97, 1410, 104
['no' 'no' 'no' 'no' 'yes' 'no' 'no']
['no' 'no' 'no' 'no' 'no' 'no' 'no' 'no' 'no' 'no']
93, 1410, 104
95, 1420, 100
96, 1430, 102
97, 1440, 103
99, 1450, 103
100, 1460, 107
['no' 'no' 'no' 'no' 'no' 'no' 'no' 'no']
['no' 'no' 'no' 'no' 'no' 'no' 'no' 'no' 'no' 'no']
99, 1460, 107
99, 1470, 105
100, 1480, 106
100, 1490, 106
101, 1500, 106
101, 1510, 108
['no' 'no' 'no' 'no' 'no' 'no' 'no']
['no' 'no' 'no' 'no' 'no' 'no' 'no' 'no' 'no' 'no']
97, 1510, 108
98, 1520, 103
98, 1530, 105
99, 1540, 106
99, 1550, 105
100, 1560, 106
['no' 'no' 'no' 'no']
['no' 'no' 'no' 'no' 'no' 'no' 'no' 'no' 'no' 'no']
99, 1560, 106
['no' 'no']
['no' 'no' 'no' 'no' 'no' 'no' 'no' 'no' 'no' 'no']
{'count': 2227, 'truepos': 55, 'falseneg': 2, 'unknownyes': 5, 'falsepos': 44, 'unique': 1560}
58: Wahono.csv: machine3: 0, 0
5, 10
5, 20, 94
8, 30, 87
10, 40, 92
11, 50, 84
15, 60, 70
null
['yes']
15, 60, 70
17, 70, 67
18, 80, 63
21, 90, 59
22, 100, 61
23, 110, 60
null
[]
25, 120, 57
25, 130, 59
27, 140, 52
30, 150, 54
31, 160, 61
32, 170, 63
null
['no' 'no' 'no' 'no' 'no' 'no' 'no' 'no' 'no' 'no']
32, 170, 63
34, 180, 62
34, 190, 64
34, 200, 59
37, 210, 55
38, 220, 61
null
['no' 'no' 'no' 'no' 'no' 'no' 'no' 'no' 'no' 'no']
38, 220, 61
38, 230, 64
38, 240, 58
39, 250, 55
39, 260, 57
39, 270, 58
null
['no' 'no' 'no' 'no' 'no' 'no' 'no' 'no' 'no' 'no']
39, 270, 58
39, 280, 60
40, 290, 56
40, 300, 55
40, 310, 56
42, 320, 60
null
['no' 'no' 'no' 'no' 'no' 'no' 'no' 'no' 'no' 'no']
42, 320, 60
43, 330, 64
43, 340, 65
44, 350, 63
45, 360, 66
45, 370, 72
null
['no' 'no' 'no' 'no' 'no' 'no' 'yes' 'no' 'no' 'no']
46, 370, 72
46, 380, 70
46, 390, 69
46, 400, 66
46, 410, 60
46, 420, 63
null
['no' 'no' 'no' 'no' 'no' 'no' 'no' 'no' 'no' 'no']
46, 420, 63
46, 430, 62
46, 440, 60
46, 450, 64
46, 460, 64
46, 470, 59
null
['no' 'no' 'no' 'no' 'no' 'no' 'no' 'no' 'no' 'no']
47, 470, 59
47, 480, 59
47, 490, 59
47, 500, 60
47, 510, 59
49, 520, 58
null
['no' 'yes' 'no' 'no' 'no' 'no' 'no' 'no' 'no' 'no']
50, 520, 58
51, 530, 64
51, 540, 64
51, 550, 66
51, 560, 63
53, 570, 63
null
['no' 'no' 'no' 'no' 'no' 'no' 'no' 'no' 'no' 'no']
53, 570, 63
54, 580, 64
55, 590, 67
55, 600, 66
55, 610, 69
55, 620, 66
null
['no' 'no' 'no' 'no' 'no' 'no' 'no' 'no' 'no' 'no']
55, 620, 66
56, 630, 67
56, 640, 68
56, 650, 67
58, 660, 69
58, 670, 70
null
['no' 'no' 'no' 'no' 'no' 'no' 'no' 'no' 'no' 'no']
58, 670, 70
58, 680, 69
58, 690, 69
58, 700, 71
58, 710, 69
58, 720, 68
null
['no' 'no' 'no' 'no' 'no' 'no' 'no' 'no' 'no' 'no']
58, 720, 68
59, 730, 69
60, 740, 68
60, 750, 70
60, 760, 71
60, 770, 70
null
['no' 'no' 'no' 'no' 'no' 'no' 'no' 'no' 'no' 'no']
60, 770, 70
60, 780, 68
60, 790, 70
60, 800, 70
60, 810, 69
60, 820, 68
null
['no' 'no' 'no' 'no' 'no' 'no' 'no' 'no' 'no' 'no']
60, 820, 68
60, 830, 68
61, 840, 67
61, 850, 71
61, 860, 70
62, 870, 70
null
['no' 'no' 'no' 'no' 'yes' 'no' 'no' 'no' 'no' 'no']
62, 870, 70
62, 880, 70
62, 890, 72
62, 900, 70
63, 910, 69
63, 920, 70
null
['no' 'no' 'no' 'no' 'no' 'no' 'no' 'no' 'no' 'no']
63, 920, 70
63, 930, 72
63, 940, 71
64, 950, 71
64, 960, 72
64, 970, 72
null
['no' 'no' 'no' 'no' 'no' 'no' 'no' 'no' 'no' 'no']
64, 970, 72
64, 980, 72
65, 990, 72
65, 1000, 73
65, 1010, 72
66, 1020, 73
null
['no' 'no' 'no' 'no' 'no' 'no' 'no' 'no' 'no' 'no']
66, 1020, 73
66, 1030, 74
66, 1040, 73
66, 1050, 73
66, 1060, 74
67, 1070, 74
null
['no' 'no' 'no' 'no' 'no' 'no' 'no' 'no' 'no' 'no']
68, 1070, 74
68, 1080, 76
68, 1090, 76
68, 1100, 76
68, 1110, 76
68, 1120, 75
null
['no' 'no' 'no' 'no' 'no' 'no' 'no' 'no' 'no' 'no']
68, 1120, 75
68, 1130, 74
69, 1140, 75
69, 1150, 76
70, 1160, 76
70, 1170, 77
null
['no' 'no' 'no' 'no' 'no' 'no' 'no' 'no' 'no' 'no']
70, 1170, 77
70, 1180, 78
70, 1190, 77
70, 1200, 77
70, 1210, 76
71, 1220, 77
null
['no' 'no' 'no' 'no' 'no' 'no' 'no' 'no' 'no' 'no']
71, 1220, 77
71, 1230, 78
71, 1240, 78
71, 1250, 78
71, 1260, 78
71, 1270, 77
null
['no' 'no' 'no' 'no' 'no' 'no' 'no' 'no' 'no' 'no']
71, 1270, 77
72, 1280, 78
72, 1290, 80
72, 1300, 80
72, 1310, 79
72, 1320, 80
null
['no' 'no' 'no' 'no' 'no' 'no' 'no' 'no' 'no' 'no']
73, 1320, 80
74, 1330, 80
74, 1340, 80
74, 1350, 81
75, 1360, 81
76, 1370, 82
null
['no' 'no' 'no' 'no' 'no' 'no' 'no' 'no' 'no' 'no']
76, 1370, 82
76, 1380, 84
77, 1390, 83
77, 1400, 85
77, 1410, 84
77, 1420, 85
null
['no' 'no' 'no' 'no' 'no' 'no' 'no' 'no' 'no' 'no']
77, 1420, 85
78, 1430, 86
78, 1440, 88
78, 1450, 87
78, 1460, 86
78, 1470, 88
null
['no' 'no' 'no' 'no' 'no' 'no' 'no' 'no' 'no' 'no']
78, 1470, 88
78, 1480, 86
80, 1490, 86
80, 1500, 87
80, 1510, 87
80, 1520, 88
null
['no' 'no' 'no' 'no' 'no' 'no' 'no' 'no' 'no' 'no']
80, 1520, 88
81, 1530, 87
82, 1540, 89
82, 1550, 90
82, 1560, 90
83, 1570, 90
null
['no' 'no' 'no' 'no' 'no' 'no' 'no' 'no' 'no' 'no']
83, 1570, 90
83, 1580, 90
83, 1590, 91
84, 1600, 90
84, 1610, 92
84, 1620, 91
null
['no' 'no' 'no' 'no' 'no' 'no' 'no' 'yes' 'no' 'no']
85, 1620, 91
85, 1630, 92
85, 1640, 93
85, 1650, 91
85, 1660, 92
86, 1670, 91
null
['no' 'no' 'no' 'no' 'no' 'no' 'no' 'no' 'no' 'no']
86, 1670, 91
86, 1680, 93
86, 1690, 92
86, 1700, 92
86, 1710, 91
86, 1720, 91
null
['no' 'no' 'no' 'no' 'no' 'no' 'no' 'no' 'no' 'no']
86, 1720, 91
86, 1730, 91
86, 1740, 92
86, 1750, 92
86, 1760, 91
86, 1770, 91
null
['no' 'no' 'no' 'no' 'no' 'no' 'no' 'no' 'no' 'no']
86, 1770, 91
87, 1780, 91
87, 1790, 92
null
['no' 'no' 'no' 'no' 'no' 'no' 'no' 'no' 'no' 'no']
{'count': 2527, 'truepos': 54, 'falseneg': 4, 'unknownyes': 4, 'falsepos': 33, 'unique': 1790}
58: Wahono.csv: machine4: 0, 0
6, 10
6, 20, 100
7, 30, 92
11, 40, 86
11, 50, 90
14, 60, 54
17, 70, 50
19, 80, 52
21, 90, 52
22, 100, 52
24, 110, 50
26, 120, 53
27, 130, 57
29, 140, 55
31, 150, 53
32, 160, 60
34, 170, 53
34, 180, 58
36, 190, 58
36, 200, 63
38, 210, 60
38, 220, 71
38, 230, 59
40, 240, 57
41, 250, 63
42, 260, 62
43, 270, 61
44, 280, 63
44, 290, 63
44, 300, 63
46, 310, 60
48, 320, 67
48, 330, 71
48, 340, 63
49, 350, 66
49, 360, 65
51, 370, 64
54, 380, 65
54, 390, 71
54, 400, 73
54, 410, 68
56, 420, 70
58, 430, 77
59, 440, 76
60, 450, 79
60, 460, 78
60, 470, 74
60, 480, 80
60, 490, 73
60, 500, 79
60, 510, 78
61, 520, 75
61, 530, 81
61, 540, 77
61, 550, 75
61, 560, 76
61, 570, 77
61, 580, 77
61, 590, 80
61, 600, 71
61, 610, 74
61, 620, 76
64, 630, 71
64, 640, 76
64, 650, 74
64, 660, 74
64, 670, 77
65, 680, 73
66, 690, 76
67, 700, 78
67, 710, 78
67, 720, 76
67, 730, 76
67, 740, 76
67, 750, 77
67, 760, 76
67, 770, 76
67, 780, 76
67, 790, 77
68, 800, 76
68, 810, 77
70, 820, 75
70, 830, 81
70, 840, 81
70, 850, 81
70, 860, 79
71, 870, 80
71, 880, 80
71, 890, 81
72, 900, 79
72, 910, 81
73, 920, 81
73, 930, 83
73, 940, 83
73, 950, 82
74, 960, 80
74, 970, 83
76, 980, 82
77, 990, 84
77, 1000, 87
77, 1010, 85
78, 1020, 88
78, 1030, 86
79, 1040, 86
80, 1050, 90
80, 1060, 93
81, 1070, 93
81, 1080, 92
81, 1090, 90
82, 1100, 91
82, 1110, 95
82, 1120, 91
82, 1130, 91
82, 1140, 92
82, 1150, 91
82, 1160, 93
82, 1170, 92
82, 1180, 92
82, 1190, 91
82, 1200, 91
82, 1210, 90
82, 1220, 91
82, 1230, 91
83, 1240, 90
83, 1250, 92
83, 1260, 92
83, 1270, 92
84, 1280, 93
84, 1290, 93
84, 1300, 93
84, 1310, 93
84, 1320, 92
84, 1330, 93
84, 1340, 93
85, 1350, 92
87, 1360, 94
87, 1370, 100
87, 1380, 98
87, 1390, 98
87, 1400, 96
87, 1410, 97
87, 1420, 97
87, 1430, 96
87, 1440, 95
87, 1450, 96
87, 1460, 96
87, 1470, 96
87, 1480, 96
87, 1490, 95
87, 1500, 96
87, 1510, 96
87, 1520, 95
87, 1530, 96
87, 1540, 95
88, 1550, 96
88, 1560, 96
88, 1570, 96
88, 1580, 96
88, 1590, 95
88, 1600, 94
88, 1610, 95
88, 1620, 94
88, 1630, 96
88, 1640, 94
88, 1650, 95
88, 1660, 93
88, 1670, 93
88, 1680, 94
88, 1690, 94
88, 1700, 93
88, 1710, 95
88, 1720, 95
88, 1730, 94
88, 1740, 94
89, 1750, 93
89, 1760, 95
89, 1770, 94
89, 1780, 94
89, 1790, 94
90, 1800, 95
90, 1810, 96
90, 1820, 95
90, 1830, 95
91, 1840, 95
91, 1850, 97
91, 1860, 97
92, 1870, 97
92, 1880, 98
92, 1890, 98
92, 1900, 98
92, 1910, 97
92, 1920, 98
92, 1930, 98
92, 1940, 97
92, 1950, 97
{'count': 2334, 'truepos': 62, 'falseneg': 0, 'unknownyes': 0, 'falsepos': 30, 'unique': 1950}
58: Danijel.csv: none: 0, 0
6, 10
8, 20, 114
10, 30, 117
11, 40, 111
13, 50, 107
13, 60, 101
14, 70, 79
15, 80, 74
19, 90, 67
22, 100, 73
23, 110, 80
25, 120, 67
26, 130, 72
28, 140, 67
28, 150, 69
30, 160, 61
34, 170, 57
35, 180, 62
35, 190, 59
37, 200, 58
38, 210, 59
40, 220, 63
41, 230, 65
42, 240, 65
44, 250, 69
44, 260, 72
45, 270, 65
45, 280, 70
46, 290, 73
47, 300, 68
49, 310, 69
49, 320, 68
52, 330, 70
52, 340, 70
52, 350, 73
53, 360, 69
55, 370, 71
59, 380, 73
59, 390, 75
60, 400, 77
62, 410, 78
63, 420, 83
63, 430, 82
64, 440, 83
64, 450, 85
64, 460, 80
67, 470, 77
69, 480, 82
70, 490, 88
71, 500, 92
72, 510, 89
75, 520, 90
76, 530, 93
79, 540, 100
80, 550, 101
82, 560, 106
83, 570, 109
84, 580, 112
85, 590, 101
87, 600, 102
92, 610, 102
92, 620, 115
94, 630, 110
97, 640, 111
98, 650, 113
99, 660, 116
101, 670, 119
101, 680, 125
102, 690, 125
102, 700, 117
102, 710, 118
103, 720, 119
104, 730, 119
105, 740, 120
105, 750, 120
107, 760, 121
107, 770, 123
107, 780, 124
107, 790, 125
109, 800, 120
109, 810, 126
112, 820, 125
114, 830, 136
114, 840, 151
116, 850, 134
116, 860, 138
116, 870, 140
116, 880, 139
116, 890, 140
117, 900, 138
119, 910, 134
119, 920, 140
121, 930, 143
121, 940, 138
123, 950, 138
124, 960, 140
124, 970, 143
125, 980, 139
127, 990, 144
127, 1000, 146
128, 1010, 150
129, 1020, 152
130, 1030, 155
132, 1040, 151
133, 1050, 153
133, 1060, 157
135, 1070, 152
135, 1080, 153
136, 1090, 154
136, 1100, 157
137, 1110, 150
137, 1120, 154
137, 1130, 151
137, 1140, 149
138, 1150, 150
138, 1160, 152
139, 1170, 153
140, 1180, 154
141, 1190, 155
144, 1200, 159
147, 1210, 160
149, 1220, 163
150, 1230, 166
150, 1240, 166
151, 1250, 167
153, 1260, 166
154, 1270, 168
155, 1280, 172
155, 1290, 171
156, 1300, 170
157, 1310, 178
158, 1320, 175
159, 1330, 174
161, 1340, 174
161, 1350, 177
162, 1360, 178
163, 1370, 178
164, 1380, 177
165, 1390, 184
166, 1400, 182
168, 1410, 182
169, 1420, 186
170, 1430, 183
172, 1440, 187
172, 1450, 184
172, 1460, 185
172, 1470, 185
172, 1480, 184
173, 1490, 185
175, 1500, 185
175, 1510, 190
175, 1520, 186
175, 1530, 186
176, 1540, 188
176, 1550, 187
178, 1560, 187
178, 1570, 189
179, 1580, 189
180, 1590, 191
180, 1600, 191
180, 1610, 191
182, 1620, 190
182, 1630, 193
183, 1640, 193
183, 1650, 194
185, 1660, 195
187, 1670, 199
189, 1680, 201
190, 1690, 200
192, 1700, 204
194, 1710, 204
196, 1720, 207
196, 1730, 212
198, 1740, 210
199, 1750, 215
199, 1760, 214
201, 1770, 217
201, 1780, 216
201, 1790, 218
201, 1800, 214
204, 1810, 215
205, 1820, 219
206, 1830, 222
206, 1840, 223
206, 1850, 221
206, 1860, 221
206, 1870, 219
208, 1880, 220
208, 1890, 222
210, 1900, 223
213, 1910, 225
215, 1920, 229
216, 1930, 234
218, 1940, 234
219, 1950, 236
219, 1960, 241
220, 1970, 236
220, 1980, 239
222, 1990, 239
222, 2000, 238
222, 2010, 237
223, 2020, 234
223, 2030, 239
225, 2040, 236
228, 2050, 237
228, 2060, 242
228, 2070, 242
229, 2080, 241
229, 2090, 245
230, 2100, 242
231, 2110, 245
232, 2120, 244
{'count': 2120, 'truepos': 40, 'falseneg': 5, 'unknownyes': 3, 'falsepos': 192, 'unique': 2120}
58: Danijel.csv: three: 0, 0
4, 10
6, 20, 114
10, 30, 104
11, 40, 105
12, 50, 106
14, 60, 100
16, 70, 96
17, 80, 74
18, 90, 67
20, 100, 62
22, 110, 63
25, 120, 62
28, 130, 66
30, 140, 73
30, 150, 62
32, 160, 51
33, 170, 55
33, 180, 51
36, 190, 50
37, 200, 57
39, 210, 54
41, 220, 59
44, 230, 58
44, 240, 62
45, 250, 67
45, 260, 64
45, 270, 63
45, 280, 59
45, 290, 60
45, 300, 60
45, 310, 62
45, 320, 58
47, 330, 56
48, 340, 59
48, 350, 62
48, 360, 60
50, 370, 59
50, 380, 62
50, 390, 60
50, 400, 61
51, 410, 60
51, 420, 62
51, 430, 61
51, 440, 59
51, 450, 61
51, 460, 62
52, 470, 60
52, 480, 59
54, 490, 59
55, 500, 63
55, 510, 66
55, 520, 64
55, 530, 63
55, 540, 65
55, 550, 64
56, 560, 63
56, 570, 63
58, 580, 62
59, 590, 66
59, 600, 67
59, 610, 69
59, 620, 65
59, 630, 65
59, 640, 65
60, 650, 65
60, 660, 68
60, 670, 67
61, 680, 65
62, 690, 67
63, 700, 68
63, 710, 69
63, 720, 70
63, 730, 69
63, 740, 70
64, 750, 70
64, 760, 71
64, 770, 69
64, 780, 70
64, 790, 70
64, 800, 70
64, 810, 69
64, 820, 69
65, 830, 71
66, 840, 71
66, 850, 71
67, 860, 72
67, 870, 74
67, 880, 71
68, 890, 72
68, 900, 75
68, 910, 75
68, 920, 73
68, 930, 72
68, 940, 73
68, 950, 73
70, 960, 72
70, 970, 75
70, 980, 74
70, 990, 75
71, 1000, 74
71, 1010, 76
71, 1020, 76
71, 1030, 75
72, 1040, 75
72, 1050, 76
72, 1060, 77
72, 1070, 76
72, 1080, 76
{'count': 2364, 'truepos': 44, 'falseneg': 2, 'unknownyes': 2, 'falsepos': 28, 'unique': 1080}
58: Danijel.csv: machine: 0, 0
4, 10
4, 20, 122
6, 30, 103
9, 40, 83
10, 50, 84
13, 60, 75
['no' 'yes' 'yes' 'yes' 'no' 'yes' 'yes' 'yes' 'yes' 'no']
[]
10, 60, 75
13, 70, 52
17, 80, 60
19, 90, 66
22, 100, 56
26, 110, 59
['yes' 'yes' 'yes' 'yes' 'yes' 'no' 'yes' 'yes' 'yes' 'yes']
[]
24, 110, 59
26, 120, 67
29, 130, 61
32, 140, 61
36, 150, 60
37, 160, 72
['no' 'no' 'yes' 'no' 'no' 'yes' 'no' 'yes' 'no' 'no']
['no' 'no' 'no' 'yes' 'no' 'no' 'no' 'no' 'no' 'no']
31, 160, 72
31, 170, 56
33, 180, 53
34, 190, 52
36, 200, 52
36, 210, 57
['yes' 'yes' 'yes' 'yes' 'yes' 'no' 'yes' 'yes' 'yes' 'no']
['no' 'no' 'no' 'no' 'no' 'no' 'no' 'no' 'no' 'no']
35, 210, 57
35, 220, 51
36, 230, 49
39, 240, 51
41, 250, 56
43, 260, 65
['yes' 'no' 'yes' 'yes' 'yes' 'yes' 'no' 'no' 'yes' 'no']
['no' 'no' 'no' 'no' 'yes' 'no' 'no' 'no' 'no' 'no']
41, 260, 65
41, 270, 65
41, 280, 61
43, 290, 58
43, 300, 61
44, 310, 62
['no' 'no' 'no' 'no' 'no' 'no' 'no' 'no' 'yes' 'no']
['no' 'no' 'no' 'no' 'no' 'no' 'no' 'no' 'no' 'no']
38, 310, 62
40, 320, 50
40, 330, 52
40, 340, 52
42, 350, 52
42, 360, 58
['no' 'no' 'no' 'no' 'no' 'no' 'yes' 'yes']
['no' 'no' 'no' 'no' 'no' 'no' 'no' 'no' 'no' 'no']
37, 360, 58
41, 370, 46
41, 380, 54
42, 390, 51
44, 400, 56
45, 410, 58
['no' 'no' 'yes' 'no' 'yes' 'no' 'no' 'no']
['no' 'no' 'no' 'no' 'no' 'no' 'no' 'no' 'no' 'no']
44, 410, 58
45, 420, 55
46, 430, 56
48, 440, 61
49, 450, 62
49, 460, 63
['no' 'no' 'no' 'no' 'no' 'no' 'no' 'no']
['no' 'no' 'no' 'no' 'no' 'no' 'no' 'no' 'no' 'no']
42, 460, 63
43, 470, 51
43, 480, 51
44, 490, 51
44, 500, 56
46, 510, 53
['no' 'no' 'no' 'yes' 'no']
['no' 'no' 'no' 'yes' 'no' 'no' 'no' 'no' 'no' 'no']
44, 510, 53
46, 520, 51
47, 530, 53
49, 540, 54
49, 550, 58
49, 560, 57
['no' 'no' 'no' 'no' 'yes' 'yes' 'no']
['no' 'no' 'no' 'no' 'no' 'yes' 'no' 'no' 'no' 'no']
47, 560, 57
49, 570, 54
51, 580, 57
52, 590, 59
54, 600, 63
55, 610, 65
['no' 'no' 'no' 'no' 'no' 'yes' 'no' 'no' 'no']
['no' 'no' 'no' 'no' 'no' 'no' 'no' 'no' 'no' 'no']
48, 610, 65
50, 620, 54
50, 630, 55
50, 640, 56
54, 650, 55
55, 660, 63
['no' 'no' 'no' 'no' 'no' 'no' 'yes']
['no' 'no' 'no' 'no' 'no' 'no' 'no' 'no' 'no' 'no']
50, 660, 63
51, 670, 55
52, 680, 57
53, 690, 59
53, 700, 63
54, 710, 59
['no' 'no' 'no' 'no']
['no' 'no' 'no' 'no' 'no' 'no' 'no' 'no' 'no' 'no']
51, 710, 59
51, 720, 57
54, 730, 56
55, 740, 62
55, 750, 64
55, 760, 62
['no' 'no' 'no' 'no' 'no']
['no' 'no' 'no' 'no' 'no' 'no' 'no' 'no' 'no' 'no']
52, 760, 62
52, 770, 57
53, 780, 56
54, 790, 58
56, 800, 60
57, 810, 61
['no' 'no' 'no' 'no' 'no' 'no' 'no']
['no' 'no' 'no' 'no' 'no' 'no' 'no' 'no' 'no' 'no']
50, 810, 61
50, 820, 54
51, 830, 54
54, 840, 55
55, 850, 60
55, 860, 60
['no' 'no' 'no' 'no' 'no']
['no' 'no' 'no' 'no' 'no' 'no' 'no' 'no' 'yes' 'no']
51, 860, 60
52, 870, 55
53, 880, 55
54, 890, 58
55, 900, 59
55, 910, 61
['yes' 'no' 'no' 'no']
['no' 'no' 'no' 'no' 'no' 'no' 'no' 'no' 'no' 'no']
52, 910, 61
53, 920, 55
55, 930, 57
56, 940, 59
56, 950, 61
57, 960, 60
['no' 'no' 'no' 'no' 'no']
['no' 'no' 'no' 'no' 'no' 'no' 'no' 'no' 'no' 'no']
['no' 'no' 'no' 'no' 'no']
['no' 'no' 'no' 'no' 'no' 'no' 'no' 'no' 'no' 'no']
{'count': 1272, 'truepos': 43, 'falseneg': 1, 'unknownyes': 4, 'falsepos': 10, 'unique': 960}
58: Danijel.csv: machine2: 0, 0
3, 10
4, 20, 109
6, 30, 98
7, 40, 80
10, 50, 68
11, 60, 68
['yes' 'no' 'yes' 'yes' 'yes' 'no' 'yes' 'no' 'no' 'no']
[]
8, 60, 68
13, 70, 53
16, 80, 63
22, 90, 68
23, 100, 79
26, 110, 73
['yes' 'yes' 'yes' 'yes' 'yes' 'yes' 'no' 'yes' 'yes' 'yes']
[]
25, 110, 73
26, 120, 75
27, 130, 73
31, 140, 67
33, 150, 55
36, 160, 54
['yes' 'no' 'no' 'yes' 'no' 'yes' 'yes' 'yes' 'yes' 'no']
['no' 'yes' 'no' 'no' 'no' 'no' 'no' 'no' 'no' 'no']
33, 160, 54
37, 170, 50
37, 180, 57
39, 190, 54
40, 200, 54
42, 210, 54
['yes' 'yes' 'yes' 'no' 'no' 'yes' 'no' 'yes' 'no' 'yes']
['no' 'no' 'yes' 'no' 'no' 'no' 'no' 'no' 'no' 'no']
40, 210, 54
41, 220, 54
43, 230, 54
44, 240, 62
44, 250, 61
46, 260, 58
['yes' 'yes' 'no' 'no' 'no' 'yes' 'no' 'no' 'yes' 'yes']
['yes' 'no' 'no' 'no' 'no' 'no' 'no' 'no' 'no' 'no']
44, 260, 58
46, 270, 57
48, 280, 60
51, 290, 62
52, 300, 69
53, 310, 78
['no' 'yes' 'no' 'no' 'no' 'no' 'no' 'no' 'no' 'no']
['no' 'no' 'no' 'no' 'no' 'no' 'no' 'no' 'no' 'no']
46, 310, 78
46, 320, 57
46, 330, 55
48, 340, 55
50, 350, 59
51, 360, 59
['no' 'no' 'no' 'yes' 'no' 'no' 'no' 'no' 'yes' 'yes']
['no' 'no' 'no' 'no' 'no' 'no' 'no' 'no' 'no' 'no']
45, 360, 59
46, 370, 52
47, 380, 54
49, 390, 60
51, 400, 60
51, 410, 61
['no' 'no' 'no' 'no' 'no' 'no' 'no' 'no' 'yes' 'yes']
['no' 'no' 'no' 'no' 'no' 'no' 'no' 'no' 'no' 'no']
46, 410, 61
47, 420, 60
48, 430, 58
50, 440, 59
51, 450, 63
52, 460, 64
['no' 'no' 'no' 'no' 'no' 'no' 'yes' 'yes']
['no' 'no' 'no' 'no' 'no' 'no' 'no' 'no' 'no' 'no']
48, 460, 64
50, 470, 63
50, 480, 62
50, 490, 62
50, 500, 63
52, 510, 65
['no' 'no' 'no' 'no']
['no' 'no' 'no' 'no' 'no' 'no' 'no' 'no' 'no' 'no']
50, 510, 65
51, 520, 61
53, 530, 63
54, 540, 63
54, 550, 66
54, 560, 62
['no' 'no' 'no' 'no' 'no']
['no' 'no' 'no' 'no' 'no' 'no' 'no' 'no' 'no' 'no']
51, 560, 62
51, 570, 61
52, 580, 59
54, 590, 66
56, 600, 66
56, 610, 71
['no' 'no' 'no' 'yes' 'no' 'no' 'no']
['no' 'no' 'no' 'no' 'no' 'no' 'no' 'no' 'no' 'no']
52, 610, 71
52, 620, 62
53, 630, 60
55, 640, 62
59, 650, 63
59, 660, 75
['no' 'no' 'no' 'no' 'no' 'no' 'no' 'no']
['no' 'no' 'no' 'no' 'no' 'no' 'no' 'no' 'no' 'no']
53, 660, 75
55, 670, 64
58, 680, 62
60, 690, 64
61, 700, 68
61, 710, 68
['no' 'no' 'no' 'no' 'no' 'no' 'no' 'no' 'yes']
['no' 'no' 'no' 'no' 'no' 'no' 'no' 'no' 'no' 'no']
53, 710, 68
54, 720, 64
56, 730, 63
56, 740, 61
58, 750, 61
58, 760, 63
['no' 'no' 'no' 'no' 'no']
['no' 'no' 'no' 'no' 'no' 'no' 'no' 'no' 'no' 'no']
55, 760, 63
56, 770, 60
56, 780, 62
57, 790, 61
57, 800, 65
60, 810, 61
['no' 'no' 'no' 'no' 'no' 'no']
['no' 'no' 'no' 'no' 'no' 'no' 'no' 'no' 'no' 'no']
['no' 'no' 'no' 'no' 'no' 'no']
['no' 'no' 'no' 'no' 'no' 'no' 'no' 'no' 'no' 'no']
{'count': 1160, 'truepos': 41, 'falseneg': 1, 'unknownyes': 6, 'falsepos': 16, 'unique': 810}
58: Danijel.csv: machine3: 0, 0
4, 10
4, 20, 118
5, 30, 101
5, 40, 75
6, 50, 54
6, 60, 52
null
[]
8, 70, 48
9, 80, 46
14, 90, 45
15, 100, 56
19, 110, 50
21, 120, 58
null
[]
21, 130, 60
22, 140, 50
23, 150, 48
24, 160, 47
25, 170, 47
26, 180, 45
null
[]
30, 190, 45
30, 200, 53
31, 210, 47
32, 220, 46
33, 230, 46
33, 240, 45
null
['no' 'no' 'no' 'no' 'no' 'no' 'no' 'no' 'no' 'yes']
34, 240, 45
34, 250, 45
35, 260, 49
35, 270, 47
35, 280, 48
35, 290, 49
null
['no' 'no' 'no' 'no' 'no' 'no' 'no' 'no' 'no' 'no']
35, 290, 49
35, 300, 47
37, 310, 48
37, 320, 48
38, 330, 50
38, 340, 47
null
['no' 'no' 'no' 'no' 'no' 'no' 'no' 'no' 'no' 'no']
38, 340, 47
38, 350, 47
38, 360, 52
38, 370, 51
38, 380, 47
39, 390, 47
null
['no' 'no' 'no' 'yes' 'no' 'no' 'no' 'no' 'no' 'no']
40, 390, 47
40, 400, 50
40, 410, 48
40, 420, 50
41, 430, 48
42, 440, 48
null
['no' 'no' 'no' 'no' 'no' 'no' 'no' 'no' 'yes' 'no']
42, 440, 48
43, 450, 49
43, 460, 50
43, 470, 50
45, 480, 50
45, 490, 52
null
['no' 'no' 'no' 'no' 'no' 'no' 'no' 'no' 'no' 'no']
45, 490, 52
45, 500, 52
45, 510, 51
45, 520, 52
45, 530, 51
45, 540, 50
null
['no' 'no' 'no' 'no' 'no' 'no' 'no' 'no' 'no' 'no']
45, 540, 50
45, 550, 50
45, 560, 51
45, 570, 51
45, 580, 50
45, 590, 51
null
['no' 'no' 'no' 'yes' 'no' 'no' 'no' 'no' 'no' 'no']
47, 590, 51
47, 600, 51
47, 610, 52
47, 620, 51
47, 630, 50
47, 640, 51
null
['no' 'no' 'no' 'no' 'no' 'no' 'no' 'no' 'no' 'no']
47, 640, 51
47, 650, 51
47, 660, 51
48, 670, 50
48, 680, 51
48, 690, 52
null
['no' 'no' 'no' 'no' 'no' 'no' 'no' 'no' 'yes' 'no']
49, 690, 52
49, 700, 52
49, 710, 53
50, 720, 52
50, 730, 54
50, 740, 53
null
['no' 'no' 'no' 'no' 'no' 'no' 'no' 'no' 'no' 'no']
51, 740, 53
51, 750, 54
51, 760, 55
52, 770, 54
52, 780, 56
52, 790, 57
null
['no' 'no' 'no' 'no' 'no' 'no' 'no' 'no' 'no' 'no']
52, 790, 57
52, 800, 56
52, 810, 56
52, 820, 55
52, 830, 55
52, 840, 55
null
['no' 'no' 'no' 'no' 'no' 'no' 'no' 'no' 'no' 'no']
52, 840, 55
52, 850, 55
52, 860, 55
52, 870, 55
52, 880, 55
52, 890, 55
null
['no' 'no' 'no' 'no' 'no' 'no' 'no' 'no' 'no' 'no']
52, 890, 55
53, 900, 55
53, 910, 57
53, 920, 56
53, 930, 57
54, 940, 56
null
['no' 'no' 'no' 'no' 'no' 'no' 'no' 'no' 'no' 'no']
null
['no' 'no' 'no' 'no' 'no' 'no' 'no' 'no' 'no' 'no']
{'count': 1312, 'truepos': 43, 'falseneg': 3, 'unknownyes': 2, 'falsepos': 11, 'unique': 940}
58: Danijel.csv: machine4: 0, 0
4, 10
4, 20, 126
6, 30, 95
7, 40, 80
10, 50, 62
11, 60, 66
12, 70, 60
15, 80, 54
19, 90, 53
22, 100, 59
25, 110, 62
25, 120, 60
27, 130, 52
28, 140, 53
29, 150, 53
30, 160, 51
31, 170, 47
31, 180, 45
31, 190, 45
31, 200, 44
32, 210, 42
33, 220, 45
34, 230, 44
34, 240, 46
34, 250, 45
34, 260, 43
36, 270, 43
37, 280, 47
38, 290, 47
41, 300, 48
41, 310, 52
41, 320, 52
44, 330, 51
44, 340, 57
44, 350, 60
45, 360, 53
46, 370, 56
46, 380, 58
46, 390, 57
46, 400, 54
46, 410, 58
46, 420, 54
47, 430, 56
47, 440, 59
47, 450, 56
47, 460, 61
49, 470, 58
49, 480, 61
49, 490, 60
50, 500, 62
50, 510, 64
50, 520, 60
50, 530, 62
50, 540, 61
50, 550, 63
51, 560, 61
53, 570, 61
53, 580, 66
53, 590, 63
53, 600, 61
53, 610, 62
54, 620, 63
54, 630, 64
54, 640, 66
54, 650, 64
54, 660, 64
55, 670, 65
55, 680, 64
55, 690, 70
55, 700, 63
55, 710, 63
55, 720, 64
55, 730, 62
55, 740, 62
56, 750, 63
56, 760, 65
56, 770, 64
57, 780, 63
57, 790, 63
57, 800, 63
58, 810, 62
58, 820, 63
58, 830, 63
58, 840, 64
58, 850, 66
58, 860, 63
58, 870, 66
58, 880, 64
58, 890, 63
58, 900, 62
58, 910, 62
58, 920, 62
58, 930, 63
59, 940, 62
{'count': 1157, 'truepos': 41, 'falseneg': 5, 'unknownyes': 2, 'falsepos': 18, 'unique': 940}
58: K_all3.csv: none: 0, 0
3, 10
5, 20, 76
7, 30, 72
8, 40, 66
10, 50, 64
12, 60, 61
13, 70, 59
15, 80, 57
18, 90, 59
20, 100, 60
23, 110, 59
24, 120, 60
27, 130, 57
28, 140, 61
29, 150, 61
31, 160, 59
32, 170, 46
34, 180, 45
36, 190, 45
38, 200, 48
40, 210, 50
41, 220, 51
41, 230, 51
42, 240, 53
42, 250, 51
42, 260, 48
44, 270, 49
44, 280, 52
45, 290, 50
46, 300, 51
46, 310, 51
47, 320, 51
49, 330, 51
51, 340, 53
52, 350, 55
53, 360, 56
53, 370, 57
54, 380, 56
54, 390, 58
56, 400, 57
59, 410, 59
61, 420, 63
63, 430, 65
64, 440, 67
64, 450, 68
66, 460, 68
66, 470, 70
{'count': 470, 'truepos': 27, 'falseneg': 5, 'unknownyes': 13, 'falsepos': 39, 'unique': 470}
58: K_all3.csv: three: 0, 0
1, 10
2, 20, 92
3, 30, 64
8, 40, 57
9, 50, 62
11, 60, 54
13, 70, 57
15, 80, 54
15, 90, 54
16, 100, 48
18, 110, 47
19, 120, 46
21, 130, 45
22, 140, 48
24, 150, 48
25, 160, 50
25, 170, 49
26, 180, 47
28, 190, 47
32, 200, 48
32, 210, 44
32, 220, 41
33, 230, 43
34, 240, 42
34, 250, 43
34, 260, 42
36, 270, 40
37, 280, 42
37, 290, 44
37, 300, 41
37, 310, 41
37, 320, 41
37, 330, 41
37, 340, 42
37, 350, 40
37, 360, 39
39, 370, 39
40, 380, 42
42, 390, 44
42, 400, 45
{'count': 871, 'truepos': 31, 'falseneg': 1, 'unknownyes': 13, 'falsepos': 11, 'unique': 400}
58: K_all3.csv: machine: 0, 0
3, 10
5, 20, 74
8, 30, 67
8, 40, 64
11, 50, 62
16, 60, 66
['no' 'no' 'yes' 'no' 'yes' 'no' 'no' 'yes' 'no' 'no']
[]
10, 60, 66
12, 70, 66
14, 80, 65
15, 90, 65
15, 100, 63
18, 110, 55
['no' 'no' 'yes' 'no' 'yes' 'no' 'yes' 'yes' 'no' 'yes']
[]
11, 110, 55
16, 120, 51
16, 130, 56
19, 140, 50
21, 150, 52
23, 160, 52
['no' 'no' 'yes' 'no' 'yes' 'yes' 'yes' 'no' 'yes' 'yes']
['no' 'no']
19, 160, 52
21, 170, 54
22, 180, 57
24, 190, 54
27, 200, 56
29, 210, 59
['yes' 'no' 'no' 'no' 'yes' 'no' 'yes' 'no' 'no' 'no']
['no']
22, 210, 59
27, 220, 50
29, 230, 56
32, 240, 56
34, 250, 43
35, 260, 41
['no' 'no' 'no' 'no' 'yes' 'yes' 'no' 'no' 'no' 'no']
['yes' 'no' 'no' 'no' 'no' 'no' 'no' 'no' 'no' 'no']
29, 260, 41
29, 270, 50
31, 280, 47
34, 290, 40
37, 300, 44
38, 310, 49
['yes' 'no' 'no' 'no' 'yes' 'no' 'yes' 'no' 'no' 'no']
['no' 'no' 'no' 'no' 'yes' 'no' 'no' 'no' 'no' 'no']
34, 310, 49
37, 320, 43
37, 330, 47
39, 340, 45
41, 350, 50
43, 360, 51
['no' 'no' 'yes' 'no' 'no' 'no' 'no' 'no' 'no' 'yes']
['no' 'no' 'no' 'no' 'no' 'no' 'no' 'no' 'no' 'no']
34, 360, 51
35, 370, 41
36, 380, 42
37, 390, 42
39, 400, 41
39, 410, 44
['no' 'no' 'no' 'yes' 'no' 'no' 'no' 'yes' 'yes' 'no']
['no' 'no' 'no' 'no' 'no' 'no' 'no' 'no' 'no' 'no']
34, 410, 44
36, 420, 36
36, 430, 39
36, 440, 38
37, 450, 38
38, 460, 39
['no' 'no' 'no' 'no' 'no' 'no' 'no' 'yes' 'no' 'no']
['no' 'no' 'no' 'no' 'no' 'no' 'no' 'no' 'no' 'no']
['no' 'no' 'no' 'no' 'no' 'no' 'no' 'no' 'yes' 'no']
['no' 'no' 'no' 'no' 'no' 'no' 'no' 'no' 'no' 'yes']
{'count': 603, 'truepos': 27, 'falseneg': 4, 'unknownyes': 14, 'falsepos': 8, 'unique': 460}
58: K_all3.csv: machine2: 0, 0
1, 10
4, 20, 93
8, 30, 66
13, 40, 64
13, 50, 70
14, 60, 61
['yes' 'no' 'yes' 'yes' 'no' 'yes' 'no' 'no' 'no' 'yes']
[]
10, 60, 61
11, 70, 50
15, 80, 44
18, 90, 49
20, 100, 48
20, 110, 50
['no' 'no' 'yes' 'yes' 'yes' 'yes' 'yes' 'yes' 'yes' 'yes']
['no']
19, 110, 50
22, 120, 46
24, 130, 48
24, 140, 47
27, 150, 45
27, 160, 49
['yes' 'yes' 'yes' 'no' 'no' 'yes' 'yes' 'yes' 'yes' 'yes']
['no']
27, 160, 49
27, 170, 46
28, 180, 44
31, 190, 45
32, 200, 47
34, 210, 44
['yes' 'no' 'yes' 'yes' 'no' 'no' 'no' 'yes' 'no' 'no']
['no' 'no' 'no' 'no' 'no' 'no' 'no' 'no' 'no' 'no']
31, 210, 44
33, 220, 45
35, 230, 43
36, 240, 48
37, 250, 47
37, 260, 48
['no' 'no' 'no' 'no' 'no' 'yes' 'no']
['no' 'no' 'no' 'no' 'no' 'no' 'no' 'no' 'no' 'no']
31, 260, 48
32, 270, 37
32, 280, 37
33, 290, 37
34, 300, 38
35, 310, 39
['no' 'no' 'yes' 'no']
['no' 'no' 'no' 'no' 'no' 'no' 'no' 'no' 'no' 'no']
33, 310, 39
34, 320, 37
34, 330, 39
35, 340, 38
37, 350, 38
37, 360, 41
['no' 'no' 'no' 'no' 'no']
['no' 'no' 'no' 'no' 'no' 'no' 'no' 'no' 'yes' 'no']
35, 360, 41
35, 370, 38
39, 380, 37
40, 390, 42
['no' 'no' 'yes' 'no' 'yes' 'no' 'no']
['yes' 'no' 'no' 'no' 'no' 'no' 'no' 'no' 'no' 'no']
{'count': 536, 'truepos': 30, 'falseneg': 1, 'unknownyes': 14, 'falsepos': 9, 'unique': 390}
58: K_all3.csv: machine3: 0, 0
1, 10
2, 20, 91
3, 30, 62
5, 40, 49
8, 50, 54
10, 60, 57
null
[]
11, 70, 55
14, 80, 51
17, 90, 53
20, 100, 54
21, 110, 56
22, 120, 53
null
['no' 'no']
22, 120, 53
24, 130, 51
25, 140, 53
25, 150, 52
25, 160, 49
26, 170, 48
null
[]
27, 180, 49
27, 190, 50
27, 200, 49
28, 210, 48
28, 220, 49
29, 230, 48
null
['no']
29, 230, 48
29, 240, 48
31, 250, 46
33, 260, 39
33, 270, 39
34, 280, 38
null
['no' 'no' 'no' 'no' 'no' 'no' 'no' 'no' 'no' 'no']
34, 280, 38
34, 290, 42
34, 300, 39
35, 310, 38
35, 320, 40
35, 330, 39
null
['no' 'no' 'no' 'no' 'no' 'no' 'no' 'no' 'no' 'no']
35, 330, 39
36, 340, 39
36, 350, 40
37, 360, 39
38, 370, 40
39, 380, 41
null
['no' 'no' 'no' 'no' 'no' 'no' 'no' 'yes' 'no' 'no']
null
['no' 'no' 'no' 'no' 'no' 'no' 'no' 'no' 'yes' 'no']
{'count': 496, 'truepos': 31, 'falseneg': 2, 'unknownyes': 12, 'falsepos': 9, 'unique': 380}
58: K_all3.csv: machine4: 0, 0
1, 10
2, 20, 94
2, 30, 62
3, 40, 54
5, 50, 43
7, 60, 42
12, 70, 42
13, 80, 53
15, 90, 48
16, 100, 50
17, 110, 48
22, 120, 45
22, 130, 49
22, 140, 46
22, 150, 44
22, 160, 43
23, 170, 42
23, 180, 43
23, 190, 43
23, 200, 42
24, 210, 42
25, 220, 42
25, 230, 43
25, 240, 42
25, 250, 42
25, 260, 42
27, 270, 42
27, 280, 45
28, 290, 45
28, 300, 46
31, 310, 45
32, 320, 36
33, 330, 36
33, 340, 42
34, 350, 37
34, 360, 39
34, 370, 39
35, 380, 39
35, 390, 38
35, 400, 38
35, 410, 39
36, 420, 38
36, 430, 39
36, 440, 39
36, 450, 39
37, 460, 38
38, 470, 39
38, 480, 41
{'count': 584, 'truepos': 32, 'falseneg': 4, 'unknownyes': 9, 'falsepos': 6, 'unique': 480}

------------------------------------------------------------
Sender: LSF System <lsfadmin@n2e1-9>
Subject: Job 299624: </share/tjmenzie/zyu9/miniconda2/bin/python2.7 runner.py error_hpcc 58> Done

Job </share/tjmenzie/zyu9/miniconda2/bin/python2.7 runner.py error_hpcc 58> was submitted from host <login01.hpc.ncsu.edu> by user <zyu9> in cluster <henry2>.
Job was executed on host(s) <2*n2e1-9>, in queue <single_chassis>, as user <zyu9> in cluster <henry2>.
</home/zyu9> was used as the home directory.
</home/zyu9/projects/MAR_HPC/Error/src> was used as the working directory.
Started at Mon Nov  6 09:14:01 2017
Results reported at Mon Nov  6 15:54:31 2017

Your job looked like:

------------------------------------------------------------
# LSBATCH: User input
/share/tjmenzie/zyu9/miniconda2/bin/python2.7 runner.py error_hpcc 58
------------------------------------------------------------

Successfully completed.

Resource usage summary:

    CPU time   :  26721.45 sec.
    Max Memory :       177 MB
    Max Swap   :      1196 MB

    Max Processes  :         3
    Max Threads    :         8

The output (if any) is above this job summary.



PS:

Read file <./err/58.err.299624> for stderr output of this job.

