6: Hall.csv: none: 0, 0
8, 10
8, 20, 125
9, 30, 114
13, 40, 92
20, 50, 101
20, 60, 120
23, 70, 113
30, 80, 99
36, 90, 93
41, 100, 96
44, 110, 94
47, 120, 92
52, 130, 96
57, 140, 101
57, 150, 114
63, 160, 92
67, 170, 100
70, 180, 102
78, 190, 94
81, 200, 100
83, 210, 101
83, 220, 108
86, 230, 97
89, 240, 100
91, 250, 107
92, 260, 106
94, 270, 108
97, 280, 106
97, 290, 115
97, 300, 110
99, 310, 111
99, 320, 111
99, 330, 110
99, 340, 109
100, 350, 108
101, 360, 109
101, 370, 110
101, 380, 109
101, 390, 107
101, 400, 108
101, 410, 108
101, 420, 107
101, 430, 111
101, 440, 109
102, 450, 107
102, 460, 110
102, 470, 109
102, 480, 109
102, 490, 109
{'count': 490, 'truepos': 102, 'falseneg': 0, 'unknownyes': 4, 'falsepos': 0, 'unique': 490}
6: Hall.csv: three: 0, 0
8, 10
10, 20, 123
12, 30, 121
13, 40, 132
17, 50, 122
20, 60, 125
22, 70, 124
24, 80, 123
26, 90, 119
29, 100, 115
30, 110, 116
38, 120, 91
42, 130, 98
50, 140, 90
58, 150, 95
63, 160, 109
66, 170, 113
72, 180, 108
76, 190, 110
81, 200, 114
85, 210, 105
87, 220, 109
89, 230, 109
90, 240, 107
94, 250, 104
96, 260, 112
97, 270, 110
97, 280, 115
97, 290, 111
98, 300, 110
99, 310, 115
99, 320, 114
100, 330, 112
100, 340, 111
101, 350, 110
101, 360, 113
101, 370, 110
101, 380, 109
101, 390, 108
101, 400, 107
101, 410, 107
101, 420, 110
102, 430, 108
102, 440, 111
102, 450, 110
102, 460, 109
102, 470, 109
102, 480, 110
{'count': 960, 'truepos': 102, 'falseneg': 0, 'unknownyes': 4, 'falsepos': 0, 'unique': 480}
6: Hall.csv: machine: 0, 0
8, 10
9, 20, 122
11, 30, 116
15, 40, 112
18, 50, 124
19, 60, 124
24, 70, 115
25, 80, 128
26, 90, 113
30, 100, 109
37, 110, 88
44, 120, 90
48, 130, 90
56, 140, 90
61, 150, 99
64, 160, 98
71, 170, 97
74, 180, 109
76, 190, 105
79, 200, 107
82, 210, 98
84, 220, 102
85, 230, 107
89, 240, 99
92, 250, 106
94, 260, 109
95, 270, 110
95, 280, 111
97, 290, 109
99, 300, 108
99, 310, 117
99, 320, 115
99, 330, 113
100, 340, 111
100, 350, 112
100, 360, 112
101, 370, 109
101, 380, 109
101, 390, 111
101, 400, 108
101, 410, 108
101, 420, 108
101, 430, 108
102, 440, 108
102, 450, 111
102, 460, 110
102, 470, 111
102, 480, 108
102, 490, 109
102, 500, 108
102, 510, 108
102, 520, 108
102, 530, 108
{'count': 540, 'truepos': 102, 'falseneg': 0, 'unknownyes': 4, 'falsepos': 0, 'unique': 540}
6: Hall.csv: machine2: 0, 0
8, 10
12, 20, 126
13, 30, 142
16, 40, 130
18, 50, 135
19, 60, 135
21, 70, 125
24, 80, 119
26, 90, 126
27, 100, 116
33, 110, 107
40, 120, 95
46, 130, 97
55, 140, 103
60, 150, 104
65, 160, 105
70, 170, 109
71, 180, 119
72, 190, 113
79, 200, 98
80, 210, 108
85, 220, 101
87, 230, 106
87, 240, 112
91, 250, 102
94, 260, 105
96, 270, 108
97, 280, 109
98, 290, 110
98, 300, 111
99, 310, 109
101, 320, 108
101, 330, 114
101, 340, 112
101, 350, 112
101, 360, 111
101, 370, 111
101, 380, 109
102, 390, 109
102, 400, 111
102, 410, 111
102, 420, 110
102, 430, 109
102, 440, 109
102, 450, 110
102, 460, 108
102, 470, 111
102, 480, 109
102, 490, 108
102, 500, 108
102, 510, 108
102, 520, 108
102, 530, 108
{'count': 540, 'truepos': 102, 'falseneg': 0, 'unknownyes': 4, 'falsepos': 0, 'unique': 540}
6: Hall.csv: machine3: 0, 0
8, 10
10, 20, 124
13, 30, 123
13, 40, 134
16, 50, 122
20, 60, 116
22, 70, 126
24, 80, 118
30, 90, 116
37, 100, 104
44, 110, 114
48, 120, 109
54, 130, 111
58, 140, 111
63, 150, 110
66, 160, 122
73, 170, 107
76, 180, 115
77, 190, 110
79, 200, 113
84, 210, 104
88, 220, 105
89, 230, 114
92, 240, 109
95, 250, 110
97, 260, 111
98, 270, 111
98, 280, 111
99, 290, 109
99, 300, 110
99, 310, 112
99, 320, 114
99, 330, 110
99, 340, 108
99, 350, 107
99, 360, 107
99, 370, 107
99, 380, 107
99, 390, 107
99, 400, 106
100, 410, 106
100, 420, 106
{'count': 531, 'truepos': 101, 'falseneg': 0, 'unknownyes': 5, 'falsepos': 0, 'unique': 430}
6: Wahono.csv: none: 0, 0
6, 10
6, 20, 100
6, 30, 94
12, 40, 69
14, 50, 86
17, 60, 80
18, 70, 78
21, 80, 61
22, 90, 60
24, 100, 51
25, 110, 53
25, 120, 52
27, 130, 49
29, 140, 51
29, 150, 54
31, 160, 50
35, 170, 57
37, 180, 67
37, 190, 69
37, 200, 67
38, 210, 61
38, 220, 64
40, 230, 57
41, 240, 65
42, 250, 63
43, 260, 62
44, 270, 61
44, 280, 62
45, 290, 59
45, 300, 60
46, 310, 61
46, 320, 62
46, 330, 57
47, 340, 61
48, 350, 61
49, 360, 61
49, 370, 64
49, 380, 65
49, 390, 61
49, 400, 60
49, 410, 59
49, 420, 63
49, 430, 61
49, 440, 59
49, 450, 59
49, 460, 59
49, 470, 59
50, 480, 57
51, 490, 58
52, 500, 59
52, 510, 61
52, 520, 60
52, 530, 61
52, 540, 62
54, 550, 59
56, 560, 62
57, 570, 64
57, 580, 66
57, 590, 64
57, 600, 65
58, 610, 66
58, 620, 68
58, 630, 67
58, 640, 67
58, 650, 68
58, 660, 68
58, 670, 66
58, 680, 66
58, 690, 65
58, 700, 67
58, 710, 65
58, 720, 66
58, 730, 66
58, 740, 66
58, 750, 65
58, 760, 65
58, 770, 65
58, 780, 64
58, 790, 64
58, 800, 66
58, 810, 64
58, 820, 64
59, 830, 65
59, 840, 65
59, 850, 65
59, 860, 65
59, 870, 65
59, 880, 65
59, 890, 65
59, 900, 65
59, 910, 65
59, 920, 65
59, 930, 66
59, 940, 64
59, 950, 65
59, 960, 64
59, 970, 64
59, 980, 64
59, 990, 64
59, 1000, 63
59, 1010, 64
59, 1020, 63
59, 1030, 64
59, 1040, 63
59, 1050, 64
59, 1060, 63
59, 1070, 63
59, 1080, 63
59, 1090, 63
59, 1100, 63
59, 1110, 63
59, 1120, 63
59, 1130, 63
59, 1140, 63
59, 1150, 63
{'count': 1150, 'truepos': 59, 'falseneg': 0, 'unknownyes': 3, 'falsepos': 0, 'unique': 1150}
6: Wahono.csv: three: 0, 0
6, 10
6, 20, 99
8, 30, 94
10, 40, 97
11, 50, 91
14, 60, 64
17, 70, 62
18, 80, 54
20, 90, 52
21, 100, 50
22, 110, 50
24, 120, 48
24, 130, 53
28, 140, 49
28, 150, 52
29, 160, 48
31, 170, 49
34, 180, 63
36, 190, 66
39, 200, 62
39, 210, 67
40, 220, 72
41, 230, 69
41, 240, 76
41, 250, 65
41, 260, 69
41, 270, 66
41, 280, 66
41, 290, 60
42, 300, 54
44, 310, 59
45, 320, 64
45, 330, 65
45, 340, 62
45, 350, 62
46, 360, 56
48, 370, 61
48, 380, 61
48, 390, 63
48, 400, 62
48, 410, 59
50, 420, 58
50, 430, 61
50, 440, 63
50, 450, 61
50, 460, 60
50, 470, 60
50, 480, 59
50, 490, 60
50, 500, 60
50, 510, 59
50, 520, 60
50, 530, 60
50, 540, 59
50, 550, 58
50, 560, 57
50, 570, 59
50, 580, 57
51, 590, 57
51, 600, 58
52, 610, 58
53, 620, 59
54, 630, 60
55, 640, 60
56, 650, 63
57, 660, 65
57, 670, 65
58, 680, 66
58, 690, 67
58, 700, 66
58, 710, 67
58, 720, 66
58, 730, 66
58, 740, 66
58, 750, 66
58, 760, 65
58, 770, 64
58, 780, 64
58, 790, 65
58, 800, 64
58, 810, 64
58, 820, 64
58, 830, 64
58, 840, 64
58, 850, 64
58, 860, 64
58, 870, 64
58, 880, 64
58, 890, 64
58, 900, 63
59, 910, 64
59, 920, 65
59, 930, 65
59, 940, 65
59, 950, 65
59, 960, 64
59, 970, 64
59, 980, 64
59, 990, 64
59, 1000, 65
59, 1010, 63
59, 1020, 64
59, 1030, 64
59, 1040, 64
59, 1050, 64
59, 1060, 63
59, 1070, 63
59, 1080, 63
59, 1090, 63
59, 1100, 63
59, 1110, 63
59, 1120, 63
59, 1130, 63
59, 1140, 63
59, 1150, 63
59, 1160, 63
59, 1170, 63
59, 1180, 63
59, 1190, 63
59, 1200, 63
{'count': 2400, 'truepos': 59, 'falseneg': 0, 'unknownyes': 3, 'falsepos': 0, 'unique': 1200}
6: Wahono.csv: machine: 0, 0
6, 10
6, 20, 101
7, 30, 98
11, 40, 87
11, 50, 89
15, 60, 54
19, 70, 57
21, 80, 70
22, 90, 59
23, 100, 56
23, 110, 55
25, 120, 52
27, 130, 56
28, 140, 55
31, 150, 53
33, 160, 66
34, 170, 65
36, 180, 62
37, 190, 63
37, 200, 66
37, 210, 61
39, 220, 57
40, 230, 63
41, 240, 58
42, 250, 69
42, 260, 63
43, 270, 62
43, 280, 68
43, 290, 72
43, 300, 60
44, 310, 65
45, 320, 59
45, 330, 60
45, 340, 58
45, 350, 58
47, 360, 56
48, 370, 59
49, 380, 62
49, 390, 63
49, 400, 61
49, 410, 63
49, 420, 58
49, 430, 62
49, 440, 60
49, 450, 59
49, 460, 59
49, 470, 60
49, 480, 57
50, 490, 57
50, 500, 60
50, 510, 59
50, 520, 58
51, 530, 59
51, 540, 58
51, 550, 60
51, 560, 58
53, 570, 58
53, 580, 62
54, 590, 60
56, 600, 61
56, 610, 64
57, 620, 64
58, 630, 66
58, 640, 67
58, 650, 67
58, 660, 67
58, 670, 68
58, 680, 68
58, 690, 67
58, 700, 65
58, 710, 67
58, 720, 65
58, 730, 66
58, 740, 65
58, 750, 64
58, 760, 66
58, 770, 65
58, 780, 63
58, 790, 65
58, 800, 64
58, 810, 64
59, 820, 64
59, 830, 65
59, 840, 66
59, 850, 65
59, 860, 65
59, 870, 65
59, 880, 65
59, 890, 65
59, 900, 65
59, 910, 65
59, 920, 63
59, 930, 64
59, 940, 64
59, 950, 65
59, 960, 64
59, 970, 64
59, 980, 64
59, 990, 64
59, 1000, 63
59, 1010, 63
59, 1020, 64
59, 1030, 64
59, 1040, 64
59, 1050, 63
59, 1060, 63
59, 1070, 64
59, 1080, 64
59, 1090, 63
{'count': 1100, 'truepos': 59, 'falseneg': 0, 'unknownyes': 3, 'falsepos': 0, 'unique': 1100}
6: Wahono.csv: machine2: 0, 0
6, 10
8, 20, 101
8, 30, 100
9, 40, 91
10, 50, 76
13, 60, 61
16, 70, 57
17, 80, 57
19, 90, 50
21, 100, 50
23, 110, 55
25, 120, 55
26, 130, 56
29, 140, 52
30, 150, 57
32, 160, 61
34, 170, 64
34, 180, 59
36, 190, 61
37, 200, 64
37, 210, 57
37, 220, 61
37, 230, 57
41, 240, 57
41, 250, 64
42, 260, 59
43, 270, 60
46, 280, 59
46, 290, 72
46, 300, 67
46, 310, 62
46, 320, 66
47, 330, 62
47, 340, 61
47, 350, 63
47, 360, 69
47, 370, 61
47, 380, 60
49, 390, 57
49, 400, 61
49, 410, 59
49, 420, 59
49, 430, 58
49, 440, 59
49, 450, 59
49, 460, 59
51, 470, 59
51, 480, 60
51, 490, 60
51, 500, 61
51, 510, 59
51, 520, 61
51, 530, 59
51, 540, 60
51, 550, 58
51, 560, 59
51, 570, 60
51, 580, 57
52, 590, 59
54, 600, 60
55, 610, 61
57, 620, 64
58, 630, 66
58, 640, 69
58, 650, 66
58, 660, 65
58, 670, 66
58, 680, 65
58, 690, 66
58, 700, 65
58, 710, 65
58, 720, 67
58, 730, 66
58, 740, 65
58, 750, 64
58, 760, 65
58, 770, 66
58, 780, 64
58, 790, 66
58, 800, 64
58, 810, 64
58, 820, 64
58, 830, 64
58, 840, 64
58, 850, 64
58, 860, 65
58, 870, 64
58, 880, 64
59, 890, 64
59, 900, 64
59, 910, 65
59, 920, 64
59, 930, 64
59, 940, 64
59, 950, 64
59, 960, 65
59, 970, 64
59, 980, 64
59, 990, 64
59, 1000, 63
59, 1010, 65
59, 1020, 63
59, 1030, 63
59, 1040, 64
59, 1050, 64
59, 1060, 63
59, 1070, 64
59, 1080, 63
59, 1090, 63
59, 1100, 63
59, 1110, 63
59, 1120, 63
59, 1130, 63
59, 1140, 63
59, 1150, 63
{'count': 1160, 'truepos': 59, 'falseneg': 0, 'unknownyes': 3, 'falsepos': 0, 'unique': 1160}
6: Wahono.csv: machine3: 0, 0
6, 10
7, 20, 101
7, 30, 106
7, 40, 85
13, 50, 59
14, 60, 72
16, 70, 65
18, 80, 52
19, 90, 53
21, 100, 51
23, 110, 53
24, 120, 54
25, 130, 52
26, 140, 51
28, 150, 52
28, 160, 53
29, 170, 50
33, 180, 52
37, 190, 59
37, 200, 61
38, 210, 61
42, 220, 61
42, 230, 67
42, 240, 68
43, 250, 65
43, 260, 70
44, 270, 63
45, 280, 63
47, 290, 65
47, 300, 64
48, 310, 66
48, 320, 67
48, 330, 70
48, 340, 62
50, 350, 63
51, 360, 63
51, 370, 65
51, 380, 65
51, 390, 64
52, 400, 62
52, 410, 66
52, 420, 63
52, 430, 63
52, 440, 63
52, 450, 61
52, 460, 65
52, 470, 64
53, 480, 60
53, 490, 64
53, 500, 64
53, 510, 65
53, 520, 62
53, 530, 62
53, 540, 63
54, 550, 62
57, 560, 63
57, 570, 66
58, 580, 68
58, 590, 69
58, 600, 68
58, 610, 67
58, 620, 67
58, 630, 67
58, 640, 67
58, 650, 68
58, 660, 67
58, 670, 68
58, 680, 67
58, 690, 67
58, 700, 65
58, 710, 67
58, 720, 68
58, 730, 67
58, 740, 65
58, 750, 66
58, 760, 64
58, 770, 68
58, 780, 65
58, 790, 65
58, 800, 63
58, 810, 65
58, 820, 65
58, 830, 65
58, 840, 64
58, 850, 63
58, 860, 64
58, 870, 64
58, 880, 63
58, 890, 63
58, 900, 64
58, 910, 63
58, 920, 64
58, 930, 63
59, 940, 63
59, 950, 64
59, 960, 65
59, 970, 65
59, 980, 64
59, 990, 64
59, 1000, 64
59, 1010, 64
59, 1020, 64
59, 1030, 64
59, 1040, 64
59, 1050, 64
59, 1060, 64
59, 1070, 64
59, 1080, 64
59, 1090, 64
59, 1100, 63
59, 1110, 63
{'count': 1179, 'truepos': 59, 'falseneg': 0, 'unknownyes': 3, 'falsepos': 0, 'unique': 1120}
6: Danijel.csv: none: 0, 0
4, 10
4, 20, 128
4, 30, 95
6, 40, 60
8, 50, 65
10, 60, 59
13, 70, 58
16, 80, 59
21, 90, 62
22, 100, 69
24, 110, 63
26, 120, 63
27, 130, 63
28, 140, 57
28, 150, 55
31, 160, 49
34, 170, 49
35, 180, 52
35, 190, 52
37, 200, 50
37, 210, 50
37, 220, 50
38, 230, 50
39, 240, 49
40, 250, 51
40, 260, 54
40, 270, 52
40, 280, 51
40, 290, 51
40, 300, 50
40, 310, 49
40, 320, 48
41, 330, 48
41, 340, 49
41, 350, 48
41, 360, 49
41, 370, 51
41, 380, 47
41, 390, 48
42, 400, 47
42, 410, 48
43, 420, 49
43, 430, 50
43, 440, 51
43, 450, 50
43, 460, 50
43, 470, 49
43, 480, 48
43, 490, 50
45, 500, 48
45, 510, 50
45, 520, 52
45, 530, 53
45, 540, 50
45, 550, 51
45, 560, 50
45, 570, 49
45, 580, 50
45, 590, 49
45, 600, 50
45, 610, 49
45, 620, 50
45, 630, 48
45, 640, 49
45, 650, 49
45, 660, 48
45, 670, 49
45, 680, 48
45, 690, 49
45, 700, 48
45, 710, 48
45, 720, 48
45, 730, 49
45, 740, 48
45, 750, 48
45, 760, 48
45, 770, 48
45, 780, 48
{'count': 780, 'truepos': 45, 'falseneg': 0, 'unknownyes': 3, 'falsepos': 0, 'unique': 780}
6: Danijel.csv: three: 0, 0
4, 10
5, 20, 127
5, 30, 115
6, 40, 93
9, 50, 68
10, 60, 61
12, 70, 56
17, 80, 55
20, 90, 62
22, 100, 67
23, 110, 69
25, 120, 61
25, 130, 61
26, 140, 56
28, 150, 52
32, 160, 52
33, 170, 49
35, 180, 49
35, 190, 52
35, 200, 50
35, 210, 48
35, 220, 46
37, 230, 47
37, 240, 50
37, 250, 49
37, 260, 48
37, 270, 47
38, 280, 46
38, 290, 48
38, 300, 47
38, 310, 49
39, 320, 47
40, 330, 49
40, 340, 48
41, 350, 47
41, 360, 47
41, 370, 48
41, 380, 50
41, 390, 49
41, 400, 49
41, 410, 48
41, 420, 47
42, 430, 46
42, 440, 48
42, 450, 48
42, 460, 48
43, 470, 48
43, 480, 48
44, 490, 48
44, 500, 48
44, 510, 50
44, 520, 49
44, 530, 49
44, 540, 49
44, 550, 50
44, 560, 49
45, 570, 48
45, 580, 49
45, 590, 49
45, 600, 48
45, 610, 49
45, 620, 49
45, 630, 49
45, 640, 48
45, 650, 48
45, 660, 48
45, 670, 48
45, 680, 48
45, 690, 49
45, 700, 48
45, 710, 48
45, 720, 48
45, 730, 48
45, 740, 48
45, 750, 48
45, 760, 48
45, 770, 48
{'count': 1540, 'truepos': 45, 'falseneg': 0, 'unknownyes': 3, 'falsepos': 0, 'unique': 770}
6: Danijel.csv: machine: 0, 0
4, 10
5, 20, 118
8, 30, 103
8, 40, 98
10, 50, 87
10, 60, 90
11, 70, 66
13, 80, 53
15, 90, 48
17, 100, 50
18, 110, 47
21, 120, 45
25, 130, 49
29, 140, 54
30, 150, 62
31, 160, 54
31, 170, 52
32, 180, 52
33, 190, 51
35, 200, 47
35, 210, 49
35, 220, 49
35, 230, 47
35, 240, 47
36, 250, 45
36, 260, 47
37, 270, 46
37, 280, 47
38, 290, 46
38, 300, 48
39, 310, 47
39, 320, 48
40, 330, 47
40, 340, 51
40, 350, 50
40, 360, 49
40, 370, 49
41, 380, 46
41, 390, 48
42, 400, 48
42, 410, 49
43, 420, 48
43, 430, 49
43, 440, 51
43, 450, 49
43, 460, 50
43, 470, 49
43, 480, 49
43, 490, 49
43, 500, 49
43, 510, 49
44, 520, 48
44, 530, 49
44, 540, 50
44, 550, 50
44, 560, 49
44, 570, 49
44, 580, 48
44, 590, 49
44, 600, 48
45, 610, 48
45, 620, 49
45, 630, 49
45, 640, 48
45, 650, 49
45, 660, 48
45, 670, 48
45, 680, 48
45, 690, 48
{'count': 700, 'truepos': 45, 'falseneg': 0, 'unknownyes': 3, 'falsepos': 0, 'unique': 700}
6: Danijel.csv: machine2: 0, 0
4, 10
4, 20, 125
5, 30, 93
8, 40, 65
9, 50, 77
11, 60, 68
14, 70, 66
15, 80, 66
19, 90, 59
22, 100, 62
22, 110, 62
25, 120, 52
27, 130, 54
27, 140, 56
27, 150, 50
28, 160, 48
29, 170, 47
32, 180, 47
34, 190, 49
35, 200, 49
36, 210, 50
37, 220, 47
38, 230, 49
39, 240, 52
39, 250, 55
39, 260, 54
39, 270, 52
40, 280, 48
40, 290, 51
40, 300, 48
41, 310, 48
41, 320, 50
41, 330, 50
41, 340, 49
41, 350, 49
41, 360, 49
41, 370, 49
42, 380, 48
42, 390, 50
43, 400, 50
43, 410, 51
43, 420, 49
43, 430, 49
43, 440, 49
43, 450, 50
43, 460, 49
43, 470, 48
43, 480, 48
43, 490, 49
44, 500, 49
44, 510, 49
44, 520, 50
44, 530, 49
44, 540, 49
44, 550, 48
44, 560, 48
44, 570, 48
44, 580, 49
44, 590, 48
44, 600, 49
44, 610, 49
44, 620, 49
44, 630, 48
44, 640, 48
45, 650, 47
45, 660, 49
45, 670, 49
45, 680, 48
45, 690, 49
45, 700, 48
45, 710, 48
45, 720, 48
45, 730, 48
45, 740, 49
45, 750, 48
45, 760, 48
45, 770, 48
45, 780, 48
{'count': 790, 'truepos': 45, 'falseneg': 0, 'unknownyes': 3, 'falsepos': 0, 'unique': 790}
6: Danijel.csv: machine3: 0, 0
4, 10
5, 20, 123
6, 30, 107
8, 40, 100
15, 50, 85
15, 60, 111
18, 70, 93
19, 80, 92
20, 90, 75
24, 100, 71
26, 110, 76
26, 120, 73
26, 130, 68
27, 140, 62
29, 150, 61
29, 160, 58
30, 170, 54
35, 180, 52
35, 190, 59
36, 200, 51
36, 210, 50
38, 220, 50
38, 230, 52
39, 240, 47
39, 250, 51
39, 260, 50
40, 270, 49
40, 280, 52
41, 290, 51
41, 300, 52
41, 310, 51
41, 320, 51
41, 330, 52
42, 340, 48
42, 350, 52
42, 360, 49
42, 370, 49
42, 380, 49
42, 390, 49
42, 400, 50
42, 410, 51
42, 420, 47
42, 430, 47
43, 440, 48
43, 450, 49
44, 460, 48
44, 470, 51
44, 480, 53
44, 490, 50
44, 500, 48
44, 510, 50
44, 520, 50
44, 530, 50
44, 540, 50
44, 550, 48
44, 560, 49
44, 570, 49
44, 580, 48
44, 590, 49
44, 600, 48
44, 610, 49
44, 620, 49
44, 630, 47
44, 640, 48
44, 650, 48
44, 660, 47
44, 670, 48
44, 680, 47
44, 690, 48
44, 700, 48
44, 710, 48
44, 720, 48
45, 730, 47
45, 740, 48
{'count': 795, 'truepos': 45, 'falseneg': 0, 'unknownyes': 3, 'falsepos': 0, 'unique': 750}
6: K_all3.csv: none: 0, 0
1, 10
2, 20, 92
4, 30, 63
7, 40, 60
10, 50, 53
11, 60, 62
14, 70, 52
17, 80, 55
18, 90, 56
21, 100, 51
22, 110, 54
22, 120, 51
22, 130, 47
23, 140, 45
23, 150, 46
24, 160, 44
24, 170, 45
25, 180, 45
27, 190, 46
27, 200, 47
27, 210, 46
27, 220, 45
27, 230, 45
27, 240, 43
27, 250, 43
27, 260, 43
27, 270, 43
27, 280, 43
27, 290, 43
27, 300, 43
27, 310, 43
27, 320, 43
28, 330, 42
30, 340, 43
32, 350, 37
32, 360, 38
32, 370, 38
32, 380, 37
32, 390, 40
32, 400, 37
32, 410, 36
33, 420, 35
33, 430, 36
35, 440, 35
35, 450, 38
35, 460, 37
35, 470, 37
36, 480, 37
{'count': 480, 'truepos': 36, 'falseneg': 0, 'unknownyes': 9, 'falsepos': 0, 'unique': 480}
6: K_all3.csv: three: 0, 0
1, 10
2, 20, 94
2, 30, 62
4, 40, 54
8, 50, 48
12, 60, 49
13, 70, 63
15, 80, 56
19, 90, 53
21, 100, 58
21, 110, 54
22, 120, 49
22, 130, 49
22, 140, 45
23, 150, 44
23, 160, 44
24, 170, 43
24, 180, 44
25, 190, 43
26, 200, 44
26, 210, 45
27, 220, 44
27, 230, 44
27, 240, 44
27, 250, 43
27, 260, 43
27, 270, 43
27, 280, 43
27, 290, 43
27, 300, 43
27, 310, 43
27, 320, 43
28, 330, 42
29, 340, 43
33, 350, 44
34, 360, 39
34, 370, 43
34, 380, 43
34, 390, 40
34, 400, 39
34, 410, 38
34, 420, 38
34, 430, 38
34, 440, 37
36, 450, 36
36, 460, 38
37, 470, 38
38, 480, 39
{'count': 960, 'truepos': 38, 'falseneg': 0, 'unknownyes': 7, 'falsepos': 0, 'unique': 480}
6: K_all3.csv: machine: 0, 0
1, 10
2, 20, 91
4, 30, 63
7, 40, 59
9, 50, 54
12, 60, 53
17, 70, 58
20, 80, 65
21, 90, 64
21, 100, 57
22, 110, 50
22, 120, 47
22, 130, 45
23, 140, 43
23, 150, 44
24, 160, 42
24, 170, 44
25, 180, 43
26, 190, 44
26, 200, 44
27, 210, 44
27, 220, 44
27, 230, 44
27, 240, 43
27, 250, 43
27, 260, 43
27, 270, 43
27, 280, 43
27, 290, 43
27, 300, 43
27, 310, 43
27, 320, 43
28, 330, 42
29, 340, 43
33, 350, 44
34, 360, 42
34, 370, 42
34, 380, 39
34, 390, 38
34, 400, 38
34, 410, 38
34, 420, 37
34, 430, 37
34, 440, 37
34, 450, 37
35, 460, 36
36, 470, 37
36, 480, 38
37, 490, 38
37, 500, 39
39, 510, 39
{'count': 520, 'truepos': 39, 'falseneg': 0, 'unknownyes': 6, 'falsepos': 0, 'unique': 520}
6: K_all3.csv: machine2: 0, 0
1, 10
2, 20, 93
2, 30, 62
4, 40, 54
8, 50, 48
12, 60, 49
13, 70, 63
15, 80, 56
19, 90, 54
21, 100, 58
21, 110, 54
22, 120, 50
22, 130, 48
22, 140, 45
23, 150, 43
23, 160, 43
24, 170, 42
24, 180, 44
25, 190, 43
27, 200, 44
27, 210, 45
27, 220, 44
27, 230, 44
27, 240, 43
27, 250, 43
27, 260, 43
27, 270, 43
27, 280, 43
27, 290, 43
27, 300, 43
27, 310, 43
27, 320, 43
28, 330, 42
29, 340, 43
33, 350, 44
34, 360, 38
34, 370, 40
34, 380, 40
34, 390, 38
34, 400, 38
34, 410, 38
34, 420, 37
35, 430, 37
35, 440, 37
35, 450, 38
36, 460, 37
37, 470, 38
37, 480, 39
{'count': 490, 'truepos': 39, 'falseneg': 0, 'unknownyes': 6, 'falsepos': 0, 'unique': 490}
6: K_all3.csv: machine3: 0, 0
1, 10
2, 20, 93
2, 30, 63
3, 40, 54
5, 50, 43
7, 60, 42
12, 70, 42
12, 80, 51
13, 90, 45
15, 100, 45
17, 110, 47
18, 120, 48
21, 130, 47
21, 140, 49
22, 150, 46
23, 160, 45
23, 170, 45
25, 180, 44
26, 190, 43
26, 200, 44
27, 210, 43
27, 220, 44
27, 230, 44
27, 240, 43
27, 250, 43
27, 260, 43
27, 270, 43
27, 280, 43
27, 290, 43
27, 300, 43
27, 310, 43
27, 320, 43
28, 330, 42
29, 340, 43
33, 350, 44
34, 360, 39
34, 370, 40
34, 380, 38
34, 390, 37
34, 400, 38
34, 410, 37
34, 420, 37
34, 430, 38
35, 440, 36
35, 450, 38
35, 460, 37
37, 470, 37
38, 480, 39
{'count': 529, 'truepos': 39, 'falseneg': 0, 'unknownyes': 6, 'falsepos': 0, 'unique': 490}

------------------------------------------------------------
Sender: LSF System <lsfadmin@n2a1-10>
Subject: Job 270871: </share/tjmenzie/zyu9/miniconda2/bin/python2.7 runner.py error_hpcc 6> Done

Job </share/tjmenzie/zyu9/miniconda2/bin/python2.7 runner.py error_hpcc 6> was submitted from host <login01.hpc.ncsu.edu> by user <zyu9> in cluster <henry2>.
Job was executed on host(s) <2*n2a1-10>, in queue <single_chassis>, as user <zyu9> in cluster <henry2>.
</home/zyu9> was used as the home directory.
</home/zyu9/projects/MAR_HPC/Error/src> was used as the working directory.
Started at Sat Oct 21 09:24:08 2017
Results reported at Sat Oct 21 10:28:41 2017

Your job looked like:

------------------------------------------------------------
# LSBATCH: User input
/share/tjmenzie/zyu9/miniconda2/bin/python2.7 runner.py error_hpcc 6
------------------------------------------------------------

Successfully completed.

Resource usage summary:

    CPU time   :   5371.85 sec.
    Max Memory :       174 MB
    Max Swap   :      1193 MB

    Max Processes  :         3
    Max Threads    :         8

The output (if any) is above this job summary.



PS:

Read file <./err/6.err.270871> for stderr output of this job.

