6: Hall.csv: none: 0, 0
7, 10
9, 20, 111
11, 30, 115
13, 40, 119
17, 50, 98
21, 60, 94
28, 70, 92
35, 80, 100
40, 90, 87
45, 100, 92
48, 110, 101
52, 120, 97
55, 130, 109
57, 140, 107
59, 150, 104
63, 160, 106
65, 170, 112
68, 180, 107
72, 190, 105
76, 200, 104
81, 210, 104
83, 220, 116
84, 230, 117
88, 240, 109
91, 250, 114
93, 260, 119
96, 270, 120
97, 280, 127
100, 290, 123
101, 300, 128
103, 310, 138
103, 320, 135
104, 330, 127
104, 340, 135
105, 350, 136
106, 360, 137
108, 370, 135
110, 380, 142
110, 390, 140
112, 400, 143
114, 410, 140
117, 420, 157
119, 430, 162
119, 440, 187
120, 450, 161
120, 460, 158
120, 470, 161
120, 480, 151
124, 490, 156
125, 500, 169
126, 510, 171
128, 520, 169
129, 530, 163
130, 540, 167
132, 550, 190
133, 560, 187
133, 570, 161
134, 580, 178
134, 590, 173
135, 600, 188
135, 610, 175
135, 620, 175
137, 630, 168
138, 640, 173
140, 650, 171
141, 660, 175
142, 670, 174
142, 680, 174
143, 690, 173
145, 700, 169
146, 710, 187
146, 720, 183
147, 730, 175
148, 740, 181
150, 750, 189
151, 760, 192
152, 770, 188
152, 780, 189
152, 790, 193
153, 800, 191
155, 810, 180
156, 820, 187
156, 830, 184
157, 840, 189
159, 850, 190
159, 860, 188
159, 870, 187
160, 880, 185
160, 890, 186
161, 900, 185
162, 910, 191
163, 920, 200
163, 930, 195
164, 940, 193
165, 950, 196
166, 960, 204
167, 970, 201
167, 980, 205
167, 990, 206
167, 1000, 199
167, 1010, 211
169, 1020, 208
170, 1030, 208
170, 1040, 215
170, 1050, 213
170, 1060, 209
170, 1070, 201
172, 1080, 209
174, 1090, 217
174, 1100, 211
175, 1110, 218
176, 1120, 216
177, 1130, 221
178, 1140, 223
178, 1150, 212
178, 1160, 221
181, 1170, 218
182, 1180, 223
182, 1190, 222
184, 1200, 227
185, 1210, 226
186, 1220, 225
186, 1230, 235
187, 1240, 226
190, 1250, 225
192, 1260, 225
192, 1270, 222
193, 1280, 226
195, 1290, 223
196, 1300, 242
196, 1310, 230
197, 1320, 228
199, 1330, 235
200, 1340, 234
201, 1350, 238
202, 1360, 246
202, 1370, 241
204, 1380, 246
205, 1390, 245
206, 1400, 248
206, 1410, 244
207, 1420, 237
208, 1430, 243
209, 1440, 251
210, 1450, 248
210, 1460, 253
211, 1470, 244
211, 1480, 245
213, 1490, 255
213, 1500, 253
214, 1510, 254
215, 1520, 247
217, 1530, 247
217, 1540, 250
219, 1550, 252
222, 1560, 251
222, 1570, 259
222, 1580, 260
222, 1590, 259
223, 1600, 253
223, 1610, 255
224, 1620, 252
224, 1630, 256
227, 1640, 253
229, 1650, 255
232, 1660, 257
234, 1670, 260
235, 1680, 257
237, 1690, 265
237, 1700, 266
239, 1710, 266
239, 1720, 270
240, 1730, 270
241, 1740, 272
242, 1750, 274
244, 1760, 276
246, 1770, 280
248, 1780, 282
248, 1790, 286
248, 1800, 281
249, 1810, 284
250, 1820, 288
250, 1830, 286
252, 1840, 290
253, 1850, 285
253, 1860, 284
254, 1870, 284
254, 1880, 289
255, 1890, 286
255, 1900, 287
255, 1910, 282
257, 1920, 285
258, 1930, 287
259, 1940, 291
259, 1950, 292
261, 1960, 290
261, 1970, 292
263, 1980, 295
264, 1990, 297
265, 2000, 297
267, 2010, 299
269, 2020, 302
270, 2030, 305
270, 2040, 304
270, 2050, 307
271, 2060, 304
272, 2070, 304
273, 2080, 303
275, 2090, 307
275, 2100, 308
275, 2110, 306
277, 2120, 309
279, 2130, 311
280, 2140, 316
282, 2150, 316
282, 2160, 320
283, 2170, 318
283, 2180, 321
283, 2190, 321
284, 2200, 320
286, 2210, 320
286, 2220, 324
288, 2230, 321
291, 2240, 320
294, 2250, 325
297, 2260, 331
297, 2270, 331
298, 2280, 334
298, 2290, 333
299, 2300, 333
300, 2310, 338
300, 2320, 334
302, 2330, 334
305, 2340, 337
305, 2350, 339
306, 2360, 340
306, 2370, 340
307, 2380, 342
307, 2390, 341
307, 2400, 341
309, 2410, 341
311, 2420, 343
312, 2430, 342
314, 2440, 341
314, 2450, 344
314, 2460, 345
317, 2470, 344
317, 2480, 350
317, 2490, 354
318, 2500, 349
320, 2510, 351
322, 2520, 352
322, 2530, 361
323, 2540, 359
323, 2550, 357
323, 2560, 354
324, 2570, 357
325, 2580, 355
325, 2590, 356
326, 2600, 354
329, 2610, 356
330, 2620, 357
331, 2630, 357
333, 2640, 358
333, 2650, 362
333, 2660, 362
333, 2670, 361
334, 2680, 361
335, 2690, 358
336, 2700, 361
336, 2710, 361
338, 2720, 360
339, 2730, 364
339, 2740, 367
341, 2750, 364
341, 2760, 367
341, 2770, 367
341, 2780, 365
342, 2790, 366
344, 2800, 369
345, 2810, 370
346, 2820, 371
347, 2830, 370
347, 2840, 375
350, 2850, 371
351, 2860, 377
351, 2870, 379
353, 2880, 380
356, 2890, 384
356, 2900, 385
358, 2910, 382
359, 2920, 383
360, 2930, 385
362, 2940, 385
362, 2950, 388
362, 2960, 387
363, 2970, 387
363, 2980, 388
364, 2990, 387
365, 3000, 387
368, 3010, 389
368, 3020, 396
369, 3030, 393
371, 3040, 393
373, 3050, 397
374, 3060, 402
374, 3070, 400
375, 3080, 400
376, 3090, 404
376, 3100, 404
376, 3110, 402
376, 3120, 401
377, 3130, 402
379, 3140, 409
381, 3150, 410
381, 3160, 413
382, 3170, 407
383, 3180, 411
385, 3190, 411
385, 3200, 413
385, 3210, 412
386, 3220, 410
387, 3230, 414
388, 3240, 414
389, 3250, 417
389, 3260, 418
389, 3270, 417
391, 3280, 415
393, 3290, 418
395, 3300, 421
398, 3310, 422
398, 3320, 430
399, 3330, 428
401, 3340, 427
401, 3350, 430
401, 3360, 431
403, 3370, 428
405, 3380, 430
405, 3390, 435
406, 3400, 433
408, 3410, 434
410, 3420, 436
413, 3430, 436
413, 3440, 441
414, 3450, 440
414, 3460, 440
415, 3470, 440
417, 3480, 439
418, 3490, 444
420, 3500, 444
420, 3510, 446
421, 3520, 447
423, 3530, 449
425, 3540, 450
427, 3550, 456
428, 3560, 451
428, 3570, 455
430, 3580, 454
431, 3590, 455
431, 3600, 455
432, 3610, 457
433, 3620, 461
433, 3630, 462
434, 3640, 457
434, 3650, 459
434, 3660, 458
{'count': 3660, 'truepos': 91, 'falseneg': 12, 'unknownyes': 3, 'falsepos': 343, 'unique': 3660}
6: Hall.csv: three: 0, 0
7, 10
9, 20, 113
11, 30, 115
15, 40, 119
19, 50, 99
26, 60, 104
32, 70, 104
38, 80, 86
44, 90, 89
50, 100, 99
53, 110, 119
56, 120, 123
61, 130, 115
64, 140, 111
66, 150, 117
69, 160, 105
71, 170, 117
74, 180, 106
78, 190, 100
80, 200, 106
84, 210, 101
89, 220, 108
92, 230, 108
97, 240, 124
100, 250, 126
100, 260, 149
101, 270, 131
101, 280, 126
102, 290, 116
103, 300, 119
104, 310, 119
104, 320, 118
104, 330, 120
104, 340, 119
107, 350, 117
108, 360, 126
108, 370, 124
108, 380, 125
108, 390, 124
108, 400, 123
109, 410, 125
109, 420, 123
109, 430, 125
109, 440, 122
109, 450, 120
109, 460, 123
109, 470, 120
109, 480, 119
109, 490, 119
110, 500, 117
110, 510, 118
110, 520, 119
110, 530, 118
110, 540, 117
111, 550, 119
111, 560, 119
111, 570, 118
111, 580, 119
112, 590, 119
112, 600, 119
112, 610, 120
112, 620, 120
113, 630, 119
113, 640, 122
113, 650, 122
113, 660, 121
113, 670, 122
113, 680, 121
113, 690, 121
113, 700, 123
113, 710, 121
113, 720, 121
114, 730, 120
{'count': 1606, 'truepos': 99, 'falseneg': 3, 'unknownyes': 4, 'falsepos': 15, 'unique': 730}
6: Hall.csv: machine: 0, 0
7, 10
10, 20, 107
14, 30, 115
18, 40, 92
22, 50, 88
23, 60, 94
['yes' 'yes' 'yes' 'yes' 'yes' 'yes' 'yes' 'yes' 'yes' 'yes']
[]
22, 60, 94
25, 70, 91
33, 80, 87
37, 90, 83
41, 100, 88
42, 110, 95
['yes' 'yes' 'yes' 'no' 'yes' 'yes' 'no' 'no' 'yes' 'yes']
['yes' 'no' 'no' 'yes' 'no' 'no' 'no' 'yes' 'no' 'no']
43, 110, 95
46, 120, 74
54, 130, 77
57, 140, 94
60, 150, 91
64, 160, 115
['yes' 'yes' 'yes' 'yes' 'no' 'yes' 'no' 'yes' 'yes' 'yes']
['no' 'yes' 'no' 'no' 'no' 'no' 'no' 'no' 'no' 'no']
60, 160, 115
65, 170, 80
69, 180, 86
72, 190, 93
75, 200, 88
79, 210, 94
['no' 'yes' 'yes' 'yes' 'no' 'yes' 'no' 'yes' 'yes' 'yes']
['no' 'no' 'yes' 'no' 'no' 'no' 'no' 'no' 'yes' 'no']
79, 210, 94
84, 220, 95
85, 230, 108
88, 240, 100
93, 250, 104
94, 260, 110
['yes' 'no' 'yes' 'no' 'no' 'no' 'yes' 'yes' 'yes' 'yes']
['no' 'no' 'no' 'yes' 'no' 'no' 'no' 'no' 'no' 'no']
91, 260, 110
96, 270, 104
98, 280, 112
100, 290, 117
101, 300, 120
101, 310, 120
['yes' 'yes' 'yes' 'no' 'no' 'no' 'no' 'yes' 'yes' 'no']
['yes' 'no' 'yes' 'no' 'no' 'no' 'yes' 'no' 'no' 'no']
97, 310, 120
99, 320, 114
100, 330, 115
100, 340, 114
101, 350, 114
102, 360, 113
['no' 'no' 'yes' 'yes' 'yes' 'yes' 'no' 'no' 'no' 'yes']
['no' 'no' 'yes' 'no' 'no' 'yes' 'no' 'no' 'no' 'no']
103, 360, 113
105, 370, 113
106, 380, 113
108, 390, 119
108, 400, 123
108, 410, 119
['no' 'yes' 'no' 'no' 'no' 'yes' 'no' 'yes' 'yes' 'yes']
['no' 'no' 'no' 'no' 'no' 'no' 'yes' 'no' 'no' 'yes']
105, 410, 119
106, 420, 114
106, 430, 114
109, 440, 114
109, 450, 122
109, 460, 122
['yes' 'no' 'no' 'yes' 'no' 'no' 'yes' 'yes' 'yes' 'yes']
['no' 'no' 'no' 'no' 'no' 'no' 'no' 'no' 'no' 'no']
107, 460, 122
107, 470, 114
107, 480, 115
107, 490, 114
107, 500, 114
108, 510, 113
['no' 'yes' 'yes' 'yes' 'yes' 'no' 'yes' 'yes' 'yes' 'yes']
['yes' 'yes' 'no' 'no' 'yes' 'no' 'no' 'no' 'no' 'no']
['no' 'yes' 'yes' 'yes' 'yes' 'yes' 'yes' 'no' 'yes' 'yes']
['yes' 'yes' 'no' 'yes' 'no' 'no' 'no' 'no' 'no' 'no']
{'count': 700, 'truepos': 95, 'falseneg': 7, 'unknownyes': 4, 'falsepos': 13, 'unique': 510}
6: Hall.csv: machine2: 0, 0
8, 10
12, 20, 122
17, 30, 134
20, 40, 107
26, 50, 99
28, 60, 109
['no' 'yes' 'yes' 'yes' 'no' 'yes' 'yes' 'yes' 'yes' 'yes']
['no' 'no' 'no' 'no']
27, 60, 109
34, 70, 99
36, 80, 82
44, 90, 75
48, 100, 93
52, 110, 101
['yes' 'yes' 'yes' 'yes' 'yes' 'yes' 'yes' 'no' 'no' 'yes']
['no' 'no' 'no' 'no' 'no' 'no' 'no' 'yes' 'yes' 'no']
53, 110, 101
59, 120, 92
60, 130, 102
65, 140, 86
68, 150, 94
69, 160, 100
['yes' 'yes' 'yes' 'yes' 'yes' 'no' 'yes' 'yes' 'yes' 'yes']
['yes' 'no' 'no' 'no' 'no' 'no' 'no' 'no' 'no' 'no']
70, 160, 100
72, 170, 97
75, 180, 91
80, 190, 95
83, 200, 97
88, 210, 100
['no' 'no' 'no' 'no' 'yes' 'yes' 'yes' 'yes' 'yes' 'yes']
['no' 'no' 'no' 'yes' 'yes' 'no' 'no' 'no' 'no' 'no']
86, 210, 100
89, 220, 114
90, 230, 126
92, 240, 110
96, 250, 111
98, 260, 118
['yes' 'yes' 'yes' 'yes' 'yes' 'yes' 'no' 'yes' 'no' 'yes']
['no' 'no' 'no' 'no' 'no' 'no' 'no' 'no' 'no' 'no']
98, 260, 118
100, 270, 113
102, 280, 118
104, 290, 114
106, 300, 116
108, 310, 123
['no' 'no' 'no' 'yes' 'yes' 'yes' 'yes' 'no' 'yes' 'no']
['no' 'no' 'no' 'no' 'no' 'no' 'no' 'no' 'no' 'no']
106, 310, 123
106, 320, 116
107, 330, 116
108, 340, 117
110, 350, 118
114, 360, 122
['yes' 'no' 'yes' 'yes' 'no' 'yes' 'no' 'yes' 'no' 'no']
['no' 'no' 'yes' 'no' 'no' 'no' 'no' 'no' 'no' 'no']
111, 360, 122
112, 370, 122
115, 380, 122
118, 390, 127
119, 400, 134
119, 410, 135
['no' 'no' 'no' 'yes' 'yes' 'no' 'yes' 'yes' 'no' 'yes']
['no' 'yes' 'no' 'no' 'no' 'no' 'no' 'no' 'no' 'no']
114, 410, 135
116, 420, 128
116, 430, 137
118, 440, 128
118, 450, 137
120, 460, 127
['no' 'no' 'no' 'no' 'yes' 'no' 'yes' 'yes' 'no' 'no']
['no' 'no' 'no' 'no' 'no' 'no' 'no' 'no' 'no' 'no']
114, 460, 127
115, 470, 125
118, 480, 124
119, 490, 127
119, 500, 129
122, 510, 129
['no' 'no' 'no' 'no' 'yes' 'no' 'yes' 'no' 'no' 'yes']
['no' 'no' 'no' 'no' 'no' 'no' 'no' 'no' 'no' 'no']
116, 510, 129
118, 520, 135
118, 530, 138
120, 540, 133
123, 550, 142
124, 560, 152
['no' 'no' 'no' 'no' 'no' 'no' 'no' 'no' 'no' 'yes']
['no' 'no' 'no' 'no' 'no' 'no' 'no' 'no' 'no' 'no']
121, 560, 152
123, 570, 140
123, 580, 157
124, 590, 146
124, 600, 149
124, 610, 158
['no' 'no' 'no' 'no' 'no' 'yes' 'no' 'yes' 'no' 'no']
['no' 'no' 'no' 'no' 'no' 'no' 'no' 'no' 'no' 'no']
123, 610, 158
124, 620, 154
126, 630, 160
127, 640, 160
128, 650, 160
128, 660, 175
['no' 'yes' 'no' 'yes' 'yes' 'yes' 'yes' 'no' 'yes' 'no']
['no' 'no' 'no' 'no' 'no' 'no' 'no' 'no' 'no' 'no']
124, 660, 175
124, 670, 145
125, 680, 143
125, 690, 147
127, 700, 144
128, 710, 143
['no' 'no' 'no' 'no' 'no' 'no' 'no' 'yes' 'no' 'no']
['no' 'no' 'no' 'no' 'no' 'no' 'no' 'no' 'no' 'no']
122, 710, 143
123, 720, 139
124, 730, 139
126, 740, 146
127, 750, 151
128, 760, 157
['no' 'no' 'no' 'no' 'no' 'yes' 'no' 'no' 'no' 'yes']
['no' 'no' 'no' 'no' 'no' 'no' 'no' 'no' 'no' 'no']
123, 760, 157
123, 770, 140
123, 780, 142
125, 790, 141
127, 800, 143
129, 810, 143
['no' 'no' 'no' 'no' 'no' 'no' 'no' 'no' 'no' 'yes']
['no' 'no' 'no' 'no' 'no' 'no' 'no' 'no' 'no' 'no']
121, 810, 143
123, 820, 134
125, 830, 136
126, 840, 141
127, 850, 142
128, 860, 141
['no' 'no' 'no' 'no' 'no' 'no' 'no' 'no' 'yes' 'no']
['no' 'no' 'no' 'no' 'no' 'no' 'no' 'yes' 'no' 'no']
123, 860, 141
123, 870, 135
124, 880, 134
125, 890, 135
127, 900, 139
129, 910, 145
['no' 'no' 'no' 'no' 'no' 'yes' 'yes' 'no' 'no' 'yes']
['no' 'no' 'no' 'no' 'no' 'no' 'no' 'no' 'no' 'no']
124, 910, 145
126, 920, 135
127, 930, 139
128, 940, 141
130, 950, 143
131, 960, 142
['no' 'no' 'no' 'no' 'no' 'no' 'no' 'no' 'yes' 'yes']
['no' 'no' 'no' 'no' 'no' 'no' 'no' 'no' 'no' 'no']
123, 960, 142
123, 970, 133
124, 980, 132
124, 990, 137
124, 1000, 134
127, 1010, 134
['no' 'no' 'no' 'no' 'no' 'yes' 'no' 'yes' 'no' 'no']
['no' 'no' 'no' 'no' 'no' 'no' 'no' 'no' 'no' 'no']
120, 1010, 134
121, 1020, 129
122, 1030, 131
123, 1040, 131
125, 1050, 132
127, 1060, 135
['no' 'no' 'no' 'yes' 'no' 'no' 'no' 'no' 'no' 'no']
['no' 'no' 'no' 'no' 'no' 'no' 'no' 'no' 'no' 'no']
120, 1060, 135
123, 1070, 130
127, 1080, 131
128, 1090, 137
128, 1100, 141
130, 1110, 140
['no' 'no' 'no' 'yes' 'no' 'no' 'no' 'no' 'no' 'no']
['no' 'no' 'no' 'no' 'no' 'no' 'no' 'no' 'no' 'no']
124, 1110, 140
124, 1120, 134
125, 1130, 134
128, 1140, 136
128, 1150, 141
128, 1160, 140
['no' 'no' 'no' 'no' 'no' 'yes' 'yes' 'yes' 'yes' 'yes']
['no' 'no' 'no' 'no' 'no' 'no' 'no' 'no' 'no' 'no']
123, 1160, 140
123, 1170, 133
123, 1180, 132
127, 1190, 135
127, 1200, 137
129, 1210, 137
['no' 'no' 'no' 'no' 'no' 'no' 'yes' 'yes' 'yes' 'yes']
['no' 'no' 'no' 'no' 'no' 'no' 'no' 'no' 'no' 'no']
124, 1210, 137
124, 1220, 133
125, 1230, 134
127, 1240, 134
128, 1250, 136
128, 1260, 137
['no' 'no' 'no' 'no' 'yes' 'yes' 'yes' 'no' 'yes' 'yes']
['no' 'no' 'no' 'no' 'no' 'no' 'no' 'no' 'no' 'no']
125, 1260, 137
127, 1270, 134
128, 1280, 138
130, 1290, 139
130, 1300, 141
132, 1310, 140
['no' 'no' 'no' 'no' 'no' 'no' 'no' 'no' 'no' 'yes']
['no' 'no' 'no' 'no' 'no' 'no' 'no' 'no' 'no' 'no']
127, 1310, 140
128, 1320, 137
129, 1330, 138
129, 1340, 140
130, 1350, 141
130, 1360, 141
['no' 'no' 'no' 'no' 'no' 'yes' 'yes' 'yes']
['no' 'no' 'no' 'no' 'no' 'no' 'no' 'no' 'no' 'no']
126, 1360, 141
128, 1370, 136
128, 1380, 140
128, 1390, 140
129, 1400, 138
130, 1410, 139
['no' 'no' 'no' 'no' 'no']
['no' 'no' 'no' 'no' 'no' 'no' 'no' 'no' 'no' 'no']
128, 1410, 139
129, 1420, 139
129, 1430, 141
130, 1440, 140
131, 1450, 141
132, 1460, 141
['no' 'no' 'no' 'no' 'no']
['yes' 'no' 'no' 'no' 'no' 'no' 'no' 'no' 'no' 'no']
129, 1460, 141
129, 1470, 140
129, 1480, 140
131, 1490, 139
132, 1500, 141
134, 1510, 143
['yes' 'no' 'no' 'no' 'no' 'no' 'yes']
['no' 'no' 'no' 'no' 'no' 'no' 'no' 'no' 'no' 'no']
131, 1510, 143
132, 1520, 139
133, 1530, 140
133, 1540, 141
133, 1550, 141
134, 1560, 141
['no' 'no' 'no' 'no']
['no' 'no' 'no' 'no' 'no' 'no' 'no' 'no' 'no' 'no']
['no' 'no' 'no' 'no']
['no' 'no' 'no' 'no' 'no' 'no' 'no' 'no' 'no' 'no']
{'count': 2305, 'truepos': 98, 'falseneg': 5, 'unknownyes': 3, 'falsepos': 35, 'unique': 1560}
6: Hall.csv: machine3: 0, 0
8, 10
11, 20, 125
16, 30, 143
20, 40, 106
23, 50, 102
28, 60, 96
null
['no' 'no' 'no']
28, 60, 96
33, 70, 95
33, 80, 83
38, 90, 71
39, 100, 86
43, 110, 78
null
['no' 'no' 'yes' 'no' 'no' 'no' 'no' 'no' 'no' 'no']
44, 110, 78
47, 120, 80
50, 130, 86
54, 140, 80
57, 150, 89
58, 160, 93
null
['no' 'no' 'no' 'no' 'no' 'no' 'no' 'yes' 'no' 'no']
59, 160, 93
62, 170, 84
64, 180, 91
67, 190, 88
67, 200, 95
69, 210, 90
null
['no' 'no' 'no' 'no' 'no' 'no' 'no' 'no' 'no' 'no']
69, 210, 90
74, 220, 89
79, 230, 89
82, 240, 93
86, 250, 101
89, 260, 104
null
['yes' 'no' 'no' 'no' 'no' 'yes' 'no' 'no' 'no' 'yes']
92, 260, 104
94, 270, 120
96, 280, 116
96, 290, 119
96, 300, 109
98, 310, 108
null
['no' 'yes' 'no' 'no' 'no' 'no' 'no' 'no' 'no' 'no']
99, 310, 108
99, 320, 112
101, 330, 110
103, 340, 115
104, 350, 117
104, 360, 116
null
['no' 'no' 'no' 'no' 'no' 'no' 'no' 'no' 'no' 'no']
104, 360, 116
105, 370, 116
105, 380, 116
105, 390, 115
105, 400, 121
106, 410, 115
null
['no' 'no' 'no' 'no' 'no' 'no' 'no' 'no' 'no' 'no']
106, 410, 115
107, 420, 116
107, 430, 118
107, 440, 118
107, 450, 116
108, 460, 116
null
['no' 'no' 'no' 'no' 'no' 'no' 'no' 'no' 'no' 'no']
108, 460, 116
108, 470, 119
108, 480, 116
108, 490, 117
108, 500, 115
108, 510, 116
null
['no' 'no' 'no' 'no' 'no' 'no' 'no' 'no' 'no' 'no']
108, 510, 116
108, 520, 117
108, 530, 114
108, 540, 114
108, 550, 114
109, 560, 115
null
['no' 'no' 'yes' 'no' 'no' 'no' 'no' 'no' 'no' 'no']
110, 560, 115
110, 570, 117
110, 580, 118
111, 590, 118
111, 600, 118
111, 610, 118
null
['no' 'yes' 'no' 'no' 'no' 'no' 'no' 'no' 'no' 'no']
112, 610, 118
113, 620, 118
113, 630, 119
113, 640, 119
113, 650, 120
113, 660, 119
null
['no' 'no' 'no' 'no' 'no' 'no' 'no' 'no' 'no' 'no']
113, 660, 119
113, 670, 119
113, 680, 119
113, 690, 119
null
['no' 'no' 'no' 'no' 'no' 'no' 'no' 'no' 'no' 'no']
{'count': 1064, 'truepos': 100, 'falseneg': 2, 'unknownyes': 4, 'falsepos': 13, 'unique': 690}
6: Wahono.csv: none: 0, 0
6, 10
7, 20, 100
8, 30, 101
9, 40, 88
15, 50, 71
19, 60, 86
23, 70, 70
26, 80, 80
29, 90, 79
30, 100, 81
31, 110, 57
32, 120, 54
35, 130, 57
41, 140, 69
42, 150, 101
43, 160, 93
44, 170, 81
45, 180, 83
46, 190, 84
47, 200, 82
49, 210, 86
51, 220, 85
52, 230, 95
52, 240, 94
53, 250, 93
55, 260, 82
55, 270, 88
58, 280, 84
58, 290, 103
59, 300, 106
61, 310, 96
62, 320, 86
63, 330, 93
63, 340, 103
63, 350, 92
64, 360, 90
66, 370, 89
67, 380, 86
67, 390, 96
67, 400, 91
70, 410, 89
71, 420, 96
73, 430, 95
76, 440, 95
76, 450, 102
77, 460, 98
80, 470, 106
80, 480, 106
81, 490, 110
82, 500, 107
83, 510, 109
85, 520, 106
86, 530, 107
87, 540, 107
88, 550, 113
89, 560, 120
90, 570, 115
91, 580, 118
94, 590, 119
96, 600, 119
99, 610, 122
100, 620, 133
101, 630, 136
102, 640, 131
102, 650, 131
103, 660, 130
105, 670, 133
106, 680, 138
107, 690, 144
107, 700, 138
109, 710, 148
109, 720, 147
110, 730, 144
112, 740, 143
112, 750, 143
114, 760, 146
118, 770, 155
119, 780, 161
119, 790, 161
120, 800, 155
120, 810, 159
121, 820, 155
122, 830, 153
122, 840, 160
125, 850, 152
126, 860, 154
127, 870, 162
128, 880, 155
128, 890, 159
128, 900, 164
130, 910, 159
131, 920, 159
132, 930, 161
134, 940, 164
134, 950, 168
134, 960, 166
135, 970, 172
136, 980, 163
137, 990, 167
138, 1000, 169
139, 1010, 173
139, 1020, 170
140, 1030, 171
140, 1040, 168
141, 1050, 169
143, 1060, 172
143, 1070, 172
144, 1080, 177
145, 1090, 168
147, 1100, 178
147, 1110, 176
148, 1120, 175
150, 1130, 178
150, 1140, 175
152, 1150, 181
153, 1160, 179
155, 1170, 179
157, 1180, 185
158, 1190, 183
160, 1200, 191
161, 1210, 188
162, 1220, 189
163, 1230, 189
165, 1240, 189
166, 1250, 191
166, 1260, 193
166, 1270, 192
168, 1280, 191
170, 1290, 193
170, 1300, 192
171, 1310, 197
172, 1320, 194
173, 1330, 197
174, 1340, 194
174, 1350, 195
174, 1360, 198
177, 1370, 193
177, 1380, 202
180, 1390, 196
182, 1400, 204
185, 1410, 205
187, 1420, 211
189, 1430, 209
190, 1440, 215
190, 1450, 218
194, 1460, 213
195, 1470, 227
198, 1480, 220
198, 1490, 235
202, 1500, 227
202, 1510, 237
202, 1520, 234
203, 1530, 231
204, 1540, 231
205, 1550, 227
208, 1560, 233
209, 1570, 236
210, 1580, 241
210, 1590, 239
210, 1600, 242
211, 1610, 238
212, 1620, 241
212, 1630, 238
212, 1640, 240
212, 1650, 239
213, 1660, 239
213, 1670, 239
213, 1680, 241
215, 1690, 237
218, 1700, 243
218, 1710, 249
221, 1720, 246
222, 1730, 249
224, 1740, 254
225, 1750, 255
226, 1760, 256
227, 1770, 257
227, 1780, 259
228, 1790, 260
228, 1800, 261
230, 1810, 265
231, 1820, 260
232, 1830, 265
236, 1840, 262
236, 1850, 273
237, 1860, 268
238, 1870, 272
239, 1880, 272
239, 1890, 272
241, 1900, 271
244, 1910, 272
245, 1920, 283
249, 1930, 282
251, 1940, 289
253, 1950, 289
253, 1960, 292
254, 1970, 292
255, 1980, 295
256, 1990, 293
257, 2000, 296
258, 2010, 295
260, 2020, 296
261, 2030, 300
261, 2040, 304
261, 2050, 300
262, 2060, 300
263, 2070, 299
264, 2080, 306
264, 2090, 308
264, 2100, 304
264, 2110, 300
266, 2120, 301
267, 2130, 306
269, 2140, 304
269, 2150, 312
271, 2160, 308
273, 2170, 311
274, 2180, 313
274, 2190, 312
276, 2200, 312
277, 2210, 323
281, 2220, 323
282, 2230, 326
282, 2240, 330
282, 2250, 322
283, 2260, 324
287, 2270, 331
289, 2280, 334
290, 2290, 335
291, 2300, 335
292, 2310, 335
293, 2320, 338
295, 2330, 338
296, 2340, 336
297, 2350, 337
297, 2360, 336
299, 2370, 338
301, 2380, 341
301, 2390, 337
303, 2400, 339
304, 2410, 345
305, 2420, 344
305, 2430, 344
307, 2440, 345
309, 2450, 343
310, 2460, 348
312, 2470, 352
312, 2480, 348
314, 2490, 353
314, 2500, 351
315, 2510, 352
316, 2520, 359
316, 2530, 358
317, 2540, 351
317, 2550, 357
317, 2560, 352
317, 2570, 354
317, 2580, 349
317, 2590, 347
319, 2600, 348
319, 2610, 349
321, 2620, 346
321, 2630, 352
323, 2640, 352
323, 2650, 353
324, 2660, 352
325, 2670, 356
326, 2680, 352
327, 2690, 352
328, 2700, 357
328, 2710, 357
328, 2720, 356
328, 2730, 356
329, 2740, 357
329, 2750, 357
329, 2760, 358
329, 2770, 355
329, 2780, 359
330, 2790, 355
331, 2800, 361
331, 2810, 361
333, 2820, 358
334, 2830, 360
334, 2840, 363
335, 2850, 360
336, 2860, 360
338, 2870, 363
341, 2880, 364
342, 2890, 367
344, 2900, 368
344, 2910, 371
345, 2920, 371
346, 2930, 373
348, 2940, 375
348, 2950, 378
348, 2960, 375
350, 2970, 380
351, 2980, 380
352, 2990, 380
354, 3000, 381
355, 3010, 386
357, 3020, 382
358, 3030, 385
359, 3040, 388
360, 3050, 387
360, 3060, 388
361, 3070, 389
361, 3080, 389
362, 3090, 389
363, 3100, 390
363, 3110, 390
364, 3120, 391
365, 3130, 393
366, 3140, 394
367, 3150, 391
367, 3160, 393
367, 3170, 391
369, 3180, 391
371, 3190, 395
372, 3200, 396
373, 3210, 397
373, 3220, 402
373, 3230, 399
374, 3240, 397
376, 3250, 397
378, 3260, 400
378, 3270, 405
378, 3280, 401
379, 3290, 400
379, 3300, 406
381, 3310, 403
381, 3320, 406
381, 3330, 404
381, 3340, 403
382, 3350, 403
383, 3360, 404
386, 3370, 407
386, 3380, 411
387, 3390, 409
389, 3400, 410
390, 3410, 411
391, 3420, 411
391, 3430, 412
392, 3440, 412
392, 3450, 414
394, 3460, 414
394, 3470, 415
394, 3480, 417
394, 3490, 415
{'count': 3490, 'truepos': 56, 'falseneg': 5, 'unknownyes': 1, 'falsepos': 338, 'unique': 3490}
6: Wahono.csv: three: 0, 0
6, 10
7, 20, 102
9, 30, 99
12, 40, 104
15, 50, 109
18, 60, 97
19, 70, 84
22, 80, 71
25, 90, 74
25, 100, 75
27, 110, 60
28, 120, 63
31, 130, 60
33, 140, 70
34, 150, 69
36, 160, 67
37, 170, 68
38, 180, 66
40, 190, 70
42, 200, 74
43, 210, 74
43, 220, 83
43, 230, 73
43, 240, 83
45, 250, 66
49, 260, 68
49, 270, 80
49, 280, 75
50, 290, 72
50, 300, 72
50, 310, 80
51, 320, 72
52, 330, 72
52, 340, 72
54, 350, 67
54, 360, 73
57, 370, 68
58, 380, 73
58, 390, 80
59, 400, 71
59, 410, 74
61, 420, 72
61, 430, 74
62, 440, 84
63, 450, 75
63, 460, 79
63, 470, 81
63, 480, 78
63, 490, 75
63, 500, 76
63, 510, 85
63, 520, 75
64, 530, 75
64, 540, 82
65, 550, 80
65, 560, 81
66, 570, 82
66, 580, 81
66, 590, 87
66, 600, 84
67, 610, 85
68, 620, 86
68, 630, 83
68, 640, 79
68, 650, 88
69, 660, 81
69, 670, 80
69, 680, 87
69, 690, 88
70, 700, 82
70, 710, 82
70, 720, 85
70, 730, 83
71, 740, 81
71, 750, 85
71, 760, 84
71, 770, 81
73, 780, 82
74, 790, 83
74, 800, 89
74, 810, 83
74, 820, 89
75, 830, 88
75, 840, 88
75, 850, 87
75, 860, 84
76, 870, 85
79, 880, 86
81, 890, 93
82, 900, 94
82, 910, 94
83, 920, 95
83, 930, 96
83, 940, 94
84, 950, 91
84, 960, 96
85, 970, 95
85, 980, 98
85, 990, 97
86, 1000, 98
86, 1010, 98
86, 1020, 98
86, 1030, 100
87, 1040, 96
88, 1050, 98
88, 1060, 97
88, 1070, 99
88, 1080, 98
88, 1090, 99
89, 1100, 97
90, 1110, 99
90, 1120, 100
90, 1130, 100
90, 1140, 100
91, 1150, 99
92, 1160, 102
92, 1170, 102
92, 1180, 100
92, 1190, 100
92, 1200, 101
92, 1210, 100
92, 1220, 101
93, 1230, 101
93, 1240, 101
93, 1250, 102
93, 1260, 100
93, 1270, 103
93, 1280, 101
94, 1290, 100
94, 1300, 101
94, 1310, 102
94, 1320, 102
94, 1330, 101
95, 1340, 102
96, 1350, 103
97, 1360, 103
97, 1370, 105
97, 1380, 103
97, 1390, 105
97, 1400, 104
97, 1410, 105
{'count': 3074, 'truepos': 57, 'falseneg': 1, 'unknownyes': 4, 'falsepos': 40, 'unique': 1410}
6: Wahono.csv: machine: 0, 0
6, 10
9, 20, 102
11, 30, 106
16, 40, 115
18, 50, 104
20, 60, 98
['yes' 'yes' 'yes' 'yes' 'yes' 'yes' 'no' 'no' 'yes' 'yes']
['no' 'no']
17, 60, 98
19, 70, 90
22, 80, 81
22, 90, 88
25, 100, 74
25, 110, 78
['yes' 'no' 'yes' 'yes' 'no' 'yes' 'no' 'yes' 'yes' 'yes']
[]
22, 110, 78
24, 120, 58
25, 130, 60
27, 140, 56
30, 150, 56
33, 160, 55
['no' 'no' 'yes' 'yes' 'yes' 'yes' 'yes' 'yes' 'yes' 'yes']
['no' 'no' 'no' 'no' 'no' 'no' 'no' 'no' 'no' 'no']
32, 160, 55
34, 170, 60
37, 180, 60
40, 190, 78
41, 200, 78
41, 210, 73
['no' 'yes' 'yes' 'no' 'no' 'yes' 'yes' 'yes' 'yes' 'no']
['no' 'no' 'yes' 'no' 'no' 'no' 'yes' 'no' 'yes' 'no']
40, 210, 73
41, 220, 65
42, 230, 63
45, 240, 65
47, 250, 66
49, 260, 73
['yes' 'yes' 'no' 'no' 'no' 'yes' 'yes' 'no' 'yes' 'no']
['no' 'no' 'no' 'no' 'no' 'no' 'no' 'no' 'no' 'no']
44, 260, 73
44, 270, 68
47, 280, 61
47, 290, 64
47, 300, 69
50, 310, 66
['no' 'no' 'yes' 'yes' 'no' 'yes' 'no' 'yes' 'yes' 'yes']
['no' 'no' 'no' 'no' 'no' 'no' 'no' 'no' 'no' 'no']
46, 310, 66
49, 320, 59
49, 330, 62
51, 340, 63
52, 350, 64
53, 360, 66
['yes' 'no' 'no' 'yes' 'no' 'yes' 'no' 'no' 'yes' 'no']
['yes' 'no' 'no' 'no' 'no' 'no' 'yes' 'no' 'no' 'no']
50, 360, 66
53, 370, 61
55, 380, 65
55, 390, 72
57, 400, 68
60, 410, 70
['no' 'no' 'no' 'yes' 'no' 'no' 'no' 'no' 'yes' 'no']
['no' 'no' 'no' 'no' 'no' 'yes' 'no' 'no' 'no' 'no']
57, 410, 70
58, 420, 72
58, 430, 81
58, 440, 72
59, 450, 73
60, 460, 78
['no' 'no' 'yes' 'no' 'no' 'no' 'no' 'no' 'yes' 'no']
['no' 'no' 'no' 'no' 'no' 'no' 'no' 'no' 'no' 'no']
53, 460, 78
53, 470, 62
56, 480, 61
56, 490, 64
59, 500, 64
60, 510, 69
['no' 'no' 'no' 'no' 'yes' 'no' 'no' 'yes' 'no']
['no' 'no' 'no' 'no' 'no' 'no' 'no' 'no' 'no' 'no']
55, 510, 69
57, 520, 63
59, 530, 66
61, 540, 69
62, 550, 75
66, 560, 74
['no' 'no' 'no' 'no' 'yes' 'yes' 'no' 'no' 'no' 'yes']
['no' 'no' 'no' 'no' 'no' 'no' 'no' 'no' 'no' 'no']
60, 560, 74
60, 570, 69
61, 580, 70
64, 590, 71
67, 600, 76
68, 610, 80
['no' 'yes' 'yes' 'yes' 'no' 'no' 'yes' 'no' 'no' 'no']
['no' 'no' 'no' 'yes' 'no' 'no' 'no' 'no' 'no' 'no']
63, 610, 80
65, 620, 74
67, 630, 76
67, 640, 79
68, 650, 79
68, 660, 81
['no' 'yes' 'no' 'yes' 'no' 'no' 'no']
['no' 'no' 'no' 'no' 'no' 'no' 'no' 'no' 'no' 'no']
66, 660, 81
68, 670, 78
69, 680, 79
71, 690, 81
72, 700, 86
74, 710, 85
['no' 'no' 'no' 'no' 'no' 'no' 'no' 'no']
['no' 'no' 'no' 'no' 'no' 'no' 'no' 'no' 'no' 'no']
69, 710, 85
69, 720, 78
71, 730, 76
71, 740, 81
73, 750, 81
74, 760, 84
['no' 'no' 'no' 'no' 'no' 'no']
['no' 'no' 'no' 'no' 'no' 'no' 'no' 'no' 'no' 'no']
68, 760, 84
70, 770, 76
72, 780, 79
75, 790, 79
78, 800, 84
78, 810, 88
['no' 'no' 'no' 'no' 'no' 'no' 'no' 'no' 'no' 'no']
['no' 'no' 'no' 'no' 'no' 'no' 'no' 'no' 'no' 'no']
72, 810, 88
72, 820, 82
74, 830, 80
74, 840, 84
74, 850, 85
74, 860, 84
['no' 'no' 'no' 'no']
['no' 'no' 'no' 'no' 'no' 'no' 'no' 'no' 'no' 'no']
70, 860, 84
70, 870, 78
71, 880, 77
72, 890, 79
72, 900, 79
72, 910, 79
['no' 'no']
['no' 'no' 'no' 'no' 'no' 'no' 'no' 'no' 'no' 'no']
72, 910, 79
72, 920, 79
74, 930, 79
74, 940, 82
75, 950, 82
76, 960, 84
['no' 'no' 'no' 'no' 'no']
['no' 'no' 'no' 'no' 'no' 'no' 'no' 'no' 'no' 'no']
71, 960, 84
72, 970, 77
73, 980, 78
73, 990, 79
73, 1000, 81
74, 1010, 79
['no' 'yes' 'no']
['no' 'no' 'no' 'no' 'no' 'no' 'no' 'no' 'no' 'no']
73, 1010, 79
74, 1020, 79
75, 1030, 81
75, 1040, 81
75, 1050, 81
76, 1060, 81
['no' 'no' 'no' 'no']
['no' 'no' 'no' 'no' 'no' 'no' 'no' 'no' 'no' 'no']
76, 1060, 81
78, 1070, 82
80, 1080, 85
81, 1090, 87
83, 1100, 88
85, 1110, 93
['no' 'no' 'no' 'no' 'no' 'no' 'no' 'no' 'no' 'no']
['no' 'no' 'no' 'no' 'no' 'no' 'no' 'no' 'no' 'no']
77, 1110, 93
77, 1120, 83
78, 1130, 84
78, 1140, 84
78, 1150, 84
79, 1160, 84
['no' 'no' 'no']
['no' 'no' 'no' 'no' 'no' 'no' 'no' 'no' 'no' 'no']
76, 1160, 84
76, 1170, 81
76, 1180, 81
77, 1190, 81
77, 1200, 82
77, 1210, 82
['no']
['no' 'no' 'no' 'no' 'no' 'no' 'no' 'no' 'no' 'no']
78, 1210, 82
78, 1220, 84
79, 1230, 83
79, 1240, 84
80, 1250, 84
80, 1260, 85
['no' 'no' 'no' 'no']
['no' 'no' 'no' 'no' 'no' 'no' 'no' 'no' 'no' 'no']
77, 1260, 85
['no']
['no' 'no' 'no' 'no' 'no' 'no' 'no' 'no' 'no' 'no']
{'count': 1689, 'truepos': 60, 'falseneg': 0, 'unknownyes': 2, 'falsepos': 17, 'unique': 1260}
6: Wahono.csv: machine2: 0, 0
7, 10
8, 20, 113
11, 30, 107
14, 40, 110
18, 50, 93
21, 60, 90
['yes' 'yes' 'yes' 'yes' 'yes' 'yes' 'yes' 'yes' 'yes' 'yes']
['no']
21, 60, 90
22, 70, 83
25, 80, 77
25, 90, 77
26, 100, 66
29, 110, 61
['yes' 'yes' 'yes' 'yes' 'yes' 'no' 'yes' 'no' 'yes' 'yes']
[]
28, 110, 61
30, 120, 62
33, 130, 52
35, 140, 61
38, 150, 62
42, 160, 78
['yes' 'no' 'yes' 'yes' 'no' 'no' 'yes' 'yes' 'yes' 'no']
['no' 'no' 'no' 'no' 'no' 'no' 'no' 'no' 'no' 'no']
38, 160, 78
40, 170, 64
43, 180, 66
46, 190, 74
48, 200, 72
48, 210, 74
['no' 'yes' 'no' 'no' 'no' 'no' 'no' 'no' 'yes' 'yes']
['no' 'no' 'no' 'no' 'no' 'no' 'no' 'no' 'no' 'no']
41, 210, 74
43, 220, 66
44, 230, 65
46, 240, 69
49, 250, 70
50, 260, 78
['yes' 'yes' 'no' 'no' 'no' 'yes' 'no' 'no' 'yes' 'no']
['yes' 'no' 'no' 'no' 'no' 'no' 'no' 'no' 'no' 'no']
49, 260, 78
52, 270, 69
52, 280, 74
55, 290, 71
57, 300, 75
58, 310, 72
['no' 'no' 'yes' 'no' 'no' 'yes' 'yes' 'no' 'yes' 'yes']
['no' 'no' 'no' 'no' 'no' 'no' 'no' 'no' 'no' 'no']
55, 310, 72
56, 320, 75
57, 330, 80
59, 340, 71
59, 350, 76
61, 360, 77
['no' 'no' 'no' 'no' 'no' 'no' 'no' 'yes' 'no' 'yes']
['yes' 'no' 'no' 'no' 'no' 'no' 'no' 'no' 'no' 'no']
55, 360, 77
55, 370, 69
59, 380, 68
60, 390, 74
62, 400, 74
62, 410, 77
['no' 'no' 'yes' 'no' 'no' 'no' 'no' 'no' 'no' 'yes']
['no' 'no' 'no' 'no' 'no' 'no' 'no' 'no' 'no' 'no']
56, 410, 77
57, 420, 67
58, 430, 68
59, 440, 69
60, 450, 70
60, 460, 68
['no' 'yes' 'no' 'no' 'yes' 'no' 'yes' 'yes' 'yes' 'no']
['no' 'no' 'no' 'no' 'no' 'no' 'no' 'no' 'no' 'no']
57, 460, 68
59, 470, 67
60, 480, 71
61, 490, 73
62, 500, 73
63, 510, 77
['no' 'no' 'no' 'no' 'no' 'no' 'no' 'yes' 'yes' 'yes']
['no' 'no' 'no' 'no' 'no' 'no' 'no' 'no' 'no' 'no']
60, 510, 77
62, 520, 70
62, 530, 75
62, 540, 73
63, 550, 74
65, 560, 74
['no' 'no' 'no' 'no' 'no' 'no' 'no' 'yes' 'no']
['no' 'no' 'no' 'no' 'no' 'no' 'no' 'no' 'no' 'no']
58, 560, 74
61, 570, 69
63, 580, 75
63, 590, 84
66, 600, 81
67, 610, 90
['no' 'no' 'no' 'no' 'yes' 'no' 'no' 'no' 'no' 'no']
['no' 'no' 'no' 'no' 'no' 'no' 'no' 'no' 'no' 'no']
59, 610, 90
62, 620, 69
64, 630, 74
66, 640, 79
67, 650, 84
68, 660, 87
['no' 'no' 'no' 'no' 'no' 'no' 'no' 'no' 'no']
['no' 'no' 'no' 'no' 'no' 'no' 'no' 'no' 'no' 'no']
60, 660, 87
60, 670, 70
62, 680, 70
63, 690, 74
64, 700, 74
64, 710, 76
['no' 'no' 'no' 'no']
['no' 'no' 'no' 'no' 'no' 'no' 'no' 'no' 'no' 'no']
61, 710, 76
61, 720, 69
64, 730, 70
65, 740, 76
66, 750, 76
67, 760, 77
['no' 'no' 'no' 'no' 'yes' 'no' 'no']
['no' 'no' 'no' 'no' 'no' 'no' 'no' 'no' 'no' 'no']
62, 760, 77
67, 770, 71
68, 780, 80
70, 790, 79
71, 800, 82
71, 810, 84
['yes' 'no' 'no' 'no' 'no' 'no' 'no' 'no' 'no' 'no']
['no' 'no' 'no' 'no' 'no' 'no' 'no' 'no' 'no' 'no']
63, 810, 84
63, 820, 75
64, 830, 71
66, 840, 75
68, 850, 77
70, 860, 78
['no' 'no' 'no' 'no' 'no' 'no' 'no' 'no']
['no' 'no' 'no' 'no' 'no' 'no' 'no' 'no' 'no' 'no']
65, 860, 78
66, 870, 74
66, 880, 73
68, 890, 76
69, 900, 80
70, 910, 82
['no' 'no' 'no' 'no' 'no' 'no' 'no']
['no' 'no' 'no' 'no' 'no' 'no' 'no' 'no' 'no' 'no']
65, 910, 82
65, 920, 74
65, 930, 75
66, 940, 74
67, 950, 76
70, 960, 77
['no' 'no' 'no' 'no' 'no' 'no' 'no']
['no' 'no' 'no' 'no' 'no' 'no' 'no' 'no' 'no' 'no']
64, 960, 77
64, 970, 74
65, 980, 73
69, 990, 73
70, 1000, 78
71, 1010, 79
['no' 'no' 'no' 'yes' 'no' 'no' 'yes']
['no' 'no' 'no' 'no' 'no' 'no' 'no' 'no' 'no' 'no']
69, 1010, 79
69, 1020, 78
69, 1030, 77
71, 1040, 77
71, 1050, 79
74, 1060, 80
['no' 'no' 'no' 'no' 'no' 'no']
['no' 'no' 'no' 'no' 'no' 'no' 'no' 'no' 'no' 'no']
71, 1060, 80
73, 1070, 79
73, 1080, 81
73, 1090, 81
73, 1100, 82
75, 1110, 80
['no' 'no' 'no' 'no']
['no' 'no' 'no' 'no' 'no' 'no' 'no' 'no' 'no' 'no']
74, 1110, 80
75, 1120, 82
75, 1130, 83
76, 1140, 83
78, 1150, 86
80, 1160, 88
['no' 'no' 'no' 'no' 'no' 'no' 'no' 'no']
['no' 'no' 'no' 'no' 'no' 'no' 'no' 'no' 'no' 'no']
74, 1160, 88
75, 1170, 82
76, 1180, 84
79, 1190, 85
79, 1200, 88
81, 1210, 87
['no' 'no' 'no' 'no' 'no' 'no' 'no' 'no']
['no' 'no' 'no' 'no' 'no' 'no' 'no' 'no' 'no' 'no']
76, 1210, 87
77, 1220, 84
78, 1230, 86
79, 1240, 87
81, 1250, 87
82, 1260, 92
['no' 'no' 'no' 'no' 'no' 'no' 'no']
['no' 'no' 'no' 'no' 'no' 'no' 'no' 'no' 'no' 'no']
76, 1260, 92
76, 1270, 83
79, 1280, 84
79, 1290, 89
81, 1300, 86
82, 1310, 91
['yes' 'no' 'no' 'no' 'no' 'no']
['no' 'no' 'no' 'no' 'no' 'no' 'no' 'no' 'no' 'no']
79, 1310, 91
79, 1320, 87
83, 1330, 86
83, 1340, 93
84, 1350, 92
84, 1360, 94
['no' 'no' 'no' 'no' 'no']
['no' 'no' 'no' 'no' 'no' 'no' 'no' 'no' 'no' 'no']
80, 1360, 94
81, 1370, 88
81, 1380, 89
82, 1390, 88
83, 1400, 90
84, 1410, 89
['no' 'no' 'no' 'no']
['no' 'no' 'no' 'no' 'no' 'no' 'no' 'no' 'no' 'no']
80, 1410, 89
80, 1420, 86
80, 1430, 85
81, 1440, 85
81, 1450, 88
83, 1460, 88
['no' 'no' 'no']
['no' 'no' 'no' 'no' 'no' 'no' 'no' 'no' 'no' 'no']
80, 1460, 88
81, 1470, 86
83, 1480, 88
83, 1490, 89
85, 1500, 89
85, 1510, 93
['no' 'no' 'no' 'no' 'no']
['no' 'no' 'no' 'no' 'no' 'no' 'no' 'no' 'no' 'no']
84, 1510, 93
84, 1520, 90
84, 1530, 91
85, 1540, 90
86, 1550, 92
89, 1560, 94
['no' 'no' 'no' 'no' 'no' 'no' 'no']
['no' 'no' 'no' 'no' 'no' 'no' 'no' 'no' 'no' 'no']
86, 1560, 94
88, 1570, 93
89, 1580, 94
89, 1590, 97
91, 1600, 95
92, 1610, 98
['no' 'no' 'no' 'no' 'no' 'no' 'no' 'no']
['no' 'no' 'no' 'no' 'no' 'no' 'no' 'no' 'no' 'no']
88, 1610, 98
89, 1620, 95
89, 1630, 95
90, 1640, 95
91, 1650, 96
91, 1660, 97
['no' 'no' 'no' 'no' 'no']
['no' 'no' 'no' 'no' 'no' 'no' 'no' 'no' 'no' 'no']
89, 1660, 97
91, 1670, 96
91, 1680, 99
92, 1690, 99
94, 1700, 99
94, 1710, 101
['no' 'no' 'no' 'no' 'no' 'no']
['no' 'no' 'no' 'no' 'no' 'no' 'no' 'no' 'no' 'no']
90, 1710, 101
90, 1720, 95
91, 1730, 96
93, 1740, 98
93, 1750, 101
95, 1760, 100
['no' 'no' 'no' 'no' 'no' 'no' 'no']
['no' 'no' 'no' 'no' 'no' 'no' 'no' 'no' 'no' 'no']
['no' 'no' 'no' 'no' 'no' 'no' 'no']
['no' 'no' 'no' 'no' 'no' 'no' 'no' 'no' 'yes' 'no']
{'count': 2528, 'truepos': 55, 'falseneg': 4, 'unknownyes': 3, 'falsepos': 36, 'unique': 1760}
6: Wahono.csv: machine3: 0, 0
4, 10
8, 20, 94
9, 30, 94
10, 40, 90
12, 50, 87
15, 60, 84
null
['no']
15, 60, 84
15, 70, 80
17, 80, 66
19, 90, 65
20, 100, 61
22, 110, 59
null
[]
22, 120, 61
22, 130, 52
25, 140, 48
26, 150, 55
28, 160, 51
29, 170, 56
null
[]
29, 180, 53
29, 190, 50
30, 200, 49
32, 210, 54
34, 220, 54
35, 230, 62
null
['no' 'no' 'no' 'no' 'no' 'no' 'no' 'no' 'no' 'no']
35, 230, 62
36, 240, 58
36, 250, 60
36, 260, 58
36, 270, 58
37, 280, 55
null
['yes' 'no' 'no' 'no' 'yes' 'yes' 'no' 'no' 'yes' 'no']
39, 280, 55
39, 290, 57
42, 300, 56
43, 310, 57
43, 320, 59
44, 330, 57
null
['no' 'yes' 'no' 'no' 'no' 'no' 'no' 'no' 'no' 'no']
45, 330, 57
47, 340, 59
48, 350, 72
49, 360, 65
50, 370, 64
51, 380, 64
null
['no' 'no' 'no' 'no' 'no' 'yes' 'no' 'no' 'no' 'no']
51, 380, 64
51, 390, 66
52, 400, 66
53, 410, 69
53, 420, 67
56, 430, 70
null
['no' 'no' 'no' 'no' 'no' 'no' 'no' 'no' 'yes' 'no']
58, 430, 70
58, 440, 82
58, 450, 76
58, 460, 75
59, 470, 76
59, 480, 74
null
['no' 'no' 'no' 'no' 'no' 'no' 'no' 'no' 'no' 'no']
59, 480, 74
60, 490, 75
60, 500, 77
60, 510, 76
60, 520, 73
60, 530, 74
null
['no' 'no' 'no' 'no' 'no' 'no' 'no' 'no' 'no' 'no']
60, 530, 74
60, 540, 74
60, 550, 73
62, 560, 73
64, 570, 76
64, 580, 81
null
['no' 'no' 'no' 'no' 'no' 'no' 'no' 'no' 'no' 'no']
65, 580, 81
66, 590, 81
66, 600, 81
66, 610, 80
66, 620, 81
66, 630, 83
null
['no' 'no' 'no' 'no' 'no' 'no' 'no' 'no' 'no' 'no']
66, 630, 83
67, 640, 82
67, 650, 83
67, 660, 83
67, 670, 81
68, 680, 83
null
['no' 'no' 'no' 'no' 'no' 'no' 'no' 'no' 'no' 'no']
69, 680, 83
69, 690, 82
69, 700, 83
69, 710, 83
69, 720, 84
70, 730, 82
null
['no' 'no' 'no' 'no' 'no' 'no' 'no' 'no' 'no' 'no']
70, 730, 82
70, 740, 84
70, 750, 82
70, 760, 81
70, 770, 80
70, 780, 81
null
['no' 'no' 'no' 'no' 'no' 'no' 'no' 'no' 'no' 'no']
70, 780, 81
70, 790, 81
70, 800, 80
70, 810, 81
70, 820, 81
72, 830, 81
null
['no' 'no' 'no' 'no' 'no' 'no' 'no' 'no' 'no' 'no']
73, 830, 81
73, 840, 85
74, 850, 85
74, 860, 87
74, 870, 87
74, 880, 85
null
['no' 'no' 'no' 'no' 'no' 'no' 'no' 'no' 'no' 'no']
74, 880, 85
74, 890, 86
74, 900, 85
75, 910, 85
75, 920, 85
76, 930, 86
null
['no' 'no' 'no' 'no' 'no' 'no' 'no' 'no' 'no' 'no']
76, 930, 86
77, 940, 88
77, 950, 90
77, 960, 87
78, 970, 91
78, 980, 90
null
['no' 'no' 'no' 'yes' 'no' 'no' 'no' 'yes' 'no' 'no']
80, 980, 90
80, 990, 91
80, 1000, 90
80, 1010, 91
80, 1020, 91
80, 1030, 90
null
['no' 'no' 'no' 'no' 'no' 'no' 'no' 'no' 'no' 'no']
80, 1030, 90
80, 1040, 90
80, 1050, 90
80, 1060, 89
80, 1070, 90
80, 1080, 90
null
['no' 'no' 'no' 'no' 'no' 'no' 'no' 'no' 'no' 'no']
80, 1080, 90
80, 1090, 89
80, 1100, 89
80, 1110, 90
80, 1120, 89
80, 1130, 89
null
['no' 'no' 'no' 'no' 'no' 'no' 'no' 'no' 'no' 'no']
80, 1130, 89
80, 1140, 90
80, 1150, 88
80, 1160, 88
80, 1170, 88
80, 1180, 88
null
['no' 'no' 'no' 'no' 'no' 'no' 'no' 'no' 'no' 'no']
80, 1180, 88
80, 1190, 89
80, 1200, 89
80, 1210, 90
81, 1220, 88
81, 1230, 91
null
['no' 'no' 'no' 'no' 'no' 'no' 'no' 'no' 'no' 'no']
81, 1230, 91
82, 1240, 91
82, 1250, 91
82, 1260, 90
83, 1270, 93
83, 1280, 93
null
['no' 'no' 'no' 'no' 'no' 'no' 'no' 'no' 'no' 'no']
83, 1280, 93
83, 1290, 92
84, 1300, 92
84, 1310, 93
84, 1320, 93
84, 1330, 93
null
['no' 'no' 'no' 'no' 'no' 'no' 'no' 'no' 'no' 'no']
84, 1330, 93
84, 1340, 95
84, 1350, 93
84, 1360, 93
84, 1370, 94
84, 1380, 92
null
['no' 'no' 'no' 'no' 'no' 'no' 'no' 'no' 'no' 'no']
84, 1380, 92
85, 1390, 93
85, 1400, 94
85, 1410, 94
86, 1420, 93
86, 1430, 95
null
['no' 'no' 'no' 'no' 'no' 'no' 'no' 'no' 'no' 'no']
86, 1430, 95
86, 1440, 94
86, 1450, 94
88, 1460, 93
88, 1470, 97
88, 1480, 97
null
['no' 'no' 'no' 'no' 'no' 'no' 'no' 'no' 'no' 'no']
88, 1480, 97
88, 1490, 96
89, 1500, 96
89, 1510, 98
89, 1520, 98
89, 1530, 98
null
['no' 'no' 'no' 'no' 'no' 'no' 'no' 'no' 'no' 'no']
89, 1530, 98
89, 1540, 96
89, 1550, 98
89, 1560, 97
89, 1570, 97
89, 1580, 96
null
['no' 'no' 'no' 'yes' 'no' 'no' 'no' 'no' 'no' 'no']
91, 1580, 96
92, 1590, 98
92, 1600, 99
92, 1610, 100
92, 1620, 100
92, 1630, 98
null
['no' 'no' 'no' 'no' 'no' 'no' 'no' 'no' 'no' 'no']
92, 1630, 98
92, 1640, 99
92, 1650, 99
93, 1660, 99
94, 1670, 99
94, 1680, 100
null
['no' 'no' 'no' 'no' 'no' 'no' 'no' 'no' 'no' 'no']
94, 1680, 100
94, 1690, 100
95, 1700, 100
null
['no' 'no' 'no' 'no' 'no' 'no' 'no' 'no' 'no' 'no']
{'count': 2420, 'truepos': 55, 'falseneg': 6, 'unknownyes': 1, 'falsepos': 40, 'unique': 1700}
6: Danijel.csv: none: 0, 0
4, 10
6, 20, 121
8, 30, 118
9, 40, 119
10, 50, 108
12, 60, 95
14, 70, 88
17, 80, 64
19, 90, 62
22, 100, 59
26, 110, 58
30, 120, 70
33, 130, 61
35, 140, 64
37, 150, 68
41, 160, 67
41, 170, 80
42, 180, 78
43, 190, 76
43, 200, 80
44, 210, 71
46, 220, 75
50, 230, 73
51, 240, 78
52, 250, 89
54, 260, 87
54, 270, 93
55, 280, 87
56, 290, 97
58, 300, 95
60, 310, 102
60, 320, 95
63, 330, 95
63, 340, 97
64, 350, 98
64, 360, 94
66, 370, 90
67, 380, 98
68, 390, 92
68, 400, 98
69, 410, 100
70, 420, 98
71, 430, 96
74, 440, 96
75, 450, 93
76, 460, 98
76, 470, 97
76, 480, 103
76, 490, 99
78, 500, 92
79, 510, 98
80, 520, 101
84, 530, 98
86, 540, 104
88, 550, 110
89, 560, 109
91, 570, 109
93, 580, 110
93, 590, 107
96, 600, 110
98, 610, 116
100, 620, 126
102, 630, 131
102, 640, 139
104, 650, 130
105, 660, 129
105, 670, 129
105, 680, 129
106, 690, 126
108, 700, 128
109, 710, 127
111, 720, 128
112, 730, 134
113, 740, 136
114, 750, 134
116, 760, 137
117, 770, 144
118, 780, 138
118, 790, 146
118, 800, 144
119, 810, 148
121, 820, 143
122, 830, 146
124, 840, 146
125, 850, 149
125, 860, 146
125, 870, 147
127, 880, 152
127, 890, 148
130, 900, 145
131, 910, 152
133, 920, 155
135, 930, 153
138, 940, 160
139, 950, 167
140, 960, 160
141, 970, 166
142, 980, 172
144, 990, 178
147, 1000, 169
148, 1010, 180
150, 1020, 175
151, 1030, 179
153, 1040, 185
155, 1050, 180
155, 1060, 188
155, 1070, 183
156, 1080, 183
157, 1090, 184
157, 1100, 188
158, 1110, 186
159, 1120, 185
159, 1130, 188
159, 1140, 187
159, 1150, 191
160, 1160, 187
161, 1170, 184
162, 1180, 193
162, 1190, 189
164, 1200, 191
164, 1210, 186
165, 1220, 192
166, 1230, 194
166, 1240, 194
167, 1250, 188
168, 1260, 195
169, 1270, 192
169, 1280, 197
169, 1290, 195
171, 1300, 193
171, 1310, 194
172, 1320, 193
173, 1330, 193
174, 1340, 193
175, 1350, 195
176, 1360, 199
178, 1370, 202
178, 1380, 203
178, 1390, 207
180, 1400, 203
181, 1410, 207
183, 1420, 207
184, 1430, 211
184, 1440, 207
186, 1450, 210
186, 1460, 212
188, 1470, 212
188, 1480, 215
188, 1490, 212
189, 1500, 209
191, 1510, 214
192, 1520, 220
193, 1530, 220
194, 1540, 220
196, 1550, 229
196, 1560, 232
198, 1570, 224
199, 1580, 224
199, 1590, 230
199, 1600, 231
202, 1610, 225
202, 1620, 231
202, 1630, 231
202, 1640, 230
202, 1650, 227
203, 1660, 229
203, 1670, 231
204, 1680, 227
204, 1690, 232
206, 1700, 233
210, 1710, 229
210, 1720, 231
212, 1730, 237
212, 1740, 239
213, 1750, 240
214, 1760, 233
217, 1770, 239
219, 1780, 240
220, 1790, 245
223, 1800, 246
224, 1810, 250
224, 1820, 255
226, 1830, 252
226, 1840, 257
226, 1850, 255
226, 1860, 251
228, 1870, 251
230, 1880, 256
230, 1890, 258
230, 1900, 251
232, 1910, 254
236, 1920, 255
238, 1930, 261
239, 1940, 267
241, 1950, 262
245, 1960, 265
245, 1970, 274
245, 1980, 272
246, 1990, 268
246, 2000, 267
246, 2010, 267
246, 2020, 269
247, 2030, 270
248, 2040, 270
248, 2050, 274
250, 2060, 274
253, 2070, 269
254, 2080, 272
254, 2090, 276
256, 2100, 277
257, 2110, 281
257, 2120, 280
258, 2130, 278
258, 2140, 281
259, 2150, 279
260, 2160, 277
261, 2170, 283
262, 2180, 280
265, 2190, 282
266, 2200, 281
266, 2210, 286
268, 2220, 283
268, 2230, 288
270, 2240, 287
271, 2250, 289
272, 2260, 292
274, 2270, 293
274, 2280, 300
274, 2290, 294
274, 2300, 295
275, 2310, 295
277, 2320, 296
277, 2330, 298
277, 2340, 295
278, 2350, 293
278, 2360, 295
280, 2370, 298
281, 2380, 300
282, 2390, 301
282, 2400, 301
283, 2410, 303
284, 2420, 303
286, 2430, 304
286, 2440, 306
288, 2450, 308
288, 2460, 313
290, 2470, 310
291, 2480, 311
293, 2490, 313
294, 2500, 315
296, 2510, 315
296, 2520, 316
298, 2530, 316
299, 2540, 322
303, 2550, 319
303, 2560, 325
303, 2570, 324
304, 2580, 323
305, 2590, 323
305, 2600, 328
306, 2610, 326
308, 2620, 328
309, 2630, 326
310, 2640, 330
311, 2650, 330
311, 2660, 332
311, 2670, 332
312, 2680, 329
313, 2690, 332
314, 2700, 336
315, 2710, 332
315, 2720, 334
317, 2730, 335
318, 2740, 334
319, 2750, 336
319, 2760, 339
320, 2770, 336
320, 2780, 339
321, 2790, 337
323, 2800, 341
{'count': 2800, 'truepos': 39, 'falseneg': 5, 'unknownyes': 4, 'falsepos': 284, 'unique': 2800}
6: Danijel.csv: three: 0, 0
4, 10
4, 20, 119
6, 30, 92
9, 40, 76
9, 50, 75
10, 60, 57
12, 70, 56
16, 80, 54
18, 90, 57
22, 100, 55
23, 110, 66
24, 120, 54
28, 130, 54
29, 140, 58
32, 150, 56
35, 160, 54
35, 170, 55
36, 180, 54
37, 190, 53
37, 200, 51
38, 210, 53
39, 220, 51
39, 230, 52
40, 240, 51
40, 250, 52
43, 260, 52
43, 270, 55
44, 280, 60
45, 290, 56
45, 300, 58
46, 310, 55
46, 320, 61
46, 330, 59
46, 340, 56
46, 350, 57
46, 360, 54
46, 370, 53
46, 380, 55
47, 390, 53
47, 400, 57
48, 410, 56
48, 420, 56
49, 430, 55
50, 440, 56
50, 450, 57
50, 460, 57
50, 470, 58
50, 480, 57
50, 490, 56
50, 500, 56
52, 510, 57
52, 520, 59
52, 530, 58
52, 540, 59
52, 550, 58
52, 560, 58
52, 570, 57
52, 580, 57
52, 590, 58
53, 600, 57
53, 610, 58
53, 620, 58
54, 630, 59
54, 640, 59
54, 650, 61
54, 660, 60
55, 670, 59
56, 680, 59
56, 690, 61
57, 700, 61
57, 710, 62
57, 720, 61
58, 730, 62
60, 740, 62
60, 750, 67
60, 760, 65
60, 770, 66
61, 780, 66
61, 790, 67
62, 800, 67
63, 810, 68
63, 820, 71
64, 830, 68
64, 840, 75
64, 850, 71
64, 860, 71
64, 870, 71
64, 880, 71
65, 890, 69
67, 900, 71
67, 910, 77
67, 920, 76
67, 930, 76
67, 940, 75
67, 950, 76
68, 960, 73
68, 970, 74
68, 980, 73
68, 990, 77
68, 1000, 74
68, 1010, 74
68, 1020, 75
68, 1030, 73
68, 1040, 72
68, 1050, 72
68, 1060, 72
68, 1070, 72
69, 1080, 73
69, 1090, 73
70, 1100, 74
70, 1110, 77
70, 1120, 75
71, 1130, 75
71, 1140, 79
71, 1150, 77
71, 1160, 77
71, 1170, 75
72, 1180, 77
74, 1190, 78
74, 1200, 81
74, 1210, 81
74, 1220, 81
74, 1230, 81
74, 1240, 80
74, 1250, 81
75, 1260, 80
75, 1270, 80
76, 1280, 79
76, 1290, 81
76, 1300, 82
76, 1310, 81
77, 1320, 82
77, 1330, 82
{'count': 2901, 'truepos': 44, 'falseneg': 2, 'unknownyes': 2, 'falsepos': 33, 'unique': 1330}
6: Danijel.csv: machine: 0, 0
5, 10
6, 20, 106
9, 30, 99
11, 40, 101
13, 50, 101
16, 60, 83
['no' 'yes' 'yes' 'no' 'no' 'no' 'yes' 'yes' 'no' 'no']
[]
11, 60, 83
12, 70, 87
14, 80, 66
18, 90, 62
23, 100, 75
25, 110, 88
['no' 'no' 'yes' 'yes' 'yes' 'yes' 'yes' 'yes' 'yes' 'yes']
[]
23, 110, 88
26, 120, 73
27, 130, 78
29, 140, 63
33, 150, 63
35, 160, 55
['yes' 'no' 'no' 'yes' 'no' 'yes' 'yes' 'yes' 'yes' 'no']
['no' 'no' 'no' 'no' 'no' 'yes' 'no' 'no' 'no' 'no']
31, 160, 55
33, 170, 49
34, 180, 52
37, 190, 52
38, 200, 57
38, 210, 57
['yes' 'no' 'no' 'yes' 'yes' 'yes' 'no' 'yes' 'yes' 'yes']
['no' 'no' 'no' 'no' 'no' 'no' 'no' 'no' 'no' 'no']
34, 210, 57
35, 220, 48
37, 230, 48
38, 240, 50
39, 250, 53
40, 260, 51
['no' 'yes' 'no' 'no' 'yes' 'yes' 'no' 'yes' 'yes' 'yes']
['no' 'no' 'no' 'no' 'no' 'yes' 'no' 'no' 'no' 'no']
37, 260, 51
38, 270, 51
39, 280, 49
40, 290, 49
40, 300, 52
43, 310, 51
['yes' 'no' 'no' 'yes' 'yes' 'no' 'yes' 'yes' 'no' 'yes']
['no' 'no' 'no' 'no' 'no' 'no' 'no' 'no' 'no' 'no']
40, 310, 51
41, 320, 53
42, 330, 53
42, 340, 52
44, 350, 51
44, 360, 53
['no' 'no' 'yes' 'no' 'no' 'yes' 'yes' 'no']
['no' 'no' 'no' 'no' 'no' 'no' 'no' 'no' 'no' 'no']
42, 360, 53
43, 370, 53
43, 380, 52
45, 390, 55
46, 400, 55
48, 410, 58
['no' 'no' 'no' 'yes' 'no' 'no' 'no' 'no']
['no' 'no' 'yes' 'no' 'no' 'no' 'no' 'no' 'no' 'no']
45, 410, 58
45, 420, 54
45, 430, 56
46, 440, 55
47, 450, 53
49, 460, 54
['no' 'no' 'no' 'no' 'no']
['no' 'no' 'no' 'no' 'no' 'yes' 'no' 'no' 'no' 'no']
47, 460, 54
50, 470, 52
53, 480, 58
54, 490, 69
55, 500, 65
56, 510, 68
['no' 'no' 'no' 'yes' 'yes' 'no' 'no' 'no' 'no' 'no']
['no' 'no' 'no' 'no' 'no' 'no' 'no' 'no' 'no' 'no']
52, 510, 68
53, 520, 58
54, 530, 59
56, 540, 59
56, 550, 63
57, 560, 61
['no' 'no' 'no' 'no' 'no' 'no' 'no' 'yes' 'no' 'no']
['no' 'no' 'no' 'no' 'yes' 'no' 'no' 'no' 'no' 'no']
52, 560, 61
54, 570, 57
57, 580, 60
58, 590, 63
58, 600, 64
60, 610, 66
['no' 'no' 'no' 'no' 'no' 'no' 'no' 'no' 'no' 'no']
['no' 'no' 'no' 'no' 'no' 'no' 'no' 'no' 'no' 'no']
52, 610, 66
52, 620, 56
53, 630, 56
55, 640, 57
55, 650, 60
55, 660, 59
['no' 'no' 'no' 'yes']
['no' 'no' 'no' 'no' 'no' 'no' 'no' 'no' 'no' 'no']
54, 660, 59
55, 670, 58
55, 680, 59
56, 690, 59
57, 700, 60
60, 710, 61
['no' 'no' 'no' 'no' 'no' 'no' 'no' 'no']
['no' 'no' 'no' 'no' 'no' 'no' 'no' 'no' 'no' 'no']
['no' 'no' 'no' 'no' 'no' 'no' 'no' 'no']
['no' 'no' 'no' 'no' 'no' 'no' 'no' 'no' 'no' 'no']
{'count': 953, 'truepos': 44, 'falseneg': 1, 'unknownyes': 3, 'falsepos': 11, 'unique': 710}
6: Danijel.csv: machine2: 0, 0
4, 10
6, 20, 123
11, 30, 106
12, 40, 118
14, 50, 94
19, 60, 87
['no' 'yes' 'no' 'yes' 'no' 'yes' 'no' 'no' 'yes' 'yes']
[]
14, 60, 87
19, 70, 89
22, 80, 88
23, 90, 93
26, 100, 85
27, 110, 76
['yes' 'yes' 'yes' 'yes' 'no' 'yes' 'yes' 'yes' 'no' 'yes']
[]
26, 110, 76
28, 120, 57
30, 130, 58
32, 140, 51
33, 150, 53
35, 160, 56
['no' 'yes' 'no' 'yes' 'yes' 'no' 'no' 'no' 'no' 'yes']
['no' 'no' 'no' 'no' 'no' 'no' 'no' 'no' 'no' 'no']
30, 160, 56
31, 170, 53
32, 180, 48
32, 190, 49
32, 200, 50
34, 210, 48
['yes' 'no' 'yes' 'no' 'yes' 'yes' 'no' 'no' 'no' 'yes']
['no' 'no' 'no' 'no' 'no' 'yes' 'no' 'no' 'no' 'yes']
33, 210, 48
35, 220, 45
39, 230, 48
41, 240, 57
43, 250, 59
45, 260, 59
['yes' 'yes' 'no' 'yes' 'yes' 'no' 'yes' 'no' 'yes' 'yes']
['no' 'no' 'no' 'no' 'no' 'no' 'no' 'no' 'no' 'no']
43, 260, 59
45, 270, 61
45, 280, 58
47, 290, 58
47, 300, 62
47, 310, 60
['no' 'yes' 'no' 'no' 'no' 'yes' 'yes' 'no' 'yes' 'no']
['no' 'no' 'no' 'no' 'no' 'no' 'no' 'no' 'no' 'no']
44, 310, 60
45, 320, 55
45, 330, 55
46, 340, 54
48, 350, 57
50, 360, 59
['no' 'no' 'no' 'no' 'no' 'yes' 'yes' 'no' 'yes' 'no']
['no' 'no' 'no' 'no' 'no' 'no' 'no' 'no' 'no' 'no']
45, 360, 59
48, 370, 56
49, 380, 62
51, 390, 62
51, 400, 70
51, 410, 68
['yes' 'no' 'no' 'no' 'no' 'no' 'no' 'yes' 'no' 'yes']
['no' 'no' 'no' 'no' 'no' 'no' 'no' 'no' 'no' 'no']
47, 410, 68
50, 420, 55
52, 430, 64
53, 440, 73
55, 450, 73
57, 460, 72
['yes' 'no' 'no' 'no' 'no' 'no' 'no' 'no' 'no' 'no']
['no' 'no' 'no' 'no' 'no' 'no' 'no' 'no' 'no' 'no']
48, 460, 72
50, 470, 58
50, 480, 58
50, 490, 61
51, 500, 63
52, 510, 65
['no' 'no' 'no' 'no' 'no']
['no' 'no' 'no' 'no' 'no' 'no' 'no' 'no' 'no' 'no']
49, 510, 65
50, 520, 57
52, 530, 59
55, 540, 63
59, 550, 64
60, 560, 69
['no' 'no' 'no' 'no' 'no' 'no' 'no' 'no' 'no' 'no']
['no' 'no' 'no' 'no' 'no' 'no' 'no' 'no' 'no' 'no']
54, 560, 69
54, 570, 64
58, 580, 63
59, 590, 67
59, 600, 71
61, 610, 67
['no' 'no' 'no' 'no' 'no' 'no' 'no' 'no' 'no' 'no']
['no' 'no' 'no' 'no' 'no' 'no' 'no' 'no' 'no' 'no']
54, 610, 67
55, 620, 62
55, 630, 65
56, 640, 63
57, 650, 64
57, 660, 65
['no' 'no' 'no' 'no']
['no' 'no' 'no' 'no' 'no' 'no' 'no' 'no' 'no' 'no']
56, 660, 65
57, 670, 66
58, 680, 66
58, 690, 70
58, 700, 68
59, 710, 67
['no' 'no' 'no' 'no' 'no']
['no' 'no' 'no' 'no' 'no' 'no' 'no' 'no' 'no' 'no']
56, 710, 67
56, 720, 65
58, 730, 65
60, 740, 66
64, 750, 69
66, 760, 74
['no' 'no' 'no' 'no' 'no' 'no' 'yes' 'no' 'no' 'no']
['no' 'no' 'no' 'no' 'no' 'no' 'no' 'no' 'no' 'no']
60, 760, 74
60, 770, 67
62, 780, 69
62, 790, 70
62, 800, 69
63, 810, 70
['no' 'no' 'yes' 'no']
['no' 'no' 'no' 'no' 'no' 'no' 'no' 'no' 'no' 'no']
61, 810, 70
62, 820, 67
63, 830, 69
64, 840, 70
65, 850, 71
67, 860, 74
['no' 'no' 'no' 'no' 'no' 'no']
['no' 'no' 'no' 'no' 'no' 'no' 'no' 'no' 'no' 'no']
62, 860, 74
64, 870, 67
65, 880, 70
65, 890, 71
66, 900, 72
66, 910, 73
['no' 'no' 'no' 'no' 'no']
['no' 'no' 'no' 'no' 'no' 'no' 'no' 'no' 'no' 'no']
64, 910, 73
65, 920, 70
66, 930, 71
66, 940, 72
70, 950, 71
70, 960, 77
['no' 'no' 'no' 'no' 'no' 'no' 'no']
['no' 'no' 'no' 'no' 'no' 'no' 'no' 'no' 'no' 'no']
65, 960, 77
65, 970, 69
66, 980, 69
68, 990, 72
68, 1000, 73
68, 1010, 74
['no' 'no' 'no' 'no']
['no' 'no' 'no' 'no' 'no' 'no' 'no' 'yes' 'no' 'no']
66, 1010, 74
68, 1020, 70
69, 1030, 73
69, 1040, 74
70, 1050, 73
71, 1060, 74
['no' 'no' 'no' 'yes' 'no' 'no' 'no']
['no' 'no' 'no' 'no' 'no' 'no' 'no' 'no' 'no' 'no']
['no' 'no' 'no' 'yes' 'no' 'no' 'no']
['no' 'no' 'no' 'no' 'no' 'no' 'no' 'no' 'no' 'no']
{'count': 1514, 'truepos': 43, 'falseneg': 2, 'unknownyes': 3, 'falsepos': 24, 'unique': 1060}
6: Danijel.csv: machine3: 0, 0
4, 10
5, 20, 116
7, 30, 100
9, 40, 96
10, 50, 90
12, 60, 81
null
[]
14, 70, 73
16, 80, 67
19, 90, 66
21, 100, 69
23, 110, 61
25, 120, 61
null
[]
25, 130, 60
25, 140, 53
28, 150, 50
30, 160, 54
32, 170, 48
32, 180, 53
null
['yes' 'no' 'no' 'no' 'no' 'no' 'no' 'no' 'no' 'no']
33, 180, 53
33, 190, 48
33, 200, 48
35, 210, 46
35, 220, 50
36, 230, 48
null
['no' 'no' 'no' 'no' 'no' 'no' 'no' 'no' 'no' 'no']
36, 230, 48
36, 240, 50
37, 250, 47
38, 260, 51
38, 270, 49
39, 280, 47
null
['no' 'no' 'no' 'no' 'no' 'no' 'no' 'no' 'no' 'no']
39, 280, 47
39, 290, 52
39, 300, 51
39, 310, 51
40, 320, 48
40, 330, 51
null
['no' 'no' 'no' 'no' 'no' 'no' 'no' 'no' 'no' 'no']
40, 330, 51
41, 340, 48
41, 350, 51
41, 360, 48
41, 370, 51
41, 380, 49
null
['yes' 'no' 'no' 'no' 'no' 'no' 'no' 'no' 'no' 'no']
42, 380, 49
42, 390, 48
42, 400, 51
42, 410, 48
42, 420, 48
42, 430, 50
null
['no' 'no' 'no' 'no' 'no' 'no' 'no' 'no' 'no' 'no']
42, 430, 50
42, 440, 49
42, 450, 50
44, 460, 48
44, 470, 51
45, 480, 50
null
['no' 'no' 'no' 'no' 'no' 'no' 'no' 'no' 'no' 'no']
45, 480, 50
45, 490, 50
45, 500, 50
46, 510, 50
46, 520, 53
46, 530, 53
null
['no' 'no' 'no' 'no' 'no' 'no' 'no' 'no' 'no' 'no']
46, 530, 53
46, 540, 51
46, 550, 51
47, 560, 50
47, 570, 54
47, 580, 52
null
['no' 'no' 'no' 'no' 'no' 'no' 'no' 'no' 'no' 'no']
47, 580, 52
47, 590, 51
47, 600, 51
48, 610, 51
49, 620, 53
51, 630, 57
null
['no' 'no' 'no' 'no' 'no' 'no' 'no' 'no' 'no' 'no']
51, 630, 57
52, 640, 59
52, 650, 58
53, 660, 59
53, 670, 60
53, 680, 61
null
['no' 'no' 'no' 'no' 'no' 'no' 'no' 'no' 'no' 'no']
53, 680, 61
53, 690, 59
53, 700, 60
53, 710, 61
54, 720, 60
54, 730, 60
null
['no' 'no' 'no' 'no' 'no' 'no' 'no' 'no' 'no' 'no']
55, 730, 60
55, 740, 62
55, 750, 62
55, 760, 61
55, 770, 60
55, 780, 62
null
['no' 'no' 'no' 'no' 'no' 'no' 'no' 'no' 'no' 'no']
55, 780, 62
55, 790, 60
55, 800, 61
55, 810, 60
55, 820, 60
56, 830, 60
null
['no' 'no' 'no' 'no' 'no' 'no' 'no' 'no' 'no' 'no']
56, 830, 60
57, 840, 63
57, 850, 62
58, 860, 62
59, 870, 64
61, 880, 66
null
['no' 'no' 'no' 'no' 'no' 'no' 'no' 'no' 'no' 'no']
61, 880, 66
61, 890, 70
62, 900, 69
62, 910, 70
62, 920, 69
62, 930, 69
null
['no' 'no' 'no' 'no' 'no' 'no' 'no' 'no' 'no' 'no']
62, 930, 69
62, 940, 69
63, 950, 67
63, 960, 69
63, 970, 69
63, 980, 68
null
['no' 'no' 'no' 'no' 'no' 'no' 'no' 'no' 'no' 'no']
63, 980, 68
63, 990, 69
63, 1000, 69
63, 1010, 68
63, 1020, 68
63, 1030, 68
null
['no' 'no' 'no' 'no' 'no' 'no' 'no' 'no' 'no' 'no']
63, 1030, 68
63, 1040, 67
63, 1050, 67
63, 1060, 67
63, 1070, 67
63, 1080, 67
null
['no' 'no' 'no' 'no' 'no' 'no' 'no' 'no' 'no' 'no']
63, 1080, 67
63, 1090, 67
null
['no' 'no' 'no' 'no' 'no' 'no' 'no' 'no' 'no' 'no']
{'count': 1563, 'truepos': 43, 'falseneg': 3, 'unknownyes': 2, 'falsepos': 20, 'unique': 1090}
6: K_all3.csv: none: 0, 0
1, 10
3, 20, 92
6, 30, 62
6, 40, 67
7, 50, 58
10, 60, 50
13, 70, 54
18, 80, 57
20, 90, 66
22, 100, 61
23, 110, 59
26, 120, 56
27, 130, 57
29, 140, 56
32, 150, 58
34, 160, 48
39, 170, 45
40, 180, 56
41, 190, 52
43, 200, 52
45, 210, 56
47, 220, 57
48, 230, 59
49, 240, 60
51, 250, 58
52, 260, 63
54, 270, 62
55, 280, 63
57, 290, 63
58, 300, 66
61, 310, 68
64, 320, 68
64, 330, 70
67, 340, 70
68, 350, 73
68, 360, 74
69, 370, 72
70, 380, 75
74, 390, 78
75, 400, 83
77, 410, 84
78, 420, 83
78, 430, 85
79, 440, 86
81, 450, 84
{'count': 450, 'truepos': 36, 'falseneg': 2, 'unknownyes': 7, 'falsepos': 45, 'unique': 450}
6: K_all3.csv: three: 0, 0
1, 10
2, 20, 93
2, 30, 63
4, 40, 54
5, 50, 49
6, 60, 46
11, 70, 42
13, 80, 56
15, 90, 49
18, 100, 48
18, 110, 49
19, 120, 44
22, 130, 45
25, 140, 48
25, 150, 52
25, 160, 48
26, 170, 46
26, 180, 47
27, 190, 46
28, 200, 47
30, 210, 47
30, 220, 39
30, 230, 38
32, 240, 39
32, 250, 42
32, 260, 43
34, 270, 41
34, 280, 43
35, 290, 41
35, 300, 41
35, 310, 40
36, 320, 41
36, 330, 42
37, 340, 43
38, 350, 43
38, 360, 43
39, 370, 44
39, 380, 44
39, 390, 43
40, 400, 42
41, 410, 43
42, 420, 44
43, 430, 45
43, 440, 46
{'count': 959, 'truepos': 29, 'falseneg': 2, 'unknownyes': 14, 'falsepos': 14, 'unique': 440}
6: K_all3.csv: machine: 0, 0
2, 10
5, 20, 69
8, 30, 69
13, 40, 67
16, 50, 71
20, 60, 68
['yes' 'no' 'yes' 'no' 'yes' 'yes' 'yes' 'yes' 'yes' 'yes']
['no']
19, 60, 68
23, 70, 66
24, 80, 70
26, 90, 67
28, 100, 70
31, 110, 67
['no' 'yes' 'yes' 'yes' 'yes' 'no' 'yes' 'no' 'yes' 'yes']
['no' 'no' 'no' 'no' 'no' 'no' 'no' 'no' 'no' 'no']
30, 110, 67
31, 120, 47
31, 130, 47
32, 140, 43
34, 150, 43
35, 160, 43
['yes' 'no' 'no' 'no' 'no' 'yes' 'no' 'no' 'no' 'no']
['no' 'no' 'no' 'no' 'yes' 'no' 'no' 'no' 'no' 'no']
30, 160, 43
31, 170, 38
33, 180, 38
34, 190, 40
35, 200, 40
36, 210, 42
['no' 'yes' 'no' 'no' 'yes' 'no' 'no' 'yes' 'yes' 'no']
['no' 'no' 'no' 'no' 'no' 'no' 'no' 'no' 'no' 'no']
34, 210, 42
35, 220, 39
35, 230, 40
37, 240, 40
39, 250, 42
40, 260, 45
['no' 'yes' 'no' 'no' 'no' 'no' 'no' 'yes' 'yes' 'yes']
['yes' 'no' 'no' 'yes' 'no' 'no' 'no' 'no' 'no' 'no']
37, 260, 45
37, 270, 41
38, 280, 41
41, 290, 42
41, 300, 47
43, 310, 45
['no' 'no' 'no' 'no' 'no' 'yes' 'yes' 'no' 'no' 'yes']
['yes' 'no' 'no' 'no' 'no' 'no' 'no' 'no' 'no' 'no']
['no' 'no' 'no' 'yes' 'no' 'no' 'no' 'yes' 'yes' 'no']
['no' 'no' 'no' 'no' 'no' 'no' 'yes' 'no' 'no' 'no']
{'count': 421, 'truepos': 30, 'falseneg': 2, 'unknownyes': 13, 'falsepos': 9, 'unique': 310}
6: K_all3.csv: machine2: 0, 0
1, 10
2, 20, 91
5, 30, 64
7, 40, 65
11, 50, 58
14, 60, 68
['no' 'yes' 'yes' 'no' 'yes' 'yes' 'yes' 'no' 'yes' 'yes']
['no']
12, 60, 68
17, 70, 59
19, 80, 66
23, 90, 62
27, 100, 66
29, 110, 69
['yes' 'yes' 'yes' 'no' 'no' 'no' 'yes' 'no' 'yes' 'no']
['no']
25, 110, 69
28, 120, 60
28, 130, 62
30, 140, 55
31, 150, 55
31, 160, 50
['yes' 'no' 'yes' 'yes' 'no' 'yes' 'no' 'yes' 'no' 'yes']
['no' 'no' 'no' 'no' 'no' 'no' 'no' 'no' 'no' 'no']
28, 160, 50
31, 170, 49
32, 180, 45
33, 190, 42
34, 200, 42
34, 210, 42
['yes' 'yes' 'yes' 'no' 'no' 'no' 'no' 'no' 'yes' 'yes']
['no' 'no' 'yes' 'no' 'no' 'no' 'no' 'no' 'no' 'no']
33, 210, 42
33, 220, 40
34, 230, 42
36, 240, 43
37, 250, 43
38, 260, 44
['no' 'no' 'yes' 'no' 'no' 'yes' 'no' 'yes' 'yes' 'no']
['no' 'no' 'no' 'no' 'no' 'no' 'no' 'no' 'no' 'no']
35, 260, 44
36, 270, 42
37, 280, 43
38, 290, 42
38, 300, 44
38, 310, 44
['yes' 'no' 'no' 'no' 'no' 'no' 'no']
['no' 'no' 'no' 'no' 'no' 'no' 'no' 'no' 'no' 'no']
34, 310, 44
34, 320, 38
34, 330, 38
37, 340, 37
39, 350, 41
41, 360, 44
['no' 'yes' 'no' 'yes' 'no' 'no' 'no' 'no' 'no']
['no' 'no' 'no' 'no' 'no' 'no' 'no' 'no' 'no' 'no']
34, 360, 44
37, 370, 37
38, 380, 40
['yes' 'no' 'no' 'no']
['no' 'no' 'no' 'no' 'no' 'no' 'no' 'no' 'no' 'no']
{'count': 545, 'truepos': 31, 'falseneg': 1, 'unknownyes': 13, 'falsepos': 4, 'unique': 380}
6: K_all3.csv: machine3: 0, 0
2, 10
3, 20, 71
3, 30, 67
3, 40, 56
4, 50, 47
5, 60, 46
null
[]
8, 70, 47
11, 80, 50
13, 90, 51
15, 100, 45
20, 110, 45
23, 120, 51
null
['no']
23, 120, 51
23, 130, 52
25, 140, 48
25, 150, 52
26, 160, 47
27, 170, 47
null
['no']
27, 170, 47
27, 180, 47
27, 190, 46
28, 200, 45
29, 210, 45
29, 220, 46
null
[]
29, 230, 46
30, 240, 46
30, 250, 40
32, 260, 40
33, 270, 39
33, 280, 40
null
['no' 'no' 'no' 'no' 'no' 'no' 'no' 'no' 'no' 'no']
33, 280, 40
34, 290, 41
34, 300, 42
34, 310, 43
36, 320, 39
36, 330, 42
null
['no' 'no' 'no' 'no' 'no' 'no' 'no' 'no' 'no' 'no']
36, 330, 42
37, 340, 42
37, 350, 43
38, 360, 43
38, 370, 42
38, 380, 43
null
['no' 'no' 'no' 'no' 'no' 'no' 'no' 'no' 'no' 'no']
38, 380, 43
38, 390, 41
39, 400, 42
39, 410, 43
40, 420, 42
41, 430, 43
null
['no' 'no' 'no' 'no' 'no' 'no' 'no' 'no' 'no' 'no']
null
['no' 'no' 'no' 'no' 'no' 'no' 'no' 'no' 'no' 'no']
{'count': 597, 'truepos': 31, 'falseneg': 2, 'unknownyes': 12, 'falsepos': 11, 'unique': 430}

------------------------------------------------------------
Sender: LSF System <lsfadmin@n2a1-1>
Subject: Job 267540: </share/tjmenzie/zyu9/miniconda2/bin/python2.7 runner.py error_hpcc 6> Done

Job </share/tjmenzie/zyu9/miniconda2/bin/python2.7 runner.py error_hpcc 6> was submitted from host <login01.hpc.ncsu.edu> by user <zyu9> in cluster <henry2>.
Job was executed on host(s) <2*n2a1-1>, in queue <single_chassis>, as user <zyu9> in cluster <henry2>.
</home/zyu9> was used as the home directory.
</home/zyu9/projects/MAR_HPC/Error/src> was used as the working directory.
Started at Wed Oct 18 09:16:20 2017
Results reported at Wed Oct 18 16:03:13 2017

Your job looked like:

------------------------------------------------------------
# LSBATCH: User input
/share/tjmenzie/zyu9/miniconda2/bin/python2.7 runner.py error_hpcc 6
------------------------------------------------------------

Successfully completed.

Resource usage summary:

    CPU time   :  26981.21 sec.
    Max Memory :       181 MB
    Max Swap   :      1199 MB

    Max Processes  :         3
    Max Threads    :         8

The output (if any) is above this job summary.



PS:

Read file <./err/6.err.267540> for stderr output of this job.

