6: Hall.csv: none: 0, 0
7, 10
10, 20, 111
13, 30, 125
17, 40, 97
22, 50, 98
28, 60, 97
31, 70, 99
31, 80, 96
32, 90, 79
36, 100, 74
39, 110, 78
43, 120, 85
46, 130, 98
51, 140, 98
56, 150, 111
61, 160, 122
67, 170, 112
70, 180, 162
70, 190, 137
74, 200, 126
78, 210, 116
81, 220, 103
86, 230, 104
90, 240, 105
92, 250, 117
96, 260, 115
99, 270, 127
103, 280, 122
106, 290, 146
107, 300, 136
108, 310, 138
109, 320, 134
114, 330, 137
115, 340, 155
115, 350, 148
116, 360, 147
119, 370, 140
121, 380, 153
122, 390, 169
123, 400, 154
124, 410, 151
125, 420, 162
125, 430, 156
127, 440, 153
129, 450, 153
129, 460, 161
129, 470, 158
129, 480, 159
130, 490, 158
131, 500, 162
133, 510, 166
134, 520, 169
135, 530, 163
136, 540, 169
139, 550, 166
140, 560, 168
140, 570, 170
141, 580, 169
141, 590, 172
141, 600, 169
146, 610, 166
148, 620, 179
149, 630, 179
149, 640, 185
150, 650, 177
151, 660, 189
154, 670, 185
155, 680, 201
156, 690, 197
157, 700, 198
157, 710, 200
157, 720, 195
157, 730, 199
159, 740, 190
160, 750, 198
160, 760, 193
161, 770, 200
162, 780, 199
164, 790, 202
166, 800, 208
166, 810, 206
168, 820, 209
168, 830, 207
169, 840, 208
169, 850, 210
169, 860, 211
170, 870, 206
172, 880, 203
174, 890, 205
176, 900, 210
176, 910, 216
176, 920, 217
176, 930, 213
177, 940, 212
178, 950, 210
178, 960, 205
180, 970, 211
182, 980, 216
182, 990, 209
186, 1000, 206
188, 1010, 232
190, 1020, 232
190, 1030, 229
190, 1040, 228
191, 1050, 226
192, 1060, 228
193, 1070, 222
194, 1080, 228
194, 1090, 226
195, 1100, 224
195, 1110, 236
195, 1120, 221
196, 1130, 232
197, 1140, 223
198, 1150, 226
199, 1160, 229
200, 1170, 228
201, 1180, 229
204, 1190, 227
205, 1200, 244
205, 1210, 241
205, 1220, 238
206, 1230, 244
206, 1240, 249
206, 1250, 239
206, 1260, 239
206, 1270, 240
206, 1280, 238
207, 1290, 246
208, 1300, 233
210, 1310, 245
211, 1320, 237
211, 1330, 249
212, 1340, 234
213, 1350, 236
214, 1360, 236
214, 1370, 238
214, 1380, 238
215, 1390, 236
216, 1400, 235
217, 1410, 233
217, 1420, 238
218, 1430, 236
220, 1440, 236
220, 1450, 240
220, 1460, 240
221, 1470, 240
221, 1480, 239
221, 1490, 240
222, 1500, 238
224, 1510, 239
224, 1520, 242
224, 1530, 245
226, 1540, 241
227, 1550, 246
227, 1560, 243
227, 1570, 240
227, 1580, 243
227, 1590, 242
228, 1600, 242
229, 1610, 246
231, 1620, 249
233, 1630, 248
234, 1640, 250
235, 1650, 250
236, 1660, 250
236, 1670, 253
237, 1680, 253
238, 1690, 253
239, 1700, 255
239, 1710, 259
241, 1720, 255
243, 1730, 259
244, 1740, 264
244, 1750, 263
245, 1760, 263
246, 1770, 263
247, 1780, 266
247, 1790, 264
248, 1800, 265
249, 1810, 265
249, 1820, 265
249, 1830, 267
249, 1840, 266
249, 1850, 267
253, 1860, 266
254, 1870, 274
256, 1880, 278
256, 1890, 280
257, 1900, 277
258, 1910, 282
259, 1920, 283
260, 1930, 282
261, 1940, 285
263, 1950, 286
264, 1960, 287
265, 1970, 290
265, 1980, 292
267, 1990, 288
270, 2000, 295
272, 2010, 296
273, 2020, 300
275, 2030, 304
276, 2040, 305
277, 2050, 308
278, 2060, 308
280, 2070, 310
281, 2080, 311
281, 2090, 310
282, 2100, 309
282, 2110, 310
282, 2120, 307
284, 2130, 311
287, 2140, 312
287, 2150, 316
289, 2160, 316
289, 2170, 320
290, 2180, 315
291, 2190, 316
292, 2200, 318
293, 2210, 318
294, 2220, 322
297, 2230, 324
298, 2240, 329
299, 2250, 329
301, 2260, 326
303, 2270, 333
306, 2280, 335
307, 2290, 334
308, 2300, 338
309, 2310, 337
311, 2320, 341
312, 2330, 341
312, 2340, 346
313, 2350, 343
314, 2360, 342
316, 2370, 347
318, 2380, 344
318, 2390, 349
320, 2400, 349
321, 2410, 353
323, 2420, 353
323, 2430, 358
324, 2440, 355
324, 2450, 361
326, 2460, 358
326, 2470, 357
331, 2480, 363
331, 2490, 369
332, 2500, 363
332, 2510, 366
333, 2520, 367
333, 2530, 367
335, 2540, 365
335, 2550, 375
336, 2560, 367
337, 2570, 374
338, 2580, 372
341, 2590, 370
341, 2600, 378
342, 2610, 376
343, 2620, 377
345, 2630, 378
348, 2640, 382
349, 2650, 380
350, 2660, 383
351, 2670, 383
351, 2680, 386
353, 2690, 382
355, 2700, 381
356, 2710, 386
357, 2720, 390
359, 2730, 394
359, 2740, 390
360, 2750, 396
361, 2760, 395
362, 2770, 392
363, 2780, 397
366, 2790, 395
367, 2800, 395
368, 2810, 397
368, 2820, 400
371, 2830, 402
373, 2840, 402
374, 2850, 404
374, 2860, 410
376, 2870, 405
378, 2880, 408
381, 2890, 409
382, 2900, 408
382, 2910, 412
382, 2920, 412
384, 2930, 411
385, 2940, 416
386, 2950, 416
387, 2960, 418
387, 2970, 419
387, 2980, 417
387, 2990, 416
387, 3000, 417
388, 3010, 415
389, 3020, 422
389, 3030, 419
391, 3040, 420
391, 3050, 422
392, 3060, 419
393, 3070, 423
395, 3080, 420
397, 3090, 423
397, 3100, 425
397, 3110, 428
399, 3120, 426
401, 3130, 430
402, 3140, 433
402, 3150, 433
403, 3160, 433
404, 3170, 434
405, 3180, 436
406, 3190, 436
407, 3200, 442
407, 3210, 438
409, 3220, 432
409, 3230, 440
410, 3240, 438
410, 3250, 437
411, 3260, 440
413, 3270, 440
413, 3280, 447
417, 3290, 443
418, 3300, 452
420, 3310, 452
421, 3320, 457
422, 3330, 454
422, 3340, 459
422, 3350, 453
423, 3360, 454
425, 3370, 456
426, 3380, 454
428, 3390, 462
429, 3400, 463
430, 3410, 460
430, 3420, 465
430, 3430, 465
430, 3440, 462
434, 3450, 461
434, 3460, 469
434, 3470, 466
437, 3480, 467
439, 3490, 471
439, 3500, 471
440, 3510, 473
440, 3520, 476
440, 3530, 473
441, 3540, 472
442, 3550, 475
445, 3560, 475
445, 3570, 479
445, 3580, 479
448, 3590, 476
448, 3600, 481
449, 3610, 484
449, 3620, 482
451, 3630, 480
451, 3640, 482
451, 3650, 481
453, 3660, 483
454, 3670, 484
456, 3680, 489
458, 3690, 485
460, 3700, 489
461, 3710, 492
462, 3720, 492
465, 3730, 495
465, 3740, 497
465, 3750, 497
467, 3760, 496
468, 3770, 498
468, 3780, 497
470, 3790, 500
470, 3800, 501
472, 3810, 501
472, 3820, 502
474, 3830, 503
474, 3840, 505
474, 3850, 504
474, 3860, 502
475, 3870, 501
475, 3880, 502
{'count': 3880, 'truepos': 97, 'falseneg': 8, 'unknownyes': 1, 'falsepos': 378, 'unique': 3880}
6: Hall.csv: three: 0, 0
8, 10
10, 20, 125
15, 30, 121
17, 40, 104
21, 50, 94
25, 60, 92
31, 70, 89
35, 80, 71
41, 90, 83
43, 100, 97
46, 110, 92
50, 120, 88
55, 130, 90
62, 140, 97
63, 150, 124
66, 160, 97
70, 170, 101
75, 180, 111
78, 190, 108
79, 200, 117
83, 210, 105
86, 220, 120
87, 230, 120
88, 240, 120
91, 250, 113
92, 260, 122
93, 270, 114
94, 280, 118
95, 290, 118
95, 300, 123
97, 310, 117
98, 320, 119
98, 330, 122
99, 340, 128
99, 350, 122
99, 360, 120
100, 370, 122
100, 380, 122
100, 390, 120
101, 400, 120
101, 410, 122
101, 420, 115
101, 430, 115
101, 440, 119
102, 450, 119
102, 460, 117
102, 470, 120
102, 480, 120
103, 490, 120
104, 500, 118
104, 510, 119
104, 520, 124
106, 530, 120
107, 540, 125
109, 550, 126
110, 560, 129
111, 570, 129
111, 580, 128
113, 590, 127
113, 600, 135
114, 610, 129
114, 620, 128
114, 630, 129
114, 640, 126
115, 650, 127
115, 660, 130
115, 670, 129
116, 680, 129
116, 690, 129
116, 700, 129
116, 710, 132
116, 720, 128
117, 730, 128
117, 740, 131
117, 750, 132
118, 760, 130
118, 770, 133
118, 780, 130
119, 790, 131
120, 800, 136
120, 810, 136
120, 820, 135
121, 830, 133
121, 840, 134
121, 850, 136
121, 860, 135
121, 870, 132
122, 880, 133
122, 890, 135
122, 900, 133
122, 910, 136
122, 920, 135
122, 930, 136
122, 940, 135
122, 950, 138
122, 960, 134
122, 970, 135
122, 980, 132
122, 990, 133
122, 1000, 135
123, 1010, 135
123, 1020, 135
123, 1030, 135
123, 1040, 135
123, 1050, 135
123, 1060, 134
123, 1070, 135
123, 1080, 134
123, 1090, 133
123, 1100, 135
123, 1110, 133
123, 1120, 134
123, 1130, 131
123, 1140, 133
124, 1150, 132
124, 1160, 135
124, 1170, 134
124, 1180, 134
124, 1190, 134
124, 1200, 135
124, 1210, 133
124, 1220, 132
124, 1230, 134
124, 1240, 133
125, 1250, 133
125, 1260, 139
125, 1270, 137
125, 1280, 137
126, 1290, 136
126, 1300, 136
126, 1310, 135
126, 1320, 138
127, 1330, 137
128, 1340, 137
129, 1350, 138
130, 1360, 140
131, 1370, 141
131, 1380, 144
131, 1390, 142
131, 1400, 141
131, 1410, 142
131, 1420, 141
131, 1430, 141
131, 1440, 141
131, 1450, 141
131, 1460, 140
131, 1470, 140
131, 1480, 141
132, 1490, 140
132, 1500, 142
132, 1510, 141
132, 1520, 141
132, 1530, 141
133, 1540, 141
133, 1550, 142
133, 1560, 143
133, 1570, 143
134, 1580, 143
134, 1590, 144
134, 1600, 144
134, 1610, 143
134, 1620, 144
134, 1630, 144
134, 1640, 143
135, 1650, 144
135, 1660, 143
136, 1670, 145
138, 1680, 146
138, 1690, 151
138, 1700, 150
138, 1710, 151
138, 1720, 149
139, 1730, 149
140, 1740, 150
140, 1750, 151
141, 1760, 150
141, 1770, 150
141, 1780, 152
141, 1790, 151
141, 1800, 151
141, 1810, 152
142, 1820, 151
143, 1830, 152
143, 1840, 152
143, 1850, 152
143, 1860, 152
143, 1870, 152
143, 1880, 152
143, 1890, 152
143, 1900, 152
143, 1910, 152
143, 1920, 152
143, 1930, 151
143, 1940, 151
144, 1950, 151
144, 1960, 152
144, 1970, 152
{'count': 4300, 'truepos': 97, 'falseneg': 7, 'unknownyes': 2, 'falsepos': 47, 'unique': 1970}
6: Hall.csv: machine: 0, 0
9, 10
10, 20, 131
14, 30, 125
17, 40, 97
24, 50, 90
31, 60, 106
['yes' 'yes' 'yes' 'yes' 'yes' 'yes' 'yes' 'yes' 'no' 'yes']
['no' 'no' 'no' 'no' 'no' 'yes' 'no' 'no' 'no' 'no']
28, 60, 106
31, 70, 125
34, 80, 71
34, 90, 66
39, 100, 62
43, 110, 72
['yes' 'yes' 'yes' 'yes' 'yes' 'yes' 'yes' 'yes' 'yes' 'yes']
['yes' 'no' 'yes' 'no' 'no' 'yes' 'no' 'no' 'no' 'no']
46, 110, 72
48, 120, 78
50, 130, 76
56, 140, 75
61, 150, 80
64, 160, 85
['yes' 'yes' 'yes' 'yes' 'yes' 'yes' 'yes' 'yes' 'yes' 'yes']
['no' 'yes' 'no' 'no' 'yes' 'no' 'no' 'no' 'no' 'no']
66, 160, 85
70, 170, 90
72, 180, 90
77, 190, 89
79, 200, 96
82, 210, 96
['yes' 'yes' 'yes' 'no' 'yes' 'yes' 'yes' 'yes' 'no' 'yes']
['yes' 'no' 'no' 'no' 'no' 'no' 'no' 'no' 'no' 'no']
82, 210, 96
86, 220, 95
88, 230, 104
92, 240, 99
96, 250, 103
99, 260, 109
['no' 'yes' 'yes' 'no' 'yes' 'no' 'no' 'yes' 'yes' 'yes']
['yes' 'yes' 'no' 'no' 'no' 'yes' 'no' 'no' 'no' 'no']
98, 260, 109
102, 270, 109
102, 280, 117
104, 290, 113
105, 300, 113
106, 310, 115
['yes' 'no' 'yes' 'yes' 'yes' 'yes' 'no' 'yes' 'yes' 'no']
['no' 'no' 'no' 'no' 'no' 'no' 'no' 'no' 'no' 'no']
104, 310, 115
106, 320, 111
107, 330, 113
107, 340, 117
109, 350, 114
111, 360, 116
['no' 'no' 'yes' 'no' 'yes' 'no' 'yes' 'no' 'yes' 'yes']
['no' 'no' 'no' 'yes' 'no' 'yes' 'no' 'no' 'no' 'no']
['no' 'no' 'no' 'yes' 'yes' 'yes' 'no' 'no' 'no' 'yes']
['no' 'no' 'no' 'no' 'yes' 'no' 'no' 'no' 'no' 'no']
{'count': 500, 'truepos': 95, 'falseneg': 5, 'unknownyes': 6, 'falsepos': 13, 'unique': 360}
6: Hall.csv: machine2: 0, 0
7, 10
8, 20, 111
10, 30, 110
12, 40, 109
16, 50, 92
20, 60, 88
['yes' 'no' 'yes' 'yes' 'no' 'yes' 'no' 'yes' 'yes' 'no']
['no']
17, 60, 88
22, 70, 72
24, 80, 75
30, 90, 81
35, 100, 62
40, 110, 67
['yes' 'yes' 'yes' 'yes' 'yes' 'yes' 'no' 'yes' 'yes' 'yes']
['no' 'no' 'no' 'yes' 'no' 'yes' 'yes' 'no' 'no' 'no']
44, 110, 67
49, 120, 75
52, 130, 83
56, 140, 86
58, 150, 88
62, 160, 92
['yes' 'yes' 'no' 'yes' 'yes' 'no' 'yes' 'yes' 'yes' 'yes']
['no' 'no' 'no' 'no' 'no' 'no' 'yes' 'no' 'no' 'no']
62, 160, 92
69, 170, 87
72, 180, 95
73, 190, 107
74, 200, 100
76, 210, 99
['yes' 'yes' 'yes' 'yes' 'yes' 'yes' 'yes' 'yes' 'yes' 'yes']
['yes' 'no' 'no' 'no' 'no' 'no' 'no' 'no' 'no' 'no']
77, 210, 99
83, 220, 92
88, 230, 98
90, 240, 106
93, 250, 106
95, 260, 109
['no' 'yes' 'yes' 'yes' 'yes' 'yes' 'yes' 'yes' 'no' 'yes']
['no' 'no' 'no' 'no' 'no' 'no' 'no' 'no' 'no' 'no']
93, 260, 109
96, 270, 111
99, 280, 113
99, 290, 113
100, 300, 113
102, 310, 112
['no' 'no' 'yes' 'yes' 'yes' 'yes' 'no' 'yes' 'yes' 'yes']
['no' 'no' 'no' 'no' 'no' 'yes' 'no' 'no' 'yes' 'no']
103, 310, 112
106, 320, 122
107, 330, 124
107, 340, 122
107, 350, 128
110, 360, 120
['no' 'yes' 'yes' 'no' 'yes' 'no' 'yes' 'yes' 'yes' 'no']
['no' 'no' 'no' 'no' 'no' 'no' 'no' 'no' 'no' 'no']
109, 360, 120
110, 370, 122
111, 380, 125
111, 390, 127
111, 400, 121
114, 410, 122
['no' 'no' 'no' 'no' 'no' 'no' 'no' 'yes' 'no' 'no']
['no' 'no' 'no' 'yes' 'no' 'yes' 'no' 'yes' 'no' 'no']
110, 410, 122
111, 420, 122
111, 430, 123
113, 440, 120
114, 450, 123
116, 460, 124
['no' 'yes' 'no' 'yes' 'no' 'yes' 'yes' 'yes' 'no' 'no']
['no' 'no' 'no' 'no' 'no' 'yes' 'no' 'no' 'no' 'no']
113, 460, 124
113, 470, 121
115, 480, 119
116, 490, 122
117, 500, 123
118, 510, 125
['no' 'no' 'no' 'yes' 'yes' 'yes' 'no' 'no' 'yes' 'yes']
['no' 'no' 'no' 'no' 'no' 'no' 'no' 'no' 'no' 'no']
115, 510, 125
['no' 'yes' 'no' 'no' 'yes' 'yes' 'no' 'no' 'yes' 'yes']
['no' 'no' 'no' 'no' 'no' 'no' 'no' 'no' 'no' 'no']
{'count': 757, 'truepos': 100, 'falseneg': 2, 'unknownyes': 4, 'falsepos': 12, 'unique': 510}
6: Hall.csv: machine3: 0, 0
6, 10
9, 20, 105
12, 30, 115
19, 40, 117
22, 50, 110
26, 60, 96
null
['no' 'no']
26, 60, 96
29, 70, 92
34, 80, 88
38, 90, 76
42, 100, 77
45, 110, 81
null
['no' 'yes' 'no' 'no' 'yes' 'no' 'no' 'no' 'no' 'no']
47, 110, 81
50, 120, 81
50, 130, 81
53, 140, 73
55, 150, 80
59, 160, 83
null
['no' 'no' 'yes' 'no' 'no' 'no' 'no' 'no' 'no' 'no']
60, 160, 83
62, 170, 89
66, 180, 89
70, 190, 85
73, 200, 86
76, 210, 87
null
['yes' 'yes' 'no' 'no' 'no' 'no' 'no' 'yes' 'no' 'no']
78, 210, 87
81, 220, 90
84, 230, 92
85, 240, 95
86, 250, 95
88, 260, 97
null
['no' 'no' 'no' 'no' 'no' 'no' 'no' 'yes' 'no' 'no']
89, 260, 97
89, 270, 108
90, 280, 102
90, 290, 105
90, 300, 98
91, 310, 100
null
['no' 'no' 'no' 'no' 'no' 'no' 'no' 'no' 'no' 'no']
91, 310, 100
92, 320, 100
92, 330, 102
92, 340, 100
92, 350, 101
92, 360, 99
null
['no' 'no' 'no' 'no' 'no' 'no' 'no' 'no' 'no' 'no']
92, 360, 99
92, 370, 101
94, 380, 101
94, 390, 102
94, 400, 103
94, 410, 104
null
['no' 'no' 'no' 'no' 'no' 'no' 'no' 'no' 'yes' 'no']
95, 410, 104
95, 420, 102
null
['no' 'no' 'no' 'no' 'no' 'yes' 'no' 'no' 'no' 'yes']
{'count': 640, 'truepos': 94, 'falseneg': 7, 'unknownyes': 5, 'falsepos': 4, 'unique': 420}
6: Wahono.csv: none: 0, 0
6, 10
6, 20, 101
9, 30, 93
12, 40, 90
15, 50, 93
17, 60, 84
19, 70, 87
22, 80, 83
25, 90, 81
28, 100, 83
31, 110, 81
34, 120, 72
37, 130, 74
37, 140, 76
41, 150, 79
42, 160, 82
45, 170, 73
46, 180, 81
48, 190, 77
49, 200, 80
52, 210, 85
54, 220, 82
56, 230, 92
57, 240, 90
59, 250, 101
60, 260, 98
62, 270, 98
62, 280, 102
62, 290, 95
63, 300, 90
64, 310, 104
65, 320, 98
66, 330, 107
66, 340, 111
66, 350, 97
67, 360, 95
68, 370, 102
70, 380, 102
72, 390, 95
73, 400, 106
73, 410, 103
75, 420, 104
77, 430, 108
79, 440, 106
80, 450, 110
81, 460, 112
81, 470, 111
81, 480, 105
82, 490, 110
83, 500, 107
86, 510, 114
87, 520, 122
88, 530, 123
89, 540, 119
89, 550, 115
90, 560, 119
91, 570, 121
92, 580, 117
95, 590, 116
97, 600, 115
97, 610, 120
99, 620, 118
101, 630, 132
102, 640, 126
106, 650, 130
108, 660, 136
111, 670, 130
112, 680, 135
113, 690, 135
115, 700, 140
118, 710, 147
121, 720, 151
122, 730, 154
122, 740, 148
122, 750, 152
123, 760, 152
123, 770, 156
124, 780, 155
124, 790, 153
126, 800, 155
126, 810, 157
128, 820, 152
129, 830, 167
129, 840, 156
130, 850, 160
130, 860, 156
131, 870, 164
134, 880, 154
137, 890, 161
137, 900, 169
138, 910, 169
140, 920, 171
141, 930, 170
141, 940, 172
141, 950, 171
143, 960, 173
146, 970, 169
148, 980, 173
149, 990, 174
150, 1000, 175
151, 1010, 174
153, 1020, 177
156, 1030, 178
157, 1040, 187
159, 1050, 184
159, 1060, 184
160, 1070, 190
162, 1080, 188
164, 1090, 189
165, 1100, 193
166, 1110, 186
168, 1120, 187
169, 1130, 186
169, 1140, 186
171, 1150, 190
172, 1160, 189
173, 1170, 194
176, 1180, 193
176, 1190, 198
177, 1200, 198
178, 1210, 199
179, 1220, 202
179, 1230, 200
180, 1240, 200
180, 1250, 203
180, 1260, 203
183, 1270, 203
184, 1280, 204
185, 1290, 201
186, 1300, 205
187, 1310, 208
188, 1320, 208
192, 1330, 207
195, 1340, 212
195, 1350, 211
195, 1360, 219
195, 1370, 212
197, 1380, 218
197, 1390, 216
198, 1400, 216
200, 1410, 214
200, 1420, 219
202, 1430, 221
202, 1440, 224
202, 1450, 222
202, 1460, 221
203, 1470, 219
204, 1480, 220
204, 1490, 225
205, 1500, 222
205, 1510, 226
205, 1520, 225
207, 1530, 227
207, 1540, 227
207, 1550, 226
207, 1560, 229
207, 1570, 225
209, 1580, 229
211, 1590, 228
212, 1600, 230
212, 1610, 235
212, 1620, 232
213, 1630, 233
213, 1640, 234
215, 1650, 231
216, 1660, 236
217, 1670, 239
219, 1680, 242
220, 1690, 245
221, 1700, 240
222, 1710, 242
225, 1720, 247
225, 1730, 251
226, 1740, 248
226, 1750, 249
226, 1760, 247
227, 1770, 248
227, 1780, 247
228, 1790, 249
228, 1800, 250
229, 1810, 251
229, 1820, 251
229, 1830, 253
229, 1840, 251
229, 1850, 253
229, 1860, 250
229, 1870, 251
230, 1880, 251
230, 1890, 250
233, 1900, 253
233, 1910, 256
234, 1920, 257
234, 1930, 258
235, 1940, 260
238, 1950, 260
238, 1960, 260
239, 1970, 265
240, 1980, 266
241, 1990, 270
241, 2000, 271
241, 2010, 271
242, 2020, 270
244, 2030, 271
245, 2040, 269
245, 2050, 272
246, 2060, 272
246, 2070, 274
246, 2080, 273
248, 2090, 276
250, 2100, 275
252, 2110, 282
252, 2120, 281
253, 2130, 282
254, 2140, 285
258, 2150, 284
258, 2160, 292
259, 2170, 287
260, 2180, 289
261, 2190, 292
262, 2200, 291
262, 2210, 293
263, 2220, 293
263, 2230, 293
266, 2240, 293
267, 2250, 301
268, 2260, 298
270, 2270, 298
270, 2280, 300
273, 2290, 298
275, 2300, 304
275, 2310, 311
275, 2320, 306
276, 2330, 306
276, 2340, 308
278, 2350, 304
279, 2360, 310
279, 2370, 308
280, 2380, 311
281, 2390, 316
282, 2400, 312
283, 2410, 315
283, 2420, 315
285, 2430, 316
286, 2440, 317
286, 2450, 320
288, 2460, 321
289, 2470, 319
290, 2480, 326
290, 2490, 322
291, 2500, 321
293, 2510, 323
294, 2520, 328
294, 2530, 333
295, 2540, 326
295, 2550, 327
296, 2560, 328
296, 2570, 336
297, 2580, 331
298, 2590, 338
299, 2600, 334
299, 2610, 330
301, 2620, 328
302, 2630, 330
304, 2640, 332
305, 2650, 330
305, 2660, 334
306, 2670, 335
306, 2680, 338
308, 2690, 334
309, 2700, 336
309, 2710, 339
309, 2720, 341
310, 2730, 337
312, 2740, 338
313, 2750, 345
314, 2760, 341
315, 2770, 345
315, 2780, 346
315, 2790, 349
316, 2800, 344
316, 2810, 344
316, 2820, 344
318, 2830, 342
320, 2840, 348
322, 2850, 348
325, 2860, 353
326, 2870, 357
327, 2880, 358
328, 2890, 357
330, 2900, 358
331, 2910, 359
331, 2920, 354
332, 2930, 362
332, 2940, 358
332, 2950, 358
333, 2960, 360
335, 2970, 360
336, 2980, 364
337, 2990, 363
337, 3000, 365
337, 3010, 364
337, 3020, 366
339, 3030, 364
342, 3040, 367
342, 3050, 372
343, 3060, 372
343, 3070, 371
343, 3080, 372
343, 3090, 370
343, 3100, 371
343, 3110, 373
344, 3120, 374
345, 3130, 368
345, 3140, 370
345, 3150, 370
346, 3160, 371
350, 3170, 373
351, 3180, 377
351, 3190, 378
351, 3200, 378
351, 3210, 379
351, 3220, 377
353, 3230, 378
354, 3240, 382
355, 3250, 380
356, 3260, 382
358, 3270, 384
359, 3280, 386
359, 3290, 387
360, 3300, 388
361, 3310, 387
362, 3320, 385
363, 3330, 390
363, 3340, 390
364, 3350, 388
365, 3360, 389
366, 3370, 393
368, 3380, 391
369, 3390, 396
370, 3400, 394
371, 3410, 397
372, 3420, 395
372, 3430, 394
373, 3440, 394
375, 3450, 397
376, 3460, 398
376, 3470, 402
377, 3480, 399
378, 3490, 402
380, 3500, 400
{'count': 3500, 'truepos': 52, 'falseneg': 7, 'unknownyes': 3, 'falsepos': 328, 'unique': 3500}
6: Wahono.csv: three: 0, 0
5, 10
5, 20, 93
9, 30, 90
11, 40, 96
13, 50, 100
17, 60, 86
21, 70, 81
24, 80, 83
24, 90, 84
25, 100, 72
26, 110, 60
29, 120, 58
30, 130, 64
31, 140, 61
35, 150, 68
35, 160, 76
36, 170, 75
37, 180, 71
39, 190, 70
39, 200, 70
40, 210, 66
40, 220, 72
42, 230, 68
43, 240, 67
44, 250, 71
44, 260, 75
45, 270, 68
46, 280, 67
47, 290, 69
49, 300, 66
49, 310, 78
49, 320, 69
49, 330, 71
50, 340, 70
50, 350, 68
50, 360, 67
50, 370, 63
50, 380, 62
51, 390, 66
51, 400, 67
51, 410, 64
51, 420, 70
51, 430, 65
51, 440, 68
52, 450, 63
52, 460, 64
53, 470, 63
53, 480, 64
54, 490, 65
54, 500, 64
54, 510, 64
55, 520, 65
56, 530, 65
56, 540, 71
56, 550, 68
56, 560, 67
57, 570, 68
57, 580, 69
57, 590, 69
57, 600, 69
57, 610, 67
58, 620, 69
58, 630, 70
59, 640, 68
59, 650, 70
59, 660, 72
59, 670, 69
59, 680, 69
59, 690, 69
60, 700, 70
60, 710, 70
60, 720, 69
60, 730, 68
61, 740, 70
62, 750, 70
62, 760, 73
63, 770, 72
63, 780, 73
63, 790, 74
63, 800, 72
63, 810, 72
64, 820, 75
64, 830, 75
64, 840, 75
64, 850, 75
65, 860, 72
65, 870, 75
65, 880, 74
65, 890, 74
66, 900, 74
66, 910, 76
68, 920, 74
68, 930, 78
68, 940, 76
69, 950, 76
69, 960, 76
69, 970, 78
71, 980, 79
71, 990, 79
72, 1000, 80
72, 1010, 81
72, 1020, 81
72, 1030, 81
72, 1040, 80
73, 1050, 82
74, 1060, 82
75, 1070, 83
75, 1080, 88
75, 1090, 87
75, 1100, 87
75, 1110, 86
75, 1120, 86
75, 1130, 85
75, 1140, 86
76, 1150, 85
76, 1160, 87
78, 1170, 86
78, 1180, 89
78, 1190, 89
78, 1200, 90
78, 1210, 88
79, 1220, 88
79, 1230, 89
79, 1240, 89
79, 1250, 91
79, 1260, 87
79, 1270, 89
80, 1280, 88
81, 1290, 91
82, 1300, 92
82, 1310, 93
82, 1320, 94
82, 1330, 91
83, 1340, 91
83, 1350, 93
84, 1360, 93
84, 1370, 96
84, 1380, 95
84, 1390, 95
86, 1400, 95
87, 1410, 98
88, 1420, 100
88, 1430, 101
88, 1440, 98
88, 1450, 100
88, 1460, 100
88, 1470, 100
88, 1480, 101
88, 1490, 102
88, 1500, 101
88, 1510, 99
88, 1520, 98
88, 1530, 97
88, 1540, 97
88, 1550, 97
88, 1560, 97
88, 1570, 98
88, 1580, 97
89, 1590, 97
89, 1600, 98
89, 1610, 98
89, 1620, 97
90, 1630, 97
90, 1640, 98
90, 1650, 98
90, 1660, 98
90, 1670, 98
90, 1680, 97
90, 1690, 98
90, 1700, 97
90, 1710, 98
90, 1720, 97
90, 1730, 98
90, 1740, 97
90, 1750, 97
91, 1760, 97
91, 1770, 97
92, 1780, 97
92, 1790, 100
92, 1800, 100
92, 1810, 98
93, 1820, 98
93, 1830, 99
93, 1840, 100
94, 1850, 99
95, 1860, 100
95, 1870, 101
95, 1880, 101
95, 1890, 101
95, 1900, 101
95, 1910, 101
{'count': 4157, 'truepos': 58, 'falseneg': 3, 'unknownyes': 1, 'falsepos': 37, 'unique': 1910}
6: Wahono.csv: machine: 0, 0
6, 10
6, 20, 101
8, 30, 93
13, 40, 87
18, 50, 88
22, 60, 88
['no' 'yes' 'yes' 'yes' 'yes' 'yes' 'yes' 'yes' 'yes' 'yes']
['no']
21, 60, 88
23, 70, 84
24, 80, 80
25, 90, 71
29, 100, 59
30, 110, 66
['no' 'no' 'no' 'yes' 'yes' 'yes' 'yes' 'no' 'no' 'yes']
['no' 'no' 'no' 'yes' 'no' 'no' 'no' 'no' 'no' 'no']
26, 110, 66
26, 120, 52
26, 130, 47
29, 140, 43
32, 150, 50
34, 160, 55
['no' 'yes' 'yes' 'yes' 'yes' 'no' 'no' 'no' 'yes' 'yes']
['no' 'no' 'no' 'no' 'no' 'no' 'no' 'no' 'yes' 'no']
31, 160, 55
33, 170, 54
35, 180, 57
36, 190, 58
38, 200, 56
38, 210, 60
['yes' 'yes' 'no' 'no' 'yes' 'yes' 'yes' 'yes' 'yes' 'yes']
['no' 'no' 'yes' 'no' 'no' 'no' 'no' 'no' 'no' 'no']
36, 210, 60
36, 220, 51
40, 230, 52
41, 240, 62
42, 250, 59
44, 260, 57
['no' 'no' 'no' 'no' 'yes' 'yes' 'yes' 'yes' 'no' 'yes']
['no' 'yes' 'no' 'no' 'yes' 'no' 'no' 'no' 'no' 'no']
41, 260, 57
44, 270, 57
44, 280, 64
44, 290, 58
48, 300, 58
50, 310, 61
['yes' 'no' 'no' 'no' 'yes' 'yes' 'no' 'yes' 'yes' 'no']
['no' 'no' 'no' 'no' 'no' 'no' 'no' 'no' 'no' 'no']
45, 310, 61
47, 320, 59
47, 330, 65
49, 340, 65
49, 350, 64
51, 360, 67
['no' 'yes' 'yes' 'no' 'no' 'no' 'yes' 'yes' 'yes' 'yes']
['no' 'no' 'no' 'no' 'no' 'no' 'no' 'no' 'no' 'no']
47, 360, 67
49, 370, 57
51, 380, 60
52, 390, 67
55, 400, 65
57, 410, 74
['yes' 'no' 'yes' 'no' 'no' 'no' 'no' 'no' 'no' 'no']
['yes' 'no' 'no' 'no' 'no' 'no' 'no' 'no' 'no' 'no']
52, 410, 74
53, 420, 64
54, 430, 63
54, 440, 63
54, 450, 65
54, 460, 65
['no' 'no' 'no' 'no' 'no' 'no' 'no' 'no']
['yes' 'no' 'no' 'no' 'no' 'no' 'yes' 'no' 'no' 'no']
50, 460, 65
53, 470, 58
54, 480, 64
54, 490, 66
54, 500, 66
55, 510, 64
['no' 'no' 'yes' 'no' 'yes' 'no' 'yes' 'no' 'yes']
['no' 'no' 'no' 'no' 'no' 'no' 'no' 'no' 'no' 'no']
51, 510, 64
53, 520, 59
53, 530, 62
55, 540, 61
56, 550, 65
57, 560, 66
['no' 'no' 'no' 'no' 'no' 'no' 'no']
['no' 'no' 'no' 'no' 'no' 'no' 'no' 'no' 'no' 'no']
52, 560, 66
52, 570, 59
53, 580, 59
53, 590, 63
56, 600, 61
56, 610, 66
['no' 'no' 'no' 'no']
['no' 'no' 'no' 'no' 'no' 'no' 'no' 'no' 'no' 'no']
53, 610, 66
55, 620, 60
58, 630, 62
59, 640, 66
59, 650, 66
61, 660, 67
['no' 'no' 'yes' 'yes' 'no' 'yes' 'yes' 'no' 'no']
['no' 'no' 'no' 'no' 'no' 'no' 'no' 'no' 'no' 'no']
58, 660, 67
61, 670, 65
63, 680, 70
64, 690, 71
64, 700, 71
64, 710, 71
['no' 'no' 'no' 'no' 'no' 'no' 'no']
['no' 'no' 'no' 'no' 'no' 'no' 'no' 'no' 'no' 'no']
57, 710, 71
58, 720, 62
60, 730, 66
61, 740, 68
62, 750, 69
62, 760, 70
['no' 'no' 'no' 'yes' 'no']
['no' 'no' 'yes' 'no' 'no' 'no' 'no' 'no' 'no' 'no']
60, 760, 70
62, 770, 66
64, 780, 70
64, 790, 73
67, 800, 74
68, 810, 77
['no' 'no' 'no' 'no' 'no' 'no' 'no' 'no' 'no' 'yes']
['no' 'no' 'no' 'no' 'no' 'no' 'no' 'no' 'no' 'no']
63, 810, 77
64, 820, 70
65, 830, 72
66, 840, 74
66, 850, 75
68, 860, 74
['no' 'no' 'no' 'no' 'no' 'no']
['no' 'no' 'no' 'no' 'no' 'no' 'no' 'no' 'no' 'no']
63, 860, 74
63, 870, 71
65, 880, 70
66, 890, 73
70, 900, 76
74, 910, 84
['no' 'no' 'no' 'no' 'no' 'no' 'no' 'no' 'no' 'no']
['no' 'no' 'no' 'no' 'no' 'no' 'no' 'no' 'no' 'no']
65, 910, 84
68, 920, 73
69, 930, 79
71, 940, 78
73, 950, 82
74, 960, 88
['no' 'no' 'no' 'no' 'no' 'no' 'no' 'no' 'no' 'no']
['no' 'no' 'no' 'no' 'no' 'no' 'no' 'no' 'no' 'no']
66, 960, 88
67, 970, 75
67, 980, 76
67, 990, 75
67, 1000, 76
69, 1010, 76
['no' 'no' 'no' 'no']
['no' 'no' 'no' 'no' 'no' 'no' 'no' 'no' 'no' 'no']
66, 1010, 76
67, 1020, 73
69, 1030, 75
69, 1040, 78
70, 1050, 78
71, 1060, 79
['no' 'no' 'no' 'no' 'no']
['no' 'no' 'no' 'no' 'no' 'no' 'no' 'no' 'no' 'no']
66, 1060, 79
67, 1070, 73
68, 1080, 74
69, 1090, 76
70, 1100, 78
71, 1110, 78
['no' 'no' 'no' 'no' 'no']
['no' 'no' 'no' 'no' 'no' 'no' 'no' 'no' 'no' 'no']
69, 1110, 78
70, 1120, 76
70, 1130, 76
71, 1140, 77
72, 1150, 78
73, 1160, 79
['no' 'yes' 'no' 'no' 'yes' 'no']
['no' 'no' 'no' 'no' 'no' 'no' 'no' 'no' 'no' 'no']
73, 1160, 79
74, 1170, 80
74, 1180, 81
74, 1190, 80
76, 1200, 81
76, 1210, 85
['no' 'no' 'no' 'no' 'no' 'no']
['no' 'no' 'no' 'no' 'no' 'no' 'no' 'no' 'no' 'no']
73, 1210, 85
73, 1220, 79
75, 1230, 80
77, 1240, 82
78, 1250, 84
79, 1260, 87
['no' 'no' 'no' 'no' 'no' 'no' 'no' 'no']
['no' 'no' 'no' 'no' 'no' 'no' 'no' 'no' 'no' 'no']
71, 1260, 87
71, 1270, 75
73, 1280, 76
73, 1290, 78
74, 1300, 78
76, 1310, 79
['no' 'no' 'no' 'no' 'no']
['no' 'no' 'no' 'no' 'no' 'no' 'no' 'no' 'no' 'no']
['no' 'no' 'no' 'no' 'no']
['no' 'no' 'no' 'no' 'no' 'no' 'no' 'no' 'no' 'no']
{'count': 1765, 'truepos': 57, 'falseneg': 3, 'unknownyes': 2, 'falsepos': 14, 'unique': 1310}
6: Wahono.csv: machine2: 0, 0
5, 10
6, 20, 91
9, 30, 93
10, 40, 100
12, 50, 98
15, 60, 94
['no' 'no' 'no' 'yes' 'yes' 'yes' 'no' 'yes' 'yes' 'no']
[]
10, 60, 94
14, 70, 62
17, 80, 68
18, 90, 70
21, 100, 60
24, 110, 67
['no' 'yes' 'yes' 'yes' 'yes' 'no' 'no' 'yes' 'yes' 'no']
['no']
20, 110, 67
22, 120, 77
24, 130, 67
27, 140, 61
27, 150, 59
29, 160, 56
['yes' 'no' 'yes' 'yes' 'no' 'no' 'yes' 'yes' 'no' 'yes']
['no']
25, 160, 56
28, 170, 50
29, 180, 53
31, 190, 51
35, 200, 57
36, 210, 67
['no' 'no' 'yes' 'yes' 'no' 'yes' 'yes' 'yes' 'no' 'no']
['no' 'no' 'no' 'no' 'no' 'no' 'no' 'no' 'no' 'no']
35, 210, 67
37, 220, 57
38, 230, 68
39, 240, 64
41, 250, 64
43, 260, 73
['no' 'yes' 'yes' 'no' 'no' 'yes' 'yes' 'yes' 'no' 'yes']
['no' 'no' 'no' 'yes' 'no' 'no' 'no' 'no' 'yes' 'no']
41, 260, 73
43, 270, 60
44, 280, 65
46, 290, 68
46, 300, 72
46, 310, 68
['yes' 'yes' 'yes' 'yes' 'no' 'no' 'yes' 'yes' 'yes' 'no']
['no' 'no' 'no' 'no' 'no' 'no' 'no' 'no' 'yes' 'no']
47, 310, 68
48, 320, 66
50, 330, 67
50, 340, 69
51, 350, 64
53, 360, 68
['no' 'yes' 'yes' 'no' 'no' 'no' 'yes' 'yes' 'yes' 'yes']
['no' 'no' 'no' 'no' 'no' 'no' 'no' 'no' 'yes' 'no']
50, 360, 68
51, 370, 68
51, 380, 68
52, 390, 67
52, 400, 70
53, 410, 70
['no' 'no' 'no' 'yes' 'no' 'no']
['no' 'no' 'no' 'no' 'no' 'no' 'no' 'no' 'no' 'no']
48, 410, 70
49, 420, 67
51, 430, 64
52, 440, 67
52, 450, 73
52, 460, 67
['no' 'no' 'no' 'no']
['no' 'no' 'no' 'no' 'no' 'no' 'no' 'no' 'no' 'no']
49, 460, 67
50, 470, 61
53, 480, 63
55, 490, 65
56, 500, 66
56, 510, 67
['no' 'yes' 'yes' 'no' 'no' 'yes' 'no']
['yes' 'no' 'no' 'no' 'no' 'no' 'no' 'no' 'no' 'no']
54, 510, 67
55, 520, 62
56, 530, 66
56, 540, 67
56, 550, 69
58, 560, 68
['no' 'no' 'no' 'no' 'no' 'yes']
['no' 'no' 'no' 'no' 'no' 'no' 'no' 'no' 'no' 'no']
54, 560, 68
54, 570, 64
54, 580, 65
56, 590, 64
58, 600, 69
58, 610, 74
['no' 'no' 'no' 'no']
['no' 'no' 'no' 'no' 'no' 'no' 'no' 'no' 'no' 'no']
56, 610, 74
56, 620, 63
57, 630, 63
58, 640, 65
60, 650, 66
60, 660, 69
['no' 'yes' 'no' 'no' 'no' 'no']
['no' 'no' 'yes' 'no' 'no' 'no' 'no' 'no' 'no' 'no']
57, 660, 69
58, 670, 64
59, 680, 66
59, 690, 67
60, 700, 66
61, 710, 69
['no' 'yes' 'no' 'yes' 'yes']
['no' 'no' 'no' 'no' 'no' 'no' 'no' 'no' 'no' 'no']
61, 710, 69
62, 720, 69
64, 730, 70
64, 740, 74
65, 750, 72
67, 760, 75
['no' 'no' 'no' 'no' 'no' 'no' 'no']
['no' 'no' 'no' 'no' 'no' 'no' 'no' 'no' 'no' 'no']
62, 760, 75
64, 770, 69
64, 780, 74
67, 790, 72
67, 800, 78
69, 810, 78
['yes' 'no' 'yes' 'no' 'yes' 'yes' 'yes' 'no']
['no' 'no' 'no' 'no' 'no' 'no' 'no' 'no' 'no' 'no']
69, 810, 78
69, 820, 80
70, 830, 80
70, 840, 82
71, 850, 82
71, 860, 83
['no' 'no' 'no' 'no' 'no']
['no' 'no' 'no' 'no' 'no' 'no' 'no' 'no' 'no' 'no']
69, 860, 83
70, 870, 80
71, 880, 81
71, 890, 84
72, 900, 84
72, 910, 84
['no' 'no' 'no' 'yes' 'no']
['no' 'no' 'no' 'no' 'no' 'no' 'no' 'no' 'no' 'no']
70, 910, 84
72, 920, 81
72, 930, 84
74, 940, 84
75, 950, 85
76, 960, 87
['no' 'no' 'no' 'no' 'no' 'no' 'no']
['no' 'no' 'no' 'no' 'no' 'no' 'no' 'no' 'no' 'no']
70, 960, 87
70, 970, 79
71, 980, 80
75, 990, 81
75, 1000, 89
77, 1010, 89
['no' 'no' 'no' 'no' 'no' 'no' 'no']
['no' 'no' 'no' 'no' 'no' 'no' 'no' 'no' 'no' 'no']
73, 1010, 89
73, 1020, 84
76, 1030, 83
76, 1040, 85
77, 1050, 85
78, 1060, 87
['no' 'no' 'no' 'no' 'no' 'no' 'no']
['no' 'no' 'no' 'no' 'no' 'no' 'no' 'no' 'no' 'no']
73, 1060, 87
73, 1070, 81
74, 1080, 81
74, 1090, 83
74, 1100, 82
77, 1110, 82
['no' 'no' 'no' 'no' 'no']
['no' 'no' 'no' 'no' 'no' 'no' 'no' 'no' 'no' 'no']
73, 1110, 82
74, 1120, 80
75, 1130, 82
75, 1140, 82
75, 1150, 83
79, 1160, 82
['no' 'no' 'no' 'no' 'no' 'no' 'no']
['no' 'no' 'no' 'no' 'no' 'no' 'no' 'no' 'no' 'no']
['no' 'no' 'no' 'no' 'no' 'no' 'no']
['no' 'no' 'no' 'no' 'no' 'no' 'no' 'no' 'no' 'no']
{'count': 1616, 'truepos': 56, 'falseneg': 3, 'unknownyes': 3, 'falsepos': 18, 'unique': 1160}
6: Wahono.csv: machine3: 0, 0
6, 10
6, 20, 102
8, 30, 92
10, 40, 92
12, 50, 91
14, 60, 79
null
[]
16, 70, 70
20, 80, 60
21, 90, 63
22, 100, 56
24, 110, 58
26, 120, 56
null
[]
28, 130, 57
28, 140, 60
29, 150, 51
30, 160, 49
30, 170, 60
31, 180, 58
null
['no' 'no' 'no' 'no' 'no' 'no' 'no' 'no' 'no' 'no']
31, 180, 58
31, 190, 61
32, 200, 56
32, 210, 55
32, 220, 53
32, 230, 50
null
['no' 'no' 'no' 'no' 'no' 'no' 'no' 'no' 'no' 'no']
32, 230, 50
33, 240, 51
33, 250, 50
33, 260, 50
33, 270, 49
35, 280, 47
null
['no' 'no' 'no' 'no' 'no' 'no' 'yes' 'no' 'no' 'no']
36, 280, 47
37, 290, 51
37, 300, 54
38, 310, 52
38, 320, 53
40, 330, 49
null
['no' 'no' 'no' 'no' 'no' 'no' 'no' 'no' 'no' 'no']
41, 330, 49
41, 340, 57
41, 350, 54
41, 360, 54
42, 370, 53
43, 380, 53
null
['yes' 'no' 'no' 'no' 'no' 'no' 'no' 'no' 'no' 'no']
44, 380, 53
45, 390, 56
45, 400, 56
45, 410, 57
45, 420, 55
45, 430, 55
null
['no' 'no' 'no' 'no' 'no' 'no' 'no' 'no' 'no' 'no']
46, 430, 55
46, 440, 57
46, 450, 54
47, 460, 54
47, 470, 57
47, 480, 56
null
['no' 'no' 'no' 'no' 'no' 'no' 'no' 'no' 'no' 'no']
47, 480, 56
47, 490, 53
47, 500, 54
48, 510, 56
48, 520, 56
50, 530, 57
null
['no' 'no' 'no' 'no' 'no' 'no' 'no' 'no' 'no' 'no']
50, 530, 57
50, 540, 60
50, 550, 59
50, 560, 60
50, 570, 58
50, 580, 58
null
['no' 'no' 'no' 'no' 'no' 'no' 'no' 'no' 'no' 'no']
51, 580, 58
51, 590, 61
51, 600, 59
51, 610, 59
52, 620, 57
52, 630, 59
null
['no' 'no' 'no' 'no' 'no' 'no' 'no' 'yes' 'no' 'no']
53, 630, 59
53, 640, 62
54, 650, 59
55, 660, 61
56, 670, 62
56, 680, 64
null
['no' 'no' 'no' 'no' 'no' 'no' 'no' 'no' 'no' 'no']
56, 680, 64
56, 690, 64
56, 700, 62
56, 710, 62
56, 720, 62
56, 730, 61
null
['no' 'no' 'no' 'no' 'no' 'no' 'no' 'no' 'no' 'no']
56, 730, 61
57, 740, 63
57, 750, 64
57, 760, 63
57, 770, 63
57, 780, 63
null
['no' 'no' 'no' 'no' 'no' 'no' 'no' 'no' 'no' 'no']
58, 780, 63
58, 790, 64
58, 800, 63
58, 810, 63
58, 820, 63
58, 830, 63
null
['no' 'no' 'no' 'no' 'no' 'no' 'no' 'no' 'no' 'no']
58, 830, 63
58, 840, 63
58, 850, 63
59, 860, 62
59, 870, 63
60, 880, 64
null
['no' 'no' 'no' 'no' 'no' 'yes' 'no' 'no' 'no' 'no']
61, 880, 64
61, 890, 66
61, 900, 65
61, 910, 66
61, 920, 66
62, 930, 66
null
['no' 'no' 'no' 'no' 'no' 'no' 'no' 'no' 'no' 'no']
62, 930, 66
63, 940, 67
63, 950, 69
63, 960, 69
63, 970, 68
63, 980, 68
null
['no' 'no' 'no' 'no' 'no' 'no' 'no' 'no' 'no' 'no']
63, 980, 68
63, 990, 69
64, 1000, 68
65, 1010, 69
65, 1020, 73
65, 1030, 71
null
['no' 'no' 'no' 'yes' 'no' 'no' 'no' 'no' 'no' 'no']
66, 1030, 71
66, 1040, 72
66, 1050, 71
66, 1060, 72
66, 1070, 73
66, 1080, 72
null
['no' 'no' 'no' 'no' 'no' 'no' 'no' 'no' 'no' 'yes']
67, 1080, 72
67, 1090, 74
67, 1100, 74
67, 1110, 74
67, 1120, 73
67, 1130, 73
null
['no' 'no' 'no' 'no' 'no' 'no' 'no' 'no' 'no' 'no']
67, 1130, 73
67, 1140, 73
67, 1150, 73
67, 1160, 72
67, 1170, 73
67, 1180, 72
null
['no' 'no' 'no' 'no' 'no' 'no' 'no' 'no' 'no' 'no']
67, 1180, 72
67, 1190, 72
67, 1200, 72
67, 1210, 71
67, 1220, 71
67, 1230, 71
null
['no' 'no' 'no' 'no' 'no' 'no' 'no' 'no' 'yes' 'no']
68, 1230, 71
68, 1240, 73
68, 1250, 72
68, 1260, 72
68, 1270, 72
68, 1280, 72
null
['no' 'no' 'no' 'no' 'no' 'no' 'no' 'no' 'no' 'no']
68, 1280, 72
68, 1290, 72
68, 1300, 72
68, 1310, 72
68, 1320, 72
null
['no' 'no' 'no' 'no' 'no' 'no' 'no' 'no' 'no' 'no']
{'count': 1743, 'truepos': 55, 'falseneg': 4, 'unknownyes': 3, 'falsepos': 13, 'unique': 1320}
6: Danijel.csv: none: 0, 0
6, 10
10, 20, 124
12, 30, 130
13, 40, 98
17, 50, 89
19, 60, 88
23, 70, 89
24, 80, 91
27, 90, 90
29, 100, 81
30, 110, 81
33, 120, 58
33, 130, 59
34, 140, 53
37, 150, 54
38, 160, 65
39, 170, 65
39, 180, 62
41, 190, 56
42, 200, 59
46, 210, 60
48, 220, 69
51, 230, 70
54, 240, 69
56, 250, 78
58, 260, 86
59, 270, 83
62, 280, 81
63, 290, 82
65, 300, 86
68, 310, 83
70, 320, 95
70, 330, 91
72, 340, 92
73, 350, 92
73, 360, 91
74, 370, 93
75, 380, 93
75, 390, 92
76, 400, 93
77, 410, 95
80, 420, 92
81, 430, 97
83, 440, 97
86, 450, 106
86, 460, 107
87, 470, 107
89, 480, 111
90, 490, 121
90, 500, 110
92, 510, 114
92, 520, 114
93, 530, 120
93, 540, 112
93, 550, 117
95, 560, 110
95, 570, 112
96, 580, 113
96, 590, 117
97, 600, 111
99, 610, 110
99, 620, 119
101, 630, 114
105, 640, 121
107, 650, 128
108, 660, 125
110, 670, 130
110, 680, 127
110, 690, 126
110, 700, 127
111, 710, 126
111, 720, 128
112, 730, 126
114, 740, 126
116, 750, 129
118, 760, 129
121, 770, 129
123, 780, 135
124, 790, 139
124, 800, 142
124, 810, 138
125, 820, 139
125, 830, 143
126, 840, 140
129, 850, 140
130, 860, 150
131, 870, 148
132, 880, 149
134, 890, 151
135, 900, 154
136, 910, 155
137, 920, 161
139, 930, 162
140, 940, 170
141, 950, 167
142, 960, 171
144, 970, 169
144, 980, 172
144, 990, 165
144, 1000, 169
144, 1010, 165
144, 1020, 162
147, 1030, 163
149, 1040, 168
150, 1050, 168
151, 1060, 174
151, 1070, 173
152, 1080, 175
153, 1090, 174
154, 1100, 178
156, 1110, 177
158, 1120, 180
159, 1130, 182
159, 1140, 182
160, 1150, 179
161, 1160, 180
162, 1170, 181
163, 1180, 183
164, 1190, 183
165, 1200, 184
166, 1210, 187
167, 1220, 182
167, 1230, 185
168, 1240, 186
169, 1250, 187
171, 1260, 187
171, 1270, 192
172, 1280, 187
174, 1290, 191
176, 1300, 193
177, 1310, 198
177, 1320, 194
177, 1330, 197
179, 1340, 194
179, 1350, 197
180, 1360, 198
182, 1370, 195
184, 1380, 198
184, 1390, 205
187, 1400, 200
188, 1410, 207
188, 1420, 208
189, 1430, 207
191, 1440, 207
193, 1450, 213
193, 1460, 216
193, 1470, 212
194, 1480, 210
195, 1490, 213
196, 1500, 216
196, 1510, 216
196, 1520, 216
200, 1530, 214
200, 1540, 223
201, 1550, 218
203, 1560, 222
204, 1570, 224
204, 1580, 226
204, 1590, 222
205, 1600, 223
207, 1610, 224
209, 1620, 228
209, 1630, 234
212, 1640, 233
213, 1650, 234
213, 1660, 241
213, 1670, 239
213, 1680, 237
214, 1690, 237
214, 1700, 238
216, 1710, 234
216, 1720, 237
217, 1730, 235
218, 1740, 238
218, 1750, 238
220, 1760, 239
221, 1770, 242
223, 1780, 242
223, 1790, 245
223, 1800, 245
225, 1810, 246
227, 1820, 246
228, 1830, 252
229, 1840, 252
230, 1850, 255
232, 1860, 252
235, 1870, 257
236, 1880, 259
236, 1890, 262
238, 1900, 258
239, 1910, 259
240, 1920, 262
241, 1930, 263
242, 1940, 268
243, 1950, 263
246, 1960, 263
246, 1970, 265
246, 1980, 268
247, 1990, 265
248, 2000, 269
249, 2010, 268
251, 2020, 271
252, 2030, 270
252, 2040, 270
252, 2050, 272
253, 2060, 271
256, 2070, 273
258, 2080, 277
258, 2090, 281
259, 2100, 277
261, 2110, 280
262, 2120, 281
263, 2130, 285
264, 2140, 285
264, 2150, 285
264, 2160, 288
265, 2170, 284
265, 2180, 288
268, 2190, 286
268, 2200, 289
268, 2210, 289
271, 2220, 288
272, 2230, 293
273, 2240, 295
273, 2250, 297
276, 2260, 293
277, 2270, 298
278, 2280, 295
280, 2290, 298
280, 2300, 301
281, 2310, 303
283, 2320, 302
283, 2330, 304
283, 2340, 301
285, 2350, 300
286, 2360, 303
286, 2370, 304
290, 2380, 306
291, 2390, 314
292, 2400, 316
292, 2410, 313
293, 2420, 314
294, 2430, 316
296, 2440, 317
298, 2450, 320
299, 2460, 321
302, 2470, 327
303, 2480, 324
304, 2490, 327
307, 2500, 327
309, 2510, 331
309, 2520, 332
309, 2530, 331
310, 2540, 331
312, 2550, 330
312, 2560, 333
312, 2570, 332
313, 2580, 331
{'count': 2580, 'truepos': 41, 'falseneg': 6, 'unknownyes': 1, 'falsepos': 272, 'unique': 2580}
6: Danijel.csv: three: 0, 0
4, 10
4, 20, 128
6, 30, 92
7, 40, 82
10, 50, 63
11, 60, 65
13, 70, 55
14, 80, 52
19, 90, 49
26, 100, 69
28, 110, 87
30, 120, 82
32, 130, 62
34, 140, 57
36, 150, 61
36, 160, 63
38, 170, 54
40, 180, 55
41, 190, 59
41, 200, 58
43, 210, 57
43, 220, 61
43, 230, 62
43, 240, 58
43, 250, 56
44, 260, 56
45, 270, 57
46, 280, 59
46, 290, 63
47, 300, 59
47, 310, 60
49, 320, 60
50, 330, 60
50, 340, 61
50, 350, 60
50, 360, 62
51, 370, 59
52, 380, 61
52, 390, 62
52, 400, 63
53, 410, 61
53, 420, 62
55, 430, 61
56, 440, 64
56, 450, 65
56, 460, 65
56, 470, 65
56, 480, 66
56, 490, 64
56, 500, 64
57, 510, 64
58, 520, 67
58, 530, 65
58, 540, 66
60, 550, 65
62, 560, 69
62, 570, 77
63, 580, 71
63, 590, 71
64, 600, 72
65, 610, 72
65, 620, 73
65, 630, 74
65, 640, 75
65, 650, 74
65, 660, 73
65, 670, 72
65, 680, 73
67, 690, 71
67, 700, 75
67, 710, 73
67, 720, 74
67, 730, 73
67, 740, 74
67, 750, 72
67, 760, 73
67, 770, 73
68, 780, 73
68, 790, 73
68, 800, 74
68, 810, 74
69, 820, 73
70, 830, 73
70, 840, 77
70, 850, 76
70, 860, 75
70, 870, 75
71, 880, 76
71, 890, 77
71, 900, 77
71, 910, 76
71, 920, 76
71, 930, 75
72, 940, 76
72, 950, 76
72, 960, 79
72, 970, 77
72, 980, 77
72, 990, 76
73, 1000, 76
76, 1010, 79
76, 1020, 82
76, 1030, 81
77, 1040, 82
{'count': 2263, 'truepos': 44, 'falseneg': 0, 'unknownyes': 4, 'falsepos': 33, 'unique': 1040}
6: Danijel.csv: machine: 0, 0
4, 10
6, 20, 118
6, 30, 118
6, 40, 100
10, 50, 69
15, 60, 68
['yes' 'no' 'no' 'yes' 'yes' 'yes' 'yes' 'no' 'yes' 'yes']
[]
13, 60, 68
16, 70, 67
18, 80, 67
19, 90, 80
20, 100, 62
21, 110, 54
['yes' 'yes' 'yes' 'no' 'yes' 'yes' 'no' 'yes' 'yes' 'no']
[]
18, 110, 54
19, 120, 50
23, 130, 47
25, 140, 52
30, 150, 53
30, 160, 54
['no' 'yes' 'yes' 'no' 'yes' 'yes' 'yes' 'no' 'yes' 'yes']
['no' 'no' 'no' 'no' 'no' 'no' 'no' 'no' 'no' 'no']
28, 160, 54
31, 170, 53
35, 180, 49
40, 190, 53
40, 200, 61
41, 210, 58
['no' 'no' 'yes' 'no' 'yes' 'yes' 'yes' 'no' 'no' 'yes']
['no' 'no' 'no' 'no' 'no' 'no' 'no' 'no' 'no' 'no']
36, 210, 58
38, 220, 51
40, 230, 53
40, 240, 55
42, 250, 52
44, 260, 56
['no' 'no' 'yes' 'no' 'no' 'yes' 'no' 'yes' 'no' 'no']
['no' 'no' 'no' 'no' 'no' 'no' 'no' 'no' 'no' 'no']
39, 260, 56
40, 270, 51
41, 280, 54
41, 290, 54
42, 300, 53
45, 310, 52
['no' 'yes' 'no' 'yes' 'yes' 'yes' 'yes' 'yes' 'no' 'yes']
['no' 'no' 'no' 'no' 'no' 'no' 'no' 'no' 'no' 'no']
44, 310, 52
45, 320, 52
48, 330, 56
49, 340, 57
50, 350, 59
51, 360, 58
['yes' 'no' 'no' 'no' 'no' 'no' 'yes' 'no' 'no' 'yes']
['no' 'no' 'no' 'no' 'no' 'no' 'no' 'no' 'no' 'no']
45, 360, 58
47, 370, 52
48, 380, 55
49, 390, 58
49, 400, 58
52, 410, 58
['yes' 'no' 'no' 'no' 'yes' 'no' 'no' 'no' 'yes' 'yes']
['no' 'no' 'no' 'no' 'no' 'no' 'no' 'no' 'no' 'no']
48, 410, 58
50, 420, 57
50, 430, 62
53, 440, 62
54, 450, 64
55, 460, 64
['no' 'no' 'no' 'yes' 'no' 'no' 'no' 'no']
['no' 'no' 'no' 'no' 'no' 'no' 'no' 'no' 'no' 'no']
49, 460, 64
51, 470, 57
51, 480, 58
54, 490, 60
54, 500, 64
55, 510, 63
['no' 'no' 'no' 'no' 'no' 'no' 'no']
['no' 'no' 'no' 'no' 'no' 'no' 'no' 'no' 'no' 'no']
50, 510, 63
51, 520, 56
53, 530, 58
53, 540, 61
54, 550, 61
55, 560, 64
['no' 'no' 'no' 'no' 'no']
['no' 'no' 'no' 'no' 'no' 'no' 'no' 'no' 'no' 'no']
51, 560, 64
52, 570, 57
53, 580, 56
54, 590, 60
55, 600, 61
57, 610, 60
['no' 'no' 'no' 'yes' 'no' 'no']
['no' 'no' 'no' 'no' 'no' 'no' 'no' 'no' 'no' 'no']
['no' 'yes' 'no' 'no' 'no' 'no']
['no' 'no' 'no' 'no' 'no' 'no' 'no' 'no' 'no' 'no']
{'count': 816, 'truepos': 45, 'falseneg': 0, 'unknownyes': 3, 'falsepos': 7, 'unique': 610}
6: Danijel.csv: machine2: 0, 0
7, 10
9, 20, 140
9, 30, 132
11, 40, 107
13, 50, 103
13, 60, 88
['no' 'no' 'yes' 'no' 'yes' 'no' 'no' 'yes' 'no' 'yes']
[]
8, 60, 88
9, 70, 70
10, 80, 59
12, 90, 52
14, 100, 55
16, 110, 62
['no' 'no' 'no' 'no' 'yes' 'no' 'no' 'no' 'no' 'yes']
[]
12, 110, 62
12, 120, 61
15, 130, 49
16, 140, 54
16, 150, 53
18, 160, 48
['no' 'no' 'no' 'yes' 'yes' 'yes' 'no']
[]
16, 160, 48
16, 170, 47
18, 180, 45
20, 190, 46
21, 200, 49
23, 210, 48
['yes' 'no' 'yes' 'yes' 'no' 'yes' 'no']
[]
21, 210, 48
24, 220, 46
27, 230, 48
29, 240, 51
33, 250, 50
34, 260, 54
['yes' 'yes' 'no' 'yes' 'yes' 'yes' 'no' 'no' 'yes' 'yes']
['no' 'no' 'no' 'no' 'yes' 'no' 'no' 'no' 'no' 'no']
34, 260, 54
36, 270, 50
36, 280, 51
37, 290, 51
40, 300, 51
42, 310, 59
['yes' 'yes' 'yes' 'no' 'no' 'yes' 'no' 'no' 'yes' 'no']
['no' 'no' 'no' 'no' 'no' 'no' 'no' 'no' 'no' 'no']
40, 310, 59
42, 320, 54
43, 330, 59
45, 340, 56
47, 350, 61
48, 360, 61
['no' 'no' 'yes' 'no' 'yes' 'no' 'yes' 'no' 'yes' 'yes']
['no' 'no' 'no' 'no' 'no' 'no' 'no' 'no' 'no' 'no']
44, 360, 61
46, 370, 57
48, 380, 58
50, 390, 61
50, 400, 66
52, 410, 65
['no' 'no' 'no' 'yes' 'no' 'yes' 'yes' 'no' 'no' 'no']
['no' 'no' 'no' 'no' 'no' 'no' 'no' 'no' 'no' 'no']
49, 410, 65
52, 420, 63
55, 430, 69
56, 440, 71
57, 450, 72
58, 460, 74
['yes' 'no' 'yes' 'yes' 'no' 'no' 'no' 'no' 'yes' 'no']
['no' 'no' 'no' 'no' 'no' 'no' 'no' 'no' 'no' 'no']
52, 460, 74
53, 470, 63
55, 480, 64
57, 490, 68
59, 500, 68
60, 510, 70
['no' 'yes' 'no' 'no' 'no' 'no' 'no' 'no' 'yes' 'no']
['no' 'no' 'no' 'no' 'no' 'no' 'no' 'no' 'no' 'no']
53, 510, 70
53, 520, 62
53, 530, 64
55, 540, 62
58, 550, 65
59, 560, 71
['no' 'no' 'no' 'no' 'no' 'no' 'no']
['no' 'no' 'no' 'no' 'no' 'no' 'no' 'no' 'no' 'no']
54, 560, 71
54, 570, 66
55, 580, 65
58, 590, 66
59, 600, 72
61, 610, 72
['yes' 'yes' 'no' 'yes' 'no' 'no' 'no' 'no']
['no' 'no' 'no' 'no' 'no' 'no' 'no' 'no' 'no' 'no']
57, 610, 72
57, 620, 67
57, 630, 67
59, 640, 66
59, 650, 67
62, 660, 67
['no' 'no' 'no' 'no' 'no' 'no']
['no' 'no' 'no' 'no' 'no' 'no' 'no' 'no' 'no' 'no']
58, 660, 67
61, 670, 66
64, 680, 71
65, 690, 74
66, 700, 75
68, 710, 75
['no' 'no' 'no' 'yes' 'no' 'no' 'no' 'no' 'no' 'no']
['no' 'no' 'no' 'no' 'no' 'no' 'no' 'no' 'no' 'no']
61, 710, 75
61, 720, 74
63, 730, 71
65, 740, 75
67, 750, 85
69, 760, 88
['no' 'no' 'no' 'no' 'no' 'no' 'no' 'no']
['no' 'no' 'no' 'no' 'no' 'no' 'no' 'no' 'no' 'no']
63, 760, 88
63, 770, 71
63, 780, 71
63, 790, 70
65, 800, 71
65, 810, 74
['no' 'no' 'no' 'no']
['no' 'no' 'no' 'no' 'no' 'no' 'no' 'no' 'no' 'no']
61, 810, 74
61, 820, 67
64, 830, 66
66, 840, 72
66, 850, 75
67, 860, 73
['no' 'no' 'no' 'no' 'no' 'no']
['no' 'no' 'no' 'no' 'no' 'no' 'no' 'no' 'no' 'no']
62, 860, 73
62, 870, 68
63, 880, 68
64, 890, 68
65, 900, 71
65, 910, 73
['no' 'no' 'no']
['no' 'no' 'no' 'no' 'no' 'no' 'no' 'no' 'no' 'no']
64, 910, 73
65, 920, 70
66, 930, 72
67, 940, 71
68, 950, 72
68, 960, 74
['no' 'no' 'no' 'no' 'no']
['no' 'no' 'no' 'no' 'no' 'no' 'no' 'no' 'no' 'no']
64, 960, 74
66, 970, 70
68, 980, 72
70, 990, 75
72, 1000, 76
74, 1010, 80
['no' 'no' 'no' 'no' 'no' 'no' 'no' 'no' 'no' 'no']
['no' 'no' 'no' 'no' 'no' 'no' 'no' 'no' 'no' 'no']
68, 1010, 80
70, 1020, 76
70, 1030, 78
70, 1040, 80
70, 1050, 79
70, 1060, 78
['no' 'no' 'no']
['no' 'no' 'no' 'no' 'no' 'no' 'no' 'no' 'no' 'no']
68, 1060, 78
71, 1070, 75
73, 1080, 81
76, 1090, 83
79, 1100, 89
79, 1110, 92
['no' 'no' 'no' 'no' 'no' 'no' 'no' 'no' 'no' 'no']
['no' 'no' 'no' 'no' 'no' 'no' 'no' 'no' 'no' 'no']
72, 1110, 92
72, 1120, 80
73, 1130, 80
73, 1140, 82
73, 1150, 83
74, 1160, 82
['no' 'no' 'no']
['no' 'no' 'no' 'no' 'no' 'no' 'no' 'no' 'no' 'no']
72, 1160, 82
73, 1170, 78
73, 1180, 79
75, 1190, 78
78, 1200, 84
78, 1210, 86
['no' 'no' 'no' 'no' 'no' 'no' 'no']
['no' 'no' 'no' 'no' 'no' 'no' 'no' 'no' 'no' 'no']
73, 1210, 86
75, 1220, 80
75, 1230, 82
75, 1240, 83
76, 1250, 84
78, 1260, 84
['no' 'no' 'no' 'no' 'no' 'no' 'no']
['no' 'no' 'no' 'no' 'no' 'no' 'no' 'no' 'no' 'no']
72, 1260, 84
75, 1270, 78
77, 1280, 81
78, 1290, 85
80, 1300, 85
82, 1310, 89
['no' 'no' 'no' 'no' 'no' 'no' 'no' 'no' 'no' 'no']
['no' 'no' 'no' 'no' 'no' 'no' 'no' 'no' 'no' 'no']
78, 1310, 89
79, 1320, 85
80, 1330, 86
82, 1340, 89
82, 1350, 91
82, 1360, 90
['no' 'no' 'no' 'no' 'no' 'no' 'no' 'no']
['no' 'no' 'no' 'no' 'no' 'no' 'no' 'no' 'no' 'no']
80, 1360, 90
81, 1370, 88
82, 1380, 89
86, 1390, 91
87, 1400, 98
87, 1410, 98
['no' 'no' 'no' 'no' 'no' 'no' 'no' 'no' 'no' 'no']
['no' 'no' 'no' 'no' 'no' 'no' 'no' 'no' 'no' 'no']
78, 1410, 98
80, 1420, 87
80, 1430, 89
82, 1440, 88
83, 1450, 90
84, 1460, 91
['no' 'no' 'no' 'no' 'no' 'no' 'no']
['no' 'no' 'no' 'no' 'no' 'no' 'no' 'no' 'no' 'no']
79, 1460, 91
81, 1470, 87
81, 1480, 89
84, 1490, 90
85, 1500, 93
86, 1510, 94
['no' 'no' 'no' 'no' 'no' 'no' 'no' 'no' 'no']
['no' 'no' 'no' 'no' 'no' 'no' 'no' 'no' 'no' 'no']
80, 1510, 94
80, 1520, 88
82, 1530, 87
82, 1540, 91
82, 1550, 90
83, 1560, 89
['no' 'no' 'no' 'no' 'no']
['no' 'no' 'no' 'no' 'no' 'no' 'no' 'no' 'no' 'no']
81, 1560, 89
82, 1570, 87
83, 1580, 87
85, 1590, 89
86, 1600, 91
88, 1610, 92
['no' 'no' 'no' 'no' 'no' 'no' 'no' 'no' 'no']
['no' 'no' 'no' 'no' 'no' 'no' 'no' 'no' 'no' 'no']
['no' 'no' 'no' 'no' 'no' 'no' 'no' 'no' 'no']
['no' 'no' 'no' 'no' 'no' 'no' 'no' 'no' 'no' 'no']
{'count': 2301, 'truepos': 43, 'falseneg': 2, 'unknownyes': 3, 'falsepos': 39, 'unique': 1610}
6: Danijel.csv: machine3: 0, 0
4, 10
5, 20, 129
7, 30, 111
9, 40, 104
10, 50, 99
12, 60, 80
null
[]
16, 70, 74
17, 80, 84
18, 90, 76
20, 100, 60
24, 110, 63
28, 120, 63
null
[]
28, 130, 77
29, 140, 60
29, 150, 59
29, 160, 55
29, 170, 51
30, 180, 49
null
['no' 'yes' 'no' 'no' 'yes' 'no' 'no' 'no' 'no' 'no']
32, 180, 49
33, 190, 55
34, 200, 51
35, 210, 48
37, 220, 59
37, 230, 53
null
['no' 'no' 'yes' 'no' 'no' 'no' 'no' 'no' 'no' 'no']
38, 230, 53
38, 240, 51
38, 250, 51
38, 260, 48
38, 270, 49
38, 280, 50
null
['no' 'no' 'no' 'no' 'no' 'no' 'no' 'no' 'no' 'no']
38, 280, 50
38, 290, 47
39, 300, 46
39, 310, 48
42, 320, 46
42, 330, 51
null
['no' 'no' 'no' 'no' 'no' 'no' 'no' 'no' 'no' 'no']
42, 330, 51
42, 340, 52
42, 350, 50
42, 360, 49
42, 370, 50
42, 380, 49
null
['no' 'no' 'no' 'no' 'no' 'no' 'no' 'no' 'no' 'no']
43, 380, 49
43, 390, 51
43, 400, 53
45, 410, 49
45, 420, 52
45, 430, 53
null
['no' 'no' 'no' 'no' 'no' 'no' 'no' 'no' 'no' 'no']
46, 430, 53
46, 440, 53
47, 450, 51
47, 460, 53
47, 470, 53
47, 480, 53
null
['no' 'no' 'no' 'no' 'no' 'no' 'no' 'no' 'no' 'no']
47, 480, 53
47, 490, 53
47, 500, 52
47, 510, 55
47, 520, 53
47, 530, 53
null
['no' 'no' 'no' 'no' 'no' 'no' 'no' 'no' 'no' 'no']
47, 530, 53
47, 540, 52
47, 550, 53
47, 560, 52
47, 570, 52
47, 580, 51
null
['no' 'no' 'no' 'no' 'no' 'no' 'no' 'no' 'no' 'no']
47, 580, 51
47, 590, 52
47, 600, 52
47, 610, 51
47, 620, 51
47, 630, 50
null
['no' 'no' 'no' 'no' 'no' 'no' 'no' 'no' 'no' 'no']
47, 630, 50
47, 640, 51
48, 650, 51
48, 660, 53
48, 670, 53
48, 680, 53
null
['no' 'no' 'no' 'no' 'no' 'no' 'no' 'no' 'no' 'no']
48, 680, 53
48, 690, 52
48, 700, 52
48, 710, 52
48, 720, 53
48, 730, 53
null
['no' 'no' 'no' 'no' 'no' 'no' 'no' 'no' 'no' 'no']
48, 730, 53
48, 740, 52
48, 750, 53
48, 760, 51
49, 770, 51
49, 780, 54
null
['no' 'no' 'no' 'no' 'no' 'no' 'no' 'no' 'no' 'no']
49, 780, 54
50, 790, 53
50, 800, 53
50, 810, 53
51, 820, 54
51, 830, 56
null
['no' 'no' 'no' 'no' 'no' 'no' 'no' 'no' 'no' 'no']
51, 830, 56
51, 840, 55
52, 850, 54
52, 860, 56
52, 870, 56
53, 880, 57
null
['no' 'no' 'no' 'no' 'no' 'no' 'no' 'no' 'no' 'no']
53, 880, 57
53, 890, 58
53, 900, 58
53, 910, 57
53, 920, 57
53, 930, 57
null
['no' 'no' 'no' 'no' 'no' 'no' 'no' 'no' 'no' 'no']
54, 930, 57
54, 940, 58
54, 950, 58
54, 960, 57
54, 970, 57
54, 980, 58
null
['no' 'no' 'no' 'no' 'no' 'no' 'no' 'no' 'no' 'no']
54, 980, 58
54, 990, 57
54, 1000, 57
54, 1010, 57
54, 1020, 57
54, 1030, 57
null
['no' 'no' 'no' 'no' 'no' 'no' 'no' 'no' 'no' 'no']
54, 1030, 57
54, 1040, 57
54, 1050, 57
54, 1060, 58
54, 1070, 57
54, 1080, 57
null
['no' 'no' 'no' 'no' 'no' 'no' 'no' 'no' 'no' 'no']
54, 1080, 57
null
['no' 'no' 'no' 'no' 'no' 'no' 'no' 'no' 'no' 'no']
{'count': 1441, 'truepos': 43, 'falseneg': 2, 'unknownyes': 3, 'falsepos': 11, 'unique': 1080}
6: K_all3.csv: none: 0, 0
1, 10
2, 20, 94
3, 30, 63
4, 40, 56
8, 50, 52
9, 60, 63
11, 70, 55
12, 80, 54
17, 90, 50
19, 100, 54
21, 110, 56
24, 120, 55
27, 130, 56
31, 140, 60
32, 150, 51
36, 160, 49
37, 170, 51
37, 180, 54
38, 190, 50
40, 200, 52
42, 210, 52
43, 220, 53
48, 230, 57
50, 240, 65
50, 250, 61
51, 260, 66
53, 270, 61
54, 280, 63
58, 290, 60
58, 300, 66
61, 310, 64
61, 320, 68
61, 330, 69
62, 340, 67
63, 350, 71
65, 360, 69
65, 370, 69
66, 380, 70
68, 390, 71
69, 400, 73
70, 410, 74
71, 420, 76
71, 430, 77
73, 440, 78
73, 450, 77
73, 460, 79
74, 470, 81
75, 480, 82
75, 490, 81
75, 500, 82
77, 510, 83
78, 520, 82
81, 530, 87
84, 540, 89
85, 550, 90
85, 560, 93
86, 570, 91
87, 580, 92
88, 590, 92
88, 600, 93
{'count': 600, 'truepos': 35, 'falseneg': 1, 'unknownyes': 9, 'falsepos': 53, 'unique': 600}
6: K_all3.csv: three: 0, 0
2, 10
5, 20, 69
5, 30, 72
5, 40, 66
6, 50, 56
6, 60, 53
6, 70, 49
6, 80, 46
6, 90, 45
6, 100, 44
6, 110, 43
7, 120, 43
7, 130, 45
7, 140, 44
9, 150, 43
9, 160, 46
12, 170, 45
13, 180, 48
14, 190, 45
17, 200, 45
19, 210, 48
21, 220, 49
21, 230, 50
23, 240, 48
26, 250, 49
26, 260, 51
27, 270, 50
30, 280, 50
31, 290, 40
33, 300, 44
33, 310, 45
33, 320, 43
33, 330, 42
34, 340, 41
36, 350, 42
39, 360, 45
40, 370, 49
40, 380, 50
40, 390, 48
40, 400, 48
40, 410, 47
40, 420, 48
40, 430, 45
41, 440, 44
41, 450, 46
41, 460, 44
43, 470, 45
43, 480, 48
44, 490, 47
45, 500, 48
46, 510, 48
46, 520, 50
47, 530, 49
47, 540, 50
48, 550, 50
48, 560, 51
48, 570, 51
49, 580, 52
49, 590, 52
{'count': 1275, 'truepos': 35, 'falseneg': 1, 'unknownyes': 9, 'falsepos': 14, 'unique': 590}
6: K_all3.csv: machine: 0, 0
2, 10
4, 20, 71
7, 30, 69
9, 40, 66
11, 50, 61
15, 60, 58
['no' 'no' 'yes' 'yes' 'yes' 'no' 'no' 'yes' 'yes' 'yes']
[]
11, 60, 58
14, 70, 60
14, 80, 59
15, 90, 47
16, 100, 44
20, 110, 42
['yes' 'yes' 'yes' 'yes' 'yes' 'yes' 'yes' 'no' 'no' 'no']
[]
17, 110, 42
19, 120, 53
24, 130, 51
29, 140, 57
30, 150, 63
31, 160, 42
['no' 'yes' 'yes' 'yes' 'no' 'yes' 'yes' 'yes' 'no' 'no']
['no' 'no' 'no' 'no' 'yes' 'no' 'no' 'no' 'no' 'no']
27, 160, 42
28, 170, 54
28, 180, 53
29, 190, 49
31, 200, 50
34, 210, 45
['no' 'no' 'yes' 'no' 'yes' 'no' 'no' 'no' 'yes' 'yes']
['no' 'no' 'no' 'no' 'no' 'no' 'no' 'no' 'no' 'no']
29, 210, 45
29, 220, 50
31, 230, 47
34, 240, 44
34, 250, 46
34, 260, 46
['no' 'no' 'no' 'yes' 'no' 'no' 'yes' 'yes' 'no' 'yes']
['no' 'no' 'no' 'no' 'no' 'no' 'no' 'no' 'no' 'no']
32, 260, 46
32, 270, 42
33, 280, 40
33, 290, 39
35, 300, 40
35, 310, 43
['no' 'no' 'no' 'no' 'no' 'yes']
['no' 'no' 'no' 'no' 'no' 'no' 'no' 'no' 'no' 'no']
30, 310, 43
31, 320, 35
31, 330, 36
33, 340, 37
34, 350, 40
34, 360, 41
['no' 'no' 'no' 'no']
['no' 'no' 'no' 'no' 'no' 'no' 'no' 'no' 'no' 'no']
31, 360, 41
32, 370, 35
34, 380, 35
37, 390, 39
38, 400, 40
38, 410, 42
['no' 'no' 'yes' 'no' 'no' 'no' 'yes' 'no']
['no' 'no' 'no' 'no' 'no' 'no' 'no' 'no' 'no' 'no']
33, 410, 42
35, 420, 36
39, 430, 38
39, 440, 42
['yes' 'yes' 'no' 'yes' 'no' 'no' 'yes']
['no' 'no' 'no' 'no' 'no' 'no' 'no' 'no' 'no' 'no']
{'count': 585, 'truepos': 33, 'falseneg': 2, 'unknownyes': 10, 'falsepos': 6, 'unique': 440}
6: K_all3.csv: machine2: 0, 0
1, 10
2, 20, 91
5, 30, 63
6, 40, 64
8, 50, 53
10, 60, 48
['yes' 'no' 'yes' 'yes' 'no' 'yes' 'yes' 'yes' 'yes' 'yes']
[]
9, 60, 48
11, 70, 44
15, 80, 44
16, 90, 49
17, 100, 45
20, 110, 43
['no' 'yes' 'yes' 'yes' 'yes' 'yes' 'no' 'no' 'no' 'yes']
['no' 'no' 'no']
16, 110, 43
17, 120, 43
18, 130, 43
20, 140, 42
25, 150, 43
25, 160, 50
['yes' 'yes' 'no' 'no' 'yes' 'no' 'no' 'yes' 'no' 'yes']
['yes']
22, 160, 50
25, 170, 43
26, 180, 49
27, 190, 48
27, 200, 49
30, 210, 47
['no' 'no' 'no' 'no' 'no' 'yes' 'no' 'yes' 'yes']
['no' 'no' 'no' 'no' 'no' 'no' 'no' 'no' 'no' 'no']
26, 210, 47
29, 220, 44
30, 230, 47
33, 240, 40
33, 250, 42
33, 260, 41
['no' 'yes' 'no' 'yes' 'yes' 'yes' 'no' 'yes' 'no']
['no' 'no' 'no' 'no' 'no' 'no' 'no' 'no' 'no' 'no']
31, 260, 41
32, 270, 37
32, 280, 39
34, 290, 37
36, 300, 40
37, 310, 42
['no' 'no' 'yes' 'yes' 'no' 'no' 'no']
['no' 'no' 'no' 'no' 'no' 'no' 'yes' 'no' 'no' 'no']
34, 310, 42
35, 320, 39
35, 330, 40
38, 340, 39
39, 350, 42
40, 360, 42
['no' 'no' 'yes' 'no' 'no' 'no' 'no']
['no' 'no' 'no' 'no' 'no' 'no' 'no' 'no' 'no' 'no']
['no' 'yes' 'no' 'no' 'no' 'no' 'no']
['no' 'no' 'no' 'no' 'no' 'no' 'no' 'no' 'no' 'no']
{'count': 495, 'truepos': 30, 'falseneg': 3, 'unknownyes': 12, 'falsepos': 6, 'unique': 360}
6: K_all3.csv: machine3: 0, 0
0, 10
1, 20
3, 30, 91
5, 40, 62
5, 50, 59
6, 60, 49
8, 70, 45
null
['no']
8, 70, 45
11, 80, 47
13, 90, 48
15, 100, 48
16, 110, 49
16, 120, 47
null
[]
18, 130, 42
19, 140, 45
19, 150, 44
19, 160, 43
19, 170, 42
19, 180, 41
null
['no' 'no']
19, 180, 41
19, 190, 41
20, 200, 40
20, 210, 42
20, 220, 41
20, 230, 41
null
['no']
20, 230, 41
20, 240, 41
20, 250, 41
21, 260, 41
22, 270, 41
24, 280, 42
null
['yes']
25, 280, 42
26, 290, 44
26, 300, 44
26, 310, 43
27, 320, 43
29, 330, 44
null
['yes']
30, 330, 44
31, 340, 37
31, 350, 39
31, 360, 38
31, 370, 38
31, 380, 36
null
['no' 'no' 'no' 'no' 'no' 'no' 'no' 'no' 'no' 'yes']
32, 380, 36
32, 390, 37
32, 400, 36
33, 410, 36
34, 420, 36
36, 430, 37
null
['no' 'no' 'no' 'no' 'no' 'no' 'no' 'no' 'no' 'no']
null
['no' 'no' 'no' 'no' 'no' 'no' 'no' 'no' 'no' 'no']
{'count': 529, 'truepos': 31, 'falseneg': 3, 'unknownyes': 11, 'falsepos': 5, 'unique': 430}

------------------------------------------------------------
Sender: LSF System <lsfadmin@n2b2-11>
Subject: Job 266946: </share/tjmenzie/zyu9/miniconda2/bin/python2.7 runner.py error_hpcc 6> Done

Job </share/tjmenzie/zyu9/miniconda2/bin/python2.7 runner.py error_hpcc 6> was submitted from host <login01.hpc.ncsu.edu> by user <zyu9> in cluster <henry2>.
Job was executed on host(s) <2*n2b2-11>, in queue <single_chassis>, as user <zyu9> in cluster <henry2>.
</home/zyu9> was used as the home directory.
</home/zyu9/projects/MAR_HPC/Error/src> was used as the working directory.
Started at Tue Oct 17 11:28:46 2017
Results reported at Tue Oct 17 18:47:28 2017

Your job looked like:

------------------------------------------------------------
# LSBATCH: User input
/share/tjmenzie/zyu9/miniconda2/bin/python2.7 runner.py error_hpcc 6
------------------------------------------------------------

Successfully completed.

Resource usage summary:

    CPU time   :  29140.59 sec.
    Max Memory :       193 MB
    Max Swap   :      1211 MB

    Max Processes  :         3
    Max Threads    :         8

The output (if any) is above this job summary.



PS:

Read file <./err/6.err.266946> for stderr output of this job.

