6: Hall.csv: none: 0, 0
8, 10
10, 20, 125
10, 30, 130
14, 40, 113
19, 50, 117
23, 60, 124
25, 70, 138
29, 80, 140
32, 90, 145
37, 100, 117
43, 110, 133
48, 120, 158
51, 130, 148
56, 140, 141
59, 150, 158
63, 160, 164
66, 170, 174
69, 180, 177
72, 190, 146
74, 200, 156
75, 210, 169
82, 220, 138
86, 230, 153
88, 240, 148
92, 250, 130
95, 260, 131
98, 270, 132
103, 280, 145
106, 290, 142
108, 300, 151
109, 310, 147
110, 320, 139
111, 330, 143
113, 340, 142
114, 350, 140
116, 360, 137
117, 370, 135
119, 380, 140
119, 390, 145
120, 400, 139
120, 410, 143
121, 420, 135
121, 430, 138
123, 440, 137
123, 450, 138
123, 460, 140
125, 470, 141
126, 480, 142
127, 490, 145
129, 500, 147
130, 510, 151
132, 520, 153
133, 530, 159
134, 540, 156
136, 550, 157
136, 560, 163
136, 570, 157
137, 580, 158
138, 590, 162
138, 600, 165
139, 610, 161
140, 620, 160
140, 630, 165
141, 640, 158
142, 650, 162
143, 660, 165
145, 670, 160
146, 680, 168
148, 690, 165
149, 700, 172
149, 710, 175
150, 720, 169
151, 730, 172
152, 740, 170
153, 750, 173
153, 760, 170
154, 770, 169
156, 780, 175
157, 790, 178
158, 800, 182
158, 810, 187
158, 820, 185
159, 830, 180
159, 840, 185
159, 850, 178
159, 860, 182
160, 870, 181
160, 880, 188
162, 890, 179
163, 900, 182
163, 910, 181
166, 920, 180
166, 930, 188
167, 940, 190
167, 950, 190
169, 960, 189
170, 970, 194
172, 980, 193
173, 990, 194
175, 1000, 199
175, 1010, 200
175, 1020, 202
175, 1030, 205
178, 1040, 204
179, 1050, 209
180, 1060, 209
180, 1070, 209
181, 1080, 207
182, 1090, 211
184, 1100, 209
184, 1110, 212
185, 1120, 206
186, 1130, 212
186, 1140, 207
187, 1150, 211
188, 1160, 209
191, 1170, 209
192, 1180, 217
194, 1190, 216
195, 1200, 222
195, 1210, 222
197, 1220, 219
197, 1230, 222
198, 1240, 221
200, 1250, 230
202, 1260, 227
202, 1270, 229
202, 1280, 231
204, 1290, 232
204, 1300, 235
205, 1310, 237
206, 1320, 232
208, 1330, 232
208, 1340, 234
209, 1350, 239
211, 1360, 234
212, 1370, 238
213, 1380, 245
214, 1390, 237
218, 1400, 242
218, 1410, 244
219, 1420, 243
219, 1430, 248
220, 1440, 247
221, 1450, 246
222, 1460, 247
222, 1470, 250
226, 1480, 246
227, 1490, 252
228, 1500, 254
229, 1510, 255
230, 1520, 254
231, 1530, 257
233, 1540, 256
235, 1550, 262
237, 1560, 265
240, 1570, 264
240, 1580, 272
240, 1590, 265
240, 1600, 269
241, 1610, 268
241, 1620, 266
244, 1630, 267
245, 1640, 274
246, 1650, 276
246, 1660, 279
248, 1670, 277
248, 1680, 272
248, 1690, 274
248, 1700, 279
250, 1710, 277
250, 1720, 275
251, 1730, 281
252, 1740, 278
254, 1750, 282
255, 1760, 287
256, 1770, 290
256, 1780, 289
258, 1790, 289
259, 1800, 293
260, 1810, 291
260, 1820, 292
260, 1830, 293
261, 1840, 296
262, 1850, 293
264, 1860, 299
266, 1870, 301
267, 1880, 302
268, 1890, 307
269, 1900, 305
269, 1910, 304
269, 1920, 303
270, 1930, 301
273, 1940, 309
273, 1950, 307
274, 1960, 310
275, 1970, 312
275, 1980, 313
275, 1990, 313
276, 2000, 311
277, 2010, 313
279, 2020, 315
279, 2030, 316
279, 2040, 324
280, 2050, 316
282, 2060, 313
282, 2070, 319
283, 2080, 314
283, 2090, 320
284, 2100, 317
284, 2110, 323
287, 2120, 319
290, 2130, 324
291, 2140, 332
292, 2150, 328
293, 2160, 338
294, 2170, 336
296, 2180, 333
298, 2190, 337
299, 2200, 345
299, 2210, 341
299, 2220, 346
301, 2230, 346
302, 2240, 350
303, 2250, 347
303, 2260, 347
303, 2270, 343
306, 2280, 345
306, 2290, 349
307, 2300, 346
309, 2310, 355
309, 2320, 353
309, 2330, 348
310, 2340, 349
312, 2350, 353
313, 2360, 353
314, 2370, 359
316, 2380, 357
316, 2390, 358
316, 2400, 358
317, 2410, 356
318, 2420, 358
318, 2430, 366
319, 2440, 360
320, 2450, 359
320, 2460, 359
321, 2470, 366
323, 2480, 362
324, 2490, 362
324, 2500, 373
324, 2510, 368
326, 2520, 367
326, 2530, 372
327, 2540, 370
328, 2550, 369
329, 2560, 372
330, 2570, 373
332, 2580, 371
332, 2590, 379
332, 2600, 375
332, 2610, 373
335, 2620, 370
335, 2630, 383
337, 2640, 376
337, 2650, 378
338, 2660, 375
340, 2670, 377
340, 2680, 379
342, 2690, 379
345, 2700, 381
346, 2710, 385
347, 2720, 383
348, 2730, 384
350, 2740, 385
350, 2750, 388
351, 2760, 393
351, 2770, 385
352, 2780, 390
352, 2790, 392
354, 2800, 397
356, 2810, 398
357, 2820, 390
360, 2830, 397
361, 2840, 404
364, 2850, 406
366, 2860, 403
366, 2870, 414
367, 2880, 411
367, 2890, 411
370, 2900, 405
371, 2910, 409
376, 2920, 413
377, 2930, 419
377, 2940, 423
378, 2950, 421
380, 2960, 421
382, 2970, 420
382, 2980, 424
383, 2990, 422
384, 3000, 428
384, 3010, 427
384, 3020, 423
386, 3030, 423
388, 3040, 429
389, 3050, 428
391, 3060, 427
392, 3070, 431
392, 3080, 431
393, 3090, 428
395, 3100, 430
396, 3110, 434
396, 3120, 436
396, 3130, 436
396, 3140, 430
398, 3150, 431
398, 3160, 429
400, 3170, 431
400, 3180, 434
401, 3190, 435
403, 3200, 440
403, 3210, 439
404, 3220, 436
404, 3230, 437
405, 3240, 439
407, 3250, 438
408, 3260, 439
410, 3270, 443
410, 3280, 447
410, 3290, 448
412, 3300, 443
415, 3310, 448
416, 3320, 450
417, 3330, 449
417, 3340, 455
417, 3350, 449
417, 3360, 448
420, 3370, 450
422, 3380, 454
423, 3390, 454
425, 3400, 457
426, 3410, 456
427, 3420, 456
428, 3430, 459
428, 3440, 463
428, 3450, 459
429, 3460, 459
431, 3470, 462
436, 3480, 464
436, 3490, 470
437, 3500, 476
441, 3510, 472
442, 3520, 472
444, 3530, 476
446, 3540, 480
447, 3550, 481
447, 3560, 481
448, 3570, 480
449, 3580, 482
449, 3590, 482
450, 3600, 483
450, 3610, 484
450, 3620, 482
452, 3630, 480
453, 3640, 485
453, 3650, 487
453, 3660, 485
454, 3670, 487
456, 3680, 483
457, 3690, 486
458, 3700, 486
459, 3710, 489
462, 3720, 493
464, 3730, 494
465, 3740, 495
467, 3750, 495
467, 3760, 500
467, 3770, 497
467, 3780, 496
467, 3790, 497
467, 3800, 496
469, 3810, 496
469, 3820, 500
469, 3830, 500
470, 3840, 498
470, 3850, 498
470, 3860, 499
472, 3870, 498
473, 3880, 501
474, 3890, 501
475, 3900, 501
475, 3910, 502
475, 3920, 502
{'count': 3920, 'truepos': 92, 'falseneg': 11, 'unknownyes': 3, 'falsepos': 383, 'unique': 3920}
6: Hall.csv: three: 0, 0
8, 10
11, 20, 119
14, 30, 135
14, 40, 138
17, 50, 132
23, 60, 124
23, 70, 141
25, 80, 135
29, 90, 126
34, 100, 137
40, 110, 119
48, 120, 119
54, 130, 120
58, 140, 120
62, 150, 119
70, 160, 113
74, 170, 118
78, 180, 114
83, 190, 120
86, 200, 125
87, 210, 128
88, 220, 124
89, 230, 116
90, 240, 107
90, 250, 114
92, 260, 108
96, 270, 110
97, 280, 112
97, 290, 113
98, 300, 111
98, 310, 116
98, 320, 116
99, 330, 112
99, 340, 114
99, 350, 114
99, 360, 112
99, 370, 111
99, 380, 110
99, 390, 111
101, 400, 109
101, 410, 112
101, 420, 112
101, 430, 113
101, 440, 112
102, 450, 113
102, 460, 113
102, 470, 111
102, 480, 112
102, 490, 111
102, 500, 110
102, 510, 109
102, 520, 109
102, 530, 108
102, 540, 110
102, 550, 108
102, 560, 109
102, 570, 108
102, 580, 108
{'count': 1268, 'truepos': 97, 'falseneg': 5, 'unknownyes': 4, 'falsepos': 5, 'unique': 580}
6: Hall.csv: machine: 0, 0
8, 10
10, 20, 127
14, 30, 122
16, 40, 123
20, 50, 121
22, 60, 132
['yes' 'yes' 'yes' 'yes' 'yes' 'yes' 'yes' 'yes' 'yes' 'yes']
['no' 'no']
23, 60, 132
25, 70, 141
28, 80, 136
30, 90, 135
35, 100, 105
44, 110, 105
['no' 'yes' 'yes' 'yes' 'yes' 'yes' 'yes' 'yes' 'no' 'yes']
['no' 'no' 'yes' 'yes' 'no' 'no' 'no' 'no' 'no' 'no']
44, 110, 105
49, 120, 102
53, 130, 103
57, 140, 103
63, 150, 104
66, 160, 108
['yes' 'yes' 'yes' 'yes' 'yes' 'yes' 'yes' 'yes' 'yes' 'yes']
['yes' 'no' 'no' 'no' 'yes' 'no' 'no' 'no' 'no' 'no']
67, 160, 108
71, 170, 102
72, 180, 109
77, 190, 98
80, 200, 101
85, 210, 104
['yes' 'yes' 'no' 'no' 'no' 'yes' 'yes' 'yes' 'yes' 'yes']
['yes' 'no' 'no' 'no' 'no' 'no' 'no' 'no' 'no' 'no']
84, 210, 104
88, 220, 104
93, 230, 104
97, 240, 110
98, 250, 120
102, 260, 112
['yes' 'yes' 'no' 'yes' 'yes' 'yes' 'yes' 'yes' 'yes' 'yes']
['no' 'no' 'no' 'yes' 'no' 'no' 'no' 'no' 'no' 'no']
100, 260, 112
102, 270, 113
103, 280, 114
105, 290, 119
107, 300, 117
107, 310, 122
['yes' 'no' 'no' 'no' 'yes' 'yes' 'yes' 'yes' 'yes' 'no']
['no' 'yes' 'no' 'no' 'no' 'no' 'no' 'no' 'no' 'no']
105, 310, 122
106, 320, 114
107, 330, 116
109, 340, 117
109, 350, 121
111, 360, 116
['yes' 'no' 'no' 'yes' 'yes' 'no' 'yes' 'yes' 'yes' 'yes']
['no' 'no' 'no' 'no' 'no' 'no' 'no' 'no' 'no' 'no']
['yes' 'no' 'yes' 'no' 'yes' 'yes' 'yes' 'no' 'no' 'yes']
['no' 'no' 'no' 'no' 'no' 'no' 'no' 'no' 'no' 'no']
{'count': 492, 'truepos': 94, 'falseneg': 6, 'unknownyes': 6, 'falsepos': 14, 'unique': 360}
6: Hall.csv: machine2: 0, 0
7, 10
8, 20, 117
10, 30, 112
14, 40, 114
18, 50, 111
23, 60, 118
['yes' 'yes' 'yes' 'yes' 'yes' 'yes' 'yes' 'yes' 'yes' 'yes']
['no' 'no']
25, 60, 118
27, 70, 145
28, 80, 143
30, 90, 144
35, 100, 102
42, 110, 102
['no' 'yes' 'no' 'yes' 'no' 'yes' 'yes' 'yes' 'yes' 'yes']
['no' 'no' 'no' 'no' 'no' 'no' 'no' 'no' 'no' 'no']
39, 110, 102
45, 120, 96
50, 130, 100
54, 140, 100
57, 150, 100
60, 160, 102
['yes' 'yes' 'yes' 'yes' 'yes' 'yes' 'yes' 'yes' 'yes' 'no']
['no' 'no' 'no' 'no' 'no' 'no' 'no' 'no' 'no' 'no']
61, 160, 102
63, 170, 102
69, 180, 97
75, 190, 98
81, 200, 114
85, 210, 112
['no' 'yes' 'yes' 'yes' 'yes' 'yes' 'yes' 'yes' 'yes' 'yes']
['no' 'yes' 'no' 'no' 'no' 'no' 'no' 'no' 'no' 'no']
85, 210, 112
90, 220, 107
94, 230, 110
97, 240, 112
100, 250, 119
102, 260, 117
['no' 'no' 'yes' 'yes' 'yes' 'yes' 'yes' 'yes' 'yes' 'yes']
['no' 'yes' 'no' 'no' 'no' 'no' 'no' 'no' 'no' 'no']
101, 260, 117
101, 270, 115
102, 280, 113
103, 290, 115
105, 300, 118
106, 310, 119
['no' 'yes' 'yes' 'yes' 'no' 'no' 'yes' 'yes' 'yes' 'no']
['no' 'no' 'no' 'no' 'yes' 'no' 'no' 'no' 'no' 'no']
103, 310, 119
104, 320, 115
108, 330, 113
108, 340, 119
108, 350, 120
108, 360, 118
['no' 'yes' 'yes' 'no' 'yes' 'yes' 'yes' 'yes' 'yes' 'no']
['no' 'no' 'no' 'no' 'no' 'no' 'no' 'no' 'no' 'no']
107, 360, 118
109, 370, 115
110, 380, 120
113, 390, 120
114, 400, 134
115, 410, 134
['no' 'no' 'yes' 'no' 'no' 'no' 'yes' 'yes' 'yes' 'yes']
['no' 'no' 'no' 'no' 'no' 'no' 'no' 'no' 'no' 'no']
111, 410, 134
114, 420, 122
115, 430, 130
117, 440, 128
118, 450, 135
120, 460, 132
['no' 'no' 'yes' 'no' 'yes' 'no' 'yes' 'no' 'no' 'yes']
['no' 'no' 'no' 'no' 'no' 'no' 'no' 'no' 'no' 'no']
117, 460, 132
117, 470, 130
118, 480, 128
118, 490, 132
119, 500, 128
119, 510, 130
['no' 'no' 'no' 'no' 'no' 'yes' 'no' 'no' 'no' 'no']
['no' 'no' 'no' 'no' 'no' 'no' 'no' 'no' 'no' 'no']
111, 510, 130
111, 520, 119
['no' 'no' 'yes' 'no' 'yes' 'yes' 'yes' 'yes' 'yes' 'yes']
['no' 'no' 'no' 'no' 'no' 'no' 'no' 'no' 'no' 'no']
{'count': 770, 'truepos': 96, 'falseneg': 4, 'unknownyes': 6, 'falsepos': 15, 'unique': 520}
6: Hall.csv: machine3: 0, 0
8, 10
9, 20, 128
10, 30, 117
12, 40, 116
15, 50, 93
17, 60, 100
null
['no']
17, 60, 100
22, 70, 80
24, 80, 93
28, 90, 84
32, 100, 91
38, 110, 82
null
['no' 'no' 'no' 'yes' 'no' 'no' 'yes' 'no' 'no' 'yes']
39, 110, 82
43, 120, 94
46, 130, 90
51, 140, 88
53, 150, 94
56, 160, 88
null
['no' 'no' 'no' 'no' 'no' 'yes' 'no' 'no' 'no' 'no']
58, 160, 88
61, 170, 83
63, 180, 87
65, 190, 89
68, 200, 90
72, 210, 85
null
['yes' 'no' 'yes' 'no' 'no' 'no' 'no' 'no' 'no' 'no']
74, 210, 85
77, 220, 90
80, 230, 92
82, 240, 95
85, 250, 96
87, 260, 98
null
['yes' 'no' 'no' 'no' 'no' 'yes' 'no' 'no' 'no' 'no']
89, 260, 98
90, 270, 103
91, 280, 103
91, 290, 103
92, 300, 101
93, 310, 103
null
['no' 'no' 'no' 'no' 'no' 'no' 'yes' 'no' 'no' 'no']
94, 310, 103
95, 320, 102
95, 330, 108
95, 340, 106
95, 350, 104
95, 360, 105
null
['no' 'no' 'no' 'no' 'no' 'no' 'no' 'no' 'no' 'no']
95, 360, 105
96, 370, 106
97, 380, 105
97, 390, 109
97, 400, 106
97, 410, 104
null
['no' 'no' 'no' 'yes' 'no' 'no' 'no' 'no' 'no' 'no']
98, 410, 104
98, 420, 107
99, 430, 107
100, 440, 106
100, 450, 109
100, 460, 109
null
['no' 'no' 'no' 'no' 'yes' 'no' 'no' 'no' 'no' 'no']
100, 460, 109
100, 470, 107
100, 480, 108
101, 490, 107
101, 500, 109
101, 510, 108
null
['yes' 'yes' 'yes' 'no' 'no' 'no' 'no' 'no' 'no' 'no']
103, 510, 108
104, 520, 110
104, 530, 112
104, 540, 110
null
['no' 'no' 'no' 'no' 'no' 'no' 'no' 'no' 'no' 'no']
{'count': 836, 'truepos': 95, 'falseneg': 7, 'unknownyes': 4, 'falsepos': 9, 'unique': 540}
6: Wahono.csv: none: 0, 0
3, 10
4, 20, 96
5, 30, 82
9, 40, 62
13, 50, 75
14, 60, 82
14, 70, 70
16, 80, 55
20, 90, 53
22, 100, 69
23, 110, 70
24, 120, 62
26, 130, 63
29, 140, 63
30, 150, 68
30, 160, 64
31, 170, 56
35, 180, 56
36, 190, 70
39, 200, 73
39, 210, 78
42, 220, 76
44, 230, 83
45, 240, 90
45, 250, 87
48, 260, 79
51, 270, 98
53, 280, 92
58, 290, 92
62, 300, 106
63, 310, 119
63, 320, 119
68, 330, 115
72, 340, 114
75, 350, 120
75, 360, 120
78, 370, 131
80, 380, 142
82, 390, 127
83, 400, 147
85, 410, 154
87, 420, 149
88, 430, 140
88, 440, 141
90, 450, 143
90, 460, 131
95, 470, 123
95, 480, 137
95, 490, 144
98, 500, 132
98, 510, 149
98, 520, 142
99, 530, 132
100, 540, 146
102, 550, 132
104, 560, 131
107, 570, 135
109, 580, 138
109, 590, 149
109, 600, 143
112, 610, 138
112, 620, 145
113, 630, 146
114, 640, 151
114, 650, 153
115, 660, 147
115, 670, 158
117, 680, 149
120, 690, 151
123, 700, 160
123, 710, 164
123, 720, 161
125, 730, 164
126, 740, 160
127, 750, 164
127, 760, 166
128, 770, 165
129, 780, 171
130, 790, 168
130, 800, 171
132, 810, 168
133, 820, 177
133, 830, 182
135, 840, 173
135, 850, 178
136, 860, 177
136, 870, 173
137, 880, 174
137, 890, 172
140, 900, 168
141, 910, 182
141, 920, 188
143, 930, 175
144, 940, 184
146, 950, 179
148, 960, 183
149, 970, 182
149, 980, 187
149, 990, 189
152, 1000, 188
152, 1010, 196
152, 1020, 185
154, 1030, 191
155, 1040, 191
156, 1050, 190
159, 1060, 192
159, 1070, 197
159, 1080, 200
159, 1090, 201
162, 1100, 193
163, 1110, 202
164, 1120, 200
165, 1130, 207
166, 1140, 204
166, 1150, 205
167, 1160, 202
168, 1170, 202
168, 1180, 214
168, 1190, 205
170, 1200, 203
172, 1210, 206
175, 1220, 209
177, 1230, 215
177, 1240, 221
178, 1250, 216
180, 1260, 216
181, 1270, 219
181, 1280, 223
183, 1290, 218
185, 1300, 224
185, 1310, 226
189, 1320, 226
189, 1330, 231
190, 1340, 232
191, 1350, 234
192, 1360, 235
193, 1370, 236
193, 1380, 236
194, 1390, 237
194, 1400, 234
198, 1410, 236
200, 1420, 246
200, 1430, 240
200, 1440, 242
200, 1450, 243
200, 1460, 244
201, 1470, 239
202, 1480, 242
202, 1490, 244
202, 1500, 243
202, 1510, 241
203, 1520, 246
204, 1530, 245
205, 1540, 245
205, 1550, 243
205, 1560, 242
207, 1570, 244
209, 1580, 247
209, 1590, 250
209, 1600, 247
210, 1610, 248
213, 1620, 250
214, 1630, 254
215, 1640, 254
215, 1650, 253
217, 1660, 254
219, 1670, 263
220, 1680, 257
220, 1690, 260
220, 1700, 265
220, 1710, 261
221, 1720, 257
221, 1730, 261
221, 1740, 259
221, 1750, 256
222, 1760, 253
224, 1770, 260
225, 1780, 259
226, 1790, 256
226, 1800, 259
229, 1810, 261
229, 1820, 266
232, 1830, 265
233, 1840, 269
235, 1850, 267
237, 1860, 274
238, 1870, 276
238, 1880, 280
239, 1890, 276
239, 1900, 276
239, 1910, 275
241, 1920, 273
244, 1930, 276
247, 1940, 277
247, 1950, 285
249, 1960, 278
250, 1970, 286
250, 1980, 285
251, 1990, 284
253, 2000, 287
254, 2010, 289
258, 2020, 295
258, 2030, 299
259, 2040, 299
261, 2050, 299
262, 2060, 302
262, 2070, 304
262, 2080, 303
263, 2090, 304
263, 2100, 307
264, 2110, 306
264, 2120, 305
265, 2130, 301
266, 2140, 303
266, 2150, 306
266, 2160, 302
266, 2170, 303
268, 2180, 308
268, 2190, 303
269, 2200, 306
271, 2210, 314
272, 2220, 313
273, 2230, 317
274, 2240, 314
275, 2250, 319
276, 2260, 319
277, 2270, 320
278, 2280, 320
280, 2290, 317
280, 2300, 320
281, 2310, 321
281, 2320, 323
281, 2330, 323
281, 2340, 325
283, 2350, 324
284, 2360, 323
286, 2370, 326
288, 2380, 329
289, 2390, 321
289, 2400, 328
290, 2410, 325
290, 2420, 328
292, 2430, 330
293, 2440, 332
293, 2450, 332
294, 2460, 330
296, 2470, 330
296, 2480, 337
298, 2490, 328
300, 2500, 332
301, 2510, 339
301, 2520, 337
301, 2530, 337
304, 2540, 338
304, 2550, 340
304, 2560, 340
305, 2570, 340
306, 2580, 339
306, 2590, 343
308, 2600, 342
310, 2610, 346
313, 2620, 350
315, 2630, 358
316, 2640, 359
316, 2650, 364
318, 2660, 367
318, 2670, 376
320, 2680, 372
320, 2690, 378
322, 2700, 368
322, 2710, 370
324, 2720, 372
324, 2730, 375
325, 2740, 373
326, 2750, 377
326, 2760, 378
326, 2770, 375
326, 2780, 375
327, 2790, 372
327, 2800, 378
328, 2810, 374
330, 2820, 377
330, 2830, 376
330, 2840, 376
332, 2850, 375
333, 2860, 377
333, 2870, 376
334, 2880, 378
335, 2890, 376
336, 2900, 376
336, 2910, 383
336, 2920, 377
337, 2930, 374
337, 2940, 375
339, 2950, 380
340, 2960, 380
341, 2970, 380
341, 2980, 383
341, 2990, 382
341, 3000, 378
342, 3010, 384
343, 3020, 380
343, 3030, 383
343, 3040, 381
344, 3050, 380
344, 3060, 382
344, 3070, 380
345, 3080, 381
345, 3090, 381
346, 3100, 380
347, 3110, 382
348, 3120, 380
349, 3130, 383
350, 3140, 386
351, 3150, 388
352, 3160, 386
353, 3170, 387
353, 3180, 389
354, 3190, 389
355, 3200, 390
356, 3210, 389
357, 3220, 393
357, 3230, 392
358, 3240, 391
359, 3250, 396
359, 3260, 393
362, 3270, 394
363, 3280, 400
365, 3290, 402
365, 3300, 402
366, 3310, 405
368, 3320, 403
368, 3330, 406
369, 3340, 406
370, 3350, 405
371, 3360, 404
372, 3370, 406
372, 3380, 403
372, 3390, 406
372, 3400, 406
372, 3410, 402
372, 3420, 403
373, 3430, 401
373, 3440, 405
375, 3450, 406
375, 3460, 404
376, 3470, 408
377, 3480, 408
378, 3490, 406
379, 3500, 407
380, 3510, 405
380, 3520, 407
382, 3530, 406
382, 3540, 408
382, 3550, 407
385, 3560, 407
386, 3570, 413
386, 3580, 412
387, 3590, 414
388, 3600, 411
389, 3610, 414
389, 3620, 414
389, 3630, 415
389, 3640, 413
389, 3650, 412
389, 3660, 411
391, 3670, 411
392, 3680, 416
394, 3690, 416
395, 3700, 417
396, 3710, 420
396, 3720, 421
397, 3730, 419
399, 3740, 421
400, 3750, 426
401, 3760, 427
402, 3770, 425
403, 3780, 428
404, 3790, 429
404, 3800, 431
404, 3810, 429
405, 3820, 429
406, 3830, 430
407, 3840, 432
407, 3850, 434
409, 3860, 433
409, 3870, 436
410, 3880, 434
410, 3890, 437
410, 3900, 435
411, 3910, 433
412, 3920, 436
413, 3930, 437
414, 3940, 437
415, 3950, 440
415, 3960, 440
417, 3970, 437
418, 3980, 440
420, 3990, 441
{'count': 3990, 'truepos': 54, 'falseneg': 6, 'unknownyes': 2, 'falsepos': 366, 'unique': 3990}
6: Wahono.csv: three: 0, 0
6, 10
8, 20, 101
9, 30, 112
11, 40, 104
12, 50, 101
14, 60, 82
18, 70, 81
21, 80, 82
22, 90, 83
24, 100, 74
26, 110, 74
27, 120, 75
29, 130, 70
30, 140, 75
33, 150, 66
37, 160, 70
40, 170, 69
41, 180, 87
42, 190, 81
43, 200, 71
44, 210, 77
45, 220, 71
45, 230, 65
45, 240, 68
47, 250, 65
47, 260, 69
48, 270, 65
49, 280, 73
50, 290, 69
51, 300, 69
51, 310, 72
54, 320, 71
54, 330, 85
55, 340, 83
55, 350, 81
55, 360, 77
55, 370, 75
55, 380, 71
55, 390, 80
56, 400, 69
57, 410, 74
57, 420, 80
57, 430, 81
59, 440, 73
59, 450, 73
59, 460, 73
60, 470, 77
61, 480, 80
61, 490, 81
62, 500, 84
63, 510, 80
63, 520, 83
63, 530, 88
64, 540, 86
64, 550, 77
65, 560, 84
66, 570, 80
66, 580, 85
66, 590, 86
66, 600, 80
66, 610, 81
67, 620, 80
68, 630, 90
68, 640, 85
68, 650, 84
68, 660, 85
69, 670, 85
71, 680, 80
71, 690, 85
71, 700, 86
71, 710, 84
71, 720, 85
72, 730, 82
72, 740, 84
72, 750, 84
72, 760, 82
72, 770, 82
72, 780, 83
73, 790, 82
73, 800, 85
74, 810, 83
74, 820, 82
74, 830, 85
74, 840, 84
74, 850, 85
74, 860, 83
74, 870, 84
74, 880, 82
74, 890, 81
74, 900, 83
74, 910, 82
74, 920, 85
74, 930, 82
74, 940, 81
74, 950, 82
74, 960, 82
74, 970, 81
75, 980, 82
76, 990, 82
77, 1000, 85
77, 1010, 86
77, 1020, 84
79, 1030, 84
80, 1040, 89
80, 1050, 91
80, 1060, 91
80, 1070, 90
81, 1080, 90
82, 1090, 93
83, 1100, 93
83, 1110, 95
83, 1120, 95
84, 1130, 95
84, 1140, 94
87, 1150, 93
87, 1160, 96
87, 1170, 98
87, 1180, 99
88, 1190, 98
88, 1200, 100
88, 1210, 98
88, 1220, 97
89, 1230, 98
90, 1240, 98
91, 1250, 100
92, 1260, 105
92, 1270, 105
92, 1280, 104
92, 1290, 105
93, 1300, 103
94, 1310, 105
94, 1320, 107
95, 1330, 108
95, 1340, 108
95, 1350, 109
95, 1360, 107
96, 1370, 106
96, 1380, 107
96, 1390, 108
96, 1400, 105
96, 1410, 105
96, 1420, 105
96, 1430, 106
96, 1440, 105
96, 1450, 106
96, 1460, 106
96, 1470, 106
96, 1480, 104
96, 1490, 106
97, 1500, 104
97, 1510, 106
99, 1520, 105
99, 1530, 107
99, 1540, 110
102, 1550, 109
102, 1560, 114
102, 1570, 113
102, 1580, 113
102, 1590, 111
102, 1600, 111
102, 1610, 112
102, 1620, 111
102, 1630, 113
102, 1640, 110
103, 1650, 112
103, 1660, 113
104, 1670, 112
105, 1680, 115
105, 1690, 118
106, 1700, 116
106, 1710, 116
106, 1720, 116
106, 1730, 116
107, 1740, 116
107, 1750, 116
107, 1760, 115
107, 1770, 119
107, 1780, 114
107, 1790, 116
107, 1800, 115
107, 1810, 115
107, 1820, 115
108, 1830, 115
109, 1840, 117
109, 1850, 119
109, 1860, 119
109, 1870, 119
109, 1880, 119
109, 1890, 118
109, 1900, 117
109, 1910, 116
109, 1920, 117
109, 1930, 115
109, 1940, 116
109, 1950, 116
109, 1960, 116
109, 1970, 116
109, 1980, 116
109, 1990, 116
109, 2000, 115
109, 2010, 115
109, 2020, 115
109, 2030, 116
109, 2040, 115
109, 2050, 115
{'count': 4467, 'truepos': 58, 'falseneg': 1, 'unknownyes': 3, 'falsepos': 51, 'unique': 2050}
6: Wahono.csv: machine: 0, 0
6, 10
7, 20, 99
10, 30, 92
14, 40, 101
16, 50, 112
18, 60, 116
['no' 'yes' 'yes' 'yes' 'yes' 'yes' 'no' 'no' 'no' 'yes']
['no']
14, 60, 116
17, 70, 110
18, 80, 113
20, 90, 98
21, 100, 102
22, 110, 92
['no' 'no' 'no' 'no' 'yes' 'yes' 'no' 'no' 'yes' 'yes']
[]
16, 110, 92
20, 120, 64
24, 130, 66
31, 140, 65
34, 150, 64
36, 160, 71
['no' 'yes' 'yes' 'yes' 'yes' 'no' 'yes' 'yes' 'yes' 'no']
['no' 'no' 'no' 'no' 'no' 'no' 'no' 'no' 'no' 'no']
33, 160, 71
35, 170, 69
39, 180, 69
40, 190, 73
40, 200, 74
41, 210, 75
['no' 'no' 'no' 'no' 'yes' 'yes' 'no' 'yes' 'yes' 'yes']
['no' 'no' 'no' 'no' 'no' 'no' 'no' 'no' 'no' 'no']
38, 210, 75
38, 220, 64
39, 230, 63
41, 240, 62
41, 250, 67
42, 260, 63
['yes' 'yes' 'yes' 'no' 'yes' 'no' 'no' 'yes' 'yes' 'yes']
['no' 'no' 'no' 'no' 'no' 'no' 'no' 'no' 'no' 'no']
39, 260, 63
39, 270, 59
39, 280, 58
41, 290, 54
43, 300, 59
45, 310, 58
['yes' 'no' 'no' 'yes' 'yes' 'yes' 'no' 'no' 'yes' 'yes']
['no' 'no' 'no' 'no' 'yes' 'no' 'no' 'no' 'no' 'no']
40, 310, 58
41, 320, 55
44, 330, 61
45, 340, 68
46, 350, 78
47, 360, 66
['no' 'yes' 'no' 'no' 'no' 'no' 'no' 'yes' 'no' 'yes']
['no' 'yes' 'no' 'no' 'no' 'yes' 'no' 'no' 'no' 'no']
41, 360, 66
42, 370, 54
43, 380, 54
45, 390, 55
46, 400, 57
46, 410, 57
['yes' 'no' 'yes' 'no' 'no' 'yes' 'yes' 'no']
['no' 'no' 'no' 'no' 'no' 'no' 'no' 'no' 'no' 'no']
42, 410, 57
44, 420, 58
45, 430, 59
46, 440, 63
48, 450, 59
51, 460, 66
['no' 'no' 'no' 'no' 'no' 'yes' 'no' 'no' 'no' 'no']
['no' 'no' 'no' 'no' 'no' 'no' 'no' 'no' 'no' 'no']
44, 460, 66
45, 470, 51
46, 480, 57
47, 490, 60
47, 500, 59
47, 510, 59
['no' 'no' 'no' 'no']
['no' 'no' 'no' 'yes' 'no' 'no' 'no' 'no' 'yes' 'no']
45, 510, 59
46, 520, 55
46, 530, 57
46, 540, 56
46, 550, 57
47, 560, 57
['yes' 'no' 'no']
['no' 'no' 'no' 'no' 'no' 'no' 'no' 'no' 'no' 'no']
46, 560, 57
48, 570, 52
48, 580, 55
49, 590, 55
51, 600, 57
52, 610, 60
['no' 'no' 'no' 'no' 'yes' 'no' 'no']
['no' 'no' 'no' 'no' 'no' 'no' 'no' 'no' 'no' 'no']
48, 610, 60
49, 620, 54
51, 630, 55
55, 640, 59
58, 650, 65
59, 660, 69
['no' 'no' 'yes' 'no' 'yes' 'yes' 'yes' 'no' 'no' 'yes']
['no' 'yes' 'no' 'no' 'no' 'no' 'no' 'no' 'no' 'no']
54, 660, 69
54, 670, 62
54, 680, 62
55, 690, 60
56, 700, 64
58, 710, 66
['yes' 'yes' 'yes' 'yes' 'no']
['no' 'no' 'no' 'no' 'no' 'no' 'no' 'no' 'yes' 'no']
57, 710, 66
59, 720, 67
61, 730, 70
62, 740, 72
63, 750, 73
65, 760, 75
['no' 'no' 'no' 'no' 'no' 'yes' 'no' 'no']
['no' 'no' 'no' 'no' 'no' 'no' 'no' 'no' 'no' 'no']
61, 760, 75
63, 770, 70
63, 780, 73
63, 790, 73
65, 800, 72
67, 810, 76
['no' 'no' 'no' 'no' 'no' 'no' 'yes' 'no']
['no' 'no' 'no' 'no' 'no' 'no' 'no' 'no' 'no' 'no']
61, 810, 76
63, 820, 70
63, 830, 72
64, 840, 71
66, 850, 72
66, 860, 75
['no' 'no' 'no' 'no' 'no' 'no']
['no' 'no' 'no' 'no' 'no' 'no' 'no' 'no' 'no' 'no']
61, 860, 75
61, 870, 69
61, 880, 70
62, 890, 68
63, 900, 70
64, 910, 71
['no' 'no' 'no' 'no']
['no' 'no' 'no' 'no' 'no' 'no' 'no' 'no' 'no' 'no']
63, 910, 71
64, 920, 70
64, 930, 71
64, 940, 71
67, 950, 71
67, 960, 76
['no' 'no' 'no' 'no' 'no']
['no' 'no' 'no' 'no' 'no' 'no' 'no' 'no' 'no' 'no']
62, 960, 76
64, 970, 69
65, 980, 70
66, 990, 72
67, 1000, 74
68, 1010, 77
['no' 'no' 'no' 'no' 'no' 'no']
['no' 'no' 'no' 'no' 'no' 'no' 'no' 'no' 'no' 'no']
62, 1010, 77
66, 1020, 68
67, 1030, 74
68, 1040, 76
69, 1050, 78
69, 1060, 80
['no' 'no' 'no' 'no' 'no' 'no' 'no']
['no' 'no' 'no' 'no' 'no' 'no' 'no' 'no' 'no' 'no']
65, 1060, 80
66, 1070, 72
67, 1080, 73
69, 1090, 75
72, 1100, 78
74, 1110, 82
['no' 'no' 'no' 'no' 'no' 'no' 'yes' 'no' 'no' 'no']
['no' 'no' 'no' 'no' 'no' 'no' 'no' 'no' 'no' 'no']
66, 1110, 82
69, 1120, 73
69, 1130, 78
70, 1140, 77
72, 1150, 77
73, 1160, 80
['no' 'no' 'no' 'no' 'no' 'no' 'no' 'no' 'no']
['no' 'no' 'no' 'no' 'no' 'no' 'no' 'no' 'no' 'no']
65, 1160, 80
65, 1170, 71
65, 1180, 71
65, 1190, 71
65, 1200, 70
68, 1210, 70
['no' 'no' 'no']
['no' 'no' 'no' 'no' 'no' 'no' 'no' 'no' 'no' 'no']
['no' 'no' 'no']
['no' 'no' 'no' 'no' 'no' 'no' 'no' 'no' 'no' 'no']
{'count': 1614, 'truepos': 54, 'falseneg': 6, 'unknownyes': 2, 'falsepos': 12, 'unique': 1210}
6: Wahono.csv: machine2: 0, 0
6, 10
7, 20, 103
10, 30, 94
11, 40, 98
11, 50, 94
15, 60, 72
['yes' 'yes' 'yes' 'no' 'yes' 'yes' 'no' 'yes' 'yes' 'no']
[]
12, 60, 72
14, 70, 69
19, 80, 65
21, 90, 78
23, 100, 63
24, 110, 73
['no' 'yes' 'yes' 'yes' 'no' 'no' 'no' 'no' 'yes' 'yes']
[]
23, 110, 73
27, 120, 65
31, 130, 69
35, 140, 69
37, 150, 85
37, 160, 79
['yes' 'no' 'yes' 'yes' 'yes' 'yes' 'yes' 'yes' 'no' 'yes']
['no' 'no' 'no' 'no' 'no' 'yes' 'no' 'no' 'no' 'no']
35, 160, 79
37, 170, 72
40, 180, 73
43, 190, 75
44, 200, 86
47, 210, 86
['yes' 'yes' 'no' 'no' 'yes' 'yes' 'no' 'yes' 'no' 'no']
['no' 'no' 'no' 'no' 'no' 'no' 'no' 'no' 'no' 'no']
43, 210, 86
45, 220, 75
47, 230, 78
52, 240, 78
52, 250, 90
54, 260, 81
['yes' 'no' 'no' 'no' 'no' 'no' 'yes' 'no' 'no' 'no']
['no' 'no' 'no' 'no' 'no' 'no' 'yes' 'no' 'no' 'no']
50, 260, 81
51, 270, 78
52, 280, 79
55, 290, 77
57, 300, 81
57, 310, 84
['no' 'no' 'no' 'yes' 'yes' 'no' 'no' 'yes' 'yes' 'no']
['no' 'no' 'no' 'no' 'no' 'no' 'no' 'no' 'no' 'no']
54, 310, 84
55, 320, 78
56, 330, 76
57, 340, 87
60, 350, 82
61, 360, 91
['no' 'no' 'no' 'no' 'no' 'no' 'yes' 'no' 'yes' 'yes']
['no' 'no' 'no' 'no' 'no' 'no' 'no' 'no' 'no' 'no']
58, 360, 91
60, 370, 82
61, 380, 81
61, 390, 84
61, 400, 86
62, 410, 81
['yes' 'yes' 'no' 'no' 'no' 'no' 'yes' 'yes' 'yes' 'yes']
['no' 'no' 'no' 'no' 'no' 'no' 'no' 'no' 'no' 'no']
60, 410, 81
61, 420, 79
61, 430, 81
61, 440, 82
63, 450, 81
64, 460, 85
['no' 'no' 'no' 'yes' 'no' 'no' 'yes' 'yes' 'yes' 'no']
['no' 'no' 'no' 'no' 'no' 'no' 'no' 'no' 'no' 'no']
60, 460, 85
62, 470, 78
63, 480, 89
65, 490, 84
65, 500, 89
65, 510, 90
['no' 'no' 'no' 'no' 'yes' 'no']
['no' 'no' 'no' 'no' 'no' 'no' 'no' 'no' 'no' 'no']
65, 510, 90
68, 520, 89
68, 530, 103
69, 540, 94
69, 550, 98
70, 560, 88
['no' 'no' 'no' 'no' 'no' 'no' 'no']
['no' 'no' 'no' 'no' 'no' 'no' 'no' 'no' 'no' 'no']
64, 560, 88
65, 570, 79
67, 580, 80
69, 590, 85
69, 600, 85
69, 610, 87
['no' 'no' 'no' 'no' 'no']
['no' 'no' 'no' 'no' 'no' 'no' 'no' 'no' 'no' 'no']
67, 610, 87
68, 620, 88
71, 630, 92
71, 640, 93
73, 650, 96
75, 660, 96
['no' 'no' 'no' 'no' 'no' 'no' 'no' 'no' 'no']
['no' 'no' 'no' 'no' 'no' 'no' 'no' 'no' 'no' 'no']
67, 660, 96
67, 670, 80
67, 680, 79
68, 690, 80
68, 700, 83
68, 710, 84
['no']
['no' 'no' 'no' 'no' 'no' 'no' 'no' 'no' 'no' 'no']
68, 710, 84
68, 720, 86
70, 730, 85
71, 740, 87
71, 750, 88
74, 760, 84
['no' 'no' 'no' 'no' 'no' 'no' 'no']
['no' 'no' 'no' 'no' 'no' 'no' 'no' 'no' 'yes' 'no']
72, 760, 84
74, 770, 84
78, 780, 86
80, 790, 92
81, 800, 96
82, 810, 100
['no' 'no' 'no' 'yes' 'no' 'no' 'no' 'no' 'yes' 'no']
['no' 'no' 'no' 'no' 'no' 'no' 'no' 'no' 'no' 'no']
78, 810, 100
80, 820, 90
82, 830, 90
84, 840, 93
86, 850, 101
88, 860, 105
['no' 'no' 'no' 'no' 'no' 'no' 'no' 'no' 'no' 'no']
['no' 'no' 'no' 'no' 'no' 'no' 'no' 'no' 'no' 'no']
85, 860, 105
86, 870, 99
89, 880, 101
89, 890, 108
91, 900, 103
94, 910, 110
['yes' 'no' 'no' 'yes' 'yes' 'no' 'no' 'no' 'no' 'no']
['no' 'no' 'no' 'no' 'no' 'no' 'no' 'no' 'no' 'no']
89, 910, 110
90, 920, 106
90, 930, 111
92, 940, 110
93, 950, 119
94, 960, 117
['no' 'yes' 'no' 'no' 'no' 'no' 'no' 'no' 'no' 'no']
['no' 'no' 'no' 'no' 'no' 'no' 'no' 'no' 'no' 'no']
89, 960, 117
89, 970, 110
90, 980, 104
91, 990, 106
91, 1000, 108
93, 1010, 107
['no' 'no' 'no' 'no' 'no' 'no' 'yes' 'no' 'no']
['no' 'no' 'no' 'no' 'no' 'no' 'no' 'no' 'no' 'no']
88, 1010, 107
88, 1020, 101
88, 1030, 103
90, 1040, 103
90, 1050, 106
90, 1060, 106
['no' 'no' 'no' 'no']
['no' 'no' 'no' 'no' 'no' 'no' 'no' 'no' 'no' 'no']
87, 1060, 106
88, 1070, 98
91, 1080, 102
91, 1090, 105
92, 1100, 106
92, 1110, 107
['no' 'no' 'no' 'no' 'no']
['no' 'no' 'no' 'no' 'no' 'no' 'no' 'yes' 'no' 'no']
90, 1110, 107
90, 1120, 102
90, 1130, 101
92, 1140, 102
92, 1150, 106
93, 1160, 105
['no' 'no' 'no' 'yes']
['no' 'no' 'no' 'no' 'no' 'no' 'no' 'no' 'no' 'no']
92, 1160, 105
94, 1170, 104
95, 1180, 109
96, 1190, 108
98, 1200, 107
98, 1210, 111
['no' 'no' 'no' 'no' 'no' 'no' 'no' 'no']
['no' 'no' 'no' 'no' 'no' 'no' 'no' 'no' 'no' 'no']
90, 1210, 111
90, 1220, 100
90, 1230, 101
90, 1240, 99
92, 1250, 100
92, 1260, 102
['no' 'yes']
['no' 'no' 'no' 'no' 'no' 'no' 'no' 'no' 'no' 'no']
92, 1260, 102
92, 1270, 101
93, 1280, 101
94, 1290, 101
95, 1300, 105
97, 1310, 105
['no' 'no' 'no' 'no' 'no' 'no']
['yes' 'no' 'no' 'no' 'no' 'no' 'no' 'no' 'no' 'no']
94, 1310, 105
95, 1320, 104
98, 1330, 104
99, 1340, 109
99, 1350, 110
101, 1360, 110
['no' 'no' 'yes' 'no' 'no' 'no' 'no' 'no' 'yes' 'no']
['no' 'no' 'no' 'no' 'no' 'no' 'no' 'no' 'no' 'no']
94, 1360, 110
96, 1370, 104
96, 1380, 105
97, 1390, 107
99, 1400, 107
100, 1410, 109
['no' 'no' 'no' 'no' 'yes' 'no']
['no' 'no' 'no' 'no' 'no' 'no' 'no' 'no' 'no' 'no']
96, 1410, 109
97, 1420, 105
98, 1430, 106
99, 1440, 106
99, 1450, 107
101, 1460, 107
['no' 'no' 'no' 'no' 'no']
['no' 'no' 'no' 'no' 'no' 'no' 'no' 'no' 'no' 'no']
98, 1460, 107
99, 1470, 106
99, 1480, 107
100, 1490, 106
100, 1500, 109
101, 1510, 107
['no' 'no' 'no']
['no' 'no' 'no' 'no' 'no' 'no' 'no' 'no' 'no' 'no']
100, 1510, 107
100, 1520, 107
101, 1530, 108
104, 1540, 109
106, 1550, 113
106, 1560, 115
['no' 'no' 'no' 'no' 'no' 'no' 'no' 'no']
['no' 'no' 'no' 'no' 'no' 'no' 'no' 'no' 'no' 'no']
100, 1560, 115
101, 1570, 108
104, 1580, 108
104, 1590, 112
104, 1600, 112
104, 1610, 112
['no' 'no' 'no' 'no']
['no' 'no' 'no' 'no' 'no' 'no' 'no' 'no' 'no' 'no']
101, 1610, 112
102, 1620, 108
103, 1630, 110
104, 1640, 112
107, 1650, 112
107, 1660, 115
['no' 'no' 'no' 'no' 'no' 'no']
['no' 'no' 'no' 'no' 'no' 'no' 'no' 'no' 'no' 'no']
103, 1660, 115
105, 1670, 111
107, 1680, 113
107, 1690, 115
109, 1700, 116
110, 1710, 118
['no' 'no' 'no' 'no' 'no' 'no' 'no' 'no' 'no']
['no' 'no' 'no' 'no' 'no' 'no' 'no' 'no' 'no' 'no']
104, 1710, 118
104, 1720, 111
105, 1730, 110
106, 1740, 111
108, 1750, 112
109, 1760, 115
['no' 'no' 'no' 'no' 'no' 'no' 'no']
['no' 'no' 'no' 'no' 'no' 'no' 'no' 'no' 'no' 'no']
104, 1760, 115
106, 1770, 111
107, 1780, 112
107, 1790, 114
109, 1800, 113
112, 1810, 116
['no' 'no' 'no' 'no' 'no' 'no' 'no' 'no']
['no' 'no' 'no' 'no' 'no' 'no' 'no' 'no' 'no' 'no']
['no' 'no' 'no' 'no' 'no' 'no' 'no' 'no']
['no' 'no' 'no' 'no' 'no' 'no' 'no' 'no' 'no' 'no']
{'count': 2576, 'truepos': 56, 'falseneg': 3, 'unknownyes': 3, 'falsepos': 49, 'unique': 1810}
6: Wahono.csv: machine3: 0, 0
5, 10
5, 20, 91
10, 30, 91
11, 40, 93
15, 50, 84
16, 60, 90
null
[]
16, 70, 88
20, 80, 67
20, 90, 67
22, 100, 64
22, 110, 62
24, 120, 56
null
[]
24, 130, 57
26, 140, 52
26, 150, 56
29, 160, 53
30, 170, 58
30, 180, 51
null
['no' 'no' 'no' 'no' 'no' 'no' 'no' 'no' 'no' 'no']
30, 180, 51
32, 190, 52
35, 200, 54
37, 210, 74
38, 220, 72
39, 230, 76
null
['no' 'no' 'no' 'no' 'no' 'no' 'no' 'no' 'no' 'no']
39, 230, 76
40, 240, 71
42, 250, 70
43, 260, 80
44, 270, 79
44, 280, 74
null
['no' 'no' 'no' 'no' 'yes' 'no' 'no' 'no' 'no' 'no']
45, 280, 74
45, 290, 75
47, 300, 69
48, 310, 75
48, 320, 74
48, 330, 73
null
['no' 'no' 'no' 'yes' 'no' 'no' 'no' 'no' 'no' 'no']
48, 330, 73
49, 340, 72
49, 350, 73
50, 360, 68
50, 370, 74
50, 380, 73
null
['no' 'no' 'no' 'no' 'no' 'no' 'no' 'no' 'no' 'no']
50, 380, 73
51, 390, 73
51, 400, 77
51, 410, 71
51, 420, 73
51, 430, 73
null
['no' 'no' 'no' 'no' 'no' 'no' 'no' 'no' 'no' 'no']
51, 430, 73
53, 440, 67
54, 450, 71
54, 460, 71
55, 470, 69
55, 480, 68
null
['no' 'no' 'no' 'no' 'no' 'no' 'no' 'no' 'no' 'no']
55, 480, 68
55, 490, 68
55, 500, 68
55, 510, 73
56, 520, 67
56, 530, 69
null
['no' 'no' 'no' 'no' 'no' 'no' 'no' 'no' 'no' 'no']
56, 530, 69
56, 540, 69
56, 550, 66
56, 560, 68
56, 570, 68
57, 580, 66
null
['no' 'yes' 'no' 'no' 'no' 'no' 'no' 'no' 'no' 'no']
58, 580, 66
58, 590, 70
58, 600, 67
58, 610, 67
58, 620, 70
58, 630, 68
null
['no' 'no' 'no' 'no' 'no' 'no' 'no' 'no' 'no' 'no']
58, 630, 68
58, 640, 67
59, 650, 67
60, 660, 66
60, 670, 70
62, 680, 69
null
['no' 'no' 'no' 'no' 'no' 'no' 'no' 'no' 'no' 'no']
62, 680, 69
62, 690, 74
62, 700, 75
62, 710, 73
62, 720, 72
62, 730, 74
null
['no' 'no' 'no' 'no' 'no' 'no' 'no' 'no' 'no' 'no']
62, 730, 74
62, 740, 71
62, 750, 73
62, 760, 71
62, 770, 70
64, 780, 71
null
['no' 'no' 'no' 'no' 'no' 'no' 'no' 'no' 'no' 'no']
64, 780, 71
64, 790, 74
64, 800, 75
64, 810, 73
65, 820, 74
65, 830, 76
null
['no' 'no' 'no' 'no' 'no' 'no' 'no' 'no' 'no' 'no']
65, 830, 76
65, 840, 76
65, 850, 75
66, 860, 75
67, 870, 76
67, 880, 75
null
['no' 'no' 'no' 'no' 'no' 'no' 'no' 'no' 'no' 'no']
67, 880, 75
68, 890, 77
68, 900, 75
68, 910, 77
69, 920, 77
70, 930, 77
null
['no' 'no' 'no' 'no' 'no' 'no' 'no' 'no' 'no' 'no']
70, 930, 77
70, 940, 78
71, 950, 78
72, 960, 78
72, 970, 79
73, 980, 80
null
['no' 'no' 'no' 'no' 'no' 'no' 'no' 'no' 'no' 'no']
73, 980, 80
73, 990, 81
73, 1000, 81
73, 1010, 81
73, 1020, 80
73, 1030, 81
null
['no' 'no' 'no' 'no' 'no' 'no' 'no' 'no' 'no' 'no']
74, 1030, 81
74, 1040, 81
74, 1050, 81
74, 1060, 81
74, 1070, 81
74, 1080, 79
null
['no' 'no' 'no' 'no' 'no' 'no' 'no' 'no' 'no' 'no']
74, 1080, 79
74, 1090, 79
74, 1100, 80
74, 1110, 81
74, 1120, 80
76, 1130, 80
null
['no' 'no' 'no' 'no' 'no' 'no' 'no' 'no' 'no' 'no']
null
['no' 'no' 'no' 'no' 'no' 'no' 'no' 'no' 'no' 'no']
{'count': 1581, 'truepos': 55, 'falseneg': 3, 'unknownyes': 4, 'falsepos': 21, 'unique': 1130}
6: Danijel.csv: none: 0, 0
4, 10
7, 20, 118
9, 30, 119
9, 40, 112
10, 50, 101
12, 60, 91
15, 70, 67
18, 80, 72
20, 90, 85
23, 100, 76
26, 110, 67
29, 120, 68
29, 130, 75
32, 140, 59
33, 150, 56
33, 160, 55
35, 170, 53
37, 180, 58
37, 190, 60
39, 200, 58
41, 210, 55
42, 220, 58
46, 230, 59
49, 240, 70
51, 250, 71
54, 260, 73
55, 270, 75
57, 280, 78
59, 290, 78
59, 300, 80
60, 310, 77
61, 320, 79
62, 330, 77
64, 340, 80
67, 350, 79
67, 360, 86
69, 370, 84
72, 380, 84
73, 390, 88
75, 400, 88
77, 410, 93
78, 420, 93
80, 430, 93
83, 440, 97
84, 450, 99
85, 460, 100
89, 470, 100
90, 480, 102
92, 490, 107
92, 500, 112
92, 510, 104
93, 520, 103
95, 530, 104
95, 540, 104
99, 550, 104
100, 560, 111
101, 570, 111
102, 580, 112
102, 590, 114
102, 600, 116
102, 610, 112
103, 620, 112
104, 630, 114
104, 640, 113
105, 650, 112
105, 660, 115
106, 670, 114
107, 680, 115
108, 690, 113
109, 700, 119
110, 710, 117
110, 720, 120
112, 730, 118
115, 740, 121
115, 750, 127
115, 760, 126
116, 770, 126
117, 780, 123
117, 790, 126
121, 800, 127
121, 810, 130
123, 820, 132
123, 830, 135
123, 840, 133
123, 850, 135
123, 860, 131
125, 870, 133
125, 880, 135
127, 890, 135
129, 900, 139
130, 910, 140
131, 920, 145
131, 930, 148
131, 940, 145
131, 950, 146
132, 960, 145
133, 970, 148
133, 980, 145
134, 990, 146
134, 1000, 143
135, 1010, 143
{'count': 1010, 'truepos': 42, 'falseneg': 3, 'unknownyes': 3, 'falsepos': 93, 'unique': 1010}
6: Danijel.csv: three: 0, 0
4, 10
6, 20, 117
8, 30, 117
10, 40, 101
13, 50, 99
15, 60, 90
17, 70, 82
19, 80, 89
19, 90, 74
20, 100, 63
24, 110, 58
25, 120, 59
27, 130, 55
29, 140, 56
30, 150, 56
32, 160, 56
35, 170, 54
37, 180, 53
37, 190, 55
39, 200, 53
43, 210, 53
45, 220, 61
45, 230, 63
46, 240, 61
48, 250, 63
48, 260, 66
48, 270, 61
49, 280, 60
49, 290, 66
49, 300, 62
52, 310, 64
52, 320, 68
53, 330, 71
53, 340, 67
53, 350, 68
54, 360, 65
55, 370, 66
56, 380, 68
56, 390, 70
56, 400, 70
56, 410, 68
58, 420, 67
60, 430, 71
61, 440, 74
63, 450, 71
63, 460, 76
64, 470, 73
65, 480, 75
66, 490, 75
66, 500, 76
66, 510, 79
67, 520, 74
67, 530, 77
68, 540, 75
68, 550, 79
68, 560, 76
69, 570, 76
70, 580, 78
70, 590, 78
70, 600, 77
70, 610, 78
71, 620, 78
71, 630, 79
72, 640, 80
72, 650, 79
72, 660, 80
72, 670, 78
72, 680, 79
72, 690, 79
73, 700, 77
73, 710, 82
73, 720, 89
73, 730, 86
73, 740, 82
73, 750, 80
73, 760, 80
73, 770, 79
73, 780, 79
73, 790, 78
74, 800, 79
74, 810, 78
74, 820, 79
74, 830, 80
74, 840, 78
74, 850, 81
74, 860, 79
{'count': 1889, 'truepos': 43, 'falseneg': 1, 'unknownyes': 4, 'falsepos': 31, 'unique': 860}
6: Danijel.csv: machine: 0, 0
5, 10
6, 20, 120
9, 30, 117
10, 40, 123
12, 50, 108
13, 60, 104
['yes' 'yes' 'yes' 'no' 'yes' 'yes' 'yes' 'no' 'yes' 'yes']
[]
10, 60, 104
16, 70, 80
18, 80, 86
19, 90, 84
25, 100, 78
26, 110, 86
['no' 'no' 'no' 'no' 'no' 'yes' 'yes' 'yes' 'yes' 'yes']
[]
20, 110, 86
22, 120, 64
25, 130, 62
29, 140, 73
31, 150, 80
33, 160, 60
['no' 'no' 'no' 'yes' 'yes' 'yes' 'no' 'yes' 'no' 'yes']
['no' 'no' 'no' 'yes' 'no' 'no' 'no' 'no' 'no' 'no']
30, 160, 60
30, 170, 52
32, 180, 47
33, 190, 49
34, 200, 49
35, 210, 49
['no' 'no' 'no' 'yes' 'yes' 'yes' 'yes' 'no' 'yes' 'no']
['no' 'no' 'no' 'no' 'no' 'no' 'no' 'no' 'no' 'no']
31, 210, 49
33, 220, 42
35, 230, 45
36, 240, 48
36, 250, 49
37, 260, 48
['no' 'no' 'yes' 'no' 'no' 'no' 'no' 'yes' 'yes' 'yes']
['no' 'no' 'no' 'no' 'no' 'no' 'no' 'no' 'no' 'no']
31, 260, 48
33, 270, 40
36, 280, 41
39, 290, 47
40, 300, 50
43, 310, 50
['yes' 'yes' 'yes' 'no' 'no' 'no' 'no' 'yes' 'no' 'no']
['yes' 'no' 'no' 'no' 'no' 'yes' 'no' 'no' 'no' 'no']
39, 310, 50
40, 320, 48
41, 330, 49
43, 340, 50
43, 350, 53
43, 360, 51
['no' 'yes' 'no' 'no' 'no' 'yes' 'yes' 'yes' 'no' 'no']
['no' 'no' 'no' 'no' 'no' 'no' 'no' 'no' 'no' 'no']
37, 360, 51
38, 370, 44
41, 380, 45
45, 390, 49
47, 400, 56
47, 410, 68
['no' 'yes' 'yes' 'yes' 'yes' 'no' 'no' 'no' 'no' 'no']
['no' 'no' 'no' 'no' 'no' 'no' 'no' 'no' 'no' 'no']
44, 410, 68
48, 420, 53
48, 430, 61
49, 440, 63
50, 450, 63
51, 460, 62
['no' 'no' 'yes' 'no' 'no' 'no' 'no' 'no' 'no' 'yes']
['no' 'no' 'yes' 'no' 'no' 'no' 'no' 'no' 'no' 'no']
44, 460, 62
45, 470, 53
45, 480, 53
47, 490, 52
49, 500, 54
49, 510, 55
['no' 'no' 'no' 'no' 'no' 'yes' 'yes']
['yes' 'no' 'no' 'no' 'no' 'no' 'no' 'no' 'no' 'no']
47, 510, 55
48, 520, 53
49, 530, 55
50, 540, 57
51, 550, 60
51, 560, 59
['no' 'no' 'yes' 'no' 'no' 'no']
['no' 'no' 'no' 'no' 'no' 'no' 'no' 'no' 'no' 'no']
48, 560, 59
49, 570, 54
49, 580, 56
49, 590, 55
51, 600, 56
54, 610, 62
['no' 'no' 'no' 'no' 'no' 'no' 'no']
['no' 'no' 'no' 'no' 'no' 'no' 'no' 'no' 'no' 'no']
52, 610, 62
52, 620, 59
53, 630, 59
53, 640, 61
55, 650, 60
56, 660, 63
['no' 'no' 'no' 'no' 'no' 'no' 'no']
['no' 'no' 'no' 'no' 'no' 'no' 'no' 'no' 'no' 'no']
51, 660, 63
52, 670, 56
54, 680, 56
54, 690, 60
55, 700, 60
57, 710, 62
['no' 'no' 'no' 'no' 'no' 'no' 'no']
['no' 'no' 'no' 'no' 'no' 'no' 'no' 'no' 'no' 'no']
52, 710, 62
54, 720, 57
55, 730, 61
56, 740, 61
57, 750, 61
59, 760, 64
['no' 'no' 'no' 'no' 'no' 'no' 'no' 'no' 'no']
['no' 'no' 'no' 'no' 'no' 'no' 'no' 'no' 'no' 'no']
51, 760, 64
51, 770, 56
52, 780, 56
54, 790, 57
55, 800, 58
56, 810, 61
['no' 'no' 'no' 'no' 'no']
['no' 'no' 'no' 'no' 'no' 'no' 'no' 'no' 'no' 'no']
51, 810, 61
52, 820, 55
53, 830, 58
54, 840, 59
54, 850, 62
54, 860, 60
['no' 'no' 'no']
['no' 'no' 'no' 'no' 'no' 'no' 'no' 'no' 'no' 'no']
52, 860, 60
52, 870, 56
54, 880, 56
55, 890, 59
56, 900, 60
58, 910, 63
['no' 'no' 'no' 'no' 'no' 'no' 'no']
['no' 'no' 'no' 'no' 'no' 'no' 'no' 'no' 'no' 'no']
56, 910, 63
56, 920, 61
56, 930, 60
58, 940, 60
59, 950, 62
59, 960, 65
['no' 'no' 'no' 'no' 'no' 'no']
['no' 'no' 'no' 'no' 'no' 'no' 'no' 'no' 'no' 'no']
53, 960, 65
53, 970, 57
54, 980, 56
54, 990, 57
55, 1000, 58
57, 1010, 58
['no' 'no' 'no' 'no']
['no' 'no' 'no' 'no' 'no' 'no' 'no' 'no' 'no' 'no']
['no' 'no' 'no' 'no']
['no' 'no' 'no' 'no' 'no' 'no' 'no' 'no' 'no' 'no']
{'count': 1348, 'truepos': 42, 'falseneg': 3, 'unknownyes': 3, 'falsepos': 12, 'unique': 1010}
6: Danijel.csv: machine2: 0, 0
3, 10
5, 20, 98
6, 30, 102
7, 40, 89
11, 50, 66
15, 60, 81
['yes' 'no' 'yes' 'yes' 'yes' 'no' 'yes' 'no' 'no' 'yes']
[]
12, 60, 81
16, 70, 77
18, 80, 90
23, 90, 76
25, 100, 85
27, 110, 80
['no' 'no' 'no' 'no' 'yes' 'yes' 'yes' 'yes' 'no' 'yes']
['no']
24, 110, 80
27, 120, 70
31, 130, 70
36, 140, 69
38, 150, 71
41, 160, 71
['yes' 'yes' 'no' 'yes' 'no' 'yes' 'no' 'no' 'no' 'no']
['no' 'no' 'no' 'no' 'no' 'no' 'no' 'yes' 'no' 'no']
36, 160, 71
39, 170, 56
41, 180, 62
41, 190, 66
42, 200, 58
44, 210, 60
['yes' 'no' 'yes' 'yes' 'yes' 'yes' 'yes' 'yes' 'no' 'no']
['no' 'no' 'no' 'no' 'no' 'no' 'no' 'no' 'no' 'no']
43, 210, 60
44, 220, 59
44, 230, 59
48, 240, 62
49, 250, 67
50, 260, 71
['no' 'no' 'no' 'yes' 'yes' 'no' 'yes' 'no' 'no' 'no']
['no' 'no' 'no' 'no' 'no' 'no' 'no' 'no' 'no' 'no']
46, 260, 71
47, 270, 59
49, 280, 61
50, 290, 62
51, 300, 68
55, 310, 62
['no' 'no' 'yes' 'no' 'yes' 'no' 'no' 'no' 'no' 'no']
['no' 'no' 'no' 'no' 'no' 'no' 'no' 'no' 'no' 'no']
47, 310, 62
48, 320, 57
51, 330, 58
53, 340, 59
53, 350, 64
53, 360, 62
['no' 'no' 'no' 'yes' 'no' 'yes' 'yes' 'yes' 'no' 'yes']
['no' 'no' 'no' 'no' 'no' 'no' 'no' 'no' 'no' 'no']
50, 360, 62
50, 370, 61
52, 380, 58
54, 390, 64
55, 400, 64
56, 410, 66
['no' 'no' 'no' 'no' 'no' 'no' 'yes' 'no' 'yes' 'no']
['no' 'no' 'no' 'no' 'no' 'no' 'no' 'no' 'no' 'no']
50, 410, 66
50, 420, 60
52, 430, 59
53, 440, 61
55, 450, 60
55, 460, 62
['no' 'no' 'no' 'yes' 'no' 'yes' 'yes' 'yes' 'no' 'no']
['yes' 'no' 'no' 'no' 'no' 'no' 'no' 'no' 'no' 'no']
53, 460, 62
54, 470, 67
55, 480, 61
59, 490, 64
59, 500, 68
62, 510, 68
['no' 'no' 'no' 'no' 'no' 'yes' 'no' 'no' 'no' 'no']
['no' 'no' 'no' 'no' 'no' 'no' 'no' 'no' 'no' 'no']
56, 510, 68
56, 520, 65
57, 530, 63
57, 540, 65
58, 550, 70
58, 560, 64
['no' 'no' 'no' 'no' 'yes' 'yes']
['no' 'no' 'no' 'no' 'no' 'no' 'no' 'no' 'no' 'no']
58, 560, 64
58, 570, 67
59, 580, 64
61, 590, 68
63, 600, 69
63, 610, 72
['no' 'no' 'no' 'no' 'no' 'no' 'no' 'no']
['no' 'no' 'no' 'no' 'no' 'no' 'no' 'no' 'no' 'no']
58, 610, 72
58, 620, 65
59, 630, 66
61, 640, 72
64, 650, 72
66, 660, 80
['no' 'no' 'no' 'no' 'no' 'no' 'no' 'no' 'no' 'no']
['no' 'no' 'no' 'no' 'no' 'no' 'no' 'no' 'no' 'no']
58, 660, 80
59, 670, 65
62, 680, 65
62, 690, 71
62, 700, 69
62, 710, 69
['no' 'no' 'no' 'no' 'no']
['no' 'no' 'no' 'no' 'no' 'no' 'no' 'no' 'no' 'no']
60, 710, 69
61, 720, 69
63, 730, 68
64, 740, 71
64, 750, 71
65, 760, 71
['no' 'no' 'yes' 'no' 'no' 'no']
['no' 'no' 'no' 'no' 'no' 'no' 'no' 'no' 'no' 'no']
61, 760, 71
61, 770, 67
61, 780, 67
63, 790, 65
64, 800, 68
65, 810, 68
['no' 'no' 'no' 'no' 'no']
['no' 'no' 'no' 'no' 'no' 'no' 'no' 'no' 'no' 'no']
['no' 'no' 'no' 'no' 'no']
['no' 'no' 'no' 'no' 'no' 'no' 'no' 'no' 'no' 'no']
{'count': 1173, 'truepos': 42, 'falseneg': 3, 'unknownyes': 3, 'falsepos': 19, 'unique': 810}
6: Danijel.csv: machine3: 0, 0
4, 10
5, 20, 121
7, 30, 102
8, 40, 96
11, 50, 67
12, 60, 65
null
[]
12, 70, 58
13, 80, 51
14, 90, 52
19, 100, 46
20, 110, 56
21, 120, 47
null
[]
23, 130, 46
25, 140, 44
25, 150, 45
26, 160, 42
27, 170, 42
28, 180, 43
null
[]
32, 190, 42
32, 200, 53
33, 210, 46
36, 220, 46
36, 230, 50
37, 240, 51
null
['no' 'yes' 'no' 'no' 'no' 'no' 'no' 'no' 'no' 'no']
37, 240, 51
38, 250, 51
38, 260, 52
40, 270, 49
41, 280, 55
42, 290, 49
null
['no' 'no' 'no' 'no' 'no' 'no' 'no' 'no' 'no' 'no']
42, 290, 49
42, 300, 52
43, 310, 52
44, 320, 54
45, 330, 58
48, 340, 56
null
['no' 'no' 'no' 'no' 'no' 'no' 'no' 'no' 'no' 'no']
48, 340, 56
48, 350, 65
48, 360, 61
49, 370, 69
49, 380, 70
50, 390, 65
null
['no' 'no' 'no' 'no' 'no' 'no' 'no' 'no' 'no' 'no']
50, 390, 65
50, 400, 62
50, 410, 68
51, 420, 65
51, 430, 63
51, 440, 62
null
['no' 'no' 'no' 'no' 'no' 'no' 'no' 'no' 'no' 'no']
51, 440, 62
52, 450, 62
52, 460, 63
53, 470, 60
53, 480, 66
53, 490, 63
null
['no' 'no' 'no' 'no' 'no' 'no' 'no' 'no' 'no' 'no']
53, 490, 63
53, 500, 64
53, 510, 65
53, 520, 64
53, 530, 61
53, 540, 63
null
['no' 'no' 'no' 'no' 'no' 'no' 'no' 'no' 'no' 'no']
53, 540, 63
53, 550, 61
53, 560, 59
53, 570, 61
53, 580, 61
53, 590, 60
null
['no' 'no' 'no' 'no' 'no' 'no' 'no' 'no' 'no' 'no']
53, 590, 60
53, 600, 59
54, 610, 60
54, 620, 64
55, 630, 60
55, 640, 62
null
['no' 'no' 'no' 'no' 'no' 'no' 'no' 'no' 'no' 'no']
55, 640, 62
55, 650, 59
55, 660, 60
56, 670, 62
56, 680, 62
56, 690, 62
null
['no' 'no' 'no' 'no' 'no' 'no' 'no' 'no' 'no' 'no']
56, 690, 62
57, 700, 61
57, 710, 62
57, 720, 62
59, 730, 64
60, 740, 65
null
['no' 'no' 'no' 'no' 'no' 'no' 'no' 'no' 'no' 'no']
61, 740, 65
62, 750, 67
62, 760, 68
62, 770, 68
62, 780, 69
62, 790, 68
null
['no' 'no' 'no' 'no' 'no' 'no' 'no' 'no' 'no' 'no']
62, 790, 68
62, 800, 67
63, 810, 67
63, 820, 68
63, 830, 70
63, 840, 67
null
['no' 'no' 'no' 'no' 'no' 'no' 'no' 'no' 'no' 'no']
63, 840, 67
63, 850, 67
63, 860, 69
63, 870, 68
63, 880, 68
64, 890, 67
null
['no' 'no' 'no' 'no' 'no' 'no' 'no' 'no' 'no' 'no']
null
['no' 'no' 'no' 'no' 'no' 'no' 'no' 'no' 'no' 'no']
{'count': 1210, 'truepos': 42, 'falseneg': 2, 'unknownyes': 4, 'falsepos': 22, 'unique': 890}
6: K_all3.csv: none: 0, 0
3, 10
5, 20, 78
7, 30, 72
9, 40, 70
11, 50, 66
12, 60, 63
13, 70, 60
15, 80, 57
17, 90, 56
20, 100, 56
23, 110, 58
24, 120, 58
27, 130, 53
30, 140, 54
33, 150, 43
35, 160, 43
38, 170, 47
39, 180, 49
41, 190, 45
43, 200, 47
44, 210, 51
45, 220, 54
46, 230, 51
49, 240, 52
49, 250, 56
49, 260, 55
51, 270, 55
52, 280, 57
52, 290, 57
53, 300, 56
53, 310, 58
53, 320, 58
53, 330, 57
53, 340, 57
57, 350, 57
58, 360, 62
58, 370, 63
{'count': 370, 'truepos': 26, 'falseneg': 5, 'unknownyes': 14, 'falsepos': 32, 'unique': 370}
6: K_all3.csv: three: 0, 0
1, 10
2, 20, 93
3, 30, 62
5, 40, 59
7, 50, 61
10, 60, 55
11, 70, 57
11, 80, 56
11, 90, 49
12, 100, 44
14, 110, 44
16, 120, 46
18, 130, 46
22, 140, 48
24, 150, 51
25, 160, 50
26, 170, 51
27, 180, 51
27, 190, 52
27, 200, 49
28, 210, 48
29, 220, 49
30, 230, 50
31, 240, 44
31, 250, 41
33, 260, 43
34, 270, 42
34, 280, 42
36, 290, 43
37, 300, 44
37, 310, 47
37, 320, 43
37, 330, 44
38, 340, 45
38, 350, 43
40, 360, 43
40, 370, 45
40, 380, 43
40, 390, 44
40, 400, 43
40, 410, 44
40, 420, 44
40, 430, 44
40, 440, 43
40, 450, 43
{'count': 972, 'truepos': 31, 'falseneg': 0, 'unknownyes': 14, 'falsepos': 9, 'unique': 450}
6: K_all3.csv: machine: 0, 0
4, 10
6, 20, 82
7, 30, 73
8, 40, 72
13, 50, 68
15, 60, 76
['yes' 'no' 'yes' 'yes' 'no' 'yes' 'no' 'yes' 'yes' 'no']
[]
11, 60, 76
12, 70, 56
13, 80, 56
15, 90, 53
18, 100, 52
20, 110, 54
['yes' 'yes' 'yes' 'yes' 'yes' 'no' 'yes' 'no' 'no' 'yes']
[]
17, 110, 54
20, 120, 51
22, 130, 54
25, 140, 52
27, 150, 57
28, 160, 58
['yes' 'yes' 'yes' 'yes' 'no' 'no' 'yes' 'yes' 'no' 'no']
['no' 'no']
23, 160, 58
24, 170, 49
26, 180, 48
27, 190, 48
27, 200, 49
28, 210, 47
['no' 'no' 'yes' 'yes' 'no' 'yes' 'no' 'no' 'yes' 'yes']
[]
23, 210, 47
26, 220, 46
26, 230, 49
30, 240, 47
31, 250, 40
32, 260, 40
['no' 'no' 'no' 'no' 'yes' 'no' 'no' 'no' 'yes']
['no' 'no' 'no' 'no' 'yes' 'no' 'no' 'no' 'no' 'no']
28, 260, 40
29, 270, 46
30, 280, 46
31, 290, 39
32, 300, 40
33, 310, 42
['yes' 'no' 'no' 'no' 'yes' 'yes' 'no']
['no' 'no' 'no' 'no' 'no' 'no' 'no' 'no' 'no' 'no']
29, 310, 42
30, 320, 46
31, 330, 39
32, 340, 40
33, 350, 37
34, 360, 41
['no' 'no' 'no' 'no' 'no']
['no' 'no' 'no' 'no' 'no' 'no' 'no' 'no' 'no' 'no']
30, 360, 41
31, 370, 34
32, 380, 35
34, 390, 37
36, 400, 39
37, 410, 44
['no' 'no' 'no' 'no' 'yes' 'no' 'no']
['no' 'no' 'no' 'no' 'no' 'no' 'no' 'no' 'no' 'no']
32, 410, 44
32, 420, 35
35, 430, 35
36, 440, 40
40, 450, 40
42, 460, 43
['yes' 'no' 'no' 'yes' 'no' 'no' 'no' 'no' 'yes' 'no']
['no' 'no' 'no' 'no' 'no' 'no' 'no' 'no' 'no' 'no']
['no' 'yes' 'yes' 'no' 'no' 'yes' 'no' 'no' 'no' 'no']
['no' 'no' 'no' 'no' 'no' 'no' 'no' 'no' 'no' 'no']
{'count': 590, 'truepos': 30, 'falseneg': 4, 'unknownyes': 11, 'falsepos': 6, 'unique': 460}
6: K_all3.csv: machine2: 0, 0
3, 10
5, 20, 77
6, 30, 74
7, 40, 71
9, 50, 65
9, 60, 66
['yes' 'no' 'no' 'yes' 'no' 'no' 'no' 'yes' 'no']
[]
3, 60, 66
5, 70, 60
10, 80, 58
12, 90, 62
14, 100, 58
14, 110, 59
['yes' 'no' 'yes' 'yes' 'no' 'no' 'no' 'yes' 'yes' 'yes']
['no']
10, 110, 59
13, 120, 51
13, 130, 54
17, 140, 48
22, 150, 54
24, 160, 61
['no' 'yes' 'yes' 'yes' 'no' 'no' 'yes' 'no' 'yes' 'yes']
['yes']
22, 160, 61
22, 170, 55
24, 180, 52
25, 190, 53
27, 200, 52
27, 210, 51
['yes' 'yes' 'no' 'no' 'yes' 'yes' 'yes' 'no' 'no' 'yes']
[]
24, 210, 51
26, 220, 46
27, 230, 48
30, 240, 48
32, 250, 43
34, 260, 45
['no' 'no' 'no' 'yes' 'no' 'yes' 'yes' 'no' 'no' 'yes']
['no' 'no' 'no' 'no' 'no' 'no' 'no' 'no' 'no' 'no']
29, 260, 45
30, 270, 48
34, 280, 40
36, 290, 47
39, 300, 50
40, 310, 51
['yes' 'no' 'no' 'no' 'yes' 'no' 'no' 'no' 'no' 'no']
['no' 'no' 'no' 'no' 'no' 'no' 'no' 'no' 'no' 'no']
33, 310, 51
34, 320, 42
34, 330, 43
37, 340, 41
37, 350, 44
37, 360, 46
['no' 'no' 'no' 'yes' 'no' 'no' 'no']
['no' 'no' 'no' 'no' 'no' 'no' 'no' 'no' 'no' 'no']
33, 360, 46
34, 370, 39
35, 380, 41
35, 390, 43
37, 400, 40
39, 410, 42
['no' 'no' 'no' 'no' 'no' 'no' 'no']
['no' 'no' 'no' 'no' 'no' 'no' 'no' 'no' 'no' 'no']
36, 410, 42
39, 420, 41
41, 430, 44
43, 440, 48
43, 450, 50
45, 460, 47
['no' 'yes' 'yes' 'no' 'no' 'yes' 'no' 'no' 'no' 'no']
['no' 'no' 'no' 'no' 'no' 'no' 'no' 'no' 'no' 'no']
['yes' 'no' 'no' 'no' 'no' 'yes' 'no' 'yes' 'no' 'no']
['no' 'no' 'no' 'no' 'no' 'no' 'no' 'no' 'no' 'no']
{'count': 641, 'truepos': 31, 'falseneg': 2, 'unknownyes': 12, 'falsepos': 8, 'unique': 460}
6: K_all3.csv: machine3: 0, 0
1, 10
2, 20, 93
2, 30, 63
3, 40, 54
4, 50, 43
8, 60, 41
null
[]
11, 70, 47
12, 80, 49
16, 90, 45
17, 100, 52
19, 110, 48
22, 120, 48
null
['no' 'no' 'no']
22, 120, 48
22, 130, 51
22, 140, 47
24, 150, 45
24, 160, 47
25, 170, 46
null
[]
26, 180, 46
26, 190, 47
26, 200, 46
28, 210, 45
29, 220, 44
30, 230, 45
null
['no' 'no' 'no' 'no' 'no' 'no' 'no' 'no' 'no' 'no']
30, 230, 45
31, 240, 40
31, 250, 40
31, 260, 39
31, 270, 38
31, 280, 37
null
['no' 'no' 'no' 'no' 'no' 'no' 'no' 'no' 'no' 'no']
32, 280, 37
32, 290, 39
34, 300, 37
34, 310, 42
34, 320, 39
35, 330, 39
null
['no' 'no' 'no' 'no' 'no' 'no' 'no' 'no' 'no' 'no']
35, 330, 39
36, 340, 40
37, 350, 40
37, 360, 41
38, 370, 41
38, 380, 43
null
['no' 'no' 'no' 'no' 'no' 'no' 'no' 'no' 'no' 'no']
38, 380, 43
38, 390, 44
39, 400, 42
39, 410, 43
39, 420, 42
39, 430, 43
null
['no' 'no' 'no' 'no' 'no' 'no' 'no' 'no' 'no' 'no']
39, 430, 43
39, 440, 42
null
['no' 'no' 'no' 'no' 'no' 'no' 'no' 'no' 'no' 'no']
{'count': 615, 'truepos': 31, 'falseneg': 1, 'unknownyes': 13, 'falsepos': 8, 'unique': 440}

------------------------------------------------------------
Sender: LSF System <lsfadmin@n2a1-11>
Subject: Job 269514: </share/tjmenzie/zyu9/miniconda2/bin/python2.7 runner.py error_hpcc 6> Done

Job </share/tjmenzie/zyu9/miniconda2/bin/python2.7 runner.py error_hpcc 6> was submitted from host <login01.hpc.ncsu.edu> by user <zyu9> in cluster <henry2>.
Job was executed on host(s) <1*n2a1-11>, in queue <single_chassis>, as user <zyu9> in cluster <henry2>.
                            <1*n2a1-5>
</home/zyu9> was used as the home directory.
</home/zyu9/projects/MAR_HPC/Error/src> was used as the working directory.
Started at Thu Oct 19 15:36:40 2017
Results reported at Thu Oct 19 23:10:15 2017

Your job looked like:

------------------------------------------------------------
# LSBATCH: User input
/share/tjmenzie/zyu9/miniconda2/bin/python2.7 runner.py error_hpcc 6
------------------------------------------------------------

Successfully completed.

Resource usage summary:

    CPU time   :  29120.14 sec.
    Max Memory :       192 MB
    Max Swap   :      1210 MB

    Max Processes  :         3
    Max Threads    :         8

The output (if any) is above this job summary.



PS:

Read file <./err/6.err.269514> for stderr output of this job.

