60: Hall.csv: none: 0, 0
7, 10
8, 20, 119
9, 30, 108
12, 40, 106
15, 50, 116
18, 60, 122
22, 70, 122
25, 80, 119
29, 90, 122
30, 100, 122
35, 110, 99
42, 120, 107
47, 130, 114
49, 140, 113
51, 150, 113
57, 160, 95
64, 170, 98
69, 180, 104
72, 190, 108
76, 200, 108
79, 210, 108
82, 220, 107
88, 230, 106
91, 240, 120
92, 250, 119
92, 260, 126
93, 270, 118
94, 280, 119
96, 290, 120
98, 300, 119
99, 310, 130
101, 320, 122
102, 330, 127
104, 340, 130
105, 350, 132
105, 360, 135
106, 370, 136
108, 380, 133
110, 390, 135
112, 400, 148
114, 410, 147
115, 420, 151
116, 430, 151
118, 440, 148
118, 450, 150
119, 460, 146
120, 470, 143
121, 480, 149
122, 490, 142
122, 500, 147
122, 510, 152
123, 520, 144
124, 530, 148
126, 540, 144
126, 550, 154
127, 560, 150
127, 570, 148
127, 580, 148
127, 590, 148
128, 600, 157
129, 610, 149
130, 620, 152
131, 630, 154
131, 640, 157
132, 650, 151
133, 660, 156
134, 670, 153
134, 680, 158
134, 690, 154
134, 700, 158
135, 710, 152
136, 720, 154
137, 730, 154
138, 740, 157
138, 750, 158
138, 760, 154
140, 770, 156
140, 780, 163
141, 790, 162
142, 800, 161
143, 810, 161
143, 820, 163
145, 830, 165
147, 840, 169
147, 850, 172
148, 860, 166
148, 870, 174
149, 880, 171
149, 890, 168
151, 900, 170
151, 910, 172
152, 920, 171
152, 930, 169
153, 940, 170
154, 950, 171
155, 960, 173
157, 970, 172
160, 980, 175
160, 990, 178
162, 1000, 177
163, 1010, 184
163, 1020, 183
163, 1030, 182
164, 1040, 181
164, 1050, 183
165, 1060, 179
167, 1070, 185
167, 1080, 188
169, 1090, 186
171, 1100, 190
173, 1110, 191
174, 1120, 194
175, 1130, 195
175, 1140, 195
175, 1150, 197
176, 1160, 196
177, 1170, 197
177, 1180, 198
180, 1190, 197
182, 1200, 201
182, 1210, 202
182, 1220, 203
182, 1230, 198
184, 1240, 202
185, 1250, 201
186, 1260, 204
187, 1270, 205
188, 1280, 209
189, 1290, 208
190, 1300, 210
190, 1310, 210
190, 1320, 210
191, 1330, 209
193, 1340, 213
195, 1350, 216
196, 1360, 214
197, 1370, 217
197, 1380, 217
197, 1390, 217
198, 1400, 216
199, 1410, 217
200, 1420, 218
200, 1430, 220
201, 1440, 218
201, 1450, 220
202, 1460, 223
205, 1470, 221
206, 1480, 227
206, 1490, 227
206, 1500, 225
206, 1510, 226
208, 1520, 228
209, 1530, 230
210, 1540, 229
212, 1550, 228
214, 1560, 231
215, 1570, 233
217, 1580, 234
217, 1590, 237
217, 1600, 234
217, 1610, 237
217, 1620, 237
218, 1630, 234
221, 1640, 236
222, 1650, 242
224, 1660, 241
226, 1670, 244
228, 1680, 246
228, 1690, 251
230, 1700, 247
231, 1710, 253
231, 1720, 252
233, 1730, 251
233, 1740, 252
233, 1750, 251
234, 1760, 254
235, 1770, 257
235, 1780, 252
236, 1790, 258
236, 1800, 254
236, 1810, 255
237, 1820, 255
237, 1830, 257
237, 1840, 254
239, 1850, 255
240, 1860, 255
241, 1870, 260
243, 1880, 263
245, 1890, 263
245, 1900, 262
247, 1910, 261
248, 1920, 265
248, 1930, 266
250, 1940, 263
250, 1950, 266
251, 1960, 267
251, 1970, 268
252, 1980, 266
254, 1990, 269
255, 2000, 271
257, 2010, 270
257, 2020, 273
257, 2030, 272
258, 2040, 274
258, 2050, 274
259, 2060, 275
259, 2070, 275
259, 2080, 274
261, 2090, 274
262, 2100, 280
263, 2110, 278
266, 2120, 280
267, 2130, 284
268, 2140, 282
{'count': 2140, 'truepos': 93, 'falseneg': 10, 'unknownyes': 3, 'falsepos': 175, 'unique': 2140}
60: Hall.csv: three: 0, 0
8, 10
10, 20, 123
12, 30, 123
17, 40, 123
18, 50, 141
20, 60, 144
24, 70, 136
26, 80, 180
29, 90, 132
34, 100, 135
41, 110, 116
47, 120, 118
51, 130, 120
57, 140, 126
62, 150, 129
67, 160, 131
71, 170, 128
73, 180, 120
76, 190, 120
77, 200, 130
81, 210, 119
84, 220, 113
85, 230, 125
88, 240, 113
93, 250, 110
94, 260, 118
97, 270, 116
97, 280, 120
98, 290, 117
101, 300, 118
101, 310, 121
103, 320, 117
103, 330, 121
104, 340, 122
104, 350, 125
105, 360, 121
108, 370, 119
108, 380, 128
109, 390, 128
110, 400, 127
110, 410, 126
110, 420, 125
110, 430, 129
110, 440, 133
110, 450, 124
110, 460, 121
110, 470, 123
110, 480, 120
110, 490, 121
110, 500, 119
110, 510, 119
111, 520, 120
111, 530, 120
111, 540, 120
111, 550, 118
111, 560, 119
112, 570, 117
112, 580, 122
113, 590, 120
114, 600, 121
115, 610, 125
115, 620, 125
116, 630, 126
116, 640, 129
117, 650, 127
117, 660, 125
117, 670, 128
118, 680, 126
119, 690, 127
119, 700, 133
119, 710, 129
119, 720, 129
119, 730, 129
120, 740, 129
120, 750, 132
121, 760, 132
121, 770, 131
121, 780, 131
121, 790, 131
121, 800, 130
122, 810, 130
122, 820, 131
122, 830, 131
122, 840, 130
122, 850, 130
122, 860, 130
122, 870, 131
122, 880, 130
122, 890, 131
122, 900, 129
122, 910, 130
122, 920, 129
123, 930, 129
123, 940, 131
123, 950, 131
124, 960, 130
124, 970, 131
124, 980, 132
124, 990, 132
124, 1000, 131
124, 1010, 132
124, 1020, 132
124, 1030, 132
124, 1040, 131
124, 1050, 132
124, 1060, 131
124, 1070, 131
124, 1080, 132
124, 1090, 131
124, 1100, 132
{'count': 2401, 'truepos': 101, 'falseneg': 2, 'unknownyes': 3, 'falsepos': 23, 'unique': 1100}
60: Hall.csv: machine: 0, 0
8, 10
12, 20, 122
16, 30, 131
17, 40, 148
19, 50, 144
20, 60, 142
['yes' 'yes' 'yes' 'no' 'yes' 'yes' 'yes' 'yes' 'yes' 'yes']
['yes']
20, 60, 142
22, 70, 137
27, 80, 136
28, 90, 147
32, 100, 127
38, 110, 109
['no' 'no' 'no' 'yes' 'no' 'no' 'yes' 'yes' 'no' 'yes']
['no' 'no' 'no' 'no' 'no' 'no' 'no' 'no' 'no' 'no']
33, 110, 109
40, 120, 97
43, 130, 98
47, 140, 90
49, 150, 92
51, 160, 92
['yes' 'yes' 'yes' 'yes' 'yes' 'no' 'yes' 'yes' 'yes' 'yes']
['yes' 'yes' 'yes' 'no' 'yes' 'no' 'no' 'no' 'no' 'no']
52, 160, 92
57, 170, 88
62, 180, 92
67, 190, 85
71, 200, 87
76, 210, 90
['yes' 'yes' 'yes' 'yes' 'no' 'yes' 'yes' 'no' 'yes' 'yes']
['no' 'no' 'no' 'no' 'no' 'no' 'no' 'no' 'yes' 'no']
74, 210, 90
76, 220, 96
80, 230, 98
82, 240, 100
84, 250, 105
87, 260, 107
['yes' 'yes' 'yes' 'yes' 'yes' 'no' 'no' 'yes' 'no' 'no']
['no' 'no' 'no' 'yes' 'no' 'no' 'no' 'no' 'no' 'no']
84, 260, 107
85, 270, 98
91, 280, 98
93, 290, 103
94, 300, 106
96, 310, 105
['yes' 'no' 'yes' 'yes' 'no' 'no' 'yes' 'yes' 'yes' 'yes']
['no' 'no' 'no' 'no' 'no' 'no' 'no' 'yes' 'no' 'no']
94, 310, 105
96, 320, 101
97, 330, 103
97, 340, 104
100, 350, 104
102, 360, 108
['no' 'no' 'no' 'no' 'no' 'no' 'yes' 'yes' 'no' 'yes']
['no' 'no' 'yes' 'no' 'no' 'no' 'no' 'no' 'no' 'no']
97, 360, 108
102, 370, 104
106, 380, 114
107, 390, 120
107, 400, 122
107, 410, 119
['yes' 'no' 'no' 'yes' 'no' 'no' 'yes' 'yes' 'yes' 'yes']
['no' 'no' 'no' 'no' 'no' 'no' 'no' 'no' 'no' 'no']
102, 410, 119
102, 420, 112
104, 430, 112
105, 440, 112
107, 450, 118
109, 460, 117
['no' 'no' 'no' 'no' 'no' 'yes' 'no' 'yes' 'no' 'yes']
['no' 'no' 'no' 'no' 'no' 'no' 'no' 'no' 'yes' 'no']
105, 460, 117
106, 470, 112
106, 480, 112
['no' 'yes' 'yes' 'yes' 'no' 'yes' 'no' 'yes' 'yes' 'yes']
['no' 'no' 'no' 'no' 'no' 'yes' 'yes' 'no' 'yes' 'no']
{'count': 671, 'truepos': 95, 'falseneg': 7, 'unknownyes': 4, 'falsepos': 11, 'unique': 480}
60: Hall.csv: machine2: 0, 0
9, 10
13, 20, 135
16, 30, 152
18, 40, 152
22, 50, 158
25, 60, 161
['yes' 'yes' 'yes' 'yes' 'yes' 'yes' 'yes' 'yes' 'yes' 'yes']
['no']
25, 60, 161
31, 70, 165
37, 80, 123
43, 90, 121
48, 100, 128
56, 110, 131
['yes' 'no' 'yes' 'no' 'yes' 'yes' 'yes' 'yes' 'no' 'yes']
['yes' 'no' 'no' 'no' 'no' 'no' 'no' 'no' 'no' 'no']
55, 110, 131
59, 120, 125
62, 130, 126
67, 140, 121
73, 150, 109
78, 160, 117
['no' 'yes' 'yes' 'yes' 'no' 'yes' 'yes' 'yes' 'no' 'yes']
['no' 'no' 'no' 'no' 'no' 'no' 'no' 'no' 'no' 'no']
77, 160, 117
81, 170, 114
87, 180, 113
90, 190, 128
93, 200, 126
96, 210, 131
['yes' 'yes' 'yes' 'no' 'yes' 'no' 'yes' 'yes' 'yes' 'yes']
['yes' 'no' 'no' 'no' 'yes' 'no' 'no' 'no' 'no' 'no']
97, 210, 131
99, 220, 121
102, 230, 120
103, 240, 124
106, 250, 121
108, 260, 118
['no' 'no' 'no' 'yes' 'yes' 'yes' 'yes' 'yes' 'yes' 'yes']
['no' 'no' 'no' 'no' 'no' 'no' 'no' 'no' 'no' 'no']
106, 260, 118
106, 270, 126
107, 280, 119
109, 290, 119
111, 300, 123
111, 310, 125
['no' 'no' 'no' 'no' 'yes' 'yes' 'yes' 'no' 'yes' 'yes']
['no' 'no' 'no' 'no' 'no' 'no' 'no' 'no' 'no' 'no']
107, 310, 125
107, 320, 116
107, 330, 118
108, 340, 115
110, 350, 116
110, 360, 118
['no' 'no' 'yes' 'yes' 'yes' 'yes' 'no' 'yes' 'no' 'yes']
['no' 'no' 'no' 'no' 'no' 'no' 'no' 'no' 'no' 'no']
107, 360, 118
108, 370, 114
111, 380, 115
111, 390, 117
113, 400, 118
115, 410, 120
['yes' 'no' 'no' 'no' 'yes' 'yes' 'no' 'no' 'yes' 'yes']
['no' 'no' 'no' 'no' 'no' 'no' 'yes' 'no' 'no' 'no']
['no' 'yes' 'no' 'yes' 'yes' 'yes' 'no' 'yes' 'no' 'yes']
['yes' 'no' 'no' 'no' 'no' 'no' 'no' 'no' 'no' 'no']
{'count': 590, 'truepos': 98, 'falseneg': 2, 'unknownyes': 6, 'falsepos': 15, 'unique': 410}
60: Hall.csv: machine3: 0, 0
8, 10
8, 20, 127
9, 30, 112
13, 40, 103
17, 50, 96
21, 60, 100
null
['no' 'no']
21, 60, 100
23, 70, 113
29, 80, 116
30, 90, 117
34, 100, 77
40, 110, 76
null
['no' 'no' 'no' 'yes' 'no' 'yes' 'no' 'no' 'no' 'no']
42, 110, 76
49, 120, 83
53, 130, 88
56, 140, 87
60, 150, 85
64, 160, 90
null
['no' 'no' 'no' 'no' 'yes' 'no' 'no' 'no' 'no' 'no']
65, 160, 90
66, 170, 96
68, 180, 92
70, 190, 98
73, 200, 89
75, 210, 88
null
['yes' 'no' 'yes' 'no' 'no' 'no' 'no' 'no' 'no' 'no']
77, 210, 88
79, 220, 91
80, 230, 95
81, 240, 96
82, 250, 91
82, 260, 95
null
['no' 'yes' 'no' 'no' 'no' 'no' 'no' 'no' 'no' 'no']
83, 260, 95
83, 270, 100
83, 280, 96
83, 290, 95
85, 300, 90
88, 310, 92
null
['yes' 'no' 'no' 'no' 'no' 'no' 'no' 'no' 'no' 'no']
null
['yes' 'no' 'no' 'no' 'no' 'no' 'yes' 'no' 'no' 'no']
{'count': 498, 'truepos': 86, 'falseneg': 8, 'unknownyes': 12, 'falsepos': 3, 'unique': 310}
60: Hall.csv: machine4: 0, 0
6, 10
10, 20, 104
11, 30, 111
13, 40, 114
16, 50, 115
19, 60, 114
22, 70, 118
23, 80, 122
25, 90, 118
29, 100, 118
31, 110, 121
38, 120, 96
45, 130, 95
47, 140, 101
53, 150, 102
58, 160, 102
61, 170, 100
65, 180, 101
66, 190, 104
70, 200, 108
74, 210, 94
78, 220, 106
80, 230, 123
86, 240, 104
90, 250, 104
91, 260, 109
93, 270, 105
95, 280, 114
98, 290, 118
99, 300, 119
100, 310, 128
101, 320, 124
101, 330, 125
101, 340, 122
101, 350, 118
101, 360, 126
101, 370, 123
101, 380, 116
101, 390, 122
102, 400, 118
102, 410, 116
102, 420, 119
102, 430, 124
102, 440, 116
102, 450, 116
102, 460, 117
102, 470, 114
102, 480, 114
102, 490, 112
103, 500, 112
105, 510, 113
105, 520, 115
107, 530, 116
107, 540, 119
107, 550, 117
107, 560, 118
107, 570, 118
107, 580, 117
108, 590, 115
108, 600, 116
108, 610, 117
108, 620, 115
108, 630, 114
108, 640, 115
108, 650, 115
108, 660, 114
108, 670, 114
108, 680, 114
108, 690, 114
108, 700, 114
108, 710, 116
108, 720, 115
108, 730, 116
{'count': 966, 'truepos': 95, 'falseneg': 7, 'unknownyes': 4, 'falsepos': 13, 'unique': 730}
60: Wahono.csv: none: 0, 0
7, 10
8, 20, 104
11, 30, 95
13, 40, 107
15, 50, 98
16, 60, 96
18, 70, 88
19, 80, 84
21, 90, 78
24, 100, 68
24, 110, 76
28, 120, 67
32, 130, 63
36, 140, 65
39, 150, 69
43, 160, 73
43, 170, 87
45, 180, 82
47, 190, 79
47, 200, 86
50, 210, 76
53, 220, 78
56, 230, 86
57, 240, 89
58, 250, 97
58, 260, 91
58, 270, 84
60, 280, 84
61, 290, 95
62, 300, 94
64, 310, 104
65, 320, 104
67, 330, 111
67, 340, 105
71, 350, 111
72, 360, 103
73, 370, 100
73, 380, 118
74, 390, 113
78, 400, 100
78, 410, 107
80, 420, 99
81, 430, 108
82, 440, 103
83, 450, 105
84, 460, 112
88, 470, 106
88, 480, 111
88, 490, 114
90, 500, 111
90, 510, 112
92, 520, 118
93, 530, 119
93, 540, 121
94, 550, 117
94, 560, 116
95, 570, 119
96, 580, 119
97, 590, 119
100, 600, 120
101, 610, 124
104, 620, 124
108, 630, 128
110, 640, 136
111, 650, 135
111, 660, 137
112, 670, 135
114, 680, 136
117, 690, 137
118, 700, 142
119, 710, 147
119, 720, 153
120, 730, 144
121, 740, 153
121, 750, 155
123, 760, 153
124, 770, 156
125, 780, 151
127, 790, 157
127, 800, 156
127, 810, 154
129, 820, 151
132, 830, 156
132, 840, 159
135, 850, 156
136, 860, 162
137, 870, 161
139, 880, 159
139, 890, 165
139, 900, 165
140, 910, 171
142, 920, 166
143, 930, 165
145, 940, 170
146, 950, 172
148, 960, 170
148, 970, 173
150, 980, 173
150, 990, 179
150, 1000, 176
153, 1010, 172
155, 1020, 175
156, 1030, 175
157, 1040, 181
159, 1050, 185
159, 1060, 182
160, 1070, 181
161, 1080, 181
162, 1090, 185
163, 1100, 182
163, 1110, 197
165, 1120, 193
166, 1130, 194
167, 1140, 196
167, 1150, 198
169, 1160, 192
170, 1170, 195
171, 1180, 192
171, 1190, 202
171, 1200, 197
172, 1210, 197
174, 1220, 191
176, 1230, 194
177, 1240, 197
177, 1250, 201
181, 1260, 194
181, 1270, 203
183, 1280, 205
184, 1290, 206
187, 1300, 209
188, 1310, 209
188, 1320, 210
188, 1330, 214
188, 1340, 213
188, 1350, 211
188, 1360, 211
188, 1370, 212
188, 1380, 209
188, 1390, 210
188, 1400, 208
188, 1410, 212
188, 1420, 207
190, 1430, 209
192, 1440, 210
193, 1450, 215
193, 1460, 211
193, 1470, 213
194, 1480, 210
195, 1490, 213
195, 1500, 215
195, 1510, 216
196, 1520, 217
196, 1530, 213
196, 1540, 213
197, 1550, 215
199, 1560, 213
199, 1570, 218
201, 1580, 215
203, 1590, 217
203, 1600, 219
203, 1610, 220
203, 1620, 222
204, 1630, 217
204, 1640, 225
206, 1650, 222
207, 1660, 224
209, 1670, 226
211, 1680, 231
213, 1690, 230
215, 1700, 232
215, 1710, 233
217, 1720, 235
220, 1730, 238
221, 1740, 239
222, 1750, 239
222, 1760, 241
223, 1770, 240
224, 1780, 239
224, 1790, 242
226, 1800, 240
227, 1810, 244
231, 1820, 244
231, 1830, 251
233, 1840, 250
235, 1850, 252
235, 1860, 256
235, 1870, 251
237, 1880, 250
237, 1890, 255
238, 1900, 252
239, 1910, 254
240, 1920, 256
241, 1930, 258
243, 1940, 259
245, 1950, 261
245, 1960, 262
245, 1970, 264
246, 1980, 263
250, 1990, 264
250, 2000, 271
253, 2010, 270
255, 2020, 273
256, 2030, 275
257, 2040, 274
259, 2050, 276
259, 2060, 279
261, 2070, 278
262, 2080, 278
263, 2090, 282
266, 2100, 280
267, 2110, 285
269, 2120, 290
271, 2130, 288
271, 2140, 292
273, 2150, 294
274, 2160, 292
277, 2170, 294
280, 2180, 299
282, 2190, 303
282, 2200, 304
282, 2210, 300
282, 2220, 302
285, 2230, 301
285, 2240, 306
285, 2250, 305
287, 2260, 307
288, 2270, 306
289, 2280, 308
290, 2290, 309
290, 2300, 312
292, 2310, 313
293, 2320, 314
293, 2330, 315
293, 2340, 313
294, 2350, 313
296, 2360, 314
298, 2370, 314
300, 2380, 315
301, 2390, 321
303, 2400, 323
303, 2410, 322
303, 2420, 322
304, 2430, 324
304, 2440, 324
304, 2450, 322
304, 2460, 322
307, 2470, 322
308, 2480, 328
310, 2490, 328
311, 2500, 332
311, 2510, 331
312, 2520, 332
315, 2530, 332
315, 2540, 339
316, 2550, 339
318, 2560, 335
319, 2570, 338
322, 2580, 339
325, 2590, 343
327, 2600, 348
328, 2610, 347
331, 2620, 352
331, 2630, 360
332, 2640, 358
332, 2650, 352
333, 2660, 351
334, 2670, 354
335, 2680, 356
336, 2690, 355
336, 2700, 355
339, 2710, 359
341, 2720, 361
342, 2730, 362
343, 2740, 364
343, 2750, 364
345, 2760, 364
345, 2770, 367
345, 2780, 366
346, 2790, 364
347, 2800, 367
348, 2810, 366
348, 2820, 370
348, 2830, 369
348, 2840, 368
{'count': 2840, 'truepos': 56, 'falseneg': 4, 'unknownyes': 2, 'falsepos': 292, 'unique': 2840}
60: Wahono.csv: three: 0, 0
6, 10
8, 20, 103
9, 30, 105
11, 40, 98
12, 50, 96
13, 60, 97
13, 70, 71
19, 80, 56
22, 90, 63
23, 100, 70
26, 110, 65
28, 120, 71
30, 130, 70
30, 140, 73
33, 150, 71
35, 160, 77
37, 170, 73
37, 180, 77
38, 190, 69
38, 200, 70
38, 210, 74
40, 220, 64
41, 230, 64
41, 240, 69
41, 250, 63
41, 260, 74
44, 270, 59
45, 280, 67
46, 290, 66
46, 300, 70
47, 310, 68
47, 320, 71
47, 330, 70
48, 340, 69
48, 350, 71
48, 360, 67
49, 370, 69
49, 380, 72
50, 390, 79
53, 400, 72
54, 410, 78
54, 420, 83
55, 430, 74
56, 440, 75
56, 450, 72
56, 460, 91
56, 470, 80
56, 480, 76
57, 490, 75
57, 500, 86
58, 510, 79
58, 520, 82
58, 530, 92
59, 540, 76
60, 550, 79
60, 560, 76
60, 570, 79
60, 580, 77
60, 590, 85
60, 600, 80
60, 610, 76
60, 620, 77
60, 630, 78
60, 640, 76
61, 650, 74
62, 660, 75
64, 670, 78
66, 680, 76
66, 690, 77
67, 700, 78
68, 710, 80
69, 720, 81
70, 730, 82
70, 740, 84
70, 750, 83
70, 760, 85
71, 770, 82
72, 780, 82
72, 790, 86
73, 800, 84
73, 810, 85
74, 820, 88
74, 830, 90
75, 840, 87
76, 850, 89
77, 860, 86
77, 870, 91
78, 880, 89
78, 890, 89
78, 900, 89
78, 910, 87
79, 920, 90
80, 930, 88
81, 940, 90
82, 950, 91
82, 960, 93
82, 970, 93
83, 980, 91
84, 990, 94
84, 1000, 94
84, 1010, 94
84, 1020, 94
85, 1030, 95
86, 1040, 96
86, 1050, 96
87, 1060, 96
88, 1070, 100
88, 1080, 101
89, 1090, 99
91, 1100, 99
91, 1110, 103
91, 1120, 103
92, 1130, 104
92, 1140, 103
92, 1150, 101
92, 1160, 102
93, 1170, 102
94, 1180, 103
94, 1190, 104
96, 1200, 104
96, 1210, 106
96, 1220, 105
98, 1230, 105
98, 1240, 108
98, 1250, 108
98, 1260, 107
98, 1270, 107
98, 1280, 107
98, 1290, 107
98, 1300, 108
98, 1310, 106
98, 1320, 106
98, 1330, 106
99, 1340, 105
99, 1350, 107
99, 1360, 108
99, 1370, 107
99, 1380, 107
99, 1390, 107
99, 1400, 105
100, 1410, 106
101, 1420, 108
101, 1430, 108
101, 1440, 107
101, 1450, 109
101, 1460, 108
101, 1470, 107
101, 1480, 108
101, 1490, 108
101, 1500, 107
102, 1510, 107
102, 1520, 108
103, 1530, 108
103, 1540, 109
104, 1550, 109
106, 1560, 111
106, 1570, 113
106, 1580, 113
107, 1590, 113
108, 1600, 114
108, 1610, 114
108, 1620, 115
108, 1630, 115
108, 1640, 114
108, 1650, 114
{'count': 3592, 'truepos': 61, 'falseneg': 1, 'unknownyes': 0, 'falsepos': 47, 'unique': 1650}
60: Wahono.csv: machine: 0, 0
6, 10
7, 20, 100
9, 30, 97
11, 40, 108
14, 50, 100
16, 60, 99
['yes' 'yes' 'yes' 'yes' 'yes' 'no' 'no' 'yes' 'yes' 'yes']
[]
13, 60, 99
14, 70, 68
16, 80, 56
20, 90, 55
20, 100, 56
21, 110, 50
['yes' 'yes' 'yes' 'yes' 'yes' 'yes' 'yes' 'no' 'yes' 'yes']
[]
19, 110, 50
21, 120, 50
23, 130, 51
24, 140, 49
24, 150, 48
27, 160, 45
['no' 'yes' 'no' 'no' 'yes' 'yes' 'no' 'yes' 'yes' 'no']
[]
22, 160, 45
23, 170, 45
26, 180, 45
28, 190, 47
32, 200, 50
33, 210, 58
['no' 'yes' 'yes' 'no' 'yes' 'yes' 'no' 'yes' 'yes' 'yes']
['no' 'no' 'no' 'no' 'no' 'no' 'no' 'no' 'no' 'no']
32, 210, 58
37, 220, 53
41, 230, 66
43, 240, 76
46, 250, 78
47, 260, 77
['no' 'yes' 'yes' 'yes' 'yes' 'no' 'yes' 'yes' 'no' 'no']
['no' 'no' 'no' 'no' 'no' 'no' 'yes' 'no' 'no' 'no']
45, 260, 77
46, 270, 63
46, 280, 61
48, 290, 60
49, 300, 64
52, 310, 72
['no' 'no' 'yes' 'no' 'no' 'yes' 'no' 'yes' 'no' 'no']
['no' 'no' 'no' 'yes' 'no' 'no' 'no' 'no' 'no' 'no']
48, 310, 72
49, 320, 66
51, 330, 71
52, 340, 72
52, 350, 79
53, 360, 76
['no' 'no' 'no' 'no' 'no' 'no' 'yes' 'yes' 'no' 'yes']
['no' 'no' 'no' 'no' 'no' 'no' 'no' 'no' 'no' 'no']
47, 360, 76
48, 370, 62
48, 380, 64
49, 390, 60
52, 400, 62
52, 410, 68
['no' 'yes' 'no' 'no' 'no' 'yes' 'no' 'yes' 'yes' 'no']
['no' 'no' 'no' 'no' 'no' 'no' 'no' 'no' 'no' 'no']
47, 410, 68
49, 420, 62
51, 430, 66
53, 440, 67
54, 450, 72
54, 460, 73
['no' 'yes' 'no' 'no' 'no' 'no' 'no' 'no' 'no']
['no' 'yes' 'no' 'no' 'no' 'no' 'no' 'no' 'no' 'no']
48, 460, 73
50, 470, 62
51, 480, 62
55, 490, 70
56, 500, 72
57, 510, 74
['no' 'no' 'no' 'no' 'yes' 'no' 'no' 'no' 'no']
['no' 'no' 'yes' 'yes' 'no' 'no' 'no' 'no' 'no' 'no']
52, 510, 74
55, 520, 68
56, 530, 71
58, 540, 79
59, 550, 81
60, 560, 84
['no' 'no' 'no' 'no' 'no' 'no' 'no' 'no' 'no']
['no' 'no' 'no' 'no' 'yes' 'no' 'no' 'no' 'no' 'no']
55, 560, 84
58, 570, 64
58, 580, 76
60, 590, 72
62, 600, 74
62, 610, 74
['no' 'no' 'yes' 'no' 'no' 'no' 'yes' 'no' 'no']
['no' 'no' 'no' 'no' 'no' 'no' 'no' 'no' 'no' 'no']
55, 610, 74
56, 620, 63
56, 630, 65
56, 640, 63
56, 650, 65
57, 660, 63
['no' 'no' 'no']
['no' 'no' 'no' 'no' 'no' 'no' 'no' 'no' 'no' 'no']
55, 660, 63
57, 670, 64
58, 680, 68
59, 690, 68
60, 700, 71
62, 710, 71
['no' 'no' 'no' 'no' 'no' 'no' 'no' 'no']
['no' 'no' 'no' 'no' 'no' 'no' 'no' 'no' 'no' 'no']
56, 710, 71
56, 720, 63
57, 730, 63
58, 740, 63
60, 750, 65
63, 760, 67
['no' 'no' 'yes' 'no' 'yes' 'yes' 'no' 'no']
['no' 'no' 'no' 'no' 'no' 'no' 'no' 'no' 'no' 'no']
61, 760, 67
63, 770, 67
64, 780, 70
64, 790, 71
68, 800, 71
68, 810, 84
['yes' 'no' 'yes' 'no' 'no' 'no' 'no' 'yes' 'no' 'no']
['no' 'no' 'no' 'no' 'no' 'no' 'no' 'no' 'no' 'no']
62, 810, 84
63, 820, 70
64, 830, 72
64, 840, 72
65, 850, 72
65, 860, 74
['no' 'no' 'no' 'no']
['no' 'no' 'no' 'no' 'no' 'no' 'no' 'no' 'no' 'no']
63, 860, 74
64, 870, 70
65, 880, 71
65, 890, 73
67, 900, 73
67, 910, 75
['no' 'no' 'no' 'no' 'yes' 'no']
['no' 'no' 'no' 'no' 'no' 'no' 'no' 'no' 'no' 'no']
64, 910, 75
64, 920, 71
66, 930, 72
68, 940, 73
68, 950, 77
68, 960, 77
['no' 'no' 'no' 'no' 'no']
['no' 'no' 'no' 'no' 'no' 'no' 'no' 'no' 'no' 'no']
65, 960, 77
67, 970, 71
68, 980, 73
69, 990, 75
70, 1000, 75
72, 1010, 77
['no' 'no' 'no' 'no' 'no' 'no' 'no' 'no' 'no']
['no' 'no' 'no' 'no' 'no' 'no' 'no' 'no' 'no' 'no']
65, 1010, 77
67, 1020, 71
68, 1030, 73
70, 1040, 75
71, 1050, 77
72, 1060, 79
['no' 'no' 'no' 'no' 'no' 'no' 'no' 'no']
['no' 'no' 'no' 'yes' 'no' 'no' 'no' 'no' 'no' 'no']
66, 1060, 79
66, 1070, 72
67, 1080, 71
69, 1090, 73
73, 1100, 75
74, 1110, 81
['no' 'no' 'no' 'no' 'no' 'no' 'no' 'no' 'no']
['no' 'no' 'no' 'no' 'no' 'no' 'no' 'no' 'no' 'no']
66, 1110, 81
67, 1120, 72
68, 1130, 73
70, 1140, 73
70, 1150, 77
71, 1160, 77
['no' 'no' 'no' 'no' 'no']
['no' 'no' 'no' 'no' 'no' 'no' 'no' 'no' 'no' 'no']
68, 1160, 77
68, 1170, 73
70, 1180, 73
71, 1190, 76
73, 1200, 78
74, 1210, 81
['no' 'no' 'no' 'no' 'no' 'no' 'no']
['no' 'no' 'no' 'no' 'no' 'no' 'no' 'no' 'no' 'no']
69, 1210, 81
71, 1220, 74
72, 1230, 78
73, 1240, 78
74, 1250, 80
74, 1260, 82
['no' 'no' 'no' 'no' 'no' 'no' 'no']
['no' 'no' 'no' 'no' 'no' 'no' 'no' 'no' 'no' 'no']
69, 1260, 82
70, 1270, 74
71, 1280, 75
72, 1290, 76
72, 1300, 79
73, 1310, 78
['no' 'no' 'no' 'no' 'no' 'no']
['no' 'no' 'no' 'no' 'no' 'no' 'no' 'no' 'no' 'no']
70, 1310, 78
70, 1320, 75
72, 1330, 75
72, 1340, 78
74, 1350, 77
75, 1360, 79
['no' 'no' 'no' 'no' 'no' 'no' 'no']
['no' 'no' 'no' 'no' 'no' 'no' 'no' 'no' 'no' 'no']
70, 1360, 79
70, 1370, 75
71, 1380, 75
72, 1390, 76
73, 1400, 77
75, 1410, 80
['no' 'no' 'no' 'no' 'no' 'no' 'no']
['no' 'no' 'no' 'no' 'no' 'no' 'no' 'no' 'no' 'no']
69, 1410, 80
70, 1420, 73
72, 1430, 75
72, 1440, 78
74, 1450, 77
74, 1460, 83
['no' 'no' 'no' 'no' 'no']
['no' 'no' 'no' 'no' 'no' 'no' 'no' 'no' 'no' 'no']
71, 1460, 83
72, 1470, 75
75, 1480, 77
77, 1490, 81
79, 1500, 85
80, 1510, 88
['no' 'no' 'no' 'no' 'no' 'no' 'no' 'no' 'no' 'no']
['no' 'no' 'no' 'no' 'no' 'no' 'no' 'no' 'no' 'no']
72, 1510, 88
72, 1520, 77
72, 1530, 76
72, 1540, 76
73, 1550, 76
73, 1560, 77
['no' 'no']
['no' 'no' 'no' 'no' 'no' 'no' 'no' 'no' 'no' 'no']
71, 1560, 77
null
['no' 'no' 'no' 'no' 'no' 'no' 'no' 'no' 'no' 'no']
{'count': 2092, 'truepos': 55, 'falseneg': 4, 'unknownyes': 3, 'falsepos': 16, 'unique': 1560}
60: Wahono.csv: machine2: 0, 0
7, 10
8, 20, 106
9, 30, 104
10, 40, 104
11, 50, 83
13, 60, 67
['yes' 'yes' 'yes' 'yes' 'yes' 'no' 'yes' 'no' 'yes' 'no']
[]
11, 60, 67
15, 70, 61
18, 80, 68
21, 90, 80
23, 100, 77
23, 110, 66
['yes' 'yes' 'no' 'yes' 'yes' 'no' 'no' 'no' 'yes' 'yes']
[]
19, 110, 66
24, 120, 51
27, 130, 54
29, 140, 57
30, 150, 55
31, 160, 56
['yes' 'yes' 'yes' 'yes' 'yes' 'yes' 'no' 'yes' 'yes' 'yes']
['no' 'no' 'no' 'no' 'no' 'no' 'no' 'no' 'no' 'no']
30, 160, 56
34, 170, 50
36, 180, 59
37, 190, 65
39, 200, 64
41, 210, 71
['no' 'yes' 'yes' 'no' 'yes' 'no' 'yes' 'no' 'yes' 'no']
['no' 'no' 'no' 'yes' 'no' 'no' 'no' 'no' 'no' 'no']
37, 210, 71
38, 220, 59
39, 230, 63
42, 240, 61
43, 250, 72
43, 260, 68
['yes' 'no' 'yes' 'no' 'yes' 'yes' 'yes' 'yes' 'yes' 'yes']
['no' 'no' 'no' 'no' 'no' 'no' 'no' 'no' 'no' 'no']
42, 260, 68
44, 270, 67
46, 280, 77
47, 290, 86
49, 300, 80
49, 310, 91
['yes' 'no' 'no' 'yes' 'no' 'no' 'no' 'yes' 'yes' 'no']
['no' 'no' 'no' 'no' 'no' 'no' 'no' 'no' 'no' 'no']
43, 310, 91
44, 320, 69
46, 330, 65
47, 340, 69
47, 350, 73
50, 360, 66
['no' 'no' 'yes' 'no' 'no' 'yes' 'yes' 'yes' 'yes']
['no' 'no' 'no' 'no' 'no' 'no' 'no' 'no' 'no' 'no']
46, 360, 66
46, 370, 69
46, 380, 70
46, 390, 63
47, 400, 65
48, 410, 63
['yes' 'no']
['no' 'no' 'no' 'no' 'no' 'no' 'no' 'no' 'no' 'no']
48, 410, 63
49, 420, 65
49, 430, 68
51, 440, 64
51, 450, 63
51, 460, 70
['no' 'no' 'yes' 'no']
['no' 'no' 'no' 'no' 'no' 'no' 'no' 'no' 'no' 'no']
49, 460, 70
50, 470, 61
52, 480, 67
53, 490, 72
54, 500, 81
55, 510, 84
['no' 'no' 'no' 'no' 'no' 'no' 'no']
['no' 'no' 'no' 'no' 'no' 'no' 'no' 'no' 'no' 'no']
50, 510, 84
51, 520, 65
51, 530, 66
51, 540, 66
52, 550, 66
54, 560, 64
['no' 'no' 'no' 'no' 'no']
['no' 'no' 'no' 'no' 'no' 'no' 'no' 'no' 'no' 'no']
54, 560, 64
54, 570, 69
55, 580, 65
56, 590, 71
56, 600, 66
57, 610, 70
['no' 'no' 'no' 'yes']
['no' 'no' 'no' 'no' 'no' 'no' 'no' 'no' 'no' 'no']
57, 610, 70
57, 620, 68
57, 630, 69
57, 640, 70
58, 650, 67
60, 660, 68
['no' 'no' 'no' 'no' 'no']
['no' 'no' 'no' 'no' 'no' 'no' 'no' 'no' 'no' 'no']
57, 660, 68
58, 670, 66
58, 680, 69
61, 690, 65
64, 700, 73
66, 710, 75
['no' 'no' 'no' 'no' 'yes' 'no' 'yes' 'no' 'no' 'no']
['no' 'no' 'no' 'no' 'no' 'no' 'no' 'no' 'no' 'no']
61, 710, 75
64, 720, 71
67, 730, 75
69, 740, 78
70, 750, 82
71, 760, 84
['no' 'no' 'no' 'no' 'no' 'no' 'no' 'no' 'no' 'no']
['no' 'no' 'no' 'no' 'no' 'no' 'no' 'no' 'no' 'no']
65, 760, 84
66, 770, 76
67, 780, 77
70, 790, 81
70, 800, 83
70, 810, 81
['no' 'no' 'no' 'no' 'no' 'no' 'no' 'no']
['no' 'no' 'no' 'no' 'no' 'no' 'no' 'no' 'no' 'no']
65, 810, 81
67, 820, 76
68, 830, 80
68, 840, 79
68, 850, 81
69, 860, 82
['no' 'no' 'no' 'no' 'no' 'no']
['no' 'no' 'no' 'no' 'no' 'no' 'no' 'no' 'no' 'no']
65, 860, 82
65, 870, 74
66, 880, 72
66, 890, 73
69, 900, 76
70, 910, 77
['no' 'no' 'no' 'no' 'no' 'no']
['no' 'no' 'no' 'no' 'no' 'no' 'no' 'no' 'no' 'no']
68, 910, 77
69, 920, 75
69, 930, 76
70, 940, 77
70, 950, 76
70, 960, 77
['no' 'no' 'no']
['no' 'no' 'no' 'no' 'no' 'no' 'no' 'no' 'no' 'no']
67, 960, 77
68, 970, 73
70, 980, 76
72, 990, 79
74, 1000, 80
75, 1010, 80
['no' 'yes' 'no' 'no' 'no' 'no' 'yes' 'no']
['no' 'no' 'no' 'no' 'no' 'no' 'no' 'no' 'no' 'no']
73, 1010, 80
74, 1020, 79
75, 1030, 79
76, 1040, 82
76, 1050, 82
76, 1060, 83
['no' 'no' 'no' 'no' 'no']
['no' 'no' 'no' 'no' 'no' 'no' 'no' 'no' 'no' 'no']
72, 1060, 83
72, 1070, 77
73, 1080, 78
74, 1090, 79
75, 1100, 80
76, 1110, 80
['no' 'no' 'no' 'no' 'no']
['no' 'no' 'no' 'no' 'no' 'no' 'no' 'no' 'no' 'no']
['no' 'no' 'no' 'no' 'no']
['no' 'no' 'no' 'no' 'no' 'no' 'no' 'no' 'no' 'no']
{'count': 1548, 'truepos': 50, 'falseneg': 3, 'unknownyes': 9, 'falsepos': 22, 'unique': 1110}
60: Wahono.csv: machine3: 0, 0
5, 10
5, 20, 93
8, 30, 88
10, 40, 90
12, 50, 93
14, 60, 83
null
[]
16, 70, 74
17, 80, 65
19, 90, 61
20, 100, 64
20, 110, 63
22, 120, 53
null
[]
24, 130, 50
26, 140, 51
27, 150, 55
27, 160, 53
29, 170, 48
30, 180, 49
null
['no' 'no' 'no' 'no' 'no' 'no' 'no' 'no' 'no' 'no']
30, 180, 49
34, 190, 58
37, 200, 62
39, 210, 68
40, 220, 74
40, 230, 74
null
['no' 'no' 'no' 'no' 'no' 'no' 'no' 'no' 'no' 'no']
41, 230, 74
42, 240, 70
43, 250, 69
43, 260, 68
44, 270, 64
46, 280, 63
null
['no' 'no' 'no' 'no' 'no' 'no' 'no' 'no' 'no' 'no']
46, 280, 63
46, 290, 69
46, 300, 68
46, 310, 62
47, 320, 61
47, 330, 63
null
['no' 'no' 'no' 'no' 'no' 'no' 'no' 'no' 'no' 'no']
47, 330, 63
47, 340, 66
47, 350, 68
48, 360, 62
49, 370, 62
49, 380, 65
null
['yes' 'no' 'no' 'no' 'no' 'no' 'no' 'no' 'no' 'no']
50, 380, 65
50, 390, 62
50, 400, 67
50, 410, 65
51, 420, 62
51, 430, 66
null
['no' 'no' 'no' 'no' 'no' 'no' 'no' 'no' 'no' 'no']
51, 430, 66
52, 440, 63
52, 450, 65
53, 460, 64
53, 470, 65
53, 480, 65
null
['no' 'yes' 'no' 'no' 'no' 'no' 'no' 'no' 'no' 'no']
54, 480, 65
54, 490, 65
54, 500, 62
54, 510, 64
54, 520, 63
55, 530, 62
null
['no' 'no' 'no' 'no' 'no' 'no' 'no' 'no' 'no' 'no']
55, 530, 62
55, 540, 66
55, 550, 65
56, 560, 67
56, 570, 65
56, 580, 67
null
['no' 'no' 'no' 'no' 'no' 'no' 'no' 'no' 'no' 'no']
57, 580, 67
57, 590, 65
57, 600, 67
57, 610, 65
58, 620, 65
58, 630, 67
null
['no' 'no' 'no' 'no' 'no' 'no' 'no' 'no' 'no' 'no']
58, 630, 67
59, 640, 69
59, 650, 69
59, 660, 69
59, 670, 66
59, 680, 66
null
['no' 'no' 'no' 'no' 'no' 'no' 'no' 'no' 'no' 'no']
59, 680, 66
59, 690, 67
60, 700, 66
61, 710, 68
61, 720, 70
62, 730, 70
null
['no' 'no' 'no' 'no' 'no' 'no' 'no' 'no' 'no' 'no']
62, 730, 70
62, 740, 70
62, 750, 69
63, 760, 69
63, 770, 70
64, 780, 70
null
['no' 'no' 'no' 'no' 'no' 'no' 'no' 'no' 'no' 'no']
64, 780, 70
65, 790, 73
65, 800, 75
65, 810, 73
65, 820, 74
65, 830, 73
null
['no' 'no' 'no' 'no' 'no' 'no' 'no' 'no' 'no' 'no']
65, 830, 73
65, 840, 73
65, 850, 73
65, 860, 73
66, 870, 71
67, 880, 73
null
['no' 'no' 'no' 'no' 'no' 'no' 'no' 'no' 'no' 'no']
67, 880, 73
68, 890, 74
68, 900, 75
69, 910, 74
69, 920, 76
69, 930, 75
null
['no' 'no' 'no' 'yes' 'no' 'no' 'no' 'no' 'no' 'no']
70, 930, 75
70, 940, 77
70, 950, 76
70, 960, 76
71, 970, 75
71, 980, 78
null
['no' 'no' 'no' 'no' 'no' 'no' 'no' 'no' 'no' 'no']
71, 980, 78
71, 990, 78
71, 1000, 78
71, 1010, 76
71, 1020, 76
71, 1030, 76
null
['no' 'no' 'no' 'no' 'no' 'no' 'no' 'no' 'no' 'no']
71, 1030, 76
71, 1040, 76
71, 1050, 76
71, 1060, 76
71, 1070, 76
72, 1080, 75
null
['no' 'no' 'no' 'no' 'no' 'no' 'no' 'no' 'no' 'no']
null
['no' 'no' 'no' 'no' 'no' 'no' 'no' 'no' 'no' 'no']
{'count': 1557, 'truepos': 58, 'falseneg': 1, 'unknownyes': 3, 'falsepos': 14, 'unique': 1080}
60: Wahono.csv: machine4: 0, 0
5, 10
6, 20, 103
8, 30, 93
9, 40, 96
12, 50, 73
15, 60, 62
16, 70, 62
16, 80, 59
17, 90, 48
18, 100, 47
18, 110, 49
18, 120, 45
19, 130, 45
20, 140, 46
21, 150, 46
22, 160, 48
23, 170, 48
23, 180, 50
23, 190, 50
23, 200, 50
23, 210, 50
23, 220, 50
23, 230, 50
26, 240, 51
29, 250, 54
29, 260, 62
29, 270, 59
29, 280, 57
29, 290, 57
31, 300, 57
35, 310, 49
37, 320, 59
40, 330, 66
41, 340, 67
43, 350, 72
46, 360, 70
48, 370, 77
48, 380, 75
49, 390, 77
51, 400, 73
51, 410, 81
51, 420, 85
51, 430, 70
51, 440, 80
52, 450, 73
54, 460, 74
54, 470, 74
54, 480, 76
54, 490, 72
54, 500, 72
54, 510, 70
54, 520, 73
55, 530, 69
55, 540, 69
56, 550, 69
56, 560, 76
56, 570, 72
57, 580, 68
57, 590, 72
57, 600, 71
58, 610, 71
58, 620, 71
58, 630, 71
58, 640, 76
58, 650, 69
59, 660, 68
61, 670, 68
61, 680, 74
62, 690, 73
62, 700, 74
63, 710, 72
63, 720, 75
63, 730, 75
64, 740, 74
64, 750, 76
64, 760, 74
64, 770, 75
64, 780, 74
64, 790, 74
64, 800, 74
65, 810, 73
65, 820, 75
65, 830, 73
65, 840, 74
65, 850, 74
66, 860, 74
66, 870, 75
66, 880, 75
66, 890, 75
66, 900, 75
66, 910, 75
67, 920, 74
67, 930, 74
67, 940, 75
68, 950, 75
68, 960, 78
68, 970, 76
68, 980, 78
69, 990, 77
70, 1000, 78
70, 1010, 79
70, 1020, 79
70, 1030, 81
70, 1040, 79
71, 1050, 79
72, 1060, 79
72, 1070, 81
72, 1080, 80
73, 1090, 82
73, 1100, 80
73, 1110, 82
73, 1120, 80
73, 1130, 81
73, 1140, 81
73, 1150, 81
73, 1160, 80
73, 1170, 80
73, 1180, 79
73, 1190, 80
73, 1200, 80
73, 1210, 80
74, 1220, 80
74, 1230, 80
74, 1240, 80
74, 1250, 80
75, 1260, 80
77, 1270, 81
77, 1280, 84
77, 1290, 84
78, 1300, 83
78, 1310, 86
78, 1320, 83
80, 1330, 84
80, 1340, 86
80, 1350, 87
82, 1360, 87
82, 1370, 88
82, 1380, 89
82, 1390, 88
82, 1400, 88
82, 1410, 88
82, 1420, 89
82, 1430, 87
82, 1440, 88
82, 1450, 87
82, 1460, 87
82, 1470, 87
82, 1480, 87
82, 1490, 87
{'count': 1836, 'truepos': 52, 'falseneg': 7, 'unknownyes': 3, 'falsepos': 30, 'unique': 1490}
60: Danijel.csv: none: 0, 0
4, 10
4, 20, 99
5, 30, 92
7, 40, 64
8, 50, 58
9, 60, 53
12, 70, 49
15, 80, 56
17, 90, 58
18, 100, 60
19, 110, 52
19, 120, 49
22, 130, 45
26, 140, 51
27, 150, 56
31, 160, 51
32, 170, 52
33, 180, 50
34, 190, 50
35, 200, 50
37, 210, 50
41, 220, 51
41, 230, 69
42, 240, 62
45, 250, 61
46, 260, 66
49, 270, 75
52, 280, 81
52, 290, 102
54, 300, 93
54, 310, 89
57, 320, 88
58, 330, 90
60, 340, 94
61, 350, 92
64, 360, 90
65, 370, 95
66, 380, 104
70, 390, 113
71, 400, 106
72, 410, 99
72, 420, 101
74, 430, 104
76, 440, 118
77, 450, 128
78, 460, 129
79, 470, 108
80, 480, 113
83, 490, 116
83, 500, 115
83, 510, 118
84, 520, 113
87, 530, 123
88, 540, 119
90, 550, 117
92, 560, 118
94, 570, 129
95, 580, 128
95, 590, 140
98, 600, 119
100, 610, 138
100, 620, 151
102, 630, 136
102, 640, 131
103, 650, 143
104, 660, 133
106, 670, 138
108, 680, 139
108, 690, 136
110, 700, 136
110, 710, 142
112, 720, 139
112, 730, 140
112, 740, 140
112, 750, 141
113, 760, 141
113, 770, 141
114, 780, 137
116, 790, 149
116, 800, 152
118, 810, 157
119, 820, 148
120, 830, 151
123, 840, 155
123, 850, 152
123, 860, 152
125, 870, 153
126, 880, 162
127, 890, 167
127, 900, 165
127, 910, 162
127, 920, 161
128, 930, 164
129, 940, 161
129, 950, 166
129, 960, 168
130, 970, 163
131, 980, 158
134, 990, 169
136, 1000, 169
137, 1010, 169
137, 1020, 172
139, 1030, 169
140, 1040, 166
141, 1050, 174
141, 1060, 173
142, 1070, 177
142, 1080, 173
143, 1090, 174
143, 1100, 175
144, 1110, 174
144, 1120, 175
145, 1130, 174
148, 1140, 177
149, 1150, 182
151, 1160, 176
152, 1170, 189
153, 1180, 190
153, 1190, 191
156, 1200, 189
160, 1210, 195
162, 1220, 199
165, 1230, 208
165, 1240, 206
165, 1250, 205
167, 1260, 202
167, 1270, 203
169, 1280, 211
170, 1290, 209
172, 1300, 204
173, 1310, 205
174, 1320, 215
175, 1330, 211
175, 1340, 218
175, 1350, 215
175, 1360, 211
176, 1370, 210
178, 1380, 212
180, 1390, 212
182, 1400, 217
184, 1410, 215
185, 1420, 216
185, 1430, 217
186, 1440, 217
186, 1450, 213
187, 1460, 215
189, 1470, 223
189, 1480, 225
190, 1490, 221
192, 1500, 220
195, 1510, 223
196, 1520, 219
197, 1530, 219
200, 1540, 224
200, 1550, 228
201, 1560, 226
201, 1570, 227
202, 1580, 224
202, 1590, 226
202, 1600, 225
202, 1610, 228
204, 1620, 223
204, 1630, 226
205, 1640, 225
208, 1650, 225
209, 1660, 230
210, 1670, 230
211, 1680, 231
211, 1690, 232
214, 1700, 230
215, 1710, 237
219, 1720, 234
219, 1730, 240
221, 1740, 239
222, 1750, 243
224, 1760, 243
225, 1770, 250
226, 1780, 250
227, 1790, 250
227, 1800, 252
228, 1810, 249
230, 1820, 250
230, 1830, 256
231, 1840, 252
232, 1850, 259
234, 1860, 259
234, 1870, 262
235, 1880, 260
235, 1890, 259
237, 1900, 257
238, 1910, 260
238, 1920, 259
239, 1930, 259
240, 1940, 260
242, 1950, 259
242, 1960, 262
243, 1970, 261
245, 1980, 263
246, 1990, 267
247, 2000, 269
249, 2010, 268
251, 2020, 270
252, 2030, 275
252, 2040, 276
252, 2050, 274
253, 2060, 276
253, 2070, 273
253, 2080, 275
254, 2090, 272
254, 2100, 274
254, 2110, 274
254, 2120, 275
255, 2130, 273
256, 2140, 272
256, 2150, 270
256, 2160, 272
258, 2170, 275
259, 2180, 279
261, 2190, 278
261, 2200, 284
262, 2210, 280
262, 2220, 284
262, 2230, 283
263, 2240, 280
264, 2250, 279
264, 2260, 283
264, 2270, 280
264, 2280, 279
265, 2290, 281
265, 2300, 281
265, 2310, 282
266, 2320, 285
267, 2330, 283
268, 2340, 285
268, 2350, 288
268, 2360, 286
268, 2370, 285
{'count': 2370, 'truepos': 40, 'falseneg': 6, 'unknownyes': 2, 'falsepos': 228, 'unique': 2370}
60: Danijel.csv: three: 0, 0
4, 10
6, 20, 134
8, 30, 111
10, 40, 113
10, 50, 111
11, 60, 88
14, 70, 74
15, 80, 76
20, 90, 69
22, 100, 84
23, 110, 76
24, 120, 64
27, 130, 57
28, 140, 58
32, 150, 56
35, 160, 60
35, 170, 57
36, 180, 55
37, 190, 56
39, 200, 55
39, 210, 60
40, 220, 58
42, 230, 56
43, 240, 60
45, 250, 60
46, 260, 63
47, 270, 62
48, 280, 63
48, 290, 65
48, 300, 62
48, 310, 64
49, 320, 60
49, 330, 63
51, 340, 59
52, 350, 61
53, 360, 62
53, 370, 62
53, 380, 63
54, 390, 60
56, 400, 63
56, 410, 69
56, 420, 65
56, 430, 64
57, 440, 66
58, 450, 67
60, 460, 70
60, 470, 71
60, 480, 73
61, 490, 70
61, 500, 74
61, 510, 72
62, 520, 69
62, 530, 70
62, 540, 68
62, 550, 68
64, 560, 69
64, 570, 72
65, 580, 71
65, 590, 73
65, 600, 72
65, 610, 72
65, 620, 71
66, 630, 71
66, 640, 72
67, 650, 72
67, 660, 72
69, 670, 76
70, 680, 76
71, 690, 77
71, 700, 78
71, 710, 77
71, 720, 77
71, 730, 76
72, 740, 77
72, 750, 78
73, 760, 78
74, 770, 79
74, 780, 80
75, 790, 82
75, 800, 80
75, 810, 80
75, 820, 81
75, 830, 79
75, 840, 80
75, 850, 80
77, 860, 79
77, 870, 83
77, 880, 82
78, 890, 83
79, 900, 85
79, 910, 84
80, 920, 85
80, 930, 86
81, 940, 85
82, 950, 87
82, 960, 88
82, 970, 88
83, 980, 88
84, 990, 89
84, 1000, 91
84, 1010, 91
84, 1020, 89
84, 1030, 91
84, 1040, 90
84, 1050, 91
84, 1060, 90
{'count': 2314, 'truepos': 45, 'falseneg': 1, 'unknownyes': 2, 'falsepos': 39, 'unique': 1060}
60: Danijel.csv: machine: 0, 0
5, 10
6, 20, 104
9, 30, 102
9, 40, 120
12, 50, 88
15, 60, 92
['yes' 'no' 'no' 'yes' 'yes' 'no' 'no' 'no' 'yes' 'yes']
[]
10, 60, 92
14, 70, 87
17, 80, 98
18, 90, 92
18, 100, 77
21, 110, 68
['yes' 'yes' 'yes' 'yes' 'no' 'yes' 'no' 'no' 'yes' 'no']
[]
17, 110, 68
18, 120, 65
20, 130, 61
22, 140, 62
24, 150, 62
25, 160, 63
['no' 'yes' 'yes' 'no' 'yes' 'no' 'no' 'no' 'no' 'yes']
[]
19, 160, 63
23, 170, 48
23, 180, 53
26, 190, 49
27, 200, 52
27, 210, 50
['no' 'yes' 'yes' 'yes' 'no' 'yes' 'no' 'yes' 'yes' 'yes']
[]
24, 210, 50
26, 220, 48
27, 230, 48
29, 240, 48
30, 250, 49
33, 260, 44
['yes' 'no' 'no' 'yes' 'yes' 'yes' 'yes' 'yes' 'yes' 'yes']
['no' 'no' 'no' 'yes' 'no' 'no' 'no' 'no' 'no' 'no']
32, 260, 44
34, 270, 43
36, 280, 47
36, 290, 50
39, 300, 48
40, 310, 58
['no' 'no' 'yes' 'no' 'no' 'no' 'yes' 'no' 'yes' 'yes']
['no' 'no' 'no' 'no' 'no' 'no' 'no' 'no' 'no' 'no']
33, 310, 58
35, 320, 40
36, 330, 43
39, 340, 45
39, 350, 48
39, 360, 47
['yes' 'no' 'no' 'no' 'no' 'no' 'no']
['no' 'no' 'no' 'no' 'no' 'no' 'no' 'no' 'no' 'no']
33, 360, 47
33, 370, 40
35, 380, 40
37, 390, 42
37, 400, 46
39, 410, 45
['no' 'no' 'no' 'no' 'yes' 'yes']
['no' 'no' 'no' 'no' 'no' 'no' 'no' 'no' 'no' 'no']
35, 410, 45
35, 420, 43
36, 430, 40
37, 440, 42
38, 450, 43
39, 460, 45
['no' 'no' 'no' 'no']
['no' 'no' 'no' 'no' 'no' 'no' 'no' 'yes' 'no' 'yes']
37, 460, 45
39, 470, 42
41, 480, 46
42, 490, 47
43, 500, 50
45, 510, 51
['no' 'no' 'no' 'no' 'no' 'no' 'no' 'yes' 'no']
['no' 'no' 'no' 'no' 'no' 'yes' 'no' 'no' 'no' 'no']
41, 510, 51
42, 520, 45
43, 530, 47
44, 540, 48
45, 550, 50
45, 560, 50
['yes' 'no' 'no' 'no' 'no' 'no']
['no' 'no' 'no' 'no' 'no' 'no' 'yes' 'no' 'no' 'no']
42, 560, 50
42, 570, 46
44, 580, 46
47, 590, 49
47, 600, 55
50, 610, 55
['no' 'no' 'no' 'no' 'no' 'no' 'no' 'no' 'no' 'yes']
['no' 'no' 'no' 'no' 'no' 'no' 'no' 'no' 'no' 'no']
48, 610, 55
50, 620, 57
50, 630, 56
53, 640, 59
54, 650, 65
55, 660, 68
['no' 'no' 'no' 'no' 'no' 'no' 'no' 'no' 'no' 'no']
['no' 'no' 'no' 'no' 'no' 'no' 'no' 'no' 'no' 'no']
47, 660, 68
49, 670, 52
49, 680, 56
51, 690, 55
51, 700, 59
51, 710, 58
['yes' 'no' 'no' 'no' 'no']
['no' 'no' 'no' 'no' 'no' 'no' 'no' 'no' 'no' 'no']
48, 710, 58
49, 720, 53
50, 730, 54
51, 740, 55
51, 750, 55
53, 760, 57
['no' 'no' 'no' 'no' 'no' 'no']
['no' 'no' 'no' 'no' 'no' 'no' 'no' 'no' 'yes' 'no']
50, 760, 57
51, 770, 54
53, 780, 56
53, 790, 59
54, 800, 58
55, 810, 60
['no' 'no' 'no' 'no' 'no' 'no' 'yes']
['no' 'no' 'no' 'no' 'no' 'no' 'no' 'no' 'no' 'no']
52, 810, 60
52, 820, 56
52, 830, 58
53, 840, 56
53, 850, 57
54, 860, 57
['no' 'no' 'no']
['no' 'no' 'no' 'no' 'no' 'no' 'yes' 'no' 'no' 'no']
52, 860, 57
54, 870, 56
54, 880, 59
56, 890, 58
57, 900, 61
57, 910, 62
['no' 'no' 'yes' 'no' 'no' 'no']
['no' 'no' 'no' 'no' 'no' 'no' 'no' 'no' 'no' 'no']
53, 910, 62
54, 920, 56
55, 930, 57
57, 940, 59
58, 950, 61
59, 960, 62
['no' 'no' 'no' 'no' 'no' 'no' 'no']
['no' 'no' 'no' 'no' 'no' 'no' 'no' 'no' 'no' 'no']
['no' 'no' 'no' 'no' 'no' 'no' 'no']
['no' 'no' 'no' 'no' 'no' 'no' 'no' 'no' 'no' 'no']
{'count': 1256, 'truepos': 42, 'falseneg': 3, 'unknownyes': 3, 'falsepos': 10, 'unique': 960}
60: Danijel.csv: machine2: 0, 0
3, 10
4, 20, 107
8, 30, 92
12, 40, 95
16, 50, 100
17, 60, 112
['yes' 'no' 'yes' 'yes' 'no' 'yes' 'yes' 'no' 'yes' 'yes']
[]
14, 60, 112
15, 70, 95
18, 80, 79
19, 90, 79
22, 100, 70
25, 110, 70
['yes' 'yes' 'yes' 'yes' 'yes' 'yes' 'no' 'yes' 'yes' 'no']
[]
23, 110, 70
27, 120, 71
28, 130, 77
32, 140, 74
34, 150, 64
37, 160, 65
['yes' 'no' 'no' 'no' 'no' 'yes' 'no' 'no' 'no' 'no']
['no' 'no' 'yes' 'no' 'no' 'no' 'no' 'no' 'no' 'no']
33, 160, 65
36, 170, 57
37, 180, 56
39, 190, 57
41, 200, 58
43, 210, 57
['no' 'no' 'no' 'yes' 'no' 'yes' 'yes' 'yes' 'yes' 'yes']
['no' 'no' 'no' 'no' 'no' 'no' 'no' 'no' 'no' 'no']
40, 210, 57
41, 220, 56
42, 230, 63
42, 240, 62
43, 250, 57
45, 260, 60
['no' 'yes' 'no' 'yes' 'no' 'no' 'no' 'yes' 'no' 'yes']
['no' 'no' 'no' 'no' 'no' 'no' 'no' 'no' 'no' 'no']
40, 260, 60
41, 270, 53
44, 280, 52
44, 290, 61
45, 300, 59
45, 310, 59
['no' 'yes' 'no' 'yes' 'no' 'no' 'yes' 'yes' 'yes' 'no']
['no' 'no' 'no' 'no' 'no' 'no' 'no' 'yes' 'no' 'no']
41, 310, 59
41, 320, 50
43, 330, 51
43, 340, 56
43, 350, 52
43, 360, 53
['no' 'yes' 'yes' 'yes' 'yes' 'yes' 'no' 'yes']
['no' 'no' 'no' 'no' 'no' 'no' 'no' 'no' 'no' 'no']
41, 360, 53
41, 370, 50
42, 380, 48
43, 390, 51
44, 400, 50
44, 410, 55
['no' 'no' 'no']
['no' 'no' 'no' 'no' 'no' 'no' 'no' 'no' 'yes' 'no']
45, 410, 55
47, 420, 57
48, 430, 59
49, 440, 62
50, 450, 58
52, 460, 60
['no' 'no' 'yes' 'no' 'no' 'no' 'no' 'yes']
['no' 'no' 'no' 'no' 'no' 'no' 'no' 'no' 'no' 'no']
45, 460, 60
46, 470, 53
46, 480, 53
46, 490, 54
47, 500, 53
49, 510, 54
['no' 'no' 'yes' 'no']
['no' 'no' 'no' 'no' 'no' 'no' 'no' 'no' 'no' 'no']
48, 510, 54
51, 520, 56
52, 530, 62
52, 540, 61
54, 550, 60
54, 560, 61
['no' 'yes' 'no' 'no' 'no' 'no' 'no']
['no' 'no' 'no' 'no' 'no' 'no' 'no' 'no' 'no' 'no']
51, 560, 61
54, 570, 57
55, 580, 61
57, 590, 63
59, 600, 62
59, 610, 67
['no' 'no' 'no' 'no' 'no' 'no' 'no' 'no' 'no' 'no']
['no' 'no' 'no' 'no' 'no' 'no' 'no' 'no' 'no' 'no']
51, 610, 67
51, 620, 57
52, 630, 60
53, 640, 59
55, 650, 60
56, 660, 62
['no' 'no' 'no' 'no' 'no' 'yes']
['no' 'no' 'no' 'no' 'no' 'no' 'no' 'no' 'no' 'no']
52, 660, 62
55, 670, 57
55, 680, 61
56, 690, 61
58, 700, 63
59, 710, 64
['no' 'no' 'no' 'no' 'no' 'no' 'no' 'no']
['no' 'no' 'no' 'no' 'no' 'no' 'no' 'no' 'no' 'no']
55, 710, 64
56, 720, 61
57, 730, 63
57, 740, 64
57, 750, 64
58, 760, 64
['no' 'no' 'no' 'no']
['no' 'no' 'no' 'no' 'no' 'no' 'no' 'no' 'no' 'no']
57, 760, 64
58, 770, 63
61, 780, 64
61, 790, 67
63, 800, 66
63, 810, 70
['no' 'no' 'no' 'no' 'no' 'no' 'no']
['no' 'no' 'no' 'no' 'no' 'no' 'no' 'no' 'no' 'no']
58, 810, 70
59, 820, 62
61, 830, 63
62, 840, 65
64, 850, 66
66, 860, 69
['no' 'no' 'no' 'no' 'no' 'no' 'no' 'no' 'no']
['no' 'no' 'no' 'no' 'no' 'no' 'no' 'no' 'no' 'no']
['no' 'no' 'no' 'no' 'no' 'no' 'no' 'no' 'no']
['no' 'no' 'no' 'no' 'no' 'no' 'no' 'no' 'no' 'no']
{'count': 1222, 'truepos': 42, 'falseneg': 3, 'unknownyes': 3, 'falsepos': 18, 'unique': 860}
60: Danijel.csv: machine3: 0, 0
2, 10
3, 20, 104
4, 30, 86
4, 40, 61
9, 50, 49
12, 60, 80
null
[]
13, 70, 84
14, 80, 75
14, 90, 59
15, 100, 60
18, 110, 49
18, 120, 51
null
[]
19, 130, 46
20, 140, 46
22, 150, 45
23, 160, 48
25, 170, 47
27, 180, 49
null
[]
27, 190, 53
27, 200, 49
27, 210, 47
28, 220, 46
28, 230, 48
30, 240, 46
null
['no' 'no' 'no' 'no' 'no' 'no' 'no' 'no' 'yes' 'no']
31, 240, 46
32, 250, 50
33, 260, 51
33, 270, 52
34, 280, 47
35, 290, 48
null
['no' 'no' 'no' 'no' 'yes' 'no' 'no' 'yes' 'yes' 'no']
38, 290, 48
39, 300, 54
39, 310, 52
42, 320, 50
42, 330, 53
44, 340, 55
null
['no' 'no' 'no' 'no' 'no' 'no' 'no' 'no' 'no' 'no']
44, 340, 55
45, 350, 54
46, 360, 58
48, 370, 60
48, 380, 62
48, 390, 60
null
['no' 'no' 'no' 'no' 'no' 'no' 'no' 'no' 'no' 'no']
48, 390, 60
48, 400, 60
48, 410, 63
48, 420, 63
49, 430, 60
49, 440, 58
null
['no' 'no' 'no' 'no' 'no' 'no' 'no' 'no' 'no' 'no']
49, 440, 58
49, 450, 60
49, 460, 57
49, 470, 57
49, 480, 60
50, 490, 57
null
['no' 'no' 'yes' 'no' 'no' 'no' 'no' 'no' 'no' 'no']
52, 490, 57
53, 500, 60
54, 510, 62
54, 520, 64
54, 530, 64
55, 540, 62
null
['no' 'no' 'no' 'no' 'no' 'no' 'no' 'no' 'no' 'yes']
56, 540, 62
57, 550, 66
57, 560, 67
57, 570, 67
58, 580, 65
58, 590, 68
null
['no' 'no' 'no' 'no' 'no' 'no' 'no' 'no' 'no' 'no']
58, 590, 68
58, 600, 67
59, 610, 65
59, 620, 67
60, 630, 68
60, 640, 67
null
['no' 'no' 'no' 'no' 'no' 'no' 'no' 'no' 'no' 'no']
60, 640, 67
60, 650, 67
60, 660, 68
60, 670, 70
60, 680, 67
61, 690, 67
null
['no' 'no' 'no' 'no' 'no' 'no' 'no' 'no' 'no' 'no']
61, 690, 67
61, 700, 69
61, 710, 69
61, 720, 70
61, 730, 69
61, 740, 67
null
['no' 'no' 'no' 'no' 'no' 'no' 'no' 'no' 'no' 'no']
62, 740, 67
62, 750, 69
62, 760, 72
63, 770, 71
63, 780, 71
64, 790, 69
null
['no' 'no' 'no' 'no' 'no' 'no' 'no' 'no' 'no' 'no']
64, 790, 69
64, 800, 70
64, 810, 70
64, 820, 69
64, 830, 69
64, 840, 71
null
['yes' 'no' 'no' 'no' 'no' 'no' 'no' 'no' 'no' 'no']
65, 840, 71
67, 850, 70
67, 860, 73
67, 870, 72
68, 880, 73
68, 890, 73
null
['no' 'no' 'no' 'no' 'no' 'no' 'no' 'no' 'no' 'no']
68, 890, 73
68, 900, 74
68, 910, 73
68, 920, 74
68, 930, 73
68, 940, 73
null
['no' 'no' 'no' 'no' 'no' 'no' 'no' 'no' 'no' 'no']
68, 940, 73
68, 950, 72
69, 960, 73
69, 970, 74
70, 980, 74
70, 990, 74
null
['no' 'no' 'no' 'no' 'no' 'no' 'no' 'no' 'no' 'no']
70, 990, 74
70, 1000, 74
70, 1010, 75
71, 1020, 74
71, 1030, 75
71, 1040, 75
null
['no' 'no' 'no' 'no' 'no' 'no' 'no' 'no' 'no' 'no']
71, 1040, 75
71, 1050, 76
71, 1060, 75
71, 1070, 75
71, 1080, 75
71, 1090, 75
null
['no' 'no' 'no' 'no' 'no' 'no' 'no' 'no' 'no' 'no']
71, 1090, 75
null
['no' 'no' 'no' 'no' 'no' 'no' 'no' 'no' 'no' 'no']
{'count': 1520, 'truepos': 44, 'falseneg': 1, 'unknownyes': 3, 'falsepos': 27, 'unique': 1090}
60: Danijel.csv: machine4: 0, 0
3, 10
3, 20, 124
5, 30, 88
6, 40, 76
7, 50, 58
7, 60, 51
8, 70, 46
14, 80, 43
16, 90, 65
18, 100, 65
18, 110, 64
21, 120, 50
24, 130, 50
26, 140, 53
27, 150, 53
28, 160, 51
29, 170, 50
29, 180, 51
29, 190, 48
31, 200, 46
32, 210, 49
33, 220, 51
34, 230, 50
35, 240, 55
35, 250, 51
37, 260, 52
38, 270, 53
39, 280, 52
40, 290, 53
41, 300, 54
41, 310, 55
41, 320, 55
41, 330, 53
42, 340, 52
43, 350, 52
43, 360, 54
44, 370, 53
44, 380, 56
44, 390, 56
44, 400, 53
45, 410, 53
46, 420, 54
46, 430, 56
46, 440, 58
47, 450, 55
47, 460, 58
47, 470, 56
47, 480, 58
47, 490, 57
47, 500, 58
47, 510, 58
47, 520, 55
49, 530, 55
49, 540, 57
49, 550, 57
49, 560, 58
49, 570, 59
49, 580, 55
50, 590, 55
51, 600, 57
51, 610, 58
53, 620, 57
53, 630, 62
53, 640, 62
53, 650, 59
53, 660, 60
53, 670, 59
53, 680, 60
53, 690, 58
54, 700, 62
54, 710, 60
54, 720, 59
54, 730, 59
54, 740, 60
54, 750, 59
54, 760, 60
54, 770, 60
54, 780, 59
54, 790, 60
54, 800, 60
54, 810, 59
54, 820, 58
54, 830, 59
54, 840, 58
54, 850, 58
54, 860, 58
54, 870, 58
54, 880, 59
54, 890, 58
54, 900, 58
54, 910, 58
54, 920, 58
54, 930, 58
54, 940, 58
54, 950, 58
54, 960, 59
54, 970, 58
54, 980, 58
54, 990, 57
54, 1000, 58
54, 1010, 57
54, 1020, 57
55, 1030, 57
55, 1040, 58
56, 1050, 58
56, 1060, 61
56, 1070, 59
56, 1080, 60
56, 1090, 60
58, 1100, 59
58, 1110, 62
59, 1120, 62
59, 1130, 65
60, 1140, 64
60, 1150, 68
60, 1160, 68
60, 1170, 65
60, 1180, 68
61, 1190, 66
61, 1200, 66
61, 1210, 66
61, 1220, 66
61, 1230, 66
62, 1240, 66
62, 1250, 67
62, 1260, 67
62, 1270, 66
62, 1280, 66
62, 1290, 67
{'count': 1539, 'truepos': 41, 'falseneg': 5, 'unknownyes': 2, 'falsepos': 21, 'unique': 1290}
60: K_all3.csv: none: 0, 0
3, 10
3, 20, 77
4, 30, 65
7, 40, 62
8, 50, 63
9, 60, 59
9, 70, 54
14, 80, 49
15, 90, 61
20, 100, 55
24, 110, 62
25, 120, 66
27, 130, 61
29, 140, 60
31, 150, 63
32, 160, 49
36, 170, 46
40, 180, 51
43, 190, 57
44, 200, 64
45, 210, 61
46, 220, 61
48, 230, 61
49, 240, 61
50, 250, 60
51, 260, 60
53, 270, 59
54, 280, 61
55, 290, 61
55, 300, 64
56, 310, 62
57, 320, 62
59, 330, 61
62, 340, 66
62, 350, 69
65, 360, 68
65, 370, 70
65, 380, 72
68, 390, 70
68, 400, 73
69, 410, 74
74, 420, 74
74, 430, 79
76, 440, 79
{'count': 440, 'truepos': 27, 'falseneg': 2, 'unknownyes': 16, 'falsepos': 49, 'unique': 440}
60: K_all3.csv: three: 0, 0
1, 10
2, 20, 91
4, 30, 62
7, 40, 59
9, 50, 52
11, 60, 53
14, 70, 54
19, 80, 57
21, 90, 65
22, 100, 63
25, 110, 57
28, 120, 59
29, 130, 62
30, 140, 57
31, 150, 48
32, 160, 51
32, 170, 48
32, 180, 44
34, 190, 41
35, 200, 43
37, 210, 44
38, 220, 49
41, 230, 50
42, 240, 49
42, 250, 51
42, 260, 51
42, 270, 51
42, 280, 47
42, 290, 50
43, 300, 47
43, 310, 49
43, 320, 47
43, 330, 49
43, 340, 48
44, 350, 47
45, 360, 49
45, 370, 50
45, 380, 50
45, 390, 50
45, 400, 50
47, 410, 49
48, 420, 51
48, 430, 52
49, 440, 52
50, 450, 53
51, 460, 53
52, 470, 54
52, 480, 56
52, 490, 56
52, 500, 55
53, 510, 56
53, 520, 57
54, 530, 57
54, 540, 57
55, 550, 58
55, 560, 59
56, 570, 58
56, 580, 60
56, 590, 60
56, 600, 59
{'count': 1294, 'truepos': 39, 'falseneg': 0, 'unknownyes': 6, 'falsepos': 17, 'unique': 600}
60: K_all3.csv: machine: 0, 0
2, 10
6, 20, 70
8, 30, 77
9, 40, 68
10, 50, 63
14, 60, 55
['yes' 'yes' 'yes' 'no' 'yes' 'yes' 'yes' 'yes' 'yes' 'yes']
[]
13, 60, 55
16, 70, 56
20, 80, 59
23, 90, 59
23, 100, 60
25, 110, 55
['no' 'no' 'no' 'yes' 'no' 'yes' 'yes' 'yes' 'yes' 'yes']
['no']
21, 110, 55
23, 120, 51
24, 130, 51
25, 140, 50
25, 150, 49
26, 160, 47
['yes' 'no' 'no' 'yes' 'no' 'no' 'yes' 'no' 'yes' 'yes']
['no']
19, 160, 47
22, 170, 44
23, 180, 48
25, 190, 47
27, 200, 47
30, 210, 49
['yes' 'no' 'no' 'no' 'yes' 'yes' 'no' 'no' 'no' 'no']
['yes' 'no' 'yes' 'no' 'no' 'no' 'no' 'no' 'no' 'no']
28, 210, 49
28, 220, 48
29, 230, 47
31, 240, 47
31, 250, 42
31, 260, 42
['yes' 'yes' 'no' 'yes' 'yes' 'no' 'no']
['no' 'no' 'no' 'no' 'no' 'no' 'no' 'no' 'no' 'no']
29, 260, 42
30, 270, 47
31, 280, 38
31, 290, 40
32, 300, 40
32, 310, 38
['yes' 'no' 'yes' 'no']
['no' 'no' 'no' 'no' 'no' 'no' 'no' 'no' 'no' 'no']
31, 310, 38
32, 320, 38
34, 330, 39
38, 340, 42
38, 350, 47
39, 360, 46
['no' 'no' 'no' 'no' 'no' 'no' 'no' 'no']
['no' 'no' 'no' 'no' 'no' 'no' 'no' 'no' 'no' 'no']
34, 360, 46
35, 370, 40
36, 380, 41
37, 390, 42
39, 400, 42
42, 410, 44
['no' 'no' 'yes' 'no' 'yes' 'yes' 'yes' 'no' 'no' 'no']
['no' 'no' 'no' 'no' 'no' 'no' 'no' 'no' 'no' 'no']
['yes' 'no' 'no' 'yes' 'yes' 'no' 'no' 'yes' 'no' 'no']
['no' 'no' 'no' 'no' 'no' 'no' 'no' 'no' 'no' 'no']
{'count': 531, 'truepos': 31, 'falseneg': 4, 'unknownyes': 10, 'falsepos': 5, 'unique': 410}
60: K_all3.csv: machine2: 0, 0
3, 10
5, 20, 77
7, 30, 69
9, 40, 72
13, 50, 63
16, 60, 69
['yes' 'yes' 'yes' 'no' 'yes' 'no' 'no' 'yes' 'yes' 'no']
[]
11, 60, 69
11, 70, 59
13, 80, 51
15, 90, 49
16, 100, 47
17, 110, 46
['yes' 'no' 'yes' 'no' 'no' 'yes' 'yes' 'yes' 'no' 'yes']
['no' 'no']
15, 110, 46
17, 120, 43
20, 130, 46
21, 140, 49
23, 150, 46
23, 160, 48
['no' 'no' 'yes' 'yes' 'no' 'yes' 'no' 'no' 'no' 'no']
[]
16, 160, 48
19, 170, 40
20, 180, 46
20, 190, 45
22, 200, 44
23, 210, 45
['yes' 'yes' 'no' 'no' 'no' 'yes' 'no' 'yes']
[]
22, 210, 45
22, 220, 43
26, 230, 43
28, 240, 45
30, 250, 48
31, 260, 38
['no' 'no' 'no' 'no' 'yes' 'no' 'no' 'no' 'no']
['no' 'no' 'no' 'no' 'no' 'no' 'no' 'no' 'no' 'no']
25, 260, 38
28, 270, 44
28, 280, 47
29, 290, 46
29, 300, 47
29, 310, 46
['yes' 'no' 'no' 'yes']
[]
27, 310, 46
28, 320, 45
28, 330, 45
29, 340, 45
33, 350, 46
34, 360, 39
['no' 'no' 'no' 'yes' 'no' 'no' 'no']
['no' 'no' 'no' 'no' 'no' 'no' 'no' 'no' 'no' 'no']
31, 360, 39
31, 370, 36
33, 380, 36
36, 390, 38
40, 400, 43
40, 410, 47
['yes' 'no' 'no' 'no' 'yes' 'no' 'no' 'no' 'no' 'no']
['no' 'no' 'no' 'no' 'no' 'no' 'no' 'no' 'no' 'no']
35, 410, 47
35, 420, 39
37, 430, 38
38, 440, 41
39, 450, 42
41, 460, 42
['no' 'no' 'no' 'no' 'yes' 'yes' 'no']
['no' 'no' 'no' 'no' 'no' 'no' 'no' 'no' 'no' 'no']
['yes' 'no' 'no' 'yes' 'no' 'no' 'no']
['no' 'no' 'no' 'no' 'no' 'no' 'no' 'no' 'no' 'no']
{'count': 621, 'truepos': 26, 'falseneg': 6, 'unknownyes': 13, 'falsepos': 11, 'unique': 460}
60: K_all3.csv: machine3: 0, 0
2, 10
3, 20, 70
3, 30, 64
3, 40, 51
4, 50, 45
4, 60, 46
null
[]
5, 70, 45
6, 80, 46
6, 90, 45
8, 100, 44
9, 110, 47
9, 120, 44
null
[]
9, 130, 43
9, 140, 42
9, 150, 41
9, 160, 40
9, 170, 40
9, 180, 40
null
[]
10, 190, 40
10, 200, 40
10, 210, 40
10, 220, 40
11, 230, 39
12, 240, 40
null
[]
16, 250, 40
18, 260, 43
18, 270, 44
19, 280, 43
21, 290, 43
21, 300, 43
null
['no' 'no']
21, 300, 43
23, 310, 42
24, 320, 45
26, 330, 45
28, 340, 47
30, 350, 49
null
['no' 'no' 'no' 'no' 'no' 'no' 'no' 'no' 'no' 'no']
31, 350, 49
33, 360, 40
34, 370, 42
35, 380, 42
36, 390, 42
36, 400, 44
null
['no' 'no' 'yes' 'no' 'no' 'no' 'no' 'no' 'no' 'no']
37, 400, 44
38, 410, 47
40, 420, 43
40, 430, 47
41, 440, 44
41, 450, 47
null
['no' 'yes' 'no' 'no' 'no' 'no' 'no' 'no' 'no' 'no']
42, 450, 47
43, 460, 46
43, 470, 47
43, 480, 46
43, 490, 47
43, 500, 46
null
['no' 'no' 'no' 'no' 'no' 'no' 'no' 'no' 'no' 'no']
43, 500, 46
44, 510, 46
44, 520, 47
45, 530, 48
null
['no' 'no' 'no' 'no' 'no' 'no' 'no' 'no' 'no' 'no']
{'count': 730, 'truepos': 32, 'falseneg': 6, 'unknownyes': 7, 'falsepos': 13, 'unique': 530}
60: K_all3.csv: machine4: 0, 0
2, 10
3, 20, 70
4, 30, 65
4, 40, 59
9, 50, 46
11, 60, 52
12, 70, 51
14, 80, 45
16, 90, 47
20, 100, 47
22, 110, 52
22, 120, 51
22, 130, 48
22, 140, 45
24, 150, 43
27, 160, 46
27, 170, 49
29, 180, 47
34, 190, 49
35, 200, 52
35, 210, 47
35, 220, 47
36, 230, 43
36, 240, 46
36, 250, 46
36, 260, 42
38, 270, 42
38, 280, 43
38, 290, 43
39, 300, 42
39, 310, 43
39, 320, 43
40, 330, 44
40, 340, 45
42, 350, 44
42, 360, 47
43, 370, 47
43, 380, 47
43, 390, 46
43, 400, 46
44, 410, 46
44, 420, 47
44, 430, 47
{'count': 538, 'truepos': 36, 'falseneg': 1, 'unknownyes': 8, 'falsepos': 8, 'unique': 430}

------------------------------------------------------------
Sender: LSF System <lsfadmin@n2e1-6>
Subject: Job 299626: </share/tjmenzie/zyu9/miniconda2/bin/python2.7 runner.py error_hpcc 60> Done

Job </share/tjmenzie/zyu9/miniconda2/bin/python2.7 runner.py error_hpcc 60> was submitted from host <login01.hpc.ncsu.edu> by user <zyu9> in cluster <henry2>.
Job was executed on host(s) <2*n2e1-6>, in queue <single_chassis>, as user <zyu9> in cluster <henry2>.
</home/zyu9> was used as the home directory.
</home/zyu9/projects/MAR_HPC/Error/src> was used as the working directory.
Started at Mon Nov  6 09:14:01 2017
Results reported at Mon Nov  6 13:51:47 2017

Your job looked like:

------------------------------------------------------------
# LSBATCH: User input
/share/tjmenzie/zyu9/miniconda2/bin/python2.7 runner.py error_hpcc 60
------------------------------------------------------------

Successfully completed.

Resource usage summary:

    CPU time   :  19424.88 sec.
    Max Memory :       170 MB
    Max Swap   :      1188 MB

    Max Processes  :         3
    Max Threads    :         8

The output (if any) is above this job summary.



PS:

Read file <./err/60.err.299626> for stderr output of this job.

