7: Hall.csv: none: 0, 0
5, 10
8, 20, 100
11, 30, 111
13, 40, 107
14, 50, 97
17, 60, 94
21, 70, 89
25, 80, 94
28, 90, 100
31, 100, 99
34, 110, 74
36, 120, 78
39, 130, 73
42, 140, 76
44, 150, 81
50, 160, 69
51, 170, 90
53, 180, 77
54, 190, 99
55, 200, 78
56, 210, 75
57, 220, 74
60, 230, 75
61, 240, 78
64, 250, 75
66, 260, 84
68, 270, 83
69, 280, 87
70, 290, 84
71, 300, 87
72, 310, 86
72, 320, 87
72, 330, 88
72, 340, 91
72, 350, 92
72, 360, 83
72, 370, 83
72, 380, 81
72, 390, 84
72, 400, 83
72, 410, 84
72, 420, 84
72, 430, 82
73, 440, 84
73, 450, 87
73, 460, 82
73, 470, 84
73, 480, 87
74, 490, 84
74, 500, 83
74, 510, 82
74, 520, 85
74, 530, 83
74, 540, 84
74, 550, 81
74, 560, 81
74, 570, 82
74, 580, 81
74, 590, 81
74, 600, 84
74, 610, 80
74, 620, 80
74, 630, 81
74, 640, 81
74, 650, 79
74, 660, 80
74, 670, 82
74, 680, 81
74, 690, 82
74, 700, 81
74, 710, 80
74, 720, 80
74, 730, 79
74, 740, 80
74, 750, 80
74, 760, 80
74, 770, 78
74, 780, 80
74, 790, 79
74, 800, 79
74, 810, 80
74, 820, 78
74, 830, 78
74, 840, 78
74, 850, 78
74, 860, 79
74, 870, 78
74, 880, 78
74, 890, 78
74, 900, 78
74, 910, 78
74, 920, 78
74, 930, 78
74, 940, 78
74, 950, 78
74, 960, 78
74, 970, 77
74, 980, 78
74, 990, 78
74, 1000, 77
74, 1010, 77
74, 1020, 77
74, 1030, 77
74, 1040, 78
74, 1050, 77
74, 1060, 77
75, 1070, 77
75, 1080, 79
75, 1090, 81
75, 1100, 78
75, 1110, 79
75, 1120, 80
75, 1130, 79
75, 1140, 78
75, 1150, 79
75, 1160, 79
75, 1170, 79
75, 1180, 79
75, 1190, 79
75, 1200, 79
75, 1210, 79
75, 1220, 79
75, 1230, 78
75, 1240, 79
75, 1250, 79
75, 1260, 79
75, 1270, 79
75, 1280, 78
75, 1290, 79
75, 1300, 79
76, 1310, 78
{'count': 1310, 'truepos': 74, 'falseneg': 29, 'correction': 0, 'unknownyes': 1, 'falsepos': 2, 'unique': 1310}
7: Hall.csv: three: 0, 0
6, 10
6, 20, 105
8, 30, 100
11, 40, 92
16, 50, 95
20, 60, 92
24, 70, 93
27, 80, 95
31, 90, 86
37, 100, 61
38, 110, 67
45, 120, 63
48, 130, 77
51, 140, 80
53, 150, 84
56, 160, 84
58, 170, 86
61, 180, 80
64, 190, 90
66, 200, 89
70, 210, 89
70, 220, 95
71, 230, 89
74, 240, 90
77, 250, 90
79, 260, 100
82, 270, 101
82, 280, 109
83, 290, 103
84, 300, 102
84, 310, 98
84, 320, 100
84, 330, 100
86, 340, 98
86, 350, 104
87, 360, 97
87, 370, 103
87, 380, 101
87, 390, 98
87, 400, 100
87, 410, 101
87, 420, 99
87, 430, 97
87, 440, 97
87, 450, 100
87, 460, 97
87, 470, 96
88, 480, 97
88, 490, 96
88, 500, 95
88, 510, 96
88, 520, 98
88, 530, 96
88, 540, 95
88, 550, 96
88, 560, 94
88, 570, 95
88, 580, 95
88, 590, 95
88, 600, 94
88, 610, 94
88, 620, 93
88, 630, 93
88, 640, 94
88, 650, 93
88, 660, 93
88, 670, 94
88, 680, 93
88, 690, 93
88, 700, 92
88, 710, 93
88, 720, 93
88, 730, 92
88, 740, 93
88, 750, 92
88, 760, 93
88, 770, 93
88, 780, 92
88, 790, 92
88, 800, 93
88, 810, 93
89, 820, 92
89, 830, 94
89, 840, 93
89, 850, 94
89, 860, 93
89, 870, 94
89, 880, 94
89, 890, 93
89, 900, 93
89, 910, 93
89, 920, 94
89, 930, 93
89, 940, 93
89, 950, 93
89, 960, 93
89, 970, 92
89, 980, 92
89, 990, 93
89, 1000, 93
89, 1010, 93
89, 1020, 93
89, 1030, 93
89, 1040, 92
89, 1050, 92
89, 1060, 93
89, 1070, 93
89, 1080, 92
89, 1090, 93
89, 1100, 92
89, 1110, 92
89, 1120, 92
89, 1130, 92
89, 1140, 92
89, 1150, 92
89, 1160, 92
89, 1170, 92
89, 1180, 92
89, 1190, 92
89, 1200, 92
89, 1210, 92
89, 1220, 92
89, 1230, 92
89, 1240, 92
89, 1250, 92
89, 1260, 92
89, 1270, 92
89, 1280, 91
89, 1290, 92
89, 1300, 92
89, 1310, 91
89, 1320, 91
89, 1330, 91
89, 1340, 91
89, 1350, 91
89, 1360, 91
89, 1370, 91
89, 1380, 91
89, 1390, 91
89, 1400, 91
89, 1410, 91
89, 1420, 91
89, 1430, 91
89, 1440, 91
89, 1450, 91
89, 1460, 91
89, 1470, 91
89, 1480, 91
89, 1490, 91
89, 1500, 91
89, 1510, 91
89, 1520, 91
89, 1530, 91
89, 1540, 91
{'count': 3130, 'truepos': 89, 'falseneg': 14, 'correction': 48, 'unknownyes': 1, 'falsepos': 0, 'unique': 1540}
7: Hall.csv: machine: 0, 0
6, 10
8, 20, 106
11, 30, 108
15, 40, 108
18, 50, 91
21, 60, 89
['yes']
['yes' 'no' 'no' 'no' 'no' 'yes' 'no' 'yes' 'no' 'yes' 'yes' 'no' 'no'
 'yes' 'no' 'no' 'no' 'no' 'no']
23, 60, 89
27, 70, 91
32, 80, 89
36, 90, 75
36, 100, 80
38, 110, 71
['yes']
['no' 'no' 'no' 'no' 'no' 'no' 'no' 'no' 'no' 'no' 'no' 'no' 'no' 'no'
 'no' 'no' 'no' 'no' 'no']
38, 110, 71
41, 120, 68
42, 130, 69
48, 140, 69
51, 150, 86
52, 160, 90
['yes']
['yes' 'no' 'no' 'no' 'yes' 'no' 'no' 'no' 'no' 'yes' 'no' 'no' 'no' 'no'
 'no' 'no' 'no' 'no' 'no']
54, 160, 90
55, 170, 92
58, 180, 75
59, 190, 79
63, 200, 77
65, 210, 82
['yes']
['no' 'no' 'yes' 'yes' 'no' 'yes' 'yes' 'no' 'no' 'no' 'no' 'no' 'yes'
 'yes' 'no' 'no' 'no' 'no' 'no']
68, 210, 82
70, 220, 84
72, 230, 86
73, 240, 90
73, 250, 92
74, 260, 90
['yes']
['no' 'no' 'no' 'yes' 'yes' 'no' 'no' 'yes' 'yes' 'no' 'no' 'no' 'no' 'no'
 'no' 'no' 'yes' 'no' 'no']
78, 260, 90
79, 270, 93
81, 280, 93
83, 290, 94
83, 300, 96
83, 310, 95
['yes']
['yes' 'no' 'no' 'no' 'no' 'no' 'no' 'no' 'no' 'no' 'no' 'no' 'yes' 'no'
 'no' 'no' 'no' 'no' 'yes']
85, 310, 95
86, 320, 100
86, 330, 99
86, 340, 98
86, 350, 99
86, 360, 96
['yes']
['no' 'yes' 'no' 'no' 'no' 'no' 'no' 'no' 'no' 'no' 'yes' 'no' 'no' 'no'
 'yes' 'no' 'no' 'no' 'no']
88, 360, 96
88, 370, 101
88, 380, 101
89, 390, 99
89, 400, 99
89, 410, 100
['yes']
['no' 'no' 'no' 'no' 'no' 'no' 'no' 'no' 'no' 'no' 'no' 'no' 'no' 'no'
 'no' 'no' 'no' 'no' 'no']
89, 410, 100
89, 420, 99
89, 430, 98
89, 440, 97
90, 450, 98
90, 460, 98
['yes']
['no' 'no' 'no' 'no' 'no' 'no' 'no' 'no' 'no' 'no' 'no' 'no' 'no' 'no'
 'no' 'no' 'no' 'no' 'no']
90, 460, 98
90, 470, 98
90, 480, 100
90, 490, 97
90, 500, 98
90, 510, 96
['yes']
['no' 'no' 'no' 'no' 'no' 'no' 'no' 'no' 'no' 'no' 'no' 'no' 'no' 'no'
 'no' 'no' 'no' 'no' 'no']
90, 510, 96
90, 520, 97
90, 530, 97
90, 540, 102
90, 550, 97
90, 560, 96
['yes']
['no' 'no' 'no' 'no' 'no' 'no' 'no' 'no' 'no' 'no' 'no' 'no' 'no' 'no'
 'no' 'no' 'no' 'no' 'no']
90, 560, 96
90, 570, 95
90, 580, 96
90, 590, 96
90, 600, 96
{'count': 823, 'truepos': 90, 'falseneg': 12, 'correction': 18, 'unknownyes': 2, 'falsepos': 0, 'unique': 600}
7: Hall.csv: knee: 0, 0
7, 10
8, 20
10, 30
12, 40
15, 50
19, 60
21, 70
22, 80
24, 90
27, 100
29, 110
31, 120
34, 130
36, 140
39, 150
41, 160
45, 170
47, 180
50, 190
51, 200
52, 210
54, 220
54, 230
54, 240
55, 250
55, 260
57, 270
60, 280
62, 290
62, 300
62, 310
62, 320
63, 330
64, 340
66, 350
66, 360
66, 370
66, 380
66, 390
66, 400
66, 410
66, 420
68, 430
68, 440
68, 450
68, 460
68, 470
68, 480
68, 490
68, 500
68, 510
68, 520
68, 530
68, 540
69, 550
69, 560
69, 570
69, 580
69, 590
69, 600
69, 610
{'count': 847, 'truepos': 90, 'falseneg': 12, 'correction': 23, 'unknownyes': 2, 'falsepos': 2, 'unique': 610}
7: Wahono.csv: none: 0, 0
5, 10
5, 20, 97
9, 30, 92
10, 40, 88
13, 50, 72
15, 60, 71
16, 70, 74
16, 80, 64
16, 90, 47
18, 100, 43
19, 110, 43
19, 120, 43
21, 130, 42
22, 140, 47
22, 150, 47
23, 160, 46
24, 170, 47
24, 180, 48
24, 190, 47
24, 200, 47
25, 210, 47
28, 220, 48
29, 230, 52
30, 240, 50
31, 250, 51
31, 260, 50
31, 270, 50
31, 280, 50
32, 290, 47
32, 300, 48
32, 310, 46
32, 320, 47
32, 330, 44
33, 340, 44
34, 350, 48
35, 360, 48
35, 370, 52
37, 380, 50
37, 390, 51
38, 400, 51
38, 410, 54
39, 420, 49
39, 430, 49
39, 440, 48
39, 450, 51
39, 460, 52
39, 470, 50
40, 480, 48
40, 490, 50
40, 500, 52
40, 510, 48
41, 520, 49
42, 530, 49
42, 540, 50
42, 550, 50
42, 560, 50
42, 570, 52
42, 580, 52
42, 590, 50
42, 600, 50
42, 610, 51
42, 620, 50
42, 630, 49
42, 640, 48
43, 650, 48
43, 660, 49
43, 670, 50
43, 680, 49
43, 690, 50
43, 700, 49
43, 710, 49
44, 720, 48
45, 730, 50
45, 740, 51
45, 750, 51
45, 760, 50
45, 770, 51
45, 780, 50
45, 790, 50
45, 800, 51
45, 810, 49
45, 820, 50
45, 830, 49
45, 840, 49
45, 850, 50
45, 860, 50
45, 870, 49
45, 880, 50
45, 890, 50
45, 900, 50
45, 910, 50
45, 920, 49
45, 930, 49
45, 940, 49
45, 950, 49
45, 960, 49
45, 970, 49
45, 980, 49
45, 990, 49
45, 1000, 49
45, 1010, 49
45, 1020, 48
45, 1030, 48
45, 1040, 49
45, 1050, 49
45, 1060, 48
45, 1070, 48
45, 1080, 48
45, 1090, 48
45, 1100, 49
45, 1110, 48
45, 1120, 48
45, 1130, 48
45, 1140, 48
45, 1150, 48
45, 1160, 48
45, 1170, 48
{'count': 1170, 'truepos': 43, 'falseneg': 16, 'correction': 0, 'unknownyes': 3, 'falsepos': 2, 'unique': 1170}
7: Wahono.csv: three: 0, 0
6, 10
6, 20, 97
8, 30, 95
9, 40, 97
10, 50, 80
12, 60, 58
14, 70, 56
14, 80, 54
14, 90, 44
16, 100, 43
18, 110, 46
19, 120, 49
20, 130, 48
20, 140, 49
20, 150, 48
20, 160, 47
21, 170, 47
22, 180, 48
23, 190, 51
23, 200, 51
24, 210, 50
27, 220, 51
28, 230, 57
28, 240, 58
29, 250, 55
29, 260, 54
30, 270, 53
31, 280, 50
33, 290, 51
33, 300, 58
33, 310, 55
33, 320, 57
34, 330, 52
36, 340, 53
37, 350, 58
39, 360, 54
39, 370, 61
39, 380, 54
40, 390, 56
40, 400, 57
40, 410, 60
40, 420, 58
40, 430, 57
41, 440, 53
41, 450, 58
41, 460, 54
41, 470, 55
41, 480, 53
41, 490, 53
41, 500, 54
41, 510, 56
41, 520, 53
41, 530, 52
41, 540, 51
41, 550, 52
41, 560, 52
41, 570, 53
41, 580, 53
41, 590, 51
41, 600, 52
41, 610, 50
41, 620, 49
43, 630, 50
44, 640, 52
44, 650, 52
45, 660, 55
45, 670, 54
45, 680, 55
45, 690, 53
45, 700, 54
45, 710, 54
45, 720, 52
45, 730, 52
45, 740, 52
45, 750, 52
45, 760, 52
45, 770, 53
45, 780, 52
45, 790, 51
45, 800, 52
45, 810, 53
45, 820, 52
45, 830, 53
45, 840, 51
45, 850, 52
45, 860, 50
45, 870, 51
45, 880, 51
45, 890, 51
45, 900, 52
46, 910, 50
46, 920, 51
46, 930, 52
46, 940, 53
46, 950, 51
46, 960, 52
46, 970, 51
46, 980, 51
46, 990, 51
46, 1000, 51
47, 1010, 51
47, 1020, 52
47, 1030, 52
47, 1040, 52
47, 1050, 52
47, 1060, 52
47, 1070, 53
47, 1080, 52
47, 1090, 51
47, 1100, 52
47, 1110, 51
47, 1120, 52
47, 1130, 52
47, 1140, 51
47, 1150, 51
47, 1160, 51
47, 1170, 51
47, 1180, 51
47, 1190, 51
47, 1200, 50
47, 1210, 51
47, 1220, 51
47, 1230, 51
47, 1240, 51
47, 1250, 51
47, 1260, 51
47, 1270, 51
47, 1280, 51
47, 1290, 51
47, 1300, 50
47, 1310, 51
47, 1320, 51
47, 1330, 50
47, 1340, 50
47, 1350, 51
47, 1360, 50
47, 1370, 50
47, 1380, 50
47, 1390, 50
47, 1400, 51
47, 1410, 51
47, 1420, 50
47, 1430, 50
47, 1440, 50
47, 1450, 50
47, 1460, 50
47, 1470, 50
47, 1480, 50
47, 1490, 50
47, 1500, 50
47, 1510, 50
47, 1520, 50
47, 1530, 50
47, 1540, 50
47, 1550, 50
47, 1560, 50
47, 1570, 50
47, 1580, 50
47, 1590, 49
47, 1600, 49
47, 1610, 50
47, 1620, 49
47, 1630, 50
47, 1640, 50
47, 1650, 49
47, 1660, 49
47, 1670, 49
47, 1680, 49
47, 1690, 49
47, 1700, 49
47, 1710, 49
47, 1720, 49
47, 1730, 50
47, 1740, 49
47, 1750, 49
47, 1760, 49
47, 1770, 49
47, 1780, 49
47, 1790, 49
47, 1800, 49
47, 1810, 49
47, 1820, 49
47, 1830, 49
47, 1840, 49
47, 1850, 49
47, 1860, 49
47, 1870, 49
47, 1880, 49
47, 1890, 49
47, 1900, 49
47, 1910, 49
47, 1920, 49
47, 1930, 49
47, 1940, 49
47, 1950, 49
47, 1960, 49
{'count': 3964, 'truepos': 47, 'falseneg': 12, 'correction': 41, 'unknownyes': 3, 'falsepos': 0, 'unique': 1960}
7: Wahono.csv: machine: 0, 0
4, 10
4, 20, 91
9, 30, 84
9, 40, 92
10, 50, 56
10, 60, 45
['yes']
['no' 'yes' 'no' 'yes' 'no' 'no' 'no' 'no' 'no' 'yes' 'no' 'no' 'no' 'no'
 'no' 'no' 'no' 'no' 'no']
12, 60, 45
12, 70, 45
12, 80, 39
14, 90, 38
15, 100, 41
16, 110, 41
['yes']
['no' 'no' 'no' 'yes' 'no' 'no' 'yes' 'no' 'no' 'yes' 'no' 'no' 'no' 'no'
 'no' 'no' 'no' 'no' 'no']
17, 110, 41
18, 120, 45
18, 130, 44
19, 140, 42
19, 150, 43
19, 160, 42
['yes']
['no' 'no' 'no' 'yes' 'no' 'no' 'no' 'no' 'no' 'no' 'no' 'no' 'no' 'no'
 'no' 'no' 'no' 'no' 'no']
20, 160, 42
20, 170, 43
21, 180, 43
24, 190, 44
24, 200, 52
24, 210, 46
['yes']
['no' 'no' 'no' 'no' 'no' 'no' 'no' 'no' 'no' 'no' 'no' 'no' 'no' 'no'
 'no' 'no' 'no' 'no' 'no']
24, 210, 46
25, 220, 45
25, 230, 45
26, 240, 44
28, 250, 45
29, 260, 47
['yes']
['no' 'no' 'no' 'yes' 'no' 'no' 'no' 'no' 'no' 'no' 'no' 'no' 'no' 'no'
 'no' 'no' 'no' 'no' 'no']
29, 260, 47
30, 270, 49
30, 280, 48
30, 290, 46
30, 300, 49
30, 310, 49
['no']
['no' 'no' 'no' 'no' 'no' 'no' 'no' 'no' 'no' 'no' 'no' 'no' 'no' 'no'
 'no' 'no' 'no' 'no' 'no']
29, 310, 49
30, 320, 48
32, 330, 42
32, 340, 43
32, 350, 44
32, 360, 45
['yes']
['no' 'no' 'no' 'no' 'no' 'no' 'no' 'no' 'no' 'no' 'no' 'no' 'no' 'no'
 'no' 'no' 'no' 'no' 'no']
32, 360, 45
33, 370, 43
34, 380, 43
34, 390, 45
34, 400, 46
34, 410, 47
['yes']
['no' 'yes' 'no' 'no' 'no' 'no' 'no' 'no' 'no' 'yes' 'no' 'no' 'no' 'no'
 'yes' 'no' 'no' 'no' 'no']
36, 410, 47
36, 420, 50
38, 430, 45
39, 440, 54
40, 450, 52
40, 460, 53
['yes']
['yes' 'no' 'yes' 'no' 'yes' 'no' 'no' 'yes' 'no' 'no' 'no' 'no' 'no' 'no'
 'no' 'no' 'no' 'no' 'no']
42, 460, 53
42, 470, 57
42, 480, 57
42, 490, 57
42, 500, 56
42, 510, 55
['yes']
['no' 'no' 'no' 'no' 'no' 'no' 'no' 'no' 'no' 'no' 'no' 'no' 'no' 'no'
 'no' 'no' 'no' 'no' 'no']
42, 510, 55
42, 520, 51
42, 530, 51
42, 540, 51
43, 550, 52
43, 560, 50
['yes']
['no' 'no' 'no' 'no' 'no' 'no' 'no' 'no' 'no' 'no' 'no' 'no' 'no' 'no'
 'no' 'no' 'no' 'no' 'no']
43, 560, 50
43, 570, 53
43, 580, 51
43, 590, 54
43, 600, 53
43, 610, 50
['yes']
['no' 'no' 'no' 'no' 'no' 'no' 'no' 'no' 'no' 'no' 'no' 'no' 'no' 'no'
 'no' 'no' 'no' 'no' 'no']
42, 610, 50
44, 620, 49
44, 630, 56
44, 640, 55
44, 650, 53
44, 660, 51
['yes']
['no' 'no' 'no' 'no' 'no' 'no' 'no' 'no' 'no' 'no' 'no' 'no' 'no' 'no'
 'no' 'no' 'no' 'no' 'no']
44, 660, 51
44, 670, 51
44, 680, 54
44, 690, 52
44, 700, 50
44, 710, 52
['yes']
['no' 'no' 'no' 'no' 'no' 'no' 'no' 'no' 'no' 'no' 'no' 'no' 'no' 'no'
 'no' 'no' 'no' 'no' 'no']
44, 710, 52
45, 720, 53
45, 730, 51
45, 740, 54
45, 750, 55
45, 760, 57
['no']
['no' 'no' 'no' 'no' 'no' 'no' 'no' 'no' 'no' 'no' 'no' 'no' 'no' 'no'
 'no' 'no' 'no' 'no' 'no']
44, 760, 57
44, 770, 51
44, 780, 51
44, 790, 51
44, 800, 53
45, 810, 49
['no']
['no' 'no' 'no' 'no' 'no' 'no' 'no' 'no' 'no' 'no' 'no' 'no' 'no' 'no'
 'no' 'no' 'no' 'no' 'no']
44, 810, 49
44, 820, 50
44, 830, 49
44, 840, 51
44, 850, 48
45, 860, 48
['no']
['no' 'no' 'no' 'no' 'no' 'no' 'yes' 'no' 'no' 'no' 'no' 'no' 'no' 'no'
 'no' 'no' 'no' 'no' 'no']
44, 860, 48
45, 870, 48
45, 880, 51
45, 890, 50
45, 900, 50
46, 910, 50
['yes']
['no' 'no' 'no' 'no' 'no' 'no' 'no' 'no' 'no' 'no' 'no' 'no' 'no' 'no'
 'no' 'no' 'no' 'no' 'no']
46, 910, 50
46, 920, 52
46, 930, 51
46, 940, 51
46, 950, 51
46, 960, 52
['yes']
['no' 'no' 'no' 'no' 'yes' 'no' 'no' 'no' 'no' 'no' 'no' 'no' 'no' 'no'
 'no' 'no' 'no' 'no' 'no']
46, 960, 52
46, 970, 52
46, 980, 50
46, 990, 51
46, 1000, 52
46, 1010, 50
['yes']
['no' 'no' 'no' 'no' 'no' 'no' 'no' 'no' 'no' 'no' 'no' 'yes' 'no' 'no'
 'no' 'no' 'no' 'no' 'no']
46, 1010, 50
46, 1020, 49
46, 1030, 50
46, 1040, 50
46, 1050, 49
46, 1060, 50
['yes']
['no' 'no' 'no' 'no' 'no' 'no' 'no' 'no' 'no' 'no' 'no' 'no' 'no' 'no'
 'no' 'no' 'no' 'no' 'no']
45, 1060, 50
45, 1070, 48
46, 1080, 48
46, 1090, 49
46, 1100, 50
46, 1110, 49
['no']
['no' 'no' 'no' 'no' 'no' 'no' 'no' 'no' 'no' 'no' 'no' 'no' 'no' 'no'
 'no' 'no' 'no' 'no' 'no']
45, 1110, 49
45, 1120, 48
45, 1130, 49
45, 1140, 48
45, 1150, 48
{'count': 1602, 'truepos': 44, 'falseneg': 14, 'correction': 19, 'unknownyes': 4, 'falsepos': 1, 'unique': 1150}
7: Wahono.csv: knee: 0, 0
3, 10
5, 20
6, 30
9, 40
9, 50
11, 60
12, 70
12, 80
13, 90
13, 100
13, 110
14, 120
14, 130
14, 140
15, 150
15, 160
15, 170
16, 180
16, 190
17, 200
18, 210
18, 220
18, 230
18, 240
18, 250
18, 260
18, 270
18, 280
18, 290
18, 300
18, 310
18, 320
18, 330
18, 340
18, 350
18, 360
18, 370
18, 380
18, 390
18, 400
18, 410
18, 420
18, 430
18, 440
18, 450
18, 460
19, 470
19, 480
19, 490
19, 500
19, 510
19, 520
19, 530
19, 540
19, 550
19, 560
19, 570
20, 580
20, 590
21, 600
21, 610
22, 620
23, 630
25, 640
26, 650
27, 660
29, 670
30, 680
32, 690
36, 700
36, 710
37, 720
37, 730
37, 740
37, 750
37, 760
38, 770
39, 780
40, 790
40, 800
40, 810
41, 820
41, 830
41, 840
41, 850
41, 860
41, 870
42, 880
42, 890
42, 900
42, 910
42, 920
42, 930
42, 940
42, 950
43, 960
43, 970
43, 980
43, 990
43, 1000
43, 1010
44, 1020
44, 1030
44, 1040
44, 1050
44, 1060
44, 1070
45, 1080
45, 1090
45, 1100
45, 1110
46, 1120
48, 1130
48, 1140
48, 1150
48, 1160
48, 1170
48, 1180
49, 1190
49, 1200
49, 1210
49, 1220
49, 1230
49, 1240
49, 1250
49, 1260
49, 1270
49, 1280
49, 1290
49, 1300
49, 1310
49, 1320
49, 1330
49, 1340
49, 1350
50, 1360
50, 1370
50, 1380
50, 1390
50, 1400
50, 1410
50, 1420
50, 1430
50, 1440
50, 1450
50, 1460
50, 1470
50, 1480
50, 1490
50, 1500
50, 1510
50, 1520
50, 1530
50, 1540
50, 1550
50, 1560
50, 1570
50, 1580
50, 1590
50, 1600
50, 1610
50, 1620
50, 1630
50, 1640
50, 1650
50, 1660
50, 1670
50, 1680
50, 1690
51, 1700
51, 1710
51, 1720
51, 1730
51, 1740
51, 1750
51, 1760
51, 1770
51, 1780
52, 1790
52, 1800
52, 1810
52, 1820
53, 1830
53, 1840
53, 1850
53, 1860
53, 1870
53, 1880
53, 1890
53, 1900
53, 1910
53, 1920
53, 1930
53, 1940
53, 1950
53, 1960
53, 1970
53, 1980
53, 1990
53, 2000
53, 2010
53, 2020
53, 2030
53, 2040
53, 2050
53, 2060
53, 2070
53, 2080
53, 2090
53, 2100
53, 2110
53, 2120
53, 2130
53, 2140
53, 2150
53, 2160
53, 2170
53, 2180
53, 2190
53, 2200
53, 2210
53, 2220
53, 2230
53, 2240
53, 2250
53, 2260
53, 2270
53, 2280
53, 2290
53, 2300
53, 2310
53, 2320
53, 2330
53, 2340
53, 2350
53, 2360
53, 2370
53, 2380
53, 2390
53, 2400
53, 2410
53, 2420
53, 2430
53, 2440
53, 2450
53, 2460
53, 2470
53, 2480
53, 2490
53, 2500
53, 2510
53, 2520
53, 2530
53, 2540
53, 2550
53, 2560
53, 2570
53, 2580
53, 2590
53, 2600
53, 2610
53, 2620
53, 2630
53, 2640
53, 2650
53, 2660
53, 2670
53, 2680
53, 2690
53, 2700
53, 2710
53, 2720
53, 2730
53, 2740
53, 2750
53, 2760
53, 2770
53, 2780
53, 2790
53, 2800
53, 2810
53, 2820
53, 2830
53, 2840
53, 2850
53, 2860
53, 2870
53, 2880
53, 2890
53, 2900
53, 2910
53, 2920
53, 2930
53, 2940
53, 2950
53, 2960
53, 2970
53, 2980
53, 2990
53, 3000
53, 3010
53, 3020
53, 3030
53, 3040
53, 3050
53, 3060
53, 3070
53, 3080
53, 3090
53, 3100
53, 3110
53, 3120
53, 3130
53, 3140
53, 3150
53, 3160
53, 3170
53, 3180
53, 3190
53, 3200
53, 3210
53, 3220
53, 3230
54, 3240
54, 3250
54, 3260
54, 3270
54, 3280
54, 3290
54, 3300
54, 3310
54, 3320
54, 3330
54, 3340
54, 3350
54, 3360
54, 3370
54, 3380
54, 3390
54, 3400
54, 3410
54, 3420
54, 3430
54, 3440
{'count': 4590, 'truepos': 55, 'falseneg': 7, 'correction': 13, 'unknownyes': 0, 'falsepos': 12, 'unique': 3440}
7: Danijel.csv: none: 0, 0
3, 10
4, 20, 99
4, 30, 96
5, 40, 65
7, 50, 57
11, 60, 56
13, 70, 65
13, 80, 65
14, 90, 51
14, 100, 50
14, 110, 46
16, 120, 43
16, 130, 46
16, 140, 43
18, 150, 42
19, 160, 42
20, 170, 43
22, 180, 43
23, 190, 45
23, 200, 46
24, 210, 45
24, 220, 47
24, 230, 45
24, 240, 45
24, 250, 45
25, 260, 45
26, 270, 46
27, 280, 46
28, 290, 46
29, 300, 46
30, 310, 46
30, 320, 45
30, 330, 43
30, 340, 44
33, 350, 40
34, 360, 44
34, 370, 45
34, 380, 50
34, 390, 44
34, 400, 46
34, 410, 43
34, 420, 45
34, 430, 44
34, 440, 45
34, 450, 43
34, 460, 43
34, 470, 42
34, 480, 44
35, 490, 43
36, 500, 43
36, 510, 45
36, 520, 44
36, 530, 46
36, 540, 44
36, 550, 42
36, 560, 45
36, 570, 43
36, 580, 41
36, 590, 42
36, 600, 42
36, 610, 42
36, 620, 42
36, 630, 43
37, 640, 42
38, 650, 42
38, 660, 43
38, 670, 43
38, 680, 43
38, 690, 43
38, 700, 43
38, 710, 43
38, 720, 43
38, 730, 42
38, 740, 42
38, 750, 42
38, 760, 43
38, 770, 42
38, 780, 44
38, 790, 42
38, 800, 43
38, 810, 42
38, 820, 43
38, 830, 41
38, 840, 42
38, 850, 42
38, 860, 41
38, 870, 41
38, 880, 42
38, 890, 41
{'count': 890, 'truepos': 37, 'falseneg': 9, 'correction': 0, 'unknownyes': 2, 'falsepos': 1, 'unique': 890}
7: Danijel.csv: three: 0, 0
3, 10
4, 20, 120
6, 30, 96
7, 40, 92
8, 50, 67
9, 60, 61
9, 70, 55
10, 80, 53
12, 90, 44
13, 100, 51
13, 110, 48
14, 120, 44
15, 130, 44
17, 140, 43
17, 150, 43
19, 160, 43
19, 170, 43
19, 180, 43
20, 190, 42
20, 200, 43
21, 210, 42
22, 220, 42
22, 230, 44
23, 240, 44
25, 250, 44
25, 260, 45
25, 270, 44
26, 280, 44
26, 290, 45
26, 300, 45
27, 310, 45
27, 320, 46
27, 330, 46
28, 340, 46
28, 350, 47
28, 360, 47
28, 370, 47
28, 380, 47
28, 390, 47
28, 400, 47
28, 410, 48
28, 420, 48
28, 430, 48
28, 440, 48
28, 450, 48
28, 460, 48
28, 470, 48
28, 480, 48
28, 490, 48
28, 500, 48
28, 510, 49
29, 520, 49
29, 530, 50
29, 540, 50
29, 550, 50
30, 560, 50
30, 570, 37
30, 580, 37
31, 590, 37
32, 600, 38
32, 610, 43
32, 620, 40
32, 630, 42
32, 640, 41
32, 650, 37
32, 660, 38
32, 670, 41
32, 680, 43
32, 690, 39
32, 700, 39
32, 710, 38
32, 720, 37
32, 730, 37
32, 740, 37
32, 750, 38
32, 760, 39
32, 770, 35
32, 780, 37
32, 790, 38
32, 800, 36
32, 810, 35
32, 820, 36
32, 830, 37
32, 840, 36
32, 850, 36
32, 860, 36
32, 870, 35
32, 880, 36
32, 890, 36
32, 900, 35
32, 910, 35
32, 920, 35
32, 930, 36
32, 940, 35
32, 950, 35
32, 960, 35
32, 970, 35
32, 980, 35
32, 990, 35
32, 1000, 35
32, 1010, 35
32, 1020, 34
32, 1030, 35
32, 1040, 34
32, 1050, 34
32, 1060, 35
32, 1070, 34
32, 1080, 34
32, 1090, 34
32, 1100, 34
32, 1110, 34
32, 1120, 34
32, 1130, 34
32, 1140, 34
32, 1150, 34
32, 1160, 34
32, 1170, 34
32, 1180, 34
32, 1190, 34
32, 1200, 34
32, 1210, 35
32, 1220, 34
32, 1230, 34
32, 1240, 34
32, 1250, 34
32, 1260, 35
32, 1270, 34
32, 1280, 34
32, 1290, 34
32, 1300, 34
32, 1310, 34
32, 1320, 34
32, 1330, 34
32, 1340, 34
{'count': 2702, 'truepos': 32, 'falseneg': 14, 'correction': 19, 'unknownyes': 2, 'falsepos': 0, 'unique': 1340}
7: Danijel.csv: machine: 0, 0
3, 10
4, 20, 103
4, 30, 97
4, 40, 56
6, 50, 48
6, 60, 50
['yes']
['no' 'no' 'no' 'no' 'no' 'no' 'no' 'no' 'no' 'no' 'no' 'no' 'no' 'no'
 'no' 'no' 'no' 'no' 'yes']
7, 60, 50
9, 70, 44
10, 80, 44
10, 90, 43
12, 100, 38
14, 110, 41
['yes']
['yes' 'no' 'no' 'no' 'no' 'no' 'no' 'no' 'no' 'no' 'no' 'no' 'no' 'no'
 'no' 'no' 'no' 'no' 'no']
15, 110, 41
19, 120, 44
21, 130, 45
21, 140, 46
22, 150, 43
23, 160, 40
['yes']
['yes' 'no' 'no' 'no' 'no' 'no' 'no' 'no' 'no' 'no' 'no' 'no' 'no' 'no'
 'yes' 'no' 'no' 'no' 'no']
25, 160, 40
27, 170, 46
28, 180, 47
29, 190, 45
30, 200, 45
30, 210, 43
['yes']
['no' 'no' 'no' 'no' 'no' 'no' 'no' 'no' 'yes' 'no' 'no' 'no' 'no' 'no'
 'no' 'no' 'no' 'yes' 'no']
30, 210, 43
30, 220, 47
30, 230, 43
30, 240, 42
30, 250, 40
30, 260, 42
['yes']
['no' 'yes' 'no' 'no' 'no' 'no' 'no' 'no' 'no' 'no' 'no' 'no' 'no' 'no'
 'yes' 'no' 'no' 'no' 'no']
31, 260, 42
31, 270, 41
31, 280, 40
31, 290, 43
31, 300, 41
31, 310, 40
['yes']
['no' 'no' 'no' 'no' 'no' 'no' 'no' 'no' 'no' 'no' 'no' 'no' 'no' 'no'
 'no' 'no' 'no' 'no' 'no']
31, 310, 40
31, 320, 40
31, 330, 38
31, 340, 38
31, 350, 38
31, 360, 38
['yes']
['no' 'no' 'no' 'no' 'no' 'no' 'no' 'no' 'no' 'no' 'no' 'no' 'no' 'no'
 'no' 'no' 'no' 'no' 'no']
31, 360, 38
31, 370, 38
31, 380, 39
31, 390, 38
32, 400, 36
32, 410, 38
['yes']
['no' 'no' 'no' 'no' 'no' 'no' 'no' 'no' 'no' 'no' 'no' 'no' 'no' 'no'
 'no' 'no' 'no' 'yes' 'no']
33, 410, 38
33, 420, 39
33, 430, 39
34, 440, 39
34, 450, 40
34, 460, 39
['yes']
['no' 'no' 'no' 'no' 'no' 'no' 'yes' 'no' 'no' 'no' 'no' 'no' 'no' 'no'
 'no' 'no' 'no' 'no' 'no']
34, 460, 39
35, 470, 39
36, 480, 41
36, 490, 41
36, 500, 42
36, 510, 43
['yes']
['no' 'no' 'no' 'yes' 'no' 'no' 'no' 'no' 'no' 'no' 'no' 'no' 'no' 'no'
 'no' 'no' 'no' 'no' 'no']
37, 510, 43
37, 520, 42
37, 530, 42
37, 540, 42
37, 550, 43
37, 560, 42
['yes']
['no' 'no' 'no' 'no' 'no' 'no' 'no' 'no' 'no' 'no' 'no' 'no' 'no' 'no'
 'no' 'no' 'no' 'no' 'no']
37, 560, 42
37, 570, 42
37, 580, 42
38, 590, 41
38, 600, 42
39, 610, 42
['no']
['no' 'no' 'no' 'no' 'no' 'no' 'no' 'yes' 'no' 'no' 'no' 'no' 'no' 'no'
 'no' 'no' 'no' 'no' 'no']
38, 610, 42
38, 620, 43
38, 630, 43
38, 640, 42
38, 650, 43
38, 660, 42
['yes']
['no' 'no' 'no' 'no' 'no' 'no' 'no' 'no' 'no' 'no' 'no' 'no' 'no' 'no'
 'no' 'no' 'no' 'no' 'no']
38, 660, 42
38, 670, 42
38, 680, 42
38, 690, 43
38, 700, 42
38, 710, 42
['yes']
['no' 'no' 'no' 'no' 'no' 'no' 'no' 'no' 'no' 'no' 'no' 'no' 'no' 'no'
 'no' 'no' 'no' 'no' 'no']
37, 710, 42
37, 720, 40
37, 730, 40
37, 740, 41
38, 750, 40
38, 760, 41
['no']
['no' 'no' 'no' 'no' 'no' 'no' 'no' 'no' 'no' 'no' 'no' 'no' 'no' 'no'
 'no' 'no' 'no' 'no' 'no']
37, 760, 41
37, 770, 41
37, 780, 41
37, 790, 40
38, 800, 40
38, 810, 42
['no']
['no' 'no' 'no' 'no' 'no' 'no' 'no' 'no' 'no' 'no' 'no' 'no' 'no' 'no'
 'no' 'no' 'no' 'no' 'no']
37, 810, 42
37, 820, 40
37, 830, 41
37, 840, 40
37, 850, 40
37, 860, 40
['yes']
['no' 'no' 'no' 'no' 'no' 'no' 'no' 'no' 'no' 'no' 'yes' 'no' 'no' 'no'
 'no' 'no' 'no' 'no' 'no']
37, 860, 40
37, 870, 39
37, 880, 40
37, 890, 40
37, 900, 40
37, 910, 40
['yes']
['no' 'no' 'no' 'no' 'no' 'no' 'no' 'no' 'no' 'no' 'no' 'no' 'no' 'no'
 'no' 'no' 'no' 'no' 'no']
37, 910, 40
38, 920, 39
38, 930, 42
39, 940, 41
39, 950, 42
39, 960, 42
['yes']
['no' 'no' 'no' 'no' 'no' 'yes' 'no' 'no' 'no' 'no' 'no' 'no' 'no' 'no'
 'no' 'no' 'no' 'no' 'no']
40, 960, 42
{'count': 1347, 'truepos': 39, 'falseneg': 7, 'correction': 16, 'unknownyes': 2, 'falsepos': 1, 'unique': 960}
7: Danijel.csv: knee: 0, 0
3, 10
3, 20
4, 30
5, 40
6, 50
6, 60
7, 70
7, 80
9, 90
10, 100
12, 110
14, 120
18, 130
19, 140
21, 150
21, 160
22, 170
23, 180
23, 190
24, 200
24, 210
24, 220
24, 230
24, 240
24, 250
24, 260
26, 270
27, 280
27, 290
29, 300
29, 310
30, 320
30, 330
30, 340
30, 350
30, 360
30, 370
30, 380
30, 390
30, 400
30, 410
30, 420
30, 430
30, 440
30, 450
30, 460
30, 470
31, 480
31, 490
31, 500
31, 510
31, 520
31, 530
31, 540
31, 550
31, 560
31, 570
31, 580
31, 590
31, 600
31, 610
{'count': 776, 'truepos': 34, 'falseneg': 8, 'correction': 6, 'unknownyes': 6, 'falsepos': 1, 'unique': 610}
7: K_all3.csv: none: 0, 0
0, 10
1, 20
3, 30, 88
5, 40, 62
5, 50, 54
7, 60, 45
7, 70, 47
9, 80, 42
9, 90, 44
11, 100, 41
13, 110, 44
14, 120, 43
14, 130, 43
14, 140, 41
14, 150, 40
16, 160, 39
17, 170, 40
17, 180, 40
18, 190, 39
19, 200, 39
19, 210, 40
20, 220, 39
21, 230, 40
22, 240, 41
22, 250, 41
23, 260, 41
25, 270, 42
25, 280, 43
26, 290, 43
26, 300, 44
26, 310, 43
26, 320, 43
26, 330, 43
26, 340, 43
26, 350, 43
26, 360, 43
26, 370, 43
26, 380, 43
26, 390, 43
26, 400, 42
27, 410, 42
27, 420, 43
27, 430, 43
27, 440, 43
27, 450, 43
28, 460, 42
28, 470, 43
28, 480, 43
28, 490, 43
28, 500, 43
28, 510, 43
28, 520, 42
28, 530, 42
28, 540, 42
28, 550, 42
28, 560, 42
28, 570, 42
28, 580, 42
28, 590, 42
28, 600, 42
29, 610, 42
29, 620, 42
29, 630, 42
30, 640, 42
31, 650, 33
32, 660, 35
32, 670, 34
32, 680, 35
32, 690, 34
33, 700, 35
33, 710, 35
{'count': 710, 'truepos': 30, 'falseneg': 12, 'correction': 0, 'unknownyes': 3, 'falsepos': 3, 'unique': 710}
7: K_all3.csv: three: 0, 0
1, 10
1, 20, 93
1, 30, 61
1, 40, 51
1, 50, 48
1, 60, 46
1, 70, 44
1, 80, 43
2, 90, 42
4, 100, 43
7, 110, 49
8, 120, 48
9, 130, 46
9, 140, 44
11, 150, 42
12, 160, 44
15, 170, 44
17, 180, 45
17, 190, 47
19, 200, 44
19, 210, 44
20, 220, 43
21, 230, 43
21, 240, 43
21, 250, 42
21, 260, 42
21, 270, 41
21, 280, 41
21, 290, 41
21, 300, 41
21, 310, 41
21, 320, 41
21, 330, 40
21, 340, 40
21, 350, 40
21, 360, 40
21, 370, 40
21, 380, 40
23, 390, 40
23, 400, 42
23, 410, 41
23, 420, 41
23, 430, 41
23, 440, 41
23, 450, 40
24, 460, 40
24, 470, 41
24, 480, 41
24, 490, 40
24, 500, 40
24, 510, 40
24, 520, 40
24, 530, 40
24, 540, 40
25, 550, 40
25, 560, 40
26, 570, 40
26, 580, 41
26, 590, 41
27, 600, 41
27, 610, 41
27, 620, 41
27, 630, 41
27, 640, 41
27, 650, 41
28, 660, 40
28, 670, 41
28, 680, 41
28, 690, 41
28, 700, 41
28, 710, 40
28, 720, 40
28, 730, 40
28, 740, 40
28, 750, 40
28, 760, 40
28, 770, 40
28, 780, 40
28, 790, 39
28, 800, 39
28, 810, 39
28, 820, 39
28, 830, 39
28, 840, 39
28, 850, 39
28, 860, 39
28, 870, 39
28, 880, 38
28, 890, 38
28, 900, 38
29, 910, 38
29, 920, 39
29, 930, 38
29, 940, 38
29, 950, 38
29, 960, 38
29, 970, 38
29, 980, 38
29, 990, 38
29, 1000, 38
29, 1010, 37
29, 1020, 37
29, 1030, 37
29, 1040, 37
29, 1050, 37
29, 1060, 37
29, 1070, 37
29, 1080, 37
29, 1090, 36
30, 1100, 36
{'count': 2237, 'truepos': 30, 'falseneg': 13, 'correction': 32, 'unknownyes': 2, 'falsepos': 0, 'unique': 1100}
7: K_all3.csv: machine: 0, 0
1, 10
2, 20, 93
2, 30, 58
2, 40, 50
2, 50, 50
2, 60, 45
['no']
['no' 'no' 'no' 'no' 'no' 'no' 'no' 'no' 'no' 'no' 'no' 'no' 'no' 'no'
 'no' 'no' 'no' 'no' 'no']
1, 60, 45
1, 70, 45
1, 80, 43
2, 90, 42
3, 100, 43
4, 110, 45
['yes']
['no' 'no' 'no' 'no' 'no' 'no' 'no' 'no' 'no' 'no' 'no' 'no' 'no' 'no'
 'no' 'no' 'no' 'no' 'no']
4, 110, 45
7, 120, 44
8, 130, 43
9, 140, 42
9, 150, 40
13, 160, 38
['yes']
['no' 'no' 'no' 'no' 'no' 'no' 'no' 'no' 'no' 'no' 'no' 'no' 'no' 'no'
 'no' 'no' 'yes' 'no' 'no']
14, 160, 38
16, 170, 43
18, 180, 42
20, 190, 43
23, 200, 44
24, 210, 47
['no']
['no' 'yes' 'no' 'no' 'no' 'no' 'no' 'no' 'no' 'no' 'no' 'no' 'no' 'no'
 'no' 'no' 'yes' 'no' 'no']
23, 210, 47
24, 220, 45
24, 230, 44
25, 240, 43
26, 250, 43
28, 260, 44
['yes']
['no' 'yes' 'no' 'no' 'no' 'no' 'no' 'no' 'no' 'no' 'no' 'no' 'no' 'no'
 'no' 'no' 'no' 'no' 'no']
28, 260, 44
28, 270, 46
30, 280, 44
30, 290, 44
31, 300, 37
31, 310, 38
['yes']
['no' 'no' 'no' 'no' 'no' 'no' 'no' 'no' 'no' 'no' 'no' 'no' 'no' 'no'
 'no' 'no' 'no' 'no' 'no']
31, 310, 38
31, 320, 39
32, 330, 37
32, 340, 41
32, 350, 39
32, 360, 39
['yes']
['no' 'no' 'no' 'no' 'no' 'no' 'no' 'yes' 'no' 'no' 'no' 'no' 'no' 'no'
 'no' 'no' 'yes' 'no' 'no']
34, 360, 39
34, 370, 40
35, 380, 38
35, 390, 40
35, 400, 40
35, 410, 40
['yes']
['no' 'no' 'no' 'no' 'no' 'no' 'no' 'no' 'no' 'no' 'no' 'no' 'no' 'no'
 'no' 'no' 'no' 'no' 'no']
35, 410, 40
35, 420, 39
35, 430, 39
36, 440, 38
36, 450, 39
36, 460, 39
['yes']
['no' 'no' 'no' 'no' 'no' 'no' 'no' 'yes' 'no' 'no' 'no' 'no' 'no' 'no'
 'no' 'no' 'no' 'no' 'no']
36, 460, 39
37, 470, 40
37, 480, 40
38, 490, 40
38, 500, 41
{'count': 684, 'truepos': 36, 'falseneg': 7, 'correction': 7, 'unknownyes': 2, 'falsepos': 2, 'unique': 500}
7: K_all3.csv: knee: 0, 0
1, 10
1, 20
2, 30
2, 40
2, 50
2, 60
2, 70
2, 80
2, 90
2, 100
3, 110
3, 120
3, 130
3, 140
3, 150
4, 160
4, 170
4, 180
4, 190
4, 200
4, 210
4, 220
5, 230
6, 240
8, 250
10, 260
11, 270
11, 280
13, 290
14, 300
17, 310
17, 320
19, 330
19, 340
20, 350
20, 360
20, 370
20, 380
20, 390
21, 400
21, 410
24, 420
24, 430
25, 440
26, 450
26, 460
26, 470
26, 480
26, 490
26, 500
27, 510
28, 520
29, 530
29, 540
29, 550
29, 560
30, 570
31, 580
31, 590
31, 600
32, 610
32, 620
32, 630
32, 640
33, 650
33, 660
34, 670
34, 680
35, 690
35, 700
35, 710
37, 720
37, 730
37, 740
37, 750
37, 760
37, 770
37, 780
37, 790
38, 800
38, 810
38, 820
38, 830
38, 840
38, 850
38, 860
38, 870
38, 880
40, 890
40, 900
40, 910
40, 920
40, 930
40, 940
40, 950
40, 960
40, 970
40, 980
40, 990
41, 1000
41, 1010
41, 1020
41, 1030
41, 1040
41, 1050
42, 1060
42, 1070
42, 1080
43, 1090
43, 1100
43, 1110
43, 1120
43, 1130
43, 1140
43, 1150
43, 1160
43, 1170
43, 1180
43, 1190
43, 1200
44, 1210
44, 1220
44, 1230
45, 1240
45, 1250
45, 1260
45, 1270
45, 1280
45, 1290
45, 1300
45, 1310
45, 1320
45, 1330
45, 1340
45, 1350
45, 1360
45, 1370
45, 1380
45, 1390
45, 1400
45, 1410
45, 1420
45, 1430
45, 1440
45, 1450
45, 1460
45, 1470
45, 1480
45, 1490
45, 1500
45, 1510
45, 1520
45, 1530
45, 1540
45, 1550
45, 1560
45, 1570
45, 1580
45, 1590
45, 1600
46, 1610
46, 1620
46, 1630
46, 1640
46, 1650
46, 1660
46, 1670
46, 1680
46, 1690
46, 1700
46, 1704

------------------------------------------------------------
Sender: LSF System <lsfadmin@n2e5-7>
Subject: Job 759524: </share/tjmenzie/zyu9/miniconda2/bin/python2.7 runner.py error_hpcc 7> in cluster <henry2> Exited

Job </share/tjmenzie/zyu9/miniconda2/bin/python2.7 runner.py error_hpcc 7> was submitted from host <login01.hpc.ncsu.edu> by user <zyu9> in cluster <henry2> at Sat Feb 24 16:17:36 2018.
Job was executed on host(s) <2*n2e5-7>, in queue <single_chassis>, as user <zyu9> in cluster <henry2> at Sat Feb 24 16:17:42 2018.
</home/zyu9> was used as the home directory.
</home/zyu9/projects/MAR_HPC/Error/src> was used as the working directory.
Started at Sat Feb 24 16:17:42 2018.
Terminated at Sat Feb 24 18:12:06 2018.
Results reported at Sat Feb 24 18:12:06 2018.

Your job looked like:

------------------------------------------------------------
# LSBATCH: User input
/share/tjmenzie/zyu9/miniconda2/bin/python2.7 runner.py error_hpcc 7
------------------------------------------------------------

Exited with exit code 1.

Resource usage summary:

    CPU time :                                   8196.63 sec.
    Max Memory :                                 283.48 MB
    Average Memory :                             230.02 MB
    Total Requested Memory :                     -
    Delta Memory :                               -
    Max Swap :                                   1327 MB
    Max Processes :                              3
    Max Threads :                                8
    Run time :                                   6867 sec.
    Turnaround time :                            6870 sec.

The output (if any) is above this job summary.



PS: The stderr output (if any) follows:

Traceback (most recent call last):
  File "runner.py", line 350, in <module>
    eval(cmd())
  File "<string>", line 1, in <module>
  File "runner.py", line 292, in error_hpcc
    result = BM25(file,queries[file],'knee','random')
  File "runner.py", line 193, in BM25
    seq = coded[np.argsort(read.body['time'][coded])]
TypeError: only integer scalar arrays can be converted to a scalar index


PS:

Fail to open stderr file ./err/7.err.759524: No such file or directory.
The stderr output is included in this report.

