8: Hall.csv: none: 0, 0
6, 10
8, 20, 109
9, 30, 111
13, 40, 106
15, 50, 118
18, 60, 106
19, 70, 103
22, 80, 91
25, 90, 64
29, 100, 62
30, 110, 67
34, 120, 63
34, 130, 66
35, 140, 62
39, 150, 64
45, 160, 65
50, 170, 73
53, 180, 76
54, 190, 82
57, 200, 78
62, 210, 80
64, 220, 90
65, 230, 87
65, 240, 88
65, 250, 86
66, 260, 88
66, 270, 86
66, 280, 86
66, 290, 83
66, 300, 82
66, 310, 81
66, 320, 79
66, 330, 77
66, 340, 82
66, 350, 80
66, 360, 79
67, 370, 82
67, 380, 81
68, 390, 80
68, 400, 83
68, 410, 80
69, 420, 78
69, 430, 80
70, 440, 80
70, 450, 81
70, 460, 79
70, 470, 79
70, 480, 78
70, 490, 80
70, 500, 81
70, 510, 79
70, 520, 78
70, 530, 78
70, 540, 78
70, 550, 78
70, 560, 77
70, 570, 77
70, 580, 78
70, 590, 78
70, 600, 76
70, 610, 77
70, 620, 79
70, 630, 76
70, 640, 76
70, 650, 76
70, 660, 75
70, 670, 76
70, 680, 75
70, 690, 75
70, 700, 76
70, 710, 75
70, 720, 76
70, 730, 76
71, 740, 77
71, 750, 76
71, 760, 79
71, 770, 77
71, 780, 76
71, 790, 76
71, 800, 76
72, 810, 76
72, 820, 77
72, 830, 77
72, 840, 77
72, 850, 77
72, 860, 77
72, 870, 77
72, 880, 77
72, 890, 77
72, 900, 77
72, 910, 77
72, 920, 77
72, 930, 76
72, 940, 76
72, 950, 76
72, 960, 76
72, 970, 76
72, 980, 76
72, 990, 76
72, 1000, 77
72, 1010, 77
72, 1020, 76
72, 1030, 76
73, 1040, 77
73, 1050, 77
73, 1060, 78
73, 1070, 78
73, 1080, 78
73, 1090, 77
73, 1100, 78
73, 1110, 77
73, 1120, 78
73, 1130, 77
73, 1140, 77
73, 1150, 77
73, 1160, 77
73, 1170, 77
73, 1180, 77
73, 1190, 77
73, 1200, 77
73, 1210, 77
73, 1220, 77
73, 1230, 77
73, 1240, 77
73, 1250, 77
73, 1260, 77
73, 1270, 77
73, 1280, 77
73, 1290, 77
73, 1300, 77
73, 1310, 77
73, 1320, 77
73, 1330, 77
{'count': 1330, 'truepos': 71, 'falseneg': 32, 'correction': 0, 'unknownyes': 1, 'falsepos': 2, 'unique': 1330}
8: Hall.csv: three: 0, 0
4, 10
5, 20, 98
6, 30, 93
9, 40, 86
12, 50, 76
16, 60, 83
19, 70, 91
24, 80, 93
31, 90, 64
37, 100, 71
43, 110, 79
45, 120, 91
47, 130, 86
47, 140, 88
51, 150, 80
53, 160, 81
60, 170, 80
62, 180, 92
64, 190, 85
68, 200, 85
69, 210, 92
70, 220, 90
71, 230, 89
72, 240, 87
73, 250, 89
74, 260, 88
74, 270, 92
74, 280, 89
74, 290, 89
74, 300, 89
77, 310, 86
77, 320, 87
77, 330, 87
77, 340, 88
77, 350, 84
77, 360, 89
78, 370, 87
78, 380, 87
79, 390, 87
79, 400, 93
79, 410, 88
80, 420, 88
80, 430, 87
80, 440, 92
80, 450, 91
80, 460, 88
80, 470, 89
80, 480, 86
80, 490, 89
80, 500, 90
80, 510, 88
80, 520, 86
80, 530, 86
80, 540, 87
80, 550, 85
80, 560, 85
81, 570, 87
81, 580, 86
81, 590, 86
81, 600, 86
81, 610, 86
{'count': 1268, 'truepos': 81, 'falseneg': 21, 'correction': 40, 'unknownyes': 2, 'falsepos': 0, 'unique': 610}
8: Hall.csv: machine: 0, 0
4, 10
5, 20, 100
10, 30, 96
13, 40, 90
13, 50, 92
16, 60, 76
16, 70, 84
19, 80, 62
23, 90, 60
25, 100, 50
29, 110, 47
33, 120, 50
43, 120, 50
45, 130, 73
46, 140, 76
48, 150, 70
51, 160, 72
53, 170, 74
56, 170, 74
59, 180, 82
62, 190, 80
65, 200, 80
67, 210, 83
68, 220, 94
71, 220, 94
72, 230, 85
74, 240, 93
75, 250, 88
77, 260, 89
79, 270, 93
81, 270, 93
81, 280, 94
82, 290, 93
82, 300, 98
84, 310, 92
84, 320, 95
84, 320, 95
84, 330, 94
85, 340, 96
86, 350, 95
87, 360, 95
87, 370, 97
87, 370, 97
87, 380, 95
88, 390, 96
89, 400, 95
89, 410, 96
89, 420, 99
89, 420, 99
89, 430, 100
89, 440, 99
89, 450, 99
89, 460, 98
89, 470, 97
89, 470, 97
89, 480, 95
89, 490, 95
89, 500, 95
89, 510, 95
89, 520, 96
89, 520, 96
89, 530, 96
89, 540, 96
89, 550, 95
89, 560, 94
89, 570, 94
90, 570, 94
90, 580, 96
90, 590, 96
90, 600, 96
90, 610, 95
90, 620, 95
90, 620, 95
90, 630, 95
{'count': 898, 'truepos': 89, 'falseneg': 13, 'correction': 19, 'unknownyes': 2, 'falsepos': 1, 'unique': 630}
8: Hall.csv: knee: 0, 0
6, 10
6, 20
{'count': 24, 'truepos': 7, 'falseneg': 2, 'correction': 1, 'unknownyes': 95, 'falsepos': 0, 'unique': 20}
8: Wahono.csv: none: 0, 0
2, 10
2, 20, 103
5, 30, 62
6, 40, 60
8, 50, 49
8, 60, 50
8, 70, 42
9, 80, 40
11, 90, 40
11, 100, 44
11, 110, 42
12, 120, 40
17, 130, 42
20, 140, 59
23, 150, 50
24, 160, 55
25, 170, 49
26, 180, 48
27, 190, 49
27, 200, 49
27, 210, 52
27, 220, 45
27, 230, 47
27, 240, 47
27, 250, 43
27, 260, 43
27, 270, 43
28, 280, 42
28, 290, 42
29, 300, 44
29, 310, 41
30, 320, 41
30, 330, 45
30, 340, 46
30, 350, 42
30, 360, 41
30, 370, 41
32, 380, 39
33, 390, 41
33, 400, 44
33, 410, 44
33, 420, 41
33, 430, 42
33, 440, 43
33, 450, 42
33, 460, 41
33, 470, 42
33, 480, 41
33, 490, 40
33, 500, 41
33, 510, 38
33, 520, 41
34, 530, 40
34, 540, 41
34, 550, 41
34, 560, 40
34, 570, 41
35, 580, 41
35, 590, 43
36, 600, 42
37, 610, 44
37, 620, 46
39, 630, 45
39, 640, 46
39, 650, 49
40, 660, 47
40, 670, 47
40, 680, 48
40, 690, 48
40, 700, 49
40, 710, 48
40, 720, 48
41, 730, 48
42, 740, 50
42, 750, 50
42, 760, 50
43, 770, 50
43, 780, 51
43, 790, 50
43, 800, 51
43, 810, 51
43, 820, 50
43, 830, 50
43, 840, 50
43, 850, 50
43, 860, 50
43, 870, 50
43, 880, 49
43, 890, 49
43, 900, 49
43, 910, 48
43, 920, 50
43, 930, 49
43, 940, 48
43, 950, 47
43, 960, 49
43, 970, 49
43, 980, 49
43, 990, 49
43, 1000, 48
43, 1010, 49
43, 1020, 47
43, 1030, 48
43, 1040, 48
43, 1050, 47
43, 1060, 48
43, 1070, 48
43, 1080, 48
43, 1090, 48
43, 1100, 47
43, 1110, 48
43, 1120, 47
43, 1130, 47
43, 1140, 47
43, 1150, 47
44, 1160, 48
44, 1170, 49
44, 1180, 48
44, 1190, 48
44, 1200, 49
44, 1210, 49
44, 1220, 48
44, 1230, 48
44, 1240, 49
44, 1250, 49
44, 1260, 48
44, 1270, 48
44, 1280, 47
44, 1290, 48
44, 1300, 48
44, 1310, 47
44, 1320, 48
44, 1330, 48
44, 1340, 48
44, 1350, 48
44, 1360, 47
44, 1370, 47
44, 1380, 47
44, 1390, 48
44, 1400, 48
44, 1410, 48
44, 1420, 47
44, 1430, 48
44, 1440, 48
44, 1450, 47
44, 1460, 47
45, 1470, 47
45, 1480, 48
45, 1490, 48
45, 1500, 48
45, 1510, 48
45, 1520, 48
45, 1530, 48
45, 1540, 48
45, 1550, 49
45, 1560, 48
45, 1570, 48
45, 1580, 48
45, 1590, 48
45, 1600, 48
45, 1610, 48
45, 1620, 48
45, 1630, 48
{'count': 1630, 'truepos': 45, 'falseneg': 17, 'correction': 0, 'unknownyes': 0, 'falsepos': 0, 'unique': 1630}
8: Wahono.csv: three: 0, 0
3, 10
3, 20, 99
6, 30, 86
10, 40, 71
10, 50, 76
12, 60, 58
14, 70, 52
14, 80, 53
15, 90, 47
16, 100, 48
17, 110, 47
18, 120, 47
19, 130, 46
19, 140, 49
21, 150, 45
22, 160, 37
23, 170, 40
25, 180, 45
26, 190, 49
28, 200, 49
29, 210, 57
29, 220, 57
31, 230, 50
32, 240, 55
33, 250, 54
33, 260, 58
34, 270, 53
35, 280, 52
35, 290, 57
35, 300, 62
36, 310, 56
36, 320, 53
37, 330, 54
37, 340, 53
38, 350, 55
38, 360, 57
39, 370, 53
39, 380, 54
39, 390, 52
39, 400, 55
40, 410, 50
40, 420, 51
40, 430, 52
40, 440, 51
40, 450, 55
40, 460, 52
40, 470, 51
40, 480, 51
40, 490, 52
40, 500, 50
40, 510, 49
40, 520, 48
40, 530, 50
40, 540, 50
40, 550, 49
40, 560, 48
41, 570, 48
41, 580, 51
41, 590, 49
41, 600, 50
41, 610, 48
41, 620, 50
41, 630, 50
41, 640, 49
41, 650, 48
41, 660, 49
41, 670, 49
41, 680, 47
41, 690, 48
42, 700, 48
43, 710, 48
44, 720, 50
44, 730, 51
45, 740, 50
45, 750, 53
45, 760, 53
45, 770, 52
46, 780, 52
46, 790, 53
46, 800, 52
46, 810, 53
46, 820, 52
46, 830, 53
46, 840, 53
46, 850, 53
46, 860, 52
46, 870, 52
46, 880, 53
46, 890, 52
46, 900, 51
46, 910, 52
46, 920, 51
46, 930, 52
46, 940, 52
46, 950, 51
46, 960, 52
47, 970, 51
47, 980, 54
47, 990, 53
47, 1000, 52
47, 1010, 53
47, 1020, 52
47, 1030, 52
47, 1040, 52
47, 1050, 52
47, 1060, 52
47, 1070, 52
47, 1080, 51
47, 1090, 52
47, 1100, 52
47, 1110, 51
47, 1120, 51
47, 1130, 52
47, 1140, 51
47, 1150, 51
47, 1160, 51
47, 1170, 51
47, 1180, 51
47, 1190, 51
47, 1200, 52
47, 1210, 52
47, 1220, 52
47, 1230, 51
47, 1240, 51
47, 1250, 50
47, 1260, 51
47, 1270, 51
47, 1280, 51
47, 1290, 50
47, 1300, 50
47, 1310, 51
47, 1320, 51
47, 1330, 50
47, 1340, 51
47, 1350, 50
47, 1360, 51
47, 1370, 50
47, 1380, 50
47, 1390, 50
47, 1400, 50
47, 1410, 50
47, 1420, 50
47, 1430, 50
47, 1440, 50
47, 1450, 51
47, 1460, 50
47, 1470, 50
47, 1480, 50
{'count': 2996, 'truepos': 47, 'falseneg': 12, 'correction': 32, 'unknownyes': 3, 'falsepos': 0, 'unique': 1480}
8: Wahono.csv: machine: 0, 0
6, 10
6, 20, 102
7, 30, 97
8, 40, 95
11, 50, 58
12, 60, 56
13, 70, 49
16, 80, 45
17, 90, 45
17, 100, 45
17, 110, 41
17, 120, 40
18, 130, 40
19, 140, 43
20, 150, 44
23, 160, 33
25, 170, 43
27, 180, 53
32, 180, 53
32, 190, 58
34, 200, 53
34, 210, 56
36, 220, 55
36, 230, 70
37, 230, 70
39, 240, 57
40, 250, 66
40, 260, 63
40, 270, 63
40, 280, 56
42, 280, 56
42, 290, 59
43, 300, 58
43, 310, 61
44, 320, 58
44, 330, 62
44, 330, 62
44, 340, 62
44, 350, 57
44, 360, 58
44, 370, 59
44, 380, 58
46, 380, 58
46, 390, 58
46, 400, 60
47, 410, 59
48, 420, 56
48, 430, 59
48, 430, 59
48, 440, 58
48, 450, 58
48, 460, 57
48, 470, 56
48, 480, 56
48, 480, 56
48, 490, 56
48, 500, 57
48, 510, 56
48, 520, 56
48, 530, 56
49, 530, 56
49, 540, 57
50, 550, 57
50, 560, 58
50, 570, 57
50, 580, 56
51, 580, 56
51, 590, 59
51, 600, 59
51, 610, 59
52, 620, 57
52, 630, 59
52, 630, 59
52, 640, 58
52, 650, 60
53, 660, 59
54, 670, 60
54, 680, 62
55, 680, 62
56, 690, 63
56, 700, 65
56, 710, 64
56, 720, 65
56, 730, 64
56, 730, 64
58, 740, 63
58, 750, 68
58, 760, 66
58, 770, 65
58, 780, 65
58, 780, 65
58, 790, 64
58, 800, 65
58, 810, 65
58, 820, 65
58, 830, 65
58, 830, 65
58, 840, 65
58, 850, 64
58, 860, 64
58, 870, 65
58, 880, 64
58, 880, 64
58, 890, 64
58, 900, 64
58, 910, 63
58, 920, 63
58, 930, 63
58, 930, 63
58, 940, 64
58, 950, 63
58, 960, 63
58, 970, 63
58, 980, 63
58, 980, 63
58, 990, 63
58, 1000, 62
58, 1010, 64
58, 1020, 63
58, 1030, 63
58, 1030, 63
58, 1040, 63
58, 1050, 63
58, 1060, 62
58, 1070, 62
58, 1080, 62
58, 1080, 62
58, 1090, 63
58, 1100, 62
58, 1110, 63
58, 1120, 62
58, 1130, 62
58, 1130, 62
59, 1140, 62
59, 1150, 64
59, 1160, 64
59, 1170, 63
59, 1180, 63
59, 1180, 63
59, 1190, 63
59, 1200, 63
59, 1210, 63
{'count': 1815, 'truepos': 56, 'falseneg': 3, 'correction': 12, 'unknownyes': 3, 'falsepos': 3, 'unique': 1210}
8: Wahono.csv: knee: 0, 0
3, 10
3, 20
5, 30
7, 40
8, 50
9, 60
10, 70
10, 80
10, 90
12, 100
13, 110
15, 120
16, 130
16, 140
16, 150
16, 160
17, 170
20, 180
22, 190
24, 200
25, 210
25, 220
26, 230
26, 240
27, 250
29, 260
29, 270
31, 280
32, 290
32, 300
36, 310
37, 320
37, 330
37, 340
37, 350
37, 360
37, 370
37, 380
{'count': 663, 'truepos': 45, 'falseneg': 2, 'correction': 9, 'unknownyes': 15, 'falsepos': 2, 'unique': 380}
8: Danijel.csv: none: 0, 0
1, 10
2, 20, 121
3, 30, 93
5, 40, 71
9, 50, 65
9, 60, 67
9, 70, 57
10, 80, 52
10, 90, 55
13, 100, 49
13, 110, 54
13, 120, 52
13, 130, 50
13, 140, 50
14, 150, 50
14, 160, 52
14, 170, 52
14, 180, 52
14, 190, 52
14, 200, 52
14, 210, 52
14, 220, 53
14, 230, 53
14, 240, 53
14, 250, 53
14, 260, 53
14, 270, 54
14, 280, 54
14, 290, 54
14, 300, 54
15, 310, 54
17, 320, 51
19, 330, 54
22, 340, 54
24, 350, 32
26, 360, 36
26, 370, 36
27, 380, 35
28, 390, 36
28, 400, 37
28, 410, 36
28, 420, 35
28, 430, 37
28, 440, 35
29, 450, 36
30, 460, 36
30, 470, 39
30, 480, 39
30, 490, 36
30, 500, 36
30, 510, 36
30, 520, 37
30, 530, 36
30, 540, 35
30, 550, 36
30, 560, 35
30, 570, 35
30, 580, 36
30, 590, 35
30, 600, 34
30, 610, 34
30, 620, 35
30, 630, 35
30, 640, 34
30, 650, 33
30, 660, 33
30, 670, 34
30, 680, 33
30, 690, 35
30, 700, 33
30, 710, 34
30, 720, 34
30, 730, 33
30, 740, 34
31, 750, 33
31, 760, 34
31, 770, 35
31, 780, 35
31, 790, 35
31, 800, 37
31, 810, 35
31, 820, 35
31, 830, 35
31, 840, 34
31, 850, 35
31, 860, 34
31, 870, 34
31, 880, 34
32, 890, 34
32, 900, 37
32, 910, 36
32, 920, 36
32, 930, 36
33, 940, 36
33, 950, 38
33, 960, 37
33, 970, 38
33, 980, 37
33, 990, 37
33, 1000, 37
33, 1010, 37
33, 1020, 37
33, 1030, 37
33, 1040, 36
33, 1050, 37
33, 1060, 36
33, 1070, 37
33, 1080, 36
33, 1090, 38
33, 1100, 36
33, 1110, 38
33, 1120, 36
34, 1130, 37
34, 1140, 37
34, 1150, 38
34, 1160, 37
34, 1170, 38
34, 1180, 38
34, 1190, 38
34, 1200, 38
34, 1210, 38
34, 1220, 37
34, 1230, 38
34, 1240, 38
35, 1250, 37
35, 1260, 38
35, 1270, 38
35, 1280, 39
36, 1290, 39
36, 1300, 40
36, 1310, 40
36, 1320, 39
36, 1330, 40
37, 1340, 39
37, 1350, 42
37, 1360, 41
37, 1370, 41
37, 1380, 41
37, 1390, 40
37, 1400, 41
37, 1410, 41
37, 1420, 40
37, 1430, 40
38, 1440, 41
38, 1450, 41
38, 1460, 42
38, 1470, 42
38, 1480, 41
38, 1490, 42
38, 1500, 42
38, 1510, 43
38, 1520, 41
38, 1530, 42
38, 1540, 42
38, 1550, 41
38, 1560, 42
38, 1570, 42
38, 1580, 42
38, 1590, 41
38, 1600, 42
38, 1610, 41
38, 1620, 41
38, 1630, 41
38, 1640, 42
38, 1650, 41
38, 1660, 41
38, 1670, 42
38, 1680, 42
38, 1690, 42
38, 1700, 41
38, 1710, 41
38, 1720, 41
38, 1730, 41
38, 1740, 41
38, 1750, 41
38, 1760, 41
{'count': 1760, 'truepos': 33, 'falseneg': 13, 'correction': 0, 'unknownyes': 2, 'falsepos': 5, 'unique': 1760}
8: Danijel.csv: three: 0, 0
4, 10
4, 20, 120
5, 30, 98
5, 40, 64
7, 50, 51
7, 60, 50
8, 70, 41
9, 80, 40
12, 90, 38
12, 100, 43
16, 110, 38
18, 120, 46
22, 130, 46
22, 140, 46
22, 150, 42
22, 160, 39
22, 170, 36
23, 180, 36
23, 190, 38
24, 200, 36
24, 210, 37
25, 220, 40
25, 230, 42
25, 240, 38
25, 250, 40
25, 260, 38
26, 270, 37
27, 280, 36
28, 290, 37
28, 300, 39
28, 310, 38
28, 320, 39
29, 330, 38
31, 340, 37
32, 350, 40
33, 360, 42
33, 370, 42
34, 380, 41
34, 390, 42
34, 400, 42
34, 410, 43
34, 420, 43
34, 430, 41
34, 440, 42
34, 450, 40
35, 460, 41
35, 470, 41
35, 480, 41
35, 490, 41
35, 500, 42
35, 510, 41
35, 520, 41
35, 530, 43
35, 540, 42
35, 550, 41
35, 560, 40
35, 570, 39
35, 580, 40
35, 590, 40
35, 600, 40
35, 610, 40
35, 620, 38
35, 630, 39
35, 640, 39
35, 650, 39
35, 660, 39
35, 670, 38
35, 680, 38
35, 690, 39
35, 700, 39
35, 710, 39
35, 720, 38
35, 730, 38
35, 740, 38
35, 750, 39
35, 760, 38
35, 770, 39
35, 780, 38
35, 790, 38
35, 800, 38
35, 810, 38
35, 820, 38
35, 830, 38
35, 840, 38
35, 850, 37
35, 860, 37
36, 870, 37
36, 880, 38
36, 890, 39
36, 900, 39
36, 910, 39
36, 920, 39
36, 930, 39
36, 940, 39
36, 950, 38
36, 960, 38
36, 970, 38
36, 980, 38
36, 990, 39
36, 1000, 38
36, 1010, 39
36, 1020, 39
36, 1030, 38
36, 1040, 38
36, 1050, 38
36, 1060, 38
36, 1070, 38
36, 1080, 38
36, 1090, 38
36, 1100, 38
36, 1110, 38
36, 1120, 38
36, 1130, 38
37, 1140, 38
37, 1150, 39
37, 1160, 39
37, 1170, 39
37, 1180, 39
{'count': 2387, 'truepos': 37, 'falseneg': 9, 'correction': 23, 'unknownyes': 2, 'falsepos': 0, 'unique': 1180}
8: Danijel.csv: machine: 0, 0
4, 10
5, 20, 116
7, 30, 105
9, 40, 96
10, 50, 94
15, 60, 71
15, 70, 104
17, 80, 63
18, 90, 65
19, 100, 58
22, 110, 56
24, 120, 45
28, 120, 45
28, 130, 51
30, 140, 51
32, 150, 50
32, 160, 52
32, 170, 50
33, 170, 50
33, 180, 52
33, 190, 48
34, 200, 47
34, 210, 47
36, 220, 46
36, 220, 46
36, 230, 50
36, 240, 48
36, 250, 47
38, 260, 45
38, 270, 48
38, 270, 48
38, 280, 47
38, 290, 47
38, 300, 48
38, 310, 45
38, 320, 45
40, 320, 45
40, 330, 49
40, 340, 48
40, 350, 48
40, 360, 47
40, 370, 47
40, 370, 47
40, 380, 47
40, 390, 47
40, 400, 46
40, 410, 47
40, 420, 46
40, 420, 46
40, 430, 46
40, 440, 46
41, 450, 46
41, 460, 47
41, 470, 47
42, 470, 47
42, 480, 50
42, 490, 49
42, 500, 48
43, 510, 48
43, 520, 51
45, 520, 51
45, 530, 52
45, 540, 53
45, 550, 53
45, 560, 52
45, 570, 52
45, 570, 52
45, 580, 51
45, 590, 53
45, 600, 50
45, 610, 52
45, 620, 50
46, 620, 50
46, 630, 52
46, 640, 50
47, 650, 51
47, 660, 54
47, 670, 54
47, 670, 54
47, 680, 53
47, 690, 53
47, 700, 53
47, 710, 52
47, 720, 53
47, 720, 53
47, 730, 53
47, 740, 53
47, 750, 51
48, 760, 51
48, 770, 52
48, 770, 52
48, 780, 53
48, 790, 52
48, 800, 51
48, 810, 52
48, 820, 51
48, 820, 51
48, 830, 52
48, 840, 52
48, 850, 52
48, 860, 52
48, 870, 53
48, 870, 53
48, 880, 51
48, 890, 51
48, 900, 51
48, 910, 51
49, 920, 51
{'count': 1514, 'truepos': 44, 'falseneg': 1, 'correction': 9, 'unknownyes': 3, 'falsepos': 5, 'unique': 920}
8: Danijel.csv: knee: 0, 0
2, 10
3, 20
3, 30
4, 40
7, 50
9, 60
9, 70
11, 80
13, 90
14, 100
14, 110
14, 120
15, 130
17, 140
17, 150
18, 160
20, 170
21, 180
23, 190
24, 200
25, 210
25, 220
26, 230
26, 240
27, 250
27, 260
27, 270
27, 280
27, 290
27, 300
27, 310
28, 320
30, 330
30, 340
30, 350
30, 360
30, 370
30, 380
30, 390
30, 400
30, 410
30, 420
31, 430
31, 440
31, 450
32, 460
33, 470
33, 480
33, 490
33, 500
33, 510
33, 520
33, 530
33, 540
33, 550
33, 560
34, 570
34, 580
34, 590
34, 600
34, 610
34, 620
34, 630
34, 640
34, 650
34, 660
34, 670
34, 680
34, 690
34, 700
{'count': 930, 'truepos': 37, 'falseneg': 8, 'correction': 8, 'unknownyes': 3, 'falsepos': 1, 'unique': 700}
8: K_all3.csv: none: 0, 0
2, 10
4, 20, 72
4, 30, 61
5, 40, 47
6, 50, 42
8, 60, 38
8, 70, 37
9, 80, 35
9, 90, 35
12, 100, 34
12, 110, 40
13, 120, 36
14, 130, 36
14, 140, 37
15, 150, 36
16, 160, 37
17, 170, 38
18, 180, 38
18, 190, 38
18, 200, 38
18, 210, 38
18, 220, 38
19, 230, 38
19, 240, 38
20, 250, 38
20, 260, 29
21, 270, 26
22, 280, 27
22, 290, 29
22, 300, 27
22, 310, 28
22, 320, 27
22, 330, 26
23, 340, 26
23, 350, 27
23, 360, 27
23, 370, 29
23, 380, 27
25, 390, 26
26, 400, 29
26, 410, 29
26, 420, 29
27, 430, 29
27, 440, 30
27, 450, 30
27, 460, 29
27, 470, 29
27, 480, 29
28, 490, 29
28, 500, 31
28, 510, 31
28, 520, 30
28, 530, 31
28, 540, 30
{'count': 540, 'truepos': 25, 'falseneg': 15, 'correction': 0, 'unknownyes': 5, 'falsepos': 3, 'unique': 540}
8: K_all3.csv: three: 0, 0
2, 10
4, 20, 71
4, 30, 60
8, 40, 45
11, 50, 59
12, 60, 60
13, 70, 53
13, 80, 49
16, 90, 42
17, 100, 48
17, 110, 46
17, 120, 42
18, 130, 40
19, 140, 40
20, 150, 40
20, 160, 33
20, 170, 31
21, 180, 32
22, 190, 31
22, 200, 33
22, 210, 30
23, 220, 29
24, 230, 30
24, 240, 31
24, 250, 29
25, 260, 29
25, 270, 29
25, 280, 29
25, 290, 30
27, 300, 29
27, 310, 30
28, 320, 31
28, 330, 32
28, 340, 31
28, 350, 31
29, 360, 31
30, 370, 32
30, 380, 33
30, 390, 33
30, 400, 33
30, 410, 33
30, 420, 32
30, 430, 32
30, 440, 32
30, 450, 32
31, 460, 32
31, 470, 33
{'count': 959, 'truepos': 31, 'falseneg': 10, 'correction': 18, 'unknownyes': 4, 'falsepos': 0, 'unique': 470}
8: K_all3.csv: machine: 0, 0
1, 10
3, 20, 92
3, 30, 54
4, 40, 39
5, 50, 38
8, 60, 35
9, 70, 38
10, 80, 37
11, 90, 36
12, 100, 36
13, 110, 37
13, 120, 38
16, 130, 37
17, 140, 40
17, 150, 40
17, 160, 39
17, 170, 38
18, 180, 38
20, 190, 38
20, 200, 32
20, 210, 31
20, 220, 29
21, 230, 28
21, 240, 28
24, 240, 28
24, 250, 32
26, 260, 30
26, 270, 32
26, 280, 32
26, 290, 32
27, 290, 32
27, 300, 32
28, 310, 32
28, 320, 32
28, 330, 32
28, 340, 32
30, 340, 32
30, 350, 35
30, 360, 34
31, 370, 34
31, 380, 35
33, 390, 34
{'count': 540, 'truepos': 31, 'falseneg': 4, 'correction': 5, 'unknownyes': 10, 'falsepos': 2, 'unique': 390}
8: K_all3.csv: knee: 0, 0
2, 10
5, 20
5, 30
7, 40
10, 50
12, 60
14, 70
16, 80
16, 90
17, 100
18, 110
20, 120
20, 130
21, 140
21, 150
21, 160
21, 170
23, 180
23, 190
23, 200
24, 210
26, 220
26, 230
26, 240
26, 250
26, 260
26, 270
26, 280
26, 290
26, 300
27, 310
27, 320
27, 330
27, 340
27, 350
27, 360
27, 370
28, 380
29, 390
29, 400
30, 410
32, 420
33, 430
34, 440
35, 450
35, 460
35, 470
35, 480
35, 490
35, 500
35, 510
37, 520
37, 530
37, 540
37, 550
37, 560
38, 570
38, 580
38, 590
38, 600
38, 610
38, 620
39, 630
39, 640
40, 650
40, 660
40, 670
41, 680
41, 690
41, 700
41, 710
41, 720
41, 730
41, 740
41, 750
41, 760
41, 770
41, 780
41, 790
41, 800
41, 810
41, 820
42, 830
42, 840
42, 850
42, 860
42, 870
42, 880
42, 890
42, 900
42, 910
42, 920
42, 930
42, 940
42, 950
42, 960
42, 970
42, 980
42, 990
42, 1000
42, 1010
42, 1020
42, 1030
43, 1040
43, 1050
43, 1060
43, 1070
43, 1080
43, 1090
43, 1100
43, 1110
43, 1120
43, 1130
43, 1140
43, 1150
{'count': 1573, 'truepos': 40, 'falseneg': 5, 'correction': 8, 'unknownyes': 0, 'falsepos': 9, 'unique': 1150}

------------------------------------------------------------
Sender: LSF System <lsfadmin@n2b3-8>
Subject: Job 629677: </share/tjmenzie/zyu9/miniconda2/bin/python2.7 runner.py error_hpcc 8> in cluster <henry2> Done

Job </share/tjmenzie/zyu9/miniconda2/bin/python2.7 runner.py error_hpcc 8> was submitted from host <login01.hpc.ncsu.edu> by user <zyu9> in cluster <henry2> at Wed Jan 31 09:58:21 2018.
Job was executed on host(s) <2*n2b3-8>, in queue <single_chassis>, as user <zyu9> in cluster <henry2> at Wed Jan 31 09:58:27 2018.
</home/zyu9> was used as the home directory.
</home/zyu9/projects/MAR_HPC/Error/src> was used as the working directory.
Started at Wed Jan 31 09:58:27 2018.
Terminated at Wed Jan 31 10:55:28 2018.
Results reported at Wed Jan 31 10:55:28 2018.

Your job looked like:

------------------------------------------------------------
# LSBATCH: User input
/share/tjmenzie/zyu9/miniconda2/bin/python2.7 runner.py error_hpcc 8
------------------------------------------------------------

Successfully completed.

Resource usage summary:

    CPU time :                                   4588.52 sec.
    Max Memory :                                 283.40 MB
    Average Memory :                             226.36 MB
    Total Requested Memory :                     -
    Delta Memory :                               -
    Max Swap :                                   1309 MB
    Max Processes :                              3
    Max Threads :                                8
    Run time :                                   3425 sec.
    Turnaround time :                            3427 sec.

The output (if any) is above this job summary.



PS:

Read file <./err/8.err.629677> for stderr output of this job.

