8: Hall.csv: none: 0, 0
5, 10
8, 20, 101
10, 30, 105
17, 40, 107
20, 50, 129
20, 60, 134
20, 70, 127
23, 80, 103
28, 90, 102
29, 100, 119
31, 110, 120
37, 120, 106
42, 130, 121
47, 140, 118
51, 150, 119
55, 160, 125
62, 170, 113
65, 180, 132
66, 190, 134
67, 200, 111
69, 210, 112
69, 220, 120
74, 230, 109
78, 240, 109
80, 250, 106
83, 260, 109
83, 270, 109
85, 280, 109
86, 290, 105
86, 300, 107
89, 310, 106
91, 320, 111
94, 330, 114
96, 340, 117
97, 350, 119
98, 360, 119
98, 370, 119
101, 380, 115
101, 390, 118
101, 400, 121
102, 410, 126
102, 420, 122
103, 430, 124
104, 440, 123
106, 450, 122
107, 460, 127
108, 470, 129
110, 480, 126
110, 490, 126
110, 500, 122
111, 510, 126
114, 520, 126
114, 530, 130
114, 540, 130
114, 550, 131
115, 560, 131
115, 570, 128
116, 580, 128
117, 590, 127
118, 600, 131
119, 610, 132
120, 620, 133
120, 630, 137
120, 640, 135
124, 650, 134
125, 660, 138
127, 670, 142
128, 680, 147
128, 690, 150
129, 700, 147
130, 710, 148
133, 720, 149
134, 730, 155
135, 740, 159
138, 750, 157
140, 760, 166
140, 770, 165
141, 780, 166
141, 790, 166
143, 800, 164
145, 810, 169
146, 820, 167
146, 830, 171
146, 840, 167
147, 850, 175
149, 860, 169
150, 870, 168
150, 880, 174
151, 890, 170
151, 900, 172
153, 910, 170
154, 920, 176
156, 930, 176
157, 940, 179
159, 950, 183
159, 960, 182
159, 970, 181
160, 980, 178
161, 990, 186
163, 1000, 186
165, 1010, 197
166, 1020, 199
166, 1030, 191
166, 1040, 195
167, 1050, 206
168, 1060, 195
169, 1070, 201
169, 1080, 195
170, 1090, 200
171, 1100, 196
172, 1110, 194
175, 1120, 196
175, 1130, 209
175, 1140, 203
176, 1150, 204
176, 1160, 205
178, 1170, 204
180, 1180, 203
181, 1190, 204
183, 1200, 206
184, 1210, 212
185, 1220, 208
186, 1230, 213
186, 1240, 211
187, 1250, 212
187, 1260, 216
187, 1270, 215
191, 1280, 214
191, 1290, 218
191, 1300, 217
195, 1310, 218
198, 1320, 227
199, 1330, 230
199, 1340, 230
199, 1350, 225
199, 1360, 230
200, 1370, 225
201, 1380, 223
202, 1390, 227
202, 1400, 230
206, 1410, 226
206, 1420, 235
207, 1430, 233
210, 1440, 236
212, 1450, 240
213, 1460, 242
214, 1470, 242
215, 1480, 240
216, 1490, 241
217, 1500, 246
219, 1510, 244
220, 1520, 249
221, 1530, 253
221, 1540, 249
221, 1550, 244
222, 1560, 247
222, 1570, 243
222, 1580, 244
223, 1590, 245
225, 1600, 246
225, 1610, 245
226, 1620, 245
228, 1630, 246
230, 1640, 247
231, 1650, 251
231, 1660, 251
231, 1670, 249
232, 1680, 249
233, 1690, 251
233, 1700, 251
235, 1710, 251
235, 1720, 255
235, 1730, 251
235, 1740, 254
236, 1750, 253
236, 1760, 253
237, 1770, 254
237, 1780, 252
238, 1790, 251
238, 1800, 254
238, 1810, 255
238, 1820, 254
{'count': 1820, 'truepos': 87, 'falseneg': 16, 'unknownyes': 3, 'falsepos': 151, 'unique': 1820}
8: Hall.csv: three: 0, 0
8, 10
11, 20, 123
14, 30, 122
16, 40, 120
17, 50, 117
20, 60, 117
21, 70, 118
27, 80, 109
30, 90, 117
36, 100, 98
39, 110, 99
44, 120, 96
48, 130, 102
51, 140, 102
54, 150, 95
57, 160, 96
61, 170, 99
65, 180, 100
69, 190, 103
72, 200, 98
76, 210, 99
83, 220, 103
84, 230, 107
91, 240, 102
95, 250, 114
99, 260, 118
99, 270, 130
100, 280, 122
101, 290, 114
104, 300, 117
104, 310, 128
104, 320, 123
104, 330, 119
104, 340, 120
104, 350, 122
105, 360, 118
105, 370, 117
105, 380, 120
105, 390, 118
105, 400, 117
105, 410, 116
107, 420, 116
108, 430, 119
108, 440, 121
108, 450, 118
108, 460, 119
109, 470, 118
109, 480, 122
109, 490, 119
109, 500, 118
109, 510, 119
109, 520, 119
109, 530, 116
110, 540, 117
110, 550, 116
110, 560, 116
110, 570, 116
110, 580, 116
110, 590, 117
111, 600, 116
111, 610, 117
111, 620, 117
111, 630, 118
111, 640, 117
112, 650, 117
113, 660, 118
113, 670, 120
113, 680, 119
114, 690, 119
{'count': 1509, 'truepos': 101, 'falseneg': 1, 'unknownyes': 4, 'falsepos': 13, 'unique': 690}
8: Hall.csv: machine: 0, 0
6, 10
9, 20, 105
11, 30, 105
13, 40, 109
18, 50, 109
21, 60, 115
['yes' 'yes' 'no' 'yes' 'yes' 'yes' 'yes' 'yes' 'yes' 'no']
['no']
19, 60, 115
21, 70, 119
26, 80, 126
28, 90, 131
31, 100, 137
37, 110, 99
['no' 'yes' 'yes' 'yes' 'yes' 'yes' 'yes' 'yes' 'no' 'no']
['no' 'yes' 'no' 'no' 'no' 'no' 'no' 'no' 'no' 'no']
34, 110, 99
42, 120, 91
47, 130, 98
52, 140, 107
56, 150, 102
58, 160, 105
['no' 'no' 'no' 'yes' 'no' 'yes' 'yes' 'yes' 'yes' 'yes']
['no' 'yes' 'no' 'no' 'yes' 'no' 'no' 'no' 'no' 'no']
55, 160, 105
58, 170, 90
61, 180, 93
65, 190, 86
67, 200, 88
70, 210, 92
['yes' 'yes' 'yes' 'yes' 'yes' 'yes' 'yes' 'yes' 'no' 'no']
['no' 'no' 'no' 'no' 'no' 'no' 'yes' 'no' 'no' 'no']
69, 210, 92
72, 220, 104
75, 230, 105
79, 240, 106
81, 250, 101
83, 260, 102
['yes' 'no' 'yes' 'yes' 'yes' 'no' 'no' 'yes' 'yes' 'no']
['yes' 'yes' 'no' 'no' 'no' 'no' 'no' 'no' 'no' 'no']
80, 260, 102
83, 270, 101
84, 280, 102
87, 290, 96
90, 300, 97
93, 310, 99
['no' 'yes' 'no' 'no' 'yes' 'yes' 'yes' 'yes' 'yes' 'yes']
['no' 'yes' 'no' 'no' 'no' 'no' 'no' 'yes' 'no' 'no']
90, 310, 99
92, 320, 102
93, 330, 102
97, 340, 103
99, 350, 108
100, 360, 110
['no' 'no' 'no' 'yes' 'yes' 'yes' 'no' 'yes' 'yes' 'no']
['no' 'no' 'yes' 'no' 'no' 'no' 'yes' 'no' 'no' 'no']
96, 360, 110
99, 370, 105
99, 380, 112
100, 390, 110
100, 400, 116
101, 410, 110
['yes' 'yes' 'no' 'yes' 'no' 'no' 'yes' 'yes' 'yes' 'no']
['no' 'no' 'no' 'no' 'no' 'no' 'no' 'no' 'no' 'no']
98, 410, 110
100, 420, 109
101, 430, 111
101, 440, 110
102, 450, 112
104, 460, 111
['no' 'no' 'yes' 'no' 'no' 'no' 'yes' 'yes' 'yes' 'yes']
['no' 'no' 'no' 'no' 'no' 'no' 'yes' 'no' 'no' 'no']
104, 460, 111
106, 470, 115
108, 480, 120
109, 490, 123
110, 500, 125
110, 510, 125
['no' 'no' 'no' 'yes' 'no' 'no' 'yes' 'yes' 'yes' 'yes']
['no' 'no' 'no' 'no' 'no' 'no' 'no' 'no' 'no' 'no']
109, 510, 125
111, 520, 120
111, 530, 122
112, 540, 121
112, 550, 124
113, 560, 121
['yes' 'no' 'no' 'no' 'yes' 'no' 'no' 'yes' 'no' 'no']
['no' 'no' 'no' 'no' 'no' 'no' 'no' 'no' 'no' 'no']
107, 560, 121
['no' 'yes' 'no' 'no' 'no' 'yes' 'yes' 'no' 'yes' 'no']
['no' 'no' 'no' 'no' 'no' 'no' 'no' 'no' 'no' 'no']
{'count': 791, 'truepos': 92, 'falseneg': 9, 'unknownyes': 5, 'falsepos': 11, 'unique': 560}
8: Hall.csv: machine2: 0, 0
7, 10
9, 20, 116
13, 30, 109
16, 40, 130
20, 50, 139
21, 60, 159
['no' 'no' 'yes' 'yes' 'no' 'yes' 'yes' 'yes' 'no' 'no']
['no']
16, 60, 159
18, 70, 138
19, 80, 115
21, 90, 102
24, 100, 101
28, 110, 111
['no' 'no' 'no' 'yes' 'yes' 'no' 'yes' 'yes' 'yes' 'yes']
['no']
25, 110, 111
27, 120, 110
30, 130, 105
36, 140, 95
40, 150, 100
44, 160, 102
['no' 'yes' 'yes' 'yes' 'yes' 'yes' 'no' 'yes' 'yes' 'no']
['no' 'no' 'no' 'no' 'no' 'no' 'no' 'no' 'no' 'no']
42, 160, 102
46, 170, 88
47, 180, 90
50, 190, 86
54, 200, 87
57, 210, 83
['no' 'no' 'yes' 'yes' 'no' 'no' 'yes' 'no' 'no' 'yes']
['no' 'yes' 'no' 'no' 'no' 'no' 'no' 'no' 'no' 'no']
52, 210, 83
57, 220, 74
64, 230, 78
67, 240, 84
71, 250, 90
77, 260, 90
['yes' 'yes' 'yes' 'yes' 'yes' 'yes' 'yes' 'no' 'yes' 'yes']
['yes' 'no' 'no' 'no' 'no' 'no' 'no' 'no' 'yes' 'no']
80, 260, 90
83, 270, 97
86, 280, 97
90, 290, 102
93, 300, 105
95, 310, 109
['no' 'yes' 'no' 'yes' 'no' 'yes' 'yes' 'yes' 'no' 'no']
['no' 'no' 'no' 'no' 'no' 'no' 'no' 'no' 'no' 'yes']
93, 310, 109
95, 320, 106
98, 330, 110
102, 340, 108
104, 350, 115
104, 360, 120
['no' 'yes' 'yes' 'yes' 'yes' 'yes' 'no' 'yes' 'yes' 'yes']
['no' 'no' 'yes' 'no' 'yes' 'no' 'yes' 'no' 'no' 'no']
104, 360, 120
109, 370, 116
113, 380, 122
114, 390, 134
116, 400, 132
116, 410, 132
['yes' 'no' 'yes' 'no' 'no' 'no' 'no' 'no' 'no' 'yes']
['no' 'no' 'no' 'no' 'no' 'no' 'yes' 'no' 'no' 'no']
113, 410, 132
115, 420, 126
115, 430, 127
115, 440, 127
116, 450, 126
116, 460, 125
['no' 'yes' 'no' 'no' 'yes' 'yes' 'no' 'yes' 'yes' 'yes']
['no' 'no' 'no' 'no' 'no' 'no' 'no' 'no' 'no' 'no']
113, 460, 125
114, 470, 124
116, 480, 124
117, 490, 126
117, 500, 130
118, 510, 127
['no' 'no' 'no' 'no' 'yes' 'no' 'no' 'no' 'yes' 'no']
['no' 'no' 'yes' 'no' 'no' 'no' 'no' 'no' 'no' 'no']
114, 510, 127
['no' 'yes' 'yes' 'yes' 'no' 'yes' 'yes' 'no' 'no' 'yes']
['no' 'no' 'no' 'no' 'no' 'no' 'no' 'no' 'no' 'no']
{'count': 760, 'truepos': 94, 'falseneg': 7, 'unknownyes': 5, 'falsepos': 16, 'unique': 510}
8: Hall.csv: machine3: 0, 0
6, 10
9, 20, 108
9, 30, 118
12, 40, 104
14, 50, 114
15, 60, 93
null
['no']
15, 60, 93
19, 70, 87
21, 80, 80
26, 90, 77
29, 100, 88
34, 110, 95
null
['no' 'no' 'yes' 'yes' 'no' 'no' 'no' 'no' 'yes' 'no']
38, 110, 95
43, 120, 89
47, 130, 90
52, 140, 86
56, 150, 94
59, 160, 94
null
['no' 'yes' 'no' 'yes' 'no' 'no' 'no' 'no' 'no' 'yes']
61, 160, 94
63, 170, 90
65, 180, 92
69, 190, 89
72, 200, 94
78, 210, 95
null
['yes' 'no' 'no' 'no' 'no' 'no' 'no' 'yes' 'no' 'no']
79, 210, 95
81, 220, 104
84, 230, 101
85, 240, 102
87, 250, 100
89, 260, 103
null
['no' 'no' 'no' 'no' 'no' 'no' 'no' 'yes' 'no' 'yes']
91, 260, 103
92, 270, 107
93, 280, 107
93, 290, 106
93, 300, 105
93, 310, 104
null
['no' 'no' 'no' 'no' 'no' 'no' 'no' 'yes' 'no' 'yes']
94, 310, 104
95, 320, 105
95, 330, 106
97, 340, 109
97, 350, 107
99, 360, 106
null
['no' 'no' 'no' 'no' 'no' 'yes' 'no' 'no' 'no' 'no']
100, 360, 106
101, 370, 110
101, 380, 111
102, 390, 108
103, 400, 114
104, 410, 112
null
['no' 'no' 'no' 'no' 'no' 'no' 'no' 'no' 'no' 'no']
104, 410, 112
104, 420, 115
104, 430, 114
104, 440, 116
104, 450, 113
104, 460, 113
null
['no' 'no' 'no' 'no' 'no' 'no' 'no' 'no' 'no' 'no']
104, 460, 113
104, 470, 113
104, 480, 111
104, 490, 110
104, 500, 111
105, 510, 111
null
['no' 'no' 'no' 'no' 'no' 'no' 'no' 'no' 'no' 'no']
105, 510, 111
105, 520, 112
106, 530, 111
106, 540, 113
106, 550, 112
106, 560, 112
null
['no' 'no' 'no' 'no' 'no' 'no' 'no' 'no' 'no' 'no']
106, 560, 112
106, 570, 112
null
['no' 'no' 'no' 'no' 'no' 'no' 'yes' 'no' 'no' 'no']
{'count': 873, 'truepos': 98, 'falseneg': 4, 'unknownyes': 4, 'falsepos': 10, 'unique': 570}
8: Wahono.csv: none: 0, 0
6, 10
7, 20, 100
10, 30, 95
14, 40, 107
16, 50, 112
20, 60, 103
26, 70, 95
28, 80, 109
28, 90, 99
28, 100, 81
29, 110, 67
30, 120, 64
36, 130, 52
36, 140, 63
40, 150, 54
42, 160, 62
44, 170, 67
46, 180, 67
50, 190, 78
56, 200, 79
58, 210, 95
60, 220, 105
61, 230, 118
64, 240, 108
65, 250, 113
66, 260, 116
70, 270, 102
72, 280, 118
72, 290, 116
72, 300, 115
73, 310, 108
76, 320, 113
78, 330, 113
80, 340, 117
83, 350, 124
83, 360, 122
85, 370, 118
86, 380, 121
87, 390, 121
89, 400, 116
91, 410, 118
92, 420, 123
93, 430, 124
95, 440, 121
96, 450, 141
97, 460, 127
99, 470, 126
99, 480, 132
100, 490, 130
102, 500, 129
102, 510, 134
102, 520, 140
103, 530, 136
104, 540, 139
105, 550, 133
105, 560, 140
107, 570, 138
107, 580, 144
107, 590, 135
108, 600, 139
108, 610, 136
109, 620, 134
111, 630, 137
111, 640, 139
111, 650, 136
113, 660, 140
115, 670, 139
115, 680, 141
115, 690, 140
118, 700, 146
120, 710, 148
120, 720, 158
122, 730, 153
125, 740, 157
128, 750, 160
129, 760, 166
131, 770, 165
134, 780, 167
135, 790, 182
138, 800, 175
141, 810, 183
141, 820, 181
141, 830, 180
141, 840, 179
141, 850, 175
146, 860, 178
148, 870, 183
149, 880, 189
150, 890, 194
152, 900, 193
152, 910, 188
155, 920, 185
157, 930, 187
157, 940, 205
158, 950, 196
158, 960, 190
158, 970, 194
158, 980, 186
158, 990, 188
159, 1000, 192
159, 1010, 186
159, 1020, 187
159, 1030, 184
160, 1040, 186
161, 1050, 190
162, 1060, 186
162, 1070, 190
165, 1080, 183
165, 1090, 187
165, 1100, 191
168, 1110, 189
168, 1120, 199
168, 1130, 199
168, 1140, 192
168, 1150, 189
168, 1160, 193
168, 1170, 191
169, 1180, 192
170, 1190, 189
171, 1200, 192
171, 1210, 190
172, 1220, 189
172, 1230, 195
173, 1240, 193
173, 1250, 195
176, 1260, 196
177, 1270, 201
177, 1280, 202
178, 1290, 201
180, 1300, 201
181, 1310, 206
182, 1320, 208
184, 1330, 210
186, 1340, 213
187, 1350, 212
188, 1360, 220
189, 1370, 217
189, 1380, 215
192, 1390, 219
193, 1400, 221
193, 1410, 222
193, 1420, 222
195, 1430, 220
195, 1440, 224
195, 1450, 224
196, 1460, 224
197, 1470, 222
197, 1480, 228
197, 1490, 228
197, 1500, 224
197, 1510, 226
198, 1520, 226
200, 1530, 222
200, 1540, 227
200, 1550, 228
202, 1560, 223
202, 1570, 238
202, 1580, 229
202, 1590, 230
204, 1600, 226
205, 1610, 229
206, 1620, 230
206, 1630, 234
208, 1640, 231
209, 1650, 231
209, 1660, 236
212, 1670, 233
214, 1680, 242
214, 1690, 242
214, 1700, 239
216, 1710, 239
217, 1720, 242
219, 1730, 245
221, 1740, 245
221, 1750, 244
221, 1760, 246
222, 1770, 242
222, 1780, 244
223, 1790, 243
224, 1800, 244
224, 1810, 246
225, 1820, 247
225, 1830, 248
226, 1840, 247
226, 1850, 247
227, 1860, 248
228, 1870, 252
229, 1880, 251
230, 1890, 251
230, 1900, 258
233, 1910, 256
233, 1920, 257
233, 1930, 255
233, 1940, 254
234, 1950, 259
234, 1960, 259
234, 1970, 257
235, 1980, 254
237, 1990, 255
237, 2000, 257
239, 2010, 258
240, 2020, 260
241, 2030, 259
242, 2040, 263
242, 2050, 262
243, 2060, 264
244, 2070, 262
245, 2080, 266
245, 2090, 264
245, 2100, 263
246, 2110, 265
246, 2120, 264
248, 2130, 265
248, 2140, 266
249, 2150, 265
250, 2160, 266
252, 2170, 269
252, 2180, 271
253, 2190, 271
254, 2200, 272
254, 2210, 274
255, 2220, 273
257, 2230, 273
258, 2240, 277
259, 2250, 281
259, 2260, 279
259, 2270, 279
260, 2280, 278
263, 2290, 279
265, 2300, 285
266, 2310, 287
266, 2320, 288
267, 2330, 288
267, 2340, 289
267, 2350, 286
267, 2360, 285
267, 2370, 286
268, 2380, 284
270, 2390, 287
271, 2400, 288
271, 2410, 289
271, 2420, 290
271, 2430, 288
271, 2440, 292
275, 2450, 288
275, 2460, 295
275, 2470, 294
277, 2480, 293
277, 2490, 295
278, 2500, 295
282, 2510, 297
283, 2520, 302
286, 2530, 305
286, 2540, 311
286, 2550, 310
289, 2560, 311
291, 2570, 314
292, 2580, 320
294, 2590, 320
295, 2600, 320
296, 2610, 321
297, 2620, 322
298, 2630, 321
299, 2640, 322
299, 2650, 325
300, 2660, 322
303, 2670, 325
304, 2680, 332
305, 2690, 333
305, 2700, 335
306, 2710, 331
309, 2720, 332
309, 2730, 335
311, 2740, 337
312, 2750, 338
313, 2760, 338
315, 2770, 339
315, 2780, 345
318, 2790, 346
319, 2800, 345
320, 2810, 343
321, 2820, 345
321, 2830, 351
321, 2840, 351
323, 2850, 346
324, 2860, 344
324, 2870, 350
325, 2880, 348
328, 2890, 348
329, 2900, 352
329, 2910, 355
329, 2920, 355
330, 2930, 354
332, 2940, 353
332, 2950, 356
333, 2960, 355
334, 2970, 356
336, 2980, 357
337, 2990, 360
340, 3000, 361
342, 3010, 365
343, 3020, 369
344, 3030, 370
345, 3040, 371
346, 3050, 371
347, 3060, 373
347, 3070, 373
348, 3080, 372
349, 3090, 370
350, 3100, 373
352, 3110, 375
354, 3120, 377
357, 3130, 382
359, 3140, 388
361, 3150, 389
361, 3160, 393
362, 3170, 392
363, 3180, 395
363, 3190, 389
363, 3200, 389
365, 3210, 390
366, 3220, 391
366, 3230, 390
367, 3240, 393
367, 3250, 391
368, 3260, 391
369, 3270, 392
372, 3280, 392
372, 3290, 394
373, 3300, 393
374, 3310, 393
375, 3320, 398
375, 3330, 395
{'count': 3330, 'truepos': 55, 'falseneg': 5, 'unknownyes': 2, 'falsepos': 320, 'unique': 3330}
8: Wahono.csv: three: 0, 0
6, 10
6, 20, 102
6, 30, 95
11, 40, 69
14, 50, 86
17, 60, 71
18, 70, 67
19, 80, 50
21, 90, 51
22, 100, 48
25, 110, 46
26, 120, 54
27, 130, 52
29, 140, 50
30, 150, 53
33, 160, 52
36, 170, 63
37, 180, 64
39, 190, 72
40, 200, 65
42, 210, 66
42, 220, 71
45, 230, 66
45, 240, 75
45, 250, 66
46, 260, 73
46, 270, 64
47, 280, 64
48, 290, 66
49, 300, 67
50, 310, 65
50, 320, 71
50, 330, 66
51, 340, 66
51, 350, 75
51, 360, 64
52, 370, 66
53, 380, 71
54, 390, 73
54, 400, 71
55, 410, 69
56, 420, 77
56, 430, 72
58, 440, 72
58, 450, 79
58, 460, 83
59, 470, 75
59, 480, 91
60, 490, 77
60, 500, 85
60, 510, 80
61, 520, 83
61, 530, 84
61, 540, 81
62, 550, 78
62, 560, 79
62, 570, 81
63, 580, 76
64, 590, 79
64, 600, 84
65, 610, 81
65, 620, 84
65, 630, 79
65, 640, 83
65, 650, 81
65, 660, 81
65, 670, 85
65, 680, 84
65, 690, 84
66, 700, 77
66, 710, 78
66, 720, 76
67, 730, 83
67, 740, 81
68, 750, 79
70, 760, 78
70, 770, 81
70, 780, 80
70, 790, 80
71, 800, 83
72, 810, 83
72, 820, 84
72, 830, 92
72, 840, 85
72, 850, 82
73, 860, 81
73, 870, 85
73, 880, 85
73, 890, 84
74, 900, 83
75, 910, 84
76, 920, 84
76, 930, 86
77, 940, 85
78, 950, 86
78, 960, 89
78, 970, 88
78, 980, 90
78, 990, 88
79, 1000, 88
79, 1010, 88
79, 1020, 88
80, 1030, 87
80, 1040, 88
81, 1050, 91
81, 1060, 90
81, 1070, 88
81, 1080, 89
81, 1090, 89
81, 1100, 89
82, 1110, 88
82, 1120, 90
83, 1130, 90
84, 1140, 92
84, 1150, 92
84, 1160, 92
85, 1170, 92
85, 1180, 92
85, 1190, 92
85, 1200, 91
85, 1210, 93
85, 1220, 91
85, 1230, 94
86, 1240, 92
87, 1250, 93
87, 1260, 94
88, 1270, 96
88, 1280, 97
89, 1290, 95
90, 1300, 97
90, 1310, 98
91, 1320, 97
91, 1330, 97
91, 1340, 97
91, 1350, 98
92, 1360, 97
92, 1370, 98
93, 1380, 99
93, 1390, 100
93, 1400, 100
93, 1410, 99
93, 1420, 99
94, 1430, 99
95, 1440, 101
95, 1450, 103
95, 1460, 101
95, 1470, 102
95, 1480, 101
95, 1490, 102
96, 1500, 102
96, 1510, 103
97, 1520, 102
98, 1530, 104
98, 1540, 105
98, 1550, 104
100, 1560, 105
100, 1570, 108
101, 1580, 106
102, 1590, 108
102, 1600, 110
103, 1610, 110
104, 1620, 111
105, 1630, 112
105, 1640, 113
106, 1650, 113
106, 1660, 114
106, 1670, 114
107, 1680, 113
107, 1690, 116
107, 1700, 114
107, 1710, 114
108, 1720, 113
108, 1730, 115
108, 1740, 114
109, 1750, 114
109, 1760, 116
109, 1770, 116
109, 1780, 116
110, 1790, 115
110, 1800, 118
111, 1810, 117
111, 1820, 119
111, 1830, 117
111, 1840, 117
113, 1850, 118
{'count': 4061, 'truepos': 59, 'falseneg': 1, 'unknownyes': 2, 'falsepos': 54, 'unique': 1850}
8: Wahono.csv: machine: 0, 0
6, 10
9, 20, 101
12, 30, 100
14, 40, 99
17, 50, 101
18, 60, 109
['no' 'yes' 'no' 'yes' 'no' 'yes' 'yes' 'yes' 'yes' 'no']
['no']
17, 60, 109
20, 70, 102
25, 80, 106
25, 90, 112
28, 100, 97
31, 110, 89
['no' 'no' 'no' 'no' 'yes' 'yes' 'no' 'no' 'yes' 'yes']
['no' 'no' 'no' 'no' 'no' 'no' 'no' 'no' 'no' 'no']
25, 110, 89
28, 120, 68
28, 130, 66
30, 140, 62
35, 150, 54
40, 160, 53
['yes' 'no' 'yes' 'yes' 'yes' 'no' 'no' 'no' 'no' 'no']
['no' 'no' 'no' 'no' 'no' 'no' 'no' 'no' 'no' 'no']
37, 160, 53
43, 170, 54
45, 180, 67
48, 190, 70
49, 200, 70
50, 210, 67
['yes' 'no' 'no' 'yes' 'no' 'no' 'no' 'yes' 'yes' 'no']
['no' 'no' 'no' 'yes' 'no' 'yes' 'no' 'no' 'no' 'no']
45, 210, 67
46, 220, 70
50, 230, 72
50, 240, 85
52, 250, 80
54, 260, 83
['yes' 'no' 'no' 'no' 'no' 'yes' 'yes' 'yes' 'yes' 'yes']
['no' 'no' 'no' 'no' 'no' 'no' 'no' 'no' 'no' 'no']
50, 260, 83
53, 270, 82
55, 280, 89
56, 290, 100
56, 300, 102
58, 310, 96
['no' 'no' 'no' 'yes' 'no' 'no' 'no' 'no' 'no' 'no']
['no' 'no' 'no' 'no' 'no' 'no' 'no' 'no' 'no' 'no']
50, 310, 96
53, 320, 69
55, 330, 76
56, 340, 80
60, 350, 82
61, 360, 88
['no' 'no' 'no' 'no' 'no' 'no' 'no' 'no' 'no' 'yes']
['no' 'no' 'no' 'no' 'no' 'no' 'no' 'no' 'no' 'no']
55, 360, 88
57, 370, 71
58, 380, 78
59, 390, 82
59, 400, 80
60, 410, 79
['no' 'no' 'no' 'no' 'no' 'yes' 'no' 'no' 'no' 'yes']
['no' 'no' 'no' 'no' 'no' 'no' 'no' 'no' 'no' 'no']
52, 410, 79
53, 420, 69
56, 430, 66
59, 440, 68
60, 450, 72
60, 460, 74
['no' 'no' 'yes' 'no' 'yes' 'no' 'no' 'yes' 'yes' 'yes']
['no' 'no' 'no' 'no' 'no' 'no' 'no' 'no' 'no' 'yes']
56, 460, 74
58, 470, 67
61, 480, 71
61, 490, 75
65, 500, 73
66, 510, 81
['no' 'no' 'no' 'yes' 'yes' 'no' 'yes' 'yes' 'no' 'yes']
['no' 'no' 'no' 'no' 'no' 'no' 'no' 'no' 'no' 'no']
61, 510, 81
62, 520, 71
62, 530, 72
64, 540, 71
67, 550, 74
69, 560, 79
['no' 'no' 'yes' 'no' 'no' 'yes' 'no' 'yes' 'no' 'no']
['no' 'no' 'no' 'no' 'no' 'no' 'no' 'no' 'no' 'no']
63, 560, 79
65, 570, 73
66, 580, 75
67, 590, 76
68, 600, 78
68, 610, 80
['no' 'no' 'yes' 'no' 'yes' 'yes' 'no' 'no' 'no' 'no']
['no' 'no' 'no' 'no' 'no' 'no' 'no' 'no' 'no' 'no']
64, 610, 80
65, 620, 72
66, 630, 73
66, 640, 76
68, 650, 75
68, 660, 76
['no' 'no' 'no' 'no' 'yes' 'no' 'no' 'no' 'yes' 'yes']
['no' 'no' 'no' 'no' 'no' 'no' 'no' 'no' 'no' 'no']
62, 660, 76
64, 670, 69
65, 680, 70
67, 690, 71
70, 700, 73
72, 710, 82
['no' 'no' 'no' 'no' 'no' 'no' 'no' 'no' 'no' 'no']
['no' 'no' 'no' 'no' 'no' 'no' 'no' 'no' 'no' 'no']
62, 710, 82
62, 720, 68
64, 730, 68
67, 740, 71
68, 750, 75
70, 760, 78
['no' 'yes' 'no' 'yes' 'no' 'no' 'no' 'no' 'yes' 'no']
['no' 'no' 'no' 'no' 'no' 'no' 'no' 'no' 'no' 'no']
65, 760, 78
67, 770, 72
68, 780, 76
68, 790, 75
68, 800, 76
69, 810, 76
['no' 'no' 'no' 'no' 'no' 'no' 'no' 'no' 'yes' 'no']
['no' 'no' 'no' 'no' 'no' 'no' 'no' 'no' 'no' 'no']
64, 810, 76
65, 820, 71
67, 830, 72
69, 840, 74
71, 850, 78
73, 860, 81
['no' 'no' 'no' 'no' 'no' 'no' 'no' 'no' 'no' 'no']
['no' 'no' 'no' 'no' 'no' 'no' 'no' 'no' 'no' 'yes']
66, 860, 81
66, 870, 73
68, 880, 72
71, 890, 75
72, 900, 78
75, 910, 79
['no' 'no' 'no' 'no' 'no' 'no' 'no' 'no' 'no' 'no']
['no' 'no' 'no' 'no' 'no' 'no' 'no' 'no' 'no' 'no']
65, 910, 79
66, 920, 71
69, 930, 71
69, 940, 76
71, 950, 76
71, 960, 79
['no' 'yes' 'no' 'no' 'no' 'no' 'yes' 'no']
['no' 'no' 'no' 'no' 'no' 'no' 'no' 'no' 'no' 'no']
68, 960, 79
70, 970, 75
71, 980, 77
72, 990, 77
72, 1000, 78
74, 1010, 78
['no' 'no' 'no' 'no' 'no' 'no' 'no' 'no' 'yes']
['no' 'no' 'no' 'no' 'no' 'no' 'no' 'no' 'no' 'no']
68, 1010, 78
69, 1020, 74
70, 1030, 75
72, 1040, 75
72, 1050, 78
72, 1060, 80
['no' 'no' 'no' 'no' 'no']
['no' 'no' 'no' 'no' 'no' 'no' 'no' 'no' 'no' 'no']
72, 1060, 80
74, 1070, 79
76, 1080, 81
77, 1090, 83
80, 1100, 86
80, 1110, 91
['no' 'no' 'no' 'no' 'no' 'no' 'no' 'no' 'no' 'no']
['no' 'no' 'no' 'no' 'no' 'no' 'no' 'no' 'no' 'no']
73, 1110, 91
74, 1120, 80
74, 1130, 81
75, 1140, 81
76, 1150, 82
78, 1160, 83
['no' 'no' 'no' 'no' 'no' 'no']
['no' 'no' 'no' 'no' 'no' 'no' 'no' 'no' 'no' 'no']
76, 1160, 83
77, 1170, 83
80, 1180, 83
80, 1190, 86
80, 1200, 87
81, 1210, 86
['no' 'no' 'no' 'no' 'no']
['no' 'no' 'no' 'no' 'no' 'no' 'no' 'no' 'no' 'no']
79, 1210, 86
80, 1220, 85
81, 1230, 87
82, 1240, 87
84, 1250, 88
85, 1260, 91
['no' 'no' 'no' 'no' 'no' 'no' 'no']
['no' 'no' 'no' 'no' 'no' 'no' 'no' 'no' 'no' 'no']
81, 1260, 91
84, 1270, 87
84, 1280, 90
84, 1290, 91
84, 1300, 90
85, 1310, 89
['no' 'no' 'no' 'no' 'no']
['no' 'no' 'no' 'no' 'no' 'no' 'no' 'no' 'no' 'no']
['no' 'no' 'no' 'no' 'no']
['no' 'no' 'no' 'no' 'no' 'no' 'no' 'no' 'no' 'no']
{'count': 1796, 'truepos': 52, 'falseneg': 5, 'unknownyes': 5, 'falsepos': 29, 'unique': 1310}
8: Wahono.csv: machine2: 0, 0
6, 10
7, 20, 102
8, 30, 107
11, 40, 100
12, 50, 98
13, 60, 93
['yes' 'no' 'yes' 'yes' 'yes' 'yes' 'no' 'yes' 'yes' 'yes']
[]
11, 60, 93
12, 70, 68
14, 80, 55
17, 90, 50
19, 100, 55
21, 110, 54
['no' 'yes' 'yes' 'yes' 'yes' 'yes' 'yes' 'yes' 'yes' 'yes']
[]
21, 110, 54
23, 120, 54
24, 130, 57
25, 140, 55
27, 150, 52
29, 160, 54
['no' 'yes' 'no' 'yes' 'no' 'yes' 'yes' 'yes' 'yes' 'yes']
['no']
28, 160, 54
29, 170, 52
33, 180, 48
35, 190, 55
37, 200, 57
40, 210, 59
['no' 'yes' 'yes' 'yes' 'no' 'no' 'no' 'yes' 'no' 'yes']
['no' 'no' 'no' 'no' 'no' 'no' 'no' 'no' 'no' 'no']
35, 210, 59
37, 220, 57
38, 230, 68
39, 240, 59
40, 250, 61
41, 260, 58
['no' 'yes' 'no' 'yes' 'yes' 'yes' 'yes' 'yes' 'no' 'no']
['no' 'no' 'yes' 'no' 'yes' 'no' 'no' 'no' 'no' 'no']
39, 260, 58
40, 270, 64
41, 280, 63
43, 290, 63
43, 300, 72
45, 310, 68
['no' 'no' 'yes' 'yes' 'no' 'no' 'no' 'yes']
['no' 'no' 'no' 'no' 'no' 'no' 'no' 'no' 'no' 'no']
40, 310, 68
40, 320, 55
44, 330, 57
46, 340, 61
46, 350, 69
49, 360, 65
['yes' 'no' 'yes' 'yes' 'yes' 'no' 'no' 'no' 'no']
['yes' 'no' 'no' 'no' 'no' 'no' 'no' 'no' 'no' 'no']
47, 360, 65
48, 370, 59
51, 380, 63
52, 390, 66
53, 400, 67
53, 410, 74
['no' 'yes' 'no' 'no' 'no' 'no' 'no' 'yes']
['no' 'no' 'no' 'no' 'yes' 'no' 'no' 'no' 'no' 'no']
48, 410, 74
49, 420, 59
50, 430, 60
51, 440, 63
52, 450, 64
54, 460, 73
['no' 'no' 'no' 'no' 'no' 'no' 'yes']
['no' 'no' 'no' 'no' 'no' 'no' 'no' 'no' 'no' 'no']
50, 460, 73
51, 470, 66
54, 480, 68
55, 490, 71
55, 500, 80
57, 510, 81
['no' 'no' 'no' 'no' 'no' 'no' 'no']
['no' 'no' 'no' 'no' 'no' 'no' 'no' 'no' 'no' 'no']
52, 510, 81
53, 520, 70
54, 530, 72
54, 540, 78
55, 550, 73
55, 560, 74
['no' 'no' 'no']
['no' 'no' 'no' 'no' 'no' 'no' 'no' 'no' 'no' 'no']
53, 560, 74
56, 570, 60
56, 580, 67
56, 590, 69
57, 600, 67
58, 610, 69
['no' 'no' 'no' 'no' 'no' 'yes']
['no' 'no' 'no' 'no' 'no' 'no' 'no' 'no' 'yes' 'no']
55, 610, 69
55, 620, 67
57, 630, 63
57, 640, 72
58, 650, 66
59, 660, 74
['yes' 'no' 'no' 'no' 'no' 'yes']
['no' 'no' 'no' 'no' 'no' 'no' 'no' 'no' 'no' 'no']
56, 660, 74
56, 670, 69
57, 680, 65
57, 690, 65
58, 700, 66
60, 710, 66
['no' 'no' 'no' 'no']
['no' 'no' 'no' 'no' 'no' 'no' 'no' 'no' 'no' 'no']
57, 710, 66
61, 720, 67
61, 730, 74
61, 740, 70
62, 750, 73
63, 760, 75
['no' 'yes' 'no' 'no' 'no' 'no' 'no']
['no' 'no' 'no' 'no' 'no' 'no' 'no' 'no' 'no' 'no']
61, 760, 75
61, 770, 70
61, 780, 68
61, 790, 73
62, 800, 70
65, 810, 72
['no' 'no' 'no' 'no' 'no' 'no']
['no' 'no' 'no' 'no' 'no' 'no' 'no' 'no' 'no' 'yes']
60, 810, 72
61, 820, 67
62, 830, 68
64, 840, 70
65, 850, 72
66, 860, 73
['no' 'no' 'yes' 'yes' 'no' 'yes' 'yes']
['no' 'no' 'no' 'no' 'no' 'no' 'no' 'no' 'no' 'no']
66, 860, 73
67, 870, 74
69, 880, 75
69, 890, 76
69, 900, 77
71, 910, 76
['yes' 'no' 'no' 'no' 'yes' 'no' 'no']
['no' 'no' 'no' 'no' 'no' 'no' 'no' 'no' 'no' 'no']
68, 910, 76
68, 920, 75
69, 930, 76
71, 940, 77
71, 950, 80
71, 960, 79
['no' 'no' 'no' 'no']
['no' 'no' 'no' 'no' 'no' 'no' 'no' 'no' 'no' 'no']
68, 960, 79
69, 970, 75
70, 980, 76
72, 990, 77
74, 1000, 80
75, 1010, 83
['no' 'no' 'no' 'no' 'no' 'no' 'no']
['no' 'no' 'no' 'no' 'no' 'no' 'no' 'no' 'no' 'no']
70, 1010, 83
74, 1020, 78
74, 1030, 85
75, 1040, 84
76, 1050, 86
78, 1060, 88
['no' 'no' 'no' 'no' 'no' 'no' 'yes' 'no' 'no']
['no' 'no' 'no' 'no' 'no' 'no' 'no' 'no' 'no' 'no']
74, 1060, 88
74, 1070, 82
75, 1080, 83
75, 1090, 83
75, 1100, 84
76, 1110, 84
['no' 'no']
['no' 'no' 'no' 'no' 'no' 'no' 'yes' 'no' 'no' 'no']
75, 1110, 84
76, 1120, 83
77, 1130, 84
77, 1140, 88
78, 1150, 87
80, 1160, 87
['no' 'no' 'no' 'no' 'no' 'yes']
['no' 'no' 'no' 'no' 'no' 'no' 'no' 'no' 'no' 'no']
77, 1160, 87
78, 1170, 84
79, 1180, 86
79, 1190, 88
80, 1200, 87
81, 1210, 90
['no' 'no' 'no' 'no']
['no' 'no' 'no' 'no' 'no' 'no' 'no' 'no' 'no' 'no']
79, 1210, 90
79, 1220, 87
79, 1230, 88
79, 1240, 87
79, 1250, 88
81, 1260, 87
['no' 'no']
['no' 'no' 'no' 'no' 'no' 'no' 'no' 'no' 'no' 'no']
80, 1260, 87
81, 1270, 88
82, 1280, 88
84, 1290, 89
84, 1300, 92
85, 1310, 92
['no' 'no' 'no' 'no' 'no']
['no' 'no' 'no' 'no' 'no' 'no' 'no' 'no' 'no' 'no']
83, 1310, 92
84, 1320, 89
84, 1330, 91
85, 1340, 92
85, 1350, 94
85, 1360, 95
['no' 'no' 'no']
['no' 'no' 'no' 'no' 'no' 'no' 'no' 'no' 'no' 'no']
82, 1360, 95
84, 1370, 90
85, 1380, 93
87, 1390, 93
87, 1400, 98
89, 1410, 97
['no' 'no' 'no' 'no' 'no' 'no' 'no']
['no' 'no' 'no' 'no' 'no' 'no' 'no' 'no' 'no' 'no']
85, 1410, 97
85, 1420, 93
89, 1430, 94
90, 1440, 100
90, 1450, 100
91, 1460, 101
['no' 'no' 'no' 'no' 'no' 'no' 'no']
['no' 'no' 'no' 'no' 'no' 'no' 'no' 'no' 'no' 'no']
84, 1460, 101
84, 1470, 91
84, 1480, 92
85, 1490, 90
90, 1500, 93
91, 1510, 100
['no' 'no' 'no' 'no' 'no' 'no' 'no']
['no' 'no' 'no' 'no' 'no' 'no' 'no' 'no' 'no' 'no']
88, 1510, 100
88, 1520, 96
88, 1530, 95
88, 1540, 96
90, 1550, 95
91, 1560, 97
['no' 'no' 'no' 'no' 'no']
['no' 'no' 'no' 'no' 'no' 'no' 'no' 'no' 'no' 'no']
88, 1560, 97
88, 1570, 95
89, 1580, 94
89, 1590, 96
91, 1600, 97
93, 1610, 97
['no' 'no' 'no' 'no' 'no' 'no' 'no']
['no' 'no' 'no' 'no' 'no' 'no' 'no' 'no' 'no' 'no']
['no' 'no' 'no' 'no' 'no' 'no' 'no']
['no' 'no' 'no' 'no' 'no' 'no' 'no' 'no' 'no' 'no']
{'count': 2241, 'truepos': 57, 'falseneg': 2, 'unknownyes': 3, 'falsepos': 31, 'unique': 1610}
8: Wahono.csv: machine3: 0, 0
6, 10
6, 20, 101
8, 30, 91
10, 40, 95
12, 50, 78
13, 60, 60
null
[]
16, 70, 49
17, 80, 59
19, 90, 51
20, 100, 49
23, 110, 48
23, 120, 52
null
[]
27, 130, 48
29, 140, 58
30, 150, 59
33, 160, 54
37, 170, 60
39, 180, 71
null
['no' 'no' 'no' 'no' 'no' 'no' 'no' 'no' 'no' 'no']
39, 180, 71
40, 190, 77
41, 200, 76
41, 210, 78
42, 220, 74
43, 230, 68
null
['no' 'no' 'no' 'no' 'no' 'no' 'no' 'no' 'no' 'no']
43, 230, 68
44, 240, 68
44, 250, 70
48, 260, 64
48, 270, 71
48, 280, 76
null
['no' 'yes' 'no' 'no' 'no' 'no' 'yes' 'no' 'no' 'no']
50, 280, 76
50, 290, 69
50, 300, 68
50, 310, 70
50, 320, 64
51, 330, 67
null
['no' 'no' 'no' 'no' 'no' 'no' 'no' 'no' 'no' 'no']
51, 330, 67
52, 340, 67
52, 350, 70
54, 360, 67
54, 370, 74
54, 380, 71
null
['no' 'no' 'no' 'no' 'no' 'no' 'no' 'no' 'no' 'no']
54, 380, 71
55, 390, 70
55, 400, 76
55, 410, 78
56, 420, 70
56, 430, 71
null
['no' 'no' 'no' 'no' 'no' 'no' 'no' 'no' 'no' 'yes']
57, 430, 71
57, 440, 72
57, 450, 78
57, 460, 77
57, 470, 77
57, 480, 76
null
['no' 'no' 'no' 'no' 'no' 'no' 'no' 'no' 'no' 'no']
57, 480, 76
58, 490, 70
58, 500, 75
58, 510, 71
59, 520, 70
59, 530, 67
null
['no' 'no' 'no' 'no' 'no' 'no' 'no' 'no' 'no' 'no']
59, 530, 67
60, 540, 70
60, 550, 70
60, 560, 72
60, 570, 71
60, 580, 70
null
['no' 'no' 'no' 'no' 'no' 'no' 'no' 'no' 'no' 'no']
60, 580, 70
60, 590, 71
60, 600, 70
60, 610, 71
60, 620, 68
60, 630, 69
null
['no' 'no' 'no' 'no' 'no' 'no' 'no' 'no' 'no' 'no']
60, 630, 69
61, 640, 67
62, 650, 70
62, 660, 70
62, 670, 71
62, 680, 71
null
['no' 'no' 'no' 'no' 'no' 'no' 'no' 'no' 'no' 'no']
62, 680, 71
64, 690, 70
65, 700, 71
65, 710, 73
66, 720, 74
67, 730, 73
null
['no' 'no' 'no' 'no' 'no' 'no' 'no' 'no' 'no' 'no']
67, 730, 73
67, 740, 75
67, 750, 74
67, 760, 73
67, 770, 75
68, 780, 75
null
['no' 'no' 'no' 'no' 'no' 'no' 'no' 'no' 'no' 'no']
68, 780, 75
69, 790, 76
69, 800, 79
69, 810, 77
69, 820, 78
70, 830, 77
null
['no' 'no' 'no' 'no' 'no' 'no' 'no' 'no' 'no' 'no']
70, 830, 77
70, 840, 78
71, 850, 77
72, 860, 78
73, 870, 80
74, 880, 83
null
['no' 'no' 'no' 'no' 'no' 'no' 'no' 'no' 'no' 'no']
74, 880, 83
74, 890, 85
74, 900, 83
74, 910, 85
74, 920, 83
74, 930, 83
null
['no' 'no' 'no' 'no' 'no' 'no' 'no' 'no' 'no' 'no']
74, 930, 83
74, 940, 84
74, 950, 83
74, 960, 82
75, 970, 84
75, 980, 84
null
['no' 'no' 'no' 'no' 'no' 'no' 'no' 'no' 'no' 'no']
75, 980, 84
76, 990, 83
76, 1000, 83
76, 1010, 84
76, 1020, 83
76, 1030, 83
null
['no' 'no' 'no' 'no' 'no' 'no' 'no' 'no' 'no' 'no']
76, 1030, 83
76, 1040, 85
76, 1050, 83
77, 1060, 83
77, 1070, 86
77, 1080, 85
null
['no' 'no' 'no' 'no' 'no' 'no' 'no' 'no' 'no' 'no']
77, 1080, 85
77, 1090, 85
78, 1100, 83
78, 1110, 86
79, 1120, 85
79, 1130, 86
null
['no' 'no' 'no' 'no' 'no' 'no' 'no' 'no' 'no' 'no']
79, 1130, 86
79, 1140, 86
79, 1150, 85
80, 1160, 87
80, 1170, 87
81, 1180, 85
null
['no' 'no' 'no' 'no' 'no' 'no' 'no' 'no' 'no' 'no']
null
['no' 'no' 'no' 'no' 'no' 'no' 'no' 'no' 'no' 'no']
{'count': 1669, 'truepos': 58, 'falseneg': 1, 'unknownyes': 3, 'falsepos': 23, 'unique': 1180}
8: Danijel.csv: none: 0, 0
4, 10
6, 20, 132
7, 30, 132
11, 40, 122
12, 50, 127
15, 60, 119
15, 70, 109
16, 80, 85
17, 90, 79
18, 100, 73
20, 110, 69
22, 120, 73
25, 130, 75
26, 140, 82
29, 150, 68
30, 160, 72
32, 170, 59
33, 180, 61
35, 190, 65
36, 200, 59
36, 210, 70
36, 220, 56
37, 230, 59
38, 240, 58
38, 250, 60
39, 260, 57
40, 270, 59
43, 280, 60
46, 290, 64
49, 300, 71
51, 310, 69
54, 320, 75
56, 330, 72
57, 340, 80
58, 350, 74
59, 360, 78
60, 370, 79
63, 380, 82
64, 390, 82
67, 400, 81
68, 410, 88
69, 420, 84
73, 430, 87
73, 440, 90
73, 450, 87
73, 460, 89
75, 470, 87
77, 480, 92
77, 490, 95
79, 500, 91
79, 510, 95
81, 520, 93
81, 530, 97
81, 540, 97
83, 550, 97
85, 560, 99
86, 570, 100
88, 580, 99
88, 590, 101
88, 600, 98
88, 610, 104
89, 620, 102
89, 630, 101
89, 640, 101
90, 650, 101
90, 660, 106
91, 670, 102
91, 680, 101
94, 690, 105
95, 700, 106
95, 710, 105
98, 720, 104
100, 730, 108
102, 740, 111
103, 750, 116
105, 760, 117
105, 770, 124
106, 780, 122
108, 790, 122
108, 800, 128
111, 810, 121
113, 820, 136
113, 830, 132
114, 840, 133
117, 850, 133
119, 860, 141
120, 870, 140
122, 880, 140
123, 890, 140
124, 900, 141
124, 910, 143
125, 920, 141
125, 930, 140
125, 940, 138
126, 950, 139
127, 960, 139
131, 970, 142
131, 980, 147
132, 990, 147
133, 1000, 147
134, 1010, 155
138, 1020, 153
140, 1030, 158
140, 1040, 159
141, 1050, 161
143, 1060, 162
144, 1070, 169
146, 1080, 169
146, 1090, 168
146, 1100, 174
149, 1110, 172
151, 1120, 175
153, 1130, 178
155, 1140, 176
155, 1150, 179
157, 1160, 177
157, 1170, 184
158, 1180, 182
161, 1190, 182
162, 1200, 184
162, 1210, 184
163, 1220, 188
163, 1230, 189
164, 1240, 191
168, 1250, 190
169, 1260, 199
170, 1270, 202
171, 1280, 201
171, 1290, 203
171, 1300, 200
172, 1310, 200
172, 1320, 201
174, 1330, 207
174, 1340, 205
174, 1350, 200
175, 1360, 204
176, 1370, 203
176, 1380, 202
177, 1390, 205
178, 1400, 207
178, 1410, 203
181, 1420, 206
183, 1430, 213
184, 1440, 213
185, 1450, 219
186, 1460, 215
186, 1470, 218
186, 1480, 215
187, 1490, 214
188, 1500, 213
189, 1510, 215
189, 1520, 216
189, 1530, 216
191, 1540, 212
194, 1550, 217
195, 1560, 223
197, 1570, 224
198, 1580, 223
199, 1590, 222
199, 1600, 223
201, 1610, 229
203, 1620, 230
203, 1630, 235
203, 1640, 233
205, 1650, 234
205, 1660, 237
205, 1670, 234
208, 1680, 235
210, 1690, 241
212, 1700, 243
213, 1710, 251
215, 1720, 246
216, 1730, 251
217, 1740, 254
219, 1750, 254
220, 1760, 250
223, 1770, 252
224, 1780, 253
224, 1790, 255
225, 1800, 255
228, 1810, 257
230, 1820, 264
230, 1830, 266
230, 1840, 266
231, 1850, 258
233, 1860, 268
233, 1870, 267
233, 1880, 267
233, 1890, 261
236, 1900, 263
238, 1910, 271
239, 1920, 271
239, 1930, 272
240, 1940, 269
241, 1950, 273
241, 1960, 274
243, 1970, 270
247, 1980, 273
249, 1990, 278
249, 2000, 279
250, 2010, 280
250, 2020, 282
253, 2030, 284
253, 2040, 283
253, 2050, 284
253, 2060, 282
254, 2070, 289
254, 2080, 285
254, 2090, 286
255, 2100, 283
256, 2110, 287
258, 2120, 289
260, 2130, 291
260, 2140, 294
262, 2150, 289
262, 2160, 289
263, 2170, 291
264, 2180, 294
264, 2190, 293
264, 2200, 291
265, 2210, 292
266, 2220, 291
268, 2230, 295
271, 2240, 297
274, 2250, 306
274, 2260, 305
275, 2270, 304
276, 2280, 305
277, 2290, 304
278, 2300, 308
279, 2310, 305
280, 2320, 304
281, 2330, 307
282, 2340, 306
283, 2350, 312
286, 2360, 312
287, 2370, 312
287, 2380, 315
288, 2390, 314
290, 2400, 316
292, 2410, 320
293, 2420, 320
293, 2430, 320
293, 2440, 322
294, 2450, 320
296, 2460, 325
296, 2470, 323
297, 2480, 324
298, 2490, 325
299, 2500, 327
299, 2510, 330
300, 2520, 325
300, 2530, 331
301, 2540, 330
302, 2550, 327
303, 2560, 327
304, 2570, 332
304, 2580, 329
304, 2590, 332
305, 2600, 327
305, 2610, 328
306, 2620, 327
307, 2630, 329
308, 2640, 328
310, 2650, 331
312, 2660, 332
313, 2670, 336
313, 2680, 335
313, 2690, 335
313, 2700, 334
314, 2710, 333
316, 2720, 336
316, 2730, 339
317, 2740, 339
318, 2750, 342
320, 2760, 343
320, 2770, 344
322, 2780, 342
322, 2790, 345
322, 2800, 343
324, 2810, 343
326, 2820, 345
328, 2830, 348
330, 2840, 350
331, 2850, 351
332, 2860, 353
332, 2870, 352
332, 2880, 352
334, 2890, 354
335, 2900, 354
336, 2910, 354
337, 2920, 357
337, 2930, 356
338, 2940, 355
338, 2950, 357
339, 2960, 358
341, 2970, 359
342, 2980, 363
342, 2990, 363
342, 3000, 364
{'count': 3000, 'truepos': 40, 'falseneg': 7, 'unknownyes': 1, 'falsepos': 302, 'unique': 3000}
8: Danijel.csv: three: 0, 0
4, 10
4, 20, 120
6, 30, 93
11, 40, 76
12, 50, 92
13, 60, 81
15, 70, 69
17, 80, 63
19, 90, 60
21, 100, 57
24, 110, 53
26, 120, 55
29, 130, 55
30, 140, 61
31, 150, 52
34, 160, 49
37, 170, 54
37, 180, 56
38, 190, 51
38, 200, 54
39, 210, 52
41, 220, 53
42, 230, 57
42, 240, 56
42, 250, 57
42, 260, 53
42, 270, 52
42, 280, 54
43, 290, 51
43, 300, 57
46, 310, 52
47, 320, 57
48, 330, 58
49, 340, 60
49, 350, 60
49, 360, 61
49, 370, 62
49, 380, 58
49, 390, 61
49, 400, 60
50, 410, 58
50, 420, 59
51, 430, 58
52, 440, 60
53, 450, 62
54, 460, 65
54, 470, 63
54, 480, 64
54, 490, 64
55, 500, 62
56, 510, 65
56, 520, 63
57, 530, 64
57, 540, 65
58, 550, 69
58, 560, 67
58, 570, 68
58, 580, 70
59, 590, 68
60, 600, 67
60, 610, 68
60, 620, 71
60, 630, 67
60, 640, 66
60, 650, 66
61, 660, 66
62, 670, 66
62, 680, 67
62, 690, 66
63, 700, 68
65, 710, 70
65, 720, 71
66, 730, 71
66, 740, 73
66, 750, 75
66, 760, 73
66, 770, 73
67, 780, 70
67, 790, 72
68, 800, 72
68, 810, 72
{'count': 1769, 'truepos': 45, 'falseneg': 0, 'unknownyes': 3, 'falsepos': 23, 'unique': 810}
8: Danijel.csv: machine: 0, 0
5, 10
7, 20, 136
8, 30, 138
10, 40, 106
13, 50, 108
13, 60, 116
['yes' 'yes' 'yes' 'yes' 'no' 'yes' 'no' 'no' 'no' 'no']
[]
8, 60, 116
12, 70, 83
15, 80, 90
17, 90, 92
20, 100, 83
24, 110, 78
['no' 'no' 'yes' 'yes' 'yes' 'yes' 'no' 'yes' 'no' 'no']
[]
21, 110, 78
24, 120, 84
28, 130, 86
29, 140, 81
32, 150, 77
35, 160, 60
['yes' 'no' 'yes' 'no' 'yes' 'yes' 'no' 'yes' 'yes' 'yes']
['no' 'no' 'no' 'no' 'no' 'no' 'no' 'no' 'no' 'no']
33, 160, 60
34, 170, 55
37, 180, 53
41, 190, 55
42, 200, 59
43, 210, 56
['yes' 'no' 'no' 'no' 'yes' 'no' 'yes' 'yes' 'no' 'yes']
['no' 'no' 'no' 'no' 'no' 'no' 'no' 'no' 'no' 'no']
40, 210, 56
41, 220, 53
43, 230, 53
43, 240, 55
44, 250, 53
44, 260, 54
['yes' 'no' 'no' 'no' 'yes' 'no' 'no' 'yes' 'yes' 'yes']
['no' 'no' 'no' 'no' 'no' 'no' 'no' 'no' 'no' 'no']
39, 260, 54
40, 270, 48
40, 280, 50
43, 290, 48
44, 300, 54
47, 310, 55
['yes' 'no' 'no' 'yes' 'yes' 'no' 'no' 'yes' 'no' 'no']
['yes' 'no' 'no' 'no' 'no' 'no' 'no' 'no' 'no' 'no']
47, 310, 55
48, 320, 62
48, 330, 64
50, 340, 62
53, 350, 67
55, 360, 75
['no' 'no' 'no' 'no' 'yes' 'no' 'no' 'no' 'no' 'yes']
['no' 'no' 'no' 'no' 'no' 'no' 'no' 'no' 'no' 'no']
50, 360, 75
51, 370, 59
52, 380, 60
52, 390, 63
53, 400, 65
54, 410, 66
['no' 'no' 'no' 'no' 'no' 'no' 'yes' 'yes' 'yes' 'yes']
['no' 'no' 'no' 'no' 'no' 'no' 'no' 'no' 'no' 'no']
48, 410, 66
49, 420, 56
49, 430, 57
49, 440, 57
51, 450, 58
52, 460, 61
['no' 'no' 'no' 'no' 'no' 'yes' 'yes']
['no' 'no' 'no' 'no' 'no' 'no' 'no' 'no' 'no' 'no']
49, 460, 61
49, 470, 56
51, 480, 55
51, 490, 58
53, 500, 58
54, 510, 59
['no' 'no' 'yes' 'no' 'no' 'no']
['no' 'no' 'no' 'no' 'no' 'no' 'no' 'no' 'no' 'no']
51, 510, 59
53, 520, 57
54, 530, 60
55, 540, 63
55, 550, 64
58, 560, 63
['no' 'yes' 'no' 'no' 'no' 'yes' 'yes' 'no' 'no']
['no' 'no' 'no' 'no' 'no' 'no' 'no' 'no' 'no' 'no']
53, 560, 63
53, 570, 59
56, 580, 60
56, 590, 66
57, 600, 68
57, 610, 66
['no' 'no' 'no' 'no' 'no']
['no' 'no' 'no' 'no' 'no' 'no' 'no' 'no' 'no' 'no']
53, 610, 66
54, 620, 57
56, 630, 60
57, 640, 62
57, 650, 63
58, 660, 62
['no' 'no' 'no' 'no' 'no']
['no' 'no' 'no' 'no' 'no' 'no' 'no' 'no' 'no' 'no']
56, 660, 62
57, 670, 61
57, 680, 64
59, 690, 64
59, 700, 66
60, 710, 68
['no' 'no' 'no' 'no' 'no' 'no']
['no' 'no' 'no' 'no' 'no' 'no' 'no' 'no' 'yes' 'no']
57, 710, 68
58, 720, 61
61, 730, 63
61, 740, 68
63, 750, 68
65, 760, 68
['no' 'no' 'no' 'no' 'no' 'yes' 'no' 'no' 'yes' 'no']
['no' 'no' 'no' 'no' 'no' 'no' 'no' 'no' 'no' 'no']
['no' 'no' 'yes' 'yes' 'no' 'no' 'no' 'no' 'no' 'no']
['no' 'no' 'no' 'no' 'no' 'no' 'no' 'no' 'no' 'no']
{'count': 1018, 'truepos': 45, 'falseneg': 0, 'unknownyes': 3, 'falsepos': 14, 'unique': 760}
8: Danijel.csv: machine2: 0, 0
4, 10
5, 20, 95
7, 30, 88
12, 40, 87
14, 50, 96
14, 60, 107
['no' 'yes' 'yes' 'no' 'yes' 'yes' 'yes' 'yes' 'no' 'yes']
[]
13, 60, 107
15, 70, 79
15, 80, 75
17, 90, 65
20, 100, 63
22, 110, 71
['no' 'yes' 'no' 'yes' 'yes' 'yes' 'yes' 'no' 'no' 'yes']
[]
18, 110, 71
22, 120, 57
23, 130, 58
26, 140, 55
28, 150, 62
31, 160, 59
['yes' 'yes' 'yes' 'no' 'yes' 'yes' 'no' 'yes' 'yes' 'yes']
['no' 'no' 'no' 'no' 'no' 'no' 'no' 'yes' 'no' 'no']
31, 160, 59
33, 170, 49
34, 180, 53
34, 190, 53
38, 200, 50
41, 210, 58
['no' 'no' 'no' 'yes' 'no' 'no' 'no' 'yes' 'no' 'yes']
['no' 'no' 'no' 'no' 'no' 'yes' 'no' 'no' 'no' 'no']
37, 210, 58
38, 220, 51
39, 230, 54
40, 240, 56
40, 250, 53
41, 260, 53
['yes' 'no' 'yes' 'yes' 'no' 'no' 'no' 'yes' 'yes' 'yes']
['no' 'no' 'no' 'no' 'no' 'no' 'no' 'no' 'no' 'no']
38, 260, 53
39, 270, 50
41, 280, 50
43, 290, 52
45, 300, 56
46, 310, 61
['no' 'no' 'no' 'yes' 'no' 'no' 'no' 'no' 'yes' 'no']
['no' 'no' 'no' 'no' 'no' 'no' 'no' 'no' 'no' 'no']
39, 310, 61
41, 320, 50
42, 330, 51
42, 340, 54
44, 350, 51
44, 360, 58
['no' 'no' 'yes' 'yes' 'no' 'yes']
['no' 'no' 'no' 'no' 'no' 'no' 'no' 'no' 'no' 'no']
42, 360, 58
42, 370, 52
42, 380, 52
44, 390, 50
46, 400, 50
46, 410, 53
['no' 'yes' 'no' 'yes' 'no' 'no']
['yes' 'no' 'no' 'no' 'no' 'no' 'yes' 'no' 'no' 'no']
44, 410, 53
45, 420, 53
46, 430, 52
48, 440, 52
48, 450, 56
48, 460, 54
['yes' 'yes' 'no' 'no' 'no' 'yes']
['yes' 'no' 'no' 'no' 'no' 'no' 'no' 'no' 'no' 'no']
46, 460, 54
47, 470, 52
48, 480, 53
49, 490, 55
51, 500, 56
51, 510, 61
['no' 'yes' 'no' 'no' 'no' 'no']
['no' 'no' 'no' 'no' 'no' 'no' 'no' 'no' 'no' 'no']
48, 510, 61
49, 520, 56
50, 530, 56
52, 540, 55
53, 550, 58
54, 560, 58
['no' 'no' 'no' 'no' 'no' 'no' 'no']
['no' 'no' 'no' 'no' 'no' 'no' 'no' 'no' 'no' 'no']
47, 560, 58
48, 570, 51
49, 580, 53
50, 590, 54
50, 600, 58
51, 610, 55
['no' 'no' 'no' 'no']
['no' 'no' 'no' 'no' 'no' 'no' 'no' 'no' 'no' 'no']
48, 610, 55
50, 620, 52
51, 630, 54
52, 640, 55
53, 650, 58
54, 660, 61
['no' 'no' 'no' 'no' 'yes' 'no' 'no']
['no' 'no' 'no' 'no' 'no' 'no' 'yes' 'no' 'no' 'no']
52, 660, 61
52, 670, 58
54, 680, 57
54, 690, 62
55, 700, 59
56, 710, 62
['no' 'no' 'no' 'no' 'no' 'no' 'no' 'yes']
['no' 'no' 'no' 'no' 'no' 'no' 'no' 'no' 'no' 'no']
51, 710, 62
51, 720, 57
54, 730, 56
55, 740, 65
56, 750, 66
57, 760, 66
['no' 'no' 'no' 'no' 'no' 'no' 'no' 'no']
['no' 'no' 'no' 'no' 'no' 'no' 'no' 'no' 'no' 'no']
50, 760, 66
50, 770, 54
53, 780, 55
55, 790, 60
56, 800, 62
56, 810, 63
['no' 'no' 'no' 'no' 'no' 'no']
['no' 'no' 'no' 'no' 'no' 'no' 'no' 'no' 'no' 'no']
52, 810, 63
53, 820, 57
54, 830, 59
54, 840, 62
55, 850, 60
56, 860, 60
['no' 'no' 'no' 'no']
['no' 'no' 'no' 'no' 'no' 'no' 'no' 'no' 'no' 'no']
53, 860, 60
54, 870, 58
54, 880, 62
56, 890, 59
57, 900, 63
59, 910, 64
['no' 'no' 'no' 'no' 'no' 'no' 'no']
['no' 'no' 'no' 'no' 'no' 'no' 'no' 'no' 'no' 'no']
53, 910, 64
55, 920, 58
56, 930, 64
58, 940, 66
60, 950, 71
61, 960, 74
['no' 'no' 'no' 'no' 'no' 'no' 'no' 'no']
['no' 'no' 'no' 'no' 'no' 'no' 'no' 'no' 'no' 'no']
55, 960, 74
57, 970, 63
57, 980, 67
58, 990, 66
58, 1000, 66
60, 1010, 68
['no' 'no' 'no' 'no' 'no']
['no' 'no' 'no' 'no' 'no' 'no' 'no' 'no' 'no' 'no']
58, 1010, 68
60, 1020, 67
61, 1030, 72
63, 1040, 71
64, 1050, 78
65, 1060, 77
['no' 'no' 'no' 'no' 'no' 'no' 'no' 'no' 'no']
['no' 'no' 'no' 'no' 'no' 'no' 'no' 'no' 'no' 'no']
59, 1060, 77
59, 1070, 64
59, 1080, 65
60, 1090, 65
60, 1100, 67
61, 1110, 67
['no' 'no' 'no' 'no']
['no' 'no' 'no' 'no' 'no' 'no' 'no' 'no' 'no' 'no']
58, 1110, 67
58, 1120, 64
60, 1130, 64
62, 1140, 67
64, 1150, 69
65, 1160, 70
['no' 'no' 'no' 'no' 'no' 'no' 'yes']
['no' 'no' 'no' 'no' 'no' 'no' 'no' 'no' 'no' 'no']
61, 1160, 70
63, 1170, 67
66, 1180, 67
67, 1190, 74
68, 1200, 74
69, 1210, 76
['no' 'no' 'no' 'no' 'no' 'no' 'no' 'no' 'no']
['no' 'no' 'no' 'no' 'no' 'no' 'no' 'no' 'no' 'no']
63, 1210, 76
64, 1220, 71
64, 1230, 68
65, 1240, 70
65, 1250, 70
67, 1260, 70
['no' 'no' 'no' 'no' 'no' 'no']
['no' 'no' 'no' 'no' 'no' 'no' 'no' 'no' 'no' 'no']
['no' 'no' 'no' 'no' 'no' 'no']
['no' 'no' 'no' 'no' 'no' 'no' 'no' 'no' 'no' 'no']
{'count': 1786, 'truepos': 41, 'falseneg': 4, 'unknownyes': 3, 'falsepos': 23, 'unique': 1260}
8: Danijel.csv: machine3: 0, 0
4, 10
4, 20, 117
6, 30, 95
8, 40, 87
8, 50, 73
10, 60, 59
null
[]
13, 70, 55
15, 80, 57
17, 90, 54
20, 100, 53
25, 110, 54
26, 120, 68
null
[]
27, 130, 58
30, 140, 57
31, 150, 51
33, 160, 52
33, 170, 54
34, 180, 48
null
['no' 'no' 'no' 'no' 'no' 'no' 'no' 'no' 'no' 'no']
34, 180, 48
34, 190, 52
34, 200, 50
36, 210, 47
38, 220, 49
38, 230, 51
null
['no' 'no' 'no' 'no' 'no' 'no' 'no' 'no' 'no' 'no']
38, 230, 51
38, 240, 50
38, 250, 51
39, 260, 49
39, 270, 49
39, 280, 49
null
['no' 'no' 'no' 'no' 'no' 'no' 'no' 'no' 'no' 'no']
40, 280, 49
41, 290, 50
41, 300, 52
41, 310, 49
42, 320, 49
42, 330, 52
null
['no' 'no' 'no' 'no' 'no' 'no' 'no' 'no' 'no' 'no']
42, 330, 52
42, 340, 50
42, 350, 49
43, 360, 49
43, 370, 51
43, 380, 51
null
['no' 'no' 'no' 'no' 'no' 'no' 'no' 'no' 'no' 'no']
43, 380, 51
43, 390, 51
43, 400, 49
43, 410, 49
43, 420, 48
43, 430, 48
null
['no' 'no' 'no' 'no' 'no' 'no' 'no' 'no' 'no' 'no']
43, 430, 48
44, 440, 49
44, 450, 50
44, 460, 52
44, 470, 51
44, 480, 50
null
['no' 'no' 'no' 'no' 'no' 'no' 'no' 'no' 'no' 'no']
44, 480, 50
44, 490, 50
44, 500, 50
45, 510, 49
45, 520, 51
45, 530, 51
null
['no' 'no' 'no' 'no' 'no' 'no' 'no' 'no' 'no' 'no']
45, 530, 51
46, 540, 50
46, 550, 51
47, 560, 53
47, 570, 54
47, 580, 54
null
['no' 'no' 'no' 'no' 'no' 'no' 'no' 'no' 'no' 'no']
48, 580, 54
48, 590, 53
48, 600, 55
48, 610, 54
48, 620, 54
48, 630, 53
null
['no' 'no' 'no' 'yes' 'no' 'no' 'no' 'no' 'no' 'no']
49, 630, 53
49, 640, 54
49, 650, 54
49, 660, 53
49, 670, 54
49, 680, 54
null
['no' 'no' 'no' 'no' 'no' 'no' 'no' 'no' 'no' 'no']
49, 680, 54
50, 690, 53
51, 700, 54
51, 710, 55
51, 720, 56
51, 730, 55
null
['no' 'no' 'no' 'no' 'no' 'no' 'no' 'no' 'no' 'no']
51, 730, 55
51, 740, 56
51, 750, 56
52, 760, 55
54, 770, 57
54, 780, 60
null
['no' 'no' 'no' 'no' 'no' 'no' 'no' 'no' 'no' 'no']
54, 780, 60
55, 790, 58
56, 800, 60
56, 810, 61
56, 820, 62
56, 830, 61
null
['no' 'no' 'no' 'no' 'no' 'no' 'no' 'no' 'no' 'no']
56, 830, 61
56, 840, 61
56, 850, 61
57, 860, 61
57, 870, 61
57, 880, 62
null
['no' 'no' 'no' 'no' 'no' 'no' 'no' 'no' 'no' 'no']
57, 880, 62
58, 890, 62
58, 900, 62
58, 910, 63
59, 920, 62
59, 930, 63
null
['no' 'no' 'no' 'no' 'no' 'no' 'no' 'no' 'no' 'no']
59, 930, 63
59, 940, 64
60, 950, 64
60, 960, 64
60, 970, 65
60, 980, 65
null
['no' 'no' 'no' 'no' 'no' 'no' 'no' 'no' 'no' 'no']
60, 980, 65
60, 990, 65
60, 1000, 64
60, 1010, 64
null
['no' 'no' 'no' 'no' 'no' 'no' 'no' 'no' 'no' 'no']
{'count': 1424, 'truepos': 44, 'falseneg': 1, 'unknownyes': 3, 'falsepos': 17, 'unique': 1010}
8: K_all3.csv: none: 0, 0
1, 10
4, 20, 92
7, 30, 68
11, 40, 67
13, 50, 62
16, 60, 58
17, 70, 60
17, 80, 54
18, 90, 48
19, 100, 44
22, 110, 44
25, 120, 48
25, 130, 52
30, 140, 47
30, 150, 46
32, 160, 41
34, 170, 45
34, 180, 47
34, 190, 45
34, 200, 43
35, 210, 43
36, 220, 44
37, 230, 43
39, 240, 47
41, 250, 48
43, 260, 49
47, 270, 51
49, 280, 54
52, 290, 57
52, 300, 58
55, 310, 58
59, 320, 60
62, 330, 65
64, 340, 69
65, 350, 72
68, 360, 72
69, 370, 74
73, 380, 74
73, 390, 78
76, 400, 77
{'count': 400, 'truepos': 29, 'falseneg': 4, 'unknownyes': 12, 'falsepos': 47, 'unique': 400}
8: K_all3.csv: three: 0, 0
1, 10
2, 20, 91
4, 30, 64
7, 40, 58
9, 50, 53
12, 60, 53
17, 70, 59
21, 80, 64
22, 90, 67
22, 100, 62
22, 110, 54
23, 120, 48
23, 130, 46
24, 140, 44
25, 150, 44
26, 160, 45
26, 170, 45
26, 180, 44
26, 190, 44
28, 200, 43
28, 210, 46
28, 220, 45
28, 230, 45
29, 240, 45
30, 250, 45
31, 260, 36
32, 270, 39
34, 280, 40
34, 290, 44
34, 300, 43
35, 310, 43
36, 320, 43
36, 330, 44
37, 340, 41
38, 350, 42
39, 360, 43
39, 370, 45
39, 380, 43
41, 390, 43
42, 400, 45
44, 410, 45
44, 420, 48
44, 430, 47
45, 440, 48
46, 450, 48
46, 460, 49
48, 470, 49
50, 480, 51
{'count': 1043, 'truepos': 36, 'falseneg': 0, 'unknownyes': 9, 'falsepos': 14, 'unique': 480}
8: K_all3.csv: machine: 0, 0
1, 10
3, 20, 92
6, 30, 64
7, 40, 67
12, 50, 59
16, 60, 64
['yes' 'yes' 'yes' 'yes' 'yes' 'no' 'yes' 'no' 'yes' 'yes']
['no']
12, 60, 64
15, 70, 64
17, 80, 66
20, 90, 63
22, 100, 63
23, 110, 64
['yes' 'yes' 'yes' 'yes' 'yes' 'no' 'yes' 'no' 'yes' 'yes']
[]
19, 110, 64
21, 120, 61
24, 130, 61
24, 140, 65
26, 150, 59
27, 160, 60
['no' 'yes' 'no' 'yes' 'no' 'yes' 'no' 'no' 'no' 'yes']
['no']
22, 160, 60
24, 170, 54
24, 180, 56
27, 190, 53
27, 200, 56
27, 210, 54
['yes' 'no' 'no' 'no' 'no' 'no' 'no' 'no' 'no' 'yes']
[]
20, 210, 54
21, 220, 47
21, 230, 47
24, 240, 46
25, 250, 49
26, 260, 49
['yes' 'no' 'yes' 'no' 'no' 'no']
['no']
22, 260, 49
24, 270, 45
26, 280, 47
27, 290, 48
31, 300, 49
32, 310, 42
['no' 'no' 'no' 'no' 'no' 'no' 'no' 'no' 'yes' 'no']
['yes' 'no' 'no' 'no' 'no' 'no' 'no' 'no' 'no' 'no']
25, 310, 42
26, 320, 44
26, 330, 44
28, 340, 44
30, 350, 46
30, 360, 39
['yes' 'no' 'no' 'no' 'no']
['no' 'yes' 'yes' 'no' 'no' 'no' 'no' 'no' 'no' 'no']
28, 360, 39
29, 370, 45
30, 380, 45
31, 390, 35
31, 400, 35
32, 410, 35
['yes' 'no' 'no' 'no' 'yes' 'yes']
['no' 'no' 'no' 'no' 'no' 'no' 'no' 'no' 'no' 'no']
29, 410, 35
29, 420, 44
31, 430, 44
33, 440, 35
33, 450, 38
34, 460, 37
['no' 'no' 'no' 'no' 'no']
['no' 'no' 'no' 'no' 'no' 'no' 'no' 'no' 'no' 'no']
29, 460, 37
30, 470, 44
33, 480, 33
35, 490, 36
38, 500, 38
40, 510, 41
['yes' 'no' 'no' 'no' 'no' 'yes' 'no' 'no' 'no' 'no']
['no' 'no' 'no' 'no' 'yes' 'no' 'no' 'no' 'no' 'no']
['yes' 'no' 'no' 'no' 'no' 'no' 'no' 'no' 'no' 'yes']
['no' 'no' 'no' 'no' 'yes' 'no' 'no' 'no' 'no' 'no']
{'count': 645, 'truepos': 28, 'falseneg': 6, 'unknownyes': 11, 'falsepos': 7, 'unique': 510}
8: K_all3.csv: machine2: 0, 0
1, 10
3, 20, 92
5, 30, 63
6, 40, 62
8, 50, 58
11, 60, 53
['yes' 'no' 'yes' 'yes' 'no' 'no' 'yes' 'yes' 'yes' 'yes']
[]
8, 60, 53
11, 70, 56
13, 80, 52
17, 90, 50
17, 100, 57
18, 110, 52
['yes' 'yes' 'yes' 'no' 'yes' 'yes' 'yes' 'no' 'yes' 'no']
['no' 'no']
16, 110, 52
17, 120, 49
20, 130, 48
23, 140, 52
24, 150, 55
26, 160, 53
['no' 'yes' 'no' 'yes' 'no' 'no' 'no' 'yes' 'yes' 'yes']
[]
22, 160, 53
24, 170, 52
25, 180, 53
26, 190, 52
29, 200, 52
29, 210, 55
['no' 'no' 'yes' 'no' 'no' 'no' 'no' 'yes']
[]
23, 210, 55
26, 220, 47
27, 230, 50
27, 240, 50
29, 250, 49
30, 260, 48
['yes' 'no' 'no' 'yes' 'no' 'no' 'yes']
['no' 'no' 'no' 'no' 'no' 'no' 'no' 'no' 'no' 'no']
31, 260, 48
36, 270, 40
37, 280, 48
38, 290, 47
40, 300, 46
41, 310, 50
['no' 'no' 'no' 'no' 'yes' 'no' 'no' 'no' 'no' 'yes']
['no' 'no' 'no' 'no' 'no' 'no' 'no' 'no' 'no' 'no']
38, 310, 50
40, 320, 44
40, 330, 47
43, 340, 45
43, 350, 51
44, 360, 50
['no' 'yes' 'no' 'no' 'no' 'no' 'no' 'no' 'no' 'yes']
['no' 'no' 'no' 'no' 'no' 'no' 'no' 'no' 'no' 'no']
36, 360, 50
39, 370, 41
39, 380, 47
39, 390, 44
40, 400, 44
44, 410, 46
['no' 'no' 'no' 'no' 'no' 'no' 'no' 'no' 'no' 'no']
['no' 'no' 'no' 'no' 'no' 'no' 'no' 'no' 'no' 'no']
['no' 'no' 'no' 'no' 'no' 'no' 'no' 'no' 'no' 'no']
['no' 'no' 'no' 'no' 'no' 'no' 'no' 'no' 'no' 'no']
{'count': 568, 'truepos': 28, 'falseneg': 5, 'unknownyes': 12, 'falsepos': 11, 'unique': 410}
8: K_all3.csv: machine3: 0, 0
0, 10
1, 20
2, 30, 102
3, 40, 65
5, 50, 57
7, 60, 54
7, 70, 58
null
['no']
7, 70, 58
9, 80, 47
9, 90, 47
11, 100, 44
15, 110, 49
17, 120, 52
null
['no' 'no']
17, 120, 52
17, 130, 50
21, 140, 45
22, 150, 49
24, 160, 47
24, 170, 47
null
[]
26, 180, 45
26, 190, 48
27, 200, 47
27, 210, 48
27, 220, 47
28, 230, 46
null
[]
29, 240, 47
30, 250, 47
30, 260, 42
30, 270, 38
30, 280, 37
30, 290, 36
null
['no' 'no' 'no' 'no' 'no' 'no' 'no' 'no' 'no' 'no']
30, 290, 36
30, 300, 36
31, 310, 35
31, 320, 36
32, 330, 36
32, 340, 36
null
['no' 'no' 'no' 'no' 'no' 'no' 'no' 'no' 'no' 'no']
33, 340, 36
33, 350, 38
34, 360, 37
35, 370, 38
37, 380, 38
37, 390, 43
null
['no' 'no' 'no' 'no' 'no' 'no' 'no' 'no' 'no' 'no']
37, 390, 43
39, 400, 40
41, 410, 42
42, 420, 44
42, 430, 45
42, 440, 45
null
['no' 'no' 'no' 'no' 'no' 'no' 'no' 'no' 'no' 'no']
42, 440, 45
43, 450, 45
null
['no' 'no' 'no' 'no' 'no' 'no' 'no' 'no' 'no' 'no']
{'count': 627, 'truepos': 29, 'falseneg': 4, 'unknownyes': 12, 'falsepos': 14, 'unique': 450}

------------------------------------------------------------
Sender: LSF System <lsfadmin@n2c1-14>
Subject: Job 269516: </share/tjmenzie/zyu9/miniconda2/bin/python2.7 runner.py error_hpcc 8> Done

Job </share/tjmenzie/zyu9/miniconda2/bin/python2.7 runner.py error_hpcc 8> was submitted from host <login01.hpc.ncsu.edu> by user <zyu9> in cluster <henry2>.
Job was executed on host(s) <1*n2c1-14>, in queue <single_chassis>, as user <zyu9> in cluster <henry2>.
                            <1*n2c1-12>
</home/zyu9> was used as the home directory.
</home/zyu9/projects/MAR_HPC/Error/src> was used as the working directory.
Started at Thu Oct 19 15:36:40 2017
Results reported at Thu Oct 19 20:24:10 2017

Your job looked like:

------------------------------------------------------------
# LSBATCH: User input
/share/tjmenzie/zyu9/miniconda2/bin/python2.7 runner.py error_hpcc 8
------------------------------------------------------------

Successfully completed.

Resource usage summary:

    CPU time   :  19321.75 sec.
    Max Memory :       175 MB
    Max Swap   :      1193 MB

    Max Processes  :         3
    Max Threads    :         8

The output (if any) is above this job summary.



PS:

Read file <./err/8.err.269516> for stderr output of this job.

