8: Hall.csv: none: 0, 0
3, 10
4, 20, 97
5, 30, 95
9, 40, 68
11, 50, 68
14, 60, 65
16, 70, 70
22, 80, 66
24, 90, 76
28, 100, 62
33, 110, 65
37, 120, 64
38, 130, 68
39, 140, 65
39, 150, 65
41, 160, 60
42, 170, 64
42, 180, 63
44, 190, 55
46, 200, 63
49, 210, 60
50, 220, 65
54, 230, 64
58, 240, 72
63, 250, 73
65, 260, 83
66, 270, 82
67, 280, 84
67, 290, 84
69, 300, 80
69, 310, 85
70, 320, 84
70, 330, 84
70, 340, 84
71, 350, 84
71, 360, 87
71, 370, 82
71, 380, 83
71, 390, 83
71, 400, 83
71, 410, 83
71, 420, 82
71, 430, 84
71, 440, 82
71, 450, 81
71, 460, 84
71, 470, 80
72, 480, 79
72, 490, 80
72, 500, 81
72, 510, 82
72, 520, 80
72, 530, 78
72, 540, 81
72, 550, 78
72, 560, 79
73, 570, 78
73, 580, 79
73, 590, 80
73, 600, 81
73, 610, 80
73, 620, 79
73, 630, 79
73, 640, 78
73, 650, 79
73, 660, 78
73, 670, 78
73, 680, 78
73, 690, 78
73, 700, 77
74, 710, 78
74, 720, 80
74, 730, 79
74, 740, 80
74, 750, 79
74, 760, 80
74, 770, 79
74, 780, 79
74, 790, 79
74, 800, 79
74, 810, 79
74, 820, 78
74, 830, 78
74, 840, 78
74, 850, 79
74, 860, 79
74, 870, 78
75, 880, 78
75, 890, 79
75, 900, 80
75, 910, 79
75, 920, 79
75, 930, 81
{'count': 930, 'truepos': 72, 'falseneg': 30, 'correction': 0, 'unknownyes': 2, 'falsepos': 3, 'unique': 930}
8: Hall.csv: three: 0, 0
5, 10
7, 20, 101
9, 30, 98
14, 40, 95
19, 50, 104
20, 60, 108
22, 70, 110
27, 80, 107
30, 90, 114
35, 100, 82
39, 110, 88
41, 120, 90
43, 130, 86
45, 140, 87
49, 150, 79
51, 160, 78
54, 170, 86
56, 180, 82
59, 190, 76
62, 200, 78
63, 210, 84
64, 220, 84
65, 230, 82
66, 240, 92
69, 250, 85
72, 260, 85
74, 270, 86
74, 280, 89
76, 290, 89
76, 300, 97
76, 310, 89
76, 320, 89
76, 330, 86
76, 340, 89
76, 350, 87
76, 360, 87
76, 370, 91
76, 380, 84
76, 390, 88
76, 400, 85
76, 410, 86
76, 420, 84
76, 430, 86
76, 440, 88
76, 450, 88
76, 460, 85
76, 470, 85
76, 480, 84
76, 490, 85
76, 500, 83
76, 510, 86
76, 520, 83
77, 530, 83
77, 540, 83
77, 550, 82
77, 560, 83
77, 570, 85
77, 580, 84
77, 590, 84
77, 600, 84
77, 610, 82
77, 620, 83
77, 630, 84
77, 640, 82
77, 650, 82
77, 660, 83
77, 670, 83
77, 680, 82
77, 690, 82
77, 700, 82
{'count': 1444, 'truepos': 77, 'falseneg': 25, 'correction': 35, 'unknownyes': 2, 'falsepos': 0, 'unique': 700}
8: Hall.csv: machine: 0, 0
5, 10
8, 20, 102
8, 30, 98
12, 40, 90
13, 50, 99
17, 60, 87
[]
['no' 'no' 'no' 'no' 'no' 'yes' 'no' 'no']
17, 60, 98
20, 70, 96
23, 80, 96
24, 90, 104
25, 100, 97
29, 110, 96
[]
['no' 'no' 'no' 'no' 'yes' 'no' 'no' 'no' 'yes' 'yes' 'yes' 'yes']
33, 110, 86
36, 120, 72
41, 130, 72
46, 140, 72
49, 150, 80
51, 160, 76
['yes']
['yes' 'yes' 'no' 'yes' 'no' 'yes' 'no' 'yes' 'no' 'no' 'no' 'no' 'no'
 'yes' 'no' 'yes' 'yes' 'yes' 'no' 'yes' 'yes' 'no' 'no' 'no' 'no' 'yes'
 'no' 'no' 'no' 'no' 'yes' 'no' 'yes' 'no' 'yes' 'yes' 'no' 'no' 'yes'
 'no' 'no' 'no' 'no' 'no' 'no' 'no' 'no' 'no' 'no' 'no']
63, 160, 76
65, 170, 89
65, 180, 86
67, 190, 82
68, 200, 84
68, 210, 90
['yes']
['no' 'no' 'no' 'no' 'no' 'no' 'no' 'no' 'no' 'no' 'no' 'no' 'no' 'no'
 'yes' 'no' 'no' 'no' 'yes' 'no' 'no' 'no' 'no' 'no' 'no' 'yes' 'no' 'yes']
72, 210, 81
73, 220, 88
75, 230, 85
76, 240, 89
77, 250, 87
78, 260, 89
['yes']
['no' 'yes' 'no' 'no' 'no' 'no' 'no' 'yes' 'no' 'yes' 'no' 'yes' 'no' 'no'
 'no' 'no' 'no' 'no' 'no' 'no' 'no' 'no' 'no' 'no' 'no' 'no' 'no' 'no']
81, 260, 88
85, 270, 93
85, 280, 99
85, 290, 96
86, 300, 99
86, 310, 97
['no']
['no' 'no' 'no' 'no' 'no' 'no' 'no' 'no' 'no' 'no' 'yes' 'no' 'no' 'no'
 'no' 'no' 'no' 'no' 'no' 'no' 'no' 'no' 'no' 'no' 'no' 'no']
85, 310, 102
85, 320, 98
85, 330, 93
85, 340, 93
85, 350, 97
85, 360, 96
['yes']
['no' 'no' 'no' 'no' 'no' 'no' 'no']
85, 360, 93
86, 370, 94
87, 380, 94
87, 390, 97
88, 400, 97
88, 410, 97
['yes']
['no' 'no' 'no' 'no' 'no']
88, 410, 97
88, 420, 98
88, 430, 95
88, 440, 94
88, 450, 94
88, 460, 95
['yes']
['no' 'no' 'no']
88, 460, 95
88, 470, 98
88, 480, 95
88, 490, 94
88, 500, 94
88, 510, 93
['yes']
['no' 'no' 'no' 'no' 'no']
87, 510, 94
87, 520, 92
87, 530, 93
87, 540, 92
{'count': 720, 'truepos': 87, 'falseneg': 15, 'correction': 24, 'unknownyes': 2, 'falsepos': 0, 'unique': 540}
8: Hall.csv: knee: 0, 0
6, 10
8, 20
9, 30
12, 40
14, 50
17, 60
22, 70
23, 80
26, 90
28, 100
30, 110
36, 120
41, 130
45, 140
46, 150
48, 160
50, 170
51, 180
52, 190
53, 200
54, 210
55, 220
57, 230
57, 240
57, 250
58, 260
61, 270
62, 280
63, 290
64, 300
64, 310
66, 320
66, 330
66, 340
67, 350
67, 360
67, 370
67, 380
67, 390
67, 400
67, 410
68, 420
68, 430
68, 440
68, 450
68, 460
68, 470
68, 480
68, 490
68, 500
68, 510
68, 520
68, 530
68, 540
68, 550
68, 560
{'count': 698, 'truepos': 79, 'falseneg': 22, 'correction': 18, 'unknownyes': 3, 'falsepos': 0, 'unique': 560}
8: Wahono.csv: none: 0, 0
3, 10
4, 20, 102
7, 30, 96
8, 40, 91
10, 50, 89
11, 60, 76
13, 70, 64
14, 80, 59
14, 90, 50
14, 100, 46
15, 110, 43
15, 120, 42
17, 130, 41
17, 140, 44
17, 150, 42
17, 160, 42
19, 170, 42
20, 180, 47
21, 190, 48
21, 200, 47
22, 210, 46
23, 220, 45
25, 230, 46
25, 240, 51
25, 250, 50
26, 260, 49
27, 270, 51
27, 280, 52
28, 290, 51
31, 300, 53
35, 310, 48
35, 320, 54
37, 330, 55
37, 340, 62
37, 350, 56
37, 360, 51
37, 370, 56
37, 380, 55
38, 390, 52
39, 400, 53
39, 410, 56
39, 420, 53
39, 430, 53
39, 440, 57
40, 450, 50
40, 460, 50
40, 470, 54
41, 480, 52
41, 490, 57
41, 500, 54
41, 510, 54
41, 520, 51
41, 530, 55
42, 540, 50
42, 550, 52
42, 560, 55
42, 570, 52
42, 580, 53
43, 590, 52
43, 600, 52
43, 610, 53
43, 620, 52
43, 630, 54
43, 640, 52
43, 650, 53
43, 660, 51
43, 670, 53
43, 680, 52
43, 690, 52
43, 700, 51
43, 710, 52
43, 720, 52
44, 730, 50
44, 740, 52
44, 750, 52
44, 760, 51
44, 770, 51
44, 780, 52
44, 790, 51
44, 800, 52
44, 810, 51
44, 820, 51
44, 830, 51
45, 840, 51
45, 850, 54
45, 860, 53
45, 870, 53
45, 880, 55
45, 890, 51
45, 900, 52
45, 910, 52
45, 920, 51
45, 930, 51
45, 940, 52
45, 950, 52
45, 960, 50
45, 970, 52
45, 980, 51
45, 990, 50
45, 1000, 51
45, 1010, 51
45, 1020, 51
45, 1030, 52
45, 1040, 50
45, 1050, 50
45, 1060, 51
45, 1070, 50
45, 1080, 50
46, 1090, 50
46, 1100, 52
46, 1110, 53
46, 1120, 51
46, 1130, 52
46, 1140, 52
46, 1150, 51
46, 1160, 51
46, 1170, 51
46, 1180, 51
46, 1190, 51
46, 1200, 51
46, 1210, 51
46, 1220, 51
47, 1230, 52
47, 1240, 52
47, 1250, 52
47, 1260, 51
47, 1270, 52
48, 1280, 51
48, 1290, 52
48, 1300, 53
48, 1310, 52
48, 1320, 52
48, 1330, 52
48, 1340, 52
48, 1350, 52
48, 1360, 52
48, 1370, 52
48, 1380, 52
48, 1390, 51
48, 1400, 52
49, 1410, 51
49, 1420, 53
49, 1430, 52
49, 1440, 53
49, 1450, 53
49, 1460, 53
49, 1470, 52
49, 1480, 52
49, 1490, 52
49, 1500, 52
49, 1510, 52
49, 1520, 52
49, 1530, 52
49, 1540, 52
49, 1550, 52
49, 1560, 52
49, 1570, 52
49, 1580, 52
49, 1590, 52
49, 1600, 52
49, 1610, 52
49, 1620, 52
{'count': 1620, 'truepos': 43, 'falseneg': 17, 'correction': 0, 'unknownyes': 2, 'falsepos': 6, 'unique': 1620}
8: Wahono.csv: three: 0, 0
5, 10
5, 20, 103
8, 30, 94
10, 40, 94
13, 50, 84
14, 60, 77
14, 70, 64
17, 80, 52
18, 90, 54
18, 100, 49
18, 110, 45
18, 120, 45
19, 130, 44
19, 140, 45
19, 150, 44
19, 160, 44
20, 170, 45
20, 180, 46
20, 190, 46
21, 200, 46
21, 210, 47
24, 220, 47
27, 230, 51
27, 240, 57
29, 250, 54
30, 260, 57
32, 270, 48
35, 280, 51
36, 290, 62
38, 300, 61
39, 310, 63
39, 320, 63
39, 330, 59
40, 340, 58
40, 350, 57
40, 360, 59
41, 370, 56
42, 380, 57
42, 390, 60
42, 400, 56
42, 410, 57
43, 420, 57
43, 430, 55
43, 440, 60
43, 450, 55
44, 460, 55
44, 470, 55
45, 480, 57
45, 490, 57
45, 500, 57
45, 510, 55
45, 520, 55
45, 530, 54
45, 540, 55
45, 550, 54
45, 560, 55
45, 570, 56
46, 580, 55
46, 590, 55
46, 600, 56
48, 610, 55
48, 620, 58
48, 630, 58
48, 640, 58
49, 650, 59
49, 660, 60
49, 670, 59
49, 680, 59
49, 690, 58
49, 700, 60
49, 710, 59
49, 720, 57
49, 730, 58
49, 740, 57
49, 750, 58
49, 760, 57
49, 770, 56
49, 780, 58
49, 790, 56
49, 800, 56
49, 810, 58
49, 820, 55
49, 830, 56
49, 840, 56
49, 850, 56
49, 860, 58
49, 870, 55
49, 880, 56
49, 890, 55
49, 900, 57
49, 910, 57
50, 920, 55
50, 930, 57
50, 940, 57
50, 950, 56
50, 960, 55
50, 970, 56
50, 980, 56
50, 990, 56
50, 1000, 56
50, 1010, 57
50, 1020, 55
50, 1030, 55
50, 1040, 57
50, 1050, 56
50, 1060, 55
50, 1070, 55
50, 1080, 55
50, 1090, 56
50, 1100, 56
50, 1110, 55
50, 1120, 54
50, 1130, 55
50, 1140, 54
50, 1150, 55
50, 1160, 55
50, 1170, 54
50, 1180, 54
50, 1190, 54
50, 1200, 54
50, 1210, 54
50, 1220, 55
50, 1230, 54
50, 1240, 54
50, 1250, 54
50, 1260, 54
50, 1270, 54
50, 1280, 53
50, 1290, 54
50, 1300, 54
50, 1310, 54
50, 1320, 53
50, 1330, 54
50, 1340, 53
50, 1350, 53
50, 1360, 53
50, 1370, 54
50, 1380, 53
50, 1390, 53
50, 1400, 54
50, 1410, 54
51, 1420, 53
51, 1430, 54
52, 1440, 54
52, 1450, 56
52, 1460, 55
52, 1470, 55
52, 1480, 55
52, 1490, 55
52, 1500, 55
52, 1510, 55
52, 1520, 55
52, 1530, 55
52, 1540, 55
{'count': 3107, 'truepos': 52, 'falseneg': 9, 'correction': 26, 'unknownyes': 1, 'falsepos': 0, 'unique': 1540}
8: Wahono.csv: machine: 0, 0
3, 10
6, 20, 84
8, 30, 89
10, 40, 90
11, 50, 80
13, 60, 70
[]
['no' 'no' 'no' 'yes' 'no' 'yes' 'no' 'no' 'no' 'yes']
15, 60, 62
16, 70, 65
17, 80, 48
19, 90, 47
20, 100, 51
21, 110, 49
[]
['no' 'no' 'yes' 'no' 'no' 'no' 'no' 'no']
22, 110, 47
22, 120, 48
22, 130, 44
22, 140, 42
23, 150, 42
23, 160, 42
[]
['no' 'no']
23, 160, 42
26, 170, 42
27, 180, 48
28, 190, 47
29, 200, 47
29, 210, 47
['yes']
['no' 'yes' 'no' 'no' 'no' 'no' 'no' 'no' 'no' 'no']
29, 210, 46
30, 220, 46
30, 230, 49
30, 240, 51
31, 250, 52
32, 260, 53
['yes']
['no' 'no' 'no' 'no' 'no' 'no' 'no' 'yes' 'no' 'no' 'no' 'no' 'no' 'no'
 'no' 'no' 'no' 'no' 'yes' 'yes' 'yes' 'no' 'no' 'no' 'no' 'no' 'no' 'no'
 'no' 'no' 'no' 'no' 'no' 'no' 'no' 'no' 'no' 'yes' 'no' 'no' 'no' 'no'
 'no' 'no' 'no' 'no' 'no' 'no' 'no' 'no']
35, 260, 54
35, 270, 59
37, 280, 52
38, 290, 55
38, 300, 62
38, 310, 54
['yes']
['no' 'yes' 'no' 'no' 'no' 'no' 'no' 'no' 'no' 'no' 'no' 'no' 'no' 'no'
 'no' 'no' 'no' 'no' 'no']
38, 310, 57
38, 320, 54
39, 330, 53
39, 340, 58
40, 350, 53
41, 360, 52
['yes']
['no' 'no' 'no' 'no' 'no' 'no' 'no' 'no' 'no']
41, 360, 57
41, 370, 61
41, 380, 57
41, 390, 54
41, 400, 57
41, 410, 54
['yes']
['no' 'no' 'no' 'no' 'no' 'no' 'no']
41, 410, 51
41, 420, 55
41, 430, 54
41, 440, 53
41, 450, 51
41, 460, 54
['yes']
['no' 'no' 'no' 'no']
41, 460, 49
41, 470, 52
41, 480, 50
42, 490, 51
42, 500, 51
43, 510, 52
['yes']
['no' 'no' 'no' 'no' 'no' 'no' 'no' 'no' 'no' 'no' 'no' 'no']
43, 510, 52
43, 520, 51
44, 530, 50
44, 540, 52
44, 550, 50
44, 560, 51
['yes']
['no' 'no' 'no' 'no' 'no' 'no' 'no' 'no' 'no' 'no' 'no' 'no' 'no' 'no']
43, 560, 50
43, 570, 54
43, 580, 50
43, 590, 51
43, 600, 51
43, 610, 51
['yes']
[]
43, 610, 49
43, 620, 50
43, 630, 50
43, 640, 50
43, 650, 49
43, 660, 50
['yes']
['no' 'no' 'no' 'no' 'no']
42, 660, 50
43, 670, 47
44, 680, 49
45, 690, 49
45, 700, 51
46, 710, 51
['no']
['no' 'no' 'no' 'no' 'no' 'no' 'no' 'no' 'no' 'no' 'no' 'no' 'no' 'no'
 'no' 'no' 'no' 'no']
45, 710, 53
46, 720, 52
46, 730, 55
46, 740, 54
46, 750, 53
46, 760, 53
['yes']
['no' 'no' 'no' 'no' 'no' 'no' 'no' 'no']
45, 760, 53
45, 770, 51
45, 780, 52
45, 790, 52
45, 800, 50
45, 810, 50
['yes']
['no']
45, 810, 51
45, 820, 51
45, 830, 50
45, 840, 50
45, 850, 50
45, 860, 50
['yes']
['no']
45, 860, 51
45, 870, 50
45, 880, 50
45, 890, 51
45, 900, 50
45, 910, 50
['no']
['no' 'no']
44, 910, 50
44, 920, 50
44, 930, 49
44, 940, 49
44, 950, 48
44, 960, 48
['yes']
['no']
44, 960, 49
44, 970, 49
44, 980, 50
44, 990, 48
44, 1000, 49
44, 1010, 48
['yes']
['no' 'no' 'no']
44, 1010, 49
44, 1020, 49
44, 1030, 48
44, 1040, 48
44, 1050, 48
44, 1060, 48
['yes']
['no' 'no']
43, 1060, 48
44, 1070, 48
44, 1080, 48
44, 1090, 48
44, 1100, 48
44, 1110, 48
['yes']
['yes' 'no']
44, 1110, 48
44, 1120, 48
44, 1130, 48
44, 1140, 48
45, 1150, 47
45, 1160, 48
['no']
['no' 'no']
44, 1160, 49
44, 1170, 47
44, 1180, 48
44, 1190, 48
44, 1200, 47
44, 1210, 47
['yes']
[]
44, 1210, 47
44, 1220, 47
44, 1230, 47
44, 1240, 47
44, 1250, 47
44, 1260, 48
['yes']
[]
44, 1260, 47
44, 1270, 47
{'count': 1482, 'truepos': 44, 'falseneg': 15, 'correction': 11, 'unknownyes': 3, 'falsepos': 0, 'unique': 1270}
8: Wahono.csv: knee: 0, 0
4, 10
6, 20
7, 30
7, 40
10, 50
12, 60
13, 70
14, 80
16, 90
18, 100
19, 110
19, 120
20, 130
22, 140
25, 150
27, 160
27, 170
27, 180
28, 190
31, 200
32, 210
32, 220
32, 230
32, 240
32, 250
33, 260
33, 270
33, 280
33, 290
33, 300
33, 310
33, 320
33, 330
{'count': 509, 'truepos': 41, 'falseneg': 4, 'correction': 8, 'unknownyes': 17, 'falsepos': 1, 'unique': 330}
8: Danijel.csv: none: 0, 0
2, 10
3, 20, 120
3, 30, 102
4, 40, 73
5, 50, 66
6, 60, 61
8, 70, 60
11, 80, 58
11, 90, 68
13, 100, 54
15, 110, 61
16, 120, 62
18, 130, 54
18, 140, 58
20, 150, 54
20, 160, 53
20, 170, 49
20, 180, 47
21, 190, 45
23, 200, 45
23, 210, 46
23, 220, 46
23, 230, 45
23, 240, 45
23, 250, 45
23, 260, 45
23, 270, 45
23, 280, 45
23, 290, 45
23, 300, 45
25, 310, 46
26, 320, 47
26, 330, 47
26, 340, 47
26, 350, 47
26, 360, 47
26, 370, 47
27, 380, 47
27, 390, 47
27, 400, 47
27, 410, 47
27, 420, 47
27, 430, 48
27, 440, 48
27, 450, 48
27, 460, 48
27, 470, 48
27, 480, 48
27, 490, 48
27, 500, 48
27, 510, 48
27, 520, 48
27, 530, 48
27, 540, 48
28, 550, 49
28, 560, 49
28, 570, 49
28, 580, 49
28, 590, 49
28, 600, 49
28, 610, 49
28, 620, 49
28, 630, 49
28, 640, 49
28, 650, 49
29, 660, 49
29, 670, 51
29, 680, 51
29, 690, 51
30, 700, 51
30, 710, 39
30, 720, 37
31, 730, 38
31, 740, 41
31, 750, 36
31, 760, 40
31, 770, 40
31, 780, 37
31, 790, 36
31, 800, 37
31, 810, 36
31, 820, 37
31, 830, 36
31, 840, 35
31, 850, 36
31, 860, 37
31, 870, 36
31, 880, 36
31, 890, 37
31, 900, 35
31, 910, 35
31, 920, 35
31, 930, 36
31, 940, 35
31, 950, 35
31, 960, 34
31, 970, 34
31, 980, 34
31, 990, 35
31, 1000, 34
31, 1010, 33
31, 1020, 33
31, 1030, 33
31, 1040, 34
31, 1050, 33
31, 1060, 33
31, 1070, 33
31, 1080, 33
31, 1090, 33
31, 1100, 34
31, 1110, 33
31, 1120, 33
31, 1130, 33
31, 1140, 33
31, 1150, 33
31, 1160, 33
31, 1170, 33
31, 1180, 33
31, 1190, 33
31, 1200, 33
31, 1210, 33
31, 1220, 33
31, 1230, 33
31, 1240, 33
{'count': 1240, 'truepos': 29, 'falseneg': 17, 'correction': 0, 'unknownyes': 2, 'falsepos': 2, 'unique': 1240}
8: Danijel.csv: three: 0, 0
4, 10
5, 20, 119
10, 30, 100
12, 40, 101
12, 50, 95
12, 60, 97
12, 70, 78
12, 80, 73
15, 90, 54
16, 100, 61
19, 110, 49
19, 120, 57
19, 130, 49
20, 140, 45
21, 150, 45
23, 160, 45
23, 170, 44
24, 180, 43
24, 190, 44
24, 200, 43
24, 210, 43
24, 220, 42
24, 230, 42
24, 240, 42
26, 250, 43
28, 260, 44
29, 270, 46
30, 280, 46
31, 290, 47
31, 300, 42
31, 310, 43
31, 320, 42
33, 330, 43
33, 340, 47
33, 350, 45
33, 360, 44
33, 370, 42
33, 380, 42
33, 390, 42
33, 400, 40
33, 410, 43
33, 420, 41
33, 430, 41
33, 440, 42
33, 450, 40
33, 460, 41
33, 470, 40
33, 480, 40
33, 490, 39
33, 500, 39
33, 510, 38
33, 520, 39
33, 530, 39
33, 540, 38
33, 550, 37
33, 560, 37
33, 570, 38
33, 580, 37
34, 590, 38
34, 600, 39
34, 610, 40
34, 620, 39
34, 630, 38
34, 640, 38
35, 650, 38
35, 660, 40
35, 670, 39
35, 680, 40
35, 690, 39
35, 700, 39
35, 710, 39
35, 720, 39
35, 730, 39
35, 740, 39
36, 750, 39
36, 760, 40
36, 770, 40
36, 780, 40
36, 790, 39
36, 800, 40
36, 810, 39
36, 820, 39
36, 830, 39
36, 840, 39
36, 850, 39
36, 860, 39
36, 870, 38
36, 880, 38
36, 890, 39
36, 900, 39
36, 910, 39
36, 920, 38
36, 930, 39
36, 940, 39
36, 950, 39
36, 960, 39
36, 970, 38
36, 980, 38
37, 990, 38
37, 1000, 39
37, 1010, 39
37, 1020, 39
37, 1030, 39
37, 1040, 39
37, 1050, 39
37, 1060, 39
37, 1070, 39
37, 1080, 39
37, 1090, 39
37, 1100, 39
37, 1110, 39
37, 1120, 39
37, 1130, 39
37, 1140, 39
37, 1150, 39
38, 1160, 39
{'count': 2347, 'truepos': 38, 'falseneg': 9, 'correction': 23, 'unknownyes': 1, 'falsepos': 0, 'unique': 1160}
8: Danijel.csv: machine: 0, 0
4, 10
4, 20, 122
6, 30, 96
7, 40, 88
7, 50, 69
7, 60, 59
[]
['no' 'no' 'no' 'no' 'yes']
8, 60, 47
10, 70, 47
10, 80, 48
11, 90, 45
12, 100, 42
13, 110, 42
[]
['no' 'no' 'no' 'no' 'yes']
14, 110, 42
16, 120, 45
19, 130, 44
22, 140, 48
22, 150, 52
23, 160, 46
[]
['no' 'no' 'yes' 'no' 'no' 'yes' 'yes' 'no' 'no' 'no' 'no' 'no' 'no']
25, 160, 46
25, 170, 47
25, 180, 44
25, 190, 44
25, 200, 43
25, 210, 43
[]
['no' 'yes' 'no']
26, 210, 43
26, 220, 43
26, 230, 43
28, 240, 43
31, 250, 44
31, 260, 42
['yes']
['no' 'no' 'no' 'no' 'no' 'no' 'no' 'no' 'no' 'no' 'no' 'no' 'no' 'no'
 'no' 'no' 'no' 'no' 'yes' 'no' 'no' 'no' 'no' 'no' 'no' 'no' 'yes' 'yes'
 'no' 'no' 'no' 'no' 'no' 'no' 'no' 'no' 'no' 'no' 'no' 'no' 'no' 'no'
 'no' 'no' 'no' 'no' 'no' 'no' 'no' 'no']
33, 260, 48
33, 270, 48
34, 280, 47
34, 290, 48
34, 300, 49
34, 310, 47
['yes']
['yes' 'no' 'no' 'no' 'yes' 'no' 'no' 'no' 'no' 'no' 'no' 'no' 'no' 'no'
 'no' 'no' 'no' 'no' 'no' 'no' 'no']
35, 310, 44
35, 320, 46
35, 330, 45
35, 340, 42
35, 350, 43
35, 360, 43
['yes']
['no' 'no' 'no' 'no' 'no' 'no']
35, 360, 41
35, 370, 42
35, 380, 42
35, 390, 43
35, 400, 41
36, 410, 40
['yes']
['no' 'no' 'no' 'no' 'no' 'no' 'no' 'no']
36, 410, 42
36, 420, 43
36, 430, 42
37, 440, 45
37, 450, 46
37, 460, 45
['yes']
['no' 'no' 'no' 'no' 'no' 'no' 'no' 'no' 'no' 'no' 'no' 'no' 'no' 'no'
 'no']
37, 460, 46
37, 470, 45
37, 480, 44
37, 490, 43
37, 500, 46
37, 510, 42
['no']
['no' 'no']
36, 510, 43
36, 520, 42
36, 530, 42
36, 540, 41
36, 550, 41
36, 560, 42
['yes']
['no' 'no' 'no']
35, 560, 41
35, 570, 39
35, 580, 39
35, 590, 40
35, 600, 40
35, 610, 39
['yes']
['no' 'no' 'no']
34, 610, 39
35, 620, 38
35, 630, 38
35, 640, 39
35, 650, 39
35, 660, 38
['yes']
['no']
34, 660, 38
34, 670, 38
34, 680, 37
34, 690, 37
34, 700, 37
34, 710, 37
['yes']
['yes' 'no' 'no']
35, 710, 37
35, 720, 38
36, 730, 38
36, 740, 39
36, 750, 39
36, 760, 38
['yes']
['no' 'yes']
36, 760, 39
36, 770, 38
36, 780, 39
36, 790, 39
36, 800, 39
37, 810, 39
['yes']
['no' 'no' 'no' 'no' 'no' 'no' 'no' 'no' 'no']
37, 810, 40
37, 820, 39
37, 830, 39
37, 840, 39
37, 850, 39
38, 860, 39
['yes']
['no' 'no' 'no' 'no' 'yes' 'no' 'no']
{'count': 1021, 'truepos': 37, 'falseneg': 9, 'correction': 11, 'unknownyes': 2, 'falsepos': 1, 'unique': 860}
8: Danijel.csv: knee: 0, 0
3, 10
3, 20
4, 30
5, 40
5, 50
8, 60
9, 70
12, 80
12, 90
13, 100
14, 110
18, 120
19, 130
20, 140
22, 150
24, 160
24, 170
25, 180
25, 190
25, 200
26, 210
27, 220
27, 230
28, 240
28, 250
28, 260
28, 270
29, 280
29, 290
30, 300
30, 310
31, 320
31, 330
31, 340
31, 350
31, 360
31, 370
31, 380
31, 390
32, 400
32, 410
32, 420
32, 430
32, 440
33, 450
33, 460
33, 470
33, 480
33, 490
33, 500
33, 510
33, 520
33, 530
33, 540
33, 550
33, 560
{'count': 705, 'truepos': 33, 'falseneg': 11, 'correction': 6, 'unknownyes': 4, 'falsepos': 1, 'unique': 560}
8: K_all3.csv: none: 0, 0
1, 10
3, 20, 92
3, 30, 53
5, 40, 39
6, 50, 44
6, 60, 41
7, 70, 36
11, 80, 35
13, 90, 39
14, 100, 40
15, 110, 39
17, 120, 39
18, 130, 40
18, 140, 41
19, 150, 40
19, 160, 39
21, 170, 38
24, 180, 39
24, 190, 43
25, 200, 40
26, 210, 40
26, 220, 41
26, 230, 40
26, 240, 39
26, 250, 39
27, 260, 39
27, 270, 40
27, 280, 40
27, 290, 40
27, 300, 40
27, 310, 40
30, 320, 40
30, 330, 38
30, 340, 35
30, 350, 35
30, 360, 35
30, 370, 33
30, 380, 33
30, 390, 34
30, 400, 33
30, 410, 33
30, 420, 33
30, 430, 32
30, 440, 32
30, 450, 32
31, 460, 32
{'count': 460, 'truepos': 25, 'falseneg': 13, 'correction': 0, 'unknownyes': 7, 'falsepos': 6, 'unique': 460}
8: K_all3.csv: three: 0, 0
2, 10
5, 20, 71
6, 30, 64
10, 40, 54
10, 50, 62
13, 60, 49
15, 70, 51
17, 80, 48
17, 90, 48
17, 100, 43
17, 110, 41
19, 120, 39
19, 130, 41
19, 140, 40
20, 150, 39
21, 160, 39
21, 170, 40
21, 180, 39
22, 190, 39
22, 200, 39
22, 210, 39
23, 220, 39
24, 230, 40
24, 240, 40
25, 250, 40
25, 260, 41
25, 270, 41
25, 280, 41
25, 290, 41
25, 300, 41
25, 310, 40
27, 320, 40
29, 330, 42
30, 340, 43
30, 350, 39
31, 360, 36
31, 370, 36
31, 380, 37
31, 390, 34
31, 400, 34
31, 410, 35
31, 420, 34
31, 430, 33
31, 440, 34
31, 450, 34
31, 460, 33
31, 470, 33
31, 480, 33
{'count': 983, 'truepos': 31, 'falseneg': 9, 'correction': 21, 'unknownyes': 5, 'falsepos': 0, 'unique': 480}
8: K_all3.csv: machine: 0, 0
1, 10
3, 20, 91
3, 30, 55
4, 40, 39
6, 50, 39
7, 60, 41
[]
['no' 'no' 'no' 'no' 'no']
7, 60, 40
8, 70, 40
10, 80, 38
11, 90, 41
12, 100, 38
13, 110, 39
[]
['no' 'yes' 'no' 'yes']
15, 110, 39
19, 120, 40
21, 130, 44
21, 140, 44
21, 150, 42
23, 160, 41
[]
['no' 'no' 'no' 'no' 'no']
23, 160, 42
23, 170, 42
23, 180, 41
24, 190, 41
26, 200, 41
27, 210, 43
[]
['no' 'no' 'no' 'no' 'no' 'no' 'no']
27, 210, 43
28, 220, 43
28, 230, 43
28, 240, 43
29, 250, 43
29, 260, 44
[]
['no' 'no']
29, 260, 44
29, 270, 44
29, 280, 44
29, 290, 43
29, 300, 43
30, 310, 43
['yes']
['no' 'no' 'no' 'no' 'no' 'no' 'no' 'no' 'no' 'no' 'no' 'no' 'no' 'no'
 'no' 'no' 'no' 'no' 'no' 'no' 'no' 'no' 'no' 'no' 'no' 'no' 'no' 'no'
 'no' 'no' 'no' 'no' 'no' 'no' 'no' 'no' 'no' 'no' 'no' 'no' 'no' 'no']
30, 310, 36
31, 320, 35
32, 330, 36
32, 340, 37
32, 350, 36
32, 360, 35
['no']
['no' 'no' 'no' 'no' 'no' 'no' 'no' 'no' 'no' 'no' 'no' 'no' 'no' 'no'
 'no' 'no' 'no' 'no' 'no']
32, 360, 36
33, 370, 37
33, 380, 37
33, 390, 36
33, 400, 36
34, 410, 36
['no']
['no' 'no' 'no' 'no' 'no' 'no' 'no' 'no' 'no' 'no' 'no' 'no' 'yes' 'yes'
 'no' 'no' 'no' 'no' 'no' 'no' 'no' 'no' 'no' 'no' 'no' 'no' 'no']
36, 410, 38
36, 420, 41
36, 430, 40
37, 440, 39
37, 450, 40
39, 460, 40
['yes']
['no' 'no' 'no' 'no' 'no' 'no' 'no' 'no' 'yes' 'no' 'no' 'no' 'no' 'no'
 'no' 'no']
39, 460, 42
39, 470, 43
39, 480, 42
39, 490, 42
39, 500, 42
{'count': 631, 'truepos': 32, 'falseneg': 7, 'correction': 5, 'unknownyes': 6, 'falsepos': 7, 'unique': 500}
8: K_all3.csv: knee: 0, 0
2, 10
5, 20
6, 30
11, 40
11, 50
12, 60
14, 70
14, 80
16, 90
17, 100
19, 110
20, 120
22, 130
22, 140
22, 150
23, 160
23, 170
23, 180
23, 190
23, 200
24, 210
24, 220
25, 230
25, 240
25, 250
26, 260
27, 270
27, 280
28, 290
28, 300
28, 310
29, 320
29, 330
30, 340
30, 350
31, 360
33, 370
33, 380
33, 390
33, 400
33, 410
33, 420
35, 430
35, 440
35, 450
35, 460
35, 470
35, 480
36, 490
36, 500
37, 510
37, 520
37, 530
37, 540
37, 550
38, 560
38, 570
38, 580
38, 590
39, 600
39, 610
39, 620
39, 630
39, 640
39, 650
39, 660
39, 670
39, 680
39, 690
39, 700
39, 710
39, 720
39, 730
39, 740
39, 750
39, 760
39, 770
{'count': 895, 'truepos': 33, 'falseneg': 9, 'correction': 7, 'unknownyes': 3, 'falsepos': 0, 'unique': 770}

------------------------------------------------------------
Sender: LSF System <lsfadmin@n2e2-5>
Subject: Job 639669: </share/tjmenzie/zyu9/miniconda2/bin/python2.7 runner.py error_hpcc 8> in cluster <henry2> Done

Job </share/tjmenzie/zyu9/miniconda2/bin/python2.7 runner.py error_hpcc 8> was submitted from host <login01.hpc.ncsu.edu> by user <zyu9> in cluster <henry2> at Thu Feb  1 12:17:33 2018.
Job was executed on host(s) <2*n2e2-5>, in queue <single_chassis>, as user <zyu9> in cluster <henry2> at Thu Feb  1 12:17:40 2018.
</home/zyu9> was used as the home directory.
</home/zyu9/projects/MAR_HPC/Error/src> was used as the working directory.
Started at Thu Feb  1 12:17:40 2018.
Terminated at Thu Feb  1 13:23:45 2018.
Results reported at Thu Feb  1 13:23:45 2018.

Your job looked like:

------------------------------------------------------------
# LSBATCH: User input
/share/tjmenzie/zyu9/miniconda2/bin/python2.7 runner.py error_hpcc 8
------------------------------------------------------------

Successfully completed.

Resource usage summary:

    CPU time :                                   4982.59 sec.
    Max Memory :                                 284.16 MB
    Average Memory :                             226.16 MB
    Total Requested Memory :                     -
    Delta Memory :                               -
    Max Swap :                                   1309 MB
    Max Processes :                              3
    Max Threads :                                8
    Run time :                                   3974 sec.
    Turnaround time :                            3972 sec.

The output (if any) is above this job summary.



PS: The stderr output (if any) follows:



PS:

Fail to open stderr file ./err/8.err.639669: No such file or directory.
The stderr output is included in this report.

