8: Hall.csv: none: 0, 0
8, 10
11, 20, 126
12, 30, 126
14, 40, 140
15, 50, 123
19, 60, 115
24, 70, 112
28, 80, 86
37, 90, 88
42, 100, 94
45, 110, 96
49, 120, 89
55, 130, 92
63, 140, 95
66, 150, 117
68, 160, 108
73, 170, 107
76, 180, 107
79, 190, 110
82, 200, 114
85, 210, 110
89, 220, 107
92, 230, 111
94, 240, 114
94, 250, 115
96, 260, 113
97, 270, 111
97, 280, 111
97, 290, 111
97, 300, 114
98, 310, 109
99, 320, 109
99, 330, 111
99, 340, 113
99, 350, 109
100, 360, 110
101, 370, 110
102, 380, 111
102, 390, 111
102, 400, 111
102, 410, 113
102, 420, 111
102, 430, 110
102, 440, 110
102, 450, 108
102, 460, 110
102, 470, 110
102, 480, 108
102, 490, 108
102, 500, 109
{'count': 500, 'truepos': 102, 'falseneg': 0, 'correction': 0, 'unknownyes': 2, 'falsepos': 0, 'unique': 500}
8: Hall.csv: three: 0, 0
8, 10
10, 20, 127
11, 30, 122
17, 40, 119
17, 50, 121
21, 60, 116
28, 70, 69
34, 80, 77
38, 90, 80
40, 100, 85
46, 110, 85
50, 120, 94
56, 130, 86
61, 140, 92
62, 150, 97
65, 160, 88
67, 170, 101
70, 180, 96
72, 190, 102
76, 200, 91
81, 210, 92
85, 220, 96
87, 230, 97
90, 240, 103
92, 250, 108
95, 260, 109
97, 270, 110
98, 280, 113
98, 290, 110
99, 300, 113
99, 310, 111
99, 320, 111
100, 330, 107
101, 340, 110
101, 350, 113
101, 360, 110
101, 370, 111
101, 380, 109
101, 390, 110
101, 400, 108
101, 410, 110
101, 420, 110
101, 430, 111
101, 440, 109
101, 450, 108
101, 460, 108
101, 470, 107
101, 480, 107
{'count': 960, 'truepos': 101, 'falseneg': 0, 'correction': 0, 'unknownyes': 3, 'falsepos': 0, 'unique': 480}
8: Hall.csv: machine: 0, 0
8, 10
10, 20, 124
11, 30, 125
13, 40, 121
15, 50, 114
16, 60, 101
21, 70, 88
26, 80, 70
34, 90, 70
37, 100, 84
41, 110, 85
44, 120, 81
44, 120, 81
49, 130, 81
50, 140, 83
54, 150, 78
57, 160, 87
61, 170, 87
61, 170, 87
64, 180, 94
68, 190, 94
71, 200, 100
75, 210, 92
79, 220, 93
79, 220, 93
82, 230, 93
84, 240, 95
85, 250, 96
88, 260, 99
92, 270, 98
92, 270, 98
94, 280, 112
95, 290, 107
96, 300, 107
98, 310, 108
99, 320, 111
99, 320, 111
100, 330, 111
100, 340, 111
101, 350, 109
101, 360, 110
101, 370, 109
101, 370, 109
102, 380, 108
102, 390, 111
102, 400, 112
102, 410, 110
102, 420, 109
102, 420, 109
102, 430, 109
102, 440, 108
102, 450, 108
102, 460, 108
{'count': 625, 'truepos': 102, 'falseneg': 0, 'correction': 0, 'unknownyes': 2, 'falsepos': 0, 'unique': 460}
8: Hall.csv: knee: 0, 0
8, 10
11, 20
12, 30
14, 40
16, 50
18, 60
21, 70
26, 80
33, 90
38, 100
42, 110
47, 120
54, 130
55, 140
57, 150
60, 160
63, 170
66, 180
68, 190
70, 200
73, 210
79, 220
86, 230
90, 240
92, 250
94, 260
96, 270
96, 280
97, 290
100, 300
100, 310
100, 320
100, 330
100, 340
100, 350
100, 360
100, 370
101, 380
101, 390
101, 400
101, 410
102, 420
102, 430
102, 440
102, 450
{'count': 612, 'truepos': 102, 'falseneg': 0, 'correction': 0, 'unknownyes': 2, 'falsepos': 0, 'unique': 450}
8: Wahono.csv: none: 0, 0
6, 10
6, 20, 100
9, 30, 96
11, 40, 97
14, 50, 90
15, 60, 81
16, 70, 69
20, 80, 59
23, 90, 47
27, 100, 54
28, 110, 70
29, 120, 63
33, 130, 59
33, 140, 77
34, 150, 64
34, 160, 63
34, 170, 63
35, 180, 57
35, 190, 65
36, 200, 60
38, 210, 56
39, 220, 58
40, 230, 61
40, 240, 54
41, 250, 56
41, 260, 63
42, 270, 61
42, 280, 62
42, 290, 54
44, 300, 55
44, 310, 65
44, 320, 60
44, 330, 60
44, 340, 65
44, 350, 56
46, 360, 54
48, 370, 57
49, 380, 60
49, 390, 61
49, 400, 61
50, 410, 59
50, 420, 62
50, 430, 62
50, 440, 60
50, 450, 60
50, 460, 61
51, 470, 59
51, 480, 62
51, 490, 63
51, 500, 60
51, 510, 59
51, 520, 58
51, 530, 61
51, 540, 59
51, 550, 60
51, 560, 58
51, 570, 58
51, 580, 57
51, 590, 60
51, 600, 57
51, 610, 60
52, 620, 59
53, 630, 59
55, 640, 61
56, 650, 63
56, 660, 65
57, 670, 63
57, 680, 66
58, 690, 65
58, 700, 66
58, 710, 66
58, 720, 65
58, 730, 65
58, 740, 66
58, 750, 64
58, 760, 65
58, 770, 65
58, 780, 65
58, 790, 66
58, 800, 65
58, 810, 64
58, 820, 63
58, 830, 65
58, 840, 64
58, 850, 64
58, 860, 64
58, 870, 64
58, 880, 65
58, 890, 64
58, 900, 63
58, 910, 63
59, 920, 63
59, 930, 65
59, 940, 64
59, 950, 63
59, 960, 65
59, 970, 64
59, 980, 64
59, 990, 65
59, 1000, 64
59, 1010, 64
59, 1020, 63
59, 1030, 63
59, 1040, 64
59, 1050, 63
59, 1060, 63
59, 1070, 63
59, 1080, 63
59, 1090, 63
59, 1100, 63
59, 1110, 63
59, 1120, 63
59, 1130, 63
59, 1140, 63
59, 1150, 63
{'count': 1150, 'truepos': 59, 'falseneg': 0, 'correction': 0, 'unknownyes': 3, 'falsepos': 0, 'unique': 1150}
8: Wahono.csv: three: 0, 0
6, 10
7, 20, 101
8, 30, 95
12, 40, 91
14, 50, 90
15, 60, 88
17, 70, 70
18, 80, 65
20, 90, 53
22, 100, 39
23, 110, 39
25, 120, 43
27, 130, 47
27, 140, 49
29, 150, 50
29, 160, 52
31, 170, 54
31, 180, 51
32, 190, 52
34, 200, 51
38, 210, 56
40, 220, 63
41, 230, 65
41, 240, 63
44, 250, 64
45, 260, 67
46, 270, 64
47, 280, 68
47, 290, 71
48, 300, 64
50, 310, 67
50, 320, 68
51, 330, 67
51, 340, 67
51, 350, 69
51, 360, 66
51, 370, 65
51, 380, 63
51, 390, 64
51, 400, 62
51, 410, 64
51, 420, 63
52, 430, 61
52, 440, 62
52, 450, 67
52, 460, 62
52, 470, 63
52, 480, 62
52, 490, 61
52, 500, 61
52, 510, 62
52, 520, 60
52, 530, 60
52, 540, 60
52, 550, 60
52, 560, 62
52, 570, 59
53, 580, 60
53, 590, 60
55, 600, 60
55, 610, 63
56, 620, 63
56, 630, 65
56, 640, 65
57, 650, 65
57, 660, 65
57, 670, 64
57, 680, 65
57, 690, 64
57, 700, 64
58, 710, 63
58, 720, 64
58, 730, 65
58, 740, 66
58, 750, 65
58, 760, 65
58, 770, 64
58, 780, 64
58, 790, 64
58, 800, 64
58, 810, 63
58, 820, 65
58, 830, 64
58, 840, 65
58, 850, 64
58, 860, 64
58, 870, 65
58, 880, 63
58, 890, 64
59, 900, 64
59, 910, 65
59, 920, 66
59, 930, 64
59, 940, 64
59, 950, 65
59, 960, 64
59, 970, 64
59, 980, 65
59, 990, 65
59, 1000, 63
59, 1010, 64
59, 1020, 64
59, 1030, 63
59, 1040, 64
59, 1050, 64
59, 1060, 63
59, 1070, 63
59, 1080, 63
59, 1090, 63
59, 1100, 63
59, 1110, 63
59, 1120, 63
59, 1130, 63
59, 1140, 63
59, 1150, 63
59, 1160, 63
59, 1170, 63
59, 1180, 63
59, 1190, 63
{'count': 2380, 'truepos': 59, 'falseneg': 0, 'correction': 0, 'unknownyes': 3, 'falsepos': 0, 'unique': 1190}
8: Wahono.csv: machine: 0, 0
6, 10
7, 20, 101
9, 30, 103
9, 40, 103
12, 50, 85
13, 60, 77
13, 60, 77
17, 70, 62
18, 80, 59
20, 90, 56
22, 100, 50
22, 110, 49
22, 110, 49
23, 120, 45
26, 130, 44
31, 140, 47
32, 150, 62
33, 160, 59
33, 160, 59
35, 170, 55
35, 180, 62
35, 190, 55
36, 200, 62
37, 210, 61
37, 210, 61
39, 220, 54
40, 230, 56
40, 240, 61
40, 250, 57
42, 260, 58
42, 260, 58
43, 270, 58
44, 280, 57
44, 290, 73
45, 300, 63
45, 310, 60
45, 310, 60
45, 320, 60
45, 330, 60
45, 340, 59
48, 350, 55
48, 360, 63
48, 360, 63
48, 370, 58
50, 380, 60
50, 390, 62
50, 400, 59
50, 410, 62
50, 410, 62
50, 420, 62
50, 430, 62
50, 440, 61
50, 450, 62
50, 460, 60
50, 460, 60
50, 470, 60
51, 480, 59
51, 490, 62
52, 500, 60
54, 510, 60
54, 510, 60
54, 520, 63
56, 530, 64
56, 540, 64
56, 550, 64
56, 560, 65
56, 560, 65
56, 570, 65
56, 580, 63
56, 590, 64
56, 600, 64
57, 610, 63
57, 610, 63
57, 620, 67
58, 630, 65
58, 640, 67
58, 650, 68
58, 660, 67
58, 660, 67
58, 670, 66
58, 680, 67
58, 690, 66
58, 700, 66
58, 710, 66
58, 710, 66
58, 720, 66
58, 730, 65
58, 740, 66
58, 750, 65
58, 760, 65
58, 760, 65
58, 770, 65
58, 780, 63
58, 790, 64
58, 800, 66
58, 810, 65
58, 810, 65
58, 820, 64
58, 830, 65
58, 840, 64
58, 850, 65
59, 860, 64
59, 860, 64
59, 870, 65
59, 880, 64
59, 890, 65
59, 900, 64
59, 910, 64
59, 910, 64
59, 920, 65
59, 930, 64
59, 940, 64
59, 950, 64
59, 960, 63
59, 960, 63
59, 970, 63
59, 980, 64
59, 990, 64
59, 1000, 63
59, 1010, 63
59, 1010, 63
59, 1020, 64
59, 1030, 63
59, 1040, 63
59, 1050, 63
59, 1060, 63
59, 1060, 63
59, 1070, 63
59, 1080, 63
59, 1090, 63
59, 1100, 63
59, 1110, 63
59, 1110, 63
59, 1120, 63
59, 1130, 63
59, 1140, 63
{'count': 1699, 'truepos': 59, 'falseneg': 0, 'correction': 0, 'unknownyes': 3, 'falsepos': 0, 'unique': 1140}
8: Wahono.csv: knee: 0, 0
6, 10
6, 20
{'count': 24, 'truepos': 6, 'falseneg': 0, 'correction': 0, 'unknownyes': 56, 'falsepos': 0, 'unique': 20}
8: Danijel.csv: none: 0, 0
4, 10
4, 20, 124
7, 30, 90
9, 40, 91
9, 50, 70
10, 60, 58
13, 70, 50
14, 80, 52
16, 90, 49
21, 100, 50
22, 110, 43
27, 120, 41
27, 130, 49
29, 140, 44
29, 150, 48
29, 160, 44
30, 170, 44
31, 180, 44
33, 190, 44
34, 200, 47
35, 210, 49
36, 220, 48
36, 230, 49
36, 240, 48
36, 250, 47
38, 260, 45
39, 270, 47
39, 280, 47
39, 290, 48
40, 300, 46
41, 310, 48
41, 320, 49
41, 330, 50
41, 340, 49
41, 350, 48
41, 360, 49
41, 370, 48
41, 380, 48
41, 390, 47
42, 400, 47
42, 410, 50
42, 420, 49
43, 430, 48
43, 440, 49
43, 450, 48
43, 460, 49
43, 470, 48
43, 480, 50
43, 490, 49
44, 500, 48
44, 510, 49
44, 520, 49
44, 530, 49
44, 540, 49
44, 550, 49
44, 560, 50
44, 570, 49
44, 580, 49
44, 590, 47
44, 600, 48
44, 610, 48
44, 620, 49
44, 630, 48
44, 640, 48
44, 650, 47
45, 660, 47
45, 670, 49
45, 680, 48
45, 690, 48
45, 700, 48
45, 710, 48
45, 720, 48
45, 730, 48
45, 740, 48
{'count': 740, 'truepos': 45, 'falseneg': 0, 'correction': 0, 'unknownyes': 3, 'falsepos': 0, 'unique': 740}
8: Danijel.csv: three: 0, 0
4, 10
5, 20, 122
8, 30, 94
8, 40, 90
11, 50, 72
12, 60, 78
14, 70, 63
19, 80, 55
20, 90, 65
21, 100, 47
22, 110, 43
25, 120, 41
27, 130, 43
28, 140, 45
31, 150, 44
32, 160, 51
34, 170, 48
34, 180, 49
34, 190, 51
34, 200, 48
34, 210, 46
35, 220, 47
37, 230, 47
37, 240, 50
37, 250, 48
37, 260, 48
39, 270, 48
40, 280, 49
40, 290, 50
40, 300, 52
41, 310, 49
41, 320, 48
41, 330, 48
41, 340, 50
41, 350, 50
41, 360, 50
41, 370, 47
41, 380, 49
41, 390, 48
42, 400, 47
42, 410, 51
43, 420, 49
43, 430, 50
43, 440, 50
43, 450, 49
43, 460, 49
44, 470, 49
44, 480, 53
44, 490, 50
44, 500, 50
44, 510, 49
44, 520, 50
44, 530, 49
44, 540, 50
44, 550, 49
44, 560, 49
44, 570, 48
44, 580, 49
44, 590, 49
44, 600, 49
44, 610, 48
44, 620, 48
44, 630, 48
44, 640, 47
44, 650, 48
44, 660, 47
44, 670, 47
44, 680, 47
45, 690, 47
45, 700, 48
45, 710, 48
45, 720, 48
45, 730, 48
45, 740, 48
45, 750, 48
45, 760, 48
45, 770, 48
45, 780, 48
{'count': 1560, 'truepos': 45, 'falseneg': 0, 'correction': 0, 'unknownyes': 3, 'falsepos': 0, 'unique': 780}
8: Danijel.csv: machine: 0, 0
4, 10
5, 20, 111
8, 30, 98
9, 40, 96
10, 50, 93
12, 60, 76
12, 60, 76
14, 70, 76
15, 80, 61
17, 90, 54
20, 100, 52
23, 110, 41
23, 110, 41
25, 120, 45
26, 130, 46
26, 140, 45
26, 150, 41
28, 160, 40
28, 160, 40
30, 170, 43
31, 180, 45
33, 190, 45
34, 200, 44
34, 210, 45
34, 210, 45
34, 220, 45
34, 230, 44
34, 240, 43
36, 250, 43
37, 260, 44
37, 260, 44
38, 270, 47
38, 280, 48
38, 290, 48
38, 300, 48
38, 310, 46
38, 310, 46
39, 320, 49
40, 330, 47
41, 340, 47
41, 350, 48
41, 360, 51
41, 360, 51
41, 370, 48
42, 380, 46
42, 390, 49
42, 400, 50
42, 410, 49
42, 410, 49
42, 420, 49
42, 430, 50
42, 440, 48
43, 450, 47
43, 460, 49
43, 460, 49
43, 470, 49
43, 480, 48
44, 490, 49
44, 500, 50
44, 510, 50
44, 510, 50
44, 520, 48
44, 530, 48
44, 540, 51
44, 550, 48
44, 560, 49
44, 560, 49
44, 570, 50
44, 580, 49
44, 590, 48
44, 600, 48
44, 610, 48
44, 610, 48
44, 620, 48
44, 630, 48
44, 640, 48
44, 650, 49
44, 660, 48
44, 660, 48
44, 670, 48
44, 680, 47
44, 690, 48
44, 700, 47
44, 710, 48
45, 720, 47
45, 730, 48
45, 740, 48
45, 750, 48
45, 760, 48
45, 770, 49
45, 770, 49
45, 780, 48
46, 790, 48
46, 800, 49
{'count': 1261, 'truepos': 46, 'falseneg': 0, 'correction': 0, 'unknownyes': 2, 'falsepos': 0, 'unique': 800}
8: Danijel.csv: knee: 0, 0
4, 10
4, 20
6, 30
8, 40
9, 50
11, 60
15, 70
19, 80
20, 90
22, 100
24, 110
25, 120
26, 130
28, 140
28, 150
30, 160
31, 170
31, 180
31, 190
32, 200
34, 210
37, 220
37, 230
38, 240
38, 250
39, 260
40, 270
41, 280
41, 290
41, 300
41, 310
41, 320
41, 330
41, 340
41, 350
41, 360
41, 370
41, 380
41, 390
41, 400
{'count': 587, 'truepos': 41, 'falseneg': 0, 'correction': 0, 'unknownyes': 7, 'falsepos': 0, 'unique': 400}
8: K_all3.csv: none: 0, 0
2, 10
5, 20, 71
6, 30, 62
11, 40, 55
14, 50, 65
15, 60, 63
17, 70, 58
17, 80, 54
20, 90, 46
20, 100, 38
22, 110, 33
22, 120, 36
23, 130, 32
24, 140, 32
25, 150, 32
25, 160, 33
28, 170, 33
28, 180, 37
29, 190, 36
29, 200, 38
30, 210, 36
30, 220, 36
31, 230, 36
31, 240, 36
31, 250, 37
33, 260, 35
33, 270, 37
33, 280, 37
33, 290, 38
33, 300, 37
33, 310, 37
34, 320, 37
34, 330, 37
36, 340, 37
36, 350, 40
37, 360, 39
38, 370, 40
38, 380, 41
{'count': 380, 'truepos': 38, 'falseneg': 0, 'correction': 0, 'unknownyes': 7, 'falsepos': 0, 'unique': 380}
8: K_all3.csv: three: 0, 0
2, 10
5, 20, 70
6, 30, 61
11, 40, 56
11, 50, 64
12, 60, 50
14, 70, 48
17, 80, 45
19, 90, 47
20, 100, 47
20, 110, 33
22, 120, 30
23, 130, 37
23, 140, 35
23, 150, 34
24, 160, 31
24, 170, 33
26, 180, 32
26, 190, 35
27, 200, 33
28, 210, 32
30, 220, 34
30, 230, 37
30, 240, 37
30, 250, 34
31, 260, 33
31, 270, 35
33, 280, 35
33, 290, 37
34, 300, 36
34, 310, 37
34, 320, 37
34, 330, 37
34, 340, 37
36, 350, 37
36, 360, 40
36, 370, 39
38, 380, 38
{'count': 760, 'truepos': 38, 'falseneg': 0, 'correction': 0, 'unknownyes': 7, 'falsepos': 0, 'unique': 380}
8: K_all3.csv: machine: 0, 0
2, 10
5, 20, 70
6, 30, 62
9, 40, 55
10, 50, 57
13, 60, 46
15, 70, 49
17, 80, 45
20, 90, 45
20, 100, 35
20, 110, 31
22, 120, 31
22, 120, 31
22, 130, 32
23, 140, 30
23, 150, 33
25, 160, 32
25, 170, 33
25, 170, 33
25, 180, 32
26, 190, 32
26, 200, 34
26, 210, 32
27, 220, 31
27, 220, 31
30, 230, 32
31, 240, 35
31, 250, 37
31, 260, 37
32, 270, 36
32, 270, 36
32, 280, 36
32, 290, 36
32, 300, 38
33, 310, 35
34, 320, 36
34, 320, 36
34, 330, 37
35, 340, 38
35, 350, 37
36, 360, 37
36, 370, 39
36, 370, 39
37, 380, 38
39, 390, 40
{'count': 582, 'truepos': 39, 'falseneg': 0, 'correction': 0, 'unknownyes': 6, 'falsepos': 0, 'unique': 390}
8: K_all3.csv: knee: 0, 0
2, 10
5, 20
6, 30
11, 40
13, 50
15, 60
17, 70
19, 80
21, 90
21, 100
21, 110
21, 120
{'count': 189, 'truepos': 21, 'falseneg': 0, 'correction': 0, 'unknownyes': 24, 'falsepos': 0, 'unique': 120}

------------------------------------------------------------
Sender: LSF System <lsfadmin@n2e2-14>
Subject: Job 629144: </share/tjmenzie/zyu9/miniconda2/bin/python2.7 runner.py error_hpcc 8> in cluster <henry2> Done

Job </share/tjmenzie/zyu9/miniconda2/bin/python2.7 runner.py error_hpcc 8> was submitted from host <login01.hpc.ncsu.edu> by user <zyu9> in cluster <henry2> at Tue Jan 30 18:08:16 2018.
Job was executed on host(s) <2*n2e2-14>, in queue <single_chassis>, as user <zyu9> in cluster <henry2> at Tue Jan 30 18:08:18 2018.
</home/zyu9> was used as the home directory.
</home/zyu9/projects/MAR_HPC/Error/src> was used as the working directory.
Started at Tue Jan 30 18:08:18 2018.
Terminated at Tue Jan 30 18:49:38 2018.
Results reported at Tue Jan 30 18:49:38 2018.

Your job looked like:

------------------------------------------------------------
# LSBATCH: User input
/share/tjmenzie/zyu9/miniconda2/bin/python2.7 runner.py error_hpcc 8
------------------------------------------------------------

Successfully completed.

Resource usage summary:

    CPU time :                                   3411.92 sec.
    Max Memory :                                 280.96 MB
    Average Memory :                             225.40 MB
    Total Requested Memory :                     -
    Delta Memory :                               -
    Max Swap :                                   1308 MB
    Max Processes :                              3
    Max Threads :                                8
    Run time :                                   2484 sec.
    Turnaround time :                            2482 sec.

The output (if any) is above this job summary.



PS:

Read file <./err/8.err.629144> for stderr output of this job.

