8: Hall.csv: none: 0, 0
9, 10
12, 20, 135
14, 30, 136
18, 40, 92
22, 50, 89
26, 60, 89
29, 70, 89
32, 80, 89
34, 90, 72
37, 100, 70
43, 110, 71
48, 120, 80
53, 130, 87
56, 140, 95
58, 150, 102
65, 160, 104
67, 170, 127
71, 180, 110
75, 190, 118
78, 200, 124
83, 210, 111
86, 220, 110
90, 230, 107
95, 240, 111
98, 250, 112
100, 260, 119
102, 270, 127
103, 280, 129
106, 290, 125
106, 300, 130
109, 310, 126
110, 320, 128
112, 330, 129
113, 340, 135
116, 350, 132
118, 360, 146
121, 370, 153
123, 380, 173
125, 390, 177
127, 400, 176
129, 410, 191
131, 420, 190
132, 430, 186
132, 440, 185
133, 450, 185
135, 460, 189
137, 470, 186
140, 480, 192
143, 490, 198
143, 500, 208
147, 510, 202
148, 520, 204
150, 530, 212
151, 540, 203
153, 550, 209
153, 560, 210
155, 570, 194
155, 580, 205
156, 590, 203
157, 600, 215
158, 610, 216
159, 620, 220
161, 630, 212
163, 640, 216
164, 650, 207
164, 660, 225
167, 670, 202
167, 680, 213
167, 690, 209
167, 700, 223
167, 710, 208
167, 720, 203
168, 730, 207
169, 740, 214
169, 750, 216
170, 760, 209
170, 770, 211
170, 780, 204
171, 790, 199
171, 800, 202
172, 810, 211
174, 820, 205
174, 830, 212
175, 840, 211
176, 850, 219
177, 860, 209
177, 870, 210
180, 880, 212
180, 890, 223
180, 900, 220
180, 910, 217
181, 920, 213
183, 930, 221
183, 940, 218
184, 950, 217
186, 960, 217
187, 970, 222
188, 980, 230
189, 990, 229
190, 1000, 230
192, 1010, 238
194, 1020, 237
195, 1030, 236
195, 1040, 237
197, 1050, 238
197, 1060, 242
197, 1070, 232
197, 1080, 234
197, 1090, 228
199, 1100, 234
202, 1110, 234
202, 1120, 245
202, 1130, 239
203, 1140, 235
204, 1150, 239
206, 1160, 239
208, 1170, 246
208, 1180, 248
209, 1190, 250
211, 1200, 249
213, 1210, 253
214, 1220, 246
216, 1230, 256
217, 1240, 259
217, 1250, 249
217, 1260, 255
218, 1270, 255
221, 1280, 253
223, 1290, 257
228, 1300, 264
228, 1310, 266
229, 1320, 260
230, 1330, 268
232, 1340, 269
233, 1350, 268
235, 1360, 263
236, 1370, 275
238, 1380, 272
238, 1390, 276
238, 1400, 273
240, 1410, 272
242, 1420, 279
243, 1430, 283
244, 1440, 281
245, 1450, 283
248, 1460, 278
250, 1470, 297
250, 1480, 300
250, 1490, 294
251, 1500, 294
251, 1510, 294
251, 1520, 296
252, 1530, 289
252, 1540, 286
254, 1550, 291
254, 1560, 297
256, 1570, 296
256, 1580, 295
256, 1590, 294
257, 1600, 295
258, 1610, 293
259, 1620, 297
261, 1630, 294
263, 1640, 301
263, 1650, 297
264, 1660, 296
264, 1670, 299
266, 1680, 296
266, 1690, 304
268, 1700, 298
268, 1710, 297
271, 1720, 310
275, 1730, 310
275, 1740, 318
276, 1750, 315
277, 1760, 318
278, 1770, 321
278, 1780, 320
278, 1790, 312
281, 1800, 314
281, 1810, 312
282, 1820, 310
282, 1830, 315
283, 1840, 316
285, 1850, 313
285, 1860, 318
286, 1870, 316
287, 1880, 318
288, 1890, 318
289, 1900, 315
291, 1910, 318
292, 1920, 323
294, 1930, 322
295, 1940, 329
295, 1950, 327
296, 1960, 324
296, 1970, 328
299, 1980, 327
300, 1990, 330
301, 2000, 331
303, 2010, 337
304, 2020, 331
305, 2030, 339
305, 2040, 344
306, 2050, 336
308, 2060, 337
308, 2070, 341
309, 2080, 341
312, 2090, 338
314, 2100, 347
316, 2110, 350
317, 2120, 346
320, 2130, 349
322, 2140, 347
322, 2150, 348
323, 2160, 350
323, 2170, 350
324, 2180, 349
324, 2190, 349
325, 2200, 352
325, 2210, 349
326, 2220, 351
327, 2230, 352
329, 2240, 354
330, 2250, 352
330, 2260, 359
330, 2270, 354
331, 2280, 355
333, 2290, 355
334, 2300, 359
335, 2310, 362
336, 2320, 360
336, 2330, 363
339, 2340, 362
339, 2350, 365
340, 2360, 369
341, 2370, 368
342, 2380, 373
342, 2390, 371
343, 2400, 371
345, 2410, 369
345, 2420, 372
346, 2430, 371
346, 2440, 374
346, 2450, 372
347, 2460, 374
348, 2470, 371
348, 2480, 371
349, 2490, 372
349, 2500, 373
351, 2510, 372
352, 2520, 377
353, 2530, 375
355, 2540, 377
357, 2550, 383
357, 2560, 387
357, 2570, 384
358, 2580, 380
358, 2590, 384
359, 2600, 387
360, 2610, 383
361, 2620, 387
362, 2630, 387
362, 2640, 386
363, 2650, 390
364, 2660, 388
366, 2670, 386
369, 2680, 393
369, 2690, 393
370, 2700, 390
370, 2710, 392
370, 2720, 394
371, 2730, 392
372, 2740, 393
372, 2750, 393
372, 2760, 396
373, 2770, 394
375, 2780, 395
375, 2790, 396
375, 2800, 397
377, 2810, 397
380, 2820, 400
{'count': 2820, 'truepos': 92, 'falseneg': 9, 'unknownyes': 5, 'falsepos': 288, 'unique': 2820}
8: Hall.csv: three: 0, 0
8, 10
11, 20, 122
15, 30, 122
20, 40, 100
26, 50, 98
31, 60, 102
37, 70, 79
37, 80, 97
41, 90, 78
44, 100, 84
49, 110, 80
55, 120, 90
59, 130, 101
61, 140, 97
66, 150, 91
71, 160, 94
76, 170, 95
80, 180, 98
84, 190, 104
84, 200, 110
89, 210, 98
92, 220, 111
97, 230, 107
100, 240, 114
100, 250, 120
102, 260, 122
104, 270, 117
107, 280, 118
107, 290, 121
107, 300, 120
109, 310, 122
109, 320, 124
109, 330, 126
109, 340, 120
110, 350, 121
110, 360, 123
111, 370, 120
111, 380, 122
111, 390, 120
112, 400, 121
112, 410, 120
112, 420, 123
113, 430, 121
113, 440, 122
113, 450, 122
114, 460, 120
114, 470, 124
114, 480, 126
114, 490, 121
114, 500, 122
{'count': 1092, 'truepos': 101, 'falseneg': 0, 'unknownyes': 5, 'falsepos': 13, 'unique': 500}
8: Hall.csv: machine: 0, 0
8, 10
12, 20, 122
17, 30, 147
26, 40, 114
30, 50, 121
32, 60, 91
['yes' 'yes' 'yes' 'yes' 'no' 'no' 'yes' 'yes' 'yes' 'yes']
['no' 'no' 'no' 'no' 'no' 'no' 'no' 'no' 'no' 'no']
30, 60, 91
35, 70, 71
39, 80, 81
43, 90, 84
47, 100, 87
50, 110, 93
['yes' 'yes' 'yes' 'yes' 'yes' 'no' 'yes' 'yes' 'yes' 'no']
['no' 'no' 'yes' 'no' 'no' 'no' 'no' 'no' 'no' 'no']
49, 110, 93
54, 120, 83
59, 130, 84
60, 140, 91
64, 150, 87
66, 160, 92
['yes' 'yes' 'yes' 'yes' 'yes' 'no' 'yes' 'yes' 'yes' 'yes']
['no' 'no' 'no' 'no' 'no' 'no' 'no' 'no' 'no' 'no']
64, 160, 92
65, 170, 89
71, 180, 83
74, 190, 85
81, 200, 89
83, 210, 101
['yes' 'yes' 'no' 'yes' 'yes' 'yes' 'yes' 'no' 'yes' 'yes']
['no' 'no' 'no' 'no' 'yes' 'no' 'no' 'no' 'no' 'no']
83, 210, 101
85, 220, 96
87, 230, 97
89, 240, 98
91, 250, 99
94, 260, 101
['no' 'no' 'no' 'yes' 'yes' 'yes' 'yes' 'yes' 'yes' 'no']
['no' 'no' 'no' 'no' 'no' 'yes' 'no' 'no' 'no' 'no']
90, 260, 101
93, 270, 103
95, 280, 107
96, 290, 106
97, 300, 108
98, 310, 110
['no' 'no' 'yes' 'no' 'no' 'yes' 'yes' 'yes' 'yes' 'yes']
['no' 'no' 'no' 'no' 'no' 'no' 'no' 'no' 'no' 'yes']
96, 310, 110
97, 320, 107
100, 330, 106
100, 340, 111
102, 350, 110
104, 360, 109
['yes' 'no' 'yes' 'yes' 'no' 'yes' 'yes' 'yes' 'yes' 'yes']
['no' 'no' 'no' 'yes' 'no' 'no' 'no' 'no' 'no' 'yes']
['yes' 'yes' 'no' 'no' 'yes' 'yes' 'no' 'yes' 'no' 'yes']
['no' 'no' 'no' 'yes' 'yes' 'no' 'no' 'no' 'yes' 'no']
{'count': 500, 'truepos': 94, 'falseneg': 4, 'unknownyes': 8, 'falsepos': 10, 'unique': 360}
8: Hall.csv: machine2: 0, 0
8, 10
12, 20, 125
15, 30, 139
18, 40, 109
23, 50, 97
32, 60, 90
['yes' 'yes' 'no' 'no' 'yes' 'yes' 'yes' 'yes' 'yes' 'yes']
['no' 'no' 'no' 'no' 'no' 'no' 'no' 'no' 'no' 'no']
30, 60, 90
36, 70, 94
41, 80, 93
45, 90, 98
46, 100, 103
53, 110, 91
['yes' 'yes' 'no' 'yes' 'yes' 'yes' 'no' 'yes' 'no' 'no']
['no' 'no' 'no' 'no' 'no' 'no' 'no' 'no' 'no' 'no']
52, 110, 91
54, 120, 101
59, 130, 93
65, 140, 104
67, 150, 116
70, 160, 110
['yes' 'no' 'yes' 'yes' 'yes' 'no' 'yes' 'yes' 'yes' 'yes']
['yes' 'no' 'no' 'no' 'no' 'no' 'no' 'no' 'no' 'no']
72, 160, 110
75, 170, 114
79, 180, 103
82, 190, 103
83, 200, 106
89, 210, 103
['no' 'no' 'yes' 'yes' 'yes' 'yes' 'no' 'yes' 'yes' 'yes']
['no' 'no' 'no' 'no' 'no' 'yes' 'no' 'no' 'no' 'no']
87, 210, 103
93, 220, 102
96, 230, 108
100, 240, 111
103, 250, 116
104, 260, 131
['no' 'yes' 'no' 'yes' 'yes' 'no' 'no' 'yes' 'no' 'no']
['no' 'no' 'no' 'no' 'no' 'no' 'no' 'no' 'no' 'no']
101, 260, 131
104, 270, 123
105, 280, 125
108, 290, 121
108, 300, 130
110, 310, 124
['yes' 'yes' 'yes' 'no' 'no' 'yes' 'yes' 'no' 'yes' 'yes']
['no' 'no' 'no' 'no' 'no' 'no' 'no' 'no' 'no' 'no']
110, 310, 124
115, 320, 127
115, 330, 141
117, 340, 134
117, 350, 137
119, 360, 137
['yes' 'no' 'yes' 'no' 'no' 'no' 'no' 'yes' 'no' 'no']
['no' 'no' 'no' 'no' 'no' 'no' 'no' 'no' 'no' 'no']
115, 360, 137
116, 370, 132
117, 380, 131
117, 390, 132
120, 400, 131
121, 410, 136
['yes' 'no' 'no' 'yes' 'yes' 'no' 'yes' 'no' 'no' 'yes']
['no' 'no' 'yes' 'no' 'no' 'no' 'no' 'no' 'no' 'no']
118, 410, 136
120, 420, 130
121, 430, 131
122, 440, 133
123, 450, 134
125, 460, 133
['no' 'no' 'no' 'no' 'no' 'no' 'yes' 'no' 'yes' 'yes']
['no' 'no' 'no' 'no' 'no' 'no' 'no' 'no' 'no' 'no']
121, 460, 133
125, 470, 131
125, 480, 137
125, 490, 136
125, 500, 135
126, 510, 134
['yes' 'no' 'no' 'no' 'no' 'yes' 'yes' 'no' 'yes' 'yes']
['no' 'no' 'no' 'no' 'no' 'no' 'no' 'no' 'no' 'no']
125, 510, 134
126, 520, 134
127, 530, 133
127, 540, 136
['no' 'no' 'yes' 'no' 'no' 'yes' 'no' 'no' 'yes' 'no']
['no' 'no' 'no' 'no' 'no' 'no' 'no' 'no' 'no' 'no']
{'count': 803, 'truepos': 98, 'falseneg': 4, 'unknownyes': 4, 'falsepos': 24, 'unique': 540}
8: Hall.csv: machine3: 0, 0
6, 10
7, 20, 100
7, 30, 103
11, 40, 95
14, 50, 99
19, 60, 88
null
['no' 'no' 'no']
19, 60, 88
23, 70, 86
28, 80, 79
35, 90, 84
38, 100, 76
40, 110, 76
null
['no' 'no' 'yes' 'yes' 'no' 'yes' 'no' 'no' 'no' 'no']
40, 110, 76
44, 120, 72
48, 130, 77
53, 140, 79
56, 150, 83
56, 160, 92
null
['no' 'no' 'no' 'yes' 'yes' 'no' 'no' 'no' 'no' 'no']
58, 160, 92
60, 170, 77
63, 180, 87
64, 190, 79
68, 200, 80
70, 210, 89
null
['no' 'no' 'yes' 'no' 'no' 'yes' 'no' 'no' 'no' 'no']
72, 210, 89
74, 220, 100
77, 230, 89
80, 240, 91
82, 250, 96
85, 260, 96
null
['no' 'no' 'no' 'no' 'no' 'no' 'no' 'no' 'no' 'no']
85, 260, 96
88, 270, 98
88, 280, 107
88, 290, 108
88, 300, 107
88, 310, 106
null
['no' 'no' 'yes' 'no' 'yes' 'no' 'no' 'no' 'no' 'no']
90, 310, 106
93, 320, 102
93, 330, 106
93, 340, 104
93, 350, 106
93, 360, 102
null
['no' 'no' 'no' 'no' 'no' 'no' 'no' 'yes' 'no' 'yes']
95, 360, 102
95, 370, 106
95, 380, 107
96, 390, 106
96, 400, 108
97, 410, 109
null
['no' 'no' 'no' 'yes' 'no' 'yes' 'no' 'no' 'no' 'no']
98, 410, 109
98, 420, 112
98, 430, 111
98, 440, 108
99, 450, 107
99, 460, 109
null
['no' 'yes' 'no' 'no' 'no' 'no' 'no' 'no' 'no' 'no']
100, 460, 109
101, 470, 110
101, 480, 109
101, 490, 112
101, 500, 111
101, 510, 108
null
['no' 'no' 'no' 'no' 'no' 'no' 'no' 'no' 'no' 'no']
101, 510, 108
101, 520, 110
101, 530, 108
101, 540, 110
101, 550, 108
101, 560, 108
null
['no' 'no' 'no' 'no' 'no' 'no' 'no' 'no' 'no' 'no']
101, 560, 108
101, 570, 109
101, 580, 109
101, 590, 108
101, 600, 107
101, 610, 107
null
['no' 'no' 'no' 'no' 'no' 'no' 'no' 'no' 'no' 'no']
101, 610, 107
101, 620, 109
101, 630, 107
103, 640, 110
103, 650, 110
103, 660, 109
null
['no' 'no' 'no' 'no' 'no' 'no' 'no' 'no' 'no' 'no']
103, 660, 109
103, 670, 110
103, 680, 109
103, 690, 109
103, 700, 111
103, 710, 109
null
['no' 'no' 'no' 'no' 'no' 'no' 'no' 'no' 'no' 'no']
103, 710, 109
103, 720, 109
null
['no' 'no' 'no' 'no' 'no' 'no' 'no' 'no' 'no' 'no']
{'count': 1111, 'truepos': 94, 'falseneg': 8, 'unknownyes': 4, 'falsepos': 9, 'unique': 720}
8: Wahono.csv: none: 0, 0
5, 10
8, 20, 101
9, 30, 102
11, 40, 93
16, 50, 98
17, 60, 91
20, 70, 84
22, 80, 79
23, 90, 73
23, 100, 62
24, 110, 51
26, 120, 50
28, 130, 52
31, 140, 54
33, 150, 53
34, 160, 57
35, 170, 54
38, 180, 59
41, 190, 67
42, 200, 73
45, 210, 67
49, 220, 77
52, 230, 99
55, 240, 103
56, 250, 104
57, 260, 110
59, 270, 104
60, 280, 113
60, 290, 112
61, 300, 102
61, 310, 100
62, 320, 109
64, 330, 106
65, 340, 113
66, 350, 119
66, 360, 99
67, 370, 99
68, 380, 111
70, 390, 112
71, 400, 122
72, 410, 130
73, 420, 106
74, 430, 121
75, 440, 112
75, 450, 119
76, 460, 126
79, 470, 114
81, 480, 128
81, 490, 125
83, 500, 122
85, 510, 117
87, 520, 113
87, 530, 115
88, 540, 124
88, 550, 119
88, 560, 118
89, 570, 119
89, 580, 118
91, 590, 118
93, 600, 122
95, 610, 124
95, 620, 131
95, 630, 121
95, 640, 122
95, 650, 123
97, 660, 122
98, 670, 124
99, 680, 125
101, 690, 127
102, 700, 129
103, 710, 121
104, 720, 127
105, 730, 127
106, 740, 130
107, 750, 127
107, 760, 127
107, 770, 133
109, 780, 125
109, 790, 129
112, 800, 128
112, 810, 133
113, 820, 136
113, 830, 135
113, 840, 131
113, 850, 132
117, 860, 133
117, 870, 141
119, 880, 140
119, 890, 141
122, 900, 143
123, 910, 147
124, 920, 144
124, 930, 149
125, 940, 144
125, 950, 145
128, 960, 145
131, 970, 146
131, 980, 154
132, 990, 152
133, 1000, 157
133, 1010, 155
133, 1020, 156
133, 1030, 156
136, 1040, 153
136, 1050, 157
136, 1060, 157
137, 1070, 152
137, 1080, 154
137, 1090, 153
139, 1100, 155
139, 1110, 156
141, 1120, 158
141, 1130, 165
141, 1140, 158
142, 1150, 161
142, 1160, 163
143, 1170, 162
144, 1180, 163
145, 1190, 164
145, 1200, 165
147, 1210, 162
148, 1220, 171
149, 1230, 170
149, 1240, 165
149, 1250, 167
151, 1260, 164
152, 1270, 172
152, 1280, 171
152, 1290, 169
153, 1300, 171
153, 1310, 175
154, 1320, 169
155, 1330, 175
155, 1340, 172
156, 1350, 169
158, 1360, 174
158, 1370, 176
159, 1380, 177
161, 1390, 175
161, 1400, 184
165, 1410, 181
167, 1420, 187
169, 1430, 190
170, 1440, 194
171, 1450, 194
171, 1460, 195
172, 1470, 194
173, 1480, 193
174, 1490, 198
176, 1500, 194
179, 1510, 197
181, 1520, 202
181, 1530, 203
181, 1540, 213
183, 1550, 205
186, 1560, 206
186, 1570, 212
187, 1580, 209
187, 1590, 210
188, 1600, 215
188, 1610, 211
189, 1620, 214
190, 1630, 212
193, 1640, 215
194, 1650, 216
195, 1660, 221
195, 1670, 219
196, 1680, 219
196, 1690, 222
198, 1700, 224
198, 1710, 222
200, 1720, 222
201, 1730, 226
201, 1740, 226
202, 1750, 223
203, 1760, 229
203, 1770, 230
204, 1780, 227
206, 1790, 225
208, 1800, 227
209, 1810, 233
210, 1820, 233
215, 1830, 234
217, 1840, 243
218, 1850, 241
218, 1860, 243
219, 1870, 242
220, 1880, 245
222, 1890, 241
222, 1900, 243
224, 1910, 242
227, 1920, 248
227, 1930, 253
228, 1940, 253
228, 1950, 253
228, 1960, 253
229, 1970, 253
231, 1980, 254
231, 1990, 251
231, 2000, 255
232, 2010, 257
234, 2020, 254
235, 2030, 256
236, 2040, 255
237, 2050, 256
239, 2060, 257
240, 2070, 258
241, 2080, 262
243, 2090, 261
243, 2100, 268
243, 2110, 265
243, 2120, 263
243, 2130, 262
243, 2140, 263
245, 2150, 263
246, 2160, 263
246, 2170, 266
247, 2180, 265
248, 2190, 266
248, 2200, 267
248, 2210, 266
249, 2220, 265
249, 2230, 269
249, 2240, 266
252, 2250, 265
252, 2260, 272
254, 2270, 271
255, 2280, 274
255, 2290, 276
255, 2300, 277
255, 2310, 275
256, 2320, 275
258, 2330, 276
260, 2340, 281
260, 2350, 280
261, 2360, 282
263, 2370, 284
263, 2380, 285
264, 2390, 287
264, 2400, 285
264, 2410, 287
264, 2420, 284
265, 2430, 284
266, 2440, 286
267, 2450, 286
269, 2460, 290
270, 2470, 291
271, 2480, 292
272, 2490, 294
272, 2500, 296
274, 2510, 294
275, 2520, 296
278, 2530, 301
279, 2540, 303
280, 2550, 302
281, 2560, 305
283, 2570, 306
287, 2580, 308
287, 2590, 324
287, 2600, 316
288, 2610, 321
290, 2620, 320
291, 2630, 317
291, 2640, 318
292, 2650, 321
293, 2660, 321
293, 2670, 322
293, 2680, 325
296, 2690, 324
298, 2700, 325
299, 2710, 325
302, 2720, 328
303, 2730, 330
305, 2740, 332
307, 2750, 332
308, 2760, 336
308, 2770, 337
309, 2780, 334
310, 2790, 336
311, 2800, 339
311, 2810, 341
312, 2820, 340
312, 2830, 339
314, 2840, 342
317, 2850, 343
319, 2860, 344
320, 2870, 348
320, 2880, 352
320, 2890, 347
321, 2900, 348
322, 2910, 350
322, 2920, 355
325, 2930, 350
326, 2940, 351
327, 2950, 352
328, 2960, 355
330, 2970, 351
331, 2980, 353
332, 2990, 353
334, 3000, 355
335, 3010, 356
336, 3020, 356
338, 3030, 360
338, 3040, 360
340, 3050, 358
340, 3060, 360
342, 3070, 361
342, 3080, 362
343, 3090, 362
{'count': 3090, 'truepos': 54, 'falseneg': 6, 'unknownyes': 2, 'falsepos': 289, 'unique': 3090}
8: Wahono.csv: three: 0, 0
6, 10
7, 20, 102
10, 30, 99
13, 40, 106
16, 50, 92
17, 60, 87
18, 70, 75
21, 80, 65
23, 90, 64
24, 100, 57
26, 110, 51
28, 120, 51
30, 130, 53
34, 140, 59
35, 150, 77
35, 160, 80
39, 170, 68
40, 180, 78
40, 190, 76
41, 200, 69
42, 210, 72
45, 220, 68
45, 230, 80
45, 240, 71
45, 250, 77
46, 260, 78
46, 270, 72
47, 280, 68
48, 290, 74
49, 300, 67
50, 310, 71
50, 320, 71
50, 330, 72
51, 340, 69
52, 350, 70
52, 360, 76
53, 370, 82
55, 380, 75
56, 390, 79
56, 400, 90
56, 410, 80
56, 420, 81
56, 430, 88
56, 440, 76
56, 450, 79
56, 460, 83
56, 470, 74
57, 480, 73
58, 490, 82
59, 500, 76
59, 510, 76
61, 520, 76
61, 530, 78
61, 540, 73
61, 550, 81
61, 560, 79
61, 570, 79
61, 580, 79
61, 590, 74
62, 600, 72
62, 610, 77
63, 620, 72
64, 630, 74
65, 640, 76
66, 650, 75
67, 660, 77
68, 670, 78
68, 680, 81
68, 690, 80
69, 700, 77
69, 710, 82
70, 720, 81
71, 730, 82
71, 740, 83
71, 750, 81
71, 760, 81
71, 770, 82
71, 780, 81
72, 790, 81
73, 800, 83
73, 810, 81
73, 820, 83
73, 830, 82
74, 840, 82
74, 850, 82
74, 860, 81
74, 870, 81
75, 880, 82
75, 890, 84
76, 900, 83
77, 910, 84
77, 920, 85
78, 930, 86
78, 940, 85
78, 950, 87
78, 960, 86
79, 970, 86
79, 980, 88
79, 990, 87
79, 1000, 86
79, 1010, 86
79, 1020, 86
80, 1030, 87
80, 1040, 87
81, 1050, 88
82, 1060, 89
82, 1070, 91
82, 1080, 90
83, 1090, 88
84, 1100, 91
84, 1110, 93
84, 1120, 92
84, 1130, 92
84, 1140, 92
85, 1150, 92
85, 1160, 93
86, 1170, 92
86, 1180, 93
86, 1190, 94
86, 1200, 93
86, 1210, 92
86, 1220, 93
87, 1230, 92
88, 1240, 93
88, 1250, 95
88, 1260, 96
88, 1270, 97
89, 1280, 95
90, 1290, 96
90, 1300, 99
91, 1310, 98
91, 1320, 97
92, 1330, 99
92, 1340, 99
92, 1350, 99
92, 1360, 99
92, 1370, 98
93, 1380, 98
93, 1390, 98
93, 1400, 98
95, 1410, 99
95, 1420, 102
96, 1430, 101
96, 1440, 102
97, 1450, 102
98, 1460, 104
98, 1470, 104
98, 1480, 105
98, 1490, 104
{'count': 3258, 'truepos': 58, 'falseneg': 2, 'unknownyes': 2, 'falsepos': 40, 'unique': 1490}
8: Wahono.csv: machine: 0, 0
6, 10
8, 20, 100
8, 30, 98
13, 40, 95
15, 50, 108
20, 60, 90
['yes' 'yes' 'yes' 'yes' 'yes' 'yes' 'yes' 'yes' 'yes' 'yes']
['no']
17, 60, 90
20, 70, 93
21, 80, 91
22, 90, 83
25, 100, 73
26, 110, 74
['yes' 'no' 'yes' 'yes' 'no' 'no' 'no' 'yes' 'yes' 'yes']
[]
22, 110, 74
23, 120, 80
25, 130, 69
27, 140, 62
28, 150, 65
28, 160, 62
['no' 'yes' 'yes' 'no' 'yes' 'no' 'yes' 'yes' 'no' 'no']
[]
23, 160, 62
28, 170, 57
30, 180, 65
33, 190, 51
38, 200, 58
40, 210, 72
['no' 'no' 'yes' 'no' 'no' 'no' 'yes' 'yes' 'yes' 'yes']
['no' 'no' 'no' 'no' 'no' 'yes' 'no' 'no' 'no' 'no']
37, 210, 72
40, 220, 72
41, 230, 77
46, 240, 73
48, 250, 91
50, 260, 83
['no' 'yes' 'no' 'no' 'no' 'yes' 'yes' 'yes' 'no' 'yes']
['no' 'no' 'no' 'no' 'no' 'yes' 'no' 'no' 'no' 'no']
46, 260, 83
47, 270, 81
49, 280, 80
50, 290, 90
51, 300, 88
54, 310, 87
['no' 'yes' 'no' 'yes' 'no' 'yes' 'no' 'no' 'yes' 'no']
['no' 'no' 'no' 'no' 'no' 'no' 'no' 'no' 'yes' 'no']
49, 310, 87
50, 320, 77
52, 330, 72
54, 340, 74
55, 350, 77
56, 360, 72
['yes' 'no' 'yes' 'no' 'no' 'no' 'yes' 'no' 'no' 'no']
['no' 'no' 'no' 'no' 'no' 'no' 'no' 'no' 'no' 'no']
49, 360, 72
55, 370, 66
57, 380, 74
60, 390, 73
60, 400, 76
60, 410, 77
['no' 'yes' 'no' 'yes' 'yes' 'no' 'no' 'yes' 'no' 'no']
['no' 'no' 'no' 'no' 'no' 'no' 'no' 'no' 'no' 'no']
56, 410, 77
57, 420, 67
59, 430, 70
60, 440, 71
62, 450, 72
62, 460, 73
['no' 'no' 'no' 'no' 'no' 'yes' 'no' 'yes' 'no' 'no']
['no' 'no' 'no' 'no' 'no' 'no' 'no' 'no' 'no' 'no']
55, 460, 73
56, 470, 64
56, 480, 68
57, 490, 66
58, 500, 66
58, 510, 68
['no' 'no' 'yes' 'no' 'yes' 'no' 'yes' 'no' 'no' 'no']
['no' 'no' 'no' 'no' 'no' 'no' 'no' 'yes' 'no' 'no']
52, 510, 68
54, 520, 61
55, 530, 64
56, 540, 64
57, 550, 66
57, 560, 70
['no' 'no' 'no' 'no' 'no' 'no' 'no' 'yes' 'yes' 'yes']
['yes' 'no' 'no' 'no' 'no' 'no' 'no' 'no' 'no' 'no']
52, 560, 70
52, 570, 61
52, 580, 60
53, 590, 59
55, 600, 62
56, 610, 63
['no' 'no' 'no' 'no' 'yes' 'no']
['no' 'no' 'no' 'no' 'no' 'no' 'no' 'no' 'no' 'no']
51, 610, 63
53, 620, 59
53, 630, 62
55, 640, 61
57, 650, 64
58, 660, 67
['no' 'no' 'no' 'no' 'no' 'yes' 'no']
['no' 'no' 'no' 'no' 'no' 'no' 'no' 'no' 'no' 'no']
53, 660, 67
53, 670, 61
54, 680, 60
54, 690, 60
57, 700, 61
57, 710, 66
['no' 'no' 'yes' 'no' 'no']
['no' 'no' 'no' 'no' 'no' 'no' 'yes' 'no' 'no' 'no']
56, 710, 66
56, 720, 63
56, 730, 63
57, 740, 63
58, 750, 63
59, 760, 65
['no' 'no' 'no' 'no']
['no' 'no' 'no' 'no' 'no' 'no' 'no' 'no' 'no' 'no']
59, 760, 65
59, 770, 65
61, 780, 65
62, 790, 68
64, 800, 69
64, 810, 72
['no' 'yes' 'no' 'no' 'yes' 'no' 'no' 'no' 'no']
['no' 'no' 'no' 'yes' 'no' 'no' 'no' 'no' 'no' 'no']
61, 810, 72
61, 820, 67
62, 830, 68
62, 840, 69
63, 850, 69
65, 860, 70
['no' 'no' 'no' 'no' 'yes' 'no' 'no']
['no' 'no' 'no' 'no' 'no' 'no' 'no' 'no' 'no' 'no']
61, 860, 70
62, 870, 66
64, 880, 69
65, 890, 69
66, 900, 72
66, 910, 72
['no' 'no' 'no' 'no' 'no' 'no']
['no' 'no' 'no' 'no' 'no' 'no' 'no' 'no' 'no' 'no']
62, 910, 72
65, 920, 67
66, 930, 71
68, 940, 73
69, 950, 77
69, 960, 76
['no' 'no' 'no' 'no' 'no' 'no' 'no' 'no' 'no']
['no' 'no' 'no' 'no' 'no' 'no' 'no' 'no' 'no' 'no']
62, 960, 76
63, 970, 67
64, 980, 68
65, 990, 69
66, 1000, 71
69, 1010, 73
['no' 'no' 'yes' 'no' 'no' 'no' 'no' 'no' 'no']
['no' 'no' 'no' 'no' 'no' 'no' 'no' 'yes' 'no' 'no']
62, 1010, 73
62, 1020, 67
62, 1030, 66
63, 1040, 67
64, 1050, 68
64, 1060, 69
['no' 'no' 'yes']
['no' 'no' 'no' 'no' 'no' 'no' 'no' 'no' 'no' 'no']
65, 1060, 69
66, 1070, 70
68, 1080, 71
68, 1090, 75
68, 1100, 74
69, 1110, 73
['no' 'no' 'no' 'no' 'no' 'no']
['no' 'no' 'no' 'no' 'no' 'no' 'no' 'no' 'no' 'no']
66, 1110, 73
69, 1120, 71
69, 1130, 76
70, 1140, 76
72, 1150, 77
74, 1160, 80
['no' 'no' 'no' 'no' 'no' 'no' 'no' 'no' 'no' 'no']
['no' 'no' 'no' 'no' 'no' 'no' 'no' 'no' 'no' 'no']
64, 1160, 80
65, 1170, 68
65, 1180, 70
65, 1190, 69
66, 1200, 69
66, 1210, 70
['no' 'no']
['no' 'no' 'no' 'no' 'no' 'no' 'no' 'no' 'no' 'no']
64, 1210, 70
67, 1220, 69
67, 1230, 72
67, 1240, 71
68, 1250, 72
['no' 'no' 'no' 'no']
['no' 'no' 'no' 'no' 'no' 'no' 'no' 'no' 'no' 'no']
{'count': 1668, 'truepos': 56, 'falseneg': 3, 'unknownyes': 3, 'falsepos': 9, 'unique': 1250}
8: Wahono.csv: machine2: 0, 0
7, 10
10, 20, 107
12, 30, 123
16, 40, 94
20, 50, 87
21, 60, 93
['yes' 'yes' 'yes' 'yes' 'yes' 'yes' 'yes' 'yes' 'yes' 'yes']
['no']
21, 60, 93
22, 70, 86
23, 80, 84
26, 90, 82
27, 100, 83
30, 110, 75
['no' 'no' 'no' 'yes' 'no' 'no' 'yes' 'no' 'yes' 'yes']
['no' 'no' 'no' 'no' 'no' 'no' 'no' 'no' 'no' 'no']
26, 110, 75
28, 120, 76
30, 130, 71
31, 140, 62
34, 150, 63
37, 160, 64
['yes' 'yes' 'yes' 'no' 'no' 'yes' 'yes' 'yes' 'no' 'no']
['no' 'no' 'no' 'no' 'no' 'no' 'no' 'no' 'no' 'yes']
36, 160, 64
37, 170, 76
39, 180, 65
41, 190, 65
44, 200, 68
44, 210, 81
['no' 'no' 'yes' 'no' 'no' 'yes' 'yes' 'yes' 'yes' 'yes']
['no' 'no' 'no' 'no' 'no' 'no' 'no' 'no' 'no' 'no']
40, 210, 81
40, 220, 66
42, 230, 62
45, 240, 65
47, 250, 68
50, 260, 70
['no' 'no' 'yes' 'no' 'yes' 'no' 'no' 'no' 'no' 'no']
['no' 'no' 'no' 'no' 'no' 'no' 'no' 'no' 'no' 'no']
45, 260, 70
48, 270, 64
51, 280, 71
51, 290, 77
53, 300, 82
53, 310, 87
['no' 'no' 'yes' 'no' 'no' 'no' 'no' 'no' 'yes' 'yes']
['no' 'no' 'no' 'no' 'no' 'no' 'no' 'no' 'no' 'no']
47, 310, 87
48, 320, 70
50, 330, 75
52, 340, 73
54, 350, 86
54, 360, 83
['no' 'no' 'no' 'no' 'no' 'yes' 'no' 'no' 'no' 'yes']
['no' 'no' 'no' 'no' 'no' 'no' 'no' 'no' 'no' 'no']
51, 360, 83
53, 370, 75
54, 380, 84
55, 390, 83
56, 400, 86
56, 410, 89
['no' 'no' 'no' 'no' 'no' 'yes' 'yes' 'yes' 'yes' 'yes']
['no' 'no' 'no' 'no' 'no' 'no' 'no' 'no' 'no' 'no']
53, 410, 89
54, 420, 72
56, 430, 75
57, 440, 75
58, 450, 81
61, 460, 79
['yes' 'yes' 'no' 'no' 'yes' 'no' 'yes' 'yes' 'yes' 'yes']
['yes' 'no' 'no' 'no' 'no' 'no' 'no' 'no' 'no' 'no']
61, 460, 79
62, 470, 78
63, 480, 84
63, 490, 85
63, 500, 77
65, 510, 83
['no' 'no' 'no' 'no' 'no' 'no' 'no' 'yes' 'no']
['no' 'no' 'no' 'no' 'no' 'no' 'no' 'no' 'no' 'no']
59, 510, 83
59, 520, 74
59, 530, 78
60, 540, 71
62, 550, 77
66, 560, 76
['no' 'no' 'no' 'no' 'no' 'yes' 'no' 'no' 'no']
['no' 'no' 'no' 'no' 'no' 'no' 'no' 'no' 'no' 'no']
63, 560, 76
64, 570, 79
64, 580, 80
64, 590, 81
66, 600, 83
67, 610, 83
['no' 'no' 'no' 'no' 'no' 'no' 'yes']
['no' 'no' 'no' 'no' 'no' 'no' 'no' 'no' 'no' 'no']
62, 610, 83
62, 620, 73
63, 630, 78
64, 640, 77
66, 650, 77
68, 660, 79
['no' 'no' 'yes' 'no' 'no' 'no' 'no']
['no' 'no' 'yes' 'no' 'no' 'no' 'no' 'no' 'no' 'no']
63, 660, 79
63, 670, 78
65, 680, 73
65, 690, 76
65, 700, 76
66, 710, 75
['no' 'yes' 'yes' 'yes']
['no' 'no' 'no' 'no' 'no' 'no' 'no' 'no' 'no' 'no']
67, 710, 75
68, 720, 75
69, 730, 75
73, 740, 78
74, 750, 90
75, 760, 86
['no' 'no' 'no' 'no' 'no' 'no' 'no' 'no' 'no' 'no']
['no' 'no' 'no' 'no' 'no' 'no' 'no' 'no' 'no' 'no']
65, 760, 86
68, 770, 74
70, 780, 80
70, 790, 80
70, 800, 82
70, 810, 81
['no' 'yes' 'no' 'no' 'no']
['no' 'no' 'no' 'no' 'no' 'no' 'no' 'no' 'no' 'no']
67, 810, 81
70, 820, 75
72, 830, 80
72, 840, 83
72, 850, 84
73, 860, 81
['no' 'no' 'no' 'no' 'no' 'no' 'no']
['no' 'no' 'no' 'no' 'no' 'no' 'no' 'no' 'no' 'no']
68, 860, 81
70, 870, 77
71, 880, 79
73, 890, 80
74, 900, 81
74, 910, 84
['no' 'no' 'no' 'no' 'no' 'no']
['no' 'no' 'no' 'no' 'no' 'no' 'no' 'no' 'no' 'no']
70, 910, 84
71, 920, 78
71, 930, 79
73, 940, 79
73, 950, 81
75, 960, 81
['no' 'no' 'no' 'no' 'no' 'no']
['no' 'no' 'no' 'no' 'no' 'no' 'no' 'no' 'no' 'no']
70, 960, 81
70, 970, 77
71, 980, 77
74, 990, 79
76, 1000, 82
77, 1010, 84
['no' 'no' 'yes' 'yes' 'no' 'no' 'yes']
['no' 'no' 'no' 'no' 'no' 'no' 'no' 'no' 'no' 'no']
76, 1010, 84
77, 1020, 84
81, 1030, 85
83, 1040, 94
84, 1050, 96
85, 1060, 97
['no' 'no' 'no' 'no' 'no' 'no' 'no' 'no' 'no' 'no']
['no' 'no' 'no' 'no' 'no' 'no' 'no' 'yes' 'no' 'no']
81, 1060, 97
83, 1070, 94
84, 1080, 96
85, 1090, 97
86, 1100, 96
86, 1110, 99
['no' 'no' 'no' 'no' 'no' 'no' 'no' 'yes']
['no' 'no' 'no' 'no' 'no' 'no' 'no' 'no' 'no' 'no']
83, 1110, 99
85, 1120, 94
86, 1130, 96
88, 1140, 97
89, 1150, 99
90, 1160, 103
['no' 'no' 'no' 'no' 'no' 'no' 'no' 'no']
['no' 'no' 'no' 'no' 'no' 'no' 'no' 'no' 'no' 'no']
83, 1160, 103
84, 1170, 92
86, 1180, 92
88, 1190, 96
88, 1200, 99
88, 1210, 97
['no' 'no' 'no' 'no' 'no']
['no' 'no' 'no' 'no' 'no' 'no' 'no' 'no' 'no' 'no']
85, 1210, 97
86, 1220, 95
86, 1230, 94
88, 1240, 96
88, 1250, 98
89, 1260, 98
['no' 'no' 'no' 'no' 'no']
['no' 'no' 'no' 'no' 'no' 'no' 'no' 'no' 'no' 'no']
87, 1260, 98
88, 1270, 96
88, 1280, 98
88, 1290, 97
89, 1300, 97
90, 1310, 98
['no' 'no' 'no' 'no' 'no']
['no' 'no' 'no' 'no' 'no' 'no' 'no' 'no' 'no' 'no']
85, 1310, 98
87, 1320, 92
88, 1330, 94
90, 1340, 96
90, 1350, 98
91, 1360, 99
['no' 'no' 'no' 'no' 'no' 'no']
['no' 'no' 'no' 'no' 'no' 'no' 'no' 'no' 'no' 'no']
90, 1360, 99
90, 1370, 97
91, 1380, 96
91, 1390, 98
93, 1400, 99
95, 1410, 102
['no' 'no' 'no' 'no' 'no' 'no' 'no' 'no']
['no' 'no' 'no' 'no' 'no' 'no' 'no' 'no' 'no' 'no']
91, 1410, 102
92, 1420, 100
93, 1430, 100
93, 1440, 100
94, 1450, 101
95, 1460, 101
['no' 'no' 'no' 'no']
['no' 'no' 'no' 'no' 'no' 'no' 'no' 'no' 'no' 'no']
93, 1460, 101
94, 1470, 100
95, 1480, 100
95, 1490, 101
96, 1500, 103
97, 1510, 103
['no' 'no' 'no' 'no' 'no' 'no']
['no' 'no' 'no' 'no' 'no' 'no' 'no' 'no' 'no' 'no']
93, 1510, 103
93, 1520, 99
['no' 'no']
['no' 'no' 'no' 'no' 'no' 'no' 'no' 'no' 'no' 'yes']
{'count': 2188, 'truepos': 57, 'falseneg': 2, 'unknownyes': 3, 'falsepos': 36, 'unique': 1520}
8: Wahono.csv: machine3: 0, 0
6, 10
8, 20, 102
9, 30, 104
9, 40, 105
12, 50, 79
17, 60, 68
null
['no']
17, 60, 68
18, 70, 69
18, 80, 62
20, 90, 54
21, 100, 57
22, 110, 52
null
[]
24, 120, 49
25, 130, 49
26, 140, 50
26, 150, 49
27, 160, 48
28, 170, 49
null
['no']
28, 170, 49
29, 180, 50
29, 190, 50
30, 200, 50
32, 210, 47
34, 220, 55
null
['no' 'no' 'no' 'no' 'no' 'no' 'no' 'no' 'no' 'no']
34, 220, 55
36, 230, 60
37, 240, 69
38, 250, 63
39, 260, 65
39, 270, 66
null
['no' 'no' 'no' 'yes' 'no' 'no' 'no' 'no' 'no' 'no']
39, 270, 66
41, 280, 65
42, 290, 65
42, 300, 75
44, 310, 63
45, 320, 67
null
['no' 'yes' 'no' 'no' 'no' 'no' 'no' 'no' 'no' 'no']
46, 320, 67
46, 330, 65
46, 340, 67
47, 350, 64
49, 360, 67
49, 370, 69
null
['no' 'no' 'no' 'no' 'no' 'no' 'no' 'no' 'no' 'no']
50, 370, 69
50, 380, 70
50, 390, 73
51, 400, 72
51, 410, 69
52, 420, 72
null
['no' 'no' 'no' 'no' 'no' 'no' 'no' 'no' 'no' 'no']
52, 420, 72
52, 430, 69
52, 440, 70
52, 450, 67
52, 460, 66
53, 470, 63
null
['no' 'no' 'no' 'no' 'no' 'no' 'no' 'no' 'no' 'yes']
54, 470, 63
55, 480, 69
58, 490, 68
58, 500, 73
58, 510, 75
58, 520, 70
null
['no' 'no' 'no' 'no' 'no' 'no' 'no' 'no' 'no' 'no']
58, 520, 70
58, 530, 71
58, 540, 73
58, 550, 70
58, 560, 71
58, 570, 72
null
['yes' 'no' 'no' 'no' 'no' 'no' 'no' 'no' 'no' 'no']
59, 570, 72
59, 580, 70
60, 590, 71
60, 600, 72
61, 610, 70
61, 620, 70
null
['no' 'no' 'no' 'no' 'no' 'no' 'no' 'no' 'no' 'no']
61, 620, 70
61, 630, 71
62, 640, 72
63, 650, 72
63, 660, 79
63, 670, 76
null
['no' 'no' 'no' 'no' 'no' 'no' 'no' 'no' 'no' 'no']
64, 670, 76
64, 680, 74
65, 690, 75
65, 700, 75
65, 710, 77
66, 720, 75
null
['no' 'no' 'no' 'no' 'no' 'no' 'no' 'no' 'no' 'no']
66, 720, 75
67, 730, 75
68, 740, 78
68, 750, 80
68, 760, 79
68, 770, 78
null
['no' 'no' 'no' 'no' 'no' 'no' 'no' 'no' 'no' 'no']
68, 770, 78
70, 780, 78
70, 790, 79
72, 800, 80
72, 810, 81
72, 820, 83
null
['no' 'no' 'no' 'no' 'no' 'no' 'no' 'no' 'no' 'no']
72, 820, 83
72, 830, 82
72, 840, 82
72, 850, 81
72, 860, 81
73, 870, 80
null
['no' 'no' 'no' 'no' 'no' 'no' 'no' 'no' 'no' 'no']
73, 870, 80
73, 880, 81
73, 890, 81
73, 900, 82
74, 910, 80
74, 920, 81
null
['no' 'no' 'no' 'no' 'no' 'no' 'no' 'no' 'no' 'no']
74, 920, 81
74, 930, 82
74, 940, 82
74, 950, 81
76, 960, 82
77, 970, 86
null
['no' 'no' 'no' 'no' 'no' 'no' 'no' 'no' 'no' 'no']
77, 970, 86
77, 980, 87
77, 990, 85
77, 1000, 88
77, 1010, 86
77, 1020, 86
null
['no' 'no' 'no' 'no' 'no' 'no' 'no' 'no' 'no' 'no']
77, 1020, 86
78, 1030, 86
79, 1040, 88
79, 1050, 87
79, 1060, 87
80, 1070, 87
null
['no' 'no' 'no' 'no' 'no' 'no' 'no' 'no' 'no' 'no']
80, 1070, 87
80, 1080, 88
80, 1090, 88
80, 1100, 87
80, 1110, 87
80, 1120, 88
null
['no' 'no' 'no' 'no' 'no' 'no' 'no' 'no' 'no' 'no']
80, 1120, 88
80, 1130, 88
80, 1140, 87
80, 1150, 88
80, 1160, 86
81, 1170, 88
null
['no' 'no' 'no' 'no' 'no' 'no' 'no' 'no' 'no' 'no']
81, 1170, 88
82, 1180, 88
82, 1190, 89
82, 1200, 89
82, 1210, 88
82, 1220, 89
null
['no' 'no' 'no' 'no' 'no' 'no' 'no' 'no' 'no' 'no']
82, 1220, 89
82, 1230, 88
82, 1240, 89
82, 1250, 87
82, 1260, 89
82, 1270, 88
null
['no' 'no' 'no' 'no' 'no' 'no' 'no' 'no' 'no' 'no']
82, 1270, 88
82, 1280, 89
null
['no' 'no' 'no' 'no' 'no' 'no' 'no' 'no' 'no' 'no']
{'count': 1809, 'truepos': 58, 'falseneg': 1, 'unknownyes': 3, 'falsepos': 25, 'unique': 1280}
8: Danijel.csv: none: 0, 0
3, 10
4, 20, 105
6, 30, 98
8, 40, 89
9, 50, 69
9, 60, 57
13, 70, 48
16, 80, 69
17, 90, 69
19, 100, 57
24, 110, 53
25, 120, 67
28, 130, 59
33, 140, 59
37, 150, 70
38, 160, 75
40, 170, 71
40, 180, 67
42, 190, 67
43, 200, 68
44, 210, 69
45, 220, 70
47, 230, 68
50, 240, 72
52, 250, 80
54, 260, 81
56, 270, 80
57, 280, 85
58, 290, 81
60, 300, 82
60, 310, 82
63, 320, 82
63, 330, 84
65, 340, 84
66, 350, 86
67, 360, 91
68, 370, 95
68, 380, 88
70, 390, 94
70, 400, 92
72, 410, 93
74, 420, 87
75, 430, 101
78, 440, 93
78, 450, 104
79, 460, 108
80, 470, 101
81, 480, 102
83, 490, 106
86, 500, 114
86, 510, 114
86, 520, 114
89, 530, 108
89, 540, 116
91, 550, 111
92, 560, 108
92, 570, 115
95, 580, 110
95, 590, 114
95, 600, 111
96, 610, 112
96, 620, 116
98, 630, 112
100, 640, 112
101, 650, 116
101, 660, 118
103, 670, 120
105, 680, 119
109, 690, 120
110, 700, 126
111, 710, 127
114, 720, 127
114, 730, 131
114, 740, 130
117, 750, 130
118, 760, 134
120, 770, 133
120, 780, 136
121, 790, 135
121, 800, 134
123, 810, 136
123, 820, 138
124, 830, 138
125, 840, 137
125, 850, 136
128, 860, 137
129, 870, 143
130, 880, 143
131, 890, 147
132, 900, 146
133, 910, 149
134, 920, 146
136, 930, 150
137, 940, 149
139, 950, 149
140, 960, 153
141, 970, 155
141, 980, 155
143, 990, 160
143, 1000, 156
144, 1010, 159
145, 1020, 160
145, 1030, 161
146, 1040, 157
147, 1050, 161
150, 1060, 158
151, 1070, 166
151, 1080, 166
151, 1090, 165
151, 1100, 167
153, 1110, 168
155, 1120, 167
157, 1130, 169
157, 1140, 175
158, 1150, 172
160, 1160, 175
160, 1170, 175
160, 1180, 177
160, 1190, 173
160, 1200, 173
163, 1210, 173
163, 1220, 179
163, 1230, 179
163, 1240, 179
166, 1250, 178
166, 1260, 179
166, 1270, 177
166, 1280, 175
167, 1290, 181
170, 1300, 180
172, 1310, 183
173, 1320, 185
174, 1330, 186
175, 1340, 192
178, 1350, 189
181, 1360, 195
181, 1370, 194
181, 1380, 194
181, 1390, 195
182, 1400, 194
184, 1410, 196
185, 1420, 198
186, 1430, 197
187, 1440, 200
190, 1450, 199
192, 1460, 204
194, 1470, 206
195, 1480, 207
196, 1490, 211
198, 1500, 213
199, 1510, 212
199, 1520, 215
201, 1530, 215
203, 1540, 220
203, 1550, 222
203, 1560, 221
204, 1570, 220
206, 1580, 223
206, 1590, 224
208, 1600, 222
208, 1610, 228
210, 1620, 225
210, 1630, 227
212, 1640, 228
213, 1650, 229
214, 1660, 230
214, 1670, 231
214, 1680, 226
214, 1690, 228
215, 1700, 227
216, 1710, 228
217, 1720, 228
217, 1730, 230
218, 1740, 230
220, 1750, 234
221, 1760, 235
221, 1770, 237
223, 1780, 237
223, 1790, 237
224, 1800, 239
226, 1810, 239
228, 1820, 242
228, 1830, 244
231, 1840, 244
232, 1850, 247
234, 1860, 247
235, 1870, 250
236, 1880, 252
239, 1890, 250
239, 1900, 254
239, 1910, 256
239, 1920, 254
241, 1930, 254
243, 1940, 256
243, 1950, 259
246, 1960, 260
246, 1970, 264
247, 1980, 262
249, 1990, 261
251, 2000, 264
252, 2010, 268
253, 2020, 268
254, 2030, 268
{'count': 2030, 'truepos': 42, 'falseneg': 3, 'unknownyes': 3, 'falsepos': 212, 'unique': 2030}
8: Danijel.csv: three: 0, 0
4, 10
6, 20, 118
7, 30, 104
8, 40, 101
10, 50, 98
13, 60, 90
14, 70, 75
16, 80, 75
19, 90, 58
21, 100, 58
22, 110, 58
27, 120, 53
30, 130, 59
31, 140, 57
34, 150, 51
36, 160, 54
37, 170, 58
39, 180, 56
40, 190, 60
40, 200, 60
40, 210, 56
41, 220, 55
41, 230, 57
42, 240, 54
42, 250, 55
44, 260, 52
44, 270, 57
44, 280, 57
44, 290, 55
46, 300, 54
46, 310, 57
46, 320, 57
48, 330, 57
48, 340, 60
49, 350, 64
49, 360, 59
49, 370, 59
49, 380, 61
50, 390, 58
50, 400, 59
52, 410, 59
54, 420, 61
54, 430, 66
55, 440, 63
55, 450, 69
55, 460, 66
55, 470, 64
55, 480, 65
55, 490, 65
55, 500, 64
55, 510, 64
55, 520, 63
55, 530, 66
55, 540, 64
55, 550, 63
55, 560, 62
55, 570, 62
56, 580, 63
56, 590, 62
56, 600, 64
56, 610, 64
58, 620, 63
58, 630, 64
59, 640, 64
59, 650, 65
60, 660, 65
60, 670, 68
60, 680, 65
60, 690, 65
60, 700, 64
60, 710, 67
60, 720, 64
60, 730, 65
60, 740, 65
61, 750, 65
61, 760, 67
61, 770, 68
62, 780, 70
63, 790, 69
63, 800, 76
64, 810, 73
65, 820, 73
65, 830, 73
66, 840, 76
66, 850, 75
66, 860, 74
66, 870, 73
66, 880, 74
66, 890, 74
66, 900, 72
66, 910, 71
67, 920, 72
67, 930, 76
67, 940, 73
68, 950, 73
69, 960, 74
70, 970, 74
71, 980, 76
71, 990, 76
71, 1000, 76
71, 1010, 75
71, 1020, 77
71, 1030, 75
72, 1040, 76
72, 1050, 77
72, 1060, 77
72, 1070, 77
72, 1080, 77
72, 1090, 79
72, 1100, 77
72, 1110, 76
{'count': 2420, 'truepos': 44, 'falseneg': 1, 'unknownyes': 3, 'falsepos': 28, 'unique': 1110}
8: Danijel.csv: machine: 0, 0
4, 10
6, 20, 116
8, 30, 113
9, 40, 117
10, 50, 108
11, 60, 99
['yes' 'yes' 'no' 'no' 'no' 'no' 'no' 'no' 'yes' 'no']
[]
4, 60, 99
4, 70, 57
8, 80, 51
10, 90, 59
14, 100, 56
18, 110, 58
['yes' 'yes' 'no' 'yes' 'no' 'yes' 'no' 'no' 'yes' 'no']
['no']
14, 110, 58
16, 120, 54
19, 130, 53
24, 140, 54
28, 150, 62
30, 160, 60
['yes' 'yes' 'yes' 'no' 'yes' 'yes' 'yes' 'yes' 'no' 'yes']
['no' 'no' 'no' 'no' 'no' 'no' 'no' 'no' 'no' 'no']
28, 160, 60
30, 170, 55
31, 180, 50
35, 190, 51
37, 200, 62
40, 210, 65
['no' 'yes' 'no' 'yes' 'no' 'no' 'yes' 'no' 'no' 'no']
['no' 'no' 'no' 'no' 'no' 'no' 'yes' 'no' 'no' 'no']
35, 210, 65
39, 220, 53
40, 230, 63
41, 240, 67
42, 250, 65
45, 260, 71
['yes' 'no' 'yes' 'no' 'no' 'no' 'no' 'no' 'no' 'no']
['no' 'no' 'no' 'no' 'no' 'no' 'no' 'no' 'no' 'no']
40, 260, 71
42, 270, 53
43, 280, 56
43, 290, 59
43, 300, 55
45, 310, 55
['no' 'no' 'no' 'yes' 'no' 'no' 'yes' 'no' 'no' 'no']
['no' 'no' 'no' 'no' 'no' 'no' 'no' 'no' 'no' 'no']
39, 310, 55
40, 320, 49
41, 330, 51
42, 340, 52
45, 350, 52
48, 360, 56
['no' 'yes' 'no' 'no' 'yes' 'no' 'no' 'no' 'no' 'yes']
['no' 'no' 'no' 'no' 'no' 'no' 'no' 'no' 'no' 'no']
42, 360, 56
43, 370, 51
47, 380, 50
47, 390, 55
47, 400, 54
50, 410, 54
['no' 'no' 'no' 'no' 'yes' 'yes' 'no' 'no' 'yes' 'no']
['no' 'no' 'no' 'no' 'no' 'no' 'no' 'no' 'no' 'no']
44, 410, 54
47, 420, 51
47, 430, 57
48, 440, 58
50, 450, 57
50, 460, 64
['no' 'no' 'no' 'no' 'no' 'yes' 'yes' 'yes' 'no' 'yes']
['no' 'no' 'no' 'yes' 'no' 'no' 'no' 'yes' 'yes' 'no']
48, 460, 64
50, 470, 58
50, 480, 60
52, 490, 59
53, 500, 67
53, 510, 63
['no' 'yes' 'no' 'no' 'no' 'no' 'yes' 'yes' 'yes' 'no']
['no' 'no' 'no' 'no' 'no' 'no' 'no' 'no' 'no' 'no']
47, 510, 63
47, 520, 55
47, 530, 56
47, 540, 55
50, 550, 56
51, 560, 60
['no' 'no' 'no' 'no' 'no' 'no' 'no' 'no']
['no' 'yes' 'no' 'no' 'no' 'no' 'no' 'no' 'no' 'no']
45, 560, 60
45, 570, 55
48, 580, 53
49, 590, 57
50, 600, 62
52, 610, 63
['no' 'no' 'no' 'no' 'no' 'no' 'yes' 'no']
['no' 'no' 'no' 'no' 'no' 'no' 'no' 'no' 'no' 'no']
45, 610, 63
46, 620, 52
48, 630, 52
48, 640, 54
51, 650, 55
52, 660, 56
['no' 'no' 'no' 'no' 'no' 'yes' 'no']
['no' 'no' 'no' 'no' 'no' 'no' 'no' 'no' 'no' 'no']
48, 660, 56
50, 670, 53
50, 680, 55
52, 690, 55
55, 700, 58
55, 710, 62
['yes' 'yes' 'yes' 'no' 'no' 'no' 'no' 'no' 'no']
['no' 'no' 'no' 'no' 'no' 'no' 'no' 'no' 'no' 'no']
49, 710, 62
50, 720, 54
50, 730, 55
51, 740, 54
51, 750, 55
53, 760, 56
['no' 'no' 'yes' 'no']
['no' 'no' 'no' 'no' 'no' 'no' 'no' 'no' 'no' 'yes']
53, 760, 56
55, 770, 57
56, 780, 60
57, 790, 61
57, 800, 62
59, 810, 62
['yes' 'no' 'no' 'no' 'no' 'no' 'no']
['no' 'no' 'no' 'no' 'no' 'no' 'no' 'no' 'no' 'no']
['no' 'no' 'no' 'no' 'no' 'yes' 'no']
['no' 'no' 'no' 'no' 'no' 'no' 'no' 'no' 'no' 'no']
{'count': 1094, 'truepos': 43, 'falseneg': 2, 'unknownyes': 3, 'falsepos': 10, 'unique': 810}
8: Danijel.csv: machine2: 0, 0
3, 10
4, 20, 115
8, 30, 100
9, 40, 102
12, 50, 83
19, 60, 91
['no' 'yes' 'yes' 'yes' 'yes' 'yes' 'yes' 'yes' 'no' 'yes']
[]
17, 60, 91
18, 70, 72
22, 80, 67
25, 90, 76
27, 100, 76
30, 110, 71
['no' 'no' 'no' 'yes' 'yes' 'yes' 'no' 'yes' 'yes' 'yes']
['no' 'no' 'no' 'no' 'no' 'no' 'no' 'no' 'no' 'no']
28, 110, 71
29, 120, 74
30, 130, 61
34, 140, 47
36, 150, 52
37, 160, 54
['no' 'yes' 'yes' 'yes' 'yes' 'yes' 'no' 'no' 'yes' 'no']
['no' 'no' 'no' 'no' 'no' 'no' 'no' 'no' 'no' 'no']
36, 160, 54
37, 170, 51
37, 180, 54
38, 190, 51
39, 200, 52
42, 210, 53
['no' 'yes' 'yes' 'no' 'no' 'yes' 'no' 'yes' 'yes' 'no']
['no' 'no' 'no' 'no' 'no' 'no' 'no' 'yes' 'no' 'no']
41, 210, 53
41, 220, 54
42, 230, 56
43, 240, 53
43, 250, 56
44, 260, 54
['no' 'yes' 'no' 'no' 'no' 'no' 'yes' 'no' 'yes' 'yes']
['no' 'no' 'no' 'no' 'no' 'no' 'no' 'no' 'no' 'no']
39, 260, 54
40, 270, 48
43, 280, 51
43, 290, 54
44, 300, 52
45, 310, 55
['yes' 'no' 'yes' 'no' 'no' 'no' 'no' 'yes' 'yes' 'yes']
['no' 'no' 'no' 'no' 'yes' 'no' 'no' 'no' 'no' 'yes']
42, 310, 55
43, 320, 51
44, 330, 51
45, 340, 52
50, 350, 54
51, 360, 63
['no' 'yes' 'no' 'no' 'yes' 'no' 'no' 'no' 'no' 'yes']
['no' 'no' 'yes' 'no' 'no' 'no' 'no' 'no' 'no' 'no']
47, 360, 63
48, 370, 58
49, 380, 63
50, 390, 58
51, 400, 62
52, 410, 63
['no' 'no' 'no' 'no' 'no' 'yes' 'no']
['no' 'no' 'no' 'no' 'no' 'no' 'no' 'no' 'no' 'no']
47, 410, 63
47, 420, 56
48, 430, 54
49, 440, 56
51, 450, 54
53, 460, 59
['no' 'no' 'no' 'no' 'no' 'no' 'no']
['no' 'no' 'no' 'no' 'no' 'no' 'no' 'no' 'no' 'no']
47, 460, 59
48, 470, 54
49, 480, 55
50, 490, 56
50, 500, 56
50, 510, 56
['no' 'no' 'no']
['no' 'no' 'no' 'no' 'no' 'no' 'no' 'no' 'no' 'no']
48, 510, 56
50, 520, 55
52, 530, 56
54, 540, 58
54, 550, 63
55, 560, 61
['no' 'no' 'no' 'no' 'no' 'no' 'no' 'no']
['no' 'no' 'no' 'no' 'no' 'no' 'no' 'no' 'no' 'no']
49, 560, 61
50, 570, 54
51, 580, 57
51, 590, 57
52, 600, 59
53, 610, 58
['no' 'no' 'no' 'yes' 'no']
['no' 'no' 'no' 'no' 'no' 'no' 'no' 'no' 'no' 'no']
49, 610, 58
51, 620, 53
51, 630, 56
51, 640, 55
51, 650, 55
52, 660, 55
['no' 'yes' 'no']
['no' 'no' 'no' 'no' 'no' 'no' 'no' 'no' 'no' 'no']
52, 660, 55
53, 670, 55
53, 680, 57
55, 690, 57
56, 700, 59
56, 710, 61
['no' 'yes' 'yes' 'no' 'no']
['no' 'no' 'no' 'no' 'no' 'no' 'no' 'no' 'no' 'no']
55, 710, 61
57, 720, 60
62, 730, 63
64, 740, 73
65, 750, 78
66, 760, 77
['no' 'no' 'no' 'no' 'no' 'no' 'no' 'no' 'yes' 'no']
['no' 'no' 'no' 'no' 'no' 'no' 'no' 'no' 'no' 'no']
61, 760, 77
63, 770, 71
63, 780, 75
63, 790, 75
64, 800, 75
64, 810, 73
['no' 'no' 'no' 'no' 'no' 'no' 'no' 'no']
['no' 'no' 'no' 'no' 'no' 'no' 'no' 'no' 'no' 'no']
56, 810, 73
58, 820, 62
60, 830, 66
61, 840, 66
61, 850, 70
63, 860, 67
['no' 'no' 'no' 'no' 'no' 'no' 'no']
['no' 'no' 'no' 'no' 'no' 'no' 'no' 'no' 'no' 'no']
58, 860, 67
59, 870, 63
61, 880, 64
62, 890, 66
65, 900, 67
65, 910, 76
['no' 'no' 'no' 'no' 'no' 'no' 'no' 'no' 'no']
['no' 'no' 'no' 'no' 'no' 'no' 'no' 'no' 'no' 'no']
57, 910, 76
58, 920, 61
['no']
['no' 'no' 'no' 'no' 'no' 'no' 'no' 'no' 'no' 'no']
{'count': 1325, 'truepos': 42, 'falseneg': 3, 'unknownyes': 3, 'falsepos': 16, 'unique': 920}
8: Danijel.csv: machine3: 0, 0
4, 10
4, 20, 135
5, 30, 96
7, 40, 74
8, 50, 72
10, 60, 59
null
[]
13, 70, 60
15, 80, 56
17, 90, 55
19, 100, 58
20, 110, 59
21, 120, 54
null
[]
22, 130, 49
24, 140, 49
27, 150, 51
29, 160, 55
30, 170, 56
30, 180, 51
null
['no' 'no' 'no' 'no' 'no' 'yes' 'no' 'no' 'no' 'no']
31, 180, 51
31, 190, 47
32, 200, 45
33, 210, 47
33, 220, 47
35, 230, 45
null
['no' 'no' 'yes' 'no' 'no' 'no' 'no' 'no' 'no' 'no']
36, 230, 45
36, 240, 48
39, 250, 47
40, 260, 50
43, 270, 50
43, 280, 54
null
['no' 'no' 'no' 'no' 'no' 'no' 'no' 'no' 'no' 'no']
43, 280, 54
43, 290, 52
45, 300, 53
45, 310, 53
45, 320, 54
45, 330, 52
null
['no' 'no' 'no' 'no' 'no' 'no' 'no' 'no' 'no' 'no']
45, 330, 52
46, 340, 53
48, 350, 53
48, 360, 57
48, 370, 56
48, 380, 57
null
['no' 'no' 'no' 'no' 'no' 'no' 'no' 'no' 'no' 'no']
48, 380, 57
48, 390, 55
48, 400, 56
48, 410, 56
49, 420, 55
49, 430, 60
null
['no' 'no' 'no' 'no' 'no' 'no' 'no' 'no' 'no' 'no']
49, 430, 60
49, 440, 62
49, 450, 60
50, 460, 60
50, 470, 61
50, 480, 59
null
['no' 'no' 'no' 'no' 'no' 'no' 'no' 'no' 'no' 'no']
50, 480, 59
50, 490, 60
50, 500, 63
50, 510, 59
50, 520, 62
50, 530, 59
null
['no' 'no' 'no' 'no' 'no' 'no' 'no' 'no' 'no' 'no']
51, 530, 59
51, 540, 57
51, 550, 58
52, 560, 58
52, 570, 60
52, 580, 58
null
['no' 'no' 'no' 'no' 'no' 'no' 'no' 'no' 'no' 'no']
52, 580, 58
52, 590, 58
52, 600, 59
53, 610, 59
53, 620, 62
54, 630, 59
null
['no' 'no' 'no' 'no' 'no' 'no' 'no' 'no' 'no' 'no']
54, 630, 59
54, 640, 61
54, 650, 59
54, 660, 60
55, 670, 59
55, 680, 60
null
['no' 'no' 'no' 'no' 'no' 'no' 'no' 'no' 'no' 'no']
55, 680, 60
55, 690, 60
56, 700, 60
56, 710, 62
56, 720, 61
56, 730, 61
null
['no' 'no' 'no' 'no' 'no' 'no' 'no' 'no' 'no' 'no']
56, 730, 61
56, 740, 60
56, 750, 62
56, 760, 61
57, 770, 60
57, 780, 61
null
['no' 'no' 'no' 'no' 'no' 'no' 'no' 'no' 'no' 'no']
57, 780, 61
null
['no' 'no' 'no' 'no' 'no' 'no' 'no' 'no' 'no' 'no']
{'count': 1120, 'truepos': 43, 'falseneg': 1, 'unknownyes': 4, 'falsepos': 14, 'unique': 780}
8: K_all3.csv: none: 0, 0
1, 10
2, 20, 93
4, 30, 62
6, 40, 58
8, 50, 53
10, 60, 55
11, 70, 55
13, 80, 53
16, 90, 53
20, 100, 55
22, 110, 61
23, 120, 58
25, 130, 55
26, 140, 54
28, 150, 52
30, 160, 53
31, 170, 42
33, 180, 39
34, 190, 44
36, 200, 48
38, 210, 47
39, 220, 48
40, 230, 51
41, 240, 51
42, 250, 54
43, 260, 51
47, 270, 51
51, 280, 54
53, 290, 68
56, 300, 68
58, 310, 66
60, 320, 69
63, 330, 69
63, 340, 74
65, 350, 78
66, 360, 76
66, 370, 74
69, 380, 74
70, 390, 78
72, 400, 78
75, 410, 79
76, 420, 81
76, 430, 82
77, 440, 82
79, 450, 83
80, 460, 86
80, 470, 88
80, 480, 86
83, 490, 85
84, 500, 88
{'count': 500, 'truepos': 35, 'falseneg': 3, 'unknownyes': 7, 'falsepos': 49, 'unique': 500}
8: K_all3.csv: three: 0, 0
1, 10
2, 20, 92
4, 30, 64
8, 40, 58
9, 50, 59
11, 60, 53
14, 70, 54
16, 80, 52
19, 90, 51
20, 100, 56
23, 110, 49
24, 120, 53
24, 130, 51
24, 140, 47
25, 150, 45
28, 160, 46
29, 170, 51
30, 180, 50
33, 190, 42
33, 200, 48
35, 210, 44
37, 220, 43
37, 230, 54
37, 240, 48
37, 250, 47
38, 260, 48
39, 270, 45
40, 280, 47
41, 290, 46
43, 300, 47
45, 310, 47
45, 320, 51
45, 330, 50
46, 340, 49
46, 350, 50
46, 360, 50
47, 370, 49
47, 380, 50
50, 390, 50
{'count': 859, 'truepos': 36, 'falseneg': 0, 'unknownyes': 9, 'falsepos': 14, 'unique': 390}
8: K_all3.csv: machine: 0, 0
3, 10
6, 20, 81
8, 30, 70
9, 40, 65
11, 50, 63
12, 60, 62
['no' 'no' 'yes' 'yes' 'no' 'yes' 'yes' 'yes' 'yes' 'no']
[]
8, 60, 62
14, 70, 49
16, 80, 63
18, 90, 57
22, 100, 55
25, 110, 65
['yes' 'yes' 'yes' 'yes' 'no' 'yes' 'no' 'no' 'yes' 'no']
['no' 'no']
20, 110, 65
22, 120, 53
25, 130, 54
28, 140, 55
28, 150, 57
29, 160, 52
['no' 'no' 'yes' 'yes' 'no' 'yes' 'yes' 'no' 'yes' 'yes']
['yes' 'no']
27, 160, 52
28, 170, 50
29, 180, 49
30, 190, 49
30, 200, 39
32, 210, 37
['no' 'no' 'no' 'no' 'yes' 'yes' 'no' 'yes' 'yes' 'yes']
['no' 'no' 'no' 'no' 'no' 'no' 'no' 'no' 'no' 'no']
26, 210, 37
28, 220, 46
31, 230, 48
33, 240, 40
36, 250, 42
37, 260, 45
['no' 'yes' 'no' 'yes' 'no' 'no' 'no' 'no' 'no' 'no']
['no' 'no' 'no' 'no' 'no' 'no' 'no' 'no' 'no' 'no']
30, 260, 45
31, 270, 37
33, 280, 39
34, 290, 42
35, 300, 41
39, 310, 44
['no' 'no' 'no' 'no' 'no' 'yes' 'no' 'no' 'no' 'yes']
['no' 'no' 'no' 'no' 'no' 'no' 'no' 'no' 'no' 'no']
32, 310, 44
32, 320, 37
33, 330, 37
35, 340, 36
36, 350, 39
39, 360, 39
['no' 'yes' 'no' 'no' 'no' 'yes' 'no' 'no' 'no' 'yes']
['no' 'no' 'no' 'no' 'no' 'no' 'no' 'no' 'no' 'no']
['no' 'yes' 'yes' 'no' 'no' 'no' 'no' 'no' 'no' 'yes']
['no' 'no' 'no' 'no' 'no' 'no' 'no' 'no' 'no' 'no']
{'count': 474, 'truepos': 29, 'falseneg': 2, 'unknownyes': 14, 'falsepos': 4, 'unique': 360}
8: K_all3.csv: machine2: 0, 0
3, 10
6, 20, 75
7, 30, 74
8, 40, 68
11, 50, 66
13, 60, 73
['yes' 'yes' 'yes' 'yes' 'no' 'yes' 'yes' 'no' 'yes' 'yes']
[]
12, 60, 73
13, 70, 64
15, 80, 61
18, 90, 61
19, 100, 62
22, 110, 56
['no' 'yes' 'yes' 'no' 'no' 'yes' 'yes' 'no' 'yes' 'yes']
['no' 'yes']
20, 110, 56
23, 120, 53
25, 130, 58
29, 140, 55
30, 150, 59
30, 160, 51
['no' 'no' 'no' 'no' 'yes' 'yes' 'yes' 'no' 'yes' 'no']
['no' 'no' 'no' 'no' 'no' 'no' 'no' 'no' 'no' 'no']
26, 160, 51
28, 170, 53
31, 180, 54
34, 190, 46
37, 200, 53
41, 210, 54
['no' 'no' 'no' 'no' 'yes' 'no' 'no' 'yes' 'no' 'yes']
['no' 'no' 'no' 'no' 'no' 'no' 'no' 'no' 'no' 'no']
36, 210, 54
38, 220, 57
39, 230, 56
40, 240, 52
42, 250, 56
43, 260, 57
['no' 'no' 'no' 'yes' 'no' 'yes' 'no' 'no' 'yes' 'no']
['no' 'no' 'no' 'no' 'no' 'no' 'no' 'no' 'no' 'no']
38, 260, 57
40, 270, 48
41, 280, 49
44, 290, 49
45, 300, 59
48, 310, 55
['yes' 'yes' 'no' 'no' 'no' 'no' 'no' 'no' 'no' 'no']
['no' 'no' 'no' 'no' 'no' 'no' 'no' 'no' 'no' 'no']
42, 310, 55
43, 320, 50
45, 330, 50
47, 340, 52
47, 350, 57
49, 360, 56
['no' 'no' 'no' 'no' 'no' 'no' 'yes' 'no' 'no' 'no']
['no' 'no' 'no' 'no' 'no' 'no' 'no' 'no' 'no' 'no']
43, 360, 56
47, 370, 48
48, 380, 53
49, 390, 54
50, 400, 55
50, 410, 56
['no' 'no' 'no' 'no' 'yes' 'no' 'no' 'yes' 'no' 'no']
['no' 'no' 'no' 'no' 'no' 'no' 'no' 'no' 'no' 'no']
46, 410, 56
47, 420, 49
49, 430, 51
['no' 'yes' 'no' 'no' 'no' 'no' 'yes' 'no' 'no' 'no']
['no' 'no' 'no' 'no' 'no' 'no' 'no' 'no' 'no' 'no']
{'count': 643, 'truepos': 31, 'falseneg': 2, 'unknownyes': 12, 'falsepos': 14, 'unique': 430}
8: K_all3.csv: machine3: 0, 0
1, 10
2, 20, 93
3, 30, 62
5, 40, 54
8, 50, 53
14, 60, 57
null
['no']
14, 60, 57
15, 70, 65
17, 80, 58
18, 90, 52
19, 100, 50
20, 110, 47
null
['no']
20, 110, 47
22, 120, 46
22, 130, 49
22, 140, 46
22, 150, 44
22, 160, 43
null
['no']
22, 160, 43
23, 170, 42
23, 180, 44
24, 190, 43
25, 200, 44
26, 210, 45
null
[]
29, 220, 44
29, 230, 46
30, 240, 46
31, 250, 39
32, 260, 39
32, 270, 40
null
['no' 'no' 'no' 'yes' 'no' 'no' 'no' 'no' 'no' 'no']
33, 270, 40
33, 280, 41
34, 290, 39
34, 300, 41
35, 310, 42
35, 320, 41
null
['no' 'no' 'no' 'no' 'no' 'no' 'no' 'no' 'no' 'no']
35, 320, 41
35, 330, 41
35, 340, 39
35, 350, 39
37, 360, 39
37, 370, 40
null
['no' 'no' 'no' 'no' 'no' 'no' 'no' 'no' 'no' 'no']
37, 370, 40
38, 380, 41
null
['no' 'no' 'yes' 'no' 'no' 'no' 'no' 'no' 'no' 'no']
{'count': 510, 'truepos': 33, 'falseneg': 2, 'unknownyes': 10, 'falsepos': 6, 'unique': 380}

------------------------------------------------------------
Sender: LSF System <lsfadmin@n2a1-4>
Subject: Job 267542: </share/tjmenzie/zyu9/miniconda2/bin/python2.7 runner.py error_hpcc 8> Done

Job </share/tjmenzie/zyu9/miniconda2/bin/python2.7 runner.py error_hpcc 8> was submitted from host <login01.hpc.ncsu.edu> by user <zyu9> in cluster <henry2>.
Job was executed on host(s) <2*n2a1-4>, in queue <single_chassis>, as user <zyu9> in cluster <henry2>.
</home/zyu9> was used as the home directory.
</home/zyu9/projects/MAR_HPC/Error/src> was used as the working directory.
Started at Wed Oct 18 09:16:20 2017
Results reported at Wed Oct 18 13:38:26 2017

Your job looked like:

------------------------------------------------------------
# LSBATCH: User input
/share/tjmenzie/zyu9/miniconda2/bin/python2.7 runner.py error_hpcc 8
------------------------------------------------------------

Successfully completed.

Resource usage summary:

    CPU time   :  18003.81 sec.
    Max Memory :       178 MB
    Max Swap   :      1196 MB

    Max Processes  :         3
    Max Threads    :         8

The output (if any) is above this job summary.



PS:

Read file <./err/8.err.267542> for stderr output of this job.

