9: Hall.csv: none: 0, 0
5, 10
6, 20, 103
9, 30, 100
11, 40, 113
14, 50, 114
16, 60, 107
19, 70, 116
23, 80, 116
25, 90, 111
27, 100, 105
30, 110, 95
36, 120, 84
41, 130, 88
45, 140, 91
47, 150, 89
54, 160, 85
56, 170, 96
59, 180, 91
62, 190, 89
63, 200, 106
65, 210, 89
67, 220, 93
67, 230, 100
71, 240, 95
71, 250, 96
71, 260, 92
72, 270, 96
73, 280, 90
73, 290, 92
74, 300, 88
74, 310, 89
74, 320, 88
75, 330, 88
75, 340, 94
75, 350, 86
75, 360, 89
76, 370, 91
77, 380, 99
78, 390, 90
78, 400, 92
78, 410, 92
78, 420, 91
78, 430, 90
78, 440, 90
78, 450, 90
78, 460, 89
78, 470, 88
78, 480, 89
78, 490, 89
78, 500, 87
79, 510, 88
79, 520, 88
79, 530, 87
80, 540, 88
80, 550, 88
80, 560, 88
81, 570, 87
81, 580, 88
81, 590, 89
81, 600, 89
81, 610, 89
81, 620, 87
81, 630, 88
81, 640, 89
81, 650, 88
81, 660, 88
81, 670, 87
81, 680, 88
81, 690, 88
81, 700, 86
81, 710, 87
81, 720, 86
81, 730, 86
81, 740, 87
{'count': 740, 'truepos': 78, 'falseneg': 24, 'correction': 0, 'unknownyes': 2, 'falsepos': 3, 'unique': 740}
9: Hall.csv: three: 0, 0
7, 10
9, 20, 109
10, 30, 111
14, 40, 104
16, 50, 108
21, 60, 102
23, 70, 105
23, 80, 102
24, 90, 93
25, 100, 84
29, 110, 81
31, 120, 86
37, 130, 70
40, 140, 71
45, 150, 73
48, 160, 72
50, 170, 72
51, 180, 77
53, 190, 74
54, 200, 80
56, 210, 78
59, 220, 70
62, 230, 75
64, 240, 79
66, 250, 80
67, 260, 81
68, 270, 84
69, 280, 82
69, 290, 87
69, 300, 81
70, 310, 86
72, 320, 85
73, 330, 84
73, 340, 86
73, 350, 87
73, 360, 86
73, 370, 85
73, 380, 85
73, 390, 85
73, 400, 83
73, 410, 82
73, 420, 82
73, 430, 85
73, 440, 81
73, 450, 83
73, 460, 80
73, 470, 84
73, 480, 83
73, 490, 82
73, 500, 82
73, 510, 81
73, 520, 80
73, 530, 81
73, 540, 79
73, 550, 80
73, 560, 79
73, 570, 79
73, 580, 79
73, 590, 79
73, 600, 79
73, 610, 78
73, 620, 78
73, 630, 78
73, 640, 78
73, 650, 79
73, 660, 78
73, 670, 79
73, 680, 78
73, 690, 79
73, 700, 78
73, 710, 78
73, 720, 79
73, 730, 78
73, 740, 77
73, 750, 77
73, 760, 77
73, 770, 77
73, 780, 77
73, 790, 77
73, 800, 77
{'count': 1638, 'truepos': 73, 'falseneg': 29, 'correction': 34, 'unknownyes': 2, 'falsepos': 0, 'unique': 800}
9: Hall.csv: machine: 0, 0
8, 10
11, 20, 124
12, 30, 131
13, 40, 133
16, 50, 123
17, 60, 116
[]
['no' 'no' 'yes' 'no' 'no' 'no' 'no' 'yes' 'no' 'no']
19, 60, 90
21, 70, 104
24, 80, 97
26, 90, 101
29, 100, 98
30, 110, 95
[]
['no' 'no' 'no' 'no' 'no' 'no' 'no' 'no' 'no' 'no' 'no' 'yes' 'no' 'no'
 'no' 'no' 'no' 'no' 'no' 'no' 'no' 'no' 'no' 'no' 'no' 'yes' 'no' 'no']
31, 110, 82
35, 120, 90
40, 130, 87
45, 140, 88
48, 150, 89
50, 160, 90
['yes']
['no' 'no' 'yes' 'yes' 'no' 'yes' 'no' 'no' 'no' 'yes' 'no' 'no' 'yes'
 'no' 'no' 'no' 'no' 'no' 'no' 'yes' 'no' 'no' 'yes' 'no' 'no' 'no' 'no'
 'no' 'no' 'no' 'no' 'no' 'no' 'no']
56, 160, 89
57, 170, 90
59, 180, 92
61, 190, 91
63, 200, 85
64, 210, 91
['yes']
['no' 'no' 'no' 'no' 'no' 'yes' 'yes' 'no' 'no' 'no' 'no' 'no' 'no' 'no'
 'no' 'no' 'no' 'no' 'no' 'yes' 'no' 'no' 'yes' 'no' 'no' 'no' 'no' 'no'
 'no' 'no' 'no' 'no' 'no' 'no' 'yes' 'no' 'no' 'no' 'no' 'no' 'no' 'no'
 'no']
68, 210, 85
74, 220, 89
76, 230, 100
78, 240, 99
81, 250, 96
82, 260, 95
['yes']
['no' 'no' 'yes' 'no' 'no' 'no' 'no' 'no' 'no' 'no' 'no' 'no' 'no' 'yes'
 'no' 'no' 'no' 'yes']
85, 260, 94
86, 270, 99
89, 280, 97
90, 290, 99
90, 300, 103
90, 310, 102
['yes']
['yes' 'no' 'no' 'no' 'no' 'no']
90, 310, 101
91, 320, 102
92, 330, 101
92, 340, 102
92, 350, 101
92, 360, 100
['yes']
['no' 'yes']
92, 360, 99
92, 370, 100
92, 380, 99
94, 390, 99
94, 400, 101
94, 410, 101
['yes']
['no' 'no' 'yes' 'no' 'no' 'no' 'no' 'no' 'no' 'no' 'no' 'no']
94, 410, 99
94, 420, 99
94, 430, 99
94, 440, 100
95, 450, 100
{'count': 609, 'truepos': 95, 'falseneg': 7, 'correction': 18, 'unknownyes': 2, 'falsepos': 0, 'unique': 450}
9: Hall.csv: knee: 0, 0
7, 10
7, 20
{'count': 23, 'truepos': 8, 'falseneg': 1, 'correction': 1, 'unknownyes': 95, 'falsepos': 0, 'unique': 20}
9: Wahono.csv: none: 0, 0
5, 10
5, 20, 106
8, 30, 91
10, 40, 84
11, 50, 84
12, 60, 72
16, 70, 64
17, 80, 65
18, 90, 57
19, 100, 56
19, 110, 52
19, 120, 46
21, 130, 44
22, 140, 47
23, 150, 48
24, 160, 46
24, 170, 46
25, 180, 45
25, 190, 47
26, 200, 46
27, 210, 47
29, 220, 48
30, 230, 51
30, 240, 52
30, 250, 53
30, 260, 57
31, 270, 50
32, 280, 49
32, 290, 59
32, 300, 49
32, 310, 50
32, 320, 49
33, 330, 48
34, 340, 46
34, 350, 49
34, 360, 47
35, 370, 46
35, 380, 49
35, 390, 48
35, 400, 46
35, 410, 46
35, 420, 46
35, 430, 43
35, 440, 46
35, 450, 48
35, 460, 47
36, 470, 43
36, 480, 48
36, 490, 46
37, 500, 46
37, 510, 48
37, 520, 47
37, 530, 46
37, 540, 49
37, 550, 47
37, 560, 45
37, 570, 44
38, 580, 44
39, 590, 46
39, 600, 47
39, 610, 46
40, 620, 48
40, 630, 49
40, 640, 47
40, 650, 47
41, 660, 47
42, 670, 48
42, 680, 49
42, 690, 50
42, 700, 48
42, 710, 48
42, 720, 49
42, 730, 49
42, 740, 48
42, 750, 48
42, 760, 48
42, 770, 48
42, 780, 48
42, 790, 47
42, 800, 48
42, 810, 47
42, 820, 47
42, 830, 47
42, 840, 47
42, 850, 47
42, 860, 48
42, 870, 47
42, 880, 47
42, 890, 47
42, 900, 47
42, 910, 48
42, 920, 46
43, 930, 47
44, 940, 47
44, 950, 51
44, 960, 49
44, 970, 49
44, 980, 49
45, 990, 48
45, 1000, 50
45, 1010, 49
45, 1020, 53
45, 1030, 49
45, 1040, 50
45, 1050, 50
45, 1060, 50
45, 1070, 50
45, 1080, 49
45, 1090, 50
45, 1100, 50
45, 1110, 49
45, 1120, 50
45, 1130, 49
45, 1140, 49
45, 1150, 49
45, 1160, 50
45, 1170, 49
45, 1180, 49
45, 1190, 49
45, 1200, 49
45, 1210, 48
45, 1220, 49
45, 1230, 48
45, 1240, 49
45, 1250, 49
45, 1260, 48
45, 1270, 49
45, 1280, 50
45, 1290, 49
46, 1300, 49
46, 1310, 50
46, 1320, 50
46, 1330, 50
46, 1340, 50
46, 1350, 50
46, 1360, 50
46, 1370, 50
46, 1380, 49
46, 1390, 49
46, 1400, 50
46, 1410, 49
46, 1420, 49
46, 1430, 49
46, 1440, 49
46, 1450, 49
46, 1460, 49
46, 1470, 49
46, 1480, 50
46, 1490, 49
46, 1500, 49
{'count': 1500, 'truepos': 41, 'falseneg': 19, 'correction': 0, 'unknownyes': 2, 'falsepos': 5, 'unique': 1500}
9: Wahono.csv: three: 0, 0
3, 10
7, 20, 88
8, 30, 88
8, 40, 81
11, 50, 58
13, 60, 72
16, 70, 61
16, 80, 67
16, 90, 54
16, 100, 47
17, 110, 44
17, 120, 45
18, 130, 42
19, 140, 44
19, 150, 43
21, 160, 41
24, 170, 44
26, 180, 49
26, 190, 54
28, 200, 48
30, 210, 49
30, 220, 61
30, 230, 53
30, 240, 52
31, 250, 49
31, 260, 51
31, 270, 54
31, 280, 51
31, 290, 46
32, 300, 46
33, 310, 52
33, 320, 55
33, 330, 52
33, 340, 48
33, 350, 49
33, 360, 49
33, 370, 45
33, 380, 48
33, 390, 48
33, 400, 46
33, 410, 46
33, 420, 47
33, 430, 46
33, 440, 46
33, 450, 47
34, 460, 43
34, 470, 46
36, 480, 44
36, 490, 46
36, 500, 46
36, 510, 47
36, 520, 47
36, 530, 45
36, 540, 45
36, 550, 47
36, 560, 45
36, 570, 45
36, 580, 44
36, 590, 43
36, 600, 43
36, 610, 44
36, 620, 43
37, 630, 43
37, 640, 43
37, 650, 46
37, 660, 44
37, 670, 44
38, 680, 42
38, 690, 45
38, 700, 46
38, 710, 44
38, 720, 45
39, 730, 44
40, 740, 46
40, 750, 47
40, 760, 47
41, 770, 47
41, 780, 47
42, 790, 48
43, 800, 49
43, 810, 50
43, 820, 50
44, 830, 51
44, 840, 51
44, 850, 51
44, 860, 51
44, 870, 50
44, 880, 52
44, 890, 51
44, 900, 50
44, 910, 50
44, 920, 50
44, 930, 51
44, 940, 51
44, 950, 51
44, 960, 50
44, 970, 49
44, 980, 50
44, 990, 49
44, 1000, 50
44, 1010, 50
44, 1020, 50
44, 1030, 49
44, 1040, 50
44, 1050, 49
44, 1060, 50
44, 1070, 50
44, 1080, 50
44, 1090, 49
44, 1100, 49
44, 1110, 49
44, 1120, 49
44, 1130, 49
44, 1140, 49
44, 1150, 49
44, 1160, 49
44, 1170, 48
44, 1180, 50
44, 1190, 49
44, 1200, 49
44, 1210, 48
44, 1220, 49
44, 1230, 49
44, 1240, 48
44, 1250, 48
44, 1260, 48
44, 1270, 48
44, 1280, 48
44, 1290, 48
44, 1300, 48
44, 1310, 48
44, 1320, 48
44, 1330, 48
44, 1340, 48
44, 1350, 47
44, 1360, 48
44, 1370, 48
44, 1380, 48
44, 1390, 47
44, 1400, 47
44, 1410, 47
44, 1420, 47
44, 1430, 47
44, 1440, 47
44, 1450, 48
44, 1460, 47
44, 1470, 47
44, 1480, 48
44, 1490, 47
44, 1500, 47
44, 1510, 47
44, 1520, 47
44, 1530, 47
44, 1540, 47
44, 1550, 47
44, 1560, 47
44, 1570, 47
44, 1580, 47
44, 1590, 47
44, 1600, 47
44, 1610, 47
44, 1620, 47
44, 1630, 47
44, 1640, 47
{'count': 3308, 'truepos': 44, 'falseneg': 16, 'correction': 24, 'unknownyes': 2, 'falsepos': 0, 'unique': 1640}
9: Wahono.csv: machine: 0, 0
3, 10
4, 20, 91
6, 30, 90
9, 40, 87
12, 50, 83
12, 60, 80
[]
['yes' 'no' 'yes' 'yes' 'no' 'no' 'yes' 'no' 'no' 'no' 'no' 'yes']
16, 60, 59
17, 70, 66
19, 80, 55
21, 90, 53
22, 100, 52
22, 110, 49
[]
['no' 'no' 'no' 'no' 'no' 'no' 'no' 'no']
22, 110, 47
23, 120, 47
23, 130, 48
24, 140, 45
24, 150, 44
25, 160, 43
[]
['no' 'no' 'yes' 'no' 'no' 'yes' 'no' 'no']
26, 160, 44
27, 170, 45
27, 180, 45
28, 190, 45
28, 200, 46
28, 210, 46
[]
['no' 'no']
28, 210, 46
28, 220, 46
28, 230, 46
29, 240, 46
31, 250, 47
32, 260, 49
['yes']
['no' 'no' 'no' 'no' 'yes' 'no' 'no' 'no' 'no' 'no' 'no' 'no' 'no' 'no'
 'no' 'no' 'no' 'no' 'no' 'no' 'no' 'no' 'no' 'no' 'yes' 'no' 'no' 'no'
 'yes' 'no' 'no' 'no' 'no' 'no' 'no' 'no' 'no' 'no' 'no' 'no' 'no' 'no'
 'no' 'no' 'no' 'no' 'no' 'no' 'no']
34, 260, 49
35, 270, 55
36, 280, 54
36, 290, 59
37, 300, 55
39, 310, 55
['yes']
['no' 'no' 'yes' 'no' 'no' 'no' 'no' 'no' 'no' 'no' 'no' 'no' 'no' 'no'
 'no' 'no' 'no' 'no' 'no' 'no' 'no' 'no' 'no' 'no' 'yes' 'no' 'no' 'no'
 'no' 'no' 'no' 'no' 'no' 'no' 'no' 'no' 'no' 'no' 'no' 'no' 'no']
41, 310, 59
41, 320, 60
41, 330, 66
41, 340, 58
41, 350, 61
42, 360, 57
['yes']
['no' 'no' 'no' 'yes' 'no' 'no' 'no' 'no' 'no' 'no' 'no' 'no']
42, 360, 58
42, 370, 58
42, 380, 54
42, 390, 60
42, 400, 60
42, 410, 55
['yes']
['no' 'no' 'no']
42, 410, 55
42, 420, 54
42, 430, 55
43, 440, 53
43, 450, 53
43, 460, 53
['yes']
['no' 'no' 'no' 'no' 'no']
43, 460, 54
45, 470, 51
45, 480, 56
45, 490, 54
45, 500, 53
45, 510, 54
['yes']
['no' 'no' 'no' 'no' 'no' 'no' 'no' 'no' 'no']
44, 510, 54
44, 520, 51
44, 530, 53
44, 540, 52
44, 550, 51
44, 560, 51
['yes']
['no']
44, 560, 51
44, 570, 50
44, 580, 51
44, 590, 50
44, 600, 51
45, 610, 50
['yes']
['no' 'no' 'no' 'no']
45, 610, 51
45, 620, 52
45, 630, 50
45, 640, 51
45, 650, 51
46, 660, 50
['yes']
['no' 'no' 'no']
45, 660, 52
45, 670, 51
45, 680, 50
45, 690, 50
45, 700, 50
45, 710, 50
['yes']
['no' 'no' 'no']
45, 710, 50
45, 720, 50
45, 730, 49
45, 740, 51
46, 750, 49
46, 760, 51
['yes']
['no']
45, 760, 51
45, 770, 50
45, 780, 49
45, 790, 49
45, 800, 49
45, 810, 49
['no']
['no' 'no']
44, 810, 49
44, 820, 48
44, 830, 48
44, 840, 48
45, 850, 47
45, 860, 49
['yes']
['no' 'no' 'no']
45, 860, 48
46, 870, 49
46, 880, 50
46, 890, 49
47, 900, 49
47, 910, 52
['yes']
['no' 'no' 'no' 'yes' 'no' 'no']
47, 910, 51
47, 920, 50
47, 930, 50
47, 940, 51
47, 950, 50
47, 960, 50
['yes']
[]
47, 960, 50
48, 970, 50
48, 980, 52
48, 990, 51
48, 1000, 51
48, 1010, 51
['yes']
['no' 'no' 'no' 'no']
48, 1010, 51
48, 1020, 51
48, 1030, 51
48, 1040, 51
48, 1050, 51
48, 1060, 51
['yes']
[]
47, 1060, 51
47, 1070, 50
{'count': 1263, 'truepos': 46, 'falseneg': 13, 'correction': 12, 'unknownyes': 3, 'falsepos': 1, 'unique': 1070}
9: Wahono.csv: knee: 0, 0
5, 10
5, 20
7, 30
11, 40
12, 50
15, 60
16, 70
18, 80
18, 90
21, 100
22, 110
22, 120
22, 130
22, 140
22, 150
23, 160
26, 170
27, 180
28, 190
28, 200
32, 210
35, 220
38, 230
38, 240
39, 250
39, 260
39, 270
39, 280
39, 290
39, 300
39, 310
{'count': 503, 'truepos': 39, 'falseneg': 5, 'correction': 2, 'unknownyes': 18, 'falsepos': 1, 'unique': 310}
9: Danijel.csv: none: 0, 0
1, 10
1, 20, 124
1, 30, 94
1, 40, 79
1, 50, 74
3, 60, 72
6, 70, 61
9, 80, 62
10, 90, 58
11, 100, 53
11, 110, 47
14, 120, 41
14, 130, 47
15, 140, 43
15, 150, 41
16, 160, 40
17, 170, 39
20, 180, 39
20, 190, 44
20, 200, 42
22, 210, 41
23, 220, 44
24, 230, 43
24, 240, 44
24, 250, 44
24, 260, 44
26, 270, 44
26, 280, 45
26, 290, 45
26, 300, 45
26, 310, 45
27, 320, 45
28, 330, 46
29, 340, 48
29, 350, 48
29, 360, 48
29, 370, 48
29, 380, 48
29, 390, 49
29, 400, 49
29, 410, 49
29, 420, 49
31, 430, 49
31, 440, 39
31, 450, 40
32, 460, 39
32, 470, 40
32, 480, 39
32, 490, 38
33, 500, 39
33, 510, 41
33, 520, 39
33, 530, 38
33, 540, 39
33, 550, 40
33, 560, 39
34, 570, 37
35, 580, 39
35, 590, 41
36, 600, 40
36, 610, 42
36, 620, 41
36, 630, 41
36, 640, 42
36, 650, 41
36, 660, 41
36, 670, 41
36, 680, 40
36, 690, 40
36, 700, 41
36, 710, 40
36, 720, 40
36, 730, 40
36, 740, 40
37, 750, 39
37, 760, 42
37, 770, 41
37, 780, 41
37, 790, 41
37, 800, 40
37, 810, 41
37, 820, 40
37, 830, 40
37, 840, 40
37, 850, 40
37, 860, 40
37, 870, 41
37, 880, 40
37, 890, 40
37, 900, 39
37, 910, 40
37, 920, 40
37, 930, 39
37, 940, 39
37, 950, 39
37, 960, 40
37, 970, 39
37, 980, 40
37, 990, 39
37, 1000, 40
37, 1010, 39
37, 1020, 39
38, 1030, 39
38, 1040, 41
{'count': 1040, 'truepos': 36, 'falseneg': 11, 'correction': 0, 'unknownyes': 1, 'falsepos': 2, 'unique': 1040}
9: Danijel.csv: three: 0, 0
4, 10
4, 20, 122
6, 30, 94
7, 40, 80
8, 50, 68
9, 60, 55
9, 70, 57
11, 80, 48
12, 90, 50
14, 100, 49
15, 110, 47
15, 120, 45
16, 130, 45
16, 140, 46
16, 150, 45
18, 160, 44
21, 170, 46
21, 180, 50
21, 190, 46
21, 200, 44
21, 210, 43
22, 220, 43
22, 230, 44
22, 240, 43
23, 250, 43
25, 260, 44
26, 270, 45
27, 280, 46
29, 290, 46
30, 300, 48
30, 310, 48
31, 320, 45
31, 330, 42
31, 340, 46
31, 350, 43
31, 360, 40
31, 370, 43
31, 380, 40
31, 390, 42
32, 400, 39
32, 410, 40
32, 420, 44
32, 430, 42
32, 440, 41
32, 450, 40
32, 460, 40
32, 470, 39
32, 480, 37
32, 490, 38
32, 500, 38
32, 510, 38
32, 520, 37
32, 530, 38
32, 540, 39
32, 550, 37
32, 560, 38
32, 570, 37
32, 580, 39
33, 590, 37
33, 600, 38
33, 610, 40
33, 620, 38
33, 630, 38
33, 640, 38
33, 650, 38
33, 660, 37
33, 670, 37
33, 680, 38
33, 690, 38
33, 700, 37
33, 710, 38
33, 720, 37
34, 730, 37
34, 740, 37
34, 750, 38
34, 760, 38
35, 770, 38
35, 780, 38
35, 790, 38
35, 800, 38
35, 810, 38
35, 820, 38
35, 830, 38
35, 840, 38
35, 850, 38
35, 860, 38
35, 870, 38
35, 880, 37
35, 890, 38
35, 900, 38
35, 910, 37
35, 920, 37
35, 930, 37
35, 940, 37
35, 950, 38
35, 960, 37
35, 970, 37
35, 980, 37
35, 990, 37
35, 1000, 37
35, 1010, 37
35, 1020, 37
35, 1030, 37
35, 1040, 37
35, 1050, 37
35, 1060, 37
35, 1070, 37
35, 1080, 37
35, 1090, 37
35, 1100, 37
35, 1110, 37
35, 1120, 37
35, 1130, 37
35, 1140, 37
{'count': 2303, 'truepos': 35, 'falseneg': 11, 'correction': 22, 'unknownyes': 2, 'falsepos': 0, 'unique': 1140}
9: Danijel.csv: machine: 0, 0
3, 10
4, 20, 125
5, 30, 103
6, 40, 80
7, 50, 76
8, 60, 56
[]
['no' 'no' 'no' 'no' 'no' 'no']
8, 60, 51
11, 70, 51
12, 80, 56
12, 90, 53
15, 100, 50
18, 110, 57
[]
['yes' 'no' 'no' 'no' 'no' 'no' 'no' 'no' 'no' 'no' 'no' 'no' 'no' 'no'
 'no']
19, 110, 68
20, 120, 70
21, 130, 52
23, 140, 49
24, 150, 53
25, 160, 51
[]
['no' 'no' 'no' 'no' 'no' 'no' 'no' 'no' 'no']
25, 160, 49
26, 170, 49
27, 180, 49
29, 190, 47
29, 200, 50
30, 210, 47
['yes']
['no' 'no' 'no' 'no' 'no' 'yes' 'no' 'no' 'no' 'no' 'no' 'yes' 'no' 'no'
 'no' 'no' 'no' 'no' 'no' 'yes' 'yes' 'yes' 'no' 'no' 'no' 'no' 'no' 'no'
 'yes' 'no' 'no' 'no' 'no' 'no' 'no' 'no' 'no' 'no' 'no' 'no' 'no' 'no'
 'no' 'no' 'no' 'no' 'no']
34, 210, 45
34, 220, 48
34, 230, 51
35, 240, 48
35, 250, 49
37, 260, 46
['yes']
['no' 'yes' 'no' 'no' 'no' 'no' 'no' 'no' 'no' 'no' 'no' 'no' 'no' 'no'
 'no' 'no' 'no' 'no' 'no' 'no' 'no' 'no' 'no' 'no']
38, 260, 50
38, 270, 52
38, 280, 51
40, 290, 49
41, 300, 53
41, 310, 58
['yes']
['no' 'no' 'no' 'no' 'no' 'no' 'no' 'no' 'no' 'no' 'no' 'no' 'no' 'no'
 'no' 'no' 'no' 'no' 'no' 'no' 'no' 'no' 'no' 'no' 'no' 'no' 'no' 'no'
 'no']
41, 310, 52
41, 320, 53
41, 330, 54
41, 340, 50
41, 350, 50
41, 360, 50
['yes']
['no' 'no' 'no' 'no' 'no' 'no']
40, 360, 49
40, 370, 52
40, 380, 49
41, 390, 47
41, 400, 48
41, 410, 49
['yes']
['no' 'no' 'no' 'no' 'no' 'no' 'no' 'no' 'no' 'no' 'no']
41, 410, 50
41, 420, 48
41, 430, 47
41, 440, 47
41, 450, 46
41, 460, 48
['yes']
['no' 'no' 'no']
40, 460, 46
40, 470, 45
41, 480, 46
41, 490, 46
41, 500, 46
41, 510, 47
['no']
['no' 'no']
40, 510, 46
40, 520, 46
40, 530, 45
40, 540, 45
40, 550, 46
40, 560, 45
['yes']
[]
40, 560, 44
40, 570, 44
41, 580, 45
41, 590, 45
41, 600, 45
41, 610, 46
['yes']
['no' 'no' 'no']
41, 610, 45
41, 620, 45
41, 630, 46
41, 640, 44
41, 650, 44
41, 660, 44
['no']
['no' 'no']
40, 660, 44
40, 670, 43
40, 680, 43
42, 690, 43
42, 700, 47
42, 710, 46
['yes']
['no' 'no']
41, 710, 45
41, 720, 44
41, 730, 44
41, 740, 44
41, 750, 44
{'count': 920, 'truepos': 41, 'falseneg': 5, 'correction': 8, 'unknownyes': 2, 'falsepos': 0, 'unique': 750}
9: Danijel.csv: knee: 0, 0
3, 10
4, 20
4, 30
4, 40
6, 50
6, 60
6, 70
7, 80
8, 90
10, 100
12, 110
13, 120
15, 130
16, 140
18, 150
18, 160
18, 170
19, 180
20, 190
20, 200
20, 210
21, 220
22, 230
23, 240
23, 250
23, 260
23, 270
23, 280
23, 290
23, 300
23, 310
24, 320
24, 330
24, 340
25, 350
25, 360
25, 370
25, 380
25, 390
26, 400
26, 410
27, 420
28, 430
28, 440
28, 450
28, 460
28, 470
28, 480
28, 490
28, 500
28, 510
28, 520
28, 530
28, 540
28, 550
28, 560
28, 570
28, 580
28, 590
28, 600
28, 610
28, 620
{'count': 842, 'truepos': 31, 'falseneg': 10, 'correction': 7, 'unknownyes': 7, 'falsepos': 2, 'unique': 620}
9: K_all3.csv: none: 0, 0
4, 10
10, 20, 72
11, 30, 73
11, 40, 70
14, 50, 63
14, 60, 61
16, 70, 57
18, 80, 55
21, 90, 51
21, 100, 54
22, 110, 46
23, 120, 45
23, 130, 43
23, 140, 41
25, 150, 40
26, 160, 42
26, 170, 43
27, 180, 42
28, 190, 43
29, 200, 44
30, 210, 44
30, 220, 39
32, 230, 38
32, 240, 41
33, 250, 39
35, 260, 39
35, 270, 44
36, 280, 44
36, 290, 44
36, 300, 44
36, 310, 42
36, 320, 41
36, 330, 41
36, 340, 40
36, 350, 41
36, 360, 40
36, 370, 39
37, 380, 39
38, 390, 40
41, 400, 41
41, 410, 44
{'count': 410, 'truepos': 37, 'falseneg': 4, 'correction': 0, 'unknownyes': 4, 'falsepos': 4, 'unique': 410}
9: K_all3.csv: three: 0, 0
2, 10
5, 20, 72
6, 30, 62
9, 40, 55
9, 50, 58
11, 60, 46
11, 70, 44
13, 80, 39
15, 90, 42
15, 100, 42
15, 110, 39
16, 120, 37
16, 130, 38
18, 140, 37
19, 150, 38
19, 160, 38
19, 170, 37
19, 180, 37
19, 190, 36
19, 200, 36
19, 210, 36
19, 220, 36
19, 230, 36
19, 240, 36
19, 250, 36
21, 260, 36
22, 270, 38
24, 280, 38
24, 290, 39
24, 300, 39
25, 310, 39
25, 320, 39
25, 330, 39
25, 340, 39
25, 350, 39
25, 360, 39
26, 370, 39
26, 380, 40
26, 390, 39
27, 400, 39
27, 410, 40
27, 420, 40
27, 430, 40
27, 440, 40
27, 450, 40
27, 460, 40
27, 470, 40
27, 480, 39
27, 490, 39
28, 500, 39
28, 510, 40
28, 520, 40
28, 530, 40
28, 540, 40
28, 550, 39
28, 560, 39
28, 570, 39
28, 580, 39
28, 590, 39
28, 600, 39
28, 610, 39
28, 620, 39
28, 630, 39
28, 640, 39
28, 650, 39
29, 660, 39
29, 670, 40
29, 680, 40
29, 690, 40
29, 700, 40
29, 710, 39
29, 720, 39
29, 730, 39
29, 740, 39
29, 750, 39
29, 760, 39
29, 770, 39
29, 780, 39
29, 790, 39
29, 800, 39
29, 810, 38
29, 820, 38
29, 830, 38
29, 840, 38
29, 850, 38
29, 860, 38
29, 870, 38
29, 880, 38
29, 890, 38
29, 900, 38
29, 910, 38
29, 920, 37
29, 930, 37
29, 940, 37
29, 950, 37
29, 960, 37
29, 970, 37
29, 980, 37
29, 990, 37
29, 1000, 37
29, 1010, 37
29, 1020, 36
29, 1030, 36
29, 1040, 36
29, 1050, 36
29, 1060, 36
29, 1070, 36
30, 1080, 36
{'count': 2203, 'truepos': 30, 'falseneg': 14, 'correction': 40, 'unknownyes': 1, 'falsepos': 0, 'unique': 1080}
9: K_all3.csv: machine: 0, 0
1, 10
2, 20, 90
5, 30, 57
5, 40, 62
5, 50, 49
6, 60, 43
[]
['no' 'no']
6, 60, 43
6, 70, 43
8, 80, 41
9, 90, 42
9, 100, 43
9, 110, 40
[]
['yes' 'no']
10, 110, 39
11, 120, 40
11, 130, 39
12, 140, 38
14, 150, 39
15, 160, 41
[]
['no' 'no']
15, 160, 41
16, 170, 41
18, 180, 41
18, 190, 44
19, 200, 42
19, 210, 43
[]
[]
19, 220, 42
20, 230, 41
20, 240, 42
20, 250, 42
20, 260, 42
20, 270, 42
[]
['yes']
20, 270, 42
20, 280, 42
20, 290, 42
20, 300, 41
22, 310, 41
23, 320, 43
[]
['no' 'no' 'yes' 'no' 'yes']
24, 320, 43
24, 330, 43
24, 340, 43
24, 350, 43
24, 360, 42
24, 370, 42
[]
['yes']
25, 370, 42
25, 380, 43
26, 390, 42
26, 400, 43
27, 410, 43
28, 420, 43
[]
['no' 'no' 'no' 'no' 'no' 'no' 'no' 'no']
28, 420, 44
28, 430, 44
29, 440, 43
29, 450, 44
30, 460, 44
30, 470, 36
['no']
['no' 'no' 'no' 'no' 'no' 'no' 'no' 'no' 'no' 'no' 'no' 'no' 'no' 'no'
 'no' 'no' 'no' 'no' 'no' 'no' 'no' 'no' 'no' 'no' 'no' 'no' 'no' 'no'
 'no' 'no' 'no' 'no' 'no' 'no' 'no' 'no' 'no' 'no' 'no' 'no' 'no' 'no'
 'no' 'no' 'no' 'no' 'no' 'no' 'no' 'no']
30, 470, 35
31, 480, 33
31, 490, 36
32, 500, 35
32, 510, 37
32, 520, 36
['no']
['no' 'no' 'no' 'no' 'no' 'yes' 'no' 'no' 'no' 'no' 'no' 'no' 'no' 'no'
 'no' 'no' 'no' 'no' 'no' 'no' 'no' 'no' 'no' 'no']
32, 520, 38
32, 530, 36
32, 540, 36
32, 550, 36
32, 560, 35
32, 570, 35
['no']
['no' 'no' 'no' 'no' 'no']
31, 570, 34
31, 580, 34
31, 590, 34
31, 600, 34
31, 610, 33
31, 620, 33
['yes']
['no' 'no' 'no']
31, 620, 33
31, 630, 33
31, 640, 33
31, 650, 33
32, 660, 33
32, 670, 34
['yes']
['yes' 'no' 'no' 'no' 'no' 'no' 'no' 'no']
{'count': 777, 'truepos': 30, 'falseneg': 9, 'correction': 7, 'unknownyes': 6, 'falsepos': 2, 'unique': 670}
9: K_all3.csv: knee: 0, 0
2, 10
4, 20
7, 30
8, 40
11, 50
12, 60
13, 70
14, 80
15, 90
16, 100
16, 110
17, 120
17, 130
18, 140
19, 150
19, 160
19, 170
19, 180
20, 190
21, 200
23, 210
23, 220
23, 230
24, 240
25, 250
25, 260
25, 270
25, 280
27, 290
28, 300
28, 310
28, 320
28, 330
28, 340
29, 350
30, 360
30, 370
30, 380
30, 390
30, 400
30, 410
30, 420
30, 430
30, 440
30, 450
31, 460
31, 470
31, 480
31, 490
31, 500
31, 510
31, 520
31, 530
31, 540
31, 550
31, 560
{'count': 835, 'truepos': 34, 'falseneg': 4, 'correction': 8, 'unknownyes': 7, 'falsepos': 2, 'unique': 560}

------------------------------------------------------------
Sender: LSF System <lsfadmin@n2e2-4>
Subject: Job 639670: </share/tjmenzie/zyu9/miniconda2/bin/python2.7 runner.py error_hpcc 9> in cluster <henry2> Done

Job </share/tjmenzie/zyu9/miniconda2/bin/python2.7 runner.py error_hpcc 9> was submitted from host <login01.hpc.ncsu.edu> by user <zyu9> in cluster <henry2> at Thu Feb  1 12:17:33 2018.
Job was executed on host(s) <2*n2e2-4>, in queue <single_chassis>, as user <zyu9> in cluster <henry2> at Thu Feb  1 12:17:40 2018.
</home/zyu9> was used as the home directory.
</home/zyu9/projects/MAR_HPC/Error/src> was used as the working directory.
Started at Thu Feb  1 12:17:40 2018.
Terminated at Thu Feb  1 13:20:38 2018.
Results reported at Thu Feb  1 13:20:38 2018.

Your job looked like:

------------------------------------------------------------
# LSBATCH: User input
/share/tjmenzie/zyu9/miniconda2/bin/python2.7 runner.py error_hpcc 9
------------------------------------------------------------

Successfully completed.

Resource usage summary:

    CPU time :                                   4623.54 sec.
    Max Memory :                                 282.88 MB
    Average Memory :                             229.01 MB
    Total Requested Memory :                     -
    Delta Memory :                               -
    Max Swap :                                   1308 MB
    Max Processes :                              3
    Max Threads :                                8
    Run time :                                   3786 sec.
    Turnaround time :                            3785 sec.

The output (if any) is above this job summary.



PS: The stderr output (if any) follows:



PS:

Fail to open stderr file ./err/9.err.639670: No such file or directory.
The stderr output is included in this report.

