9: Hall.csv: none: 0, 0
8, 10
9, 20, 128
12, 30, 120
13, 40, 123
18, 50, 111
20, 60, 117
25, 70, 74
31, 80, 73
39, 90, 79
44, 100, 90
48, 110, 93
50, 120, 92
52, 130, 87
55, 140, 84
60, 150, 86
63, 160, 90
68, 170, 88
72, 180, 94
76, 190, 95
81, 200, 95
84, 210, 99
88, 220, 102
91, 230, 106
94, 240, 109
95, 250, 117
96, 260, 111
97, 270, 108
98, 280, 112
99, 290, 110
99, 300, 113
99, 310, 110
99, 320, 112
99, 330, 107
99, 340, 111
99, 350, 109
99, 360, 108
100, 370, 107
100, 380, 116
101, 390, 108
101, 400, 112
102, 410, 110
102, 420, 111
102, 430, 109
102, 440, 109
102, 450, 109
102, 460, 109
102, 470, 109
102, 480, 109
{'count': 480, 'truepos': 102, 'falseneg': 0, 'correction': 0, 'unknownyes': 2, 'falsepos': 0, 'unique': 480}
9: Hall.csv: three: 0, 0
8, 10
12, 20, 123
14, 30, 131
16, 40, 131
17, 50, 131
19, 60, 130
22, 70, 124
29, 80, 85
34, 90, 87
40, 100, 88
47, 110, 91
49, 120, 103
57, 130, 89
59, 140, 104
61, 150, 101
63, 160, 99
66, 170, 96
71, 180, 92
75, 190, 93
80, 200, 95
83, 210, 97
85, 220, 101
87, 230, 102
91, 240, 102
93, 250, 106
94, 260, 107
94, 270, 108
96, 280, 107
97, 290, 109
98, 300, 109
99, 310, 109
99, 320, 111
99, 330, 110
101, 340, 111
101, 350, 112
101, 360, 113
101, 370, 113
101, 380, 114
101, 390, 110
101, 400, 109
101, 410, 111
101, 420, 108
101, 430, 110
101, 440, 109
102, 450, 107
102, 460, 109
102, 470, 109
102, 480, 109
102, 490, 109
102, 500, 110
102, 510, 108
{'count': 1020, 'truepos': 102, 'falseneg': 0, 'correction': 0, 'unknownyes': 2, 'falsepos': 0, 'unique': 510}
9: Hall.csv: machine: 0, 0
8, 10
12, 20, 125
13, 30, 140
16, 40, 146
20, 50, 147
26, 60, 102
26, 60, 102
32, 70, 94
36, 80, 105
39, 90, 100
44, 100, 91
48, 110, 101
48, 110, 101
52, 120, 95
57, 130, 90
59, 140, 92
65, 150, 84
68, 160, 91
68, 160, 91
74, 170, 94
76, 180, 99
78, 190, 100
81, 200, 96
84, 210, 99
84, 210, 99
88, 220, 101
91, 230, 108
93, 240, 113
94, 250, 117
95, 260, 114
95, 260, 114
95, 270, 111
96, 280, 108
97, 290, 108
98, 300, 108
99, 310, 109
99, 310, 109
99, 320, 110
100, 330, 108
100, 340, 111
100, 350, 111
101, 360, 110
101, 360, 110
101, 370, 111
101, 380, 111
102, 390, 112
102, 400, 111
102, 410, 112
102, 410, 112
102, 420, 112
102, 430, 110
102, 440, 110
102, 450, 110
102, 460, 110
102, 460, 110
102, 470, 109
102, 480, 108
102, 490, 108
102, 500, 108
102, 510, 108
102, 510, 108
{'count': 685, 'truepos': 102, 'falseneg': 0, 'correction': 0, 'unknownyes': 2, 'falsepos': 0, 'unique': 510}
9: Hall.csv: knee: 0, 0
8, 10
10, 20
15, 30
18, 40
21, 50
26, 60
34, 70
37, 80
40, 90
43, 100
47, 110
50, 120
53, 130
57, 140
61, 150
65, 160
69, 170
73, 180
77, 190
80, 200
82, 210
84, 220
89, 230
91, 240
94, 250
97, 260
97, 270
97, 280
97, 290
98, 300
98, 310
99, 320
100, 330
100, 340
100, 350
100, 360
100, 370
100, 380
{'count': 546, 'truepos': 100, 'falseneg': 0, 'correction': 0, 'unknownyes': 4, 'falsepos': 0, 'unique': 380}
9: Wahono.csv: none: 0, 0
6, 10
7, 20, 99
9, 30, 100
9, 40, 107
12, 50, 81
12, 60, 84
15, 70, 59
18, 80, 55
19, 90, 55
24, 100, 52
26, 110, 48
30, 120, 54
32, 130, 58
32, 140, 62
33, 150, 63
34, 160, 62
35, 170, 61
35, 180, 63
37, 190, 56
37, 200, 63
39, 210, 59
40, 220, 66
41, 230, 63
44, 240, 62
44, 250, 62
44, 260, 61
45, 270, 64
47, 280, 61
47, 290, 67
47, 300, 63
47, 310, 66
47, 320, 60
47, 330, 59
47, 340, 61
49, 350, 57
49, 360, 63
49, 370, 65
49, 380, 60
49, 390, 59
49, 400, 61
49, 410, 60
49, 420, 61
49, 430, 59
49, 440, 62
49, 450, 59
49, 460, 58
50, 470, 57
50, 480, 59
50, 490, 59
50, 500, 59
51, 510, 58
51, 520, 62
51, 530, 59
52, 540, 58
52, 550, 62
52, 560, 60
53, 570, 61
54, 580, 61
55, 590, 61
56, 600, 63
56, 610, 65
56, 620, 66
56, 630, 64
58, 640, 63
58, 650, 66
58, 660, 67
58, 670, 65
58, 680, 66
58, 690, 66
58, 700, 67
58, 710, 65
58, 720, 66
58, 730, 65
58, 740, 65
58, 750, 66
58, 760, 65
58, 770, 64
58, 780, 65
58, 790, 65
58, 800, 64
58, 810, 64
58, 820, 64
58, 830, 64
58, 840, 64
58, 850, 64
58, 860, 64
58, 870, 64
58, 880, 64
58, 890, 64
58, 900, 64
58, 910, 64
58, 920, 64
58, 930, 63
58, 940, 63
58, 950, 63
58, 960, 63
58, 970, 63
58, 980, 63
58, 990, 63
58, 1000, 63
58, 1010, 64
58, 1020, 63
58, 1030, 63
58, 1040, 62
58, 1050, 62
59, 1060, 62
59, 1070, 64
59, 1080, 63
59, 1090, 63
59, 1100, 64
59, 1110, 63
59, 1120, 63
59, 1130, 63
59, 1140, 63
59, 1150, 63
59, 1160, 63
59, 1170, 63
60, 1180, 63
60, 1190, 64
{'count': 1190, 'truepos': 60, 'falseneg': 0, 'correction': 0, 'unknownyes': 2, 'falsepos': 0, 'unique': 1190}
9: Wahono.csv: three: 0, 0
6, 10
8, 20, 104
8, 30, 98
10, 40, 94
12, 50, 86
14, 60, 74
16, 70, 72
20, 80, 67
23, 90, 46
24, 100, 44
26, 110, 49
26, 120, 52
26, 130, 46
30, 140, 48
32, 150, 57
32, 160, 62
35, 170, 54
36, 180, 69
36, 190, 66
38, 200, 58
39, 210, 61
40, 220, 63
40, 230, 69
40, 240, 60
41, 250, 62
43, 260, 58
44, 270, 60
44, 280, 60
45, 290, 64
45, 300, 66
46, 310, 66
47, 320, 65
47, 330, 62
48, 340, 61
48, 350, 61
48, 360, 61
48, 370, 59
48, 380, 65
48, 390, 58
48, 400, 60
48, 410, 60
48, 420, 60
48, 430, 59
49, 440, 57
49, 450, 59
49, 460, 60
49, 470, 56
49, 480, 58
50, 490, 56
50, 500, 59
50, 510, 60
50, 520, 58
51, 530, 58
52, 540, 60
52, 550, 60
53, 560, 63
53, 570, 60
55, 580, 61
58, 590, 65
58, 600, 67
58, 610, 68
58, 620, 68
58, 630, 66
58, 640, 67
58, 650, 66
58, 660, 68
58, 670, 66
58, 680, 66
58, 690, 66
58, 700, 66
58, 710, 66
58, 720, 66
58, 730, 65
58, 740, 66
58, 750, 64
58, 760, 65
58, 770, 64
58, 780, 65
58, 790, 65
58, 800, 64
58, 810, 64
58, 820, 65
58, 830, 64
58, 840, 64
58, 850, 66
58, 860, 64
58, 870, 64
58, 880, 64
58, 890, 64
58, 900, 64
58, 910, 64
58, 920, 64
58, 930, 63
58, 940, 65
58, 950, 64
59, 960, 63
59, 970, 64
59, 980, 64
59, 990, 64
59, 1000, 64
59, 1010, 64
59, 1020, 65
59, 1030, 63
59, 1040, 64
59, 1050, 64
59, 1060, 64
59, 1070, 63
59, 1080, 63
59, 1090, 63
59, 1100, 63
59, 1110, 63
59, 1120, 63
59, 1130, 63
{'count': 2260, 'truepos': 59, 'falseneg': 0, 'correction': 0, 'unknownyes': 3, 'falsepos': 0, 'unique': 1130}
9: Wahono.csv: machine: 0, 0
6, 10
6, 20, 101
7, 30, 97
12, 40, 78
14, 50, 89
15, 60, 71
17, 70, 58
20, 80, 55
22, 90, 40
22, 100, 44
25, 110, 41
28, 120, 52
28, 120, 52
30, 130, 57
31, 140, 61
31, 150, 60
33, 160, 60
34, 170, 58
34, 170, 58
35, 180, 58
36, 190, 55
37, 200, 58
38, 210, 56
38, 220, 60
38, 220, 60
39, 230, 55
39, 240, 58
40, 250, 58
40, 260, 61
41, 270, 55
41, 270, 55
42, 280, 56
44, 290, 54
44, 300, 57
45, 310, 66
45, 320, 60
45, 320, 60
45, 330, 60
45, 340, 60
48, 350, 56
49, 360, 62
49, 370, 67
49, 370, 67
49, 380, 61
49, 390, 62
49, 400, 62
49, 410, 59
49, 420, 62
49, 420, 62
49, 430, 60
49, 440, 58
50, 450, 58
50, 460, 60
50, 470, 59
50, 470, 59
50, 480, 60
50, 490, 58
50, 500, 57
50, 510, 59
51, 520, 58
51, 520, 58
51, 530, 60
53, 540, 58
53, 550, 60
55, 560, 60
56, 570, 64
56, 570, 64
56, 580, 65
58, 590, 66
58, 600, 69
58, 610, 67
58, 620, 68
58, 620, 68
58, 630, 67
58, 640, 66
58, 650, 66
58, 660, 66
58, 670, 67
58, 670, 67
58, 680, 65
58, 690, 66
58, 700, 65
58, 710, 65
58, 720, 66
58, 720, 66
58, 730, 65
58, 740, 66
59, 750, 65
59, 760, 66
59, 770, 66
59, 770, 66
59, 780, 68
59, 790, 66
59, 800, 67
59, 810, 67
59, 820, 65
59, 820, 65
59, 830, 66
59, 840, 66
59, 850, 66
59, 860, 65
59, 870, 66
59, 870, 66
59, 880, 65
59, 890, 65
59, 900, 65
59, 910, 64
59, 920, 64
59, 920, 64
59, 930, 65
59, 940, 65
59, 950, 65
59, 960, 63
59, 970, 64
59, 970, 64
59, 980, 63
59, 990, 63
59, 1000, 64
59, 1010, 63
59, 1020, 64
59, 1020, 64
59, 1030, 64
59, 1040, 63
59, 1050, 63
59, 1060, 63
59, 1070, 64
59, 1070, 64
59, 1080, 64
59, 1090, 63
59, 1100, 64
59, 1110, 64
59, 1120, 63
59, 1120, 63
59, 1130, 63
59, 1140, 63
59, 1150, 63
{'count': 1707, 'truepos': 59, 'falseneg': 0, 'correction': 0, 'unknownyes': 3, 'falsepos': 0, 'unique': 1150}
9: Wahono.csv: knee: 0, 0
6, 10
8, 20
10, 30
10, 40
11, 50
14, 60
15, 70
18, 80
18, 90
20, 100
23, 110
24, 120
25, 130
26, 140
28, 150
33, 160
35, 170
36, 180
36, 190
36, 200
37, 210
37, 220
38, 230
38, 240
39, 250
40, 260
41, 270
43, 280
43, 290
43, 300
43, 310
44, 320
45, 330
45, 340
46, 350
46, 360
46, 370
47, 380
49, 390
51, 400
51, 410
51, 420
51, 430
51, 440
51, 450
51, 460
51, 470
51, 480
51, 490
51, 500
51, 510
52, 520
52, 530
53, 540
54, 550
55, 560
56, 570
56, 580
57, 590
57, 600
57, 610
57, 620
57, 630
57, 640
57, 650
57, 660
58, 670
58, 680
58, 690
58, 700
58, 710
58, 720
58, 730
58, 740
58, 750
58, 760
58, 770
58, 780
58, 790
58, 800
58, 810
59, 820
59, 830
59, 840
59, 850
59, 860
59, 870
59, 880
59, 890
{'count': 1247, 'truepos': 59, 'falseneg': 0, 'correction': 0, 'unknownyes': 3, 'falsepos': 0, 'unique': 890}
9: Danijel.csv: none: 0, 0
4, 10
4, 20, 120
6, 30, 94
9, 40, 79
10, 50, 83
13, 60, 67
13, 70, 65
15, 80, 55
20, 90, 56
20, 100, 46
23, 110, 38
27, 120, 43
28, 130, 48
30, 140, 49
30, 150, 48
30, 160, 47
30, 170, 46
31, 180, 43
33, 190, 44
34, 200, 47
35, 210, 48
35, 220, 46
36, 230, 47
36, 240, 49
37, 250, 46
39, 260, 47
39, 270, 48
41, 280, 49
41, 290, 51
41, 300, 50
41, 310, 50
41, 320, 51
41, 330, 49
41, 340, 49
42, 350, 48
42, 360, 50
42, 370, 49
42, 380, 49
42, 390, 49
42, 400, 49
42, 410, 48
42, 420, 48
42, 430, 48
42, 440, 48
42, 450, 48
42, 460, 47
43, 470, 48
43, 480, 48
44, 490, 47
44, 500, 49
44, 510, 48
44, 520, 48
44, 530, 48
44, 540, 49
44, 550, 50
44, 560, 48
44, 570, 49
44, 580, 48
44, 590, 49
44, 600, 48
44, 610, 49
45, 620, 48
45, 630, 49
45, 640, 49
45, 650, 49
45, 660, 48
45, 670, 49
45, 680, 49
45, 690, 49
45, 700, 49
{'count': 700, 'truepos': 45, 'falseneg': 0, 'correction': 0, 'unknownyes': 3, 'falsepos': 0, 'unique': 700}
9: Danijel.csv: three: 0, 0
4, 10
4, 20, 123
6, 30, 88
7, 40, 76
9, 50, 62
9, 60, 57
10, 70, 49
13, 80, 47
17, 90, 52
21, 100, 55
23, 110, 45
26, 120, 45
28, 130, 47
28, 140, 53
28, 150, 49
29, 160, 45
29, 170, 45
30, 180, 45
31, 190, 44
32, 200, 44
34, 210, 44
34, 220, 44
35, 230, 45
36, 240, 45
37, 250, 46
37, 260, 48
37, 270, 46
37, 280, 48
38, 290, 46
39, 300, 46
40, 310, 46
40, 320, 48
41, 330, 47
41, 340, 50
41, 350, 48
41, 360, 50
41, 370, 49
42, 380, 47
42, 390, 49
43, 400, 49
43, 410, 51
43, 420, 49
43, 430, 50
43, 440, 50
43, 450, 50
43, 460, 48
43, 470, 50
43, 480, 48
43, 490, 48
43, 500, 49
44, 510, 49
44, 520, 50
44, 530, 50
44, 540, 49
44, 550, 49
44, 560, 49
44, 570, 51
44, 580, 49
44, 590, 48
44, 600, 49
44, 610, 47
44, 620, 47
44, 630, 48
44, 640, 47
44, 650, 48
45, 660, 48
45, 670, 48
45, 680, 49
45, 690, 49
45, 700, 48
46, 710, 48
46, 720, 49
46, 730, 50
46, 740, 49
{'count': 1480, 'truepos': 46, 'falseneg': 0, 'correction': 0, 'unknownyes': 2, 'falsepos': 0, 'unique': 740}
9: Danijel.csv: machine: 0, 0
4, 10
4, 20, 124
6, 30, 94
9, 40, 77
9, 50, 75
9, 60, 57
9, 60, 57
11, 70, 53
13, 80, 52
15, 90, 50
19, 100, 53
26, 110, 55
26, 110, 55
26, 120, 56
27, 130, 50
29, 140, 49
30, 150, 48
31, 160, 49
31, 160, 49
31, 170, 51
32, 180, 45
32, 190, 48
34, 200, 47
35, 210, 47
35, 210, 47
37, 220, 49
37, 230, 48
37, 240, 47
39, 250, 47
40, 260, 54
40, 260, 54
40, 270, 52
41, 280, 53
41, 290, 51
41, 300, 50
41, 310, 49
41, 310, 49
41, 320, 49
41, 330, 49
41, 340, 52
41, 350, 50
41, 360, 48
41, 360, 48
41, 370, 48
41, 380, 47
41, 390, 47
41, 400, 47
41, 410, 48
41, 410, 48
41, 420, 48
42, 430, 47
43, 440, 48
43, 450, 49
43, 460, 49
43, 460, 49
44, 470, 48
44, 480, 50
44, 490, 49
44, 500, 51
44, 510, 50
44, 510, 50
44, 520, 49
44, 530, 49
44, 540, 48
44, 550, 49
44, 560, 48
44, 560, 48
44, 570, 49
44, 580, 48
44, 590, 49
44, 600, 49
45, 610, 48
45, 610, 48
45, 620, 49
45, 630, 49
45, 640, 48
45, 650, 48
45, 660, 49
45, 660, 49
45, 670, 49
45, 680, 49
45, 690, 49
45, 700, 48
45, 710, 49
45, 710, 49
45, 720, 48
45, 730, 48
45, 740, 48
45, 750, 48
45, 760, 48
45, 760, 48
{'count': 1270, 'truepos': 45, 'falseneg': 0, 'correction': 0, 'unknownyes': 3, 'falsepos': 0, 'unique': 760}
9: Danijel.csv: knee: 0, 0
4, 10
5, 20
6, 30
8, 40
11, 50
13, 60
15, 70
19, 80
19, 90
23, 100
23, 110
24, 120
25, 130
25, 140
26, 150
30, 160
33, 170
34, 180
34, 190
34, 200
35, 210
35, 220
35, 230
37, 240
38, 250
38, 260
39, 270
39, 280
39, 290
39, 300
40, 310
40, 320
41, 330
41, 340
41, 350
42, 360
42, 370
42, 380
42, 390
42, 400
42, 410
42, 420
42, 430
42, 440
42, 450
42, 460
42, 470
{'count': 624, 'truepos': 42, 'falseneg': 0, 'correction': 0, 'unknownyes': 6, 'falsepos': 0, 'unique': 470}
9: K_all3.csv: none: 0, 0
2, 10
5, 20, 71
6, 30, 63
11, 40, 54
13, 50, 65
15, 60, 61
18, 70, 59
20, 80, 60
20, 90, 36
21, 100, 31
22, 110, 34
23, 120, 34
23, 130, 34
25, 140, 33
27, 150, 34
27, 160, 38
27, 170, 38
28, 180, 35
30, 190, 34
30, 200, 39
30, 210, 38
30, 220, 36
30, 230, 36
31, 240, 36
31, 250, 38
32, 260, 35
32, 270, 36
32, 280, 36
32, 290, 38
32, 300, 37
33, 310, 36
35, 320, 37
36, 330, 39
36, 340, 39
37, 350, 39
37, 360, 40
37, 370, 41
37, 380, 40
37, 390, 40
39, 400, 39
{'count': 400, 'truepos': 39, 'falseneg': 0, 'correction': 0, 'unknownyes': 6, 'falsepos': 0, 'unique': 400}
9: K_all3.csv: three: 0, 0
2, 10
5, 20, 71
6, 30, 63
11, 40, 54
13, 50, 64
15, 60, 59
17, 70, 56
19, 80, 53
22, 90, 50
22, 100, 39
23, 110, 35
23, 120, 33
24, 130, 33
26, 140, 35
27, 150, 36
27, 160, 41
27, 170, 35
28, 180, 36
29, 190, 36
29, 200, 37
30, 210, 36
30, 220, 37
30, 230, 35
30, 240, 34
31, 250, 34
31, 260, 36
31, 270, 36
31, 280, 35
31, 290, 36
32, 300, 34
32, 310, 35
33, 320, 35
33, 330, 36
35, 340, 36
35, 350, 40
36, 360, 38
36, 370, 38
37, 380, 39
38, 390, 39
{'count': 780, 'truepos': 38, 'falseneg': 0, 'correction': 0, 'unknownyes': 7, 'falsepos': 0, 'unique': 390}
9: K_all3.csv: machine: 0, 0
2, 10
5, 20, 71
6, 30, 63
11, 40, 55
13, 50, 64
15, 60, 58
15, 60, 58
18, 70, 58
20, 80, 58
20, 90, 36
20, 100, 32
21, 110, 31
21, 110, 31
21, 120, 29
22, 130, 30
22, 140, 34
23, 150, 31
24, 160, 31
24, 160, 31
26, 170, 35
26, 180, 36
27, 190, 35
28, 200, 33
30, 210, 36
30, 210, 36
30, 220, 37
30, 230, 36
30, 240, 36
30, 250, 35
31, 260, 34
31, 260, 34
32, 270, 35
32, 280, 38
33, 290, 36
33, 300, 36
33, 310, 38
33, 310, 38
33, 320, 36
33, 330, 35
34, 340, 36
36, 350, 37
36, 360, 39
36, 360, 39
37, 370, 39
38, 380, 40
38, 390, 41
39, 400, 41
{'count': 611, 'truepos': 39, 'falseneg': 0, 'correction': 0, 'unknownyes': 6, 'falsepos': 0, 'unique': 400}
9: K_all3.csv: knee: 0, 0
2, 10
5, 20
6, 30
11, 40
13, 50
13, 60
15, 70
17, 80
19, 90
22, 100
22, 110
23, 120
23, 130
24, 140
26, 150
28, 160
28, 170
28, 180
29, 190
29, 200
29, 210
29, 220
30, 230
30, 240
30, 250
30, 260
30, 270
32, 280
32, 290
33, 300
33, 310
33, 320
34, 330
34, 340
35, 350
36, 360
37, 370
38, 380
38, 390
38, 400
39, 410
39, 420
39, 430
39, 440
39, 450
39, 460
40, 470
40, 480
40, 490
40, 500
42, 510
42, 520
42, 530
42, 540
42, 550
42, 560
42, 570
42, 580
42, 590
42, 600
42, 610
42, 620
42, 630
42, 640
42, 650
43, 660
43, 670
43, 680
43, 690
43, 700
43, 710
{'count': 857, 'truepos': 43, 'falseneg': 0, 'correction': 0, 'unknownyes': 2, 'falsepos': 0, 'unique': 710}

------------------------------------------------------------
Sender: LSF System <lsfadmin@n2e2-9>
Subject: Job 629145: </share/tjmenzie/zyu9/miniconda2/bin/python2.7 runner.py error_hpcc 9> in cluster <henry2> Done

Job </share/tjmenzie/zyu9/miniconda2/bin/python2.7 runner.py error_hpcc 9> was submitted from host <login01.hpc.ncsu.edu> by user <zyu9> in cluster <henry2> at Tue Jan 30 18:08:16 2018.
Job was executed on host(s) <2*n2e2-9>, in queue <single_chassis>, as user <zyu9> in cluster <henry2> at Tue Jan 30 18:08:18 2018.
</home/zyu9> was used as the home directory.
</home/zyu9/projects/MAR_HPC/Error/src> was used as the working directory.
Started at Tue Jan 30 18:08:18 2018.
Terminated at Tue Jan 30 18:53:11 2018.
Results reported at Tue Jan 30 18:53:11 2018.

Your job looked like:

------------------------------------------------------------
# LSBATCH: User input
/share/tjmenzie/zyu9/miniconda2/bin/python2.7 runner.py error_hpcc 9
------------------------------------------------------------

Successfully completed.

Resource usage summary:

    CPU time :                                   3603.26 sec.
    Max Memory :                                 285.63 MB
    Average Memory :                             228.25 MB
    Total Requested Memory :                     -
    Delta Memory :                               -
    Max Swap :                                   1312 MB
    Max Processes :                              3
    Max Threads :                                8
    Run time :                                   2693 sec.
    Turnaround time :                            2695 sec.

The output (if any) is above this job summary.



PS:

Read file <./err/9.err.629145> for stderr output of this job.

