9: Hall.csv: none: 0, 0
7, 10
9, 20, 117
11, 30, 118
14, 40, 114
16, 50, 123
20, 60, 122
22, 70, 89
30, 80, 81
33, 90, 92
36, 100, 88
37, 110, 84
43, 120, 75
44, 130, 94
45, 140, 87
47, 150, 80
49, 160, 81
51, 170, 76
53, 180, 81
53, 190, 85
56, 200, 78
57, 210, 77
58, 220, 77
60, 230, 77
60, 240, 79
60, 250, 82
64, 260, 79
64, 270, 83
64, 280, 81
65, 290, 83
65, 300, 86
65, 310, 87
66, 320, 81
66, 330, 85
66, 340, 87
66, 350, 81
68, 360, 82
70, 370, 83
71, 380, 85
71, 390, 88
71, 400, 85
73, 410, 83
73, 420, 90
73, 430, 87
73, 440, 88
74, 450, 87
74, 460, 85
74, 470, 86
74, 480, 88
74, 490, 87
74, 500, 85
74, 510, 86
74, 520, 84
74, 530, 84
74, 540, 84
74, 550, 85
74, 560, 84
74, 570, 84
74, 580, 83
74, 590, 85
74, 600, 84
74, 610, 83
74, 620, 82
74, 630, 82
74, 640, 82
74, 650, 82
74, 660, 82
74, 670, 81
74, 680, 81
74, 690, 81
74, 700, 81
74, 710, 81
74, 720, 81
74, 730, 81
74, 740, 81
74, 750, 81
74, 760, 81
74, 770, 80
74, 780, 80
75, 790, 80
75, 800, 83
75, 810, 81
75, 820, 81
76, 830, 81
76, 840, 81
76, 850, 82
76, 860, 83
76, 870, 83
76, 880, 82
76, 890, 82
76, 900, 81
76, 910, 81
76, 920, 81
76, 930, 82
76, 940, 81
76, 950, 81
76, 960, 81
76, 970, 81
76, 980, 81
76, 990, 81
76, 1000, 81
76, 1010, 81
76, 1020, 81
{'count': 1020, 'truepos': 72, 'falseneg': 30, 'correction': 0, 'unknownyes': 2, 'falsepos': 4, 'unique': 1020}
9: Hall.csv: three: 0, 0
7, 10
11, 20, 112
13, 30, 132
18, 40, 131
19, 50, 149
19, 60, 144
22, 70, 127
25, 80, 97
30, 90, 95
34, 100, 99
40, 110, 103
42, 120, 120
47, 130, 101
52, 140, 96
56, 150, 105
57, 160, 120
59, 170, 92
59, 180, 92
61, 190, 89
62, 200, 88
63, 210, 94
67, 220, 88
69, 230, 87
71, 240, 92
73, 250, 90
74, 260, 92
75, 270, 94
76, 280, 88
77, 290, 90
77, 300, 94
77, 310, 93
77, 320, 88
77, 330, 90
77, 340, 89
77, 350, 89
77, 360, 85
77, 370, 90
77, 380, 86
78, 390, 83
78, 400, 89
79, 410, 90
79, 420, 87
79, 430, 89
79, 440, 88
79, 450, 90
79, 460, 86
79, 470, 86
79, 480, 88
79, 490, 86
79, 500, 86
79, 510, 86
79, 520, 85
79, 530, 84
79, 540, 85
79, 550, 84
79, 560, 85
79, 570, 86
79, 580, 85
79, 590, 84
79, 600, 86
{'count': 1253, 'truepos': 79, 'falseneg': 23, 'correction': 49, 'unknownyes': 2, 'falsepos': 0, 'unique': 600}
9: Hall.csv: machine: 0, 0
5, 10
6, 20, 102
8, 30, 101
9, 40, 96
14, 50, 87
18, 60, 100
19, 70, 100
22, 80, 93
26, 90, 60
32, 100, 69
36, 110, 78
39, 120, 77
49, 120, 77
51, 130, 92
55, 140, 86
56, 150, 91
60, 160, 86
61, 170, 89
65, 170, 89
67, 180, 92
69, 190, 92
72, 200, 87
74, 210, 92
75, 220, 92
80, 220, 92
80, 230, 95
81, 240, 96
82, 250, 94
83, 260, 98
84, 270, 98
85, 270, 98
85, 280, 97
85, 290, 105
85, 300, 100
85, 310, 94
88, 320, 94
91, 320, 94
94, 330, 107
94, 340, 114
94, 350, 105
96, 360, 105
96, 370, 110
96, 370, 110
97, 380, 106
97, 390, 106
97, 400, 105
97, 410, 106
97, 420, 105
97, 420, 105
97, 430, 104
97, 440, 103
97, 450, 104
97, 460, 103
97, 470, 103
97, 470, 103
{'count': 674, 'truepos': 95, 'falseneg': 6, 'correction': 23, 'unknownyes': 3, 'falsepos': 2, 'unique': 470}
9: Hall.csv: knee: 0, 0
7, 10
10, 20
10, 30
12, 40
14, 50
18, 60
24, 70
28, 80
34, 90
39, 100
41, 110
46, 120
50, 130
50, 140
52, 150
53, 160
54, 170
56, 180
57, 190
58, 200
60, 210
63, 220
66, 230
69, 240
71, 250
73, 260
74, 270
75, 280
75, 290
75, 300
75, 310
77, 320
78, 330
78, 340
78, 350
78, 360
78, 370
78, 380
78, 390
78, 400
78, 410
78, 420
78, 430
78, 440
78, 450
{'count': 642, 'truepos': 93, 'falseneg': 8, 'correction': 15, 'unknownyes': 3, 'falsepos': 0, 'unique': 450}
9: Wahono.csv: none: 0, 0
3, 10
4, 20, 98
5, 30, 87
5, 40, 61
7, 50, 44
8, 60, 44
9, 70, 44
10, 80, 46
10, 90, 44
11, 100, 42
12, 110, 42
12, 120, 42
12, 130, 40
13, 140, 40
14, 150, 41
14, 160, 41
14, 170, 42
14, 180, 42
15, 190, 42
15, 200, 45
16, 210, 45
16, 220, 45
16, 230, 45
17, 240, 45
17, 250, 47
18, 260, 47
18, 270, 47
18, 280, 47
19, 290, 48
20, 300, 48
21, 310, 37
21, 320, 40
21, 330, 38
21, 340, 36
21, 350, 36
22, 360, 35
23, 370, 37
23, 380, 38
23, 390, 39
23, 400, 39
23, 410, 37
23, 420, 36
23, 430, 34
23, 440, 36
24, 450, 34
24, 460, 36
24, 470, 35
24, 480, 35
24, 490, 36
24, 500, 36
24, 510, 35
24, 520, 34
24, 530, 32
24, 540, 34
24, 550, 34
24, 560, 34
24, 570, 33
24, 580, 34
25, 590, 33
25, 600, 33
25, 610, 34
25, 620, 34
25, 630, 33
25, 640, 33
25, 650, 33
26, 660, 33
26, 670, 35
27, 680, 34
27, 690, 36
27, 700, 34
27, 710, 34
27, 720, 35
28, 730, 34
28, 740, 36
31, 750, 35
31, 760, 41
31, 770, 39
31, 780, 39
31, 790, 38
31, 800, 39
31, 810, 38
31, 820, 39
31, 830, 39
31, 840, 38
31, 850, 37
31, 860, 38
31, 870, 38
31, 880, 37
31, 890, 37
31, 900, 38
31, 910, 38
32, 920, 37
32, 930, 39
32, 940, 39
32, 950, 38
32, 960, 38
32, 970, 38
32, 980, 38
32, 990, 37
32, 1000, 38
32, 1010, 37
32, 1020, 37
32, 1030, 37
32, 1040, 37
32, 1050, 37
32, 1060, 37
32, 1070, 37
32, 1080, 37
32, 1090, 37
32, 1100, 37
32, 1110, 36
32, 1120, 37
32, 1130, 36
32, 1140, 37
32, 1150, 37
32, 1160, 36
32, 1170, 37
32, 1180, 36
32, 1190, 37
32, 1200, 36
32, 1210, 37
32, 1220, 36
32, 1230, 36
32, 1240, 36
32, 1250, 36
32, 1260, 36
32, 1270, 36
32, 1280, 36
32, 1290, 36
32, 1300, 36
32, 1310, 36
32, 1320, 36
32, 1330, 36
32, 1340, 36
32, 1350, 36
32, 1360, 36
32, 1370, 36
32, 1380, 36
32, 1390, 36
32, 1400, 36
32, 1410, 36
32, 1420, 35
32, 1430, 36
33, 1440, 36
33, 1450, 37
33, 1460, 37
33, 1470, 37
33, 1480, 37
33, 1490, 37
33, 1500, 37
33, 1510, 37
33, 1520, 37
33, 1530, 36
34, 1540, 37
34, 1550, 38
34, 1560, 37
34, 1570, 37
34, 1580, 37
34, 1590, 37
34, 1600, 38
34, 1610, 37
34, 1620, 38
34, 1630, 37
34, 1640, 37
34, 1650, 37
34, 1660, 37
34, 1670, 38
34, 1680, 37
34, 1690, 38
34, 1700, 38
34, 1710, 36
34, 1720, 37
34, 1730, 37
34, 1740, 37
34, 1750, 37
34, 1760, 37
34, 1770, 37
34, 1780, 37
34, 1790, 37
34, 1800, 37
34, 1810, 37
34, 1820, 36
34, 1830, 36
34, 1840, 36
34, 1850, 37
34, 1860, 36
34, 1870, 37
34, 1880, 36
34, 1890, 37
34, 1900, 36
34, 1910, 37
34, 1920, 36
34, 1930, 36
34, 1940, 36
35, 1950, 36
35, 1960, 38
35, 1970, 38
35, 1980, 38
35, 1990, 37
35, 2000, 37
35, 2010, 38
35, 2020, 38
35, 2030, 37
35, 2040, 37
35, 2050, 38
35, 2060, 37
35, 2070, 37
35, 2080, 37
35, 2090, 37
35, 2100, 37
35, 2110, 37
35, 2120, 37
35, 2130, 37
35, 2140, 37
35, 2150, 37
35, 2160, 37
35, 2170, 37
35, 2180, 37
35, 2190, 37
35, 2200, 37
35, 2210, 37
35, 2220, 37
35, 2230, 37
35, 2240, 37
35, 2250, 37
35, 2260, 37
35, 2270, 37
35, 2280, 37
35, 2290, 37
35, 2300, 37
35, 2310, 37
35, 2320, 37
35, 2330, 37
35, 2340, 37
35, 2350, 37
35, 2360, 37
{'count': 2360, 'truepos': 30, 'falseneg': 29, 'correction': 0, 'unknownyes': 3, 'falsepos': 5, 'unique': 2360}
9: Wahono.csv: three: 0, 0
5, 10
6, 20, 92
8, 30, 86
9, 40, 90
11, 50, 70
14, 60, 62
14, 70, 65
14, 80, 48
15, 90, 45
15, 100, 41
15, 110, 42
16, 120, 42
17, 130, 45
17, 140, 45
17, 150, 44
17, 160, 44
17, 170, 44
17, 180, 45
17, 190, 45
17, 200, 45
17, 210, 46
19, 220, 46
19, 230, 49
19, 240, 48
19, 250, 48
19, 260, 48
22, 270, 48
22, 280, 39
25, 290, 36
28, 300, 45
29, 310, 45
29, 320, 48
30, 330, 46
31, 340, 47
31, 350, 50
31, 360, 48
32, 370, 49
32, 380, 47
33, 390, 46
33, 400, 47
35, 410, 46
36, 420, 50
36, 430, 50
37, 440, 48
37, 450, 52
37, 460, 50
37, 470, 51
38, 480, 49
38, 490, 49
38, 500, 50
39, 510, 49
39, 520, 49
39, 530, 50
39, 540, 49
39, 550, 49
39, 560, 49
39, 570, 49
39, 580, 47
39, 590, 46
39, 600, 47
39, 610, 47
40, 620, 46
40, 630, 48
40, 640, 47
40, 650, 47
40, 660, 47
40, 670, 47
40, 680, 47
40, 690, 47
40, 700, 48
40, 710, 46
41, 720, 45
41, 730, 49
41, 740, 47
41, 750, 47
41, 760, 48
41, 770, 47
41, 780, 47
41, 790, 47
41, 800, 47
41, 810, 48
41, 820, 47
41, 830, 47
42, 840, 46
42, 850, 47
43, 860, 48
43, 870, 49
43, 880, 48
43, 890, 48
43, 900, 49
43, 910, 48
43, 920, 48
43, 930, 48
43, 940, 48
43, 950, 48
43, 960, 49
43, 970, 48
43, 980, 48
43, 990, 48
43, 1000, 47
44, 1010, 48
44, 1020, 50
44, 1030, 49
44, 1040, 49
44, 1050, 48
44, 1060, 49
44, 1070, 48
44, 1080, 49
44, 1090, 48
44, 1100, 48
44, 1110, 48
44, 1120, 48
44, 1130, 48
44, 1140, 49
44, 1150, 48
44, 1160, 48
44, 1170, 48
44, 1180, 48
44, 1190, 48
44, 1200, 48
44, 1210, 47
44, 1220, 47
44, 1230, 48
44, 1240, 47
44, 1250, 48
44, 1260, 48
44, 1270, 47
44, 1280, 47
44, 1290, 47
44, 1300, 47
44, 1310, 47
44, 1320, 47
44, 1330, 47
44, 1340, 47
44, 1350, 48
44, 1360, 47
44, 1370, 47
44, 1380, 47
44, 1390, 47
44, 1400, 47
44, 1410, 47
44, 1420, 47
{'count': 2872, 'truepos': 44, 'falseneg': 15, 'correction': 26, 'unknownyes': 3, 'falsepos': 0, 'unique': 1420}
9: Wahono.csv: machine: 0, 0
5, 10
5, 20, 96
7, 30, 91
9, 40, 89
10, 50, 85
12, 60, 67
15, 70, 54
16, 80, 60
18, 90, 54
18, 100, 59
19, 110, 52
22, 120, 56
25, 120, 56
26, 130, 55
29, 140, 54
30, 150, 65
31, 160, 64
31, 170, 64
33, 170, 64
34, 180, 62
34, 190, 62
34, 200, 61
34, 210, 65
34, 220, 57
34, 220, 57
34, 230, 57
34, 240, 54
34, 250, 51
34, 260, 51
34, 270, 50
39, 270, 50
40, 280, 55
40, 290, 57
42, 300, 57
43, 310, 61
43, 320, 61
44, 320, 61
44, 330, 62
44, 340, 61
44, 350, 61
44, 360, 59
44, 370, 57
45, 370, 57
45, 380, 60
45, 390, 58
45, 400, 58
45, 410, 57
45, 420, 57
47, 420, 57
47, 430, 61
47, 440, 60
47, 450, 60
48, 460, 57
48, 470, 64
48, 470, 64
50, 480, 56
50, 490, 59
52, 500, 60
52, 510, 61
53, 520, 60
54, 520, 60
54, 530, 62
54, 540, 63
54, 550, 63
55, 560, 62
56, 570, 64
56, 570, 64
56, 580, 66
57, 590, 64
57, 600, 68
57, 610, 67
57, 620, 67
57, 620, 67
57, 630, 66
58, 640, 66
58, 650, 67
58, 660, 66
58, 670, 68
58, 670, 68
58, 680, 66
58, 690, 65
58, 700, 65
58, 710, 65
58, 720, 66
58, 720, 66
58, 730, 65
58, 740, 65
58, 750, 65
58, 760, 65
58, 770, 65
58, 770, 65
58, 780, 66
58, 790, 65
58, 800, 64
58, 810, 64
58, 820, 64
58, 820, 64
58, 830, 64
58, 840, 63
58, 850, 64
58, 860, 64
58, 870, 63
58, 870, 63
58, 880, 63
59, 890, 63
59, 900, 64
59, 910, 64
59, 920, 65
60, 920, 65
60, 930, 66
60, 940, 64
60, 950, 65
61, 960, 64
61, 970, 66
62, 970, 66
62, 980, 67
62, 990, 68
62, 1000, 68
62, 1010, 68
62, 1020, 67
62, 1020, 67
62, 1030, 67
62, 1040, 68
62, 1050, 68
62, 1060, 67
62, 1070, 66
62, 1070, 66
62, 1080, 67
62, 1090, 66
62, 1100, 67
62, 1110, 66
62, 1120, 66
62, 1120, 66
62, 1130, 66
62, 1140, 66
62, 1150, 67
62, 1160, 66
62, 1170, 66
62, 1170, 66
62, 1180, 66
62, 1190, 66
62, 1200, 66
62, 1210, 66
63, 1220, 66
{'count': 1908, 'truepos': 55, 'falseneg': 4, 'correction': 13, 'unknownyes': 3, 'falsepos': 8, 'unique': 1220}
9: Wahono.csv: knee: 0, 0
5, 10
6, 20
6, 30
8, 40
11, 50
13, 60
14, 70
17, 80
18, 90
19, 100
20, 110
21, 120
22, 130
22, 140
22, 150
24, 160
25, 170
25, 180
25, 190
25, 200
26, 210
28, 220
30, 230
31, 240
32, 250
32, 260
33, 270
34, 280
34, 290
35, 300
35, 310
36, 320
37, 330
38, 340
38, 350
38, 360
38, 370
38, 380
38, 390
38, 400
38, 410
39, 420
40, 430
40, 440
40, 450
40, 460
41, 470
41, 480
41, 490
41, 500
41, 510
42, 520
42, 530
42, 540
42, 550
42, 560
42, 570
42, 580
42, 590
43, 600
43, 610
45, 620
45, 630
45, 640
45, 650
45, 660
45, 670
45, 680
45, 690
45, 700
45, 710
46, 720
47, 730
48, 740
48, 750
48, 760
48, 770
48, 780
48, 790
49, 800
49, 810
49, 820
49, 830
49, 840
50, 850
50, 860
50, 870
50, 880
50, 890
50, 900
50, 910
50, 920
50, 930
51, 940
51, 950
51, 960
51, 970
51, 980
51, 990
51, 1000
51, 1010
51, 1020
51, 1030
51, 1040
51, 1050
51, 1060
51, 1070
51, 1080
51, 1090
51, 1100
{'count': 1415, 'truepos': 51, 'falseneg': 9, 'correction': 12, 'unknownyes': 2, 'falsepos': 1, 'unique': 1100}
9: Danijel.csv: none: 0, 0
2, 10
3, 20, 100
3, 30, 95
4, 40, 64
5, 50, 64
7, 60, 56
8, 70, 54
10, 80, 51
12, 90, 54
14, 100, 50
14, 110, 51
15, 120, 45
16, 130, 44
16, 140, 43
17, 150, 42
17, 160, 41
17, 170, 41
17, 180, 40
17, 190, 40
17, 200, 40
17, 210, 40
17, 220, 40
17, 230, 40
17, 240, 41
17, 250, 41
18, 260, 41
18, 270, 41
18, 280, 41
18, 290, 41
19, 300, 41
19, 310, 43
20, 320, 43
20, 330, 31
20, 340, 31
20, 350, 30
20, 360, 28
21, 370, 28
22, 380, 29
22, 390, 31
23, 400, 30
24, 410, 30
24, 420, 32
25, 430, 32
26, 440, 34
26, 450, 35
26, 460, 34
26, 470, 35
26, 480, 36
26, 490, 34
26, 500, 35
26, 510, 33
26, 520, 34
26, 530, 33
26, 540, 34
26, 550, 33
26, 560, 33
26, 570, 33
26, 580, 33
26, 590, 32
26, 600, 31
27, 610, 32
27, 620, 34
27, 630, 33
28, 640, 33
28, 650, 34
28, 660, 34
28, 670, 36
28, 680, 33
28, 690, 33
28, 700, 33
28, 710, 33
28, 720, 34
28, 730, 33
28, 740, 33
28, 750, 33
28, 760, 34
28, 770, 32
28, 780, 33
28, 790, 33
28, 800, 32
28, 810, 33
28, 820, 33
28, 830, 33
28, 840, 32
28, 850, 33
28, 860, 32
28, 870, 32
28, 880, 32
28, 890, 32
29, 900, 31
29, 910, 33
29, 920, 32
29, 930, 33
29, 940, 32
29, 950, 33
29, 960, 32
29, 970, 32
30, 980, 32
30, 990, 34
30, 1000, 34
30, 1010, 33
30, 1020, 33
30, 1030, 33
30, 1040, 33
30, 1050, 33
30, 1060, 33
30, 1070, 33
30, 1080, 33
30, 1090, 33
30, 1100, 33
30, 1110, 33
30, 1120, 33
30, 1130, 33
30, 1140, 33
30, 1150, 33
30, 1160, 33
30, 1170, 33
30, 1180, 33
30, 1190, 33
30, 1200, 33
31, 1210, 33
31, 1220, 33
31, 1230, 34
31, 1240, 33
31, 1250, 33
31, 1260, 33
31, 1270, 33
31, 1280, 34
31, 1290, 33
31, 1300, 33
31, 1310, 34
31, 1320, 33
31, 1330, 33
31, 1340, 33
31, 1350, 33
31, 1360, 33
31, 1370, 33
31, 1380, 33
31, 1390, 33
31, 1400, 33
31, 1410, 33
31, 1420, 33
31, 1430, 33
31, 1440, 33
31, 1450, 33
31, 1460, 33
31, 1470, 33
31, 1480, 33
31, 1490, 33
31, 1500, 33
32, 1510, 33
32, 1520, 34
32, 1530, 35
32, 1540, 34
32, 1550, 34
32, 1560, 34
32, 1570, 34
32, 1580, 34
32, 1590, 34
32, 1600, 34
32, 1610, 34
32, 1620, 34
32, 1630, 34
32, 1640, 34
32, 1650, 34
32, 1660, 34
32, 1670, 34
32, 1680, 34
32, 1690, 34
32, 1700, 34
32, 1710, 34
32, 1720, 34
32, 1730, 34
32, 1740, 34
{'count': 1740, 'truepos': 27, 'falseneg': 19, 'correction': 0, 'unknownyes': 2, 'falsepos': 5, 'unique': 1740}
9: Danijel.csv: three: 0, 0
2, 10
2, 20, 99
3, 30, 66
4, 40, 55
4, 50, 52
6, 60, 47
7, 70, 56
10, 80, 51
11, 90, 58
11, 100, 56
12, 110, 52
13, 120, 50
15, 130, 51
18, 140, 49
20, 150, 46
24, 160, 37
24, 170, 42
25, 180, 42
27, 190, 38
28, 200, 42
29, 210, 40
29, 220, 41
29, 230, 41
29, 240, 41
29, 250, 38
29, 260, 38
29, 270, 38
30, 280, 38
32, 290, 39
33, 300, 42
33, 310, 43
33, 320, 42
33, 330, 42
33, 340, 42
33, 350, 42
33, 360, 41
33, 370, 41
33, 380, 40
33, 390, 40
33, 400, 39
33, 410, 40
33, 420, 41
33, 430, 38
33, 440, 38
33, 450, 39
33, 460, 38
33, 470, 39
34, 480, 38
34, 490, 39
34, 500, 40
34, 510, 39
34, 520, 39
34, 530, 38
34, 540, 39
34, 550, 40
35, 560, 38
35, 570, 39
35, 580, 41
36, 590, 40
36, 600, 42
36, 610, 41
36, 620, 42
36, 630, 40
36, 640, 40
36, 650, 40
36, 660, 40
36, 670, 41
36, 680, 40
36, 690, 40
36, 700, 40
36, 710, 40
36, 720, 39
36, 730, 39
36, 740, 39
36, 750, 39
36, 760, 40
36, 770, 40
36, 780, 39
36, 790, 40
36, 800, 39
36, 810, 39
36, 820, 39
36, 830, 39
36, 840, 39
36, 850, 39
36, 860, 39
36, 870, 39
36, 880, 39
36, 890, 39
36, 900, 38
36, 910, 38
36, 920, 39
36, 930, 39
36, 940, 38
36, 950, 39
36, 960, 38
36, 970, 38
36, 980, 39
36, 990, 38
36, 1000, 38
36, 1010, 38
36, 1020, 38
36, 1030, 38
36, 1040, 38
36, 1050, 38
36, 1060, 38
36, 1070, 38
36, 1080, 38
36, 1090, 38
36, 1100, 39
36, 1110, 38
36, 1120, 38
36, 1130, 38
36, 1140, 38
36, 1150, 38
36, 1160, 38
36, 1170, 38
36, 1180, 38
36, 1190, 38
36, 1200, 38
36, 1210, 38
36, 1220, 38
36, 1230, 38
36, 1240, 38
36, 1250, 38
{'count': 2521, 'truepos': 36, 'falseneg': 10, 'correction': 17, 'unknownyes': 2, 'falsepos': 0, 'unique': 1250}
9: Danijel.csv: machine: 0, 0
4, 10
5, 20, 116
7, 30, 105
8, 40, 104
10, 50, 93
12, 60, 83
13, 70, 71
15, 80, 64
15, 90, 62
18, 100, 58
19, 110, 51
20, 120, 51
23, 120, 51
23, 130, 45
25, 140, 40
27, 150, 39
30, 160, 44
31, 170, 47
32, 170, 47
32, 180, 49
32, 190, 49
32, 200, 47
32, 210, 48
32, 220, 45
32, 220, 45
32, 230, 43
32, 240, 45
32, 250, 44
32, 260, 43
33, 270, 41
35, 270, 41
36, 280, 46
36, 290, 46
36, 300, 45
36, 310, 45
36, 320, 44
36, 320, 44
36, 330, 44
36, 340, 45
37, 350, 44
37, 360, 46
37, 370, 51
37, 370, 51
37, 380, 45
38, 390, 44
38, 400, 46
38, 410, 45
38, 420, 46
38, 420, 46
38, 430, 44
38, 440, 45
38, 450, 43
38, 460, 44
38, 470, 43
38, 470, 43
38, 480, 45
38, 490, 45
39, 500, 43
39, 510, 45
39, 520, 45
39, 520, 45
39, 530, 43
39, 540, 45
39, 550, 44
39, 560, 44
39, 570, 44
39, 570, 44
39, 580, 44
39, 590, 44
39, 600, 43
39, 610, 43
39, 620, 43
39, 620, 43
39, 630, 43
39, 640, 43
39, 650, 43
39, 660, 43
39, 670, 43
39, 670, 43
39, 680, 43
39, 690, 43
39, 700, 43
39, 710, 43
39, 720, 42
39, 720, 42
39, 730, 42
39, 740, 42
39, 750, 42
39, 760, 42
39, 770, 42
39, 770, 42
39, 780, 43
39, 790, 42
39, 800, 42
39, 810, 42
39, 820, 42
39, 820, 42
39, 830, 42
{'count': 1382, 'truepos': 39, 'falseneg': 7, 'correction': 6, 'unknownyes': 2, 'falsepos': 0, 'unique': 830}
9: Danijel.csv: knee: 0, 0
1, 10
1, 20
1, 30
1, 40
1, 50
1, 60
2, 70
2, 80
2, 90
4, 100
5, 110
6, 120
7, 130
8, 140
8, 150
10, 160
11, 170
12, 180
13, 190
14, 200
15, 210
17, 220
17, 230
19, 240
19, 250
19, 260
19, 270
19, 280
19, 290
19, 300
19, 310
19, 320
{'count': 541, 'truepos': 25, 'falseneg': 4, 'correction': 6, 'unknownyes': 19, 'falsepos': 0, 'unique': 320}
9: K_all3.csv: none: 0, 0
2, 10
4, 20, 70
6, 30, 63
10, 40, 56
11, 50, 58
13, 60, 50
13, 70, 50
14, 80, 41
15, 90, 38
16, 100, 38
16, 110, 37
17, 120, 36
18, 130, 36
18, 140, 37
18, 150, 37
20, 160, 36
20, 170, 30
20, 180, 27
20, 190, 26
20, 200, 26
21, 210, 25
21, 220, 26
21, 230, 26
21, 240, 26
21, 250, 26
22, 260, 26
22, 270, 26
22, 280, 25
23, 290, 26
25, 300, 27
25, 310, 28
25, 320, 29
25, 330, 28
26, 340, 28
26, 350, 30
26, 360, 29
27, 370, 29
29, 380, 30
29, 390, 34
30, 400, 34
30, 410, 35
31, 420, 34
31, 430, 36
31, 440, 35
31, 450, 34
31, 460, 34
31, 470, 34
31, 480, 34
31, 490, 34
31, 500, 34
31, 510, 33
32, 520, 33
32, 530, 34
32, 540, 34
33, 550, 34
33, 560, 35
{'count': 560, 'truepos': 27, 'falseneg': 13, 'correction': 0, 'unknownyes': 5, 'falsepos': 6, 'unique': 560}
9: K_all3.csv: three: 0, 0
1, 10
3, 20, 92
3, 30, 54
3, 40, 39
5, 50, 36
5, 60, 42
7, 70, 38
10, 80, 40
10, 90, 42
13, 100, 38
13, 110, 43
13, 120, 39
13, 130, 38
14, 140, 37
17, 150, 38
18, 160, 39
18, 170, 40
18, 180, 39
18, 190, 38
18, 200, 38
18, 210, 38
19, 220, 38
20, 230, 38
20, 240, 30
20, 250, 28
20, 260, 29
20, 270, 28
20, 280, 29
21, 290, 26
21, 300, 28
21, 310, 27
22, 320, 26
22, 330, 27
22, 340, 27
23, 350, 26
23, 360, 26
23, 370, 27
24, 380, 27
24, 390, 27
24, 400, 27
24, 410, 27
24, 420, 27
25, 430, 26
25, 440, 28
26, 450, 28
27, 460, 28
28, 470, 29
29, 480, 30
29, 490, 31
29, 500, 31
30, 510, 31
30, 520, 32
30, 530, 32
30, 540, 32
30, 550, 32
30, 560, 32
{'count': 1147, 'truepos': 30, 'falseneg': 12, 'correction': 25, 'unknownyes': 3, 'falsepos': 0, 'unique': 560}
9: K_all3.csv: machine: 0, 0
1, 10
3, 20, 91
5, 30, 62
6, 40, 59
8, 50, 51
9, 60, 50
9, 70, 46
10, 80, 41
11, 90, 42
11, 100, 40
11, 110, 38
12, 120, 37
14, 130, 39
15, 140, 41
15, 150, 40
16, 160, 39
16, 170, 40
17, 180, 39
18, 190, 40
19, 200, 41
19, 210, 41
20, 220, 40
20, 230, 30
20, 240, 28
23, 240, 28
23, 250, 31
23, 260, 29
24, 270, 29
24, 280, 29
24, 290, 30
27, 290, 30
27, 300, 33
27, 310, 32
27, 320, 32
27, 330, 31
27, 340, 31
28, 340, 31
29, 350, 31
29, 360, 33
30, 370, 33
30, 380, 34
30, 390, 33
32, 390, 33
34, 400, 35
35, 410, 37
35, 420, 39
35, 430, 38
35, 440, 38
38, 440, 38
{'count': 690, 'truepos': 34, 'falseneg': 3, 'correction': 11, 'unknownyes': 8, 'falsepos': 4, 'unique': 440}
9: K_all3.csv: knee: 0, 0
1, 10
3, 20
3, 30
4, 40
4, 50
6, 60
6, 70
8, 80
9, 90
9, 100
9, 110
10, 120
12, 130
12, 140
12, 150
12, 160
12, 170
13, 180
14, 190
16, 200
17, 210
19, 220
20, 230
20, 240
20, 250
21, 260
21, 270
21, 280
21, 290
23, 300
23, 310
23, 320
23, 330
24, 340
24, 350
24, 360
24, 370
24, 380
24, 390
25, 400
25, 410
26, 420
26, 430
26, 440
26, 450
27, 460
29, 470
30, 480
30, 490
30, 500
30, 510
30, 520
30, 530
30, 540
30, 550
30, 560
30, 570
30, 580
30, 590
30, 600
30, 610
30, 620
31, 630
31, 640
31, 650
32, 660
32, 670
33, 680
33, 690
33, 700
33, 710
33, 720
33, 730
33, 740
33, 750
33, 760
33, 770
33, 780
33, 790
33, 800
33, 810
34, 820
35, 830
35, 840
35, 850
35, 860
35, 870
35, 880
35, 890
35, 900
35, 910
35, 920
35, 930
35, 940
35, 950
35, 960
35, 970
35, 980
35, 990
35, 1000
36, 1010
37, 1020
37, 1030
37, 1040
37, 1050
37, 1060
38, 1070
38, 1080
38, 1090
38, 1100
38, 1110
38, 1120
38, 1130
38, 1140
38, 1150
38, 1160
38, 1170
38, 1180
38, 1190
38, 1200
38, 1210
38, 1220
38, 1230
38, 1240
39, 1250
39, 1260
39, 1270
40, 1280
40, 1290
40, 1300
40, 1310
40, 1320
40, 1330
40, 1340
40, 1350
40, 1360
40, 1370
40, 1380
40, 1390
40, 1400
40, 1410
40, 1420
40, 1430
40, 1440
41, 1450
41, 1460
42, 1470
42, 1480
42, 1490
42, 1500
42, 1510
43, 1520
43, 1530
44, 1540
46, 1550
46, 1560
46, 1570
46, 1580
46, 1590
46, 1600
46, 1610
46, 1620
46, 1630
47, 1640
47, 1650
47, 1660
47, 1670
47, 1680
47, 1690
47, 1700
47, 1704

------------------------------------------------------------
Sender: LSF System <lsfadmin@n2b3-5>
Subject: Job 629678: </share/tjmenzie/zyu9/miniconda2/bin/python2.7 runner.py error_hpcc 9> in cluster <henry2> Exited

Job </share/tjmenzie/zyu9/miniconda2/bin/python2.7 runner.py error_hpcc 9> was submitted from host <login01.hpc.ncsu.edu> by user <zyu9> in cluster <henry2> at Wed Jan 31 09:58:21 2018.
Job was executed on host(s) <2*n2b3-5>, in queue <single_chassis>, as user <zyu9> in cluster <henry2> at Wed Jan 31 09:58:27 2018.
</home/zyu9> was used as the home directory.
</home/zyu9/projects/MAR_HPC/Error/src> was used as the working directory.
Started at Wed Jan 31 09:58:27 2018.
Terminated at Wed Jan 31 11:06:31 2018.
Results reported at Wed Jan 31 11:06:31 2018.

Your job looked like:

------------------------------------------------------------
# LSBATCH: User input
/share/tjmenzie/zyu9/miniconda2/bin/python2.7 runner.py error_hpcc 9
------------------------------------------------------------

Exited with exit code 1.

Resource usage summary:

    CPU time :                                   5345.53 sec.
    Max Memory :                                 283.85 MB
    Average Memory :                             228.38 MB
    Total Requested Memory :                     -
    Delta Memory :                               -
    Max Swap :                                   1309 MB
    Max Processes :                              3
    Max Threads :                                8
    Run time :                                   4095 sec.
    Turnaround time :                            4090 sec.

The output (if any) is above this job summary.



PS:

Read file <./err/9.err.629678> for stderr output of this job.

