9: Hall.csv: none: 0, 0
8, 10
12, 20, 129
16, 30, 139
23, 40, 101
27, 50, 105
31, 60, 99
35, 70, 77
37, 80, 85
42, 90, 78
46, 100, 87
49, 110, 85
55, 120, 80
58, 130, 96
62, 140, 90
64, 150, 101
66, 160, 97
67, 170, 93
72, 180, 90
73, 190, 108
77, 200, 96
79, 210, 110
84, 220, 102
88, 230, 113
93, 240, 113
96, 250, 116
97, 260, 115
97, 270, 121
99, 280, 115
99, 290, 116
103, 300, 115
104, 310, 125
104, 320, 128
104, 330, 124
105, 340, 126
105, 350, 124
108, 360, 124
112, 370, 126
112, 380, 143
116, 390, 136
117, 400, 142
119, 410, 141
120, 420, 142
122, 430, 149
124, 440, 148
128, 450, 160
128, 460, 170
128, 470, 166
131, 480, 162
132, 490, 165
133, 500, 159
134, 510, 162
136, 520, 162
137, 530, 164
137, 540, 168
139, 550, 170
140, 560, 167
141, 570, 173
141, 580, 166
141, 590, 166
142, 600, 165
143, 610, 167
143, 620, 167
146, 630, 171
148, 640, 174
150, 650, 171
151, 660, 172
151, 670, 171
151, 680, 171
152, 690, 168
152, 700, 171
153, 710, 170
153, 720, 170
154, 730, 172
155, 740, 173
156, 750, 175
156, 760, 176
157, 770, 173
158, 780, 178
159, 790, 177
159, 800, 186
161, 810, 181
162, 820, 184
162, 830, 187
163, 840, 181
163, 850, 184
165, 860, 182
168, 870, 183
168, 880, 193
171, 890, 189
172, 900, 193
173, 910, 193
176, 920, 190
176, 930, 198
178, 940, 193
178, 950, 203
178, 960, 199
179, 970, 201
180, 980, 196
182, 990, 200
185, 1000, 202
187, 1010, 207
187, 1020, 210
187, 1030, 208
187, 1040, 207
187, 1050, 205
188, 1060, 204
191, 1070, 209
193, 1080, 215
193, 1090, 223
195, 1100, 216
195, 1110, 221
197, 1120, 223
199, 1130, 225
199, 1140, 228
199, 1150, 231
199, 1160, 228
199, 1170, 224
201, 1180, 225
203, 1190, 223
205, 1200, 233
205, 1210, 231
206, 1220, 229
207, 1230, 230
208, 1240, 233
208, 1250, 232
208, 1260, 231
209, 1270, 226
210, 1280, 232
210, 1290, 234
210, 1300, 233
211, 1310, 231
211, 1320, 234
212, 1330, 229
212, 1340, 232
212, 1350, 231
213, 1360, 234
214, 1370, 235
214, 1380, 234
216, 1390, 235
219, 1400, 243
221, 1410, 239
222, 1420, 247
222, 1430, 246
222, 1440, 246
224, 1450, 248
224, 1460, 246
225, 1470, 247
225, 1480, 249
227, 1490, 247
228, 1500, 250
232, 1510, 250
233, 1520, 255
236, 1530, 259
236, 1540, 263
236, 1550, 262
237, 1560, 260
237, 1570, 262
237, 1580, 267
239, 1590, 263
241, 1600, 269
243, 1610, 266
244, 1620, 271
245, 1630, 273
246, 1640, 274
248, 1650, 271
250, 1660, 274
252, 1670, 277
252, 1680, 279
253, 1690, 284
253, 1700, 283
254, 1710, 284
255, 1720, 279
255, 1730, 281
257, 1740, 279
260, 1750, 284
266, 1760, 297
268, 1770, 303
269, 1780, 308
269, 1790, 311
269, 1800, 308
271, 1810, 309
271, 1820, 317
272, 1830, 309
273, 1840, 305
274, 1850, 307
274, 1860, 317
277, 1870, 308
278, 1880, 315
279, 1890, 315
280, 1900, 316
283, 1910, 318
283, 1920, 325
285, 1930, 320
286, 1940, 326
287, 1950, 332
289, 1960, 326
291, 1970, 331
292, 1980, 332
293, 1990, 331
293, 2000, 332
293, 2010, 327
294, 2020, 329
294, 2030, 336
294, 2040, 335
297, 2050, 330
299, 2060, 341
299, 2070, 342
300, 2080, 342
300, 2090, 344
302, 2100, 341
303, 2110, 352
303, 2120, 351
304, 2130, 351
306, 2140, 351
307, 2150, 350
307, 2160, 349
309, 2170, 349
309, 2180, 351
309, 2190, 354
310, 2200, 353
310, 2210, 346
310, 2220, 353
310, 2230, 347
310, 2240, 346
310, 2250, 347
310, 2260, 347
312, 2270, 346
313, 2280, 350
314, 2290, 356
316, 2300, 353
316, 2310, 353
317, 2320, 361
317, 2330, 354
318, 2340, 350
319, 2350, 355
319, 2360, 350
320, 2370, 359
322, 2380, 353
322, 2390, 360
324, 2400, 358
326, 2410, 362
326, 2420, 354
327, 2430, 358
327, 2440, 358
329, 2450, 358
331, 2460, 367
333, 2470, 369
336, 2480, 367
338, 2490, 375
338, 2500, 374
339, 2510, 376
340, 2520, 380
341, 2530, 377
344, 2540, 384
344, 2550, 388
345, 2560, 389
346, 2570, 388
347, 2580, 389
347, 2590, 390
347, 2600, 391
348, 2610, 395
349, 2620, 393
349, 2630, 393
349, 2640, 399
350, 2650, 390
350, 2660, 399
351, 2670, 393
351, 2680, 396
351, 2690, 395
352, 2700, 391
352, 2710, 390
357, 2720, 389
358, 2730, 403
360, 2740, 400
361, 2750, 400
362, 2760, 403
363, 2770, 406
365, 2780, 409
367, 2790, 413
368, 2800, 418
372, 2810, 413
375, 2820, 422
376, 2830, 421
379, 2840, 427
381, 2850, 432
383, 2860, 435
383, 2870, 439
384, 2880, 436
385, 2890, 434
386, 2900, 436
387, 2910, 436
388, 2920, 439
388, 2930, 442
388, 2940, 437
390, 2950, 436
392, 2960, 443
392, 2970, 448
392, 2980, 440
393, 2990, 439
394, 3000, 443
396, 3010, 442
399, 3020, 449
399, 3030, 451
399, 3040, 444
403, 3050, 445
404, 3060, 456
405, 3070, 457
405, 3080, 453
406, 3090, 453
406, 3100, 453
407, 3110, 451
407, 3120, 448
410, 3130, 448
411, 3140, 455
414, 3150, 461
417, 3160, 459
417, 3170, 461
418, 3180, 465
418, 3190, 463
418, 3200, 463
419, 3210, 459
420, 3220, 462
423, 3230, 460
423, 3240, 464
423, 3250, 464
423, 3260, 461
425, 3270, 458
427, 3280, 466
428, 3290, 467
430, 3300, 467
431, 3310, 473
432, 3320, 472
432, 3330, 477
432, 3340, 473
434, 3350, 477
436, 3360, 473
437, 3370, 475
438, 3380, 482
439, 3390, 478
441, 3400, 481
441, 3410, 486
442, 3420, 483
443, 3430, 483
444, 3440, 483
446, 3450, 486
447, 3460, 490
448, 3470, 485
450, 3480, 492
451, 3490, 496
451, 3500, 492
451, 3510, 495
451, 3520, 491
451, 3530, 489
452, 3540, 490
452, 3550, 490
452, 3560, 490
453, 3570, 490
454, 3580, 490
456, 3590, 489
458, 3600, 492
459, 3610, 496
459, 3620, 496
459, 3630, 497
461, 3640, 494
463, 3650, 497
465, 3660, 498
467, 3670, 501
468, 3680, 502
469, 3690, 505
472, 3700, 506
474, 3710, 507
476, 3720, 509
478, 3730, 510
480, 3740, 510
483, 3750, 515
484, 3760, 518
485, 3770, 520
485, 3780, 517
485, 3790, 519
486, 3800, 520
486, 3810, 519
488, 3820, 519
489, 3830, 520
490, 3840, 521
491, 3850, 525
491, 3860, 525
492, 3870, 526
492, 3880, 527
492, 3890, 526
493, 3900, 519
493, 3910, 521
494, 3920, 524
494, 3930, 524
494, 3940, 523
495, 3950, 523
495, 3960, 523
496, 3970, 523
497, 3980, 523
497, 3990, 524
501, 4000, 525
503, 4010, 529
505, 4020, 534
505, 4030, 534
506, 4040, 535
507, 4050, 537
507, 4060, 540
507, 4070, 537
508, 4080, 534
508, 4090, 535
508, 4100, 537
510, 4110, 535
511, 4120, 537
511, 4130, 539
513, 4140, 539
515, 4150, 544
{'count': 4150, 'truepos': 95, 'falseneg': 9, 'unknownyes': 2, 'falsepos': 420, 'unique': 4150}
9: Hall.csv: three: 0, 0
7, 10
9, 20, 112
14, 30, 112
21, 40, 123
26, 50, 115
31, 60, 101
35, 70, 79
40, 80, 80
42, 90, 98
45, 100, 88
49, 110, 91
52, 120, 100
58, 130, 85
63, 140, 91
64, 150, 106
67, 160, 102
74, 170, 89
79, 180, 99
82, 190, 105
84, 200, 105
86, 210, 101
89, 220, 104
92, 230, 107
93, 240, 112
97, 250, 111
98, 260, 116
100, 270, 120
101, 280, 124
101, 290, 119
104, 300, 118
104, 310, 131
105, 320, 118
106, 330, 119
106, 340, 119
107, 350, 117
107, 360, 124
108, 370, 118
110, 380, 121
110, 390, 122
110, 400, 121
110, 410, 125
110, 420, 123
110, 430, 122
110, 440, 120
110, 450, 120
110, 460, 118
110, 470, 121
110, 480, 117
110, 490, 120
110, 500, 119
110, 510, 117
110, 520, 119
110, 530, 116
111, 540, 117
112, 550, 120
112, 560, 120
112, 570, 121
114, 580, 120
114, 590, 121
114, 600, 121
{'count': 1309, 'truepos': 98, 'falseneg': 4, 'unknownyes': 4, 'falsepos': 16, 'unique': 600}
9: Hall.csv: machine: 0, 0
7, 10
10, 20, 113
13, 30, 119
13, 40, 98
15, 50, 89
20, 60, 90
['yes' 'yes' 'yes' 'yes' 'yes' 'yes' 'yes' 'yes' 'yes' 'yes']
[]
20, 60, 90
23, 70, 91
28, 80, 94
29, 90, 92
36, 100, 90
41, 110, 80
['yes' 'yes' 'yes' 'yes' 'yes' 'yes' 'yes' 'yes' 'yes' 'yes']
['yes' 'no' 'yes' 'no' 'no' 'no' 'no' 'no' 'no' 'yes']
43, 110, 80
47, 120, 77
52, 130, 81
54, 140, 94
55, 150, 94
61, 160, 85
['no' 'yes' 'yes' 'yes' 'yes' 'yes' 'yes' 'yes' 'yes' 'no']
['yes' 'yes' 'no' 'no' 'no' 'no' 'no' 'yes' 'no' 'no']
61, 160, 85
64, 170, 91
67, 180, 92
72, 190, 87
77, 200, 98
82, 210, 105
['no' 'no' 'yes' 'yes' 'yes' 'yes' 'yes' 'yes' 'yes' 'yes']
['no' 'no' 'no' 'no' 'yes' 'no' 'no' 'no' 'no' 'no']
79, 210, 105
84, 220, 99
88, 230, 101
89, 240, 105
94, 250, 106
95, 260, 117
['no' 'yes' 'yes' 'yes' 'no' 'yes' 'yes' 'yes' 'yes' 'yes']
['no' 'no' 'no' 'no' 'yes' 'no' 'no' 'no' 'no' 'no']
95, 260, 117
96, 270, 115
99, 280, 113
104, 290, 119
106, 300, 149
106, 310, 178
['no' 'no' 'yes' 'no' 'yes' 'yes' 'no' 'no' 'yes' 'yes']
['yes' 'no' 'no' 'no' 'no' 'no' 'no' 'no' 'no' 'no']
104, 310, 178
107, 320, 133
107, 330, 132
108, 340, 132
111, 350, 127
112, 360, 143
['no' 'no' 'no' 'yes' 'yes' 'no' 'yes' 'no' 'no' 'yes']
['no' 'no' 'no' 'no' 'no' 'yes' 'no' 'no' 'no' 'no']
109, 360, 143
110, 370, 124
111, 380, 127
113, 390, 133
113, 400, 139
115, 410, 136
['no' 'no' 'no' 'no' 'no' 'no' 'no' 'no' 'yes' 'yes']
['no' 'no' 'no' 'no' 'no' 'no' 'no' 'no' 'no' 'no']
108, 410, 136
108, 420, 123
108, 430, 122
108, 440, 122
109, 450, 122
111, 460, 120
['no' 'no' 'no' 'no' 'no' 'no' 'yes' 'yes' 'yes' 'no']
['yes' 'no' 'no' 'no' 'no' 'yes' 'no' 'no' 'no' 'no']
105, 460, 120
107, 470, 113
109, 480, 114
109, 490, 120
110, 500, 118
111, 510, 116
['no' 'no' 'no' 'yes' 'yes' 'no' 'yes' 'no' 'yes' 'no']
['no' 'no' 'no' 'no' 'no' 'no' 'no' 'no' 'no' 'no']
['no' 'no' 'no' 'no' 'no' 'no' 'no' 'no' 'yes' 'yes']
['no' 'no' 'no' 'no' 'no' 'no' 'no' 'no' 'no' 'no']
{'count': 700, 'truepos': 96, 'falseneg': 5, 'unknownyes': 5, 'falsepos': 6, 'unique': 510}
9: Hall.csv: machine2: 0, 0
7, 10
11, 20, 109
16, 30, 124
23, 40, 104
30, 50, 101
35, 60, 95
['yes' 'yes' 'yes' 'yes' 'yes' 'yes' 'yes' 'yes' 'yes' 'no']
['no' 'no' 'no' 'no' 'no' 'yes' 'no' 'no' 'no' 'no']
35, 60, 95
40, 70, 89
42, 80, 93
45, 90, 85
48, 100, 82
50, 110, 87
['no' 'yes' 'yes' 'yes' 'no' 'yes' 'yes' 'yes' 'yes' 'yes']
['no' 'no' 'no' 'no' 'no' 'no' 'no' 'no' 'no' 'no']
49, 110, 87
54, 120, 78
59, 130, 87
62, 140, 101
65, 150, 97
70, 160, 102
['yes' 'no' 'yes' 'yes' 'yes' 'yes' 'yes' 'yes' 'yes' 'yes']
['no' 'no' 'no' 'no' 'no' 'no' 'no' 'no' 'no' 'no']
71, 160, 102
74, 170, 102
77, 180, 108
80, 190, 98
88, 200, 98
90, 210, 106
['no' 'no' 'yes' 'yes' 'yes' 'yes' 'yes' 'yes' 'yes' 'yes']
['no' 'no' 'no' 'no' 'no' 'no' 'no' 'no' 'no' 'no']
87, 210, 106
91, 220, 107
93, 230, 108
94, 240, 109
95, 250, 109
96, 260, 109
['yes' 'yes' 'yes' 'yes' 'yes' 'no' 'yes' 'yes' 'yes' 'yes']
['no' 'no' 'no' 'no' 'no' 'no' 'no' 'no' 'no' 'no']
95, 260, 109
101, 270, 105
104, 280, 119
104, 290, 117
104, 300, 116
107, 310, 117
['yes' 'no' 'no' 'yes' 'no' 'yes' 'yes' 'yes' 'yes' 'yes']
['no' 'no' 'no' 'no' 'no' 'no' 'no' 'no' 'no' 'no']
105, 310, 117
106, 320, 117
107, 330, 117
108, 340, 121
109, 350, 123
110, 360, 123
['no' 'no' 'yes' 'yes' 'yes' 'yes' 'no' 'yes' 'no' 'yes']
['no' 'no' 'no' 'no' 'no' 'no' 'no' 'no' 'no' 'no']
107, 360, 123
107, 370, 125
108, 380, 120
108, 390, 121
108, 400, 120
110, 410, 117
['no' 'no' 'yes' 'no' 'no' 'yes' 'yes' 'yes' 'no' 'yes']
['no' 'no' 'no' 'no' 'no' 'no' 'no' 'no' 'no' 'no']
105, 410, 117
106, 420, 115
106, 430, 116
106, 440, 117
107, 450, 115
108, 460, 117
['no' 'no' 'no' 'no' 'yes' 'yes' 'no' 'yes' 'yes' 'yes']
['no' 'no' 'no' 'no' 'no' 'no' 'no' 'no' 'no' 'no']
105, 460, 117
105, 470, 112
106, 480, 112
107, 490, 113
107, 500, 114
108, 510, 113
['no' 'no' 'yes' 'yes' 'no' 'no' 'yes' 'yes' 'yes' 'yes']
['no' 'no' 'no' 'no' 'no' 'no' 'no' 'no' 'no' 'no']
['no' 'no' 'yes' 'yes' 'yes' 'yes' 'no' 'yes' 'yes' 'no']
['no' 'no' 'no' 'no' 'no' 'no' 'no' 'no' 'no' 'no']
{'count': 742, 'truepos': 98, 'falseneg': 4, 'unknownyes': 4, 'falsepos': 7, 'unique': 510}
9: Hall.csv: machine3: 0, 0
4, 10
5, 20, 101
8, 30, 103
12, 40, 96
16, 50, 98
19, 60, 88
null
[]
22, 70, 86
26, 80, 87
31, 90, 90
32, 100, 68
35, 110, 62
40, 120, 62
null
['no' 'no' 'yes' 'no' 'no' 'no' 'yes' 'no' 'yes' 'yes']
45, 120, 62
48, 130, 73
49, 140, 85
51, 150, 77
52, 160, 80
55, 170, 72
null
['yes' 'yes' 'yes' 'yes' 'yes' 'no' 'no' 'no' 'yes' 'no']
60, 170, 72
61, 180, 82
61, 190, 81
63, 200, 80
63, 210, 81
65, 220, 79
null
['no' 'yes' 'no' 'no' 'no' 'no' 'no' 'no' 'no' 'no']
67, 220, 79
71, 230, 78
76, 240, 87
78, 250, 89
79, 260, 92
81, 270, 93
null
['no' 'no' 'no' 'no' 'no' 'yes' 'no' 'no' 'no' 'no']
81, 270, 93
83, 280, 91
83, 290, 96
84, 300, 92
87, 310, 93
90, 320, 96
null
['no' 'no' 'yes' 'no' 'no' 'yes' 'no' 'no' 'no' 'no']
92, 320, 96
92, 330, 101
93, 340, 102
93, 350, 100
93, 360, 101
94, 370, 100
null
['no' 'no' 'no' 'no' 'no' 'no' 'no' 'no' 'no' 'yes']
95, 370, 100
95, 380, 102
95, 390, 105
95, 400, 101
95, 410, 102
null
['yes' 'no' 'no' 'yes' 'yes' 'no' 'no' 'no' 'no' 'no']
{'count': 605, 'truepos': 90, 'falseneg': 10, 'unknownyes': 6, 'falsepos': 8, 'unique': 410}
9: Wahono.csv: none: 0, 0
5, 10
6, 20, 95
9, 30, 89
12, 40, 103
16, 50, 93
20, 60, 89
21, 70, 81
23, 80, 77
26, 90, 69
27, 100, 76
30, 110, 65
32, 120, 56
36, 130, 59
39, 140, 68
39, 150, 70
43, 160, 72
45, 170, 84
48, 180, 82
50, 190, 103
52, 200, 91
53, 210, 85
56, 220, 89
58, 230, 100
58, 240, 113
58, 250, 97
60, 260, 93
60, 270, 98
61, 280, 99
61, 290, 104
61, 300, 97
63, 310, 91
64, 320, 100
66, 330, 103
66, 340, 109
67, 350, 104
69, 360, 97
69, 370, 100
69, 380, 93
72, 390, 99
72, 400, 101
72, 410, 100
73, 420, 99
74, 430, 108
75, 440, 110
75, 450, 100
76, 460, 98
77, 470, 104
77, 480, 109
80, 490, 102
82, 500, 106
83, 510, 110
83, 520, 111
84, 530, 113
86, 540, 106
88, 550, 110
88, 560, 114
90, 570, 112
91, 580, 112
92, 590, 112
93, 600, 114
93, 610, 112
95, 620, 111
97, 630, 111
97, 640, 122
97, 650, 118
99, 660, 118
101, 670, 116
101, 680, 119
103, 690, 123
106, 700, 124
107, 710, 130
108, 720, 132
108, 730, 130
109, 740, 129
110, 750, 133
114, 760, 131
115, 770, 148
115, 780, 144
117, 790, 146
117, 800, 156
117, 810, 146
117, 820, 144
117, 830, 144
117, 840, 142
118, 850, 141
120, 860, 144
123, 870, 154
124, 880, 158
124, 890, 158
126, 900, 154
129, 910, 156
131, 920, 162
133, 930, 169
134, 940, 170
134, 950, 172
135, 960, 171
136, 970, 166
139, 980, 167
140, 990, 172
140, 1000, 177
143, 1010, 175
145, 1020, 180
147, 1030, 179
148, 1040, 184
149, 1050, 184
150, 1060, 184
150, 1070, 187
150, 1080, 189
151, 1090, 187
151, 1100, 188
152, 1110, 187
152, 1120, 186
152, 1130, 186
152, 1140, 182
153, 1150, 181
154, 1160, 186
155, 1170, 188
155, 1180, 185
155, 1190, 185
156, 1200, 188
156, 1210, 185
157, 1220, 186
159, 1230, 187
159, 1240, 191
160, 1250, 191
161, 1260, 189
162, 1270, 184
163, 1280, 189
164, 1290, 189
166, 1300, 193
167, 1310, 190
168, 1320, 191
169, 1330, 195
170, 1340, 200
172, 1350, 194
172, 1360, 202
173, 1370, 200
173, 1380, 204
174, 1390, 201
175, 1400, 202
176, 1410, 201
176, 1420, 210
176, 1430, 207
176, 1440, 201
178, 1450, 200
181, 1460, 206
182, 1470, 208
183, 1480, 205
184, 1490, 217
185, 1500, 214
188, 1510, 214
189, 1520, 218
190, 1530, 219
190, 1540, 216
191, 1550, 217
192, 1560, 219
193, 1570, 218
193, 1580, 220
193, 1590, 220
194, 1600, 218
198, 1610, 225
201, 1620, 233
202, 1630, 235
204, 1640, 238
205, 1650, 246
205, 1660, 244
205, 1670, 242
205, 1680, 244
205, 1690, 240
206, 1700, 237
207, 1710, 242
207, 1720, 245
210, 1730, 247
212, 1740, 249
214, 1750, 253
214, 1760, 255
216, 1770, 262
216, 1780, 265
218, 1790, 266
220, 1800, 269
220, 1810, 270
222, 1820, 262
223, 1830, 275
224, 1840, 278
225, 1850, 273
225, 1860, 271
225, 1870, 266
225, 1880, 272
226, 1890, 265
227, 1900, 269
228, 1910, 275
229, 1920, 273
230, 1930, 269
232, 1940, 274
233, 1950, 279
233, 1960, 277
235, 1970, 275
238, 1980, 281
238, 1990, 287
238, 2000, 283
238, 2010, 285
238, 2020, 291
239, 2030, 282
240, 2040, 283
240, 2050, 285
241, 2060, 291
242, 2070, 287
243, 2080, 287
244, 2090, 290
244, 2100, 297
244, 2110, 291
244, 2120, 290
248, 2130, 289
251, 2140, 293
253, 2150, 297
255, 2160, 307
258, 2170, 295
260, 2180, 304
261, 2190, 302
263, 2200, 304
263, 2210, 303
265, 2220, 303
265, 2230, 307
267, 2240, 307
270, 2250, 309
272, 2260, 317
272, 2270, 315
272, 2280, 313
274, 2290, 311
274, 2300, 312
276, 2310, 313
276, 2320, 320
277, 2330, 320
277, 2340, 319
278, 2350, 318
279, 2360, 313
280, 2370, 319
280, 2380, 318
282, 2390, 317
284, 2400, 319
284, 2410, 321
286, 2420, 322
287, 2430, 325
288, 2440, 325
291, 2450, 325
291, 2460, 329
291, 2470, 327
292, 2480, 327
293, 2490, 330
293, 2500, 330
293, 2510, 326
294, 2520, 329
297, 2530, 328
299, 2540, 334
300, 2550, 335
301, 2560, 340
301, 2570, 338
302, 2580, 337
303, 2590, 339
303, 2600, 340
305, 2610, 342
307, 2620, 344
308, 2630, 347
308, 2640, 349
311, 2650, 349
311, 2660, 349
311, 2670, 350
313, 2680, 354
316, 2690, 351
320, 2700, 358
321, 2710, 364
321, 2720, 362
322, 2730, 362
322, 2740, 364
323, 2750, 361
323, 2760, 359
324, 2770, 362
325, 2780, 361
326, 2790, 366
327, 2800, 366
328, 2810, 368
331, 2820, 368
331, 2830, 370
332, 2840, 371
332, 2850, 373
332, 2860, 371
333, 2870, 372
333, 2880, 371
334, 2890, 374
335, 2900, 374
337, 2910, 373
339, 2920, 375
342, 2930, 379
342, 2940, 386
343, 2950, 379
343, 2960, 383
344, 2970, 383
346, 2980, 381
346, 2990, 385
346, 3000, 387
347, 3010, 385
348, 3020, 384
348, 3030, 383
348, 3040, 385
348, 3050, 384
348, 3060, 383
349, 3070, 386
350, 3080, 387
351, 3090, 392
352, 3100, 389
352, 3110, 390
353, 3120, 385
356, 3130, 387
356, 3140, 390
357, 3150, 386
359, 3160, 389
359, 3170, 393
361, 3180, 395
361, 3190, 395
364, 3200, 396
364, 3210, 397
367, 3220, 401
367, 3230, 402
367, 3240, 402
367, 3250, 404
368, 3260, 400
368, 3270, 401
368, 3280, 401
368, 3290, 402
371, 3300, 401
372, 3310, 409
372, 3320, 406
373, 3330, 406
373, 3340, 404
374, 3350, 404
375, 3360, 408
375, 3370, 408
375, 3380, 407
376, 3390, 408
377, 3400, 411
378, 3410, 410
379, 3420, 410
381, 3430, 412
383, 3440, 413
383, 3450, 413
384, 3460, 414
384, 3470, 415
386, 3480, 413
388, 3490, 415
388, 3500, 419
389, 3510, 417
393, 3520, 418
396, 3530, 424
399, 3540, 426
399, 3550, 434
399, 3560, 430
399, 3570, 429
399, 3580, 429
399, 3590, 432
399, 3600, 427
400, 3610, 427
401, 3620, 429
403, 3630, 431
403, 3640, 433
404, 3650, 433
404, 3660, 432
404, 3670, 434
404, 3680, 433
404, 3690, 433
404, 3700, 433
404, 3710, 433
404, 3720, 431
406, 3730, 432
406, 3740, 432
407, 3750, 431
407, 3760, 434
407, 3770, 436
409, 3780, 433
410, 3790, 436
410, 3800, 435
411, 3810, 437
412, 3820, 437
412, 3830, 438
415, 3840, 436
417, 3850, 441
417, 3860, 443
417, 3870, 444
418, 3880, 444
418, 3890, 444
420, 3900, 444
422, 3910, 446
423, 3920, 447
425, 3930, 447
425, 3940, 452
425, 3950, 450
425, 3960, 450
{'count': 3960, 'truepos': 54, 'falseneg': 5, 'unknownyes': 3, 'falsepos': 371, 'unique': 3960}
9: Wahono.csv: three: 0, 0
6, 10
7, 20, 99
8, 30, 100
10, 40, 94
14, 50, 94
17, 60, 84
17, 70, 71
17, 80, 52
19, 90, 45
22, 100, 50
24, 110, 56
26, 120, 54
27, 130, 57
29, 140, 56
32, 150, 56
35, 160, 52
38, 170, 69
44, 180, 65
45, 190, 86
46, 200, 79
46, 210, 77
46, 220, 76
46, 230, 71
46, 240, 70
47, 250, 68
49, 260, 63
50, 270, 67
53, 280, 69
54, 290, 73
57, 300, 75
58, 310, 77
58, 320, 80
60, 330, 78
60, 340, 76
62, 350, 84
65, 360, 92
65, 370, 109
65, 380, 101
65, 390, 96
67, 400, 98
67, 410, 99
67, 420, 95
67, 430, 91
68, 440, 90
70, 450, 93
70, 460, 97
71, 470, 95
71, 480, 101
71, 490, 93
71, 500, 95
71, 510, 90
71, 520, 86
71, 530, 89
71, 540, 89
72, 550, 88
73, 560, 88
73, 570, 94
73, 580, 86
73, 590, 92
73, 600, 89
73, 610, 89
73, 620, 89
73, 630, 88
73, 640, 87
73, 650, 87
74, 660, 86
75, 670, 88
75, 680, 90
75, 690, 86
75, 700, 89
75, 710, 87
76, 720, 88
76, 730, 87
76, 740, 87
76, 750, 89
78, 760, 85
79, 770, 88
79, 780, 90
80, 790, 90
81, 800, 89
82, 810, 90
83, 820, 92
85, 830, 94
86, 840, 97
86, 850, 97
87, 860, 97
88, 870, 101
90, 880, 98
91, 890, 102
92, 900, 104
92, 910, 105
92, 920, 102
93, 930, 104
93, 940, 105
93, 950, 105
94, 960, 104
94, 970, 105
94, 980, 106
94, 990, 104
95, 1000, 103
95, 1010, 104
96, 1020, 105
96, 1030, 104
96, 1040, 106
96, 1050, 106
97, 1060, 106
97, 1070, 106
97, 1080, 105
97, 1090, 105
97, 1100, 107
97, 1110, 107
98, 1120, 106
98, 1130, 108
98, 1140, 107
98, 1150, 106
99, 1160, 106
99, 1170, 107
99, 1180, 106
99, 1190, 105
99, 1200, 106
99, 1210, 106
100, 1220, 105
100, 1230, 107
100, 1240, 108
100, 1250, 106
100, 1260, 107
101, 1270, 107
101, 1280, 107
102, 1290, 107
102, 1300, 110
102, 1310, 110
102, 1320, 109
102, 1330, 108
103, 1340, 108
{'count': 2914, 'truepos': 57, 'falseneg': 3, 'unknownyes': 2, 'falsepos': 46, 'unique': 1340}
9: Wahono.csv: machine: 0, 0
6, 10
7, 20, 100
10, 30, 96
15, 40, 105
18, 50, 92
19, 60, 86
['yes' 'yes' 'yes' 'yes' 'no' 'no' 'yes' 'yes' 'yes' 'no']
['no' 'no']
16, 60, 86
18, 70, 66
18, 80, 63
21, 90, 48
25, 100, 59
29, 110, 66
['no' 'yes' 'yes' 'no' 'yes' 'yes' 'yes' 'yes' 'yes' 'yes']
[]
27, 110, 66
28, 120, 70
31, 130, 63
32, 140, 55
34, 150, 52
35, 160, 54
['yes' 'yes' 'no' 'no' 'yes' 'no' 'yes' 'yes' 'yes' 'yes']
['no' 'no' 'no' 'yes' 'no' 'no' 'no' 'no' 'no' 'no']
36, 160, 54
38, 170, 56
39, 180, 60
43, 190, 57
47, 200, 68
48, 210, 85
['yes' 'no' 'no' 'no' 'yes' 'yes' 'no' 'no' 'yes' 'yes']
['no' 'no' 'no' 'no' 'no' 'no' 'no' 'no' 'no' 'no']
46, 210, 85
49, 220, 69
52, 230, 72
54, 240, 70
58, 250, 75
60, 260, 85
['no' 'yes' 'no' 'yes' 'yes' 'yes' 'no' 'yes' 'no' 'no']
['no' 'no' 'no' 'no' 'no' 'no' 'no' 'no' 'no' 'no']
56, 260, 85
56, 270, 76
57, 280, 77
57, 290, 76
60, 300, 76
65, 310, 81
['no' 'yes' 'no' 'yes' 'yes' 'no' 'no' 'no' 'yes' 'no']
['yes' 'no' 'no' 'no' 'no' 'no' 'no' 'no' 'no' 'no']
59, 310, 81
59, 320, 78
60, 330, 74
61, 340, 75
61, 350, 84
62, 360, 76
['no' 'no' 'no' 'yes' 'yes' 'no' 'no' 'no' 'no' 'yes']
['no' 'no' 'no' 'no' 'no' 'no' 'no' 'no' 'no' 'no']
57, 360, 76
60, 370, 68
60, 380, 72
62, 390, 70
64, 400, 75
65, 410, 78
['no' 'yes' 'yes' 'no' 'no' 'no' 'yes' 'no' 'yes' 'no']
['no' 'no' 'no' 'no' 'no' 'no' 'no' 'no' 'no' 'no']
60, 410, 78
61, 420, 72
63, 430, 70
64, 440, 74
64, 450, 74
65, 460, 73
['no' 'yes' 'yes' 'yes' 'no' 'yes' 'yes' 'no' 'no' 'yes']
['no' 'no' 'no' 'no' 'no' 'no' 'no' 'no' 'no' 'no']
63, 460, 73
66, 470, 72
68, 480, 79
68, 490, 82
70, 500, 81
71, 510, 82
['yes' 'no' 'yes' 'no' 'no' 'no' 'no' 'no' 'no' 'no']
['no' 'no' 'no' 'no' 'no' 'no' 'no' 'no' 'no' 'no']
63, 510, 82
65, 520, 75
66, 530, 75
67, 540, 76
68, 550, 78
70, 560, 78
['no' 'no' 'no' 'yes' 'yes' 'no' 'no' 'no' 'yes' 'no']
['no' 'no' 'no' 'no' 'no' 'no' 'no' 'no' 'no' 'no']
63, 560, 78
65, 570, 75
65, 580, 80
65, 590, 74
65, 600, 79
65, 610, 74
['no' 'no' 'no' 'yes' 'no' 'yes' 'no']
['no' 'no' 'no' 'no' 'no' 'no' 'no' 'no' 'no' 'no']
60, 610, 74
60, 620, 70
60, 630, 68
61, 640, 69
62, 650, 71
63, 660, 72
['no' 'no' 'no']
['no' 'no' 'no' 'no' 'no' 'no' 'no' 'no' 'no' 'no']
61, 660, 72
66, 670, 71
68, 680, 77
70, 690, 82
70, 700, 93
71, 710, 89
['no' 'no' 'no' 'no' 'no' 'no' 'no' 'no' 'no' 'no']
['no' 'no' 'no' 'no' 'no' 'no' 'no' 'no' 'no' 'no']
63, 710, 89
64, 720, 74
65, 730, 77
66, 740, 76
69, 750, 80
72, 760, 89
['no' 'no' 'no' 'no' 'no' 'no' 'no' 'no' 'no' 'no']
['no' 'no' 'no' 'no' 'no' 'no' 'no' 'no' 'no' 'no']
64, 760, 89
65, 770, 72
65, 780, 74
65, 790, 75
67, 800, 75
67, 810, 78
['no' 'no' 'no' 'no' 'no' 'no' 'no']
['no' 'no' 'no' 'no' 'no' 'no' 'no' 'no' 'no' 'no']
61, 810, 78
64, 820, 69
66, 830, 73
68, 840, 77
69, 850, 80
70, 860, 81
['no' 'no' 'no' 'no' 'no' 'no' 'no' 'no' 'no' 'no']
['no' 'no' 'no' 'no' 'no' 'no' 'no' 'no' 'no' 'no']
61, 860, 81
62, 870, 69
63, 880, 69
63, 890, 73
64, 900, 72
66, 910, 73
['no' 'no' 'no' 'no' 'no']
['no' 'no' 'no' 'no' 'no' 'no' 'no' 'no' 'no' 'no']
61, 910, 73
61, 920, 68
64, 930, 68
65, 940, 72
66, 950, 74
66, 960, 75
['no' 'no' 'no' 'no' 'no']
['no' 'no' 'no' 'no' 'no' 'no' 'no' 'no' 'no' 'no']
67, 960, 75
68, 970, 74
68, 980, 76
69, 990, 76
70, 1000, 78
72, 1010, 79
['no' 'no' 'no' 'no' 'no' 'no' 'no' 'no']
['no' 'no' 'no' 'no' 'no' 'no' 'no' 'no' 'no' 'no']
67, 1010, 79
69, 1020, 75
70, 1030, 78
71, 1040, 78
72, 1050, 79
74, 1060, 82
['no' 'no' 'no' 'no' 'no' 'no' 'no' 'no' 'no']
['no' 'no' 'yes' 'no' 'no' 'no' 'no' 'no' 'no' 'no']
67, 1060, 82
68, 1070, 73
68, 1080, 75
70, 1090, 74
70, 1100, 78
74, 1110, 78
['no' 'no' 'no' 'no' 'no' 'no' 'no']
['no' 'no' 'no' 'no' 'no' 'no' 'no' 'no' 'no' 'no']
69, 1110, 78
71, 1120, 77
71, 1130, 80
73, 1140, 79
75, 1150, 83
75, 1160, 83
['no' 'no' 'no' 'no' 'no' 'no' 'no']
['no' 'no' 'no' 'no' 'no' 'no' 'no' 'no' 'no' 'no']
68, 1160, 83
68, 1170, 75
69, 1180, 75
69, 1190, 77
72, 1200, 75
72, 1210, 81
['no' 'yes' 'no' 'no']
['no' 'no' 'no' 'no' 'no' 'no' 'no' 'no' 'no' 'no']
69, 1210, 81
70, 1220, 74
72, 1230, 76
74, 1240, 80
76, 1250, 82
77, 1260, 84
['no' 'no' 'no' 'no' 'no' 'no' 'no' 'no']
['no' 'no' 'no' 'no' 'no' 'no' 'no' 'no' 'no' 'no']
73, 1260, 84
74, 1270, 79
77, 1280, 80
79, 1290, 84
79, 1300, 87
81, 1310, 86
['no' 'no' 'no' 'no' 'no' 'no' 'no' 'no' 'no' 'no']
['no' 'no' 'no' 'no' 'no' 'no' 'no' 'no' 'no' 'no']
73, 1310, 86
73, 1320, 78
73, 1330, 78
76, 1340, 78
78, 1350, 84
80, 1360, 87
['no' 'no' 'no' 'no' 'no' 'no' 'no' 'no']
['no' 'no' 'no' 'no' 'no' 'no' 'no' 'no' 'no' 'no']
73, 1360, 87
75, 1370, 78
75, 1380, 82
77, 1390, 81
79, 1400, 82
80, 1410, 85
['no' 'no' 'no' 'no' 'no' 'no' 'no']
['no' 'no' 'no' 'no' 'no' 'no' 'no' 'no' 'no' 'no']
74, 1410, 85
75, 1420, 79
75, 1430, 80
76, 1440, 79
77, 1450, 82
80, 1460, 83
['no' 'no' 'no' 'no' 'no' 'no' 'no']
['no' 'no' 'no' 'no' 'no' 'no' 'no' 'no' 'no' 'no']
['no' 'no' 'no' 'no' 'no' 'no' 'no']
['no' 'no' 'no' 'no' 'no' 'no' 'no' 'no' 'no' 'no']
{'count': 1974, 'truepos': 56, 'falseneg': 3, 'unknownyes': 3, 'falsepos': 17, 'unique': 1460}
9: Wahono.csv: machine2: 0, 0
7, 10
10, 20, 107
13, 30, 117
16, 40, 89
18, 50, 90
20, 60, 85
['yes' 'yes' 'yes' 'yes' 'yes' 'no' 'no' 'yes' 'yes' 'yes']
['yes']
19, 60, 85
21, 70, 84
23, 80, 81
27, 90, 67
28, 100, 67
32, 110, 58
['no' 'no' 'no' 'no' 'yes' 'yes' 'yes' 'no' 'yes' 'yes']
['no' 'no' 'no' 'no' 'no' 'no' 'yes' 'no' 'no' 'no']
28, 110, 58
28, 120, 62
28, 130, 51
31, 140, 48
33, 150, 51
36, 160, 61
['no' 'yes' 'yes' 'yes' 'yes' 'yes' 'no' 'yes' 'yes' 'yes']
['no' 'no' 'no' 'no' 'no' 'no' 'no' 'no' 'no' 'no']
39, 160, 61
41, 170, 73
44, 180, 73
45, 190, 77
45, 200, 81
47, 210, 76
['no' 'yes' 'yes' 'no' 'no' 'yes' 'yes' 'no' 'no' 'yes']
['no' 'no' 'no' 'no' 'no' 'no' 'no' 'no' 'no' 'no']
44, 210, 76
50, 220, 69
52, 230, 89
56, 240, 86
57, 250, 108
58, 260, 93
['no' 'yes' 'yes' 'no' 'yes' 'no' 'yes' 'no' 'yes' 'no']
['no' 'no' 'no' 'no' 'no' 'no' 'no' 'no' 'no' 'no']
55, 260, 93
57, 270, 82
57, 280, 89
58, 290, 93
58, 300, 90
60, 310, 89
['no' 'yes' 'yes' 'no' 'no' 'no' 'no' 'yes' 'no' 'yes']
['no' 'no' 'no' 'no' 'no' 'no' 'no' 'no' 'no' 'no']
54, 310, 89
55, 320, 71
57, 330, 76
57, 340, 76
59, 350, 74
59, 360, 76
['yes' 'yes' 'no' 'no' 'no' 'no' 'no' 'no' 'yes' 'yes']
['no' 'no' 'no' 'no' 'no' 'no' 'no' 'no' 'no' 'no']
54, 360, 76
55, 370, 69
57, 380, 67
57, 390, 71
58, 400, 72
58, 410, 74
['no' 'no' 'no' 'no' 'yes' 'no' 'yes' 'yes' 'yes' 'yes']
['no' 'no' 'no' 'no' 'no' 'no' 'no' 'no' 'no' 'no']
54, 410, 74
55, 420, 65
58, 430, 65
58, 440, 70
60, 450, 68
62, 460, 72
['no' 'no' 'no' 'no' 'yes' 'yes' 'no' 'yes' 'no' 'yes']
['no' 'no' 'no' 'no' 'no' 'no' 'no' 'no' 'no' 'no']
59, 460, 72
59, 470, 70
61, 480, 70
61, 490, 69
63, 500, 70
63, 510, 72
['no' 'yes' 'no' 'no' 'no' 'no' 'no' 'no' 'no' 'no']
['no' 'no' 'no' 'no' 'no' 'no' 'no' 'no' 'no' 'no']
57, 510, 72
58, 520, 65
59, 530, 65
60, 540, 66
61, 550, 68
62, 560, 68
['no' 'no' 'no' 'no' 'yes' 'no' 'no' 'no']
['no' 'no' 'no' 'no' 'no' 'no' 'no' 'no' 'no' 'no']
57, 560, 68
58, 570, 66
59, 580, 68
60, 590, 71
63, 600, 70
66, 610, 72
['no' 'no' 'no' 'no' 'yes' 'no' 'no' 'no' 'no' 'no']
['no' 'no' 'no' 'no' 'no' 'no' 'no' 'no' 'no' 'no']
59, 610, 72
60, 620, 68
61, 630, 67
61, 640, 70
63, 650, 69
63, 660, 70
['no' 'no' 'no' 'no' 'yes']
['no' 'no' 'no' 'no' 'no' 'no' 'no' 'no' 'no' 'no']
62, 660, 70
64, 670, 68
64, 680, 71
66, 690, 71
68, 700, 77
68, 710, 78
['yes' 'no' 'no' 'no' 'no' 'no' 'no' 'no' 'no']
['no' 'no' 'no' 'no' 'no' 'no' 'no' 'no' 'no' 'no']
64, 710, 78
66, 720, 73
67, 730, 78
67, 740, 77
67, 750, 75
68, 760, 75
['no' 'no' 'no' 'yes' 'no' 'no']
['no' 'no' 'no' 'no' 'no' 'no' 'no' 'no' 'no' 'no']
67, 760, 75
67, 770, 78
71, 780, 78
73, 790, 88
73, 800, 90
74, 810, 88
['no' 'no' 'no' 'no' 'no' 'no' 'no' 'yes' 'no' 'no']
['no' 'no' 'no' 'no' 'no' 'no' 'no' 'no' 'no' 'no']
65, 810, 88
67, 820, 73
68, 830, 75
69, 840, 77
69, 850, 77
69, 860, 75
['no' 'yes' 'no' 'no']
['no' 'yes' 'no' 'no' 'no' 'no' 'no' 'no' 'no' 'no']
69, 860, 75
70, 870, 77
70, 880, 78
70, 890, 78
72, 900, 78
73, 910, 82
['no' 'no' 'yes' 'no' 'no' 'no']
['no' 'no' 'no' 'no' 'no' 'no' 'no' 'no' 'no' 'no']
68, 910, 82
69, 920, 75
70, 930, 76
71, 940, 77
72, 950, 78
72, 960, 79
['no' 'no' 'no' 'yes']
['no' 'no' 'no' 'no' 'no' 'no' 'no' 'no' 'no' 'no']
69, 960, 79
70, 970, 76
73, 980, 78
74, 990, 81
74, 1000, 80
76, 1010, 82
['no' 'no' 'no' 'no' 'no' 'no' 'no']
['no' 'no' 'no' 'no' 'no' 'no' 'no' 'no' 'no' 'no']
73, 1010, 82
74, 1020, 80
74, 1030, 81
75, 1040, 80
77, 1050, 82
79, 1060, 86
['no' 'no' 'no' 'no' 'no' 'no' 'no']
['no' 'no' 'no' 'no' 'no' 'no' 'no' 'no' 'no' 'no']
74, 1060, 86
74, 1070, 80
76, 1080, 80
78, 1090, 82
79, 1100, 85
80, 1110, 85
['no' 'no' 'no' 'no' 'no' 'no']
['no' 'no' 'no' 'no' 'no' 'no' 'no' 'no' 'no' 'no']
78, 1110, 85
78, 1120, 87
80, 1130, 85
82, 1140, 86
82, 1150, 89
82, 1160, 87
['yes' 'no' 'no' 'no' 'no']
['no' 'no' 'no' 'no' 'no' 'no' 'no' 'no' 'no' 'no']
82, 1160, 87
82, 1170, 88
83, 1180, 88
84, 1190, 89
86, 1200, 89
88, 1210, 94
['no' 'no' 'no' 'no' 'no' 'no' 'no' 'no' 'no']
['no' 'no' 'no' 'no' 'no' 'no' 'no' 'no' 'no' 'no']
85, 1210, 94
86, 1220, 91
88, 1230, 92
89, 1240, 96
91, 1250, 97
92, 1260, 101
['no' 'no' 'no' 'no' 'no' 'no' 'no' 'no' 'no']
['no' 'no' 'no' 'no' 'no' 'no' 'no' 'no' 'no' 'no']
84, 1260, 101
85, 1270, 90
85, 1280, 91
86, 1290, 91
87, 1300, 91
92, 1310, 92
['no' 'no' 'no' 'yes' 'no' 'no' 'no' 'no' 'no']
['no' 'no' 'no' 'no' 'no' 'no' 'no' 'no' 'no' 'no']
['no' 'no' 'no' 'no' 'no' 'no' 'no' 'no' 'yes']
['no' 'no' 'no' 'no' 'no' 'no' 'no' 'no' 'no' 'no']
{'count': 1889, 'truepos': 60, 'falseneg': 0, 'unknownyes': 2, 'falsepos': 27, 'unique': 1310}
9: Wahono.csv: machine3: 0, 0
5, 10
5, 20, 99
9, 30, 93
9, 40, 89
10, 50, 59
13, 60, 50
null
[]
15, 70, 51
16, 80, 57
18, 90, 49
20, 100, 50
20, 110, 56
21, 120, 49
null
['no']
21, 120, 49
21, 130, 48
21, 140, 46
21, 150, 44
22, 160, 44
23, 170, 46
null
[]
25, 180, 47
26, 190, 50
26, 200, 52
26, 210, 50
26, 220, 50
26, 230, 49
null
[]
26, 240, 50
27, 250, 50
27, 260, 50
29, 270, 50
29, 280, 52
30, 290, 51
null
['no' 'no' 'no' 'no' 'no' 'no' 'yes' 'no' 'no' 'no']
31, 290, 51
31, 300, 46
32, 310, 43
33, 320, 43
37, 330, 52
38, 340, 61
null
['no' 'no' 'no' 'no' 'no' 'yes' 'no' 'no' 'no' 'yes']
40, 340, 61
40, 350, 64
42, 360, 62
43, 370, 67
44, 380, 73
45, 390, 69
null
['no' 'no' 'no' 'yes' 'no' 'no' 'no' 'no' 'no' 'no']
46, 390, 69
47, 400, 68
48, 410, 71
48, 420, 70
48, 430, 70
48, 440, 74
null
['no' 'no' 'no' 'no' 'no' 'no' 'no' 'no' 'no' 'no']
48, 440, 74
48, 450, 68
48, 460, 64
48, 470, 67
49, 480, 65
49, 490, 67
null
['no' 'no' 'no' 'yes' 'no' 'no' 'no' 'no' 'no' 'no']
49, 490, 67
49, 500, 65
49, 510, 65
50, 520, 62
50, 530, 63
50, 540, 65
null
['no' 'no' 'no' 'no' 'yes' 'no' 'no' 'no' 'no' 'no']
51, 540, 65
51, 550, 66
51, 560, 62
51, 570, 61
51, 580, 65
51, 590, 61
null
['no' 'no' 'no' 'no' 'no' 'no' 'no' 'no' 'no' 'yes']
52, 590, 61
52, 600, 66
52, 610, 61
52, 620, 64
52, 630, 64
53, 640, 60
null
['no' 'no' 'no' 'no' 'no' 'no' 'no' 'no' 'no' 'no']
53, 640, 60
53, 650, 64
53, 660, 61
53, 670, 62
53, 680, 61
53, 690, 61
null
['no' 'no' 'no' 'no' 'no' 'no' 'no' 'no' 'no' 'no']
53, 690, 61
53, 700, 61
53, 710, 62
53, 720, 60
53, 730, 61
53, 740, 61
null
['no' 'no' 'no' 'no' 'no' 'no' 'no' 'no' 'no' 'no']
53, 740, 61
53, 750, 62
54, 760, 59
54, 770, 60
54, 780, 60
54, 790, 60
null
['no' 'no' 'no' 'no' 'no' 'no' 'no' 'no' 'no' 'no']
54, 790, 60
54, 800, 61
54, 810, 60
54, 820, 59
54, 830, 59
55, 840, 60
null
['no' 'no' 'no' 'no' 'no' 'no' 'no' 'no' 'no' 'no']
56, 840, 60
56, 850, 63
56, 860, 62
56, 870, 62
56, 880, 63
56, 890, 62
null
['no' 'no' 'no' 'no' 'no' 'no' 'no' 'no' 'no' 'no']
57, 890, 62
57, 900, 62
57, 910, 62
57, 920, 63
57, 930, 61
57, 940, 62
null
['no' 'no' 'no' 'no' 'no' 'no' 'no' 'no' 'no' 'yes']
58, 940, 62
58, 950, 63
58, 960, 63
58, 970, 63
58, 980, 62
58, 990, 63
null
['no' 'no' 'no' 'no' 'no' 'no' 'no' 'no' 'no' 'no']
58, 990, 63
58, 1000, 62
58, 1010, 62
58, 1020, 63
58, 1030, 62
58, 1040, 62
null
['no' 'no' 'no' 'no' 'no' 'no' 'no' 'no' 'no' 'no']
58, 1040, 62
58, 1050, 62
58, 1060, 63
58, 1070, 62
58, 1080, 62
58, 1090, 62
null
['no' 'no' 'no' 'no' 'no' 'no' 'no' 'no' 'no' 'no']
58, 1090, 62
58, 1100, 62
58, 1110, 62
58, 1120, 62
58, 1130, 62
58, 1140, 62
null
['no' 'no' 'no' 'no' 'no' 'no' 'no' 'no' 'no' 'no']
58, 1140, 62
58, 1150, 62
59, 1160, 62
59, 1170, 63
59, 1180, 63
60, 1190, 63
null
['no' 'no' 'no' 'no' 'no' 'no' 'no' 'no' 'no' 'no']
null
['no' 'no' 'no' 'no' 'no' 'no' 'no' 'no' 'no' 'no']
{'count': 1554, 'truepos': 51, 'falseneg': 8, 'unknownyes': 3, 'falsepos': 10, 'unique': 1190}
9: Danijel.csv: none: 0, 0
4, 10
6, 20, 123
9, 30, 113
10, 40, 113
12, 50, 115
15, 60, 90
20, 70, 85
20, 80, 92
24, 90, 82
27, 100, 81
28, 110, 84
32, 120, 72
33, 130, 71
34, 140, 64
35, 150, 61
37, 160, 61
39, 170, 64
40, 180, 71
42, 190, 66
43, 200, 74
43, 210, 71
43, 220, 68
46, 230, 65
48, 240, 71
50, 250, 72
50, 260, 78
50, 270, 81
52, 280, 69
53, 290, 70
55, 300, 73
56, 310, 72
56, 320, 75
59, 330, 76
60, 340, 80
63, 350, 83
64, 360, 84
64, 370, 90
67, 380, 98
69, 390, 95
70, 400, 97
71, 410, 100
72, 420, 109
72, 430, 107
75, 440, 111
76, 450, 109
76, 460, 118
80, 470, 108
82, 480, 111
84, 490, 109
84, 500, 110
85, 510, 123
86, 520, 109
88, 530, 107
90, 540, 109
91, 550, 115
92, 560, 114
94, 570, 112
94, 580, 112
96, 590, 114
98, 600, 118
101, 610, 120
101, 620, 121
101, 630, 117
103, 640, 116
105, 650, 122
106, 660, 129
106, 670, 131
106, 680, 126
107, 690, 129
107, 700, 128
108, 710, 130
108, 720, 130
108, 730, 129
109, 740, 127
109, 750, 131
111, 760, 125
113, 770, 130
113, 780, 134
113, 790, 130
115, 800, 129
118, 810, 136
120, 820, 152
122, 830, 152
122, 840, 151
123, 850, 156
124, 860, 156
126, 870, 164
127, 880, 150
127, 890, 154
128, 900, 152
130, 910, 156
131, 920, 165
131, 930, 168
132, 940, 159
132, 950, 158
132, 960, 160
133, 970, 158
134, 980, 157
136, 990, 157
136, 1000, 167
138, 1010, 171
138, 1020, 171
139, 1030, 174
139, 1040, 175
141, 1050, 169
141, 1060, 170
144, 1070, 168
145, 1080, 173
148, 1090, 182
148, 1100, 178
150, 1110, 177
151, 1120, 179
151, 1130, 179
152, 1140, 176
152, 1150, 179
154, 1160, 184
155, 1170, 182
155, 1180, 185
156, 1190, 178
157, 1200, 185
157, 1210, 181
157, 1220, 180
159, 1230, 182
159, 1240, 180
159, 1250, 181
161, 1260, 183
161, 1270, 186
162, 1280, 183
162, 1290, 191
163, 1300, 191
164, 1310, 188
164, 1320, 188
166, 1330, 192
166, 1340, 191
167, 1350, 197
169, 1360, 195
171, 1370, 197
173, 1380, 198
175, 1390, 196
175, 1400, 201
176, 1410, 201
177, 1420, 200
178, 1430, 204
178, 1440, 199
178, 1450, 203
180, 1460, 202
182, 1470, 205
185, 1480, 207
185, 1490, 212
187, 1500, 211
188, 1510, 212
188, 1520, 217
191, 1530, 211
193, 1540, 216
194, 1550, 221
195, 1560, 222
197, 1570, 225
197, 1580, 230
197, 1590, 226
197, 1600, 224
198, 1610, 222
199, 1620, 223
200, 1630, 228
201, 1640, 226
201, 1650, 226
201, 1660, 225
202, 1670, 226
203, 1680, 227
203, 1690, 228
204, 1700, 233
205, 1710, 227
207, 1720, 226
210, 1730, 232
214, 1740, 237
215, 1750, 246
215, 1760, 249
215, 1770, 247
215, 1780, 243
216, 1790, 244
216, 1800, 244
217, 1810, 245
217, 1820, 250
218, 1830, 247
219, 1840, 248
220, 1850, 249
221, 1860, 250
223, 1870, 253
223, 1880, 257
224, 1890, 259
224, 1900, 256
225, 1910, 255
227, 1920, 256
228, 1930, 259
229, 1940, 261
229, 1950, 257
231, 1960, 258
233, 1970, 263
235, 1980, 266
235, 1990, 262
236, 2000, 262
238, 2010, 266
238, 2020, 266
240, 2030, 267
241, 2040, 276
242, 2050, 276
243, 2060, 274
244, 2070, 271
245, 2080, 272
245, 2090, 278
246, 2100, 275
247, 2110, 278
248, 2120, 276
250, 2130, 278
251, 2140, 281
251, 2150, 284
253, 2160, 282
254, 2170, 285
256, 2180, 287
257, 2190, 285
259, 2200, 288
260, 2210, 287
260, 2220, 289
261, 2230, 290
261, 2240, 292
262, 2250, 291
265, 2260, 288
267, 2270, 296
267, 2280, 297
269, 2290, 299
270, 2300, 304
272, 2310, 300
272, 2320, 302
274, 2330, 302
274, 2340, 307
274, 2350, 305
275, 2360, 305
276, 2370, 304
277, 2380, 307
279, 2390, 307
281, 2400, 311
281, 2410, 317
282, 2420, 312
282, 2430, 314
283, 2440, 311
283, 2450, 309
285, 2460, 313
286, 2470, 315
289, 2480, 314
291, 2490, 319
292, 2500, 320
294, 2510, 324
295, 2520, 322
296, 2530, 323
297, 2540, 323
298, 2550, 328
298, 2560, 327
300, 2570, 326
300, 2580, 326
301, 2590, 328
303, 2600, 328
304, 2610, 328
304, 2620, 330
304, 2630, 329
304, 2640, 329
306, 2650, 329
310, 2660, 331
310, 2670, 340
311, 2680, 337
313, 2690, 337
314, 2700, 337
314, 2710, 341
314, 2720, 340
315, 2730, 339
315, 2740, 340
316, 2750, 339
316, 2760, 340
318, 2770, 339
318, 2780, 341
319, 2790, 340
320, 2800, 342
320, 2810, 340
323, 2820, 341
325, 2830, 345
326, 2840, 346
327, 2850, 346
329, 2860, 348
330, 2870, 350
330, 2880, 353
331, 2890, 352
332, 2900, 351
332, 2910, 354
332, 2920, 352
333, 2930, 353
334, 2940, 354
335, 2950, 356
335, 2960, 354
336, 2970, 356
338, 2980, 356
339, 2990, 360
340, 3000, 359
340, 3010, 361
341, 3020, 362
344, 3030, 363
345, 3040, 364
346, 3050, 365
347, 3060, 368
348, 3070, 367
348, 3080, 367
350, 3090, 367
352, 3100, 369
353, 3110, 373
355, 3120, 372
{'count': 3120, 'truepos': 43, 'falseneg': 4, 'unknownyes': 1, 'falsepos': 312, 'unique': 3120}
9: Danijel.csv: three: 0, 0
4, 10
7, 20, 110
9, 30, 105
11, 40, 106
12, 50, 100
17, 60, 84
20, 70, 83
27, 80, 83
27, 90, 109
27, 100, 85
27, 110, 71
27, 120, 61
30, 130, 57
32, 140, 51
33, 150, 52
36, 160, 53
37, 170, 57
39, 180, 55
40, 190, 59
44, 200, 57
45, 210, 64
46, 220, 60
46, 230, 62
46, 240, 62
46, 250, 59
46, 260, 60
46, 270, 59
46, 280, 57
48, 290, 58
49, 300, 60
49, 310, 60
50, 320, 59
52, 330, 61
52, 340, 62
52, 350, 64
53, 360, 61
53, 370, 61
53, 380, 60
53, 390, 60
53, 400, 62
53, 410, 60
54, 420, 61
54, 430, 62
55, 440, 62
57, 450, 61
58, 460, 65
58, 470, 66
58, 480, 65
58, 490, 64
59, 500, 64
60, 510, 67
61, 520, 67
61, 530, 69
61, 540, 69
62, 550, 68
62, 560, 67
62, 570, 68
62, 580, 67
62, 590, 67
63, 600, 67
63, 610, 68
64, 620, 68
65, 630, 69
65, 640, 70
66, 650, 71
67, 660, 71
69, 670, 73
70, 680, 76
70, 690, 78
70, 700, 76
71, 710, 77
72, 720, 77
72, 730, 78
73, 740, 77
73, 750, 78
73, 760, 78
73, 770, 78
73, 780, 77
73, 790, 78
74, 800, 77
75, 810, 79
75, 820, 80
75, 830, 80
75, 840, 80
77, 850, 80
77, 860, 84
77, 870, 82
{'count': 1904, 'truepos': 45, 'falseneg': 0, 'unknownyes': 3, 'falsepos': 32, 'unique': 870}
9: Danijel.csv: machine: 0, 0
3, 10
4, 20, 121
5, 30, 102
8, 40, 90
11, 50, 90
13, 60, 84
['yes' 'yes' 'yes' 'no' 'yes' 'yes' 'yes' 'yes' 'yes' 'yes']
[]
11, 60, 84
17, 70, 81
19, 80, 113
20, 90, 90
24, 100, 73
25, 110, 74
['yes' 'no' 'no' 'no' 'yes' 'yes' 'yes' 'yes' 'no' 'yes']
[]
21, 110, 74
22, 120, 59
27, 130, 57
31, 140, 68
32, 150, 54
35, 160, 51
['no' 'yes' 'yes' 'yes' 'yes' 'no' 'yes' 'yes' 'no' 'no']
['no' 'no' 'no' 'no' 'no' 'no' 'no' 'no' 'no' 'no']
33, 160, 51
35, 170, 52
35, 180, 52
36, 190, 51
37, 200, 50
37, 210, 52
['yes' 'yes' 'yes' 'no' 'yes' 'yes' 'yes' 'no' 'yes' 'yes']
['no' 'no' 'no' 'no' 'no' 'no' 'no' 'no' 'no' 'no']
36, 210, 52
39, 220, 47
40, 230, 52
42, 240, 53
43, 250, 58
44, 260, 58
['no' 'no' 'no' 'yes' 'no' 'no' 'no' 'no' 'no' 'no']
['no' 'no' 'no' 'no' 'no' 'no' 'no' 'no' 'no' 'no']
35, 260, 58
38, 270, 44
38, 280, 48
43, 290, 46
46, 300, 54
46, 310, 59
['no' 'no' 'no' 'yes' 'no' 'no' 'yes' 'no' 'no' 'no']
['yes' 'no' 'no' 'no' 'no' 'no' 'no' 'no' 'no' 'no']
39, 310, 59
40, 320, 46
41, 330, 48
43, 340, 49
44, 350, 54
46, 360, 55
['no' 'no' 'yes' 'no' 'no' 'no' 'no' 'no' 'no' 'no']
['no' 'no' 'no' 'no' 'no' 'no' 'no' 'no' 'no' 'no']
40, 360, 55
40, 370, 48
41, 380, 47
42, 390, 49
42, 400, 49
44, 410, 49
['no' 'no' 'no' 'no' 'no' 'no' 'yes' 'no' 'yes']
['no' 'no' 'no' 'no' 'no' 'no' 'no' 'no' 'no' 'no']
37, 410, 49
38, 420, 45
39, 430, 47
40, 440, 48
40, 450, 50
42, 460, 50
['no' 'no' 'no' 'no' 'no']
['yes' 'no' 'no' 'no' 'no' 'no' 'no' 'no' 'no' 'no']
40, 460, 50
40, 470, 48
42, 480, 46
43, 490, 51
44, 500, 52
44, 510, 50
['no' 'no' 'no' 'yes' 'no' 'no']
['no' 'no' 'no' 'no' 'no' 'no' 'no' 'no' 'no' 'no']
40, 510, 50
42, 520, 45
44, 530, 49
47, 540, 53
49, 550, 55
49, 560, 58
['no' 'yes' 'no' 'no' 'no' 'no' 'no' 'no' 'no']
['no' 'no' 'no' 'no' 'no' 'yes' 'no' 'no' 'no' 'no']
47, 560, 58
49, 570, 54
51, 580, 56
51, 590, 59
53, 600, 59
54, 610, 59
['yes' 'no' 'yes' 'no' 'no' 'no' 'yes' 'no' 'no' 'no']
['no' 'no' 'no' 'no' 'yes' 'no' 'no' 'no' 'no' 'no']
49, 610, 59
50, 620, 55
51, 630, 55
51, 640, 55
51, 650, 56
52, 660, 56
['no' 'no' 'no' 'yes']
['no' 'no' 'no' 'yes' 'no' 'no' 'no' 'no' 'no' 'no']
51, 660, 56
52, 670, 57
55, 680, 56
57, 690, 60
57, 700, 62
57, 710, 65
['yes' 'no' 'no' 'no' 'no' 'no' 'yes' 'no']
['no' 'no' 'no' 'no' 'no' 'no' 'no' 'no' 'yes' 'no']
53, 710, 65
54, 720, 58
54, 730, 58
56, 740, 57
57, 750, 61
58, 760, 63
['no' 'yes' 'no' 'no' 'no' 'no']
['no' 'no' 'no' 'no' 'no' 'no' 'no' 'no' 'no' 'no']
54, 760, 63
55, 770, 58
56, 780, 59
57, 790, 60
59, 800, 61
61, 810, 63
['no' 'no' 'no' 'no' 'no' 'no' 'no' 'no']
['no' 'no' 'no' 'no' 'no' 'no' 'no' 'no' 'no' 'no']
['no' 'no' 'no' 'no' 'no' 'no' 'no' 'no']
['no' 'no' 'no' 'no' 'no' 'no' 'no' 'no' 'no' 'no']
{'count': 1085, 'truepos': 43, 'falseneg': 2, 'unknownyes': 3, 'falsepos': 10, 'unique': 810}
9: Danijel.csv: machine2: 0, 0
4, 10
5, 20, 120
6, 30, 110
10, 40, 102
15, 50, 110
20, 60, 95
['no' 'no' 'yes' 'yes' 'yes' 'no' 'no' 'yes' 'yes' 'yes']
['no']
18, 60, 95
23, 70, 98
24, 80, 93
28, 90, 88
33, 100, 98
36, 110, 71
['yes' 'yes' 'no' 'yes' 'yes' 'yes' 'yes' 'yes' 'yes' 'yes']
['no' 'no' 'no' 'yes' 'no' 'no' 'no' 'no' 'no' 'no']
37, 110, 71
39, 120, 77
41, 130, 67
43, 140, 69
47, 150, 70
47, 160, 74
['no' 'yes' 'yes' 'yes' 'no' 'no' 'no' 'no' 'yes' 'no']
['no' 'no' 'no' 'no' 'no' 'no' 'no' 'no' 'no' 'no']
42, 160, 74
42, 170, 64
43, 180, 58
44, 190, 58
45, 200, 58
47, 210, 56
['no' 'yes' 'yes' 'no' 'no' 'yes' 'yes' 'no' 'no' 'no']
['no' 'no' 'no' 'no' 'no' 'no' 'no' 'no' 'no' 'no']
42, 210, 56
43, 220, 54
44, 230, 56
45, 240, 58
45, 250, 57
47, 260, 55
['no' 'no' 'no' 'yes' 'no' 'no' 'no' 'no' 'yes' 'yes']
['no' 'no' 'no' 'no' 'no' 'no' 'no' 'no' 'no' 'no']
43, 260, 55
44, 270, 52
46, 280, 54
47, 290, 56
49, 300, 61
50, 310, 63
['no' 'no' 'yes' 'no' 'yes' 'no' 'no' 'no' 'yes' 'yes']
['no' 'no' 'no' 'no' 'no' 'no' 'no' 'no' 'no' 'no']
47, 310, 63
47, 320, 62
49, 330, 58
52, 340, 59
55, 350, 67
57, 360, 69
['no' 'no' 'no' 'no' 'no' 'no' 'yes' 'no' 'no' 'no']
['no' 'no' 'no' 'no' 'no' 'no' 'no' 'no' 'no' 'no']
51, 360, 69
53, 370, 60
55, 380, 65
55, 390, 70
56, 400, 69
56, 410, 69
['no' 'no' 'yes' 'no' 'no' 'yes' 'yes' 'no' 'yes' 'yes']
['no' 'no' 'no' 'no' 'no' 'no' 'no' 'no' 'no' 'no']
52, 410, 69
54, 420, 63
57, 430, 65
59, 440, 70
59, 450, 73
60, 460, 70
['no' 'no' 'yes' 'no' 'no' 'no' 'yes' 'no' 'no' 'no']
['no' 'no' 'no' 'no' 'no' 'no' 'no' 'no' 'no' 'no']
55, 460, 70
55, 470, 68
55, 480, 68
56, 490, 68
57, 500, 64
59, 510, 65
['yes' 'no' 'no' 'no' 'no' 'no' 'yes' 'yes' 'no']
['no' 'no' 'no' 'no' 'no' 'no' 'no' 'no' 'no' 'no']
54, 510, 65
56, 520, 66
59, 530, 70
60, 540, 77
60, 550, 77
61, 560, 77
['no' 'no' 'no' 'no' 'no' 'no' 'no']
['no' 'yes' 'no' 'no' 'no' 'no' 'no' 'yes' 'no' 'no']
61, 560, 77
65, 570, 71
65, 580, 75
66, 590, 76
68, 600, 80
68, 610, 85
['no' 'no' 'no' 'yes' 'no' 'no' 'no' 'no' 'no' 'no']
['no' 'no' 'no' 'no' 'no' 'no' 'no' 'no' 'no' 'no']
61, 610, 85
63, 620, 70
63, 630, 72
66, 640, 73
66, 650, 79
68, 660, 78
['no' 'no' 'no' 'no' 'no' 'no' 'no' 'no' 'no' 'no']
['no' 'no' 'no' 'no' 'no' 'no' 'no' 'no' 'no' 'no']
61, 660, 78
63, 670, 68
65, 680, 73
66, 690, 71
67, 700, 73
69, 710, 75
['no' 'yes' 'no' 'yes' 'no' 'no' 'no' 'no' 'no' 'no']
['no' 'no' 'no' 'no' 'no' 'no' 'no' 'no' 'no' 'no']
64, 710, 75
65, 720, 72
65, 730, 72
68, 740, 71
69, 750, 76
71, 760, 77
['no' 'no' 'no' 'no' 'no' 'no' 'no' 'no' 'no']
['no' 'no' 'no' 'no' 'no' 'no' 'no' 'no' 'no' 'no']
62, 760, 77
62, 770, 68
63, 780, 68
63, 790, 67
64, 800, 69
65, 810, 69
['no' 'no' 'no']
['no' 'no' 'no' 'no' 'no' 'no' 'no' 'no' 'no' 'no']
62, 810, 69
63, 820, 67
63, 830, 67
65, 840, 69
66, 850, 71
66, 860, 72
['no' 'no' 'no' 'no']
['no' 'no' 'no' 'no' 'no' 'no' 'no' 'no' 'no' 'no']
65, 860, 72
66, 870, 69
67, 880, 70
68, 890, 73
68, 900, 73
69, 910, 73
['no' 'no' 'no' 'yes' 'no' 'no']
['no' 'no' 'no' 'no' 'no' 'no' 'no' 'no' 'no' 'no']
65, 910, 73
65, 920, 69
['no']
['no' 'no' 'no' 'no' 'no' 'no' 'no' 'no' 'no' 'no']
{'count': 1349, 'truepos': 45, 'falseneg': 1, 'unknownyes': 2, 'falsepos': 20, 'unique': 920}
9: Danijel.csv: machine3: 0, 0
4, 10
5, 20, 117
6, 30, 103
8, 40, 100
9, 50, 91
11, 60, 72
null
[]
13, 70, 71
13, 80, 64
17, 90, 52
22, 100, 58
22, 110, 71
23, 120, 58
null
[]
23, 130, 54
24, 140, 48
25, 150, 49
27, 160, 46
29, 170, 48
31, 180, 48
null
['no' 'no' 'yes' 'no' 'no' 'no' 'no' 'no' 'no' 'no']
32, 180, 48
35, 190, 49
36, 200, 53
36, 210, 56
36, 220, 50
36, 230, 51
null
['no' 'no' 'no' 'no' 'no' 'no' 'no' 'no' 'no' 'no']
36, 230, 51
36, 240, 49
36, 250, 47
36, 260, 47
38, 270, 46
39, 280, 48
null
['no' 'no' 'no' 'no' 'no' 'no' 'no' 'no' 'no' 'no']
39, 280, 48
40, 290, 49
40, 300, 52
40, 310, 51
40, 320, 53
40, 330, 52
null
['no' 'no' 'no' 'no' 'no' 'no' 'no' 'no' 'no' 'no']
40, 330, 52
40, 340, 48
40, 350, 51
40, 360, 47
41, 370, 48
41, 380, 50
null
['no' 'no' 'no' 'no' 'no' 'no' 'no' 'no' 'yes' 'no']
42, 380, 50
43, 390, 49
43, 400, 50
43, 410, 50
44, 420, 50
45, 430, 52
null
['no' 'no' 'no' 'no' 'no' 'no' 'no' 'no' 'no' 'no']
45, 430, 52
45, 440, 57
45, 450, 55
45, 460, 55
46, 470, 54
46, 480, 58
null
['no' 'no' 'no' 'no' 'no' 'no' 'no' 'no' 'no' 'no']
46, 480, 58
47, 490, 54
47, 500, 54
47, 510, 54
48, 520, 56
48, 530, 57
null
['no' 'no' 'no' 'no' 'no' 'no' 'no' 'no' 'no' 'no']
49, 530, 57
49, 540, 62
50, 550, 60
51, 560, 61
51, 570, 59
51, 580, 60
null
['no' 'no' 'no' 'no' 'no' 'no' 'no' 'no' 'no' 'no']
51, 580, 60
52, 590, 59
52, 600, 62
52, 610, 60
52, 620, 59
52, 630, 61
null
['no' 'no' 'no' 'no' 'no' 'no' 'no' 'no' 'no' 'no']
52, 630, 61
52, 640, 60
52, 650, 59
52, 660, 61
52, 670, 60
52, 680, 60
null
['no' 'no' 'no' 'no' 'no' 'no' 'no' 'no' 'no' 'no']
52, 680, 60
52, 690, 59
53, 700, 60
53, 710, 61
53, 720, 60
53, 730, 63
null
['no' 'no' 'no' 'no' 'no' 'no' 'no' 'no' 'no' 'no']
53, 730, 63
53, 740, 60
53, 750, 60
53, 760, 59
53, 770, 59
53, 780, 61
null
['no' 'no' 'no' 'no' 'no' 'no' 'no' 'no' 'no' 'no']
53, 780, 61
53, 790, 60
53, 800, 58
53, 810, 58
53, 820, 59
53, 830, 59
null
['yes' 'no' 'no' 'no' 'no' 'no' 'no' 'no' 'no' 'no']
54, 830, 59
54, 840, 60
54, 850, 60
54, 860, 59
54, 870, 61
54, 880, 59
null
['no' 'no' 'no' 'no' 'no' 'no' 'no' 'no' 'no' 'no']
54, 880, 59
54, 890, 59
54, 900, 57
54, 910, 58
54, 920, 59
54, 930, 59
null
['no' 'no' 'no' 'no' 'no' 'no' 'no' 'no' 'no' 'no']
55, 930, 59
55, 940, 60
55, 950, 60
55, 960, 59
55, 970, 59
55, 980, 59
null
['no' 'no' 'no' 'no' 'no' 'no' 'no' 'no' 'no' 'no']
55, 980, 59
55, 990, 58
55, 1000, 59
55, 1010, 59
55, 1020, 58
55, 1030, 59
null
['no' 'no' 'no' 'no' 'no' 'no' 'no' 'no' 'no' 'no']
55, 1030, 59
null
['no' 'no' 'no' 'no' 'no' 'no' 'no' 'no' 'no' 'no']
{'count': 1389, 'truepos': 44, 'falseneg': 1, 'unknownyes': 3, 'falsepos': 11, 'unique': 1030}
9: K_all3.csv: none: 0, 0
1, 10
2, 20, 91
4, 30, 65
7, 40, 59
9, 50, 63
12, 60, 59
17, 70, 57
19, 80, 64
22, 90, 63
24, 100, 64
26, 110, 65
28, 120, 64
29, 130, 63
30, 140, 61
31, 150, 43
31, 160, 44
32, 170, 43
33, 180, 42
36, 190, 41
36, 200, 51
37, 210, 46
37, 220, 47
40, 230, 45
42, 240, 49
43, 250, 51
45, 260, 57
45, 270, 56
45, 280, 54
46, 290, 51
48, 300, 54
49, 310, 56
50, 320, 58
52, 330, 57
54, 340, 58
55, 350, 60
55, 360, 62
59, 370, 59
62, 380, 65
64, 390, 66
64, 400, 68
{'count': 400, 'truepos': 29, 'falseneg': 4, 'unknownyes': 12, 'falsepos': 35, 'unique': 400}
9: K_all3.csv: three: 0, 0
1, 10
2, 20, 92
4, 30, 63
8, 40, 58
9, 50, 58
11, 60, 55
14, 70, 53
16, 80, 53
19, 90, 52
21, 100, 52
21, 110, 49
22, 120, 45
23, 130, 45
23, 140, 45
25, 150, 44
25, 160, 46
25, 170, 45
27, 180, 44
27, 190, 46
28, 200, 46
29, 210, 46
29, 220, 46
30, 230, 45
30, 240, 46
34, 250, 43
34, 260, 48
34, 270, 49
34, 280, 46
35, 290, 45
36, 300, 45
36, 310, 44
36, 320, 45
36, 330, 40
37, 340, 42
37, 350, 43
37, 360, 43
37, 370, 43
38, 380, 42
39, 390, 42
39, 400, 44
40, 410, 42
42, 420, 45
42, 430, 45
43, 440, 46
44, 450, 47
46, 460, 47
47, 470, 49
{'count': 1047, 'truepos': 33, 'falseneg': 1, 'unknownyes': 11, 'falsepos': 14, 'unique': 470}
9: K_all3.csv: machine: 0, 0
1, 10
3, 20, 92
5, 30, 64
6, 40, 62
6, 50, 57
11, 60, 48
['no' 'no' 'yes' 'yes' 'no' 'yes' 'yes' 'no' 'no' 'yes']
['no']
6, 60, 48
10, 70, 52
14, 80, 57
15, 90, 59
16, 100, 55
18, 110, 52
['no' 'no' 'no' 'yes' 'yes' 'yes' 'yes' 'no' 'yes' 'yes']
[]
14, 110, 52
16, 120, 52
17, 130, 51
18, 140, 50
21, 150, 48
23, 160, 53
['yes' 'yes' 'yes' 'yes' 'no' 'no' 'yes' 'no' 'yes' 'yes']
[]
20, 160, 53
25, 170, 53
28, 180, 59
29, 190, 59
31, 200, 56
32, 210, 46
['no' 'no' 'yes' 'yes' 'yes' 'no' 'yes' 'no' 'yes' 'no']
['no' 'no' 'no' 'no' 'no' 'no' 'no' 'no' 'no' 'no']
28, 210, 46
29, 220, 55
31, 230, 54
33, 240, 45
34, 250, 46
36, 260, 48
['no' 'no' 'yes' 'no' 'no' 'no' 'no' 'yes' 'yes' 'no']
['no' 'no' 'no' 'no' 'no' 'no' 'no' 'no' 'no' 'no']
29, 260, 48
30, 270, 52
30, 280, 39
30, 290, 36
31, 300, 36
33, 310, 37
['no' 'no' 'no' 'yes' 'no' 'no' 'no']
['no' 'no' 'no' 'no' 'no' 'no' 'no' 'no' 'no' 'no']
28, 310, 37
28, 320, 51
29, 330, 48
31, 340, 48
32, 350, 36
33, 360, 36
['no' 'no' 'no' 'yes' 'yes' 'no']
['no' 'yes' 'no' 'no' 'no' 'no' 'no' 'no' 'no' 'no']
32, 360, 36
33, 370, 37
35, 380, 36
36, 390, 40
37, 400, 39
37, 410, 41
['no' 'no' 'no' 'no' 'no' 'yes' 'yes']
['no' 'no' 'no' 'no' 'no' 'no' 'no' 'no' 'no' 'no']
35, 410, 41
35, 420, 38
36, 430, 37
36, 440, 38
37, 450, 38
37, 460, 39
['no' 'no']
['no' 'no' 'no' 'no' 'no' 'no' 'no' 'no' 'no' 'no']
35, 460, 39
38, 470, 37
40, 480, 41
41, 490, 44
42, 500, 45
45, 510, 45
['no' 'no' 'no' 'no' 'no' 'yes' 'yes' 'no' 'no' 'no']
['no' 'no' 'no' 'no' 'no' 'no' 'no' 'no' 'no' 'no']
['no' 'no' 'no' 'no' 'no' 'yes' 'no' 'yes' 'no' 'no']
['no' 'no' 'no' 'no' 'no' 'no' 'no' 'no' 'no' 'no']
{'count': 663, 'truepos': 32, 'falseneg': 4, 'unknownyes': 9, 'falsepos': 7, 'unique': 510}
9: K_all3.csv: machine2: 0, 0
3, 10
5, 20, 77
7, 30, 71
10, 40, 69
15, 50, 66
17, 60, 67
['yes' 'yes' 'yes' 'yes' 'yes' 'no' 'yes' 'yes' 'yes' 'yes']
[]
16, 60, 67
17, 70, 63
19, 80, 62
19, 90, 62
21, 100, 53
24, 110, 51
['yes' 'yes' 'no' 'yes' 'no' 'no' 'no' 'yes' 'yes' 'no']
[]
20, 110, 51
21, 120, 45
21, 130, 44
23, 140, 42
24, 150, 44
26, 160, 44
['no' 'no' 'no' 'yes' 'yes' 'no' 'yes' 'yes' 'no' 'yes']
['no']
23, 160, 44
25, 170, 42
26, 180, 44
29, 190, 44
29, 200, 47
29, 210, 45
['no' 'no' 'no' 'yes' 'yes' 'yes' 'yes' 'yes']
['no']
28, 210, 45
29, 220, 44
31, 230, 44
32, 240, 41
33, 250, 44
34, 260, 43
['no' 'yes' 'no' 'no' 'no' 'yes']
['no' 'no' 'no' 'no' 'no' 'no' 'no' 'no' 'no' 'no']
32, 260, 43
33, 270, 38
34, 280, 43
36, 290, 42
37, 300, 44
38, 310, 43
['no' 'no' 'yes' 'no' 'no' 'no' 'no']
['no' 'no' 'no' 'no' 'no' 'no' 'no' 'no' 'no' 'yes']
36, 310, 43
36, 320, 42
38, 330, 43
38, 340, 48
39, 350, 45
39, 360, 46
['no' 'no' 'yes' 'no' 'no']
['no' 'no' 'no' 'no' 'no' 'no' 'no' 'no' 'no' 'no']
35, 360, 46
36, 370, 39
36, 380, 39
37, 390, 39
37, 400, 40
39, 410, 39
['no' 'yes' 'yes' 'no']
['no' 'no' 'no' 'no' 'no' 'no' 'no' 'no' 'no' 'no']
['yes' 'no' 'no' 'yes']
['no' 'no' 'no' 'no' 'no' 'no' 'no' 'no' 'no' 'no']
{'count': 536, 'truepos': 30, 'falseneg': 5, 'unknownyes': 10, 'falsepos': 11, 'unique': 410}
9: K_all3.csv: machine3: 0, 0
0, 10
1, 20
2, 30, 103
3, 40, 65
4, 50, 58
5, 60, 47
5, 70, 43
null
[]
6, 80, 40
10, 90, 40
13, 100, 44
15, 110, 49
15, 120, 50
17, 130, 44
null
['yes' 'no']
18, 130, 44
19, 140, 46
19, 150, 45
19, 160, 43
19, 170, 42
19, 180, 41
null
['no']
19, 180, 41
19, 190, 40
20, 200, 40
20, 210, 40
20, 220, 40
20, 230, 39
null
['no']
20, 230, 39
20, 240, 39
20, 250, 39
20, 260, 39
21, 270, 39
21, 280, 39
null
[]
21, 290, 39
23, 300, 39
24, 310, 41
25, 320, 41
25, 330, 42
26, 340, 42
null
[]
26, 350, 42
26, 360, 42
26, 370, 42
26, 380, 41
26, 390, 41
26, 400, 41
null
[]
27, 410, 41
27, 420, 42
27, 430, 42
28, 440, 41
28, 450, 42
28, 460, 42
null
[]
28, 470, 42
29, 480, 42
29, 490, 42
30, 500, 42
30, 510, 32
30, 520, 32
null
['no' 'no' 'no' 'no' 'no' 'no' 'no' 'no' 'no' 'no']
31, 520, 32
31, 530, 34
31, 540, 33
31, 550, 33
31, 560, 33
null
['no' 'no' 'no' 'no' 'no' 'no' 'no' 'no' 'no' 'no']
{'count': 662, 'truepos': 26, 'falseneg': 9, 'unknownyes': 10, 'falsepos': 5, 'unique': 560}

------------------------------------------------------------
Sender: LSF System <lsfadmin@n2b2-5>
Subject: Job 266949: </share/tjmenzie/zyu9/miniconda2/bin/python2.7 runner.py error_hpcc 9> Done

Job </share/tjmenzie/zyu9/miniconda2/bin/python2.7 runner.py error_hpcc 9> was submitted from host <login01.hpc.ncsu.edu> by user <zyu9> in cluster <henry2>.
Job was executed on host(s) <2*n2b2-5>, in queue <single_chassis>, as user <zyu9> in cluster <henry2>.
</home/zyu9> was used as the home directory.
</home/zyu9/projects/MAR_HPC/Error/src> was used as the working directory.
Started at Tue Oct 17 11:28:46 2017
Results reported at Tue Oct 17 20:50:44 2017

Your job looked like:

------------------------------------------------------------
# LSBATCH: User input
/share/tjmenzie/zyu9/miniconda2/bin/python2.7 runner.py error_hpcc 9
------------------------------------------------------------

Successfully completed.

Resource usage summary:

    CPU time   :  36293.08 sec.
    Max Memory :       195 MB
    Max Swap   :      1211 MB

    Max Processes  :         3
    Max Threads    :         8

The output (if any) is above this job summary.



PS:

Read file <./err/9.err.266949> for stderr output of this job.

